100
774
1 19
1 26
1 44
1 60
2 7
2 19
2 24
2 41
2 55
2 96
3 29
3 54
3 73
3 86
3 97
4 11
4 25
4 29
4 47
4 75
4 77
4 79
4 83
4 89
5 18
5 24
5 35
5 43
5 46
5 48
5 66
5 75
5 81
5 85
5 96
6 1
6 4
6 28
6 63
6 64
6 71
6 80
6 81
6 94
6 97
6 99
7 11
7 21
7 44
7 56
7 71
7 84
7 95
8 7
8 21
8 28
8 37
8 43
8 59
8 63
8 95
8 96
8 100
9 14
9 16
9 30
9 36
9 44
9 63
9 71
9 81
9 87
9 94
9 99
10 3
10 21
10 23
10 28
10 35
10 51
10 80
10 87
10 95
11 2
11 4
11 21
11 43
11 47
11 50
11 54
11 83
12 9
12 25
12 28
12 33
12 61
12 69
12 74
13 10
13 15
13 21
13 53
13 67
14 37
14 76
14 79
14 97
15 5
15 6
15 43
15 48
15 51
15 57
15 81
15 88
15 91
16 5
16 18
16 21
16 24
16 45
16 47
16 48
16 63
16 91
17 20
17 21
17 22
17 35
17 53
17 57
17 72
17 82
17 86
17 92
18 47
18 67
18 73
19 1
19 8
19 14
19 18
19 22
19 38
19 57
19 89
20 29
20 35
20 39
20 44
20 54
20 73
20 90
20 94
21 1
21 15
21 20
21 33
21 35
21 41
21 50
21 57
21 61
21 71
21 77
21 80
21 98
22 5
22 10
22 34
22 35
22 39
22 48
22 58
22 76
22 83
22 86
22 96
23 19
23 30
23 39
23 41
23 49
23 52
23 63
23 66
23 70
23 72
23 75
23 81
23 85
23 97
24 7
24 17
24 25
24 51
24 93
24 100
25 2
25 15
25 17
25 33
25 35
25 51
25 74
25 94
25 98
26 11
26 47
26 78
26 79
26 83
26 91
26 95
27 13
27 35
27 45
27 62
28 22
28 33
28 34
28 54
28 55
28 70
28 77
29 12
29 14
29 16
29 18
29 46
30 3
30 13
30 54
30 56
30 96
31 9
31 11
31 24
31 41
31 71
31 89
31 97
32 8
32 24
32 28
32 33
32 37
32 41
32 73
32 75
33 36
33 56
33 69
33 71
33 74
33 84
34 7
34 29
34 51
34 87
34 90
34 99
34 100
35 21
35 22
35 29
35 32
35 33
35 43
35 60
35 72
35 76
35 83
35 93
36 20
36 25
36 39
36 43
36 44
36 51
36 57
36 64
36 69
36 70
36 75
36 95
37 5
37 15
37 22
37 39
37 40
37 55
37 62
37 69
37 94
37 96
38 3
38 11
38 19
38 29
38 63
38 66
38 74
38 76
38 86
38 93
39 8
39 33
39 41
39 73
39 77
39 84
39 87
40 4
40 15
40 46
40 51
40 71
40 84
40 89
41 13
41 20
41 26
41 36
41 38
41 51
41 65
41 80
41 82
41 87
41 100
42 17
42 28
42 66
42 95
43 2
43 13
43 22
43 32
43 51
43 55
43 57
43 68
43 72
43 87
43 88
43 94
44 9
44 27
44 43
44 45
44 79
44 89
45 29
45 39
45 46
45 54
45 83
45 84
45 89
45 90
46 37
46 44
46 61
46 74
46 98
47 6
47 24
47 25
47 44
47 48
47 59
47 63
47 66
47 68
47 89
48 52
48 93
48 96
49 6
49 13
49 47
49 50
49 57
49 60
49 78
49 99
50 4
50 11
50 21
50 40
50 44
50 57
50 59
50 61
50 65
50 72
50 75
50 91
51 7
51 8
51 10
51 12
51 16
51 20
51 37
51 39
51 55
51 76
51 83
52 8
52 11
52 13
52 69
52 76
52 78
53 23
53 58
53 68
53 88
53 91
53 95
53 98
54 7
54 13
54 25
54 42
55 11
55 15
55 34
55 37
55 40
55 100
56 24
56 35
56 37
56 38
56 43
56 63
56 74
56 87
56 90
56 93
56 95
57 6
57 11
57 47
57 52
58 5
58 12
58 27
58 36
58 46
58 50
58 59
58 74
58 79
58 98
59 13
59 25
59 69
60 11
60 30
60 47
60 53
60 64
60 66
60 69
60 100
61 1
61 8
61 16
61 18
61 35
61 48
61 49
61 70
61 74
61 76
61 77
61 84
61 91
61 93
61 99
62 12
62 37
62 51
62 63
62 73
63 6
63 20
63 75
63 77
63 82
63 96
64 28
64 55
64 94
65 6
65 30
65 50
65 86
66 9
66 16
66 19
66 27
66 33
66 39
66 50
66 57
66 79
66 88
66 90
66 93
66 100
67 8
67 19
67 26
67 45
67 51
67 53
67 58
67 94
68 30
68 75
68 83
68 97
69 1
69 11
69 33
69 46
69 83
69 95
70 7
70 23
70 27
70 55
70 61
70 64
70 74
70 93
70 96
71 1
71 21
71 70
71 85
71 92
72 6
72 7
72 14
72 48
72 58
72 59
72 61
72 79
72 94
73 24
73 27
73 48
73 49
73 51
73 75
73 79
73 89
73 93
74 2
74 28
74 48
74 51
74 68
74 84
74 95
74 98
75 14
75 17
75 22
75 40
75 43
75 71
75 80
75 88
76 60
76 71
77 20
77 25
77 49
77 53
77 60
77 62
77 89
78 3
78 4
78 7
78 15
78 25
78 42
78 68
78 89
78 95
79 14
79 30
79 47
79 68
79 87
80 18
80 48
80 53
80 54
80 67
81 8
81 11
81 14
81 50
81 56
81 61
81 62
81 67
81 77
81 80
81 88
81 96
82 14
82 30
82 44
82 47
82 59
82 60
82 73
83 8
83 15
83 35
83 40
83 43
83 61
83 62
83 75
83 87
84 4
84 30
84 47
84 57
84 70
84 75
85 4
85 22
85 28
85 39
85 54
85 59
85 74
85 88
85 94
86 5
86 15
86 21
86 22
86 27
86 48
86 57
86 60
86 80
86 82
86 96
87 32
87 36
88 11
88 17
88 28
88 41
88 56
88 71
88 78
88 82
88 91
88 100
89 11
89 15
89 19
89 24
89 25
89 28
89 37
89 46
89 55
89 81
89 84
90 18
90 21
90 28
90 39
90 50
90 66
90 77
90 93
91 3
91 31
91 62
91 89
92 37
92 38
92 39
92 83
92 93
93 11
93 44
93 50
93 52
93 85
93 95
94 6
94 8
94 13
94 25
94 26
94 37
94 50
94 51
94 57
94 61
94 62
94 64
94 67
94 70
94 82
94 96
94 97
95 11
95 23
95 26
95 40
95 41
95 42
95 58
95 66
95 71
95 86
95 93
95 98
96 16
96 29
96 38
96 51
96 60
96 65
96 70
96 73
96 81
96 88
97 19
97 43
97 59
97 62
97 74
97 89
97 91
98 13
98 30
98 53
98 69
98 77
98 85
98 91
99 16
99 70
99 94
99 95
100 1
100 15
100 44
100 60
100 66
100 72
100 85
100 90
