100
863
1 15
1 39
1 47
1 95
2 4
2 12
2 21
2 36
2 49
2 53
2 64
2 73
2 79
2 94
2 96
3 2
3 21
3 30
3 33
3 36
3 74
3 97
4 19
4 26
4 34
4 42
4 52
4 70
4 71
4 88
4 91
4 100
5 46
5 64
5 65
5 70
5 84
5 89
6 16
6 61
6 66
6 67
6 70
6 72
6 80
7 16
7 41
7 44
7 45
7 50
7 55
7 68
7 70
7 91
7 92
8 15
8 37
8 44
8 67
8 76
8 83
8 97
9 1
9 31
9 49
9 71
9 72
9 76
9 81
9 90
10 12
10 21
10 23
10 25
10 40
10 45
10 48
10 63
10 67
10 72
11 18
11 33
11 43
11 57
11 73
11 81
11 95
12 1
12 5
12 8
12 28
12 31
12 54
12 75
12 95
13 21
13 24
13 32
13 43
13 47
13 85
13 88
13 89
13 90
13 92
14 1
14 18
14 38
14 42
14 50
14 58
14 60
14 69
14 77
14 88
15 1
15 4
15 7
15 8
15 19
15 46
15 65
15 83
15 90
15 100
16 12
16 63
16 69
16 77
16 99
17 9
17 60
17 63
18 23
18 30
18 59
18 62
18 67
18 69
18 75
18 82
19 11
19 26
19 47
19 68
19 90
20 3
20 45
20 49
20 73
21 4
21 54
21 64
21 73
21 74
21 84
21 86
22 11
22 12
22 21
22 69
22 72
22 74
22 79
22 80
22 84
23 4
23 15
23 17
23 41
23 58
23 92
24 4
24 8
24 67
24 80
24 91
25 9
25 18
25 22
25 57
25 67
25 72
25 83
25 91
26 7
26 9
26 10
26 22
26 23
26 61
26 67
27 2
27 3
27 14
27 19
27 33
27 38
27 56
27 57
27 68
27 79
28 3
28 7
28 33
28 37
28 40
28 42
28 44
28 47
28 52
28 75
28 77
28 79
28 81
28 87
28 96
28 99
29 6
29 27
29 30
29 31
29 33
29 49
29 53
29 72
29 79
29 80
29 83
29 86
30 11
30 21
30 28
30 63
30 64
30 67
30 76
30 85
30 87
30 89
31 1
31 6
31 8
31 12
31 15
31 26
31 35
31 41
31 63
32 7
32 13
32 14
32 19
32 31
32 34
32 49
32 65
32 73
32 88
32 95
32 100
33 2
33 12
33 28
33 67
34 10
34 23
34 31
34 43
34 48
34 81
34 83
34 87
35 14
35 15
35 20
35 49
35 51
35 64
35 97
36 12
36 56
36 68
36 79
37 3
37 5
37 6
37 40
37 52
37 59
37 66
37 72
37 73
37 83
38 32
38 39
38 48
38 71
38 83
39 21
39 26
39 27
39 29
39 45
39 48
39 52
39 54
39 66
39 69
39 70
39 89
39 92
39 96
40 23
40 24
40 26
40 48
40 63
41 13
41 22
41 44
41 53
41 54
41 67
41 69
41 79
41 86
42 17
42 20
42 37
42 43
42 47
42 70
42 90
42 92
42 96
42 98
43 16
43 23
43 26
43 34
43 41
43 45
43 51
43 66
43 91
43 95
43 99
44 7
44 11
44 12
44 25
44 29
44 43
44 52
44 63
44 64
44 71
44 78
44 79
45 18
45 28
45 31
45 53
45 70
45 77
45 99
46 1
46 19
46 54
46 63
46 95
47 3
47 14
47 19
47 21
47 22
47 40
47 49
47 53
47 60
47 66
47 72
47 75
47 79
47 95
47 99
48 6
48 7
48 12
48 14
48 19
48 22
48 36
48 58
48 68
48 76
48 78
48 82
48 93
49 9
49 15
49 16
49 18
49 40
49 48
49 54
49 100
50 2
50 3
50 6
50 9
50 12
50 13
50 14
50 38
50 42
50 49
50 65
50 80
50 89
50 91
50 93
51 9
51 32
51 47
51 56
51 57
51 63
51 82
51 87
52 6
52 17
52 18
52 20
52 27
52 64
52 78
53 3
53 6
53 7
53 10
53 41
53 51
53 71
54 7
54 32
54 48
54 57
54 61
54 85
54 96
55 22
55 23
55 29
55 47
55 49
55 56
55 57
55 61
55 90
56 4
56 9
56 19
56 22
56 23
56 26
56 44
56 48
56 52
56 53
56 62
56 70
56 90
56 96
56 100
57 43
57 88
58 3
58 14
58 23
58 45
58 67
58 70
58 80
58 89
58 97
59 6
59 25
59 35
59 41
59 56
59 64
59 65
59 83
59 87
59 92
59 97
60 1
60 8
60 11
60 15
60 24
60 46
60 61
60 67
60 90
60 93
60 100
61 45
61 47
61 65
61 89
61 94
62 18
62 20
62 35
62 37
62 40
62 49
62 54
62 73
63 20
63 26
63 36
63 65
63 94
63 97
64 14
64 16
64 48
64 54
64 74
65 9
65 26
65 28
65 31
65 41
65 77
65 82
65 84
66 1
66 22
66 23
66 44
66 51
66 54
66 64
66 73
66 80
66 89
66 100
67 2
67 3
67 31
67 32
67 37
67 51
67 75
67 99
68 22
68 24
68 37
68 42
68 45
68 100
69 20
69 27
69 44
69 52
69 55
69 62
69 70
70 8
70 9
70 12
70 16
70 17
70 24
70 40
70 49
70 50
70 67
70 71
70 77
70 81
71 14
71 22
71 51
71 56
71 58
71 65
71 68
71 75
71 81
71 82
71 83
72 27
72 38
72 39
72 93
72 97
73 18
73 37
73 43
73 56
73 58
73 71
73 90
74 21
74 23
74 26
74 41
74 57
74 68
74 71
74 90
74 92
75 3
75 45
75 48
75 54
75 68
75 72
75 81
75 91
75 100
76 7
76 24
76 27
76 39
76 44
76 53
76 55
76 59
76 66
76 69
76 71
76 78
76 84
76 87
76 90
76 94
77 24
77 34
77 43
77 45
77 51
77 59
77 79
77 88
78 2
78 4
78 6
78 11
78 18
78 34
78 37
78 79
78 83
78 93
79 5
79 17
79 20
79 21
79 30
79 32
79 67
79 78
80 12
80 13
80 21
80 26
80 32
80 48
80 50
80 69
80 87
81 16
81 39
81 47
81 79
81 91
81 95
81 97
82 9
82 34
82 40
82 44
82 47
82 64
82 80
82 99
83 2
83 16
83 24
83 34
83 40
83 45
83 53
83 58
83 64
83 65
83 74
84 1
84 3
84 11
84 27
84 32
84 59
84 60
84 72
84 73
84 77
84 83
85 3
85 13
85 19
85 21
85 46
85 51
85 80
85 89
85 95
85 98
86 4
86 31
86 32
86 37
86 60
86 72
86 82
87 3
87 4
87 37
87 71
87 81
87 83
87 100
88 8
88 14
88 17
88 21
88 44
88 52
88 72
88 77
88 83
88 95
89 6
89 13
89 15
89 24
89 43
89 53
89 61
89 76
89 77
89 80
89 90
89 97
90 2
90 6
90 29
90 34
90 43
90 88
90 98
91 7
91 8
91 11
91 33
91 34
91 37
91 44
91 63
91 69
91 79
91 84
91 86
91 89
91 94
92 17
92 19
92 32
92 55
92 73
92 84
93 4
93 19
93 38
93 41
93 52
93 68
93 82
93 86
93 92
93 96
93 97
94 8
94 24
94 38
94 40
94 61
94 68
95 8
95 40
95 43
95 44
95 52
95 54
95 57
95 85
95 97
96 9
96 11
96 29
96 56
96 99
97 12
97 20
97 40
97 41
97 69
97 80
97 90
97 93
98 5
98 9
98 14
98 16
98 31
98 37
98 50
98 73
98 77
98 82
98 83
98 84
98 89
98 90
98 100
99 6
99 15
99 45
99 60
99 62
99 63
99 64
99 85
99 90
99 96
100 7
100 12
100 16
100 36
100 38
100 41
100 67
100 75
100 76
100 92
100 99
