110
963
1 22
1 37
1 55
1 99
2 4
2 6
2 29
2 36
2 43
2 54
2 68
2 81
2 95
3 14
3 25
3 27
3 35
3 62
3 68
3 98
3 105
3 106
4 24
4 30
4 31
4 36
4 71
4 96
4 106
5 1
5 16
5 20
5 28
5 31
5 37
5 42
5 45
5 56
5 59
5 60
5 64
5 68
5 87
5 91
5 103
6 1
6 12
6 58
6 60
6 65
6 67
6 70
6 82
6 83
6 93
7 6
7 10
7 24
7 29
7 46
7 55
7 70
7 76
7 82
7 86
7 88
7 92
8 3
8 30
8 75
8 107
9 2
9 11
9 32
9 34
9 63
9 87
9 93
9 96
10 2
10 3
10 8
10 36
10 68
10 75
10 78
10 90
10 100
11 10
11 57
11 60
11 67
11 91
11 103
12 16
12 18
12 29
12 30
12 68
12 71
12 99
13 4
13 23
13 46
13 47
13 68
13 83
14 27
14 33
14 94
15 10
15 25
15 37
15 42
15 49
15 59
15 66
15 107
16 13
16 20
16 35
16 47
16 74
16 76
16 88
16 96
16 102
17 22
17 27
17 37
17 40
17 45
17 52
17 60
17 73
17 81
17 90
18 8
18 17
18 25
18 37
18 53
18 54
18 57
18 98
18 105
19 28
19 33
19 36
19 53
19 73
19 77
19 86
19 101
20 4
20 18
20 31
20 42
21 6
21 18
21 24
21 35
21 44
21 48
21 55
21 65
21 66
21 73
21 89
21 102
22 4
22 17
22 20
22 25
22 39
22 45
22 51
22 85
23 4
23 40
23 65
23 75
23 76
23 82
23 94
23 97
23 101
24 11
24 13
24 22
24 23
24 41
24 64
24 65
25 16
25 46
25 57
25 63
25 73
25 82
25 83
25 103
26 5
26 8
26 9
26 17
26 40
26 58
26 62
26 63
26 107
26 108
26 109
27 10
27 19
27 36
27 44
27 50
27 59
27 85
27 91
27 99
27 110
28 4
28 13
28 16
28 19
28 30
28 35
28 60
28 64
28 66
28 90
29 11
29 13
29 22
29 25
29 27
29 28
29 43
29 46
29 57
29 64
29 66
29 75
29 80
29 85
29 90
29 91
29 97
30 3
30 4
30 32
30 38
30 53
30 56
30 64
30 97
31 1
31 6
31 8
31 28
31 36
31 39
31 55
31 68
31 86
31 89
31 104
32 2
32 5
32 14
32 30
32 33
32 35
32 64
32 65
32 84
32 85
32 94
33 3
33 25
33 29
33 35
33 44
33 50
33 53
33 56
33 58
33 79
33 83
33 96
33 105
34 2
34 17
34 32
34 41
34 76
34 78
34 81
34 99
34 103
35 4
35 5
35 43
35 52
35 54
35 66
35 70
35 71
35 77
35 83
35 87
35 88
35 95
36 1
36 5
36 37
36 49
36 66
36 81
37 11
37 73
37 76
37 78
37 83
37 106
38 10
38 16
38 37
38 53
38 81
38 94
38 110
39 1
39 7
39 10
39 12
39 47
39 82
39 95
40 16
40 19
40 24
40 27
40 37
40 51
40 67
40 70
40 100
40 105
41 8
41 29
41 46
41 88
41 91
41 106
42 6
42 7
42 22
42 27
42 41
42 51
42 83
43 1
43 29
43 30
43 41
43 93
44 12
44 24
44 29
44 35
44 36
44 77
45 11
45 19
45 27
45 30
45 31
45 55
45 62
45 84
45 85
45 94
45 98
46 10
46 42
46 50
47 2
47 6
47 15
47 21
47 25
47 32
47 33
47 39
47 44
47 50
47 54
47 55
47 73
47 75
47 97
48 22
48 53
48 57
48 65
48 70
48 83
48 91
48 92
48 103
49 5
49 14
49 19
49 24
49 25
49 37
49 54
49 84
49 87
49 94
49 95
50 1
50 4
50 11
50 26
50 35
50 36
50 46
50 54
50 60
50 62
50 63
50 81
50 85
51 5
51 19
51 20
51 35
51 46
51 69
51 100
51 102
51 107
52 8
52 21
52 25
52 44
52 45
52 46
52 48
52 61
52 77
52 88
52 104
53 2
53 19
53 26
53 70
53 96
54 49
54 72
54 94
55 9
55 17
55 51
55 60
55 62
55 67
55 78
55 93
55 104
55 110
56 24
56 28
56 32
56 36
56 38
56 60
56 61
56 96
56 107
57 9
57 20
57 42
57 59
57 75
57 89
57 96
58 18
58 20
58 22
58 42
58 47
58 77
58 80
58 106
59 5
59 13
59 25
59 39
59 46
59 76
60 27
60 35
60 45
60 68
60 98
60 106
61 12
61 19
61 25
61 28
61 37
61 41
61 48
61 60
61 81
61 91
62 10
62 13
62 17
62 33
62 79
62 99
62 102
62 103
63 2
63 6
63 14
63 36
63 71
63 104
63 106
63 107
64 23
64 27
64 40
64 60
64 61
64 77
64 87
65 11
65 32
65 34
65 39
65 40
65 49
65 51
65 73
66 29
66 30
66 36
66 37
66 41
66 47
66 67
66 78
66 80
66 85
66 91
66 106
67 4
67 8
67 31
67 34
67 36
67 71
67 75
67 82
67 89
68 3
68 4
68 5
68 20
68 24
68 38
68 48
68 56
68 61
68 65
68 69
68 80
69 27
69 48
69 55
69 65
69 74
69 81
69 88
69 106
70 9
70 30
70 39
70 51
70 60
70 62
70 85
70 94
70 101
71 1
71 11
71 27
71 28
71 40
71 51
71 55
71 99
71 106
71 108
72 14
72 30
72 31
72 78
72 101
72 107
73 14
73 17
73 21
73 28
73 29
73 57
73 62
73 67
73 74
73 100
74 18
74 20
74 36
74 37
74 55
74 84
74 85
74 86
74 88
75 6
75 9
75 15
75 38
75 49
75 56
75 64
75 66
75 92
76 17
76 54
76 56
76 58
76 68
76 77
76 87
76 89
76 107
77 8
77 14
77 26
77 34
77 36
77 37
77 41
77 56
77 62
77 93
77 96
77 105
77 106
78 51
78 61
78 62
78 79
78 88
78 94
79 1
79 22
79 36
79 40
79 52
79 62
79 74
79 78
79 84
79 96
79 102
80 13
80 22
80 50
80 63
80 65
80 99
80 107
81 12
81 56
81 61
81 67
81 73
81 84
81 85
81 97
81 100
81 103
81 108
81 110
82 1
82 15
82 45
82 49
82 52
82 56
82 59
82 64
82 66
82 85
82 104
82 105
83 19
83 73
83 86
83 96
83 107
84 10
84 31
84 45
84 46
84 55
84 64
84 67
84 69
84 76
84 77
84 83
84 94
84 104
85 6
85 46
85 66
85 78
85 92
85 93
85 94
86 7
86 19
86 25
86 26
86 31
86 38
86 39
86 50
86 69
86 93
86 104
87 1
87 5
87 14
87 16
87 20
87 32
87 52
87 74
87 79
87 81
87 94
87 98
87 100
87 103
87 109
88 10
88 14
88 31
88 58
89 9
89 10
89 13
89 47
89 64
89 78
89 93
89 106
90 10
90 29
90 36
90 38
90 62
90 71
90 74
90 76
90 91
90 102
91 10
91 42
91 44
91 53
91 76
91 106
92 8
92 16
92 24
92 25
92 32
92 48
92 49
92 88
92 105
93 1
93 8
93 9
93 39
93 66
93 73
93 103
93 110
94 8
94 11
94 15
94 27
94 40
94 42
94 61
94 88
94 97
94 101
95 24
95 25
95 32
95 40
95 85
95 99
95 101
96 3
96 22
96 28
96 54
96 58
96 109
97 4
97 64
97 92
97 96
97 100
97 106
98 15
98 19
98 21
98 22
98 35
98 36
98 53
98 67
98 74
98 95
98 96
98 104
99 4
99 20
99 31
99 33
99 43
99 55
99 61
99 64
99 66
99 84
99 85
99 88
100 2
100 64
100 70
100 92
100 95
100 106
101 6
101 25
101 37
101 49
101 58
101 65
101 77
101 84
102 22
102 24
102 35
102 38
102 57
102 92
102 106
103 2
103 17
103 25
103 44
103 45
103 56
103 59
103 62
103 64
103 75
103 83
104 1
104 6
104 13
104 45
104 68
104 71
104 95
104 98
105 14
105 28
105 43
105 47
105 58
105 67
105 71
105 76
105 93
105 99
105 106
106 9
106 14
106 30
106 39
106 40
106 45
106 52
106 58
106 75
106 77
106 107
107 18
107 24
107 57
107 71
107 81
107 96
107 104
108 1
108 26
108 35
108 43
108 55
108 72
108 77
108 82
108 102
109 5
109 14
109 18
109 28
109 31
109 34
109 47
109 55
109 58
109 92
109 94
110 2
110 18
110 32
110 54
110 58
110 68
110 77
110 80
110 96
