110
109
1 89
1 96
2 41
3 35
5 35
5 97
6 102
8 90
9 62
10 30
10 36
11 53
12 21
12 25
12 58
13 24
13 92
14 94
15 100
16 4
17 54
17 62
20 107
22 85
22 92
22 100
23 66
24 73
25 10
26 89
26 92
26 103
29 17
33 24
33 80
38 72
38 96
39 5
42 45
45 24
47 79
48 6
48 80
49 39
49 79
50 42
50 102
51 45
51 102
53 1
53 87
54 33
54 41
54 68
56 85
58 24
58 38
59 37
61 7
61 108
62 40
62 47
62 66
65 61
65 68
66 49
67 82
68 14
68 104
69 110
70 37
71 109
72 83
73 9
73 38
73 80
74 84
76 10
78 12
78 104
80 48
80 92
82 52
83 43
84 39
86 16
88 102
89 21
89 29
90 53
90 80
93 36
98 77
101 70
102 16
102 28
102 65
102 92
103 57
103 101
105 72
107 2
107 28
107 46
109 15
109 82
110 3
110 34
110 71
