110
433
1 9
1 14
1 23
1 76
1 85
1 89
1 94
2 44
2 58
2 70
2 72
3 2
3 41
3 48
3 78
3 87
4 19
4 39
4 44
4 56
4 85
5 23
5 59
5 80
5 95
6 87
6 89
6 90
7 24
7 38
7 43
7 92
7 94
8 20
8 24
8 39
8 55
8 60
8 85
8 87
8 92
9 10
9 16
9 64
9 66
10 20
10 71
10 94
10 95
11 44
11 48
11 72
12 88
13 22
13 70
13 92
13 104
13 108
13 110
14 15
14 36
14 64
14 95
15 8
15 17
15 39
15 51
15 81
16 3
16 30
16 46
16 75
16 79
16 100
17 27
17 96
19 8
19 15
19 36
19 92
19 104
20 31
20 43
20 80
21 41
21 62
21 70
21 92
22 11
23 19
23 57
23 70
24 20
24 27
24 48
24 65
25 40
25 63
25 96
26 60
26 77
26 81
26 92
26 101
27 25
27 76
27 78
27 96
28 32
28 44
28 104
29 18
29 33
29 35
29 88
30 17
30 25
30 39
30 54
30 66
30 99
31 38
31 65
31 80
31 86
31 92
31 102
32 17
32 37
32 46
32 98
32 110
33 65
33 78
34 2
34 10
34 26
34 38
34 74
34 91
34 98
34 103
34 106
35 11
35 36
35 99
35 103
36 25
36 33
36 100
36 104
37 9
37 13
37 15
37 26
37 49
37 76
38 31
38 34
38 41
39 8
39 27
40 14
40 51
40 64
40 70
41 25
41 39
41 45
41 46
41 110
42 32
42 46
42 63
42 81
42 84
42 105
43 29
43 70
44 17
44 37
45 27
45 33
45 43
46 14
46 15
46 35
46 43
46 83
46 107
47 24
47 37
47 43
47 52
47 68
47 77
48 61
48 100
49 60
49 74
49 88
49 90
49 98
49 100
49 104
50 16
50 20
50 43
50 60
50 67
50 82
50 89
50 104
50 108
51 85
52 77
52 102
53 6
53 58
54 20
54 31
54 43
54 46
55 8
55 33
55 49
55 107
55 110
56 100
57 2
57 24
57 47
57 63
57 89
59 16
59 27
59 28
59 58
59 67
59 92
60 3
60 34
60 43
60 81
61 22
61 59
61 97
61 107
62 36
62 61
62 68
62 88
62 91
63 1
63 36
63 58
63 84
64 13
64 45
64 53
64 56
64 63
64 70
64 100
64 110
65 12
65 50
65 64
65 86
65 98
65 100
65 102
66 9
66 73
66 90
67 39
67 47
67 51
67 56
68 49
68 62
68 83
68 85
68 109
68 110
69 83
70 11
70 13
70 25
71 35
71 58
71 82
72 36
73 90
74 6
74 63
74 79
74 100
75 21
75 105
76 26
76 48
76 89
77 8
78 13
78 21
78 35
78 41
79 16
79 48
79 103
79 107
80 21
80 45
80 67
80 78
80 100
81 6
81 32
81 91
81 100
82 26
82 38
82 47
82 89
83 37
83 102
84 16
84 18
84 45
84 65
84 69
84 80
84 90
85 58
85 93
85 94
85 95
85 99
86 84
86 92
87 26
87 41
87 54
87 69
89 29
89 54
89 62
89 70
89 103
90 3
90 5
90 23
90 31
90 40
90 63
90 89
90 92
90 107
90 108
90 110
91 22
91 55
91 73
91 89
91 104
92 13
92 28
92 45
92 58
93 56
94 17
94 57
94 92
95 31
95 39
95 44
95 63
95 92
96 35
96 77
96 78
96 94
97 11
97 50
97 59
97 77
97 88
98 3
98 104
99 30
99 52
99 103
99 106
99 107
100 17
100 50
101 74
101 76
101 92
102 47
102 70
102 99
103 18
103 29
103 50
103 74
103 83
104 24
104 79
104 106
104 108
105 61
105 79
105 90
106 21
106 42
106 47
106 90
107 28
107 36
108 7
108 39
108 104
108 110
109 1
109 15
109 51
109 80
110 82
110 88
110 99
110 100
