110
647
1 2
1 56
1 67
1 74
2 1
2 79
2 95
3 15
3 46
3 50
3 60
4 8
4 16
4 27
4 50
4 91
4 98
5 47
5 56
5 77
5 94
6 2
6 25
6 58
6 78
6 79
7 81
8 2
8 19
8 21
8 24
8 34
8 74
8 91
8 110
9 53
9 55
9 59
9 62
9 63
9 84
9 86
9 91
10 11
10 16
10 33
10 41
10 60
10 80
10 81
10 89
10 99
10 108
11 78
11 83
12 11
12 87
12 94
12 109
13 15
13 47
13 101
14 12
14 65
14 68
14 87
14 88
14 90
15 3
15 28
15 55
15 56
15 82
16 11
16 42
16 55
16 58
16 64
16 76
16 99
17 16
17 19
17 45
17 47
17 51
17 60
17 74
17 84
17 90
18 5
18 32
18 49
18 54
18 67
18 99
18 104
19 4
19 22
19 39
19 62
20 25
20 30
20 35
20 62
21 12
21 48
21 52
21 59
21 65
21 73
21 78
21 86
21 102
22 8
22 15
22 29
22 42
22 47
22 83
22 98
22 103
23 13
23 49
23 57
23 59
23 69
23 86
23 91
23 100
24 70
25 24
25 27
25 37
25 47
25 64
25 68
25 70
25 110
26 30
26 68
26 78
26 91
26 93
27 1
27 66
27 67
27 75
27 104
28 4
28 32
28 63
28 71
28 81
28 95
28 103
29 18
29 41
29 45
29 48
29 72
29 84
30 19
30 21
30 23
30 26
30 39
30 70
30 77
30 106
30 109
31 23
31 27
31 42
31 71
31 76
31 102
31 109
32 29
32 51
32 66
32 80
32 82
32 86
32 106
33 7
33 22
33 44
33 65
33 71
33 76
33 81
33 101
35 2
35 30
35 77
35 94
35 98
36 11
36 46
36 64
36 98
37 2
37 40
37 80
37 107
38 11
38 104
39 1
39 34
39 65
39 82
39 98
40 5
40 9
40 46
40 66
40 92
40 93
40 110
41 5
41 58
41 59
41 73
41 85
41 95
42 20
42 47
42 90
42 95
42 108
43 6
43 25
43 46
43 52
43 62
43 81
43 94
43 107
44 9
44 15
44 32
44 38
44 46
44 55
44 60
44 102
45 2
45 18
45 23
45 54
45 67
45 104
45 107
46 7
46 19
46 23
46 65
46 88
46 98
46 100
47 11
47 43
47 64
47 81
47 89
47 92
47 95
47 98
47 104
48 9
48 16
48 31
48 36
48 62
48 66
48 71
48 92
48 105
48 108
49 63
49 69
50 7
50 25
50 37
50 74
50 81
51 4
51 5
51 8
51 9
51 41
51 93
52 2
52 24
52 39
52 42
52 90
52 91
52 109
53 16
53 48
53 76
53 80
53 92
53 95
53 100
54 43
54 62
54 79
54 92
54 104
55 43
55 101
55 105
56 24
56 27
56 28
56 35
56 37
56 42
56 88
56 95
56 97
57 61
57 63
57 64
57 96
58 16
58 23
58 27
58 32
58 42
58 57
59 31
59 49
59 65
59 86
59 87
59 96
59 110
60 20
60 40
60 77
60 90
60 94
60 105
61 26
61 37
61 46
61 62
61 68
61 69
61 105
61 109
62 12
62 42
62 52
62 60
62 65
62 74
62 89
62 106
63 3
63 27
63 38
63 46
63 51
63 67
63 99
64 12
64 24
64 35
64 42
64 51
64 77
64 86
64 105
65 16
65 41
65 58
65 76
65 91
66 1
66 4
66 15
66 91
66 105
67 42
67 92
67 98
67 101
68 8
68 21
68 28
68 53
68 64
68 77
68 85
68 94
68 96
68 98
68 100
69 21
69 30
69 39
69 71
69 77
69 93
70 23
70 42
70 54
70 64
70 82
70 95
70 108
71 45
71 68
71 86
72 1
72 4
72 10
72 16
72 17
72 36
72 39
72 60
72 65
72 68
72 75
73 35
73 58
74 21
74 39
74 53
74 73
74 88
74 96
74 98
75 6
75 35
75 57
75 65
75 77
75 95
75 101
75 109
76 27
76 44
76 73
76 91
77 10
77 29
77 30
77 57
77 59
77 81
77 93
77 109
77 110
78 33
78 65
78 104
78 107
79 30
79 73
79 74
79 93
79 97
79 99
80 2
80 11
80 61
80 71
80 85
80 90
80 110
81 5
81 23
81 78
81 97
81 108
82 47
82 68
82 69
82 80
82 96
83 19
83 46
83 66
83 71
83 106
83 109
84 21
84 79
84 89
84 92
84 105
84 109
85 5
85 11
85 37
85 61
85 97
86 51
86 96
86 100
86 102
87 3
87 24
87 35
87 106
88 25
88 28
88 40
88 59
88 101
89 59
89 67
89 74
89 106
90 6
90 25
90 37
90 63
90 66
90 73
90 77
91 6
91 54
91 99
91 107
92 36
92 37
92 48
92 103
92 109
93 2
93 33
93 67
93 91
94 7
94 15
94 17
94 18
94 21
94 32
94 58
94 62
95 41
95 57
95 68
95 72
95 81
95 92
96 36
96 42
96 55
96 62
97 6
97 41
97 46
97 74
97 110
98 16
98 36
98 54
98 64
98 76
98 99
98 104
99 30
99 61
99 85
100 16
100 38
100 77
100 88
101 6
101 45
101 58
101 95
102 4
102 33
102 40
102 43
102 52
102 81
102 104
103 14
103 16
103 44
103 63
103 65
103 67
104 10
104 18
104 21
104 25
104 31
104 68
104 85
104 96
104 98
104 107
105 5
105 37
105 86
105 88
105 102
106 15
106 31
106 47
106 56
106 99
107 16
107 18
107 54
107 67
107 73
107 80
107 96
107 99
107 104
108 5
108 25
108 48
108 55
108 63
108 78
108 81
108 94
108 95
109 32
109 44
109 54
109 55
109 60
110 9
110 14
110 32
110 39
110 68
110 72
110 73
110 83
110 85
110 100
