120
823
1 4
1 9
1 10
1 33
1 39
1 73
1 83
1 91
2 17
2 45
2 68
2 99
2 110
3 15
3 18
3 33
3 60
3 74
3 75
3 119
4 18
4 21
4 26
4 43
4 58
4 63
4 86
4 97
4 120
5 13
5 30
5 67
5 98
6 17
6 25
6 27
6 44
6 69
6 81
6 120
7 1
7 13
7 24
7 28
7 32
7 44
7 50
7 91
7 95
7 106
8 31
8 38
8 61
8 66
8 72
8 90
8 102
8 112
8 113
9 7
9 12
9 41
9 50
9 62
9 75
10 5
10 19
10 31
10 51
10 89
10 97
10 101
10 103
10 118
11 1
11 8
11 34
11 35
11 46
11 48
11 62
11 86
11 87
11 88
12 29
12 63
12 94
12 98
12 117
13 3
13 17
13 53
13 60
13 92
14 27
14 86
14 102
14 111
15 31
15 43
15 46
15 70
15 110
15 119
16 4
16 22
16 32
16 38
16 46
16 58
16 69
16 73
16 77
16 91
16 96
16 101
16 107
16 108
17 6
17 31
17 44
17 70
17 81
17 90
17 101
17 106
18 27
18 29
18 51
18 77
18 91
18 105
18 107
19 26
19 34
19 42
19 57
19 80
19 81
19 96
19 111
19 115
20 11
20 62
20 69
20 81
20 84
21 4
21 31
21 37
21 54
21 83
21 89
22 1
22 4
22 12
22 24
22 25
22 35
22 61
22 80
22 84
23 41
23 70
23 72
23 91
23 100
23 108
23 114
23 115
24 23
24 34
24 55
24 59
24 71
24 80
24 92
24 102
25 7
25 10
25 13
25 50
25 60
25 62
25 73
25 81
25 94
25 108
25 118
26 8
26 43
26 94
26 115
27 69
27 70
27 71
27 72
27 80
27 91
28 27
28 30
28 33
28 47
28 50
28 66
28 71
28 95
28 105
29 22
29 25
29 62
29 70
29 72
29 92
30 53
30 67
30 69
30 78
30 89
30 112
31 8
31 13
31 23
31 37
31 49
31 73
31 78
31 110
32 29
32 34
32 65
33 3
33 14
33 21
33 44
33 48
33 56
33 59
33 69
33 70
33 106
33 108
33 113
33 119
34 15
34 65
34 72
34 107
35 3
35 6
35 8
35 16
35 19
35 47
35 74
35 91
35 119
36 11
36 17
36 37
36 52
36 66
36 69
36 103
36 117
37 8
37 13
37 22
37 25
37 78
37 81
37 87
37 100
37 115
38 30
38 35
38 51
38 52
38 57
38 67
38 102
38 104
39 34
39 57
39 111
39 112
40 26
40 41
40 42
40 90
40 109
40 120
41 26
41 28
41 48
41 55
41 59
41 71
41 115
42 2
42 3
42 34
42 38
42 84
43 16
43 27
43 40
43 42
43 68
43 69
43 87
43 99
43 116
43 120
44 19
44 22
44 23
44 24
44 46
44 51
44 90
44 100
44 101
44 102
44 117
44 120
45 11
45 39
45 62
45 71
46 58
46 73
46 75
46 88
46 101
46 120
47 5
47 10
47 36
47 72
47 81
47 88
47 113
48 12
48 27
48 40
48 56
49 22
49 50
49 75
49 98
49 117
49 119
50 53
50 89
50 94
50 118
51 16
51 18
51 37
51 60
51 86
51 101
52 2
52 18
52 26
52 47
52 50
52 77
52 79
52 82
52 86
52 101
52 102
52 103
53 4
53 8
53 17
53 38
53 63
53 69
54 1
54 5
54 44
54 52
54 60
54 68
54 71
54 79
54 86
54 97
55 2
55 4
55 41
55 74
55 94
55 113
56 2
56 5
56 12
56 23
56 36
56 61
56 64
56 98
56 99
56 117
57 30
57 32
57 43
57 45
57 71
57 90
57 92
57 103
57 112
58 4
58 5
58 12
58 33
58 35
58 36
58 55
58 82
58 96
59 7
59 14
59 17
59 24
59 62
59 95
59 119
60 18
60 19
60 21
60 31
60 39
60 108
60 110
61 47
61 74
61 80
61 83
61 104
61 110
62 12
62 44
62 46
62 52
62 71
62 105
62 119
63 19
63 28
63 103
64 5
64 7
64 11
64 56
64 57
64 62
64 84
64 118
65 31
65 41
65 51
65 76
65 86
65 117
66 10
66 16
66 51
66 58
66 84
67 13
67 19
67 20
67 32
67 41
67 58
67 72
67 98
68 3
68 23
68 31
68 50
68 65
68 88
69 18
69 26
69 30
69 47
69 56
69 79
69 84
69 107
70 25
70 27
70 37
70 50
70 53
70 78
71 3
71 50
72 21
72 22
72 27
72 73
72 90
73 12
73 19
73 29
73 47
73 56
73 60
73 90
73 92
73 95
73 98
74 5
74 13
74 20
74 32
74 46
74 49
74 80
74 81
74 113
75 15
75 25
75 27
75 28
75 78
75 80
75 86
75 114
76 2
76 10
76 24
76 36
76 69
76 85
76 107
76 110
77 17
77 24
77 75
78 59
78 75
78 92
78 109
78 115
79 30
79 34
79 39
79 40
79 52
79 56
79 61
79 89
80 15
80 27
80 45
80 77
80 104
80 112
81 1
81 37
81 68
82 1
82 9
82 42
82 76
82 77
82 101
82 119
83 4
83 89
83 95
83 101
83 114
83 119
84 12
84 55
84 86
84 101
84 111
85 7
85 93
85 102
86 7
86 40
86 52
86 60
86 64
86 71
86 82
86 91
86 110
87 9
87 10
87 39
87 41
87 50
87 75
87 92
87 113
89 1
89 32
89 38
89 59
89 90
90 31
90 34
90 37
90 53
90 68
90 84
91 36
91 63
91 77
91 107
92 24
92 40
92 44
92 47
92 49
92 81
92 86
92 91
92 114
93 3
93 15
93 38
93 42
93 51
93 66
93 85
93 97
93 102
93 114
93 118
94 44
94 53
94 54
94 60
94 73
94 110
95 25
95 35
95 86
95 90
95 96
95 107
95 112
96 44
96 74
96 90
97 11
97 17
97 31
97 80
97 106
97 113
97 114
98 26
98 36
98 40
98 70
98 99
98 101
99 2
99 11
99 14
99 37
99 39
99 100
99 113
100 47
100 49
100 52
100 56
100 102
100 115
101 25
101 42
101 66
101 73
101 102
101 103
101 115
102 11
102 17
102 27
102 37
102 38
102 70
102 82
102 111
102 113
103 12
103 27
103 94
103 111
104 10
104 29
104 33
104 70
104 97
105 14
105 24
105 66
105 119
106 1
106 40
106 44
106 52
106 60
106 70
106 113
107 5
107 15
107 44
107 51
107 59
107 99
108 5
108 28
108 29
108 45
108 53
108 80
108 97
108 107
109 1
109 2
109 51
109 65
109 103
110 11
110 27
110 44
110 48
110 57
110 58
110 63
110 77
110 112
110 115
111 33
111 47
111 64
111 83
112 3
112 11
112 13
112 22
112 30
112 41
112 59
112 74
112 113
113 2
113 66
113 93
113 101
114 10
114 13
114 16
114 23
114 26
114 43
114 73
114 78
114 102
114 118
115 2
115 8
115 18
115 20
115 33
115 45
115 67
115 97
115 108
116 17
116 32
116 51
116 68
116 75
116 94
117 33
117 38
117 46
117 52
117 74
117 76
117 96
118 9
118 10
118 16
118 49
118 58
118 90
118 92
118 93
118 98
118 114
118 119
119 3
119 7
119 9
119 24
119 28
119 45
119 49
120 5
120 11
120 43
120 55
120 59
120 67
120 72
