120
707
1 26
1 51
1 55
1 57
1 62
1 86
1 103
1 111
2 13
2 47
2 57
2 76
2 87
2 98
3 5
3 23
3 43
3 55
3 56
3 75
3 120
4 17
4 26
4 28
4 39
4 42
4 93
4 99
4 111
4 117
5 18
5 23
5 40
5 64
5 75
5 84
5 113
6 17
6 20
6 50
6 111
7 3
7 18
7 36
7 52
7 60
7 84
7 108
7 109
7 119
8 16
8 18
8 27
8 52
8 54
8 58
8 72
8 98
8 110
9 24
9 29
9 77
10 1
10 17
10 50
10 59
10 79
10 104
10 112
11 7
11 24
11 44
11 80
11 84
12 2
12 24
12 38
12 40
12 96
12 112
13 8
13 21
13 78
13 91
14 64
14 84
14 102
14 106
14 109
14 115
15 43
15 64
15 68
15 108
15 110
15 120
16 1
16 3
16 75
16 79
16 97
17 2
17 8
17 62
17 73
17 89
17 105
17 119
18 25
18 37
18 99
18 105
19 1
19 59
20 21
20 37
20 53
20 75
20 79
20 91
20 99
20 102
20 116
21 25
21 44
21 63
21 69
21 74
21 83
21 86
21 93
21 108
22 11
22 43
22 45
22 74
22 79
22 83
22 117
23 54
23 55
23 114
24 27
24 57
24 59
24 106
25 5
25 23
25 26
25 41
25 64
25 69
25 103
25 120
26 5
26 8
26 25
26 51
26 89
26 93
26 114
26 116
26 118
27 57
27 78
27 106
27 116
28 3
28 4
28 9
28 21
28 24
28 47
28 57
28 80
28 104
29 4
29 43
29 58
29 61
29 71
29 86
29 91
29 102
29 114
30 19
30 56
30 67
30 79
30 80
31 52
31 72
31 73
31 89
31 92
31 96
31 116
31 119
32 13
32 34
32 66
32 84
33 2
33 19
33 31
33 43
33 67
33 68
33 114
33 119
34 8
34 13
34 36
34 38
34 50
34 66
35 54
35 77
35 105
35 108
36 13
36 26
36 31
36 33
36 64
36 71
36 112
37 21
37 27
37 44
37 71
37 78
37 106
37 113
38 10
38 19
38 45
38 48
38 50
38 55
38 56
38 71
38 76
38 97
38 116
39 4
39 13
39 21
39 61
39 96
40 24
40 101
41 65
41 88
41 100
41 119
42 24
42 52
42 60
42 84
42 93
42 111
43 29
43 104
43 111
44 33
44 34
44 49
44 83
44 86
45 64
45 75
45 119
46 16
46 22
46 45
46 119
47 21
47 25
47 27
47 105
47 110
48 24
48 40
48 66
48 77
48 79
48 80
48 89
48 102
48 109
49 6
49 34
49 66
49 112
50 10
50 51
50 87
51 1
51 96
51 100
52 3
52 16
52 35
52 42
52 82
52 85
52 97
52 105
53 11
53 28
53 62
53 95
54 2
54 8
54 10
54 15
54 17
54 28
54 101
54 103
54 114
55 13
56 29
56 42
56 46
56 61
56 69
56 102
56 109
57 23
57 49
58 9
58 26
58 33
58 106
59 5
59 23
59 40
59 69
59 72
59 92
60 36
60 38
60 41
60 46
60 52
60 56
60 77
60 95
60 97
60 106
60 119
61 5
61 9
61 89
61 96
62 20
62 28
62 42
62 84
62 115
63 10
63 35
63 83
63 114
64 17
64 26
64 48
64 63
64 67
64 105
64 113
65 24
65 63
65 70
65 80
65 86
66 2
66 26
66 50
66 67
66 68
66 78
66 100
66 117
66 118
67 48
67 55
67 109
68 30
68 35
68 37
68 49
68 75
69 38
69 58
69 78
69 89
69 107
69 108
70 5
70 54
70 116
71 14
71 38
71 42
71 60
72 23
72 28
72 48
72 62
72 104
73 49
73 53
73 80
73 90
73 94
73 105
73 107
74 11
74 18
74 77
74 86
75 58
75 72
75 107
76 24
76 74
76 79
76 110
77 9
77 16
77 18
77 28
77 38
77 46
77 97
77 113
77 116
78 21
78 49
78 52
78 83
78 89
78 98
78 113
78 115
79 6
79 25
79 30
79 69
79 73
79 92
79 104
80 69
80 76
80 90
80 92
80 101
80 115
80 116
80 119
81 5
81 12
81 26
81 48
81 53
82 4
82 11
82 30
82 67
82 80
82 110
83 8
83 25
83 37
83 63
83 66
83 70
83 77
83 79
83 89
83 114
84 9
84 15
84 44
84 50
84 53
84 72
84 85
84 99
84 105
85 5
85 47
85 70
86 32
86 45
86 46
86 52
86 54
86 107
86 115
87 1
87 6
87 58
87 96
87 103
88 4
88 20
88 35
88 98
89 12
89 34
89 66
90 43
90 67
90 97
91 25
91 34
91 49
91 119
91 120
92 28
92 49
92 54
92 103
93 72
93 91
94 1
94 14
94 21
94 45
94 48
94 81
95 5
95 22
95 67
95 103
95 104
96 2
96 27
96 32
96 40
96 48
96 91
96 107
96 109
97 25
97 33
97 43
97 51
97 58
97 63
97 110
98 26
98 28
98 80
98 96
98 100
98 102
98 113
99 1
99 28
99 33
99 37
99 49
99 61
99 63
99 72
99 92
99 98
99 115
100 9
100 24
100 26
100 46
100 71
100 84
100 87
100 92
100 114
101 33
101 86
101 107
101 116
102 22
102 45
102 81
102 89
102 101
103 23
103 26
103 45
103 88
103 98
103 117
104 36
104 42
104 43
104 49
104 68
104 107
105 56
105 60
105 63
105 66
105 84
105 87
105 92
105 101
105 116
106 11
106 29
106 52
106 97
106 109
106 114
107 45
108 55
108 58
108 80
109 19
109 29
109 30
109 35
109 54
109 55
109 86
109 96
109 114
110 2
110 13
110 17
110 68
110 72
110 79
110 82
110 97
111 5
111 14
111 47
111 49
111 64
111 99
112 1
112 10
112 11
112 30
112 40
112 108
113 9
113 22
113 33
113 46
113 65
113 88
113 90
113 97
114 54
114 69
114 78
114 81
114 92
114 105
114 107
114 113
115 18
115 24
115 42
115 44
115 46
115 52
115 57
116 17
116 18
116 34
116 53
116 59
116 64
116 67
116 76
116 81
116 103
116 109
116 115
117 3
117 10
117 25
117 46
117 66
117 87
117 94
117 100
117 101
118 15
118 62
118 105
118 107
119 1
119 18
119 28
119 104
119 117
120 40
120 57
120 108
