120
472
1 2
1 52
1 57
2 27
2 54
2 68
2 86
2 98
3 5
3 94
3 105
4 13
4 29
4 54
4 79
4 98
4 113
5 97
5 99
5 115
5 118
6 10
6 74
6 92
6 114
7 19
7 94
7 103
7 105
7 117
8 3
8 10
8 41
8 57
8 59
8 63
8 68
8 71
8 100
8 117
9 1
9 65
9 81
9 116
10 43
10 89
11 83
11 107
12 48
12 89
13 5
13 33
13 58
13 75
13 105
14 2
14 7
14 37
15 26
16 2
16 25
16 91
16 92
16 93
16 109
17 29
17 52
17 92
17 112
18 36
18 62
18 96
19 44
19 95
19 118
19 119
20 52
20 67
20 102
21 14
21 23
22 66
23 30
23 52
23 78
23 88
24 25
24 29
24 33
24 63
24 70
24 93
24 100
25 12
25 23
25 28
25 65
25 66
25 74
26 9
26 37
26 45
26 74
26 111
27 12
27 21
27 86
28 57
28 94
29 75
29 118
30 40
30 42
30 50
30 54
30 91
31 27
31 37
31 93
32 21
32 76
32 98
32 101
33 10
33 87
34 9
34 65
34 114
36 11
36 30
36 85
36 92
36 99
36 117
37 63
37 68
37 76
37 110
38 47
38 80
38 105
38 115
39 47
39 55
39 63
39 67
39 94
39 99
39 106
40 74
40 105
40 114
41 23
41 63
42 8
42 51
43 22
43 36
43 71
43 102
43 107
44 26
44 30
44 40
44 46
44 72
44 83
44 101
45 8
45 37
45 43
45 88
46 16
46 75
46 77
46 83
47 12
47 29
47 98
48 1
48 114
49 33
49 48
49 57
49 74
49 120
50 24
50 29
50 61
50 107
50 115
51 30
51 65
51 102
51 114
52 43
52 50
52 58
52 61
52 64
53 5
53 8
53 17
53 25
53 76
53 102
54 3
54 29
54 85
55 60
55 64
55 69
55 98
55 101
55 108
55 110
56 65
56 93
57 35
57 44
57 60
57 119
58 52
58 91
59 27
59 42
59 85
59 96
60 35
60 38
60 106
61 32
61 84
62 39
62 41
62 91
63 29
63 98
64 18
64 37
64 45
64 49
65 9
65 12
65 25
65 54
65 61
66 2
66 35
66 75
66 92
67 69
68 27
69 12
69 74
69 76
69 111
69 119
69 120
70 8
70 75
70 87
70 99
70 100
70 102
70 107
70 119
71 12
71 69
71 86
71 120
72 16
72 25
72 32
72 42
72 63
72 116
73 65
74 2
74 5
74 31
74 60
74 67
74 79
74 105
75 2
75 13
75 53
75 54
76 13
76 105
77 65
77 69
77 117
78 16
78 54
78 57
78 95
78 99
78 119
79 3
79 22
79 35
79 49
79 84
80 29
80 44
80 47
80 84
81 35
81 83
81 104
82 22
82 110
83 7
83 18
83 54
83 69
84 8
84 95
85 13
85 68
85 72
85 84
85 90
85 100
86 7
86 34
86 58
86 62
86 82
86 120
87 1
87 18
87 39
87 57
87 67
87 76
88 60
88 67
89 18
89 45
89 48
89 72
89 81
90 4
90 7
90 107
90 114
90 115
91 37
91 43
91 94
91 113
92 36
92 54
93 87
93 90
93 108
93 110
94 19
94 96
94 110
95 40
95 44
95 64
96 2
96 28
96 91
96 103
97 11
97 28
97 40
97 67
97 106
98 5
98 74
98 116
99 14
99 48
99 73
99 109
100 4
100 18
100 60
100 61
101 7
101 43
102 30
102 90
102 113
103 2
103 19
103 27
103 33
103 87
103 110
103 111
104 1
104 5
104 15
104 39
104 57
104 94
105 18
105 47
105 100
106 3
106 13
106 29
106 55
106 70
106 75
106 81
107 2
107 26
107 32
107 36
107 51
107 118
108 82
109 70
109 85
109 111
110 22
110 25
110 34
110 73
110 111
111 5
111 6
111 21
111 69
111 99
111 119
112 10
112 37
113 34
113 35
113 69
113 80
114 107
115 23
115 31
115 55
115 74
115 103
116 43
116 49
116 84
117 1
117 23
117 80
117 88
117 103
118 3
118 72
118 78
118 87
118 102
119 10
119 20
119 67
119 85
119 97
120 5
120 34
120 37
120 41
120 87
120 88
120 109
