120
120
1 10
1 46
1 114
3 44
3 48
5 15
7 44
7 119
8 105
10 45
10 83
12 73
13 38
13 49
14 2
14 34
14 102
15 8
15 85
20 62
21 75
22 1
22 2
23 114
24 117
25 120
29 117
30 22
30 74
31 57
32 72
34 12
34 100
35 47
36 69
36 77
37 62
39 13
39 110
40 30
40 63
41 29
42 103
43 66
44 64
47 67
48 26
48 90
49 6
50 29
50 60
51 56
52 81
59 43
61 57
61 106
62 26
62 80
62 102
63 73
63 88
64 54
64 62
65 35
67 16
68 103
69 13
70 30
71 34
72 18
73 69
75 13
75 83
76 91
77 74
79 37
83 3
85 12
85 62
86 103
88 5
88 69
88 84
90 29
91 13
92 13
93 19
95 69
95 83
97 111
98 16
99 2
99 120
100 55
100 89
102 34
102 46
104 16
104 91
104 100
106 10
106 119
107 10
107 24
107 42
108 105
109 1
110 6
110 111
112 58
114 34
115 110
116 9
116 17
117 64
118 8
118 27
119 2
119 15
119 103
