130
1131
1 8
1 14
1 30
1 86
1 89
1 90
1 112
1 127
2 6
2 7
2 19
2 22
2 37
2 52
2 61
2 63
2 77
2 84
2 92
2 103
3 1
3 46
3 48
3 57
3 72
3 73
3 77
3 80
3 85
3 98
3 100
3 106
3 109
3 121
4 2
4 35
4 45
4 73
4 78
4 103
4 126
4 127
5 25
5 28
5 49
5 64
5 74
5 75
5 80
5 89
5 110
5 116
5 119
6 16
6 42
6 52
6 69
6 84
6 99
7 25
7 43
7 45
7 65
7 79
7 106
7 107
8 19
8 22
8 32
8 43
8 57
8 63
8 82
8 103
8 126
8 128
9 34
9 49
9 56
9 69
9 81
9 109
10 33
10 35
10 37
10 39
10 48
10 50
10 69
10 78
10 120
11 20
11 32
11 35
11 57
11 59
11 103
11 109
11 118
12 51
12 55
12 64
12 65
12 91
12 95
13 23
13 38
13 49
13 61
13 67
13 91
13 117
14 25
14 53
14 55
14 57
14 78
14 92
14 94
14 107
15 22
15 41
15 84
15 86
15 96
15 120
16 44
16 53
16 87
16 125
16 130
17 21
17 54
17 56
17 104
17 116
18 10
18 60
18 85
18 104
18 105
18 115
18 129
19 3
19 10
19 17
19 23
19 30
19 38
19 40
19 56
19 60
19 66
19 96
19 98
19 130
20 17
20 36
20 53
20 56
20 71
20 74
20 85
20 96
20 104
21 20
21 24
21 33
21 39
21 69
21 81
21 85
21 97
21 98
21 104
22 30
22 45
22 67
22 74
22 75
22 76
22 83
22 89
22 125
23 24
23 27
23 28
23 106
23 112
23 113
23 120
24 5
24 29
24 33
24 43
24 59
24 75
24 86
24 108
24 111
24 129
25 5
25 18
25 24
25 34
25 35
25 44
25 65
25 72
25 76
25 83
25 84
25 109
25 114
25 116
25 123
26 7
26 22
26 44
26 48
26 71
26 121
27 14
27 29
27 30
27 46
27 54
27 73
28 38
28 71
28 75
28 80
28 91
29 1
29 19
29 38
29 40
29 62
29 97
29 106
29 112
29 113
29 120
29 127
30 18
30 22
30 77
30 81
30 86
30 100
30 101
30 121
30 130
31 2
31 35
31 36
31 41
31 56
31 60
31 66
31 85
31 103
32 9
32 14
32 86
32 87
32 88
32 106
32 111
32 126
33 84
33 124
34 7
34 18
34 21
34 39
34 97
34 102
34 103
34 104
34 106
34 109
35 4
35 5
35 9
35 22
35 23
35 25
35 30
35 31
35 33
35 54
35 63
35 84
35 94
35 107
35 114
35 130
36 13
36 34
36 35
36 43
36 104
36 120
37 1
37 4
37 6
37 7
37 11
37 30
37 46
37 59
37 65
37 66
37 79
37 80
37 84
37 89
37 96
37 100
37 120
37 122
38 22
38 66
38 97
38 108
39 27
39 33
39 56
39 59
39 69
39 86
39 92
39 93
39 101
39 106
39 115
40 4
40 7
40 11
40 15
40 49
40 71
40 86
40 95
40 105
40 130
41 4
41 5
41 6
41 10
41 25
41 42
41 86
41 113
42 1
42 3
42 32
42 47
42 55
42 56
42 75
42 91
42 119
43 72
43 82
43 94
43 101
43 115
43 121
44 20
44 25
44 34
44 52
44 57
44 62
44 63
44 82
44 96
44 100
44 120
44 125
44 126
45 24
45 35
46 8
46 15
46 17
46 88
46 108
46 129
47 2
47 20
47 41
47 43
47 44
47 101
47 112
47 114
47 116
47 125
48 5
48 17
48 29
48 42
48 65
48 96
48 111
49 2
49 36
49 72
49 73
49 84
49 87
49 100
49 101
49 117
49 122
50 16
50 88
50 104
51 8
51 9
51 44
51 55
51 57
51 91
51 98
51 108
51 117
51 128
52 4
52 19
52 70
52 98
52 111
52 115
53 6
53 50
53 72
53 78
53 98
53 100
53 116
54 4
54 7
54 35
54 42
54 50
54 90
54 116
55 2
55 13
55 26
55 36
55 64
55 72
55 117
55 124
56 23
56 34
56 35
56 43
56 47
56 49
56 72
56 101
57 1
57 49
57 54
57 73
58 27
58 37
58 68
58 72
58 85
58 121
58 124
59 2
59 15
59 49
59 52
59 54
59 72
59 74
60 8
60 15
60 29
60 30
60 84
60 95
60 106
60 107
60 130
61 17
61 26
61 27
61 54
61 85
61 91
61 95
61 96
61 115
62 11
62 16
62 18
62 21
62 44
62 71
62 81
62 101
62 122
63 3
63 4
63 15
63 17
63 33
63 53
63 72
63 79
63 86
63 87
63 94
63 100
63 109
63 113
63 124
63 128
64 6
64 16
64 18
64 36
64 40
64 46
64 51
64 56
64 57
64 83
64 92
64 117
64 119
64 127
65 44
65 63
65 64
65 71
65 79
65 112
65 118
65 123
65 126
66 8
66 34
66 40
66 47
66 70
66 81
66 82
66 119
66 127
67 4
67 10
67 19
67 41
67 52
67 54
67 60
67 64
67 68
67 97
67 99
68 1
68 5
68 15
68 19
68 24
68 29
68 31
68 43
68 66
68 67
68 79
68 81
68 129
69 6
69 16
69 36
69 52
69 59
69 64
69 93
69 104
69 111
70 1
70 2
70 18
70 64
70 65
70 71
70 92
70 110
70 113
71 16
71 22
71 40
71 45
71 55
71 78
71 98
71 122
71 129
71 130
72 2
72 4
72 16
72 20
72 54
72 59
72 76
72 99
72 114
73 8
73 14
73 16
73 29
73 57
73 58
73 71
73 96
73 121
74 4
74 61
74 64
74 67
74 73
74 87
74 101
74 102
74 110
75 9
75 65
75 83
75 92
75 98
75 110
75 121
75 122
76 3
76 10
76 15
76 32
76 46
76 57
76 70
76 86
76 88
76 89
76 94
76 109
76 125
77 4
77 6
77 51
77 106
77 110
77 122
77 123
77 129
78 2
78 5
78 8
78 14
78 29
78 67
78 69
78 105
78 115
79 7
79 10
79 17
79 20
79 28
79 39
79 52
79 85
79 87
79 88
79 98
79 122
80 59
80 88
81 1
81 4
81 30
81 41
81 101
82 11
82 53
82 63
82 83
82 101
82 103
82 106
82 120
82 123
83 16
83 17
83 47
83 61
83 87
83 105
83 116
83 126
84 10
84 20
84 25
84 30
84 61
84 70
84 104
84 107
84 112
85 7
85 17
85 22
85 32
85 36
85 61
85 66
85 67
85 74
85 81
85 82
85 83
85 97
85 104
85 125
86 42
86 56
86 76
86 109
86 111
86 123
87 3
87 14
87 28
87 41
87 109
87 111
88 13
88 25
88 30
88 81
88 90
88 118
88 120
88 121
88 126
88 127
88 128
89 3
89 17
89 25
89 47
89 74
89 106
89 120
90 15
90 65
90 95
90 102
91 23
91 56
91 70
91 75
91 80
91 94
91 100
91 111
91 115
92 7
92 34
92 51
92 54
92 67
92 89
92 91
92 99
92 108
92 127
93 13
93 19
93 20
93 47
93 92
93 107
93 110
93 119
93 128
93 130
94 13
94 26
94 29
94 45
94 58
94 59
94 69
94 99
94 102
94 111
94 125
94 130
95 15
95 24
95 42
95 58
95 62
95 101
96 14
96 45
96 48
96 49
96 54
96 56
96 63
96 94
96 107
96 112
96 121
96 123
97 1
97 22
97 25
97 60
97 65
97 76
97 93
97 116
97 121
98 44
98 54
98 62
98 75
98 83
98 90
98 95
98 117
99 4
99 16
99 53
99 82
99 83
99 89
99 97
99 116
99 117
99 123
100 29
100 48
100 62
100 86
100 103
101 7
101 11
101 29
101 37
101 38
101 72
101 90
101 112
102 3
102 11
102 14
102 27
102 82
102 86
102 90
102 113
102 129
103 10
103 55
103 69
103 72
103 88
103 101
103 126
104 11
104 16
104 26
104 30
104 38
104 59
104 73
104 91
104 95
104 114
104 128
105 18
105 68
105 76
105 84
105 118
105 123
106 14
106 17
106 19
106 21
106 22
106 26
106 36
106 38
106 45
106 57
106 61
106 98
106 119
106 121
106 128
107 1
107 5
107 9
107 23
107 37
107 50
107 51
107 68
107 80
107 90
107 120
107 124
107 125
108 4
108 24
108 63
108 95
108 127
109 31
109 75
109 83
109 84
109 93
109 110
109 112
109 113
109 116
109 118
110 3
110 10
110 12
110 20
110 34
110 51
110 53
110 56
110 67
110 94
111 4
111 34
111 45
111 46
111 48
111 56
111 65
111 67
111 68
111 74
111 90
111 99
111 106
111 118
111 119
112 1
112 9
112 12
112 67
112 93
112 94
112 117
112 123
112 126
113 25
113 27
113 31
113 42
113 46
113 61
113 68
113 76
113 101
113 107
113 116
114 14
114 27
114 32
114 33
114 51
114 87
114 126
115 1
115 54
115 59
115 76
115 87
115 95
115 109
115 119
115 123
115 127
116 74
116 89
116 97
116 123
117 16
117 29
117 53
117 59
118 25
118 28
118 41
118 50
118 64
118 66
118 122
118 128
119 4
119 13
119 27
119 57
119 59
119 76
119 87
119 97
119 107
119 127
120 2
120 7
120 24
120 39
121 4
121 6
121 34
121 40
121 62
121 79
121 103
121 128
122 4
122 15
122 18
122 22
122 23
122 43
122 53
122 62
122 76
122 79
122 92
122 94
122 99
122 117
123 39
123 48
123 59
123 63
123 70
123 77
123 86
123 98
123 110
123 120
124 10
124 16
124 24
124 51
124 65
124 69
124 74
124 80
124 81
124 95
124 116
124 128
125 2
125 8
125 10
125 12
125 14
125 25
125 34
125 46
125 56
125 94
125 118
125 119
125 129
125 130
126 41
126 57
126 73
126 92
126 106
127 7
127 34
127 45
127 61
127 62
127 69
127 76
127 86
127 97
128 24
128 38
128 40
128 46
128 67
128 88
128 89
128 109
128 117
129 12
129 41
129 53
129 66
129 108
129 121
130 8
130 47
130 62
130 75
130 99
130 118
