140
555
1 23
1 24
1 56
1 58
1 84
2 13
2 139
3 26
3 27
3 85
3 109
3 119
4 12
4 18
4 72
4 96
4 134
5 73
5 86
5 95
5 110
5 115
5 121
6 4
6 41
6 94
7 2
7 16
7 106
8 72
8 108
9 4
9 12
9 26
9 87
9 109
9 124
10 32
11 3
11 18
11 51
11 83
11 125
11 131
12 54
12 119
12 133
13 8
13 21
13 46
14 12
14 23
14 27
14 29
14 38
14 70
15 14
15 56
15 59
15 79
15 96
16 109
16 135
17 1
17 15
17 57
17 70
17 96
17 109
17 110
17 124
18 53
18 57
19 4
19 8
19 14
19 25
19 58
19 68
20 28
20 55
20 66
20 89
20 122
21 35
21 60
21 68
22 7
22 80
23 61
23 120
24 27
24 50
24 139
25 10
25 32
25 44
25 49
25 67
25 105
25 111
26 41
26 42
26 95
26 97
26 105
26 108
27 7
27 8
27 15
27 22
27 59
28 24
28 90
28 106
28 109
28 124
29 19
29 52
29 77
29 95
29 97
29 106
29 124
29 139
30 35
30 112
31 81
31 110
32 16
32 49
32 51
32 55
33 10
33 65
33 97
33 106
34 10
34 13
34 24
34 28
34 61
34 78
34 96
34 116
34 130
35 69
35 99
36 3
36 17
36 19
37 32
37 64
37 91
37 113
37 120
37 128
38 68
38 70
38 90
39 7
40 19
40 35
40 82
40 121
41 2
41 5
41 10
41 76
41 86
41 98
42 72
43 53
43 69
43 75
43 77
43 86
43 126
44 123
44 125
45 6
45 16
45 76
46 14
46 63
46 65
46 66
46 137
47 44
47 57
47 64
47 105
47 127
48 3
48 10
48 14
48 35
48 69
48 103
49 12
49 13
49 32
49 55
49 68
49 85
49 97
50 98
50 104
50 122
51 24
51 34
51 70
51 85
51 123
52 54
52 102
52 112
52 116
52 121
52 130
53 80
53 99
53 104
53 130
54 72
54 75
54 84
54 85
54 132
55 42
55 48
55 73
56 12
56 104
56 114
57 86
57 114
57 117
57 133
58 54
58 64
59 22
59 25
59 101
60 7
60 19
60 24
60 134
60 140
61 3
61 19
61 22
61 48
61 116
61 137
62 12
62 32
62 39
62 42
62 90
62 131
63 16
63 33
63 94
64 25
64 29
64 39
64 79
64 93
64 126
65 52
65 66
65 109
66 27
66 44
66 46
66 101
66 121
66 122
66 138
67 13
67 42
67 59
67 71
67 99
67 109
68 43
68 50
68 54
68 64
69 8
69 34
70 38
70 86
70 94
70 118
70 134
71 73
71 106
71 116
72 2
72 32
72 126
73 85
73 93
73 107
73 122
74 4
74 90
74 129
75 11
75 104
75 135
76 55
76 88
76 99
76 138
77 1
77 20
77 97
77 111
78 12
78 48
78 58
78 80
78 92
78 97
79 1
79 60
79 85
79 90
80 31
80 52
80 74
80 86
80 92
80 99
80 112
80 135
81 55
81 99
81 127
83 5
83 39
83 43
83 52
83 95
84 125
84 128
85 17
85 18
85 20
85 33
85 94
85 113
85 128
85 135
86 127
87 34
87 53
87 81
88 58
88 64
88 91
89 32
90 30
90 109
90 112
90 122
91 1
91 53
91 80
91 93
91 105
91 140
92 57
92 74
92 114
92 126
93 24
93 30
93 48
93 74
93 88
93 105
93 130
94 49
94 50
94 87
94 109
95 72
96 27
96 50
96 98
97 19
97 111
97 113
97 135
98 26
98 84
98 87
99 13
99 47
99 88
99 93
99 104
99 114
100 58
100 93
100 103
101 98
101 107
101 125
102 54
102 80
102 85
102 101
102 130
103 130
104 30
104 92
104 112
104 140
105 25
105 26
105 27
105 62
105 94
105 136
106 83
106 108
107 21
107 117
108 31
108 80
108 92
108 115
109 5
110 38
110 78
111 10
111 24
111 72
112 6
112 30
112 56
112 80
112 138
113 9
113 17
113 45
113 49
113 53
113 76
113 79
113 100
114 16
114 20
114 25
114 107
115 74
115 120
115 122
116 2
116 46
116 54
116 75
116 117
116 124
117 8
117 12
117 28
117 37
118 16
119 42
119 99
119 104
120 93
121 2
121 44
121 48
121 120
122 3
122 15
122 60
122 77
122 78
122 80
122 96
123 1
123 47
123 70
124 73
124 76
124 81
124 134
125 33
125 47
125 64
125 123
126 26
126 58
126 68
126 114
127 77
127 78
128 66
128 71
128 96
129 25
129 90
130 31
130 94
130 103
130 127
131 26
131 37
131 67
131 89
131 102
131 125
132 21
132 22
132 40
132 59
132 60
132 95
132 127
134 44
134 98
134 126
135 2
135 28
135 54
135 118
136 13
136 24
136 29
136 34
136 100
136 101
137 30
137 36
137 83
137 113
137 115
137 128
137 134
138 10
138 80
138 108
138 115
139 61
140 19
140 110
