140
1076
1 15
1 31
1 72
1 107
1 118
1 130
2 12
2 22
2 24
2 87
2 123
2 130
2 132
3 13
3 17
3 42
3 46
3 70
3 79
3 91
3 101
3 103
3 109
3 117
3 130
4 6
4 29
4 55
4 76
4 77
4 83
4 94
4 96
4 107
5 22
5 24
5 81
5 124
6 1
6 8
6 33
6 43
6 48
6 76
6 113
6 114
7 2
7 9
7 18
7 34
7 55
7 61
7 72
7 87
7 99
7 129
7 132
8 9
8 27
8 130
8 131
8 132
9 23
9 27
9 42
9 50
9 57
9 81
9 100
9 114
10 32
10 34
10 38
10 68
10 72
10 88
10 138
11 21
11 35
11 42
11 52
11 58
11 69
11 83
11 101
11 129
11 136
11 139
12 25
12 31
12 46
12 47
12 48
12 54
12 75
12 82
12 105
12 118
12 120
12 122
13 1
13 31
13 39
13 43
13 48
13 53
13 79
13 134
14 19
14 32
14 65
14 68
14 74
14 87
14 92
14 102
15 17
15 21
15 24
15 100
15 111
15 133
16 1
16 20
16 30
16 52
16 55
16 97
16 100
16 107
16 108
16 112
16 124
16 132
16 136
17 2
17 32
17 34
17 50
17 60
17 96
17 105
17 120
18 2
18 27
18 62
18 85
18 110
19 6
19 35
19 50
19 67
19 123
19 125
19 131
20 17
20 24
20 57
20 82
20 92
20 96
20 140
21 33
21 54
21 60
21 94
21 120
21 128
22 18
22 88
22 105
22 121
22 138
23 22
23 49
23 56
23 74
23 75
23 87
23 138
24 26
24 31
24 76
24 92
24 96
24 113
24 128
24 135
24 139
25 23
25 34
25 36
25 98
25 104
25 123
26 4
26 8
26 18
26 25
26 90
26 101
26 123
26 137
27 6
27 49
27 56
27 60
27 100
27 105
27 113
27 123
28 10
28 35
28 89
28 102
28 110
28 113
28 123
28 131
29 3
29 22
29 26
29 50
29 57
30 16
30 47
30 72
30 118
30 120
30 123
31 17
31 29
31 41
31 85
31 89
31 126
31 132
32 1
32 19
32 33
32 46
32 66
32 115
32 128
32 132
33 25
33 35
33 48
33 71
33 72
33 74
33 103
34 4
34 8
34 22
34 72
34 133
35 1
35 7
35 20
35 30
35 140
36 1
36 65
36 74
36 78
36 80
36 97
36 105
36 115
36 124
36 135
37 8
37 10
37 32
37 33
37 38
37 40
37 86
37 100
37 140
38 41
38 44
38 59
38 63
38 74
38 86
38 94
38 95
38 98
38 110
38 114
38 120
38 130
38 140
39 22
39 36
39 97
39 105
39 115
39 133
39 140
40 57
40 96
40 105
40 119
41 18
41 34
41 35
41 48
41 51
41 67
41 68
41 91
41 119
41 129
41 136
42 41
42 45
42 60
42 64
42 88
42 105
42 132
43 13
43 17
43 21
43 25
43 30
43 53
43 102
44 4
44 64
44 71
44 92
44 95
44 108
44 110
44 119
45 50
45 67
45 69
45 94
45 101
45 107
45 114
45 121
46 3
46 8
46 13
46 16
46 20
46 47
46 50
46 85
46 86
47 2
47 10
47 16
47 21
47 34
47 43
47 51
47 53
47 72
47 77
47 82
47 83
47 89
47 108
47 116
47 121
47 135
48 6
48 13
48 36
48 72
48 96
48 113
48 116
49 18
49 39
49 53
49 69
50 10
50 42
50 58
50 71
50 105
50 117
51 36
51 65
51 115
51 116
51 130
51 134
52 1
52 85
53 5
53 12
53 33
53 36
53 38
53 96
53 108
53 123
53 140
54 41
54 57
54 77
54 82
54 89
54 97
54 136
55 15
55 43
55 67
55 68
55 88
55 134
56 78
56 82
56 124
57 29
57 62
57 82
57 87
57 92
57 100
57 116
57 123
57 134
57 140
58 7
58 32
58 35
58 43
58 53
58 111
58 120
58 127
58 133
58 139
59 5
59 15
59 34
59 36
59 66
59 70
59 137
59 139
60 5
60 9
60 15
60 63
60 68
60 83
60 105
60 131
61 5
61 8
61 11
61 24
61 77
61 90
61 107
61 119
62 18
62 27
62 44
62 46
62 72
62 87
62 107
63 12
63 21
63 30
63 34
63 35
63 66
63 86
63 94
63 121
63 134
64 12
64 17
64 32
64 39
64 57
64 68
64 71
64 77
64 113
64 118
64 130
64 133
65 11
65 19
65 24
65 28
65 31
65 48
65 66
65 70
65 71
65 133
65 138
66 4
66 19
66 30
66 60
66 68
66 75
66 123
66 131
66 132
66 135
67 13
67 25
67 93
67 106
67 117
68 3
68 8
68 43
68 53
68 103
68 115
68 119
69 27
69 52
69 66
69 70
69 80
69 100
69 103
69 104
69 106
69 111
69 116
69 117
69 119
69 130
70 10
70 24
70 27
70 48
70 62
70 65
70 86
70 111
71 13
71 74
71 87
71 89
71 100
71 106
71 116
72 59
72 73
72 102
72 116
73 25
73 28
73 57
73 64
73 83
73 98
73 101
73 121
73 139
74 4
74 27
74 42
74 52
74 63
74 72
74 73
74 84
74 99
74 140
75 6
75 13
75 28
75 42
75 43
75 46
75 47
75 55
75 61
75 87
75 92
75 108
76 26
76 30
76 31
76 50
76 61
76 71
76 75
76 80
76 128
77 21
77 39
77 51
77 80
77 86
77 101
77 119
77 127
77 135
78 10
78 41
78 46
78 51
78 76
78 109
78 114
78 116
78 121
79 11
79 24
79 26
79 27
79 37
79 84
79 93
79 109
79 111
79 138
80 18
80 29
80 63
80 110
81 102
81 126
82 26
82 42
82 46
82 56
82 77
82 78
82 123
83 22
83 31
83 60
83 75
83 87
83 112
83 123
83 124
84 10
84 11
84 26
84 38
84 62
84 69
85 46
85 62
85 68
85 121
85 127
85 135
86 17
86 36
86 57
86 73
86 82
86 131
86 138
87 2
87 13
87 21
87 70
87 72
87 74
87 82
88 8
88 16
88 19
88 26
88 58
88 118
88 131
89 4
89 6
89 37
89 55
89 77
89 106
89 138
90 14
90 15
90 26
90 29
90 32
90 56
90 59
90 68
90 72
90 83
90 104
90 124
90 135
90 137
91 8
91 11
91 16
91 38
91 66
91 69
91 72
91 93
91 105
91 122
92 6
92 23
92 106
93 1
93 37
93 55
93 60
93 85
93 113
93 119
93 133
93 134
93 138
94 13
94 20
94 21
94 58
94 79
94 85
94 99
94 119
95 5
95 56
95 78
96 4
96 28
97 34
97 70
97 89
97 127
98 8
98 12
98 48
98 52
98 71
98 81
98 93
98 100
98 103
98 125
98 132
99 15
99 28
99 44
99 56
99 57
99 77
99 104
99 114
99 120
99 123
99 124
99 137
100 109
101 74
101 85
101 103
101 105
101 119
101 121
101 124
101 129
102 36
102 40
102 65
102 70
102 78
102 105
102 110
102 125
102 131
103 4
103 31
103 43
103 67
103 69
103 88
103 112
104 8
104 63
104 94
104 105
105 22
105 33
105 43
105 52
106 16
106 22
106 78
106 93
106 115
106 122
106 133
107 6
107 10
107 41
107 47
107 87
107 114
108 24
108 28
108 76
108 88
108 102
108 117
108 136
109 36
109 38
109 42
109 99
109 110
109 127
109 131
110 15
110 45
110 53
110 59
110 140
111 6
111 77
111 91
111 110
111 120
111 122
111 127
112 19
112 56
112 57
112 64
112 65
112 68
112 81
112 102
113 27
113 34
113 67
113 76
113 96
113 103
113 118
114 12
114 41
114 59
114 65
114 69
114 91
114 92
114 100
114 113
114 121
114 123
114 130
115 8
115 13
115 22
115 26
115 28
115 43
115 44
115 80
115 84
115 88
115 133
115 139
116 39
116 63
116 72
117 32
117 62
117 66
117 69
117 98
117 99
118 55
118 57
118 68
118 71
118 85
118 86
118 88
118 114
119 44
119 45
119 74
119 96
119 98
119 116
119 123
120 43
120 57
120 65
120 85
120 87
120 105
120 128
121 14
121 16
121 73
121 90
121 112
121 129
122 5
122 6
122 13
122 24
122 33
122 40
122 49
122 51
122 56
122 63
122 91
122 119
122 121
122 124
122 133
123 25
123 27
123 34
123 45
123 48
123 58
123 69
123 70
123 85
123 99
123 120
123 125
123 138
124 18
124 42
124 53
124 70
124 82
124 88
124 105
125 13
125 17
125 20
125 21
125 34
125 44
125 83
125 92
125 100
125 103
125 109
126 79
126 125
126 128
126 139
127 6
127 7
127 11
127 61
127 86
127 128
128 16
128 21
128 22
128 29
128 31
128 33
128 63
128 74
128 81
128 84
128 87
128 102
129 24
129 36
129 38
129 76
129 87
129 91
129 93
129 108
129 126
129 135
129 140
130 2
130 7
130 41
130 47
130 62
130 65
130 68
130 88
130 99
130 102
130 116
130 124
130 140
131 22
131 44
131 46
131 51
131 55
131 57
131 70
131 71
131 89
131 101
131 102
131 120
131 124
132 6
132 31
132 34
132 54
132 56
132 62
133 20
133 36
133 61
133 67
133 99
133 129
134 21
134 43
134 75
134 96
134 104
134 131
135 28
136 17
136 21
136 24
136 46
136 63
136 71
136 79
136 83
136 133
136 134
137 1
137 18
137 54
137 61
137 80
137 113
137 131
138 18
138 30
138 60
138 79
138 137
139 8
139 33
139 59
139 110
139 118
139 138
140 1
140 3
140 14
140 34
140 57
140 79
140 80
140 96
