140
691
1 10
1 25
1 36
1 115
2 34
2 115
3 23
3 38
3 74
3 113
3 125
4 19
4 37
4 51
4 109
4 115
4 122
5 15
5 29
5 52
5 98
5 101
5 106
5 122
6 19
6 27
6 64
6 70
6 78
6 112
6 140
7 11
7 15
7 70
7 101
7 136
8 13
8 67
8 88
8 98
8 130
9 29
9 75
9 118
10 30
10 58
10 98
10 104
10 108
10 115
10 137
11 1
11 9
11 18
11 66
11 88
11 116
12 13
12 37
12 91
12 94
12 106
12 122
12 128
13 6
13 29
13 36
13 85
13 136
14 84
14 119
14 120
15 22
15 38
15 46
15 137
16 30
16 46
16 50
16 66
16 76
16 126
16 138
17 49
17 83
17 107
17 131
18 10
18 16
18 60
18 87
19 8
19 68
19 76
20 5
20 10
20 23
20 51
20 61
20 75
20 79
20 85
20 107
21 73
21 76
21 88
21 100
22 29
22 36
22 99
22 100
23 6
23 37
23 66
23 86
23 115
23 138
24 7
24 9
24 19
24 46
24 58
24 76
24 79
24 91
24 112
24 132
25 35
25 67
25 120
25 122
25 137
26 13
26 16
26 46
26 111
26 112
27 47
27 139
28 40
28 56
28 103
28 138
29 46
29 68
29 77
29 85
29 119
31 65
31 107
31 127
32 29
32 38
32 44
32 69
32 86
32 101
32 112
32 132
33 11
33 17
33 41
33 43
33 110
33 122
33 130
33 133
34 13
34 44
34 48
34 109
35 16
35 19
35 23
35 25
35 91
36 14
36 78
36 90
36 115
36 125
36 139
37 6
37 29
37 64
37 67
37 71
37 92
37 117
37 123
38 17
38 24
38 26
38 32
38 49
38 54
38 60
38 70
38 118
38 133
38 138
39 54
39 60
39 76
39 87
40 1
40 16
40 29
40 89
40 95
40 122
40 127
40 134
41 5
41 61
41 68
41 71
41 123
42 2
42 37
42 59
42 90
43 7
43 60
43 87
43 113
43 115
43 129
44 66
44 69
44 109
44 134
45 71
46 25
46 26
47 1
47 12
47 55
47 73
47 77
47 82
47 122
48 1
48 2
48 14
48 50
49 32
49 90
50 14
50 52
50 56
50 58
50 67
50 77
50 95
50 111
51 93
51 121
52 51
52 94
52 131
53 17
53 22
53 24
53 42
53 47
53 128
53 129
53 138
54 59
54 77
54 117
55 38
55 101
55 128
56 4
56 37
56 105
56 120
56 125
57 11
57 44
57 58
57 67
57 87
57 112
57 116
57 128
58 139
59 49
59 92
59 96
59 101
59 107
60 14
60 17
60 39
60 62
60 71
60 80
60 83
60 96
60 140
62 41
62 90
62 107
62 113
62 121
62 122
62 123
63 6
63 16
63 19
63 35
63 51
63 127
64 9
64 35
64 87
64 109
65 8
65 20
65 31
65 71
65 76
65 126
66 8
66 90
66 104
67 41
67 77
68 56
68 83
68 101
68 102
68 110
68 120
68 126
68 131
69 80
69 82
70 82
70 118
71 33
71 47
71 60
72 8
72 12
72 62
73 5
73 28
73 44
73 49
73 61
73 71
73 82
73 139
74 6
74 31
74 83
74 94
74 101
75 6
75 35
75 60
75 130
76 22
76 79
76 122
77 38
77 92
77 108
78 1
78 4
78 11
78 20
78 119
79 81
79 83
79 96
79 125
80 3
80 36
80 43
80 55
80 56
80 69
80 120
80 121
80 133
81 13
81 42
81 111
81 137
82 20
82 21
82 106
83 76
83 118
83 121
84 7
84 22
84 42
84 45
84 55
84 89
85 126
86 22
86 52
86 103
87 52
87 64
87 74
87 99
88 24
88 39
88 50
88 60
88 72
88 83
88 92
89 9
89 51
89 67
89 74
89 87
89 112
89 122
89 126
90 14
90 50
90 57
90 74
90 75
90 138
91 100
91 102
91 109
92 10
92 19
92 23
92 70
92 102
92 123
93 47
93 67
93 110
93 114
93 124
93 133
93 135
94 16
94 69
94 81
94 88
94 111
94 121
94 131
95 47
95 53
95 86
95 89
95 99
95 101
96 62
96 98
96 131
97 32
97 111
97 137
98 24
98 78
98 80
98 87
98 97
99 53
99 60
99 70
99 106
100 8
100 61
101 4
101 11
101 21
101 92
101 130
102 8
103 42
103 75
103 79
103 105
103 113
104 29
104 43
104 88
104 118
105 28
105 41
105 70
105 92
105 127
105 138
106 39
106 104
106 139
107 5
107 54
107 59
107 63
107 103
107 106
107 108
107 126
108 2
108 26
108 55
108 65
108 96
108 123
109 1
109 16
109 34
109 61
109 78
109 97
109 107
109 116
109 133
110 28
110 45
110 49
110 87
110 117
110 133
111 27
111 50
111 120
112 29
112 68
112 88
112 104
112 115
112 118
112 139
113 40
113 116
114 26
115 18
115 25
115 32
115 74
115 112
115 116
115 137
116 34
116 70
116 78
116 89
116 93
116 112
117 42
117 43
117 95
117 114
117 120
117 123
118 37
118 110
118 119
118 123
119 87
119 101
119 115
119 140
120 6
120 18
120 24
120 57
120 64
120 119
121 31
121 86
122 14
122 39
122 51
122 70
122 80
122 96
122 103
122 137
123 15
123 32
123 43
123 53
123 55
124 9
124 34
124 122
125 2
125 105
125 112
126 1
126 66
126 77
126 96
126 108
126 119
127 4
127 36
127 40
127 56
127 65
127 106
127 109
127 111
128 7
128 68
128 79
128 89
128 92
128 132
128 134
129 21
129 85
129 86
130 35
130 41
130 92
130 104
130 132
130 135
130 136
130 139
131 21
131 24
131 116
132 28
132 71
132 83
132 94
132 138
133 39
133 44
133 108
134 40
134 83
135 34
135 40
135 47
135 69
135 81
135 103
135 118
135 134
135 138
136 1
136 16
136 118
136 137
137 10
137 15
137 40
137 95
137 109
137 110
138 16
138 35
138 89
138 90
138 110
138 112
138 116
138 127
138 137
139 16
139 38
139 49
139 70
139 71
139 84
139 102
139 106
139 117
139 126
140 27
140 29
140 35
140 51
140 89
140 97
140 120
