140
955
1 48
1 101
1 121
1 125
2 14
2 18
2 23
2 26
2 54
2 65
2 72
2 126
3 12
3 83
3 84
3 108
3 118
3 127
3 130
4 45
4 52
4 89
4 98
4 120
4 139
5 10
5 19
5 40
5 42
5 60
5 64
5 85
6 3
6 15
6 54
6 81
6 112
6 133
7 16
7 33
7 47
7 73
7 77
7 81
8 11
8 12
8 18
9 24
9 30
9 36
9 38
9 72
9 134
10 98
10 140
11 10
11 59
11 80
11 132
11 138
12 6
12 44
12 59
12 117
12 128
13 19
13 21
13 40
13 63
13 94
13 111
13 114
13 118
14 31
14 37
14 56
14 91
14 113
14 122
15 18
15 34
15 35
15 37
15 77
15 92
15 131
16 4
16 54
16 58
16 88
16 126
17 2
17 14
17 35
17 54
17 113
18 28
18 37
18 39
18 76
18 111
19 4
19 6
19 9
19 21
19 34
19 63
19 79
19 99
19 106
19 126
20 15
20 38
20 43
20 60
20 95
20 107
20 117
20 138
21 6
21 12
21 24
21 47
21 73
21 81
21 137
22 9
22 20
22 31
22 83
22 112
23 25
23 78
23 94
23 95
23 102
23 111
23 126
23 133
24 3
24 21
24 35
24 59
24 108
24 112
24 113
25 55
25 62
25 66
25 83
25 90
26 8
26 31
26 67
26 80
26 83
26 86
26 119
26 120
26 123
26 124
26 130
27 24
27 57
27 62
27 66
27 85
27 110
27 115
27 136
28 34
28 37
28 44
28 84
28 115
29 62
29 84
29 87
29 126
30 11
30 33
30 93
30 123
31 3
31 10
31 12
31 54
31 83
31 97
32 6
32 19
32 33
32 48
32 50
32 57
33 18
33 24
33 36
33 46
33 52
33 60
33 72
33 83
33 88
34 18
34 53
34 75
34 104
34 121
34 133
35 10
35 47
35 65
35 67
35 78
35 85
35 101
35 104
35 116
36 15
36 60
36 105
36 126
37 35
37 50
37 52
37 58
37 112
37 131
38 7
38 12
38 34
38 35
38 43
38 53
38 92
38 134
39 3
39 7
39 55
39 97
39 140
40 5
40 45
40 48
41 8
41 28
41 49
41 80
41 98
41 99
41 117
42 22
42 38
42 47
42 55
42 82
42 83
42 105
43 7
43 18
43 51
43 53
43 76
43 113
44 10
44 24
44 69
44 77
44 87
44 98
45 1
45 9
45 18
45 30
45 40
45 47
45 55
45 56
45 106
45 113
46 2
46 11
46 13
46 15
46 33
46 69
46 107
46 111
46 125
47 8
47 13
47 37
47 57
47 80
47 136
48 4
48 7
48 59
48 62
48 75
48 112
49 3
49 80
49 81
50 27
50 46
50 106
50 124
51 16
51 19
51 86
51 131
51 133
52 22
52 37
52 93
52 96
52 98
52 118
52 119
52 126
53 8
53 21
53 40
53 71
53 103
54 2
54 7
54 16
54 27
54 57
55 4
55 17
55 24
55 25
55 50
55 80
55 84
55 85
55 125
56 32
56 48
57 8
57 27
57 33
57 38
57 68
57 71
57 84
57 89
57 91
57 108
57 115
57 116
57 120
57 121
57 139
57 140
58 8
58 20
58 83
58 93
58 104
58 140
59 9
59 12
59 36
59 48
59 87
59 95
59 101
59 113
59 137
59 138
60 42
60 50
60 52
60 73
60 92
60 98
60 133
61 65
61 77
61 82
61 85
61 132
62 14
62 53
62 72
62 73
62 78
62 99
62 128
62 131
63 5
63 8
63 17
63 18
63 32
63 77
63 129
63 133
64 40
64 47
64 51
64 62
64 82
64 86
64 112
64 134
65 27
65 60
65 71
65 72
65 126
66 36
66 109
66 140
67 13
67 47
67 73
67 77
67 125
68 29
68 54
68 67
68 73
68 110
68 112
68 129
69 6
69 48
69 52
69 53
69 82
69 90
69 91
69 101
69 104
69 125
69 132
70 32
70 79
70 121
70 128
71 9
71 10
71 28
71 55
71 64
71 74
71 75
71 100
71 122
71 136
72 5
72 45
72 49
72 55
72 59
72 70
72 98
72 122
72 129
73 4
73 13
73 25
73 27
73 33
73 43
73 61
73 110
74 7
74 35
74 45
74 47
74 50
74 51
74 55
74 62
74 69
74 93
74 125
75 31
75 92
75 123
75 136
76 81
76 92
76 108
76 112
76 123
77 16
77 18
77 22
77 23
77 38
77 43
77 44
77 62
77 117
77 135
78 12
78 95
78 100
78 101
78 103
78 135
79 22
79 33
79 43
79 53
79 86
79 91
79 116
79 122
79 124
79 128
79 135
80 27
80 59
80 60
80 62
80 81
80 90
80 97
80 114
80 117
80 123
81 11
81 24
81 25
81 40
81 51
81 62
81 121
82 46
82 52
82 62
82 70
82 108
83 27
83 80
84 4
84 45
84 91
85 29
85 46
85 68
85 81
85 108
85 129
85 137
86 4
86 6
86 23
86 63
86 83
86 85
86 92
86 95
86 117
86 139
87 27
87 31
87 51
87 63
87 64
87 71
87 125
87 133
88 1
88 99
88 134
89 19
89 20
89 34
89 67
89 75
89 76
89 83
89 125
90 32
90 83
90 85
90 104
90 109
90 122
90 124
90 129
91 1
91 14
91 16
91 51
91 64
91 80
91 90
91 100
91 126
91 139
92 4
92 13
92 25
92 28
92 41
92 61
92 80
92 85
92 136
93 9
93 60
93 62
93 87
93 100
93 103
93 109
93 135
94 7
94 40
94 64
94 90
94 135
95 1
95 77
95 107
96 28
96 62
96 81
96 109
96 117
96 122
96 139
97 9
97 10
97 12
97 25
97 42
97 52
97 59
97 76
97 78
97 81
97 101
97 120
97 129
97 133
98 9
98 24
98 42
98 62
98 69
98 83
98 90
98 123
99 1
99 9
99 28
99 35
99 44
99 51
99 77
99 86
99 115
100 25
100 120
100 126
101 32
101 37
101 62
101 64
101 108
101 121
102 2
102 12
102 19
102 35
102 39
102 54
102 77
102 80
102 137
103 19
103 21
103 41
103 44
103 56
103 69
103 74
103 82
103 101
103 112
103 119
104 2
104 24
104 56
104 65
104 66
104 102
104 108
105 1
105 5
105 11
105 54
105 55
105 64
105 79
105 80
105 120
106 6
106 30
106 93
106 120
106 138
107 9
107 28
107 39
107 72
107 83
107 101
107 115
107 116
107 135
108 13
108 22
108 46
108 58
108 83
108 119
108 129
108 130
109 1
109 80
109 120
110 3
110 37
110 73
110 78
110 101
111 3
111 40
112 35
112 51
112 77
112 96
112 105
112 136
113 5
113 38
113 39
113 48
113 52
113 55
113 75
113 76
113 79
113 107
113 108
113 120
113 128
113 130
114 33
114 69
114 88
114 99
114 113
114 132
114 136
114 137
115 16
115 19
115 28
115 40
115 46
115 114
116 65
116 77
116 79
116 80
116 82
116 115
116 118
116 120
116 136
117 7
117 13
117 33
117 37
117 48
117 83
117 87
117 88
117 92
117 105
117 108
117 139
117 140
118 2
118 33
118 46
118 71
118 73
118 93
118 95
118 106
118 110
119 4
119 25
119 44
119 50
119 62
119 85
119 97
119 110
120 126
120 128
121 4
121 35
121 42
121 107
121 127
122 9
122 28
122 47
122 69
122 97
122 128
123 7
123 13
123 46
123 110
123 131
123 140
124 24
124 52
124 67
124 103
124 114
124 116
124 125
124 127
124 132
125 8
125 37
125 44
125 64
125 90
125 96
125 119
126 12
126 13
126 35
126 50
126 65
126 73
126 91
126 110
126 120
126 139
127 1
127 28
127 31
127 49
127 70
127 93
127 100
127 104
127 108
127 115
127 120
128 14
128 15
128 23
128 48
128 51
128 76
128 78
128 98
128 115
129 15
129 29
129 35
129 110
129 120
129 122
130 2
130 44
130 53
130 65
130 86
130 129
130 131
130 134
130 137
131 24
131 47
131 57
131 63
131 66
131 101
131 114
132 17
132 22
132 43
132 50
132 65
132 85
132 86
132 98
132 136
133 5
133 62
133 112
133 117
134 17
134 19
134 41
134 90
134 93
134 113
134 130
135 10
135 12
135 15
135 49
135 69
136 2
136 9
136 22
136 57
136 61
136 95
137 6
137 23
137 35
137 74
137 91
137 92
137 104
137 133
137 138
138 31
138 86
139 12
139 41
139 65
139 112
140 27
140 35
140 38
140 45
140 46
140 99
140 110
140 122
