140
416
1 6
1 35
2 11
2 30
2 56
2 68
2 92
2 107
3 26
3 38
3 40
3 84
4 103
5 23
5 71
5 76
5 86
5 102
5 104
6 51
6 100
7 21
7 56
7 83
8 42
8 57
8 78
8 88
8 125
8 136
9 10
9 57
9 66
9 83
9 84
9 125
10 38
10 53
10 60
10 103
10 123
10 131
11 51
11 66
11 91
12 123
13 35
13 55
13 89
13 99
14 81
14 101
15 74
15 77
15 99
15 105
15 109
16 120
16 122
17 89
17 107
18 14
18 119
19 111
20 11
20 25
20 38
20 53
20 99
20 112
21 22
21 27
21 73
21 77
21 87
21 94
22 33
22 50
22 62
22 67
22 73
23 31
23 61
23 110
24 122
25 38
25 104
25 115
25 117
26 32
26 118
26 122
27 14
27 58
27 70
27 100
27 104
27 118
28 49
28 67
29 25
29 45
29 115
30 4
30 36
30 71
30 98
30 102
31 34
31 57
31 83
32 24
32 83
33 61
33 90
33 107
33 117
34 102
35 79
37 11
37 25
37 48
38 137
39 1
39 6
39 30
39 46
39 79
40 70
41 58
42 86
42 140
43 15
43 18
43 28
43 74
43 93
43 136
44 14
45 21
45 101
46 7
46 36
46 44
46 59
47 6
47 32
47 33
47 139
48 54
49 9
49 64
49 85
50 54
52 1
52 15
52 100
53 4
54 6
54 80
55 11
55 12
55 38
55 103
56 25
56 30
56 52
56 83
56 101
57 91
57 115
57 138
59 52
59 85
59 103
60 18
60 64
60 107
61 49
62 20
62 44
62 111
63 11
63 19
63 111
64 7
64 8
64 50
64 57
65 14
65 119
66 90
66 128
66 140
67 5
67 129
67 139
68 23
68 34
68 52
68 57
68 62
68 136
69 37
69 133
70 76
70 134
72 33
72 36
72 55
72 108
73 21
73 119
74 34
74 38
74 78
74 92
75 5
75 43
75 114
76 54
77 27
77 116
79 50
79 104
79 134
80 21
80 25
80 51
80 88
81 43
81 73
81 117
82 23
82 26
82 59
82 80
82 92
82 109
82 120
83 8
83 79
83 85
83 110
83 117
83 120
83 122
84 10
84 16
84 41
84 93
84 97
84 130
85 74
85 93
86 136
86 137
87 138
88 42
88 73
88 81
88 127
88 138
89 24
89 116
90 53
90 106
90 128
91 4
91 12
91 72
91 102
91 138
92 56
93 74
93 122
94 21
94 70
94 99
95 87
95 91
95 134
96 69
96 91
96 119
97 14
97 19
97 105
97 128
98 127
99 51
99 54
99 114
101 8
102 85
102 94
102 131
103 58
103 140
104 101
105 2
105 133
105 140
106 16
106 40
106 43
106 62
106 99
107 69
107 115
108 32
109 101
109 103
109 110
110 28
110 101
110 124
110 129
111 31
111 72
111 114
112 14
112 27
112 109
112 131
113 22
113 33
113 37
113 45
113 59
114 102
115 26
115 29
115 41
115 63
115 73
116 24
116 51
116 104
116 109
117 39
118 14
118 22
119 15
119 107
120 81
120 84
120 99
120 115
121 20
121 34
121 87
121 140
122 61
122 76
122 89
122 95
123 54
123 104
123 134
124 61
124 123
125 126
126 43
126 55
127 34
127 42
127 44
127 100
127 129
128 89
128 117
129 46
129 98
130 40
130 73
131 6
131 11
131 49
131 78
132 13
133 14
133 25
133 47
133 53
133 131
134 14
134 23
134 61
134 68
134 82
134 83
134 136
135 4
135 23
135 26
135 45
135 86
136 8
136 109
136 120
137 8
137 46
137 63
137 138
138 78
138 115
138 120
139 41
139 45
139 50
139 57
139 134
140 5
140 32
140 35
