150
1036
1 26
1 33
1 59
1 62
1 98
1 135
2 15
2 58
2 106
2 112
2 129
2 140
3 1
3 7
3 32
3 39
3 97
3 99
3 101
3 108
3 112
3 124
3 125
3 128
3 135
3 139
3 147
3 150
4 6
4 62
4 80
4 101
4 117
5 14
5 38
5 51
5 106
5 122
6 39
6 45
6 53
6 92
6 94
6 107
6 140
7 4
7 28
7 36
7 38
7 39
7 56
7 113
7 126
8 19
8 20
8 35
8 51
8 70
8 84
8 113
8 121
9 8
9 10
9 38
9 50
9 54
9 59
9 68
9 89
9 95
10 2
10 17
10 42
10 60
10 62
10 88
10 105
10 116
10 119
10 135
11 13
11 15
11 20
11 98
11 131
11 134
11 143
12 76
12 89
12 91
12 92
13 2
13 31
13 35
13 36
13 46
13 48
13 56
13 65
13 78
13 102
14 95
14 96
14 98
14 111
14 114
14 118
14 133
14 136
14 148
15 45
15 89
15 114
15 146
16 37
16 59
16 81
16 85
16 86
16 95
16 131
16 136
16 149
17 8
17 9
17 32
17 56
17 79
17 95
17 117
17 118
17 122
17 133
17 141
18 16
18 17
18 21
18 47
18 48
18 74
18 128
19 26
19 44
19 64
19 95
19 105
19 134
19 137
20 64
20 96
20 142
20 146
21 15
21 28
21 33
21 49
21 89
21 92
21 99
22 30
22 45
22 77
22 83
22 110
22 124
23 8
23 20
23 39
23 69
23 96
23 141
24 33
24 40
24 61
24 78
24 92
24 107
25 5
25 28
25 79
25 120
25 140
26 37
26 81
26 130
26 133
27 17
27 80
27 135
28 11
28 12
28 64
28 83
28 91
28 99
28 134
29 7
29 33
29 140
30 32
30 48
30 70
30 74
30 90
30 94
30 101
30 126
30 134
31 4
31 13
31 18
31 24
31 38
31 85
31 86
31 88
32 61
32 84
32 98
32 145
33 36
33 43
33 46
33 87
33 101
33 113
33 145
34 19
34 32
34 46
34 66
34 75
34 78
34 95
34 97
34 123
34 148
35 3
35 64
35 85
35 86
35 107
35 135
35 145
36 39
36 54
36 61
36 101
36 110
36 117
36 121
37 14
37 16
37 71
37 73
37 89
37 91
37 96
37 108
37 125
37 141
38 3
38 7
38 63
38 64
38 68
38 85
38 87
38 126
38 134
39 11
39 16
39 31
39 32
39 76
39 115
39 144
39 146
40 44
40 68
40 72
40 124
40 141
41 5
41 56
41 89
41 116
42 7
42 9
42 23
42 32
42 35
42 54
42 70
43 2
43 40
43 101
43 107
43 117
43 138
43 144
44 24
44 36
44 51
44 64
44 89
44 93
44 113
44 122
44 136
45 9
45 12
45 19
45 67
45 87
45 108
45 117
45 128
45 141
46 50
46 55
46 65
47 29
47 44
47 95
47 104
47 137
48 13
48 20
48 30
48 42
48 77
48 86
49 18
49 33
49 42
49 65
49 79
49 91
49 100
49 116
49 121
49 133
50 5
50 6
50 31
50 47
50 76
50 85
50 133
50 140
51 19
51 47
51 62
51 84
51 112
51 120
51 127
51 145
52 3
52 8
52 10
52 30
52 36
52 50
52 85
52 107
52 114
52 123
52 134
52 150
53 39
53 66
53 71
53 82
53 104
53 113
53 120
54 6
54 25
54 42
54 44
54 59
54 67
54 96
54 105
54 118
54 129
54 146
55 11
55 65
55 106
55 141
55 145
56 3
56 42
56 49
56 73
56 77
56 97
56 116
57 6
57 10
57 23
57 33
57 61
57 63
57 95
57 98
57 110
57 119
57 123
58 43
58 49
58 61
58 63
58 119
58 145
59 1
59 16
59 23
59 74
59 75
59 111
59 129
60 56
60 64
60 71
60 85
60 108
60 135
60 139
60 143
60 144
61 20
61 111
61 147
62 13
62 36
62 37
62 38
62 39
62 63
62 74
62 132
62 146
63 1
63 29
63 31
63 35
63 48
63 64
63 68
63 79
63 107
63 115
63 139
63 143
63 148
63 149
64 24
64 73
64 87
64 121
64 135
64 136
65 38
65 44
65 73
65 111
65 113
65 118
66 19
66 67
66 74
66 89
66 97
66 139
66 144
67 11
67 18
67 76
67 84
68 13
68 31
68 44
68 48
68 60
68 62
68 70
68 96
68 113
68 120
68 147
69 49
69 56
69 67
69 81
69 95
69 102
69 106
69 139
70 28
70 80
70 144
70 145
71 22
71 29
71 40
71 73
71 74
71 104
71 126
71 150
72 11
72 35
72 45
72 78
72 115
72 117
72 119
72 134
72 137
73 85
73 105
73 137
73 139
73 150
74 8
74 25
74 29
74 49
74 128
75 63
75 86
75 129
76 49
76 56
76 77
76 106
76 140
76 145
77 23
77 42
77 55
77 67
77 80
77 88
77 95
77 127
77 138
77 141
77 146
78 11
78 19
78 57
78 113
78 124
78 134
79 1
79 11
79 15
79 20
79 26
79 31
79 39
79 43
79 45
79 81
79 92
79 113
79 142
79 144
80 7
80 23
80 36
80 49
80 64
80 77
80 102
81 25
81 38
81 66
81 69
81 80
82 49
82 51
82 75
82 120
83 4
83 15
83 139
84 5
84 6
84 22
84 48
84 103
85 5
85 40
85 52
85 84
85 101
85 112
85 113
85 137
86 22
86 24
86 100
86 104
86 112
87 14
87 54
87 73
87 82
87 93
87 145
88 58
88 64
88 98
88 100
88 115
88 133
88 136
88 147
89 5
89 44
89 61
89 71
89 115
89 134
89 142
90 31
90 46
90 81
90 132
90 146
91 6
92 9
92 31
92 77
92 83
92 89
92 99
92 126
92 127
92 129
93 25
93 51
93 55
93 62
93 77
93 129
93 138
94 1
94 8
94 18
94 25
94 30
94 76
94 92
94 95
94 121
94 144
94 147
94 150
95 36
95 53
95 91
95 126
95 129
95 130
95 150
96 4
96 23
96 48
96 55
96 56
96 90
96 102
96 119
96 121
96 125
96 126
96 140
96 143
97 14
97 28
97 36
97 62
98 28
98 48
98 62
98 81
98 95
98 143
99 38
99 46
99 92
99 112
99 131
99 135
100 1
100 22
100 25
100 29
100 33
100 41
100 66
100 77
100 136
100 137
100 145
101 36
101 61
101 67
101 99
101 109
101 137
102 2
102 43
102 71
102 78
102 109
102 111
102 134
102 142
102 147
102 149
103 38
103 49
103 81
103 83
104 3
104 19
104 22
104 32
104 34
104 50
104 51
104 58
104 85
104 109
104 135
105 3
105 18
105 51
105 56
105 80
105 109
105 128
105 138
105 145
105 150
106 1
106 13
106 23
106 29
106 143
106 144
107 3
107 9
107 48
107 66
107 146
108 9
108 10
108 14
108 21
108 55
108 72
108 110
108 127
108 134
109 12
109 16
109 35
109 37
109 38
109 78
109 114
109 138
110 7
110 19
110 23
110 101
110 124
111 6
111 96
111 102
112 5
112 21
112 31
112 63
112 76
112 80
112 96
112 101
112 102
112 136
113 16
113 52
113 102
113 108
114 31
114 48
114 50
114 110
114 144
114 146
115 11
115 40
115 48
115 89
115 133
115 137
116 12
116 15
116 39
116 71
116 111
117 19
117 34
117 47
117 49
117 74
117 93
118 13
118 16
118 52
118 86
118 150
119 11
119 28
119 46
119 66
119 73
119 83
119 127
120 8
120 22
120 44
120 60
120 94
120 96
120 121
120 122
120 123
120 135
120 139
120 150
121 29
121 37
121 44
121 90
122 26
122 31
122 106
122 117
122 118
122 126
123 48
123 68
123 69
123 88
123 124
123 143
124 27
124 40
124 95
124 105
124 114
124 147
125 4
125 17
125 57
125 75
125 103
125 106
125 119
126 63
126 86
126 108
126 133
127 19
127 37
127 65
127 98
127 148
128 19
128 20
128 22
128 54
128 60
128 67
128 120
128 138
129 51
129 52
129 53
129 54
129 146
129 149
130 90
130 92
130 132
130 143
131 9
131 11
131 18
131 19
131 47
131 51
131 107
131 121
132 41
132 79
132 90
132 104
132 142
133 30
133 45
133 58
133 67
133 81
133 131
134 16
134 24
134 46
134 66
134 118
134 126
135 125
135 127
135 148
136 61
136 129
137 26
137 28
137 38
137 46
137 92
137 122
137 128
138 4
138 21
138 23
138 24
138 47
138 54
138 100
138 113
138 118
138 126
138 128
138 150
139 22
139 45
139 48
139 55
139 69
139 121
140 25
140 45
140 58
140 78
140 102
140 145
141 18
141 23
141 25
141 30
141 63
141 87
141 114
142 77
142 89
143 13
143 20
143 36
143 126
143 134
144 17
144 39
144 62
144 66
144 99
144 102
144 118
145 7
145 10
145 45
145 67
145 69
145 86
145 107
145 108
145 122
145 128
145 140
146 21
146 49
146 93
146 104
146 107
146 141
146 143
147 2
147 14
147 24
147 47
147 56
147 88
147 107
147 108
147 112
147 113
147 119
147 137
148 4
148 21
148 23
148 79
148 107
149 6
149 12
149 13
149 31
149 60
149 62
149 77
149 92
149 105
150 2
150 24
150 27
150 74
