150
742
1 3
1 32
1 37
2 4
2 25
2 44
2 49
2 90
3 47
3 50
3 65
3 146
3 148
4 3
4 49
4 61
4 73
4 105
4 126
5 15
5 113
5 150
6 35
6 46
6 81
6 95
6 112
6 127
7 3
7 15
7 79
7 122
7 139
7 141
8 3
8 26
8 51
8 62
8 73
8 93
8 104
8 128
9 14
9 19
9 42
9 43
9 48
9 66
10 2
10 49
10 76
10 127
11 13
11 21
11 79
11 119
12 94
12 119
13 10
13 15
13 49
13 73
13 91
13 115
13 134
14 22
14 36
14 69
14 83
14 127
15 7
15 16
15 22
15 59
15 100
15 101
15 110
15 112
15 129
15 142
16 17
16 29
16 65
16 127
17 27
17 63
17 74
17 77
17 113
18 33
18 34
18 35
18 50
18 139
18 148
19 70
19 90
19 132
19 133
20 38
20 63
20 77
20 100
20 123
21 1
21 63
21 104
21 106
21 107
21 138
22 11
22 21
22 44
22 54
22 108
22 109
22 143
23 21
23 69
23 79
23 88
23 139
23 145
24 31
24 48
24 66
24 86
24 93
24 130
24 143
25 63
25 133
25 149
26 8
26 75
26 85
26 88
26 90
26 110
26 116
26 133
27 12
27 21
27 59
27 74
27 104
27 108
27 122
28 40
28 74
28 87
28 97
28 114
28 125
28 132
28 146
29 10
29 49
29 51
29 57
29 66
29 91
29 95
29 144
30 6
30 39
30 47
30 59
30 81
30 115
31 37
31 122
31 131
31 148
32 84
32 116
33 4
33 71
33 114
33 125
33 145
34 32
34 44
34 46
34 79
34 94
35 13
35 50
35 92
35 123
35 131
35 138
36 7
36 11
36 59
36 85
37 16
37 32
37 71
37 93
37 115
37 134
37 138
38 1
38 3
38 31
38 73
38 110
38 149
39 52
39 59
40 41
40 55
40 61
40 150
41 10
41 17
41 70
41 82
41 90
42 27
42 77
42 88
42 118
43 26
43 42
44 62
44 67
44 85
44 100
45 13
45 85
45 126
46 115
46 126
47 19
47 33
47 71
47 79
47 136
48 40
48 76
48 94
48 105
49 96
49 117
49 128
50 22
50 78
50 84
50 86
50 99
50 138
51 28
51 56
51 108
51 110
51 132
51 145
52 31
52 51
52 54
52 58
52 64
52 71
52 114
52 127
53 35
53 49
53 115
54 11
54 35
54 47
54 133
54 144
54 148
55 21
55 102
55 144
56 29
56 40
56 76
56 104
56 149
57 44
57 55
57 75
57 80
57 150
58 9
58 53
58 60
58 61
58 96
58 132
59 12
59 15
59 47
59 111
59 122
59 147
60 18
60 36
60 103
61 15
61 16
61 49
61 58
61 82
61 86
61 96
61 133
61 148
62 31
62 77
62 79
62 86
63 11
63 78
63 83
63 100
63 107
63 145
64 4
64 30
64 67
64 68
64 111
65 51
65 126
65 134
66 8
66 23
66 54
66 100
67 32
67 47
67 89
67 103
68 108
69 131
70 115
70 146
70 149
71 23
71 108
72 3
72 15
72 23
72 33
72 96
72 109
74 12
74 33
75 6
75 20
75 36
75 81
75 120
75 125
76 11
76 21
76 93
76 143
77 26
77 61
77 73
77 115
78 18
78 41
78 42
78 57
78 64
78 91
78 127
79 144
80 15
80 79
80 83
80 116
81 46
81 61
81 107
82 88
82 93
83 63
83 133
84 12
84 69
84 79
84 96
84 107
84 109
84 137
85 19
85 27
85 95
85 97
85 116
85 124
85 141
86 44
86 63
86 85
86 150
87 5
87 13
87 61
87 67
87 116
87 134
88 28
88 67
88 122
88 129
89 8
89 17
89 30
89 134
89 138
90 9
90 51
90 72
90 126
91 39
91 42
91 60
91 76
91 78
91 107
91 118
91 129
91 135
91 149
92 10
92 31
92 45
92 112
93 106
94 27
94 82
94 112
94 119
94 134
95 13
95 40
95 51
95 91
95 129
96 21
96 28
96 38
96 44
96 45
96 54
96 63
96 81
96 85
96 94
96 126
96 136
96 139
96 143
97 55
98 22
98 36
98 96
98 146
98 150
99 2
99 21
100 1
100 2
100 17
100 21
100 56
100 80
100 81
100 92
101 20
101 44
101 62
101 85
101 95
101 138
102 7
102 26
102 35
102 49
102 70
102 91
102 120
102 123
102 148
103 77
103 101
104 47
104 54
104 109
105 41
105 43
105 72
105 100
105 113
105 147
106 63
106 64
106 78
106 83
106 98
106 101
107 20
107 22
107 36
107 64
107 84
107 88
108 21
108 91
108 120
109 30
109 52
109 53
109 65
109 89
109 98
109 103
109 110
110 11
110 81
111 15
111 49
111 52
111 58
111 74
111 97
112 29
112 67
112 121
112 133
113 23
113 119
114 57
114 69
114 122
115 7
115 11
115 15
115 27
115 54
115 87
115 91
116 10
116 24
116 30
116 38
116 60
116 94
116 139
117 13
117 45
117 46
117 68
117 70
117 71
117 132
118 58
118 103
119 59
119 60
119 103
119 122
119 126
120 39
120 85
120 94
120 96
120 109
120 145
121 27
121 95
121 104
121 106
121 138
121 140
122 6
122 14
122 22
122 36
122 50
122 81
122 97
122 128
122 133
123 6
123 100
123 124
123 146
124 12
124 87
124 97
124 125
124 135
125 14
125 31
125 50
125 60
125 80
125 108
125 136
126 13
126 28
126 33
126 81
127 4
127 60
127 62
127 98
127 105
127 149
128 20
128 56
128 66
128 94
128 96
128 109
128 121
129 41
129 59
129 79
129 91
129 131
129 135
130 13
130 30
130 37
130 77
130 81
130 85
130 88
130 100
130 103
130 111
130 118
130 127
131 84
131 98
131 140
131 145
131 146
132 17
132 55
132 130
133 14
133 23
133 62
133 96
133 106
133 126
133 144
134 63
134 68
134 147
135 16
135 40
135 52
135 122
135 143
136 58
136 59
136 63
136 85
137 22
137 29
137 41
137 120
137 132
137 145
137 146
138 5
138 60
138 71
138 94
138 146
139 81
139 137
139 150
140 22
140 34
140 37
140 54
140 86
140 96
141 66
142 11
142 87
142 108
142 143
143 38
143 56
143 60
143 86
143 115
143 116
143 144
144 35
144 125
144 142
145 14
145 30
145 56
145 89
145 116
145 124
146 8
146 30
146 102
146 115
146 117
146 134
147 35
147 45
147 49
147 66
147 73
147 83
147 94
147 114
147 121
147 140
148 44
148 61
148 82
149 21
149 38
149 41
149 49
149 72
150 2
150 18
150 71
150 123
