150
1320
1 9
1 11
1 30
1 41
1 46
1 55
1 56
1 84
1 112
2 1
2 94
2 128
3 6
3 38
3 61
3 105
3 120
3 149
4 8
4 32
4 64
4 75
4 108
4 112
4 118
4 141
5 2
5 22
5 27
5 33
5 42
5 48
5 51
5 60
5 61
5 115
5 116
5 118
5 119
5 139
5 147
6 5
6 38
6 44
6 56
6 68
6 148
7 3
7 27
7 54
7 71
7 78
7 81
7 87
7 98
7 107
7 132
7 138
8 4
8 7
8 45
8 59
8 66
8 70
8 71
8 92
8 104
8 107
8 133
8 145
9 6
9 12
9 19
9 21
9 47
9 104
9 117
9 143
10 41
10 53
10 65
10 83
11 18
11 35
11 37
11 68
11 69
11 84
11 85
11 90
11 93
12 18
12 26
12 29
12 34
12 41
12 44
12 46
12 68
12 72
12 81
12 100
12 118
13 3
13 36
13 58
13 70
13 72
13 77
13 84
13 85
13 87
13 92
13 109
13 134
13 149
14 5
14 38
14 52
14 64
14 66
14 67
14 98
15 51
15 66
15 92
15 113
15 124
15 129
15 132
16 29
16 38
16 54
16 70
16 74
16 89
16 131
17 8
17 28
17 34
17 49
17 50
17 54
17 58
17 60
17 77
17 106
17 128
18 45
18 60
18 104
18 109
18 127
18 137
18 140
18 149
19 7
19 20
19 22
19 31
19 33
19 38
19 117
19 124
19 132
20 8
20 19
20 31
20 40
20 69
20 102
20 108
20 122
20 127
20 139
21 6
21 11
21 13
21 32
21 59
21 84
21 85
21 114
21 131
21 136
22 5
22 23
22 31
22 60
22 94
22 101
22 110
22 133
22 135
22 136
23 18
23 28
23 45
23 50
23 63
23 77
23 136
23 143
24 23
24 25
24 28
24 47
24 54
24 55
24 87
24 103
24 106
24 112
24 125
24 129
24 144
25 21
25 22
25 46
25 69
25 78
25 88
25 94
25 100
26 14
26 20
26 28
26 36
26 50
26 54
26 68
26 72
26 80
26 81
26 88
26 119
26 125
26 138
27 11
27 25
27 26
27 32
27 36
27 72
27 92
27 96
27 117
27 136
27 144
27 149
28 12
28 21
28 33
28 42
29 93
29 107
29 117
29 130
29 147
30 8
30 11
30 12
30 32
30 48
30 61
30 86
30 93
30 97
30 103
30 118
30 131
30 134
30 136
31 13
31 22
31 27
31 63
31 82
31 89
31 129
31 132
31 146
32 36
32 45
32 86
32 94
32 107
32 110
32 121
32 130
32 149
33 43
33 45
33 56
33 58
33 70
33 79
33 102
33 113
33 114
33 122
34 6
34 7
34 18
34 22
34 23
34 38
34 53
34 73
34 98
34 114
34 140
34 150
35 7
35 9
35 20
35 42
35 94
35 104
35 116
35 132
35 138
36 3
36 52
36 56
36 62
36 70
36 129
36 143
37 3
37 53
37 75
37 81
37 95
37 96
37 145
38 3
38 27
38 54
38 55
38 70
38 75
38 86
38 107
38 113
38 119
38 123
38 124
39 48
39 64
39 65
39 68
39 99
39 102
39 108
39 118
40 2
40 21
40 27
40 42
40 55
40 56
40 62
40 92
40 95
40 124
40 138
40 143
40 145
40 148
41 17
41 89
41 94
41 127
42 2
42 8
42 78
42 87
42 97
42 117
42 123
42 138
43 37
43 39
43 71
43 74
43 78
43 105
43 106
43 115
43 127
43 148
44 1
44 11
44 17
44 40
44 46
44 49
44 57
44 98
44 104
44 108
44 129
45 9
45 21
45 26
45 28
45 54
45 57
45 58
45 73
45 78
45 81
45 90
45 100
45 121
45 130
45 138
45 146
45 148
46 21
46 35
46 89
46 110
46 129
46 131
46 137
46 141
46 145
47 18
47 50
47 54
47 58
47 61
47 67
47 80
47 92
47 132
47 141
48 5
48 9
48 33
48 61
48 67
48 96
48 98
48 102
48 110
49 2
49 14
49 18
49 36
49 48
49 85
49 101
49 137
49 148
50 3
50 6
50 21
50 51
50 71
50 75
50 78
50 91
50 95
50 121
51 3
51 32
51 34
51 36
51 55
51 101
51 105
51 119
51 120
51 130
51 138
52 14
52 22
52 34
52 61
52 105
52 112
52 116
52 124
52 131
52 138
53 5
53 11
53 16
53 27
53 46
53 52
53 97
53 107
53 109
53 132
53 138
54 1
54 20
54 51
54 70
54 89
54 106
54 111
54 113
54 128
54 139
55 9
55 29
55 73
55 96
55 100
55 101
55 105
55 129
55 135
56 6
56 13
56 23
56 32
56 43
56 50
56 66
56 99
56 133
56 137
56 150
57 4
57 11
57 12
57 33
57 40
57 58
57 62
57 99
57 131
58 14
58 18
58 30
58 34
58 41
58 49
58 78
58 89
58 107
58 120
58 144
59 33
59 63
59 95
59 105
59 110
59 142
60 25
60 31
60 37
60 43
60 69
60 77
60 90
60 98
60 102
60 108
60 126
61 64
61 69
61 77
61 130
62 7
62 10
62 26
62 86
62 102
62 119
62 147
63 24
63 66
63 78
63 83
63 98
63 101
63 123
63 129
63 135
63 140
63 141
64 9
64 65
64 77
64 88
64 89
64 116
64 150
65 14
65 18
65 21
65 26
65 80
65 108
65 115
65 147
66 9
66 51
66 99
66 109
66 110
66 139
67 12
67 52
67 56
67 122
67 131
68 3
68 23
68 24
68 25
68 36
68 73
68 75
68 83
68 105
69 21
69 40
69 60
69 90
69 145
70 12
70 17
70 18
70 20
70 23
70 45
70 61
70 71
70 77
70 85
70 94
70 114
70 130
70 131
70 132
71 4
71 7
71 45
71 49
71 65
71 103
71 119
71 121
72 12
72 29
72 36
72 52
72 89
72 105
72 133
73 14
73 20
73 36
73 40
73 61
73 67
73 124
73 131
73 141
73 147
74 29
74 55
74 65
74 73
74 76
74 121
74 148
75 22
75 30
75 39
75 50
75 93
75 138
76 2
76 16
76 20
76 28
76 94
76 110
76 118
76 120
76 124
76 133
76 141
76 147
77 3
77 39
77 62
77 105
77 118
78 1
78 23
78 30
78 33
78 37
78 40
78 46
78 55
78 67
78 69
78 106
78 109
78 135
79 30
79 84
79 103
79 104
79 105
79 122
79 123
80 4
80 18
80 49
80 61
80 75
80 82
80 94
80 112
80 129
80 137
80 143
81 6
81 8
81 23
81 34
81 35
81 47
81 50
81 61
81 72
81 87
81 104
81 112
81 130
81 145
82 25
82 33
82 63
82 69
82 104
82 117
82 133
83 3
83 11
83 24
83 31
83 74
83 77
83 91
83 124
83 130
83 138
83 140
84 23
84 31
84 52
84 55
84 69
84 79
84 81
84 106
85 27
85 52
85 55
85 64
85 68
85 84
85 141
86 24
86 44
86 48
86 66
86 70
86 83
86 95
86 99
86 110
86 129
86 136
86 145
87 15
87 64
87 69
87 97
87 137
88 23
88 54
88 62
88 87
88 119
88 120
88 137
88 142
89 27
89 29
89 62
89 83
89 100
89 111
89 124
89 150
90 2
90 12
90 35
90 57
90 80
90 106
90 116
90 148
91 24
91 32
91 34
91 97
91 114
91 115
91 117
91 125
91 130
92 31
92 34
92 37
92 48
92 60
92 69
92 87
92 90
92 97
92 106
92 135
93 38
93 68
93 86
93 112
93 120
94 3
94 24
94 32
94 33
94 39
94 41
94 45
94 67
94 96
94 105
94 115
94 130
94 138
95 17
95 45
95 61
95 77
95 78
95 93
95 96
95 128
95 139
95 148
96 6
96 21
96 45
96 83
96 104
97 3
97 23
97 25
97 44
97 70
97 80
97 112
97 117
97 118
97 133
97 136
97 142
97 149
98 3
98 52
98 57
98 61
98 67
98 74
98 99
98 119
99 6
99 36
99 41
99 44
99 45
99 78
100 22
100 61
100 84
100 92
100 94
100 126
100 140
100 144
100 147
101 9
101 23
101 27
101 39
101 42
101 81
101 85
101 109
101 114
101 117
102 6
102 35
102 87
102 126
102 150
103 5
103 36
103 39
103 42
103 62
103 91
103 106
103 109
104 62
104 69
104 84
104 109
104 127
104 137
105 69
105 91
105 102
105 109
105 110
105 122
105 123
105 128
106 31
106 40
106 41
106 75
106 96
106 99
106 114
106 143
107 26
107 32
107 37
107 50
107 65
107 103
107 108
107 126
108 18
108 28
108 75
108 78
108 85
108 117
109 39
109 45
109 71
109 90
109 96
109 148
110 26
110 103
110 132
111 4
111 14
111 22
111 30
111 46
111 85
111 138
111 142
112 15
112 45
112 48
112 52
112 73
112 87
112 93
112 138
113 20
113 68
113 92
114 43
114 55
114 65
114 73
114 82
114 105
114 127
115 88
115 120
115 128
115 134
116 11
116 18
116 24
116 37
116 38
116 40
116 49
116 60
116 83
116 112
117 18
117 22
117 94
117 98
117 136
118 41
118 43
118 71
118 117
119 7
119 11
119 19
119 78
119 113
119 118
119 145
120 8
120 43
120 63
120 67
120 78
120 87
120 88
120 105
120 109
120 134
120 136
120 144
121 12
121 51
121 52
121 62
121 64
121 75
121 81
121 93
121 102
121 117
121 136
122 30
122 86
122 107
123 12
123 41
123 47
123 57
123 62
123 73
123 78
123 85
123 86
123 90
123 98
123 114
123 121
123 127
123 144
123 149
124 2
124 50
124 78
124 98
124 123
124 149
125 6
125 10
125 29
125 37
125 98
125 109
125 113
125 118
125 126
125 134
125 136
126 23
126 77
126 78
126 118
126 133
126 137
127 25
127 43
127 61
127 68
127 73
127 113
127 119
127 132
127 149
128 15
128 38
128 64
128 65
128 71
128 108
128 115
128 149
129 2
129 34
129 55
129 57
129 87
129 137
129 147
130 4
130 11
130 55
130 56
130 62
130 66
130 68
130 79
130 81
130 90
130 91
130 100
131 12
131 15
131 19
131 37
131 41
131 56
131 58
131 98
131 113
131 137
131 138
131 147
132 15
132 16
132 26
132 29
132 48
132 57
132 64
132 69
132 76
132 81
132 100
132 102
132 108
132 116
133 23
133 49
133 56
133 85
133 102
133 107
133 108
133 113
133 120
134 6
134 11
134 29
134 39
134 40
134 50
134 64
134 68
134 86
134 105
134 107
134 115
134 137
134 140
135 8
135 12
135 17
135 46
135 58
135 78
135 79
135 89
135 96
135 118
135 137
135 140
135 144
135 147
136 23
136 45
136 48
136 96
136 106
136 113
136 141
137 12
137 31
137 57
137 59
137 69
137 75
137 84
137 89
137 98
137 118
137 150
138 54
138 118
139 4
139 16
139 23
139 25
139 61
139 72
139 76
139 113
139 121
140 13
140 25
140 32
140 35
140 61
140 65
140 71
140 79
140 99
140 104
140 118
141 36
141 42
141 43
141 98
141 100
141 127
141 133
141 147
142 28
142 68
142 92
142 115
142 141
143 12
143 18
143 57
143 81
143 95
143 120
143 122
144 16
144 22
144 33
144 41
144 106
144 126
144 140
145 15
145 19
145 32
145 48
145 58
145 85
145 91
145 117
145 139
145 146
146 6
146 21
146 30
146 47
146 55
146 69
146 100
146 107
146 136
146 141
147 4
147 5
147 27
147 57
147 93
147 94
147 125
147 128
148 1
148 11
148 16
148 27
148 33
148 71
148 74
148 80
148 88
148 92
148 96
148 121
148 130
148 135
149 25
149 35
149 64
149 71
149 88
149 101
149 116
149 123
150 1
150 5
150 16
150 125
150 126
150 129
150 134
150 141
150 148
