160
786
1 8
1 9
1 11
1 91
1 141
2 23
2 92
3 12
3 32
3 93
3 99
3 113
3 116
3 121
3 137
4 15
4 47
4 75
4 104
4 157
4 158
5 18
5 31
5 55
5 83
5 150
6 37
6 76
6 115
7 17
7 55
7 78
8 10
8 20
8 22
8 23
8 40
8 51
8 92
8 124
9 2
9 14
9 37
9 53
9 60
9 63
9 81
9 100
9 128
10 40
10 66
10 84
10 104
10 145
10 160
11 2
11 8
11 51
11 61
12 7
12 38
12 76
12 126
13 8
13 99
13 121
13 138
14 3
14 20
14 37
14 48
14 159
15 35
15 73
15 86
15 143
16 10
16 36
16 59
16 71
16 118
17 26
17 32
17 57
17 62
17 107
18 28
18 117
18 139
19 7
19 76
19 83
19 96
19 109
19 154
20 21
20 53
20 75
20 106
21 24
21 62
21 74
22 54
23 1
23 32
23 64
23 150
25 24
25 103
25 106
25 122
25 139
26 23
27 45
27 46
27 65
27 68
27 73
27 77
27 140
27 145
28 21
28 25
28 39
28 60
29 87
29 102
29 127
29 151
30 9
30 13
30 127
30 139
30 149
31 25
31 105
31 109
31 117
31 123
32 13
32 23
32 53
32 63
32 74
32 131
32 143
33 42
33 55
33 62
33 74
33 92
33 125
33 130
33 156
34 51
34 53
34 112
34 124
35 20
35 22
35 62
35 67
35 87
35 129
36 14
36 37
36 40
36 47
36 76
36 99
37 4
37 41
37 52
37 71
37 83
37 87
37 155
38 6
38 17
38 20
38 27
38 71
38 79
38 122
38 140
38 143
38 159
39 34
39 62
39 92
39 123
39 137
39 140
39 152
39 160
40 53
40 55
40 81
40 95
40 110
41 19
41 21
41 48
42 73
42 159
43 13
43 24
43 68
44 3
44 9
44 20
44 31
44 53
44 59
44 102
44 108
45 3
45 42
45 72
45 133
46 110
46 160
47 6
47 13
47 14
47 20
47 36
47 135
48 17
48 85
48 93
48 97
48 110
49 24
49 44
49 59
49 80
49 91
49 127
51 13
51 15
51 30
51 32
51 80
51 102
51 141
52 50
52 113
52 137
52 157
53 3
53 4
53 7
53 31
53 52
53 82
53 102
53 112
54 51
54 97
54 107
54 114
54 123
55 31
55 46
55 50
55 58
55 120
56 20
56 34
56 50
56 72
56 88
56 118
56 126
56 155
57 147
58 46
58 60
58 115
58 142
59 2
59 72
59 134
60 2
60 63
60 67
60 106
60 119
61 4
61 47
61 100
61 124
61 131
61 134
62 76
62 83
62 126
62 133
62 158
63 13
63 38
63 108
63 128
63 137
63 147
64 14
64 23
64 52
64 142
65 78
65 138
65 139
66 30
66 40
66 65
66 119
66 135
66 138
67 11
67 31
67 60
67 94
67 143
68 11
68 19
68 50
68 73
68 112
68 147
68 157
69 16
69 57
69 95
69 145
69 159
70 22
70 42
70 55
70 106
70 123
70 158
71 19
71 33
71 101
71 137
71 146
72 60
72 86
72 118
72 129
73 81
73 104
73 113
74 53
74 95
75 31
75 72
75 83
75 144
75 157
76 2
76 31
76 62
76 92
76 96
76 99
77 2
77 5
77 37
77 98
78 31
78 79
78 99
78 104
78 127
78 141
79 31
79 67
79 71
80 34
80 128
80 159
81 33
81 42
81 50
81 86
81 96
82 8
82 107
83 125
83 139
84 17
84 36
84 98
84 99
84 103
84 109
85 13
85 35
85 36
86 23
86 35
86 60
86 100
86 131
87 50
88 56
88 106
88 111
89 44
89 77
89 101
89 103
90 32
90 36
90 58
90 61
90 74
90 112
90 122
90 127
91 144
91 157
92 27
92 112
92 113
92 123
92 134
92 158
93 21
93 54
93 65
93 66
93 68
93 124
93 125
93 157
94 6
94 24
94 87
94 124
95 5
95 27
95 45
95 55
95 107
95 139
96 38
96 57
96 86
96 97
96 116
96 133
97 15
97 64
97 140
98 3
98 35
98 62
98 65
98 71
98 120
98 145
98 147
99 1
99 10
99 26
99 54
99 79
100 8
100 16
100 136
101 75
101 142
101 157
102 9
102 51
102 126
103 42
103 67
103 137
103 139
104 14
104 28
104 40
104 43
104 90
104 100
104 159
105 11
105 107
106 7
106 79
106 108
107 19
107 74
108 29
108 35
108 63
108 73
108 76
108 90
108 159
109 36
109 57
109 94
109 119
109 143
109 146
109 149
110 36
110 72
110 99
110 144
111 25
111 27
111 37
111 107
111 118
111 119
111 137
112 15
112 41
112 67
112 110
112 121
112 139
113 25
113 65
113 152
113 154
113 155
114 11
114 40
114 43
114 47
114 98
114 102
114 110
115 48
115 73
115 75
115 99
115 116
116 34
116 60
116 95
116 123
116 127
116 146
117 45
117 92
117 106
117 126
117 140
118 29
118 65
118 105
118 151
119 11
119 68
119 83
119 111
119 134
119 147
120 27
120 32
120 64
120 66
120 77
120 157
121 40
121 119
121 128
121 138
122 45
122 62
122 102
122 115
122 131
122 132
122 143
123 17
123 22
123 30
123 49
123 67
123 74
123 127
123 135
124 57
124 130
124 132
125 59
125 67
126 30
126 112
126 139
126 154
127 1
127 30
127 43
127 82
127 142
128 13
128 15
128 16
128 20
128 54
128 118
128 143
128 154
129 69
129 119
129 140
130 42
130 50
130 56
130 116
130 157
131 26
131 46
131 97
131 120
131 133
131 138
132 19
132 25
132 78
132 83
132 91
132 101
132 105
133 49
133 60
133 126
134 17
134 18
134 54
134 67
134 131
135 21
135 39
135 103
135 138
136 6
136 45
136 46
136 55
136 73
136 83
136 91
136 110
136 115
137 7
137 49
137 52
137 109
137 110
137 152
137 157
138 47
138 66
138 75
138 77
138 129
138 131
139 4
139 23
139 44
139 82
139 84
139 101
139 105
139 133
140 4
140 10
140 42
140 58
140 64
140 104
140 126
141 14
141 23
141 46
141 59
141 74
141 80
141 86
141 89
141 108
141 134
141 154
142 24
142 32
142 54
142 72
142 79
142 90
142 101
143 18
143 46
143 150
144 47
144 58
145 14
145 25
145 55
145 65
145 103
145 128
145 138
146 29
146 79
146 127
146 145
146 160
147 18
147 35
147 38
147 57
147 62
147 98
147 105
147 138
148 14
148 43
148 46
148 49
148 75
148 78
148 83
148 96
149 21
149 128
150 16
150 33
150 117
150 146
151 29
151 73
151 112
151 121
151 133
152 66
152 149
153 19
153 34
153 41
153 64
153 66
153 73
153 76
153 128
153 144
154 23
154 42
154 88
154 134
155 28
155 34
155 35
155 76
155 80
155 134
156 86
156 101
157 15
157 59
157 60
157 121
158 45
158 50
158 96
158 137
158 138
158 143
159 34
159 123
159 136
160 3
160 74
160 85
160 99
160 152
