160
159
1 120
2 45
2 129
3 13
4 49
4 127
6 40
7 116
8 28
10 59
10 120
10 148
11 86
14 25
15 120
15 157
16 70
16 134
16 136
17 50
20 12
22 39
23 123
26 39
26 159
27 157
31 112
31 130
32 110
36 130
37 62
38 45
38 74
39 103
41 30
42 101
43 139
47 49
47 51
47 88
48 73
52 62
53 146
54 49
54 57
54 95
54 110
55 1
56 102
57 29
57 108
57 145
58 91
58 125
59 67
60 57
60 99
61 20
61 50
61 56
63 53
63 100
64 86
68 40
70 13
70 25
70 52
71 20
71 60
74 144
75 5
75 40
78 14
79 80
80 36
80 123
82 58
82 89
83 91
83 101
84 150
85 1
85 21
87 137
88 117
91 99
92 42
94 22
98 10
98 74
99 116
99 134
100 56
100 72
101 74
102 38
102 159
103 111
104 132
104 153
108 140
110 71
111 27
111 29
113 130
114 154
115 22
117 37
119 22
119 126
120 33
123 90
126 78
126 145
128 109
128 129
129 51
129 93
131 158
132 111
133 58
133 126
133 137
136 67
136 91
137 72
138 137
138 150
140 147
142 137
144 22
144 134
144 155
145 16
145 55
146 16
148 106
149 97
149 152
150 65
151 31
151 55
151 89
152 9
153 56
153 151
154 4
154 19
154 85
154 86
154 132
155 39
155 67
155 145
156 25
156 130
159 58
159 126
160 151
