160
634
1 12
1 35
1 52
1 67
1 113
2 12
2 19
2 73
2 85
2 136
3 4
3 28
3 88
3 115
3 154
4 53
4 58
4 95
4 108
4 147
5 92
5 107
5 129
5 146
6 29
6 51
6 105
7 24
7 90
7 138
8 34
8 54
8 64
8 137
8 160
9 46
9 119
9 155
10 8
10 43
10 58
10 73
10 85
11 26
11 33
11 55
11 58
11 84
11 115
11 121
12 141
13 39
13 48
13 70
13 88
14 7
14 21
14 116
14 143
15 6
15 17
15 26
15 42
15 80
15 85
15 137
16 21
16 36
16 131
17 1
17 5
17 7
17 14
17 93
17 112
18 41
18 82
18 119
19 21
19 47
19 113
19 128
19 137
20 13
20 19
20 62
20 98
20 106
20 112
20 150
21 4
21 108
21 113
21 149
22 44
22 67
22 74
22 119
23 100
23 106
23 145
24 2
24 34
24 66
26 157
27 29
27 37
27 49
27 70
27 75
27 93
27 113
27 137
27 157
28 16
28 41
28 65
29 22
30 17
30 62
30 99
30 127
31 32
31 62
31 114
31 148
31 159
32 2
33 106
34 25
34 55
34 61
34 87
34 106
34 124
35 18
35 87
36 66
36 83
36 157
37 39
37 43
37 65
37 67
37 70
37 86
37 114
37 122
38 56
38 92
38 132
39 29
40 65
40 132
41 4
41 28
41 123
41 128
41 137
42 1
42 65
42 66
42 102
42 116
42 134
42 142
43 52
43 56
43 63
43 110
43 114
43 140
44 7
44 35
44 36
44 60
44 94
44 103
44 123
44 137
44 145
45 37
45 96
45 102
45 110
45 113
45 127
46 41
46 101
46 102
47 40
47 112
47 120
48 10
48 15
48 50
48 96
48 129
49 76
49 92
49 123
50 20
50 74
50 115
50 142
50 148
51 10
51 152
52 125
52 148
52 151
53 44
53 103
54 31
54 80
54 137
54 142
55 58
55 69
55 73
55 128
55 140
56 3
56 5
56 6
56 18
56 41
56 108
57 25
57 69
57 83
57 107
58 49
58 57
59 105
60 78
60 84
61 50
61 139
62 52
62 68
62 121
62 130
63 24
63 76
63 99
64 46
64 56
64 97
64 123
65 13
65 26
65 28
65 73
65 112
66 20
66 84
66 93
66 120
66 142
67 15
67 26
67 28
67 44
68 27
68 123
68 132
68 137
68 151
68 159
69 28
69 36
69 66
70 33
70 80
70 96
70 111
70 137
70 150
71 108
71 151
71 159
72 60
73 46
73 91
74 51
74 60
74 67
74 86
74 113
74 157
75 4
75 145
76 15
76 47
76 87
76 143
77 81
78 23
78 24
78 59
78 100
78 102
78 132
78 141
78 156
79 29
79 49
79 154
79 156
80 58
80 135
80 144
80 155
81 21
81 70
81 111
82 44
82 64
82 67
82 78
82 147
83 32
83 60
83 112
83 118
84 69
84 132
84 151
84 156
85 18
85 31
85 73
85 135
85 137
86 33
86 61
86 146
86 155
87 97
87 103
87 149
88 1
88 44
88 49
88 63
88 132
88 154
89 6
89 56
89 144
90 15
90 50
90 79
90 99
90 137
91 32
91 83
91 120
91 128
91 130
91 141
92 38
92 158
93 84
93 91
93 115
93 125
93 150
94 3
94 71
94 91
95 63
95 111
96 37
96 55
96 75
96 135
96 158
97 8
97 36
97 43
97 65
97 93
97 122
97 138
98 126
99 28
99 56
99 60
99 104
99 147
99 153
100 4
100 19
100 31
100 53
100 58
101 92
101 108
101 152
101 156
102 58
102 85
102 106
102 131
103 92
103 109
103 155
104 9
104 27
104 30
104 45
104 79
104 96
104 130
105 160
106 25
106 75
106 135
107 75
107 150
108 1
108 77
108 155
109 29
109 123
110 58
110 60
110 106
110 146
111 13
111 92
112 9
112 65
112 81
113 12
113 23
114 20
114 27
114 28
114 49
114 58
114 99
114 140
114 153
115 29
115 83
115 104
115 121
115 127
115 154
116 70
116 102
116 127
117 18
117 75
117 118
118 48
119 6
119 133
120 29
120 59
120 77
120 148
121 20
121 45
121 51
121 59
121 60
122 29
122 50
122 67
122 81
122 100
122 125
122 130
122 141
123 17
123 33
123 89
123 119
123 132
124 10
124 43
125 50
125 60
125 61
125 84
125 122
125 128
125 130
125 141
126 17
126 60
126 103
126 134
127 43
127 87
127 153
128 30
128 31
128 86
129 140
130 7
130 24
130 39
130 47
130 51
130 73
131 9
131 90
131 99
131 102
131 106
131 135
131 149
131 160
132 32
132 72
132 81
133 15
133 21
133 66
134 3
134 5
134 17
134 42
135 100
136 25
136 26
136 75
136 85
136 96
136 131
137 58
137 64
137 94
137 113
137 148
137 152
137 159
138 15
138 54
138 99
138 114
140 6
140 111
140 128
140 147
141 59
141 81
141 113
141 137
141 149
142 35
142 94
142 111
142 131
142 138
142 150
143 8
143 10
143 63
144 25
144 29
144 49
144 78
144 118
144 138
145 30
145 41
145 46
145 71
145 133
145 135
146 59
146 68
146 70
146 111
146 138
146 160
147 1
147 118
147 121
147 160
148 4
148 15
148 62
149 20
149 31
149 87
149 135
150 54
150 55
150 71
150 130
150 159
151 68
151 94
151 97
151 153
152 44
152 96
152 110
153 124
153 159
154 147
155 10
155 66
155 133
155 146
156 43
156 62
156 104
156 133
156 159
157 29
157 93
158 4
158 26
158 35
158 72
158 80
158 121
159 30
159 75
159 81
159 100
159 158
160 19
160 31
160 74
160 109
