160
1403
1 15
1 19
1 32
1 46
1 53
1 72
1 111
1 116
1 157
2 21
2 24
2 34
2 44
2 77
2 89
2 92
2 135
2 137
2 156
3 13
3 36
3 48
3 50
3 51
3 77
3 89
3 105
3 113
3 120
3 146
3 147
4 3
4 14
4 19
4 34
4 56
4 61
4 107
4 114
5 7
5 14
5 29
5 55
5 79
5 101
5 102
5 110
5 137
5 159
6 19
6 29
6 37
6 56
6 92
6 158
7 29
7 41
7 49
7 64
7 76
7 84
7 86
7 108
7 114
7 156
8 11
8 14
8 21
8 38
8 42
8 72
8 87
8 110
8 115
8 126
8 138
9 56
9 76
9 83
9 91
9 114
9 137
9 145
9 146
10 24
10 31
10 44
10 55
10 64
10 101
10 105
10 124
10 132
10 144
11 7
11 16
11 27
11 41
11 47
11 79
11 93
11 123
11 124
12 113
12 119
12 124
13 8
13 27
13 43
13 55
13 61
13 92
13 94
13 102
13 117
13 154
13 159
14 5
14 79
14 101
14 111
14 112
14 121
14 145
14 147
15 3
15 13
15 26
15 28
15 31
15 61
15 78
15 79
15 88
15 95
15 105
15 113
15 124
15 127
15 152
16 51
16 55
16 117
16 133
16 136
17 8
17 25
17 27
17 34
17 77
17 103
17 110
17 114
17 135
18 58
18 60
18 93
18 95
18 112
18 129
18 146
18 148
19 8
19 29
19 32
19 55
19 57
19 64
19 96
19 126
19 143
20 15
20 67
20 69
20 114
20 136
20 143
20 159
21 17
21 27
21 64
21 66
21 84
21 111
21 126
21 139
21 140
21 159
22 24
22 60
22 83
22 91
22 93
22 106
22 110
22 131
23 33
23 50
23 54
23 88
23 91
23 128
23 143
24 7
24 37
24 57
24 97
24 105
24 140
25 44
25 52
25 68
25 116
25 145
25 154
26 8
26 17
26 18
26 22
26 35
26 36
26 44
26 59
27 7
27 20
27 37
27 40
27 77
27 96
27 105
27 111
27 138
27 153
28 77
28 143
28 149
29 19
29 36
29 42
29 50
29 100
29 102
29 118
29 124
29 132
29 141
29 146
30 25
30 78
30 79
30 82
30 100
30 144
30 146
30 158
31 28
31 32
31 63
31 64
31 80
31 83
31 96
31 101
31 113
31 125
31 151
31 154
32 8
32 38
32 48
32 57
32 77
32 93
32 98
32 111
32 121
32 133
32 155
33 74
33 77
33 85
33 133
33 148
34 7
34 33
34 38
34 69
34 70
34 91
34 101
34 106
34 111
34 118
34 119
34 131
34 149
34 156
35 2
35 81
35 131
35 133
36 12
36 16
36 27
36 37
36 54
36 57
36 114
36 119
36 148
36 151
37 58
37 59
37 73
37 84
37 94
37 153
38 15
38 23
38 28
38 53
38 62
38 81
38 83
38 144
38 149
39 10
39 21
39 49
39 70
39 90
39 97
39 115
39 136
39 145
40 3
40 46
40 47
40 99
40 102
40 107
40 125
40 153
40 156
40 158
41 9
41 46
41 118
41 124
41 130
41 138
42 23
42 34
42 65
42 85
42 100
42 104
42 114
42 143
42 148
42 152
42 153
43 49
43 51
43 52
43 78
43 101
43 108
43 110
43 113
43 129
43 158
44 15
44 23
44 25
44 27
44 66
44 88
44 102
44 141
45 38
45 39
45 75
45 93
45 104
46 25
46 64
46 77
46 104
46 115
46 144
47 1
47 88
47 112
47 130
48 19
48 22
48 35
48 70
48 87
48 115
48 116
48 135
49 4
49 18
49 72
49 88
49 132
49 136
50 10
50 15
50 21
50 68
50 90
50 99
50 119
50 127
51 10
51 22
51 34
51 44
51 64
51 71
51 78
51 99
51 102
51 104
51 147
51 152
52 47
52 48
52 55
52 58
52 63
52 87
52 104
52 118
52 152
52 155
53 45
53 50
53 92
54 2
54 25
54 42
54 58
54 62
54 81
54 113
54 158
55 26
55 77
56 55
56 113
56 128
56 139
56 146
57 7
57 13
57 37
57 62
57 71
57 81
57 111
57 134
57 136
57 155
58 5
58 17
58 33
58 54
58 60
58 69
58 77
58 104
58 107
58 143
58 159
59 9
59 12
59 18
59 29
59 36
59 47
59 51
59 110
59 114
59 119
59 158
60 18
60 36
60 46
60 47
60 59
60 78
60 83
60 95
60 102
60 156
60 157
61 16
61 33
61 52
61 88
61 93
61 117
61 123
61 135
61 139
61 154
62 5
62 27
62 37
62 47
62 70
62 71
62 137
63 32
63 34
63 59
63 70
63 71
63 86
63 94
63 110
63 157
64 41
64 48
64 76
64 77
64 83
64 96
64 113
64 131
64 151
65 2
65 38
65 49
65 57
65 77
65 87
65 111
65 126
65 146
66 10
66 47
66 50
66 83
66 91
66 108
66 111
66 133
66 138
66 143
66 155
66 159
67 20
67 28
67 30
67 62
67 66
67 71
67 73
67 82
67 129
67 152
68 36
68 75
68 89
68 111
68 113
68 140
69 6
69 72
69 114
69 153
69 154
70 4
70 23
70 31
70 49
70 96
70 99
70 103
70 128
71 9
71 18
71 22
71 49
71 60
71 109
71 133
71 143
71 155
72 6
72 51
72 58
72 116
72 128
73 2
73 7
73 47
73 58
73 85
73 90
73 97
73 103
73 104
73 140
74 46
74 49
74 65
74 107
74 112
74 126
74 152
74 155
75 5
75 13
75 29
75 30
75 38
75 42
75 50
75 65
75 86
75 96
75 109
75 138
76 30
76 37
76 41
76 95
76 96
76 104
76 109
77 43
77 50
77 72
77 101
77 106
77 110
77 111
77 119
77 125
77 126
77 134
77 136
77 140
77 157
78 4
78 15
78 30
78 33
78 42
78 62
78 82
78 88
78 90
78 138
78 146
79 6
79 45
79 67
79 75
79 80
79 95
79 114
79 134
79 139
79 148
79 157
80 56
80 64
80 84
80 104
80 120
80 127
81 1
81 17
81 45
81 49
81 61
81 87
81 130
81 140
82 2
82 8
82 31
82 52
82 66
82 69
82 95
82 126
82 133
82 143
83 11
83 68
83 81
83 96
83 136
83 144
83 157
84 19
84 62
84 64
84 125
84 128
84 129
84 133
84 143
85 23
85 67
85 70
85 91
85 106
85 117
85 130
86 8
86 14
86 35
86 88
86 90
87 38
87 56
87 96
87 108
88 4
88 12
88 18
88 28
88 46
88 57
88 67
88 76
88 84
88 133
89 12
89 27
89 29
89 83
89 93
89 111
90 3
90 4
90 94
90 109
90 111
90 140
90 156
91 22
91 27
91 74
91 88
91 137
91 156
92 8
92 20
92 26
92 45
92 93
92 106
92 114
92 117
92 122
92 132
93 29
93 44
93 82
93 83
93 85
93 108
94 17
94 41
94 43
94 78
94 84
94 127
94 149
95 10
95 16
95 40
95 49
95 56
95 82
95 97
95 125
95 149
96 14
96 17
96 33
96 35
96 39
96 61
96 102
96 121
96 138
96 152
96 158
97 29
97 39
97 42
97 50
97 57
97 70
97 80
97 93
97 117
97 129
97 150
98 12
98 31
98 41
98 43
98 56
98 83
98 119
98 125
98 148
99 8
99 11
99 28
99 33
99 70
99 80
99 85
99 89
99 114
99 116
99 133
99 141
100 8
100 20
100 49
100 74
100 106
100 148
101 25
101 29
101 37
101 65
101 86
101 88
101 99
101 130
101 148
102 32
102 48
102 53
102 117
102 127
102 130
103 36
103 44
103 59
103 73
103 93
103 94
103 102
103 112
103 152
103 155
104 32
104 39
104 64
104 66
104 73
104 84
104 114
104 132
105 2
105 19
105 50
105 55
105 57
105 80
105 101
105 114
105 125
105 129
105 138
105 144
105 157
106 3
106 65
106 76
106 82
106 85
106 88
106 130
106 154
107 10
107 68
107 151
107 154
108 21
108 30
108 38
108 46
108 49
108 111
108 145
109 5
109 10
109 28
109 40
109 72
109 78
109 98
109 136
110 3
110 18
110 53
110 58
110 66
110 74
110 82
110 97
110 145
110 156
110 157
111 7
111 16
111 59
111 123
111 127
111 136
111 137
112 15
112 48
112 68
112 71
112 97
112 148
112 153
113 15
113 19
113 21
113 44
113 59
113 108
113 110
113 150
114 35
114 59
114 69
114 70
114 74
114 77
114 91
114 92
114 99
114 123
114 133
114 148
115 41
115 64
115 72
115 82
115 123
115 134
116 7
116 44
116 60
116 93
116 117
116 123
116 129
116 134
117 2
117 23
117 24
117 25
117 49
117 105
117 121
117 133
117 158
118 6
118 27
118 48
118 59
118 74
118 77
118 108
118 112
118 121
119 1
119 7
119 36
119 43
119 59
119 63
119 118
119 138
119 155
120 34
120 36
120 41
120 43
120 46
120 52
120 58
120 144
121 9
121 14
121 21
121 45
121 58
121 75
121 95
121 113
121 116
122 35
122 44
122 67
122 87
122 103
122 111
122 123
122 133
122 149
123 18
123 39
123 48
123 50
123 65
123 68
123 75
123 78
123 89
123 139
123 157
124 14
124 22
124 37
124 55
124 58
124 69
124 78
124 107
124 108
124 115
124 134
124 137
124 142
124 143
124 147
125 4
125 45
125 53
125 64
125 86
125 91
125 93
125 94
125 128
125 160
126 1
126 8
126 9
126 48
126 72
126 89
126 90
126 105
126 107
126 119
126 137
126 154
127 10
127 37
127 43
127 50
127 88
127 96
127 119
127 134
127 135
127 136
127 145
128 1
128 6
128 66
128 68
128 80
128 97
128 99
128 153
128 157
129 4
129 47
129 54
129 65
129 86
129 96
129 102
129 104
129 110
129 115
129 120
129 142
129 152
129 154
130 8
130 13
130 24
130 27
130 39
130 53
130 67
130 121
130 126
130 127
130 132
130 139
130 142
130 150
130 159
131 4
131 29
131 44
131 59
131 71
131 97
131 101
131 106
131 108
131 112
131 115
131 132
131 148
132 13
132 14
132 18
132 29
132 54
132 99
132 116
132 135
132 143
132 149
133 17
133 19
133 90
133 144
133 151
134 10
134 37
134 39
134 51
134 56
134 70
134 77
134 101
134 111
134 139
135 23
135 39
135 48
135 51
135 53
135 66
135 94
135 101
135 105
135 124
135 127
135 146
136 16
136 19
136 29
136 49
136 51
136 63
136 85
136 134
136 138
136 142
136 149
137 5
137 19
137 37
137 52
137 69
137 71
137 87
137 106
137 132
137 151
138 34
138 43
138 57
138 74
138 77
138 96
138 126
138 127
138 143
138 147
139 17
139 29
139 88
139 108
139 126
140 43
140 67
140 85
140 93
140 94
141 10
141 22
141 55
141 83
141 131
141 159
142 19
142 25
142 45
142 60
142 74
142 87
142 90
142 102
142 106
142 126
142 131
143 11
143 26
143 40
143 73
143 77
143 84
143 91
143 107
143 118
143 129
143 135
143 151
144 7
144 18
144 22
144 29
144 36
144 69
144 78
144 86
144 98
144 137
144 140
144 159
145 4
145 8
145 23
145 38
145 75
145 84
145 89
145 107
145 123
145 150
146 10
146 18
146 21
146 25
146 37
146 42
146 57
146 72
146 84
146 85
146 86
146 102
146 108
146 136
146 141
147 6
147 44
147 47
147 61
147 84
147 89
147 120
147 129
147 150
148 24
148 35
148 70
148 81
148 114
149 7
149 21
149 83
149 104
149 120
149 138
150 14
150 27
150 33
150 94
150 97
150 101
150 104
151 12
151 15
151 16
151 19
151 25
151 32
151 52
151 57
152 5
152 12
152 27
152 37
152 45
152 47
152 65
152 72
152 73
152 80
152 81
152 118
152 127
153 6
153 22
153 39
153 138
154 15
154 48
154 57
154 89
154 103
154 129
154 133
154 143
154 155
155 19
155 20
155 23
155 32
155 43
155 44
155 51
155 55
155 59
155 95
155 96
155 144
155 148
155 149
156 3
156 4
156 9
156 67
156 100
156 102
156 123
156 128
156 134
156 135
156 145
157 9
157 35
157 68
157 70
157 71
157 85
157 98
157 143
157 160
158 27
158 29
158 46
158 49
158 58
158 82
158 87
158 113
158 121
158 154
159 2
159 3
159 12
159 14
159 15
159 16
159 35
159 42
159 60
159 64
159 75
159 78
159 160
160 17
160 72
160 74
160 88
160 91
160 92
160 95
160 115
160 136
