170
1325
1 3
1 32
1 78
1 141
1 153
1 160
1 167
2 14
2 15
2 22
2 26
2 39
2 40
2 44
2 57
2 93
2 94
2 118
2 124
2 167
3 129
3 133
3 142
3 160
4 28
4 62
4 76
5 17
5 47
5 64
5 89
5 96
5 122
5 130
5 149
6 9
6 15
6 34
6 38
6 56
6 66
6 128
6 155
7 12
7 64
7 69
7 75
7 88
7 115
7 143
7 144
7 169
8 6
8 33
8 38
8 78
9 4
9 58
9 104
9 109
9 137
9 143
9 149
10 38
10 66
10 73
10 79
10 91
10 94
10 98
10 115
10 120
10 129
10 139
10 169
10 170
11 15
11 21
11 58
11 81
11 92
11 114
11 137
11 152
11 154
11 164
12 3
12 18
12 26
12 62
12 76
12 96
12 101
12 135
13 12
13 36
13 47
13 52
13 68
13 73
13 86
13 115
13 138
13 147
13 159
14 26
14 30
14 64
14 66
14 87
14 88
14 90
14 95
14 132
14 133
14 134
14 146
15 27
15 52
15 54
15 79
15 80
15 86
16 11
16 23
16 34
16 44
16 81
16 82
16 91
16 99
16 109
16 135
16 137
16 141
16 160
17 16
17 19
17 23
17 45
17 80
17 125
17 136
18 3
18 30
18 31
18 36
18 44
18 61
18 96
18 134
18 140
18 141
18 156
19 7
19 16
19 35
19 113
19 130
19 155
20 43
20 44
20 54
20 56
20 57
20 95
20 131
20 136
21 7
21 10
21 118
21 129
21 155
22 34
22 146
23 8
23 63
23 92
23 114
23 116
23 159
24 12
24 46
24 90
24 121
24 123
24 144
24 159
24 161
24 163
24 169
24 170
25 1
25 109
25 112
25 138
25 152
26 1
26 14
26 77
26 94
26 109
26 126
26 130
26 134
27 41
27 51
27 66
27 67
27 69
27 80
27 86
27 127
27 146
28 19
28 32
28 77
28 81
28 100
28 118
28 136
28 137
28 146
28 150
29 68
29 100
30 10
30 13
30 65
30 69
30 98
30 107
30 132
30 141
30 143
30 148
31 7
31 16
31 21
31 80
31 83
31 99
31 100
31 108
31 114
31 150
32 10
32 16
32 27
32 48
32 101
32 138
32 145
32 156
32 166
33 29
33 32
33 71
33 76
33 93
34 28
34 49
34 58
34 60
34 99
34 101
34 163
35 9
35 14
35 27
35 54
35 89
35 102
35 162
35 163
36 5
36 8
36 42
36 46
36 51
36 57
36 82
36 87
36 89
36 95
36 109
36 130
37 40
37 99
37 104
37 131
38 31
38 54
38 91
38 98
38 153
39 21
39 22
39 33
39 44
39 50
39 66
39 70
39 124
39 132
39 149
39 164
39 165
40 15
40 35
40 103
40 134
40 147
40 164
41 5
41 50
41 77
41 86
41 125
41 128
41 134
42 35
42 61
42 155
43 5
43 11
43 29
43 47
43 57
43 64
43 68
43 75
43 77
43 97
43 120
44 18
44 38
44 43
44 98
44 109
44 149
44 166
45 3
45 6
45 12
45 53
45 75
45 80
45 85
45 90
45 95
45 105
45 109
45 117
45 135
45 145
46 24
46 36
46 64
46 95
46 122
46 140
46 148
46 158
46 168
47 42
47 131
47 133
48 5
48 43
48 58
48 84
48 86
48 135
48 145
49 6
49 10
49 27
49 61
49 75
49 94
49 99
49 102
49 137
50 51
50 62
50 77
50 80
50 154
50 158
50 166
51 2
51 12
51 24
51 29
51 42
51 44
51 45
51 56
51 62
51 78
51 135
51 136
52 4
52 44
52 48
52 58
52 87
53 10
53 30
53 64
53 69
53 103
53 115
53 135
53 156
54 12
54 15
54 40
54 64
54 88
54 99
54 123
54 142
54 147
54 154
54 161
55 9
55 10
55 23
55 60
55 62
55 99
55 130
55 164
56 6
56 50
56 65
56 152
56 156
56 165
57 23
57 33
57 94
57 115
57 137
57 165
58 21
58 42
58 48
58 72
58 93
58 101
58 153
58 159
59 36
59 38
59 58
59 66
59 72
59 81
59 83
59 86
59 153
59 159
60 111
60 112
60 119
60 161
60 163
61 11
61 18
61 72
61 94
61 104
61 105
61 122
61 128
61 130
61 170
62 9
62 82
62 111
62 122
62 136
62 139
62 152
62 167
62 170
63 28
63 58
63 67
63 85
63 86
63 148
63 159
63 164
64 8
64 20
64 67
64 85
64 94
64 119
64 124
64 135
65 3
65 8
65 55
65 66
65 121
65 162
65 168
65 170
66 3
66 9
66 14
66 70
66 123
66 151
66 156
66 170
67 21
67 96
67 105
67 120
67 128
67 129
67 144
67 147
67 157
68 12
68 65
68 86
68 110
68 113
68 119
68 123
68 128
68 165
68 166
69 13
69 50
69 56
69 76
69 106
69 108
70 6
70 20
70 37
70 39
70 51
70 71
70 94
70 98
70 110
70 120
70 124
70 141
70 152
71 1
71 37
71 72
71 107
71 112
71 116
72 6
72 55
72 97
72 101
72 104
72 119
72 123
72 135
72 149
73 12
73 32
73 54
73 64
73 76
73 80
73 90
73 113
73 159
74 22
74 76
74 92
74 123
74 126
74 143
74 150
74 157
75 32
75 90
75 119
75 136
75 155
75 156
76 31
76 52
76 57
76 161
77 34
77 69
77 121
77 155
78 6
78 33
78 80
78 113
78 119
78 124
78 126
78 132
79 80
79 158
79 164
80 19
80 26
80 70
80 113
80 117
80 124
80 127
80 138
80 154
80 155
81 4
81 12
81 26
81 33
81 55
81 67
81 123
81 144
82 1
82 32
82 53
82 58
82 65
82 79
82 88
82 156
83 16
83 55
83 61
83 73
83 79
83 96
83 102
83 123
83 138
83 157
83 159
84 29
84 126
84 146
85 27
85 52
85 54
85 79
85 153
86 3
86 44
86 111
86 152
87 27
87 52
87 63
87 66
87 74
87 84
87 86
87 118
87 141
88 40
88 47
88 77
88 95
88 109
88 112
89 25
89 39
89 95
89 100
89 104
89 123
89 143
89 160
90 14
90 51
90 60
90 76
90 110
90 152
90 158
91 2
91 3
91 14
91 17
91 46
91 71
91 115
91 143
91 146
91 155
91 163
92 17
92 37
92 44
92 93
92 100
92 115
92 129
92 148
93 13
93 36
93 86
93 138
93 145
94 12
94 27
94 29
94 43
94 52
94 54
94 61
94 92
94 100
94 113
94 132
94 134
94 144
95 32
95 36
95 42
95 125
95 156
96 24
96 30
96 59
96 71
96 90
96 100
96 119
96 159
96 170
97 15
97 33
97 38
97 55
97 68
97 91
97 107
97 130
97 146
97 147
97 150
98 15
98 40
98 113
98 154
99 9
99 46
99 61
99 108
99 114
99 165
99 167
99 169
100 18
100 21
100 50
100 69
100 72
100 108
100 114
100 125
100 138
100 153
100 154
100 167
101 26
101 55
101 61
101 103
101 113
101 117
101 139
101 150
101 165
101 166
102 38
102 100
103 7
103 19
103 25
103 63
103 74
103 111
103 144
103 163
103 167
103 169
104 7
104 15
104 20
104 40
104 49
104 78
104 79
104 82
104 93
104 121
105 4
105 8
105 28
105 36
105 51
105 93
105 122
106 12
106 14
106 15
106 37
106 65
106 68
106 119
106 121
106 125
106 138
106 148
106 153
107 2
107 11
107 25
107 31
107 44
107 47
107 54
107 165
108 25
108 38
108 42
108 83
108 88
108 162
108 164
108 168
109 11
109 22
109 33
109 65
109 76
109 104
109 105
109 131
110 11
110 42
110 47
110 63
110 72
110 89
110 92
110 100
110 104
110 115
110 124
111 14
111 37
111 90
111 129
111 149
111 170
112 1
112 19
112 88
112 114
112 117
112 143
112 168
113 38
113 59
113 78
113 82
113 84
113 115
113 133
113 147
114 18
114 28
114 60
114 74
114 135
114 154
115 6
115 42
115 69
115 103
115 119
115 124
115 125
116 1
116 12
116 28
116 51
116 70
116 78
116 108
117 7
117 20
117 56
117 79
117 88
117 128
118 26
118 41
118 44
118 80
118 139
118 143
118 155
119 29
119 130
119 131
119 155
119 163
120 24
120 27
120 33
120 59
120 82
120 94
120 109
120 131
120 134
121 41
121 61
121 71
121 83
121 95
121 97
121 142
122 7
122 34
122 38
122 48
122 52
122 97
122 98
122 119
122 135
122 146
123 39
123 44
123 109
123 125
123 148
123 149
123 151
124 6
124 47
124 76
124 109
124 132
125 4
125 25
125 127
125 135
125 138
125 145
125 169
126 2
126 4
126 8
126 30
126 31
126 39
126 57
126 85
126 114
126 134
126 168
126 169
127 31
127 73
127 88
127 128
127 140
127 143
128 17
128 24
128 80
128 90
128 115
128 150
129 18
129 34
129 55
129 63
129 86
129 104
129 106
129 114
130 27
130 35
130 67
130 96
130 153
130 161
131 13
131 14
131 40
131 86
131 118
131 133
131 140
131 149
132 21
132 26
132 34
132 42
132 61
132 86
132 92
132 118
132 128
133 3
133 28
133 29
133 45
133 47
133 54
133 64
133 109
133 114
133 120
133 156
134 5
134 14
134 39
134 41
134 59
134 85
134 89
134 125
134 152
134 157
135 15
135 18
135 34
135 49
135 51
135 92
135 105
135 127
135 152
136 27
136 70
136 73
136 78
136 90
136 109
136 116
136 124
136 164
136 168
137 32
137 33
137 74
137 87
137 96
137 101
137 122
137 123
137 134
137 168
138 52
138 130
139 3
139 30
139 50
139 56
139 72
139 91
139 108
139 116
139 141
140 11
140 20
140 26
140 42
140 58
140 98
140 111
140 124
140 136
140 160
141 15
141 69
141 92
141 140
141 166
142 22
142 35
142 61
142 92
142 94
142 120
142 149
142 162
143 9
143 12
143 49
143 54
143 85
143 110
143 121
143 159
143 161
144 12
144 34
144 95
144 127
144 138
144 146
144 147
144 152
144 153
144 168
144 169
145 38
145 51
145 136
145 161
146 14
146 31
146 37
146 47
146 57
146 60
146 91
146 103
146 111
146 117
146 145
146 166
146 168
147 23
147 30
147 65
147 68
147 105
147 111
147 117
147 137
147 140
147 166
148 4
148 14
148 33
148 36
148 152
149 52
149 55
149 60
149 73
149 120
149 155
150 2
150 40
150 50
150 91
150 92
150 158
151 15
151 29
151 40
151 115
151 155
152 34
152 46
152 81
152 86
152 103
152 105
152 124
153 9
153 16
153 23
153 49
153 71
153 84
153 116
153 119
153 120
153 121
153 145
153 158
154 3
154 49
154 67
154 69
154 89
154 94
154 131
155 1
155 32
155 45
155 80
155 167
156 14
156 19
156 33
156 35
156 78
156 87
156 96
156 98
156 111
156 132
157 16
157 33
157 53
157 69
157 82
157 135
157 154
157 158
158 85
158 89
158 92
158 101
158 120
158 134
158 142
158 160
158 162
159 16
159 27
159 39
159 45
159 70
159 72
159 91
159 110
159 115
160 61
160 88
160 90
160 96
160 121
160 122
160 125
160 130
160 136
160 141
160 149
160 168
160 169
161 31
161 36
161 73
161 86
161 90
161 109
161 156
161 158
161 165
162 42
162 50
162 84
162 85
162 100
162 118
162 140
163 52
163 65
163 94
163 96
163 100
163 125
163 153
163 159
163 165
163 167
164 9
164 54
164 55
164 72
164 111
164 117
164 162
164 167
164 168
165 39
165 70
165 76
165 123
166 4
166 25
166 26
166 34
166 111
167 62
167 83
167 98
167 105
167 118
167 121
167 144
168 40
168 57
168 112
168 141
168 158
169 46
169 98
169 145
169 148
170 60
170 62
170 112
170 122
170 137
170 161
