170
669
1 58
1 75
1 80
1 107
1 109
2 3
2 147
3 5
3 140
3 141
4 15
4 20
4 26
4 87
4 108
4 124
4 125
5 3
5 13
5 60
5 67
5 79
5 85
5 141
5 142
5 161
6 13
6 96
6 99
6 107
7 11
7 54
7 95
7 156
8 28
8 97
8 130
9 29
9 99
10 2
10 46
10 58
10 88
10 113
10 146
11 9
11 38
11 108
11 150
12 21
12 40
12 60
12 93
12 101
12 128
12 131
13 7
13 61
13 62
13 160
14 49
14 83
14 99
14 120
14 147
14 148
15 29
15 79
15 112
16 48
16 164
17 91
18 2
18 11
18 19
18 37
18 67
19 66
19 69
19 113
19 119
19 133
19 138
19 150
20 47
20 73
20 85
20 106
20 107
21 39
21 137
21 140
21 150
21 157
22 33
22 51
22 60
22 135
23 142
24 30
24 42
24 149
25 37
25 61
25 89
25 138
26 59
26 88
26 95
26 139
26 165
26 169
27 3
27 22
28 2
28 26
28 58
28 83
28 123
28 130
28 135
28 144
28 156
29 49
29 73
29 132
29 140
29 167
30 28
30 42
30 91
30 93
30 148
31 4
31 69
31 146
31 155
32 46
32 55
32 59
32 102
32 105
33 40
33 59
33 167
34 36
34 119
35 81
35 123
36 20
36 32
36 106
37 50
37 82
37 128
37 133
37 135
37 160
38 45
38 58
38 74
38 80
38 89
38 101
38 121
38 140
39 127
39 167
40 5
41 13
41 78
41 108
41 130
42 133
42 155
43 163
44 74
44 115
44 122
45 6
45 49
45 108
46 45
46 85
46 126
46 129
46 135
46 157
47 28
47 95
48 20
48 44
48 59
48 84
49 43
52 126
53 44
53 65
53 82
53 109
54 43
54 135
54 149
54 168
55 18
55 88
56 44
56 53
56 84
56 114
56 117
57 13
57 29
58 56
58 59
58 94
58 107
58 116
58 118
58 119
58 140
58 163
59 19
59 31
59 77
59 122
59 146
60 31
60 41
60 167
61 19
61 56
61 128
62 72
62 119
62 123
62 141
63 123
64 9
64 92
64 103
64 107
64 145
65 3
65 25
65 39
65 51
65 108
65 111
65 145
65 162
66 1
66 56
66 60
66 150
66 164
67 72
67 81
67 125
67 140
68 119
69 48
69 135
69 144
70 169
71 58
71 62
71 98
71 102
71 113
71 118
72 34
72 57
72 73
72 126
72 136
72 141
72 145
72 159
73 90
74 39
74 64
74 81
74 99
74 114
75 51
75 119
75 163
75 167
76 33
76 126
76 159
77 166
78 19
78 44
78 77
78 147
78 163
79 1
79 2
79 37
79 56
79 163
80 1
80 17
80 24
80 57
80 82
80 88
80 127
80 132
81 59
81 96
81 113
81 144
82 59
82 74
82 161
83 15
83 66
83 77
83 93
83 117
83 129
84 52
84 71
84 109
85 8
85 62
85 106
85 125
85 163
86 2
86 22
86 61
86 73
86 89
87 98
87 121
87 146
87 162
88 45
88 73
88 111
88 131
89 29
89 106
90 2
90 8
90 69
90 112
90 138
90 148
90 154
91 30
91 71
91 110
91 154
92 2
92 57
92 76
92 145
92 150
93 18
93 136
93 163
95 9
95 26
95 31
95 39
95 93
95 121
96 60
97 19
97 55
97 116
97 131
97 140
98 55
98 79
98 88
99 110
100 130
100 133
101 24
101 35
101 57
101 78
101 125
102 28
102 67
102 142
103 9
103 151
103 162
103 166
104 5
104 43
105 27
105 38
105 128
105 142
105 144
106 28
106 29
106 31
106 119
106 142
107 83
107 99
107 131
107 146
108 45
108 59
108 129
109 64
109 111
110 76
110 83
110 112
110 120
110 155
111 81
111 107
111 125
111 153
112 12
112 73
112 75
112 101
112 126
112 159
113 42
114 11
114 71
114 75
114 82
114 101
114 127
114 129
114 147
115 5
115 34
115 71
115 96
116 5
116 23
116 91
116 118
117 56
117 119
117 124
118 8
118 9
118 32
118 40
118 121
118 165
119 28
119 31
119 69
119 169
120 3
120 8
120 25
120 51
120 59
120 80
120 132
121 6
121 70
121 145
121 162
121 164
122 38
122 54
122 93
122 132
122 154
123 27
123 29
123 50
123 81
124 4
124 23
124 118
125 57
125 71
125 115
125 127
125 141
125 162
126 11
126 37
126 120
127 29
127 41
127 49
127 111
127 113
128 10
128 111
128 114
128 136
129 50
129 122
130 3
130 97
130 109
130 136
130 139
130 148
130 151
130 158
131 14
131 21
131 38
131 45
131 54
131 127
132 38
132 64
132 145
133 18
133 30
133 63
133 78
133 106
133 113
133 146
134 33
134 42
134 75
134 90
135 11
135 13
135 65
135 89
136 76
136 82
136 115
137 16
137 42
137 82
137 111
137 122
137 147
138 26
138 38
138 150
138 163
139 1
139 28
139 59
140 2
140 22
140 97
141 77
141 83
141 145
142 124
142 153
143 114
143 119
144 63
144 118
144 139
144 147
145 19
145 50
146 16
146 64
146 75
146 95
146 148
146 149
147 8
147 18
147 148
148 63
148 114
148 151
148 152
149 49
149 135
149 152
149 162
150 1
150 10
150 37
150 54
150 62
150 154
150 165
150 170
151 39
151 55
151 111
152 73
152 105
152 140
152 154
153 72
153 96
153 158
154 134
155 4
155 18
155 36
155 100
155 116
156 120
156 127
157 26
157 63
157 140
157 161
158 117
159 56
159 111
159 130
160 15
160 37
160 40
160 57
160 98
160 126
160 135
160 165
161 31
161 45
161 125
161 147
162 119
162 135
163 16
163 87
163 92
163 169
164 31
164 50
164 63
164 93
164 122
165 58
165 109
165 125
165 147
166 2
166 17
166 44
167 43
167 70
167 114
167 125
167 159
168 40
168 69
168 82
168 87
168 118
168 136
168 142
168 160
169 51
169 74
169 92
169 145
170 43
