170
506
1 165
2 45
2 69
2 147
3 133
3 134
4 27
4 126
4 152
4 163
4 169
5 33
5 37
6 66
6 72
6 162
7 1
7 103
7 158
8 157
9 77
9 97
9 148
10 8
10 54
10 59
10 159
11 13
11 101
11 136
12 79
12 131
12 135
13 70
13 100
13 150
14 45
14 78
15 10
15 55
16 33
16 85
16 99
16 111
16 122
17 5
17 38
17 47
17 49
17 83
17 134
18 84
19 10
19 156
20 17
20 63
20 71
20 113
20 119
20 163
20 166
21 24
21 45
21 138
22 49
23 11
23 128
23 140
24 33
24 109
25 13
25 47
25 133
25 146
25 169
26 28
26 141
27 168
28 62
28 63
28 93
28 155
29 39
29 54
29 74
29 110
30 5
31 59
31 146
32 48
32 72
32 104
32 113
32 145
33 62
33 78
33 105
33 132
33 168
34 33
35 153
36 28
36 56
36 102
36 167
37 16
37 93
37 122
38 11
38 71
38 85
38 116
38 151
39 4
39 102
40 45
40 170
41 106
41 112
41 133
42 57
43 88
43 120
43 122
44 102
44 113
45 13
45 54
45 60
45 64
45 170
46 81
46 131
47 14
47 137
48 105
48 119
49 21
49 29
49 35
49 90
49 109
49 121
50 20
51 5
51 35
51 71
51 83
51 88
52 48
52 49
52 64
53 72
53 119
54 23
54 28
54 40
54 44
54 125
54 164
56 52
56 102
56 119
56 122
56 156
58 38
58 104
58 114
60 84
60 160
61 22
61 71
62 9
62 30
62 35
62 52
62 135
63 2
63 23
63 27
63 32
63 43
63 75
63 168
64 124
65 29
65 30
65 59
65 63
66 158
67 4
67 125
67 148
68 30
68 63
68 122
69 57
69 156
70 45
70 57
70 136
71 97
71 164
71 166
72 3
72 64
72 95
72 135
73 15
73 109
73 117
73 124
74 120
74 133
75 49
75 110
75 144
76 9
76 63
77 71
78 112
78 122
78 128
78 136
79 20
79 80
79 161
80 35
80 99
80 125
80 152
81 29
81 34
81 91
81 164
82 100
82 112
82 140
83 10
83 134
83 141
85 155
87 54
87 74
88 53
88 170
89 25
89 70
90 110
91 64
91 68
91 101
91 128
91 132
92 3
92 71
92 109
93 59
94 21
94 95
95 88
95 150
96 88
96 156
97 64
97 70
97 127
98 54
98 57
99 56
100 1
100 52
100 70
100 76
100 117
100 157
100 161
101 33
101 117
101 162
102 25
102 54
102 70
102 116
102 161
103 53
103 119
103 157
103 165
104 42
105 60
105 77
105 84
106 15
106 154
107 45
107 110
107 112
108 96
108 132
108 134
109 21
109 43
109 45
109 72
109 134
109 145
110 47
110 73
110 96
110 138
110 142
110 152
111 19
111 40
111 45
111 148
113 63
113 71
113 104
113 119
113 161
114 20
114 67
114 159
115 11
115 108
115 164
116 5
116 30
116 45
116 73
116 86
116 146
116 151
117 38
117 83
117 92
117 105
118 11
118 27
119 3
120 47
120 49
120 98
120 105
120 139
121 67
121 152
121 165
122 9
122 32
122 37
122 52
122 144
122 157
123 50
123 109
123 119
123 132
125 2
125 58
125 77
125 93
125 107
126 23
126 93
127 134
127 149
128 67
128 138
129 2
129 6
129 10
129 23
129 74
129 92
129 144
130 42
130 75
130 127
130 159
131 11
131 12
131 94
132 2
132 82
132 141
133 24
133 105
133 108
133 139
133 153
133 156
133 158
134 143
134 157
135 97
135 118
135 155
135 163
136 11
136 45
136 69
137 27
137 118
137 135
137 159
139 33
139 52
139 156
140 108
140 138
140 141
140 162
141 53
141 109
141 138
142 18
142 60
142 101
142 130
143 56
143 83
143 87
143 110
144 5
144 89
144 99
144 100
145 105
145 136
145 137
146 33
146 46
146 49
147 10
147 43
147 99
148 110
148 134
149 24
149 71
149 88
149 147
152 96
152 161
152 165
153 60
153 76
153 122
153 130
154 5
154 51
154 111
154 132
155 34
156 11
156 85
156 139
157 9
157 61
157 70
157 106
158 49
158 75
158 100
159 2
159 28
159 155
160 12
160 45
160 66
160 118
162 151
163 64
163 83
163 87
164 30
165 5
165 20
165 162
166 59
166 111
166 146
166 159
167 6
167 20
167 47
167 55
167 93
167 94
167 117
167 132
167 150
168 73
168 112
168 118
169 4
169 22
169 125
170 36
170 69
170 94
170 122
170 129
