170
1662
1 3
1 5
1 22
1 68
1 74
1 75
1 119
1 120
1 138
2 11
2 71
2 73
2 80
2 83
2 86
2 90
2 91
2 100
2 134
2 142
2 166
3 12
3 36
3 37
3 43
3 59
3 77
3 85
3 101
3 103
3 109
3 127
3 130
3 143
3 170
4 16
4 21
4 35
4 46
4 52
4 65
4 90
4 100
4 120
4 121
4 126
4 132
4 151
5 34
5 37
5 38
5 53
5 57
5 92
5 114
5 116
5 151
6 12
6 16
6 29
6 75
6 77
6 84
6 90
6 120
6 145
7 9
7 17
7 21
7 39
7 59
7 79
7 100
7 111
7 117
7 123
7 162
8 4
8 34
8 35
8 57
8 64
8 91
8 95
9 17
9 51
9 59
9 88
9 126
9 149
9 159
10 27
10 28
10 34
10 41
10 43
10 94
10 96
10 109
10 114
10 123
10 124
10 129
10 135
11 49
11 53
11 75
11 109
11 131
11 140
11 153
11 162
12 10
12 85
12 87
12 95
12 119
12 129
12 135
13 9
13 71
13 73
13 76
13 111
13 129
13 141
13 158
13 170
14 17
14 18
14 20
14 21
14 42
14 109
14 124
14 126
14 148
14 153
14 170
15 47
15 56
15 62
15 63
15 86
15 88
15 107
15 110
15 115
16 7
16 40
16 62
16 74
16 78
16 94
16 95
16 102
16 127
16 153
16 161
16 163
16 166
17 12
17 38
17 47
17 50
17 94
17 106
17 155
17 162
18 34
18 59
18 62
18 71
18 99
18 101
18 103
18 132
18 158
18 160
19 8
19 24
19 32
19 47
19 80
19 122
19 134
19 163
19 168
20 28
20 33
20 34
20 44
20 75
20 79
20 94
20 101
20 103
20 119
20 145
20 147
20 150
21 1
21 4
21 47
21 58
21 63
21 74
21 78
21 88
21 108
21 112
21 134
21 150
21 151
21 160
22 14
22 29
22 32
22 51
22 67
22 73
22 117
23 36
23 48
23 49
23 67
23 93
23 94
23 97
23 98
23 101
23 116
23 131
23 140
23 153
24 7
24 35
24 45
24 58
24 79
24 81
24 82
24 95
24 97
24 113
24 146
24 150
25 12
25 22
25 30
25 39
25 46
25 64
25 70
25 72
25 78
25 88
25 127
25 155
26 5
26 6
26 36
26 108
26 128
26 156
26 162
26 169
27 45
27 68
27 80
27 84
27 116
27 129
27 132
27 135
27 148
27 154
27 168
28 1
28 13
28 21
28 37
28 55
28 83
28 92
28 95
28 101
29 35
29 44
29 46
29 108
29 114
29 133
29 165
30 11
30 22
30 88
30 89
30 92
30 107
30 110
30 150
30 161
31 7
31 9
31 34
31 45
31 91
31 98
31 104
31 112
31 121
31 167
32 8
32 30
32 42
32 53
32 92
32 96
32 101
32 111
32 120
32 121
32 140
33 8
33 22
33 29
33 36
33 41
33 48
33 73
33 84
33 101
33 151
33 161
34 15
34 42
34 45
34 65
34 130
34 147
35 18
35 33
35 56
35 89
35 101
35 116
35 137
35 153
35 160
36 15
36 19
36 34
36 46
36 47
36 114
36 144
36 147
36 153
36 169
37 30
37 112
37 122
38 15
38 30
38 42
38 85
38 114
38 142
38 150
39 21
39 37
39 40
39 122
39 124
39 142
39 148
39 158
40 22
40 35
40 49
40 84
40 92
40 118
40 152
40 170
41 5
41 65
41 110
41 130
41 156
42 3
42 6
42 9
42 41
42 54
42 58
42 64
42 67
42 83
42 116
42 120
42 125
43 10
43 78
43 84
43 100
43 107
43 122
43 131
43 149
43 164
44 16
44 20
44 49
44 62
44 87
44 88
44 90
44 117
44 127
44 129
45 28
45 58
45 71
45 75
45 78
45 89
45 92
45 132
45 154
46 10
46 28
46 60
46 63
46 64
46 108
46 109
46 153
46 164
46 167
47 3
47 6
47 12
47 19
47 23
47 38
47 40
47 48
47 49
47 52
47 86
47 95
47 98
47 102
47 113
47 115
47 122
47 138
47 155
48 33
48 81
48 83
48 85
48 89
48 121
48 134
48 151
48 156
48 162
48 166
49 11
49 21
49 35
49 54
49 73
49 127
49 144
50 1
50 8
50 71
50 114
51 2
51 25
51 30
51 59
51 68
51 74
51 80
51 99
51 100
51 105
51 115
51 119
51 129
51 159
52 13
52 65
52 75
52 82
52 91
52 99
52 107
52 114
52 127
52 144
52 167
53 19
53 42
53 49
53 65
53 66
53 69
53 104
53 136
53 142
54 9
54 38
54 47
54 59
54 85
54 115
54 129
54 136
55 20
55 33
55 39
55 50
55 87
55 120
55 150
55 167
56 2
56 9
56 12
56 34
56 75
56 87
56 100
56 106
56 149
57 12
57 34
57 74
57 120
57 143
57 162
58 22
58 26
58 48
58 77
58 113
58 146
58 148
58 156
58 162
59 7
59 45
59 70
59 79
59 82
59 85
59 106
59 112
59 114
59 123
59 134
59 141
60 18
60 25
60 54
60 78
60 86
60 91
60 131
60 156
61 3
61 11
61 59
61 62
61 64
61 82
61 93
61 138
61 149
61 156
61 167
62 2
62 5
62 54
62 88
62 92
62 105
62 109
62 152
62 153
62 156
62 165
63 11
63 13
63 36
63 56
63 58
63 87
63 118
63 126
63 167
64 36
64 49
64 63
64 70
64 78
64 92
64 123
64 149
64 170
65 18
65 94
65 95
65 114
65 115
65 117
65 150
65 166
66 15
66 20
66 31
66 68
66 70
66 96
66 115
66 150
67 2
67 36
67 41
67 62
67 75
67 78
67 91
67 132
67 133
67 140
67 147
67 165
68 18
68 32
68 34
68 42
68 47
68 60
68 63
68 105
68 122
68 124
68 130
68 143
68 144
69 4
69 18
69 54
69 56
69 57
69 74
69 87
69 88
69 110
69 142
70 32
70 52
70 67
70 95
70 111
70 126
70 127
70 146
71 13
71 22
71 70
71 75
71 88
71 89
71 106
71 117
71 122
71 157
71 170
72 3
72 8
72 32
72 44
72 60
72 76
72 86
72 88
72 102
72 126
72 145
72 148
73 40
73 46
73 47
73 90
73 164
74 24
74 41
74 65
74 70
74 85
74 90
74 97
74 113
74 116
74 120
74 123
74 129
74 132
75 11
75 24
75 30
75 36
75 43
75 48
75 65
75 97
75 163
76 26
76 31
76 33
76 55
76 111
76 153
76 156
76 165
76 170
77 7
77 25
77 37
77 38
77 62
77 91
77 107
77 114
77 128
77 147
77 148
77 153
77 155
78 8
78 29
78 42
78 48
78 56
78 61
78 73
78 81
78 88
78 119
78 122
78 151
78 157
79 41
79 47
79 65
79 83
79 103
79 126
79 127
79 161
80 7
80 25
80 26
80 45
80 48
80 55
80 70
80 71
80 81
80 97
80 128
80 138
80 157
80 159
81 11
81 29
81 64
81 72
81 80
81 96
81 109
81 168
82 35
82 40
82 41
82 45
82 46
82 52
82 71
82 81
82 117
82 139
82 157
82 164
83 9
83 20
83 36
83 43
83 64
83 80
83 82
83 89
83 103
83 109
83 164
84 10
84 42
84 45
84 104
84 124
84 126
84 129
84 148
84 162
85 13
85 19
85 84
85 93
85 154
85 155
86 11
86 45
86 62
86 104
86 121
86 147
86 152
86 165
87 21
87 77
87 88
87 100
87 138
87 150
88 8
88 37
88 47
88 63
88 79
88 87
88 129
88 140
88 141
88 153
89 19
89 67
89 73
89 101
89 114
89 124
89 130
89 135
89 165
90 10
90 20
90 53
90 58
90 102
90 121
90 125
90 144
90 159
91 6
91 33
91 34
91 39
91 49
91 77
91 87
91 94
91 111
91 123
91 140
91 148
91 152
92 13
92 20
92 33
92 38
92 49
92 81
92 102
92 117
92 123
93 1
93 6
93 26
93 39
93 57
93 65
93 146
93 154
93 167
94 26
94 31
94 86
94 124
94 131
94 139
95 34
95 59
95 62
95 80
95 92
96 16
96 29
96 65
96 66
96 81
96 85
96 94
96 127
96 142
96 147
96 151
97 11
97 15
97 30
97 45
97 59
97 60
97 68
97 71
97 93
97 114
97 117
97 121
97 129
97 162
98 9
98 17
98 21
98 30
98 41
98 52
98 68
98 80
98 81
98 95
98 112
99 1
99 8
99 10
99 17
99 18
99 43
99 64
99 74
99 78
99 92
99 132
99 153
100 3
100 16
100 40
100 55
100 73
100 105
100 124
101 9
101 27
101 28
101 29
101 33
101 36
101 72
101 84
101 113
101 116
101 137
101 139
101 146
101 154
101 158
102 11
102 33
102 41
102 45
102 100
102 160
103 18
103 32
103 58
103 110
103 114
103 167
104 13
104 18
104 57
104 66
104 74
104 76
104 81
104 105
104 112
104 119
104 120
104 129
104 135
104 164
104 168
105 19
105 60
105 74
105 83
105 106
105 152
105 160
106 17
106 18
106 20
106 54
106 76
106 84
106 111
106 156
107 2
107 120
107 145
108 4
108 12
108 37
108 42
108 58
108 73
108 91
108 96
108 129
108 138
108 151
109 8
109 49
109 70
109 85
109 95
109 117
109 118
109 145
109 153
109 170
110 21
110 22
110 46
110 65
110 108
110 113
110 117
111 12
111 24
111 68
111 118
111 122
111 132
112 3
112 47
112 61
112 134
112 159
112 161
113 18
113 19
113 20
113 36
113 63
113 84
113 86
113 93
113 94
113 102
113 132
114 2
114 5
114 23
114 30
114 53
114 55
114 96
114 119
114 121
114 128
114 158
115 12
115 45
115 128
115 135
115 168
116 22
116 41
116 48
116 56
116 107
116 159
116 170
117 2
117 19
117 47
117 53
117 54
117 55
117 68
117 80
117 93
117 94
117 106
117 107
117 108
117 110
117 122
117 125
117 130
117 152
117 160
118 109
118 141
119 3
119 13
119 31
119 34
119 51
119 61
119 65
119 97
119 98
119 136
119 139
119 142
119 147
119 157
120 33
120 69
120 74
120 104
120 117
120 168
121 7
121 18
121 50
121 70
121 79
121 81
121 83
121 87
121 88
121 101
121 113
121 123
121 149
121 164
121 165
122 1
122 32
122 43
122 73
122 84
122 101
122 106
122 117
122 142
122 155
122 164
123 5
123 33
123 36
123 68
123 69
123 83
123 87
123 89
123 93
123 126
123 165
124 4
124 19
124 69
124 81
124 94
124 96
124 108
124 119
124 136
124 143
124 161
124 170
125 17
125 28
125 64
125 105
126 11
126 36
126 63
126 64
126 72
126 96
126 113
126 118
126 144
126 165
126 169
126 170
127 10
127 15
127 27
127 40
127 99
127 113
127 116
127 134
127 144
127 168
128 1
128 10
128 19
128 28
128 48
128 81
128 121
128 142
129 5
129 8
129 34
129 64
129 75
129 81
129 89
129 137
129 151
129 164
130 6
130 9
130 22
130 31
130 81
130 136
130 141
130 157
131 16
131 19
131 62
131 68
131 91
131 132
131 151
131 159
131 161
131 168
132 8
132 10
132 51
132 77
132 118
133 30
133 43
133 80
133 92
133 94
133 118
133 153
133 154
134 13
134 19
134 41
134 43
134 54
134 69
134 70
134 77
134 128
134 140
134 147
134 165
135 9
135 21
135 25
135 28
135 35
135 59
135 69
135 83
135 132
135 164
136 17
136 60
136 62
136 85
136 97
136 106
136 118
136 128
136 131
136 156
137 10
137 46
137 50
137 65
137 76
137 77
137 91
137 111
137 116
137 159
138 16
138 60
138 66
138 97
138 98
138 100
138 105
138 145
139 1
139 22
139 46
139 48
139 81
139 91
139 96
139 110
139 115
139 117
139 125
139 166
140 4
140 22
140 37
140 64
140 72
140 107
140 142
141 10
141 14
141 53
141 67
141 69
141 85
141 91
141 120
141 133
141 142
141 145
141 160
142 35
142 56
142 85
142 91
142 92
142 94
142 112
142 149
142 153
142 159
142 163
143 41
143 54
143 60
143 126
143 127
143 133
143 161
143 170
144 3
144 5
144 13
144 25
144 33
144 37
144 41
144 74
144 78
144 93
144 95
144 100
144 123
144 143
145 11
145 25
145 29
145 47
145 70
145 77
145 80
145 100
145 130
146 1
146 6
146 8
146 11
146 22
146 25
146 35
146 42
146 47
146 87
146 88
146 117
146 141
146 148
146 150
147 6
147 43
147 44
147 47
147 80
147 104
147 108
147 123
148 7
148 43
148 60
148 82
148 87
148 95
148 104
148 113
148 116
148 143
148 147
149 8
149 31
149 42
149 63
149 64
149 83
149 125
149 146
149 163
149 167
149 169
150 13
150 14
150 32
150 38
150 48
150 67
150 89
150 91
150 155
150 157
150 163
151 4
151 14
151 45
151 73
151 75
151 78
151 90
151 107
151 109
151 122
151 137
151 144
152 18
152 26
152 48
152 50
152 54
152 77
152 91
152 92
152 97
152 106
152 110
152 131
152 134
152 137
152 154
152 159
152 160
152 166
153 8
153 18
153 33
153 77
153 93
153 94
153 134
153 138
153 141
154 110
154 132
154 151
154 159
154 161
155 10
155 40
155 41
155 63
155 95
155 112
155 120
155 148
155 161
155 168
156 3
156 17
156 41
156 44
156 58
156 63
156 66
156 74
156 87
156 100
156 102
156 124
156 128
156 148
156 157
156 159
156 163
156 164
157 36
157 51
157 54
157 58
157 59
157 104
157 106
157 109
157 117
157 125
157 128
158 40
158 55
158 70
158 98
158 104
158 143
158 146
158 150
158 151
159 22
159 56
159 78
159 126
159 127
159 155
160 20
160 24
160 40
160 42
160 94
160 135
160 146
160 155
160 156
161 3
161 35
161 67
161 70
161 72
161 80
161 106
161 107
161 136
161 159
161 170
162 25
162 47
162 56
162 65
162 75
162 100
162 108
162 113
162 114
162 130
163 2
163 4
163 34
163 84
163 102
163 105
163 115
163 133
163 147
163 148
164 25
164 53
164 58
164 63
164 64
164 71
164 79
164 85
164 122
164 127
164 130
164 146
164 169
165 45
165 58
165 105
165 121
165 145
165 147
165 163
165 166
165 168
166 36
166 50
166 92
166 103
166 107
166 114
166 133
166 140
166 151
167 11
167 13
167 24
167 35
167 48
167 49
167 62
167 72
167 88
167 89
167 97
167 113
167 144
167 163
168 8
168 11
168 15
168 39
168 65
168 66
168 77
168 139
169 10
169 19
169 32
169 47
169 49
169 53
169 58
169 73
169 80
169 108
169 116
169 131
169 140
169 146
170 5
170 20
170 28
170 30
170 80
170 110
170 131
170 132
170 148
170 150
170 162
170 163
