170
1166
1 3
1 6
1 14
1 25
1 36
1 148
1 163
1 169
1 170
2 34
2 40
2 48
2 83
2 87
2 89
2 106
2 126
2 157
2 160
3 17
3 75
3 108
3 114
3 158
4 16
4 17
4 19
4 34
4 69
4 86
4 96
4 107
4 118
4 128
4 155
4 167
4 168
5 28
5 63
5 67
5 82
5 107
5 119
5 120
5 144
6 14
6 42
6 51
6 95
6 103
6 105
6 115
7 33
7 52
7 59
7 61
7 86
7 89
7 90
7 99
7 101
7 114
7 135
7 138
7 145
8 22
8 31
8 99
8 109
8 150
8 170
9 15
9 35
9 38
9 80
9 89
9 115
9 116
9 161
10 30
10 32
10 36
10 41
10 87
10 98
10 99
10 104
10 169
11 91
11 160
12 9
12 18
12 22
12 43
12 54
12 84
12 100
12 121
12 124
12 134
13 17
13 19
13 37
13 38
13 66
13 78
13 169
14 44
14 51
14 86
14 139
15 1
15 35
15 39
15 44
15 56
15 78
15 94
15 98
15 100
15 113
15 134
15 139
16 22
16 47
16 55
16 95
16 129
16 143
16 151
17 3
17 73
17 86
17 140
17 158
17 161
18 21
18 36
18 101
18 121
18 131
18 146
18 161
19 10
19 31
19 34
19 52
19 64
19 73
19 76
19 101
19 115
20 24
20 32
20 72
20 131
20 135
21 33
21 39
21 62
21 82
21 100
21 102
21 163
21 165
21 167
22 2
22 16
22 28
22 60
22 85
22 164
23 37
23 38
23 45
23 51
23 64
23 68
23 112
23 131
23 149
24 44
24 79
24 123
24 129
24 140
25 12
25 27
25 73
25 116
25 118
25 135
25 158
26 48
26 71
26 87
26 115
26 153
26 158
27 6
27 21
27 74
27 80
27 101
27 158
28 14
28 101
28 133
28 134
29 8
29 20
29 78
29 124
29 130
29 133
29 166
30 81
30 100
30 101
30 122
30 146
31 8
31 19
31 27
31 37
31 63
31 68
31 108
31 113
31 126
31 142
31 149
31 158
31 167
32 13
32 48
32 61
32 84
32 100
32 116
32 132
32 134
32 143
32 152
32 170
33 5
33 17
33 34
33 68
33 92
33 110
33 126
33 136
34 83
34 136
34 156
35 57
35 69
35 79
35 121
35 139
36 34
36 56
36 61
36 83
36 119
36 128
37 13
37 29
37 94
37 127
37 163
38 21
38 45
38 51
38 53
38 58
38 93
39 75
39 94
39 151
39 168
40 46
40 68
40 90
40 137
40 164
41 47
41 56
41 70
41 83
41 89
41 105
41 133
41 150
42 8
42 36
42 116
42 122
42 123
42 144
42 152
43 6
43 33
43 39
43 59
43 125
43 150
43 160
44 51
44 82
44 89
44 101
44 131
44 137
44 141
44 162
45 61
45 143
45 148
46 4
46 28
46 45
46 60
46 65
46 75
46 78
46 95
46 159
47 23
47 60
47 99
47 148
47 162
47 164
48 12
48 41
48 64
48 87
48 104
48 126
48 160
48 170
49 3
49 21
49 66
49 75
49 98
49 102
49 115
49 149
49 150
50 2
50 28
50 31
50 55
50 56
50 61
50 64
50 67
50 95
50 96
50 151
50 154
51 45
51 84
51 123
51 148
51 162
51 169
52 12
52 31
52 38
52 53
52 60
52 163
53 34
53 48
53 73
53 90
53 98
54 133
54 158
55 12
55 42
55 52
55 65
55 87
55 91
55 112
56 5
56 18
56 24
56 45
56 60
56 64
56 110
56 143
56 153
57 13
57 29
57 80
57 94
57 100
57 110
57 112
57 151
57 162
58 2
58 3
58 18
58 42
58 71
58 97
58 103
58 115
58 153
59 21
59 23
59 36
59 131
59 165
60 10
60 75
60 154
60 165
61 43
61 45
61 75
61 99
61 131
61 154
61 156
62 33
62 57
62 60
62 71
62 95
62 96
62 104
63 82
63 108
63 132
63 160
64 9
64 72
64 83
64 84
64 139
64 145
65 63
65 92
65 146
66 25
66 38
66 44
66 80
66 97
66 103
66 106
66 118
66 140
66 149
67 18
67 37
67 90
67 165
67 166
68 55
68 116
68 126
68 133
68 149
68 167
69 10
69 21
69 33
69 47
69 58
69 100
69 144
70 42
70 48
70 51
70 68
70 107
70 126
70 163
70 166
71 17
71 25
71 59
71 102
71 104
71 132
71 138
72 63
72 69
72 70
72 122
72 138
72 162
73 48
73 114
73 117
73 153
74 17
74 18
74 68
74 82
74 92
74 105
74 117
74 160
74 162
75 8
75 33
75 90
75 104
75 156
76 27
76 40
76 84
76 102
76 124
76 131
77 48
77 60
77 85
77 86
77 129
77 166
78 49
78 50
78 84
78 128
78 145
78 168
79 31
79 46
79 49
79 101
79 112
79 133
79 148
80 9
80 23
80 83
80 115
80 153
81 27
81 67
81 83
81 86
81 157
81 158
82 2
82 8
82 13
82 37
82 106
82 118
82 139
83 8
83 11
83 41
83 48
83 94
83 100
83 114
84 42
84 115
84 166
85 4
85 37
85 39
85 66
85 73
85 75
85 113
85 133
86 10
86 13
86 70
86 154
87 5
87 70
87 83
87 139
87 144
88 19
88 24
88 44
88 87
88 110
88 120
88 123
88 132
88 154
89 1
89 22
89 45
89 56
89 70
89 127
89 154
89 165
89 169
90 42
90 55
90 80
90 142
90 143
90 161
91 18
91 60
91 61
92 23
92 28
92 102
92 118
92 132
92 170
93 5
93 109
93 137
94 5
94 25
94 76
94 78
94 100
94 107
94 144
94 155
94 163
94 166
95 31
95 42
95 50
95 57
95 87
95 128
96 28
96 30
96 33
96 35
96 60
96 113
96 166
97 1
97 60
97 63
97 94
97 95
97 101
97 140
97 166
97 170
98 11
98 13
98 23
98 31
98 37
98 82
98 84
98 85
98 109
98 132
98 136
98 168
99 10
99 21
99 128
99 150
100 27
100 36
100 59
100 101
100 123
100 129
100 138
101 25
101 55
101 65
101 97
101 123
101 136
101 154
102 23
102 48
102 56
102 73
102 80
102 95
102 100
102 125
102 143
102 146
102 153
103 7
103 18
103 33
103 39
103 42
103 92
103 100
103 101
103 125
103 133
103 137
103 157
103 167
104 5
104 24
104 46
104 66
104 71
104 79
104 98
105 7
105 52
105 53
105 56
105 60
105 71
105 147
105 157
106 10
106 30
106 60
106 99
106 101
107 3
107 34
107 36
107 51
107 58
107 99
107 104
107 156
108 44
108 49
108 55
108 59
108 97
108 109
108 114
108 125
108 141
109 12
109 23
109 37
109 59
109 62
110 1
110 9
110 75
110 96
110 99
110 134
111 70
111 94
111 95
111 99
111 110
111 116
112 64
112 77
112 91
112 97
112 145
113 17
113 95
113 134
113 139
114 7
114 58
114 141
114 147
114 157
115 106
115 118
115 121
115 135
115 152
116 7
116 54
116 91
116 118
116 119
116 123
116 150
116 163
116 165
117 6
117 23
117 34
117 61
117 74
117 124
117 151
117 154
118 4
118 7
118 9
118 12
118 30
118 68
118 74
118 87
118 135
118 143
119 16
119 58
119 86
119 87
119 109
119 126
119 140
119 150
120 15
120 27
120 62
120 82
120 88
120 94
120 144
121 25
121 63
121 68
121 79
121 157
122 6
122 44
122 55
122 93
122 100
122 158
123 9
123 64
123 72
123 93
123 97
123 140
123 148
124 79
124 98
125 13
125 17
125 27
125 31
125 48
125 82
125 119
125 133
125 169
126 3
126 16
126 23
126 26
126 68
126 73
126 78
126 90
126 99
126 121
126 155
126 157
127 9
127 69
127 70
127 126
128 80
128 119
128 158
129 22
129 35
129 47
129 66
129 115
129 136
129 137
129 139
130 18
130 21
130 108
130 109
131 48
131 53
132 22
132 27
132 63
132 72
132 86
132 96
133 11
133 29
133 33
133 63
133 86
133 90
133 91
134 7
134 14
134 18
134 62
134 69
134 79
134 160
135 13
135 17
135 20
135 34
135 40
135 47
135 76
135 122
135 127
136 18
136 107
136 138
137 35
137 40
137 59
137 60
137 68
137 76
137 77
137 89
137 93
137 108
137 116
137 144
137 148
137 157
137 162
138 17
138 47
138 48
138 53
138 145
138 168
139 21
139 24
139 82
139 119
139 127
140 32
140 62
140 65
140 106
141 6
141 96
141 119
141 140
142 36
142 37
142 92
142 131
142 132
142 149
143 8
143 11
143 31
143 36
143 52
143 65
143 106
143 165
144 58
144 70
144 85
145 1
145 10
145 41
145 48
145 108
145 126
146 43
146 83
146 131
146 159
147 61
147 87
147 91
147 115
147 116
147 151
147 166
148 22
148 32
148 56
148 69
148 76
148 80
148 91
148 113
148 125
148 168
149 11
149 34
149 44
149 45
149 56
149 65
149 90
149 108
149 113
149 140
149 157
150 71
150 104
150 119
150 137
150 161
150 164
150 168
151 3
151 34
151 70
151 119
152 25
152 35
152 44
152 53
152 92
152 97
152 115
152 121
152 144
153 27
153 47
153 69
153 70
153 139
153 156
153 160
153 169
154 17
154 31
154 35
154 38
154 46
154 67
154 71
154 91
154 117
154 141
154 149
154 153
154 169
155 17
155 68
155 95
155 103
155 119
155 133
155 162
156 5
156 15
156 47
156 61
156 98
156 114
156 147
156 157
156 165
157 50
157 62
157 65
157 85
157 151
157 168
158 3
158 72
158 79
158 94
158 100
158 110
158 124
158 145
158 166
159 19
159 49
159 62
159 99
159 101
160 5
160 91
160 96
160 98
160 102
160 126
160 127
161 12
161 53
161 64
161 134
161 150
162 2
162 29
162 116
162 129
163 23
163 41
163 67
163 121
163 125
163 139
164 28
164 45
164 52
164 115
164 166
165 20
165 41
165 83
165 105
165 114
165 122
165 138
165 151
165 155
165 169
166 15
166 43
166 48
166 85
166 135
166 138
166 162
166 163
167 1
167 55
167 74
167 81
167 131
167 165
167 168
167 169
168 25
168 37
168 54
168 112
168 127
168 134
168 135
168 140
168 158
169 9
169 17
169 19
169 67
169 80
169 81
169 108
170 7
170 15
170 36
170 42
170 48
170 101
170 106
170 108
170 124
170 158
