180
886
1 65
1 171
2 28
2 71
2 99
2 123
2 124
2 140
2 153
2 170
3 79
3 87
4 26
4 47
4 72
4 87
4 111
4 127
5 4
5 125
6 9
6 53
6 93
6 161
6 173
7 10
7 32
7 43
7 48
7 104
7 119
7 139
7 143
7 146
8 71
8 86
8 96
8 136
8 177
9 17
9 68
9 106
9 111
9 130
10 18
10 35
10 40
10 63
10 121
10 143
10 156
10 172
11 4
11 14
11 25
11 67
11 72
11 133
11 172
12 2
12 7
12 119
12 129
13 30
13 51
13 59
13 79
14 1
14 6
14 71
14 103
14 104
14 120
14 156
15 106
15 164
16 13
16 31
16 116
16 126
16 163
17 43
17 174
18 81
18 97
18 99
19 9
19 38
19 115
19 135
20 72
20 126
21 138
22 134
22 160
22 169
23 5
23 13
23 122
23 128
23 133
23 146
24 46
24 129
25 1
25 31
25 59
25 104
25 171
26 16
26 62
26 157
26 164
26 168
26 176
27 14
27 56
27 99
27 122
27 176
28 38
28 95
28 97
28 105
28 109
28 137
28 167
29 6
29 30
29 54
29 146
29 171
30 48
30 54
30 103
30 137
30 164
31 42
31 58
31 87
31 111
31 114
31 121
31 144
32 27
32 35
32 44
32 132
32 153
33 72
33 94
33 128
34 64
35 4
35 16
35 21
35 23
35 61
35 64
36 14
36 24
36 42
36 96
36 127
36 131
36 138
36 141
37 6
37 11
37 123
37 127
37 175
38 17
38 51
38 138
38 160
38 174
39 11
39 36
39 37
39 119
39 138
39 153
40 25
40 30
40 102
40 111
40 116
40 155
40 163
41 2
41 22
41 49
41 77
41 160
42 96
42 158
42 174
43 1
43 53
43 144
44 62
44 71
44 151
44 169
45 32
45 142
46 20
46 72
46 130
47 11
47 23
47 58
47 154
47 160
48 28
48 30
48 35
48 38
48 71
48 73
48 77
48 100
48 114
48 156
48 159
48 180
49 63
49 73
49 155
50 16
50 61
50 66
50 99
50 125
50 146
51 15
51 26
51 96
51 98
51 134
51 145
52 8
52 77
52 117
52 160
52 173
52 178
53 114
53 149
53 166
54 20
54 57
54 64
54 81
54 135
54 140
54 145
54 156
54 173
55 26
55 83
55 123
55 129
55 167
56 52
56 71
56 83
56 102
57 41
57 105
58 11
58 52
58 54
58 120
58 136
58 144
58 157
58 179
59 11
59 116
60 36
60 64
60 82
60 88
61 22
61 48
61 146
61 173
61 175
62 34
62 83
62 94
62 131
62 138
62 178
63 30
63 40
63 60
63 74
64 7
64 43
64 45
64 164
65 3
65 13
65 86
65 93
65 118
65 141
65 157
66 3
66 8
66 47
66 108
66 147
67 56
67 59
67 117
67 157
68 16
68 72
68 130
68 152
68 159
68 164
69 22
69 54
69 58
69 70
70 6
70 30
70 111
70 117
70 124
70 156
71 51
71 61
71 157
72 4
72 23
72 137
72 145
73 11
73 30
73 41
73 93
74 39
74 50
74 62
74 78
74 96
74 127
74 143
74 148
75 5
75 50
75 53
75 128
76 19
76 31
76 101
77 39
77 47
77 140
77 152
78 12
78 62
78 66
78 72
78 124
78 171
79 12
79 46
79 113
79 147
80 125
80 148
81 62
81 107
81 111
81 123
81 179
82 15
82 30
82 90
82 169
82 172
83 108
83 161
84 61
84 127
84 139
85 76
85 98
85 124
85 134
87 92
87 107
87 151
87 158
87 175
88 86
88 93
88 120
88 121
88 137
89 30
89 82
89 87
89 132
89 143
89 153
90 14
90 29
90 64
90 117
91 23
91 39
91 113
91 133
91 146
92 162
93 31
93 49
93 107
94 29
94 75
94 144
94 159
94 163
94 172
95 36
95 114
95 123
95 136
95 155
95 171
96 68
96 121
96 169
97 55
97 102
97 103
97 133
97 134
97 142
98 13
98 14
98 41
98 79
98 114
98 143
98 154
98 178
99 36
99 52
99 117
99 131
99 156
99 160
99 174
99 180
100 9
100 30
100 117
100 122
100 137
101 35
101 86
101 173
102 85
102 110
102 118
102 119
102 150
102 162
103 9
103 11
103 20
103 82
103 108
103 115
103 126
103 146
104 3
104 6
104 11
104 20
104 32
104 70
104 74
104 166
104 179
105 8
105 76
105 94
105 115
105 134
106 7
106 17
106 19
106 24
106 34
106 148
107 87
107 134
107 158
108 16
108 25
108 123
108 133
108 142
109 111
109 176
110 58
110 70
110 130
110 141
111 49
111 102
111 135
111 157
112 6
112 48
112 63
112 90
112 98
112 111
112 144
112 163
113 56
113 94
113 134
113 141
113 150
113 155
114 38
114 111
115 22
115 23
115 24
115 28
115 96
115 177
115 179
116 2
116 93
116 113
116 124
116 141
117 2
117 12
117 14
117 41
117 46
117 77
117 169
118 18
118 47
118 132
118 140
118 148
119 84
119 101
119 102
119 109
119 160
119 171
120 5
120 18
120 28
120 80
120 93
120 119
120 133
121 14
121 99
121 139
121 166
122 8
122 28
122 39
122 120
122 126
122 168
123 5
123 105
123 116
123 125
123 146
123 152
123 153
124 2
124 4
124 41
124 70
124 147
125 5
125 40
125 77
125 135
125 138
125 164
126 14
126 32
126 175
127 34
127 132
127 136
127 151
128 31
128 63
128 67
128 147
128 153
129 66
129 70
129 89
129 145
130 11
130 27
130 40
130 116
130 121
130 146
130 152
130 169
130 177
131 94
131 125
131 148
131 149
131 158
132 76
132 80
132 81
132 84
132 93
132 108
132 121
132 134
132 135
133 43
133 90
133 121
133 130
133 178
134 8
134 33
134 54
134 57
134 116
134 118
134 138
134 148
134 153
135 18
135 74
135 169
135 171
136 8
136 15
136 116
136 167
137 3
137 40
138 7
138 62
139 22
139 29
139 68
139 101
139 105
139 126
139 127
140 68
140 89
141 19
141 21
141 22
141 26
141 42
141 69
141 137
141 177
142 106
142 113
142 120
142 121
142 153
142 169
144 1
144 3
144 19
144 43
144 52
144 63
144 89
144 136
144 166
145 103
145 142
145 149
145 156
146 10
146 11
146 28
146 30
146 53
146 73
146 76
146 97
146 179
147 48
147 61
147 82
147 87
147 95
147 97
147 134
147 172
148 15
148 17
148 73
148 99
148 104
148 125
148 159
148 170
149 49
150 3
150 4
150 40
150 109
150 131
150 164
150 179
151 56
151 116
151 156
152 21
152 70
152 104
152 151
152 156
152 178
153 13
153 39
153 48
153 58
153 132
153 138
153 156
154 47
154 88
155 78
155 108
155 129
155 144
155 158
155 175
156 65
156 126
156 127
156 166
157 20
157 45
157 76
157 80
157 111
157 121
157 127
157 129
158 44
158 68
158 85
158 86
158 94
158 120
158 139
159 25
159 33
159 60
159 109
159 119
160 13
160 84
160 88
160 168
160 176
161 123
161 132
161 165
161 173
162 45
162 50
162 67
162 102
163 32
163 40
163 72
163 86
163 106
164 112
164 152
165 7
165 70
165 117
165 137
166 98
166 105
166 148
166 153
166 155
167 19
167 23
167 68
167 76
168 19
168 56
168 57
168 70
168 72
168 86
168 129
168 140
168 165
168 166
168 179
169 38
169 92
169 107
169 141
170 1
170 22
170 82
170 156
171 10
171 49
171 75
171 107
171 132
171 135
172 31
172 82
172 125
172 156
173 23
173 63
173 95
173 130
173 132
173 171
174 14
174 36
174 58
174 65
174 76
174 80
174 84
174 88
174 115
174 126
174 176
175 5
175 11
175 60
175 124
175 128
176 15
176 115
176 129
176 173
177 64
177 105
177 153
177 179
178 69
178 166
179 139
179 143
180 15
180 99
180 119
180 157
