180
180
1 100
1 142
2 78
2 175
6 161
7 144
9 117
11 155
11 167
11 172
12 6
14 86
14 135
15 150
18 36
20 160
21 121
21 144
22 14
22 66
23 91
24 54
24 127
24 177
25 82
27 130
28 121
29 155
30 42
30 49
30 148
33 91
34 6
34 23
34 83
34 124
36 13
36 54
36 111
38 132
38 159
38 165
40 15
41 73
42 6
42 171
43 148
44 35
44 109
45 69
49 52
49 91
50 71
50 155
50 168
51 119
52 40
52 176
54 131
55 106
57 156
58 125
59 113
60 79
60 128
61 42
61 51
62 81
63 17
65 108
65 132
71 121
72 118
73 132
74 47
74 122
74 154
76 34
76 90
77 4
79 99
79 148
80 54
81 14
83 3
83 19
84 120
85 2
85 108
86 63
87 154
88 164
89 73
91 69
93 88
94 50
96 153
97 117
101 161
103 38
103 176
104 147
105 23
105 89
106 35
106 73
109 110
110 32
110 143
111 145
112 19
112 89
114 7
114 57
114 78
114 106
115 67
116 141
116 176
117 178
119 1
119 173
121 19
122 8
122 137
123 27
124 26
125 102
125 115
127 115
128 115
130 179
134 59
134 74
135 61
135 159
136 127
139 83
141 14
143 6
144 18
144 112
145 19
145 54
148 50
148 155
149 3
152 2
152 3
154 28
154 113
155 109
157 27
162 150
162 159
162 166
163 8
163 24
164 125
164 150
167 126
168 75
169 103
170 11
170 104
170 123
171 65
171 117
171 162
172 20
172 38
172 59
175 32
175 122
177 26
178 21
178 180
179 134
179 140
180 151
