180
1240
1 11
1 23
1 36
1 51
2 4
2 32
2 50
2 86
2 143
2 159
2 165
2 169
2 179
3 31
3 44
3 52
3 74
3 81
3 88
3 128
3 149
3 178
4 3
4 16
4 66
4 119
4 122
4 123
4 130
4 173
4 178
5 78
5 134
5 139
5 144
6 9
6 25
6 30
6 40
6 71
6 80
6 107
6 115
6 142
6 145
6 166
6 179
7 16
7 27
7 35
7 48
7 141
7 166
7 171
8 58
8 88
8 113
8 123
8 135
9 21
9 80
9 81
9 139
9 171
10 6
10 47
10 56
10 63
10 119
10 130
10 176
11 6
11 30
11 52
11 85
11 103
11 105
11 111
11 149
12 17
12 41
12 85
12 131
12 146
12 157
13 1
13 52
13 56
13 62
13 66
13 79
13 134
13 149
14 53
14 58
14 72
14 122
14 127
14 174
14 177
14 179
15 69
15 96
15 119
15 147
15 151
15 174
15 175
15 176
16 14
16 17
16 27
16 28
16 30
16 93
16 100
16 125
16 138
16 167
17 35
17 67
17 73
17 128
17 171
17 176
18 5
18 8
18 9
18 42
18 74
18 78
18 114
18 118
18 148
18 154
18 163
19 7
19 60
19 72
19 112
19 135
19 146
19 169
20 2
20 51
20 64
21 2
21 45
21 63
21 67
21 78
21 125
21 138
22 55
22 85
22 92
22 134
22 156
22 160
23 37
23 44
23 45
23 57
23 81
23 102
23 106
23 110
23 130
23 173
24 30
24 62
24 86
25 22
25 31
25 37
25 73
25 118
25 133
25 155
25 174
25 177
26 9
26 42
26 70
26 126
27 34
27 44
27 89
27 134
28 14
28 20
28 33
28 40
28 75
28 88
28 109
28 113
28 178
29 7
29 49
29 95
30 4
30 31
30 72
30 100
30 106
30 109
30 165
30 177
31 15
31 21
31 37
31 77
31 79
31 123
31 133
31 142
32 9
32 17
32 35
32 48
32 93
32 117
32 131
32 146
32 158
32 159
33 6
33 13
33 15
33 48
33 62
33 130
33 179
34 51
34 59
34 65
34 74
34 92
34 103
34 109
34 143
34 158
34 173
34 179
35 5
35 25
35 30
35 74
35 110
35 117
35 136
35 155
35 174
36 26
36 70
36 76
36 148
37 16
37 18
37 34
37 38
37 82
37 105
37 120
37 145
37 159
37 171
38 14
38 16
38 40
38 77
38 104
38 109
38 171
38 180
39 12
39 13
39 53
39 76
39 97
39 118
39 145
39 167
39 180
40 25
40 88
40 111
40 118
40 178
41 45
41 53
41 79
41 91
41 166
41 167
42 3
42 20
42 38
42 47
42 57
42 60
42 108
42 133
43 22
43 66
43 72
43 99
43 101
43 118
43 126
44 11
44 25
44 37
44 81
44 88
44 98
44 119
45 15
45 41
45 85
45 100
45 106
45 122
45 132
45 153
46 42
46 55
46 116
46 140
46 143
46 152
47 2
47 18
47 31
47 38
47 60
47 89
47 98
47 102
47 128
47 133
47 146
47 147
47 155
47 158
47 161
48 34
48 41
48 47
48 65
48 75
48 100
48 160
49 47
49 51
49 56
49 73
49 77
49 129
49 152
49 176
50 28
50 39
50 79
50 98
50 115
50 147
50 173
51 108
51 148
51 169
52 38
52 48
52 86
52 121
52 136
53 39
53 47
53 90
53 99
53 111
53 158
53 175
54 91
54 94
54 165
55 79
55 87
55 110
55 112
55 120
56 7
56 25
56 54
56 96
56 104
56 137
56 148
57 40
57 46
57 62
57 67
57 90
57 104
57 123
57 157
58 34
58 46
58 102
58 130
58 153
58 165
59 51
59 73
60 3
60 84
60 103
60 166
60 167
60 178
61 74
61 106
61 119
61 137
61 157
62 12
62 24
62 29
62 34
62 156
62 180
63 1
63 40
63 95
63 120
63 134
63 143
63 146
63 158
64 74
64 86
64 138
65 22
65 103
65 127
65 138
65 148
65 156
66 11
66 56
66 59
66 93
66 126
66 158
66 159
67 2
67 26
67 49
67 60
67 78
67 80
67 94
67 118
67 125
67 165
67 168
68 28
68 41
68 45
68 56
68 116
68 132
68 134
68 139
68 154
68 160
69 10
69 37
69 43
69 92
69 132
69 134
70 26
70 27
70 29
70 74
70 102
70 103
70 159
71 35
71 56
71 102
71 113
71 157
71 161
71 180
72 40
72 64
72 66
72 69
72 73
72 100
72 113
73 3
73 6
73 22
73 63
73 107
73 115
73 140
73 142
74 1
74 55
74 87
74 94
74 113
74 115
74 133
74 170
74 178
75 33
75 68
75 74
75 96
75 110
75 141
75 150
75 173
75 174
75 179
76 12
76 19
76 42
76 49
76 83
76 88
76 103
76 165
76 170
77 21
77 42
77 65
77 75
77 93
77 103
78 18
78 29
78 56
78 89
78 103
78 161
78 166
78 176
79 1
79 61
79 67
79 84
79 85
79 100
79 104
79 144
79 156
80 32
80 41
80 43
80 93
80 142
80 164
81 6
81 59
81 60
81 72
81 80
81 83
81 107
81 116
81 154
81 159
82 27
82 122
82 136
83 33
83 58
83 70
83 134
83 158
83 171
84 33
84 47
84 48
84 53
84 75
84 85
84 132
84 165
84 174
85 10
85 39
85 78
85 155
85 168
85 175
86 1
86 11
86 27
86 32
86 60
86 78
86 147
86 178
87 2
87 8
87 27
87 84
87 90
87 119
87 143
87 173
87 174
88 7
88 42
88 68
88 100
88 107
88 113
88 122
88 152
88 157
89 9
89 55
89 62
89 97
89 122
89 151
90 23
90 166
90 175
91 17
91 29
91 77
91 82
91 118
91 148
92 14
92 16
92 113
92 120
92 121
92 129
92 173
93 49
93 74
93 168
94 24
94 31
94 36
94 60
94 88
94 92
94 148
94 167
95 12
95 18
95 93
95 96
95 109
95 122
95 175
96 35
96 80
96 88
96 110
96 138
96 142
96 152
97 20
97 62
97 83
97 96
97 98
97 129
97 150
97 152
97 171
97 174
98 92
98 105
98 121
98 147
99 5
99 12
99 19
99 22
99 25
99 29
99 52
99 63
99 81
99 94
99 157
99 158
99 175
100 86
100 89
100 106
100 107
100 128
100 154
100 165
100 167
101 38
101 57
101 58
101 94
101 137
101 159
101 171
102 6
102 14
102 29
102 49
102 74
102 95
102 117
102 136
102 161
102 163
102 172
103 9
103 15
103 19
103 21
103 24
103 50
103 55
103 74
103 78
103 83
103 85
103 86
103 135
103 169
104 16
104 133
104 154
104 160
105 57
105 68
105 81
105 126
105 143
105 149
105 159
105 178
106 23
106 25
106 98
106 133
106 179
107 39
107 48
107 74
107 77
107 108
107 119
107 168
108 76
108 100
108 115
108 116
108 119
108 167
109 1
109 8
109 23
109 78
109 81
109 97
109 112
109 155
110 17
110 28
110 29
110 34
110 40
110 44
110 98
111 17
111 35
111 84
111 162
112 7
112 59
112 79
112 91
112 96
112 97
113 7
113 12
113 19
113 107
113 130
113 153
113 158
113 160
114 54
114 115
114 134
114 136
114 173
115 13
115 69
115 107
115 168
115 174
116 19
116 33
116 46
116 57
116 112
116 179
117 2
117 11
117 51
117 75
117 90
117 108
117 149
118 34
118 116
118 124
118 140
118 178
119 1
119 66
119 90
119 120
119 132
119 153
119 159
119 165
120 13
120 79
120 88
120 108
121 1
121 15
121 20
121 32
121 36
121 54
121 126
121 135
122 4
122 47
122 53
122 94
122 96
122 101
122 144
122 168
123 6
123 22
123 39
123 55
123 92
123 124
123 125
123 131
123 142
123 151
124 38
124 47
124 64
124 75
124 107
124 135
124 144
124 148
124 175
125 25
125 36
125 46
125 52
125 81
125 122
125 131
126 16
126 57
126 70
126 99
126 122
126 150
126 169
127 55
127 72
127 76
127 81
127 83
127 89
127 96
127 133
127 155
127 160
127 169
127 170
128 73
128 136
128 155
128 159
128 180
129 100
129 105
129 165
129 167
130 20
130 144
130 163
130 169
131 9
131 54
131 107
131 137
131 138
131 165
132 17
132 45
132 50
132 51
132 55
132 82
132 85
132 98
132 143
132 151
132 160
132 177
133 2
133 8
133 30
133 50
133 131
133 153
134 19
134 36
134 146
135 42
135 47
135 48
135 75
135 94
135 110
135 119
135 127
136 12
136 28
136 41
136 56
136 58
136 70
136 106
136 157
136 170
137 6
137 67
137 75
137 79
137 86
137 108
137 168
137 180
138 37
138 133
138 151
138 156
139 3
139 22
139 27
139 46
139 63
139 64
139 90
139 114
139 160
140 44
140 77
140 138
140 163
140 176
141 12
141 42
141 73
141 88
141 118
141 122
141 154
141 171
141 175
142 9
142 25
142 41
142 56
142 68
142 171
142 180
143 20
143 29
143 40
143 77
143 131
143 155
143 164
143 175
144 12
144 26
144 28
144 49
144 95
144 103
145 16
145 113
145 131
145 141
145 177
146 9
146 51
146 52
146 53
146 63
146 97
146 110
146 114
147 8
147 12
147 19
147 26
147 65
147 124
147 143
147 156
148 1
148 10
148 52
148 171
148 180
149 28
149 30
149 61
149 74
149 81
149 94
149 130
149 161
150 31
150 39
150 51
150 146
150 153
150 161
151 36
151 55
151 115
151 141
152 104
152 131
152 135
152 143
152 179
153 11
153 31
153 53
153 72
153 78
153 161
153 164
153 167
154 18
154 51
154 52
154 75
154 149
154 174
155 31
155 72
155 130
155 135
156 29
156 61
156 105
156 115
156 168
157 13
157 175
158 38
158 65
158 69
158 83
158 93
158 105
158 157
159 17
159 32
159 48
159 84
159 111
159 129
159 179
160 53
160 97
160 107
160 114
160 171
161 56
162 16
162 20
162 52
162 75
162 122
162 137
162 149
162 154
162 170
163 12
163 31
163 34
163 84
163 85
163 116
163 136
163 148
163 159
164 74
164 99
164 111
164 149
164 166
165 5
165 32
165 55
165 61
165 108
165 126
165 132
165 143
165 148
165 153
166 81
166 107
167 49
167 96
167 107
167 108
167 162
167 177
168 24
168 29
168 57
168 58
168 78
168 147
168 162
169 61
169 80
169 97
169 106
169 120
169 154
170 14
170 19
170 75
170 100
171 13
171 28
171 47
171 67
171 72
171 114
171 117
171 144
172 34
172 37
173 59
173 92
173 111
173 171
173 172
173 180
174 27
174 71
174 90
174 102
174 126
174 169
175 14
175 80
175 86
175 105
175 164
175 165
176 45
176 89
176 149
176 150
176 156
177 20
177 28
177 49
177 111
178 9
178 26
178 32
178 65
178 67
178 71
178 91
178 113
178 145
178 163
179 13
179 78
179 85
179 98
179 105
179 141
179 172
179 175
180 9
180 32
180 40
180 47
180 53
180 77
180 100
180 102
180 120
180 143
180 146
180 162
180 175
