190
944
1 42
1 58
1 95
1 105
1 130
1 185
2 6
2 10
2 64
2 89
3 9
3 27
3 33
3 83
3 125
3 129
3 160
3 161
4 81
4 93
4 146
5 104
5 121
5 125
6 21
6 65
6 79
6 95
6 120
6 130
6 134
7 63
7 85
7 111
7 125
7 174
8 2
8 35
8 39
8 48
8 65
8 86
8 142
8 146
8 176
8 186
9 52
9 54
9 80
9 141
9 175
9 182
10 62
10 74
10 88
10 105
10 132
10 149
10 157
10 172
11 4
11 6
11 29
11 83
11 99
11 115
12 3
12 66
12 85
12 108
13 93
13 100
13 129
14 19
15 68
15 74
15 88
15 97
15 117
16 6
16 34
16 37
16 60
17 27
17 36
17 41
17 166
18 30
18 45
18 112
19 9
19 92
20 50
20 114
20 123
20 124
20 126
20 128
20 131
20 170
21 36
21 78
21 90
21 106
21 135
22 29
22 85
22 146
22 153
23 26
23 41
23 177
23 185
24 32
24 59
24 117
24 129
24 138
24 142
24 186
24 190
25 52
25 53
25 115
25 130
25 183
26 116
26 169
27 3
27 53
27 73
27 76
27 115
27 153
27 174
28 22
28 78
28 86
28 94
28 124
28 125
28 127
28 148
28 178
29 51
29 83
29 118
29 130
29 163
29 169
30 16
31 45
31 79
31 87
31 100
31 114
31 124
32 61
32 75
33 29
33 66
33 129
33 150
33 186
34 6
34 12
34 14
34 29
34 38
34 99
34 163
35 11
35 74
35 94
35 185
36 46
36 67
36 115
36 122
36 148
36 154
37 79
37 84
37 89
37 127
37 167
38 124
38 133
38 168
38 175
39 98
39 177
40 70
40 126
40 156
41 2
41 22
41 49
41 89
41 144
41 149
42 73
43 28
43 35
43 36
43 64
43 111
43 114
43 144
43 154
44 2
44 16
44 37
44 63
44 85
44 157
45 28
45 68
45 142
45 190
46 26
46 79
46 181
46 187
47 40
48 12
48 62
48 71
48 147
48 156
48 157
48 158
49 15
49 63
49 71
49 85
49 118
49 138
49 167
50 15
50 67
50 95
50 147
50 184
51 5
51 73
51 104
51 126
51 130
52 34
52 82
52 133
52 151
52 177
53 21
53 66
53 103
53 156
53 182
54 33
54 37
54 85
54 93
55 6
55 50
55 59
55 75
55 106
55 133
55 147
56 31
56 91
57 63
57 75
57 147
58 79
58 137
58 155
59 19
59 81
59 88
59 123
59 147
59 187
60 67
60 81
60 89
60 100
60 183
61 63
61 123
61 143
62 38
62 55
62 119
62 130
62 156
62 182
63 52
63 62
63 68
63 100
64 37
64 75
64 77
64 111
64 118
64 127
64 158
65 35
65 59
65 138
66 28
66 38
66 41
66 67
66 79
66 90
66 136
66 167
66 177
67 15
67 153
67 171
68 2
68 3
68 74
68 82
69 17
69 75
69 121
69 172
70 8
70 93
70 97
70 113
70 154
70 155
70 159
71 22
71 91
71 142
71 161
71 169
72 6
72 27
72 51
72 130
72 136
73 5
73 23
73 37
73 52
73 116
73 118
74 14
74 49
74 67
74 124
74 160
74 166
74 189
75 41
75 58
75 77
75 162
76 1
76 3
76 32
76 38
76 52
76 98
76 109
76 153
76 174
77 4
77 158
78 91
78 112
78 150
78 180
79 17
79 55
79 58
79 95
79 109
79 160
80 27
80 40
80 117
80 124
80 182
81 65
81 106
81 117
81 122
81 163
82 61
82 103
82 129
82 162
83 23
83 59
83 79
83 152
83 156
83 172
83 174
83 182
84 69
84 109
84 128
84 141
84 173
85 27
85 73
85 82
85 83
85 108
85 163
85 188
86 65
86 73
86 75
86 84
86 88
86 117
86 146
87 27
87 44
87 78
87 119
87 139
87 154
88 36
88 71
88 80
88 98
88 106
88 129
88 188
89 3
89 40
89 60
89 100
89 151
89 177
89 185
90 61
90 80
90 91
90 150
91 69
91 71
91 92
91 125
91 135
91 152
92 7
92 105
93 45
93 57
93 59
93 94
93 119
93 178
93 184
94 7
94 81
94 154
94 181
95 43
95 49
95 83
95 103
96 38
96 50
96 63
96 70
97 12
97 24
97 53
97 101
97 186
98 11
98 38
98 94
98 107
98 123
98 139
99 62
99 64
99 73
99 101
99 189
100 14
100 48
100 55
100 62
101 20
101 29
101 89
101 140
102 65
102 68
102 81
102 132
102 158
102 160
103 34
103 60
103 105
104 10
104 32
104 90
104 128
104 178
105 1
105 7
105 81
105 100
105 166
106 2
106 13
106 57
106 80
106 108
106 135
107 16
107 56
107 75
107 85
107 120
107 124
107 146
108 33
108 105
109 36
109 70
109 73
109 184
110 8
110 40
110 47
110 95
110 174
111 14
111 31
111 38
111 47
111 52
111 95
111 157
111 167
111 176
112 110
112 129
112 190
113 1
113 6
113 18
113 41
113 55
113 123
114 20
114 66
114 101
115 33
115 160
116 50
116 102
116 128
116 164
116 182
117 37
117 40
117 73
117 88
117 103
117 132
117 139
117 150
117 190
118 12
118 20
118 95
118 112
118 127
118 145
118 163
119 55
119 176
120 5
120 38
120 63
120 71
120 97
120 106
120 123
120 152
121 28
121 78
121 110
121 135
122 184
123 30
123 31
123 33
123 42
123 94
123 127
123 129
123 140
123 145
124 4
124 27
124 34
124 60
124 67
125 1
125 30
125 81
125 157
125 166
125 175
126 45
126 61
126 105
126 138
126 165
127 7
127 72
127 100
128 2
128 44
128 65
128 102
128 149
128 157
129 40
129 67
129 132
129 147
129 158
129 170
129 174
130 66
130 85
130 112
130 123
131 75
131 109
132 43
132 109
132 111
132 151
133 59
133 63
133 85
133 101
133 116
133 118
133 185
133 190
134 53
134 72
134 95
134 120
134 161
135 97
136 6
136 41
136 160
137 82
137 93
137 94
137 124
137 129
137 142
137 149
137 152
137 169
138 6
138 14
138 15
138 30
138 60
138 141
138 163
138 175
138 178
138 190
139 5
139 24
139 161
140 8
140 16
140 66
140 137
140 148
140 175
141 14
141 42
141 114
141 153
142 68
142 115
142 128
142 156
142 162
142 185
143 125
143 137
143 152
143 159
143 168
143 187
144 23
144 32
144 116
144 122
145 9
145 19
145 39
145 60
145 87
145 152
147 36
147 49
147 157
148 9
148 13
148 65
148 145
149 48
149 132
149 168
150 124
150 137
150 189
151 3
151 48
151 80
151 90
151 125
151 135
151 158
151 164
151 171
151 180
151 188
152 23
152 24
152 72
152 93
152 103
152 139
153 5
153 31
153 116
153 122
153 145
153 156
153 181
154 4
154 24
154 123
154 156
154 182
154 187
155 96
155 100
155 146
155 161
156 32
156 99
156 118
156 126
156 141
156 159
156 170
157 21
157 28
157 92
157 146
157 164
158 11
158 95
158 102
158 104
158 166
159 61
159 76
159 77
159 133
159 178
160 11
160 98
160 106
161 66
161 126
161 139
161 146
162 128
163 80
163 147
164 17
164 34
164 44
164 48
164 136
164 162
165 7
165 130
166 140
166 160
167 28
167 55
167 149
167 187
168 26
168 55
168 57
168 78
168 156
168 184
169 94
169 173
170 31
170 32
170 82
170 103
170 131
170 162
171 27
171 99
171 130
171 151
171 179
172 31
172 51
172 105
172 134
172 140
172 165
172 184
173 31
173 41
173 43
173 47
173 118
173 135
173 155
174 5
174 21
174 35
174 99
174 120
174 128
174 140
174 179
174 183
175 2
175 14
175 38
175 123
175 129
175 143
175 166
176 21
176 80
176 141
176 166
176 190
177 55
177 75
177 78
177 99
177 107
178 6
178 31
178 34
178 63
178 123
178 151
178 158
178 188
179 3
179 7
179 73
179 129
180 60
180 99
180 101
180 156
181 11
181 58
181 59
181 74
181 87
181 142
182 46
182 114
182 142
182 168
182 173
183 13
183 59
183 74
183 95
183 101
183 113
183 170
184 23
184 27
184 81
184 128
184 136
185 35
185 93
185 160
186 69
186 76
186 101
187 53
187 88
188 11
188 25
188 35
188 100
188 108
188 120
189 34
189 43
189 99
189 142
189 171
189 187
190 32
190 54
190 89
190 111
190 126
190 169
