190
1668
1 16
1 17
1 21
1 46
1 60
1 78
1 100
1 109
2 20
2 51
2 58
2 85
2 94
2 95
2 115
2 121
2 144
2 166
2 167
2 177
2 178
3 10
3 12
3 40
3 101
3 144
3 160
3 175
3 184
4 3
4 21
4 24
4 31
4 33
4 73
4 99
4 172
5 60
5 69
5 121
5 127
6 62
6 83
6 129
7 4
7 18
7 78
7 87
7 101
7 139
7 171
8 15
8 30
8 36
8 58
8 64
8 110
8 111
8 120
8 182
8 185
9 10
9 12
9 14
9 34
9 44
9 62
9 125
9 130
9 153
9 181
10 20
10 34
10 37
10 57
10 87
10 131
10 147
11 13
11 26
11 42
11 73
11 108
11 113
11 131
11 167
11 171
12 23
12 68
12 81
12 104
12 125
12 154
12 155
12 164
12 169
13 72
13 73
13 74
13 100
13 111
14 2
14 16
14 47
14 62
14 128
14 180
15 10
15 35
15 60
15 68
15 125
15 147
15 180
15 182
16 7
16 13
16 14
16 69
16 119
16 125
16 130
16 134
16 138
16 148
17 6
17 8
17 11
17 16
17 72
17 76
17 91
17 97
17 112
17 115
17 120
17 121
17 127
18 9
18 15
18 16
18 22
18 126
18 153
18 157
19 15
19 20
19 21
19 44
19 89
19 147
19 153
19 177
19 183
19 184
20 3
20 72
20 88
20 109
20 127
20 148
20 156
20 164
20 187
21 18
21 25
21 35
21 39
21 126
21 139
21 155
21 158
21 159
21 160
21 187
22 15
22 44
22 73
22 83
22 85
22 87
22 101
22 173
22 177
23 3
23 15
23 44
23 54
23 74
23 76
23 89
23 155
23 161
23 168
24 9
24 14
24 22
24 33
24 47
24 52
24 66
24 86
24 87
24 174
25 14
25 51
25 55
25 67
25 136
25 148
25 158
25 173
25 181
25 188
26 40
26 54
26 64
26 65
26 82
26 118
26 128
26 129
26 133
26 137
26 148
26 151
26 167
26 172
26 184
27 15
27 18
27 35
27 43
27 86
27 88
27 134
27 160
28 31
28 34
28 38
28 43
28 54
28 57
28 107
28 128
28 129
28 133
28 156
28 159
29 38
29 46
29 81
29 103
29 123
29 133
29 166
30 7
30 21
30 36
30 87
30 96
30 109
30 162
30 174
30 182
31 3
31 18
31 26
31 44
31 68
31 116
31 185
32 21
32 40
32 43
32 87
32 94
32 97
32 106
32 110
32 117
32 143
32 160
32 161
32 164
32 183
33 51
33 58
33 71
33 102
33 113
33 119
33 177
33 186
34 36
34 47
34 76
34 86
34 124
34 130
35 26
35 105
35 106
35 120
35 142
35 146
35 152
35 159
35 164
35 168
36 4
36 19
36 24
36 55
36 108
36 134
36 159
36 161
36 181
37 52
37 106
37 131
37 146
38 30
38 81
38 120
38 178
39 10
39 34
39 62
39 83
39 117
39 127
39 140
39 172
39 185
40 10
40 24
40 46
40 131
40 132
41 21
41 47
41 52
41 59
41 73
41 88
41 125
41 138
41 158
41 170
41 181
42 5
42 82
42 109
42 127
42 135
42 162
43 25
43 34
43 72
43 76
43 83
43 126
43 177
44 2
44 8
44 20
44 62
44 63
44 83
44 100
44 135
44 138
44 182
44 184
45 2
45 49
45 68
45 86
45 99
45 102
45 146
46 7
46 16
46 19
46 34
46 37
46 78
46 106
46 120
46 139
46 142
46 158
46 164
46 176
47 17
47 63
47 65
47 72
47 82
47 124
47 163
47 165
48 43
48 167
48 181
49 4
49 9
49 16
49 19
49 20
49 28
49 53
49 69
49 124
50 3
50 36
50 46
50 78
50 92
50 136
50 189
51 52
51 70
51 72
51 80
51 85
51 88
51 91
51 161
51 170
52 26
52 29
52 53
52 93
52 123
52 136
52 145
52 146
52 147
52 158
52 174
52 180
53 4
53 6
53 19
53 21
53 57
53 82
53 120
53 125
53 128
54 45
54 63
54 83
54 86
54 89
54 108
54 119
54 123
55 24
55 50
55 65
55 74
55 128
55 165
55 172
55 178
56 18
56 23
56 40
56 51
56 69
56 71
56 86
56 104
56 127
57 70
57 78
57 119
58 13
58 20
58 42
58 49
58 99
58 148
58 158
58 185
59 57
59 62
59 63
59 81
59 91
59 100
59 117
59 160
59 163
59 164
59 185
59 188
60 18
60 31
60 33
60 36
60 62
60 91
60 96
60 113
60 140
60 145
60 147
60 157
60 164
60 165
60 187
61 47
61 63
61 101
61 149
61 168
61 180
61 181
62 10
62 60
62 119
62 120
62 127
63 8
63 22
63 101
63 115
63 118
64 1
64 6
64 27
64 52
64 63
64 105
64 123
64 152
64 162
64 165
65 1
65 57
65 74
65 102
65 129
65 182
65 185
65 186
66 9
66 25
66 47
66 90
66 110
66 111
66 112
67 1
67 70
67 74
67 102
67 147
67 161
67 186
68 5
68 19
68 20
68 38
68 50
68 84
68 102
68 108
68 150
68 152
68 187
69 28
69 31
69 47
69 51
69 78
69 100
69 112
69 124
69 144
69 146
69 158
69 161
69 178
70 22
70 51
70 71
70 107
70 129
70 130
71 9
71 20
71 27
71 45
71 52
71 61
71 72
71 79
71 96
71 101
71 103
71 112
71 143
72 28
72 42
72 46
72 54
72 92
72 95
72 103
72 120
72 124
72 181
72 190
73 50
73 69
73 71
73 83
73 91
73 106
73 129
73 152
73 174
73 183
74 19
74 20
74 25
74 33
74 79
74 80
74 106
74 130
74 137
74 140
74 179
75 10
75 12
75 17
75 29
75 38
75 61
75 72
75 93
75 125
75 130
75 140
75 156
75 177
76 47
76 52
76 64
76 95
76 96
76 156
76 161
76 169
77 1
77 33
77 70
77 135
77 137
77 143
77 159
77 183
78 8
78 38
78 64
78 69
78 70
78 71
78 76
78 95
78 119
78 156
78 178
79 12
79 71
79 80
79 91
79 95
79 96
79 99
79 127
79 149
79 189
80 9
80 19
80 41
80 61
80 121
80 130
80 136
80 142
80 152
80 156
80 187
81 2
81 9
81 17
81 32
81 69
81 80
81 128
81 152
81 165
81 167
82 35
82 40
82 60
82 76
82 80
82 123
82 173
82 186
83 34
83 38
83 51
83 68
83 113
83 116
83 123
83 166
83 181
83 189
84 74
84 93
84 126
84 136
84 143
84 177
85 2
85 32
85 44
85 60
85 72
85 87
85 88
85 93
85 96
85 100
85 132
85 145
85 150
85 175
86 11
86 36
86 38
86 54
86 90
86 104
86 117
87 8
87 35
87 36
87 39
87 58
87 77
87 107
87 113
87 125
87 157
87 174
88 57
88 84
88 120
88 130
88 169
89 4
89 6
89 29
89 56
89 72
89 105
89 112
89 134
89 138
89 139
89 143
89 164
89 179
89 182
89 186
90 24
90 26
90 30
90 58
90 63
90 128
90 129
90 139
90 160
91 4
91 13
91 21
91 43
91 45
91 52
91 121
91 126
92 13
92 39
92 80
92 115
92 146
92 149
92 154
93 29
93 51
93 163
93 171
93 178
93 188
94 31
94 51
94 86
94 108
94 109
94 133
94 151
94 154
94 164
94 168
94 169
95 3
95 38
95 49
95 54
95 63
95 72
95 127
95 140
96 37
96 55
96 62
96 65
96 66
96 90
96 108
96 137
96 162
96 163
97 50
97 52
97 124
97 153
97 189
98 22
98 25
98 53
98 82
98 119
98 120
98 150
98 161
98 181
98 188
99 12
99 50
99 89
99 153
99 158
99 185
100 9
100 12
100 22
100 24
100 39
100 40
100 44
100 66
100 90
100 106
100 131
100 137
100 145
100 174
101 16
101 52
101 72
101 104
101 110
101 137
101 143
101 150
102 47
102 63
102 80
102 82
102 86
102 121
102 124
102 156
102 165
102 177
102 183
103 1
103 33
103 43
103 73
103 85
103 153
104 14
104 34
104 67
104 89
104 107
104 123
104 140
104 168
105 21
105 34
105 46
105 64
105 86
105 89
105 104
105 113
105 115
105 137
105 145
105 155
105 162
105 187
106 15
106 19
106 39
106 59
106 70
107 10
107 20
107 21
107 38
107 40
107 71
107 80
107 82
107 84
107 123
107 143
108 7
108 8
108 24
108 26
108 81
108 116
108 138
108 157
108 161
108 173
108 179
109 20
109 25
109 37
109 56
109 93
109 112
109 115
109 122
109 152
109 160
110 7
110 45
110 66
110 74
110 121
110 125
110 131
110 189
111 15
111 30
111 55
111 58
111 132
111 149
111 153
111 162
111 183
111 190
112 9
112 18
112 26
112 46
112 53
112 76
112 82
112 92
112 126
112 133
112 153
112 156
112 158
112 177
112 185
113 18
113 32
113 45
113 46
113 61
113 67
113 70
113 80
113 84
113 87
113 107
113 124
113 144
113 147
114 1
114 30
114 63
114 81
114 109
114 137
114 148
114 160
114 161
114 174
115 76
115 118
115 145
115 146
115 154
115 169
115 173
115 183
116 59
116 77
116 119
116 151
116 162
116 177
117 26
117 39
117 61
117 75
117 84
117 86
117 168
118 13
118 68
118 99
118 105
118 152
119 29
119 58
119 60
119 62
119 70
119 92
119 116
119 174
119 188
120 33
120 40
120 83
120 133
121 8
121 70
121 90
121 93
121 99
121 120
121 130
121 156
121 171
121 179
121 182
122 28
122 37
122 41
122 110
122 113
122 126
122 128
122 131
122 161
122 163
123 72
123 74
123 92
123 109
123 121
123 142
123 190
124 29
124 30
124 36
124 64
124 72
124 85
124 123
124 142
124 171
124 177
125 52
125 72
125 147
125 149
125 159
125 180
126 34
126 49
126 74
126 91
126 119
126 132
126 145
126 148
126 184
127 39
127 46
127 61
127 67
127 71
127 93
127 96
127 103
127 138
127 171
127 180
128 1
128 26
128 30
128 49
128 50
128 54
128 55
128 63
128 68
128 70
128 79
128 83
128 88
128 112
128 113
128 170
128 182
128 186
129 21
129 52
129 68
129 93
129 114
129 168
129 173
129 182
129 183
130 5
130 36
130 38
130 48
130 57
130 97
130 122
130 139
130 161
130 173
131 2
131 20
131 31
131 35
131 49
131 50
131 54
131 55
131 59
131 66
131 74
131 104
131 105
131 111
131 114
131 155
131 176
132 25
132 32
132 39
132 80
132 119
132 120
132 129
132 134
132 143
132 144
132 157
132 186
132 187
132 190
133 20
133 36
133 72
133 74
133 82
133 86
133 88
133 90
133 92
133 94
133 168
133 174
134 18
134 54
134 121
134 145
135 39
135 43
135 48
135 50
135 59
135 62
135 63
135 128
135 160
135 189
136 28
136 120
136 152
137 50
137 66
137 88
137 107
137 129
137 133
137 136
137 152
137 162
138 9
138 41
138 132
138 165
138 182
138 184
139 15
139 70
139 80
139 117
139 145
139 186
140 21
140 24
140 122
140 130
140 167
140 179
141 2
141 7
141 12
141 50
141 73
141 86
141 136
141 139
141 152
141 153
141 181
142 12
142 14
142 72
142 79
142 117
142 158
142 169
142 190
143 6
143 14
143 35
143 38
143 48
143 54
143 65
143 92
143 121
143 124
144 14
144 57
144 122
145 6
145 21
145 24
145 26
145 28
145 33
145 35
145 44
145 52
145 57
145 61
145 67
145 91
145 129
145 130
145 185
146 11
146 25
146 29
146 30
146 43
146 63
146 104
147 25
147 39
147 65
147 70
147 83
147 100
147 131
147 135
147 138
148 11
148 38
148 46
148 62
148 92
148 96
148 113
148 151
148 155
148 170
148 180
149 14
149 103
149 128
149 146
149 172
150 34
150 90
150 92
150 105
150 108
150 178
151 36
151 67
151 69
151 108
151 132
151 139
151 140
151 175
152 7
152 12
152 31
152 34
152 35
152 75
152 78
152 88
152 123
152 128
152 133
153 3
153 45
153 60
153 80
153 109
153 117
153 121
153 131
153 169
153 170
153 187
154 1
154 83
154 96
154 131
154 167
155 1
155 28
155 60
155 76
155 108
155 175
155 182
156 1
156 36
156 53
156 76
156 129
156 130
156 143
156 144
156 145
156 150
156 178
156 184
157 19
157 34
157 41
157 142
157 146
158 22
158 37
158 43
158 48
158 78
158 79
158 89
158 90
159 19
159 37
159 67
159 72
159 90
159 109
159 124
159 156
159 158
160 24
160 109
160 124
160 150
160 171
160 188
161 33
161 34
161 38
161 47
161 59
161 61
161 107
161 109
161 134
161 157
162 52
162 84
162 101
162 103
162 123
162 140
162 156
162 184
163 23
163 64
163 69
163 70
163 83
163 154
163 161
164 2
164 14
164 42
164 77
164 98
164 108
164 116
164 129
165 53
165 69
165 87
165 106
165 133
165 136
165 152
165 153
165 187
166 23
166 61
166 128
166 133
166 169
167 4
167 9
167 25
167 50
167 55
167 74
167 102
167 122
167 147
167 189
168 5
168 15
168 24
168 48
168 49
168 55
168 90
168 137
168 144
168 171
169 38
169 41
169 67
169 132
170 6
170 39
170 55
170 62
170 142
170 153
170 162
170 171
171 58
171 74
171 83
171 125
171 126
171 142
171 150
171 157
171 158
171 175
172 28
172 32
172 38
172 57
172 65
172 68
172 73
172 92
172 143
172 190
173 23
173 70
173 107
173 166
173 171
174 1
174 4
174 9
174 29
174 43
174 46
174 83
174 91
174 117
174 150
174 177
175 2
175 6
175 33
175 44
175 73
175 86
175 107
175 116
175 122
175 128
175 163
176 25
176 46
176 49
176 81
176 94
176 98
176 136
176 144
176 162
177 7
177 10
177 15
177 17
177 29
177 41
177 60
177 78
177 95
177 100
177 102
177 132
177 139
177 174
178 6
178 24
178 40
178 89
178 145
179 30
179 43
179 68
179 103
179 117
180 8
180 41
180 67
180 103
180 127
180 133
180 138
180 152
180 179
181 6
181 15
181 42
181 57
181 72
181 77
181 88
181 97
181 109
181 120
181 121
181 159
181 170
181 176
182 6
182 14
182 108
182 145
182 146
182 154
183 42
183 48
183 73
183 76
183 77
183 100
183 124
183 169
183 180
184 60
184 105
184 116
184 145
184 148
185 35
185 44
185 75
185 105
185 165
185 172
185 175
185 182
186 57
186 62
186 73
186 101
186 134
186 151
186 163
186 169
187 5
187 9
187 13
187 30
187 78
187 90
187 129
187 151
187 154
187 171
187 174
188 42
188 88
188 104
188 107
188 110
188 117
188 127
188 151
188 177
189 16
189 36
189 37
189 68
189 157
189 168
190 25
190 40
190 50
190 67
190 94
190 108
190 168
