190
376
1 18
1 117
1 132
2 35
3 14
3 132
4 25
4 41
4 101
5 61
6 55
6 162
7 51
8 5
8 156
9 20
9 45
9 60
9 83
11 4
11 129
11 146
12 122
13 176
14 85
14 112
14 140
15 37
15 74
15 107
16 137
17 85
17 116
18 110
18 112
18 160
19 149
20 183
21 20
22 57
23 36
23 52
24 19
24 179
25 48
25 109
26 62
26 128
26 175
27 142
27 148
28 6
28 130
28 164
29 68
29 143
31 11
31 37
31 84
32 3
32 16
32 137
33 15
33 23
33 29
33 150
34 9
34 63
35 17
35 76
35 127
37 11
37 18
37 106
39 51
39 160
40 29
41 53
41 82
41 131
41 165
42 56
42 84
42 95
43 111
43 138
45 17
45 121
45 158
45 172
46 84
47 56
47 120
47 152
48 42
48 73
48 94
48 148
49 121
49 141
49 165
49 180
49 187
50 1
50 20
50 149
51 35
51 182
52 126
53 43
53 159
53 189
54 78
54 182
55 182
56 22
56 97
56 154
57 7
58 87
58 129
58 143
58 161
58 166
58 175
59 22
59 169
60 67
61 86
61 167
62 38
62 40
62 49
62 73
64 73
64 160
65 112
65 137
66 5
66 32
66 62
66 68
66 164
67 6
67 21
67 45
67 66
67 76
67 174
67 179
68 43
68 151
71 169
72 16
72 94
72 132
72 181
73 80
73 158
73 169
76 166
77 45
78 11
78 25
78 120
78 164
78 171
79 20
79 70
80 34
80 125
81 133
81 188
82 185
84 2
84 59
84 76
84 173
85 31
86 189
87 59
87 64
87 175
88 140
88 164
89 26
90 102
92 50
93 115
93 175
94 80
94 163
95 26
96 17
96 30
96 39
97 3
97 16
97 154
98 85
98 132
98 137
99 35
99 79
99 156
99 171
100 131
100 153
102 16
102 82
102 181
102 187
103 73
103 145
104 15
104 118
104 140
104 165
105 4
105 164
107 33
108 69
108 134
108 171
109 116
110 174
110 176
110 183
111 47
112 56
113 65
113 105
114 22
114 49
114 96
116 64
116 135
116 187
117 37
119 23
119 76
119 157
121 45
121 93
122 13
123 6
123 25
123 39
124 83
125 134
126 87
126 162
128 12
128 136
128 189
130 49
130 142
132 59
132 70
132 112
133 80
134 108
135 23
135 101
136 81
136 134
137 26
137 105
137 127
137 131
138 110
138 128
139 16
139 49
139 127
140 42
140 75
140 76
140 103
140 177
141 34
141 86
141 178
141 185
142 17
142 58
142 97
143 13
143 71
143 157
146 16
146 127
147 36
148 5
148 117
148 153
148 164
149 47
149 180
150 12
151 150
151 157
152 81
152 101
152 110
153 10
153 36
154 15
154 144
156 116
156 135
156 164
156 170
158 74
158 75
158 113
158 183
159 51
159 96
160 60
160 65
160 70
160 151
161 90
163 47
163 183
164 16
164 176
164 183
165 173
166 77
167 152
168 97
169 21
169 63
170 69
171 87
171 160
172 97
173 84
173 169
173 187
174 151
174 158
174 170
175 105
175 119
175 187
176 169
177 23
177 137
178 103
178 158
179 2
179 3
179 19
179 131
180 36
180 60
181 79
181 141
182 177
183 99
183 161
184 1
185 47
186 172
187 17
188 77
189 24
189 41
189 72
189 101
190 7
190 20
190 85
