190
754
1 2
1 59
1 134
1 144
2 44
2 53
2 56
2 66
3 31
3 34
3 46
3 136
3 162
4 41
4 179
5 129
5 146
5 147
5 184
7 14
7 16
7 37
7 160
8 35
8 55
8 69
8 122
8 126
8 132
8 136
9 28
9 53
9 92
9 179
10 21
10 22
10 29
10 71
10 72
11 157
12 38
12 92
12 103
12 110
12 166
13 74
13 164
14 13
14 47
15 3
15 39
15 55
15 60
15 152
16 55
16 133
16 143
16 164
16 173
16 177
17 57
17 135
18 38
18 99
18 179
19 15
19 18
19 66
19 185
20 16
20 80
20 165
21 31
21 119
22 33
22 44
22 65
22 84
22 133
23 13
23 17
23 18
23 52
23 66
23 67
23 70
23 109
23 130
23 189
24 16
24 78
24 88
24 90
24 123
24 159
25 163
25 171
25 177
25 188
25 189
26 113
26 132
26 152
27 15
27 39
27 50
27 64
27 81
27 92
27 164
27 170
28 81
28 98
28 123
28 183
29 170
30 10
30 105
30 112
30 125
30 143
31 26
31 125
31 168
31 173
32 16
32 44
32 80
32 122
32 128
33 102
33 117
33 153
34 26
34 46
34 51
34 89
34 102
34 181
35 23
35 42
35 92
35 189
35 190
36 30
36 88
36 166
37 4
37 56
37 99
37 185
38 15
38 56
38 123
38 127
39 2
39 53
39 54
39 101
39 116
40 96
40 138
41 1
41 66
41 80
41 89
41 96
41 178
42 16
42 82
42 107
42 190
43 32
43 130
43 158
43 169
44 52
44 102
45 38
45 137
45 151
45 177
45 185
46 153
47 14
47 76
48 19
48 64
48 76
48 92
48 155
48 168
49 14
49 16
49 74
49 115
49 179
50 31
50 77
50 84
50 118
51 21
51 29
51 34
51 104
52 58
52 118
52 130
52 190
53 35
53 107
53 132
53 181
54 24
54 104
55 112
55 135
55 162
55 171
56 51
56 133
56 170
56 182
57 96
57 151
57 179
58 33
58 69
58 105
58 154
59 48
60 19
60 20
60 92
60 100
61 15
61 58
61 76
61 144
61 155
62 60
62 121
62 158
63 8
63 115
64 178
64 189
65 1
65 35
65 166
66 165
66 169
67 99
68 132
68 152
68 175
68 189
69 124
70 12
70 21
70 66
70 95
70 112
70 142
70 148
71 6
71 37
71 59
71 75
71 87
71 105
72 35
72 49
72 80
72 138
72 161
72 171
72 181
73 9
73 57
73 96
74 35
74 40
74 49
75 25
75 60
75 82
75 117
75 129
75 148
76 18
76 39
76 99
76 145
76 182
77 94
77 165
78 25
78 56
78 73
78 149
78 150
78 180
79 162
81 17
81 36
81 40
81 79
81 101
81 149
82 124
82 125
83 150
84 92
84 109
84 158
84 160
85 87
85 105
86 50
86 61
86 92
86 103
86 115
86 158
86 164
86 166
87 28
87 72
87 111
88 35
88 51
88 90
88 99
88 127
89 79
89 92
89 93
89 121
90 42
90 86
90 124
90 133
90 160
91 9
91 25
91 65
92 19
92 28
92 53
92 78
92 142
92 154
92 183
93 2
93 53
93 100
93 129
94 19
94 23
94 30
94 33
94 42
94 110
94 187
95 19
96 41
96 53
96 81
96 118
96 170
97 30
97 70
97 72
97 116
97 152
97 184
97 187
98 61
98 90
98 161
99 2
99 40
99 64
100 60
100 69
100 86
100 174
101 68
101 103
101 156
102 126
103 26
103 132
103 151
103 174
103 184
104 95
104 110
105 55
105 81
105 96
105 110
105 144
106 167
107 87
107 99
107 129
107 172
108 71
108 86
108 159
109 4
110 7
110 60
110 120
110 121
110 132
110 163
110 186
111 53
111 81
111 185
112 9
112 121
112 122
113 70
113 75
113 84
113 138
113 182
113 186
114 46
114 80
114 126
114 147
114 167
114 171
114 175
115 11
115 12
115 42
115 47
115 112
115 146
115 179
115 181
115 190
116 88
117 175
117 190
118 95
118 111
118 153
118 170
119 19
119 70
119 172
119 177
120 16
120 36
120 59
120 115
120 159
121 80
121 92
121 133
121 136
122 24
122 128
122 159
122 160
123 44
123 50
123 107
123 167
123 170
124 33
124 59
124 83
124 133
124 168
125 41
125 102
125 105
125 115
125 171
126 59
126 107
126 113
127 42
127 126
127 175
127 182
128 38
128 61
128 112
129 8
129 31
129 140
129 161
130 2
130 35
130 85
130 145
130 157
130 169
131 15
131 28
131 156
132 5
132 20
132 80
133 39
133 55
133 88
133 161
134 175
135 17
135 51
135 101
135 175
136 2
136 33
138 14
138 22
138 40
138 57
138 104
138 111
138 141
138 168
138 179
139 34
140 50
140 76
140 139
141 81
141 99
141 119
141 137
142 7
142 95
142 106
142 115
142 149
142 150
142 174
143 70
145 2
145 20
145 31
145 43
145 56
145 111
145 148
147 118
148 12
148 124
148 147
149 10
149 11
149 27
149 40
149 52
149 130
149 139
150 44
150 130
150 179
150 181
151 65
151 104
151 138
152 36
152 113
152 128
153 59
153 93
153 149
154 43
154 55
154 110
155 3
155 48
155 79
155 82
155 86
155 143
156 16
156 33
156 58
156 78
156 91
156 183
157 14
157 56
157 136
157 172
158 53
158 61
158 80
158 134
159 24
159 27
159 55
159 97
159 116
159 129
159 178
160 24
160 30
160 59
160 83
161 29
161 49
161 82
161 118
161 156
162 2
162 40
162 59
162 70
162 103
163 76
163 83
164 30
164 81
164 146
164 161
164 171
165 5
165 16
165 49
165 69
165 114
165 126
165 162
166 83
166 132
166 161
167 8
167 19
167 46
167 56
167 59
167 95
167 146
168 38
168 49
168 68
168 71
168 73
168 175
168 184
169 4
169 12
169 32
169 111
169 158
170 18
170 46
170 49
170 94
170 101
170 146
171 16
171 53
171 55
171 148
171 178
171 188
172 17
172 60
172 76
172 86
172 97
172 103
172 181
173 87
173 92
173 131
173 190
174 1
174 13
174 59
174 89
174 127
175 13
175 115
175 130
175 160
176 15
176 71
176 117
176 169
177 15
177 19
177 75
177 81
178 53
178 55
178 170
178 182
178 183
179 37
179 44
179 105
179 122
179 125
179 135
180 18
180 76
180 121
180 160
181 20
181 40
181 63
181 173
183 10
183 178
184 17
184 22
184 31
184 91
184 174
184 181
185 27
185 35
185 59
185 63
185 139
186 139
186 159
186 162
186 180
186 181
187 42
187 72
187 159
187 165
188 31
188 43
188 102
188 129
189 7
189 15
189 17
189 65
189 85
189 113
190 17
190 54
190 180
