200
1384
1 32
1 60
1 64
1 115
1 132
2 8
2 72
2 83
2 99
2 137
2 188
3 1
3 5
3 14
3 40
3 45
3 55
3 70
3 76
3 80
3 84
3 106
3 157
4 2
4 44
4 66
4 67
4 70
4 150
4 179
4 192
5 10
5 24
5 37
5 72
5 123
5 145
5 191
6 45
6 78
6 103
6 105
6 106
6 118
6 136
6 192
6 195
7 10
7 50
7 82
7 126
7 160
7 195
8 64
8 144
9 15
9 18
9 71
9 72
9 87
9 92
9 99
9 108
9 113
9 197
10 6
10 58
10 67
10 81
10 117
10 137
10 158
10 176
11 30
11 48
11 71
11 82
11 181
12 21
12 53
12 67
12 99
12 133
12 165
13 29
13 79
13 92
13 108
13 140
14 16
14 61
14 126
14 133
14 135
14 158
14 194
15 11
15 16
15 197
16 15
17 12
17 20
17 62
17 65
17 88
17 114
17 134
17 152
18 41
18 50
18 76
18 94
18 123
18 162
19 1
19 33
19 53
19 60
19 153
19 164
19 184
20 5
20 38
20 52
20 78
20 146
20 198
21 60
21 61
21 63
21 68
21 82
21 94
21 139
21 167
22 76
22 84
22 101
22 118
22 143
22 197
23 13
23 58
23 124
23 148
23 173
23 182
24 1
24 4
24 32
24 45
24 66
24 72
24 78
24 89
24 103
24 104
24 142
24 151
24 169
24 175
24 185
25 28
25 33
25 41
25 83
26 76
26 86
26 116
26 122
26 134
26 182
26 195
27 35
27 139
27 180
27 183
28 50
28 84
28 89
28 124
28 163
28 174
28 181
28 183
29 70
29 82
29 106
29 182
30 101
30 108
30 116
30 124
30 186
31 166
32 8
32 33
32 57
32 71
32 155
32 168
32 169
32 180
33 12
33 68
33 90
33 118
33 132
33 158
33 171
33 181
33 184
33 192
34 64
34 98
34 119
34 150
35 50
35 66
35 85
35 88
35 142
35 155
35 159
35 181
35 186
36 4
36 111
36 118
36 122
36 185
37 2
37 18
37 81
37 96
37 103
37 137
37 148
37 191
37 196
38 13
38 14
38 74
38 181
39 5
39 6
39 40
39 131
39 168
39 187
40 26
40 35
40 44
40 48
40 103
40 124
40 147
40 181
41 7
41 22
41 42
41 80
41 81
41 93
41 103
41 130
41 154
42 3
42 10
42 28
42 39
42 40
42 44
42 90
42 109
42 132
42 151
43 4
43 34
43 119
43 131
43 197
44 3
44 13
44 55
44 132
44 139
44 161
44 177
44 199
45 8
45 43
45 79
45 96
45 124
46 29
46 42
46 52
46 59
46 117
46 125
46 126
46 127
46 140
46 142
46 189
46 197
46 199
47 13
47 19
47 101
47 142
48 2
48 42
48 46
48 74
48 80
48 104
49 7
49 21
49 39
49 70
49 87
49 144
49 146
49 153
49 158
49 161
49 173
49 192
49 195
50 24
50 71
50 82
50 92
50 119
50 127
50 128
50 136
50 157
50 171
50 173
51 2
51 13
51 18
51 25
51 63
51 104
51 113
51 116
51 132
51 134
51 154
52 11
52 44
52 68
52 81
52 85
52 143
53 4
53 55
53 140
53 177
53 181
54 3
54 69
54 79
54 92
54 104
54 106
54 107
54 130
54 170
55 6
55 42
55 74
55 110
55 145
55 149
55 169
56 64
56 76
56 91
56 102
56 184
56 190
57 7
57 75
57 85
57 145
57 191
58 18
58 46
58 87
58 135
58 188
58 199
59 66
59 69
59 116
59 125
59 137
59 158
60 18
60 19
60 28
60 107
60 155
60 157
60 192
61 36
61 48
61 83
61 94
61 99
61 155
61 164
61 166
61 200
62 15
62 30
62 45
62 53
62 65
62 74
62 133
62 172
62 180
63 2
63 10
63 21
63 29
63 60
63 83
63 104
63 136
63 147
63 188
63 200
64 51
64 63
64 74
64 84
64 128
64 153
64 179
65 64
65 156
65 160
65 169
66 31
66 33
66 34
66 44
66 55
66 56
66 97
66 117
66 144
66 200
67 23
67 24
67 30
67 37
67 46
67 66
67 81
67 90
67 104
67 134
67 191
67 199
68 129
68 130
68 154
69 7
69 43
69 44
69 73
69 103
69 118
69 148
69 199
70 11
70 47
70 51
70 84
70 130
70 160
71 69
71 170
71 173
71 174
72 46
72 52
72 59
72 107
72 148
72 156
72 171
72 176
72 182
73 52
73 98
73 102
73 156
73 157
74 40
74 46
74 72
74 139
75 21
75 43
75 85
75 149
75 156
76 43
76 138
76 148
76 187
77 25
77 30
77 44
77 107
77 181
78 8
78 56
78 97
78 132
78 158
78 180
79 1
79 7
79 8
79 22
79 29
79 58
79 69
79 87
79 156
80 15
80 19
80 42
80 44
80 47
80 72
80 85
80 97
80 151
80 181
80 182
81 9
81 44
81 73
81 76
81 126
81 131
82 39
82 65
82 80
82 146
82 151
82 194
83 3
83 61
83 80
83 102
83 121
83 137
83 150
84 10
84 33
84 65
84 70
84 77
84 107
84 111
84 151
84 175
85 15
85 129
85 147
86 26
86 42
86 54
86 89
86 99
86 114
86 115
86 127
86 131
86 133
86 159
86 164
86 182
86 194
87 3
87 10
87 17
87 36
87 71
87 191
88 27
88 58
88 59
88 64
88 65
88 78
88 101
88 134
88 195
89 125
89 169
89 178
89 186
90 19
90 23
90 43
90 47
90 61
90 76
90 102
90 129
90 144
90 153
91 33
91 51
91 102
91 126
91 156
92 4
92 15
92 24
92 79
92 82
92 85
92 86
92 111
92 116
92 120
92 142
92 160
92 187
93 20
93 35
93 40
93 105
93 107
93 111
93 169
94 36
94 47
94 112
94 120
94 126
94 138
94 147
94 161
94 197
95 5
95 35
95 38
95 46
95 74
95 100
95 113
96 21
96 46
96 59
96 98
96 105
96 128
96 138
97 8
97 11
97 46
97 56
97 81
97 99
97 112
97 114
97 119
97 159
97 182
97 187
98 17
98 29
98 39
98 49
98 54
98 71
98 74
98 117
98 165
98 190
99 10
99 113
99 168
99 182
99 192
99 195
99 198
100 7
100 20
100 47
100 94
100 119
100 133
100 156
100 160
100 180
100 187
100 192
101 36
101 41
101 80
101 89
101 178
102 13
102 27
102 94
102 109
102 123
102 182
102 183
103 17
103 31
103 34
103 48
103 54
103 138
103 157
103 175
104 5
104 14
104 21
104 62
104 148
104 151
104 156
104 197
105 1
105 63
105 64
105 65
105 163
105 167
105 191
106 24
106 51
106 52
106 114
106 136
106 166
107 16
107 29
107 31
107 37
107 91
107 104
107 138
107 162
107 173
107 177
107 189
108 58
108 123
108 185
109 28
109 38
109 39
109 100
109 101
110 13
110 38
110 47
110 67
110 99
110 102
110 129
110 165
110 169
110 179
111 1
111 7
111 31
111 56
111 81
111 92
111 126
112 72
112 123
112 179
113 43
113 56
113 85
113 109
113 123
113 171
113 175
113 197
114 51
114 57
114 97
114 104
114 180
115 18
115 19
115 27
115 84
115 95
115 99
115 168
115 186
115 187
116 61
116 103
116 104
116 144
116 184
116 196
116 198
117 16
117 89
117 95
117 141
117 143
118 7
118 30
118 44
118 81
118 84
118 86
118 100
118 113
118 115
118 133
118 182
119 14
119 37
119 70
119 93
119 94
119 98
119 142
119 185
119 200
120 17
120 40
120 82
120 109
120 113
120 131
120 195
120 200
121 1
121 20
121 46
121 53
121 119
121 146
121 148
122 49
122 63
122 79
122 87
122 151
122 156
123 6
123 15
123 75
123 118
123 139
123 147
124 10
124 14
124 26
124 30
124 50
124 85
124 90
124 120
125 6
125 24
125 37
125 78
125 142
125 154
125 176
126 6
126 66
126 72
126 132
127 17
127 41
127 45
127 82
127 94
127 96
128 8
128 42
128 52
128 60
128 63
128 77
128 117
128 119
128 137
128 173
128 200
129 21
129 76
129 99
129 139
129 164
129 175
129 179
130 12
130 33
130 41
130 88
130 108
130 109
130 168
130 195
131 3
131 11
131 14
131 42
131 53
131 116
131 149
132 22
132 31
132 63
132 97
132 123
132 134
132 145
132 146
132 163
133 4
133 18
133 22
133 27
133 38
133 44
133 67
133 71
133 83
133 118
133 176
133 179
134 15
134 76
134 98
134 112
134 157
134 164
134 167
134 180
134 195
134 197
134 198
135 11
135 27
135 38
135 71
135 92
135 116
135 128
135 130
135 173
135 181
136 40
136 48
137 37
137 52
137 61
137 85
137 152
138 21
138 28
138 44
138 70
138 73
138 78
138 81
138 105
139 89
139 94
139 98
139 121
139 138
140 17
140 19
140 21
140 35
140 65
140 67
140 85
140 117
140 134
141 68
141 150
141 170
142 1
142 40
142 55
142 63
142 92
142 119
142 159
142 196
143 5
143 20
143 29
143 34
143 63
143 112
143 150
143 151
143 153
143 173
143 174
144 3
144 12
144 50
144 64
144 168
145 2
145 98
145 101
145 112
145 119
145 120
146 6
146 59
146 140
146 150
146 169
146 185
146 192
146 200
147 14
147 21
147 32
147 118
147 142
148 21
148 44
148 72
148 115
148 145
148 156
148 196
149 158
150 33
150 37
150 73
150 128
150 139
151 40
151 50
151 55
151 68
151 93
151 145
151 162
151 164
151 167
151 191
152 9
152 50
152 70
152 129
153 16
153 59
153 79
153 126
153 178
154 3
154 9
154 35
154 87
154 101
154 167
154 179
155 16
155 21
155 57
155 158
155 173
155 179
155 192
156 12
156 141
157 12
157 14
157 18
157 25
157 55
157 88
157 128
157 145
157 160
157 200
158 44
158 173
159 7
159 11
159 19
159 33
159 37
159 42
159 57
159 82
159 161
159 180
160 2
160 18
160 40
160 80
160 81
160 125
161 60
161 86
161 110
161 125
161 140
161 188
162 10
162 41
162 101
162 111
162 170
163 56
163 113
163 150
164 14
164 110
164 116
164 166
165 23
165 28
165 58
165 64
165 74
165 134
165 154
165 160
165 173
166 41
166 42
166 55
166 83
166 197
166 200
167 45
167 99
167 114
167 131
167 148
167 194
167 198
168 52
168 53
168 88
168 112
168 113
168 146
169 3
169 50
169 55
169 117
169 131
169 175
170 47
170 66
170 76
170 86
170 99
170 118
170 124
170 132
170 163
171 46
171 95
171 104
171 123
171 136
171 189
172 15
172 60
172 142
172 160
172 169
173 20
173 54
173 66
173 96
173 97
173 200
174 13
174 28
174 64
174 87
174 118
174 125
174 145
174 162
174 191
175 29
175 87
175 114
175 122
175 136
176 38
176 76
176 100
176 112
176 133
176 185
176 191
177 23
177 43
177 47
177 57
177 84
177 95
177 97
177 124
177 134
177 151
177 192
178 24
178 143
179 15
179 35
179 87
179 121
179 135
179 164
179 191
180 15
180 50
180 59
180 102
181 22
181 49
181 85
181 147
182 49
182 89
182 101
182 132
182 164
183 2
183 10
183 27
183 33
183 113
183 117
183 120
183 145
183 161
183 195
184 11
184 33
184 55
184 78
184 119
184 145
184 161
184 187
185 15
185 62
185 68
185 83
185 95
185 120
185 127
185 131
185 154
186 17
186 20
186 27
186 87
186 133
186 170
186 179
186 180
187 3
187 128
187 132
187 150
187 152
188 79
188 89
188 116
188 122
188 153
188 173
188 190
189 21
189 121
189 144
189 164
189 166
189 171
189 179
189 194
190 4
190 13
190 16
190 105
190 131
190 145
190 179
190 187
191 72
191 78
191 83
191 104
191 127
191 129
191 137
191 142
191 153
191 179
192 22
192 44
192 149
193 34
193 42
193 60
193 69
193 107
193 118
193 145
194 24
194 66
194 97
194 102
194 130
195 14
195 41
195 45
195 104
195 116
195 197
196 36
196 55
196 118
196 187
197 3
197 21
197 33
197 62
197 68
197 71
197 72
197 100
197 150
197 169
198 10
198 88
198 114
198 126
198 176
198 200
199 39
199 42
199 46
199 68
199 81
199 86
199 110
199 113
199 153
199 159
199 175
200 107
200 148
