200
1950
1 123
1 128
1 132
1 134
1 191
2 42
2 65
2 67
2 76
2 82
2 106
2 109
2 119
2 141
2 169
3 24
3 39
3 48
3 59
3 97
3 102
3 106
3 108
3 126
3 176
3 195
3 198
4 28
4 40
4 45
4 52
4 56
4 104
4 109
4 111
4 127
4 168
4 184
4 191
5 15
5 19
5 28
5 32
5 118
5 122
5 127
5 141
5 168
6 22
6 28
6 43
6 56
6 68
6 98
6 187
7 115
7 123
7 126
7 161
7 182
8 41
8 70
8 91
8 118
8 147
8 183
8 195
9 14
9 26
9 64
9 114
9 190
10 7
10 19
10 28
10 43
10 64
10 129
10 149
10 165
10 174
11 5
11 34
11 49
11 63
11 64
11 81
11 157
12 10
12 28
12 74
12 96
12 107
12 121
12 180
12 193
13 45
13 59
13 89
13 116
13 119
13 145
13 157
13 184
13 186
13 188
14 31
14 60
14 120
14 156
14 177
15 1
15 36
15 41
15 64
15 75
15 82
15 87
15 106
15 133
15 147
15 167
16 17
16 19
16 20
16 69
16 87
16 121
16 142
16 145
16 146
16 186
17 28
17 29
17 44
17 55
17 103
17 106
17 128
17 147
17 175
17 180
17 182
17 186
18 22
18 93
18 139
18 149
18 186
19 15
19 40
19 87
19 116
19 147
19 152
19 154
19 176
19 177
20 43
20 48
20 75
20 91
20 109
20 198
21 32
21 47
21 107
21 168
21 178
21 188
21 190
22 26
22 49
22 73
22 83
22 113
22 153
22 175
23 38
23 64
23 73
23 103
23 111
23 118
23 130
23 140
24 23
24 40
24 64
24 66
24 76
24 81
24 132
24 152
25 4
25 29
25 42
25 56
25 63
25 91
25 94
25 97
25 136
25 144
25 162
25 180
26 17
26 21
26 25
26 48
26 95
26 119
26 145
26 146
26 147
26 150
26 162
26 183
27 53
27 59
27 131
27 142
27 154
27 162
27 175
27 197
28 49
28 85
28 104
28 121
28 123
28 145
28 159
28 197
29 89
29 151
29 193
30 46
30 53
30 56
30 131
30 159
30 162
30 173
30 176
30 193
31 40
31 80
31 115
31 126
31 127
31 131
31 137
31 140
31 159
31 179
31 197
32 28
32 52
32 94
32 120
32 121
32 122
32 140
32 179
32 181
32 186
32 187
32 191
32 200
33 1
33 4
33 8
33 25
33 32
33 48
33 52
33 66
33 70
33 103
33 107
33 116
33 119
33 127
33 139
33 184
34 8
34 13
34 32
34 35
34 36
34 43
34 53
34 57
34 67
34 112
34 139
34 144
34 191
35 5
35 13
35 40
35 54
35 66
35 71
35 76
35 85
35 111
35 120
35 132
35 145
36 22
36 51
36 58
36 60
36 71
36 87
36 104
36 165
36 168
37 8
37 17
37 42
37 53
37 86
37 171
38 53
38 103
38 130
38 147
38 157
38 162
38 167
39 5
39 34
39 76
39 92
39 159
39 161
39 200
40 22
40 37
40 76
40 93
40 95
40 133
40 136
40 157
40 166
40 185
41 42
41 48
41 59
41 75
41 108
42 20
42 35
42 38
42 41
42 61
42 64
42 67
42 92
42 100
42 134
42 145
42 153
42 162
42 163
42 196
43 7
43 17
43 39
43 160
43 163
44 32
44 54
44 58
44 93
44 121
44 130
44 173
45 19
45 24
45 58
45 61
45 62
45 99
45 104
45 119
45 122
45 131
45 142
45 156
45 175
46 23
46 44
46 62
46 63
46 81
46 125
46 134
46 141
46 145
46 146
46 160
46 169
46 184
46 189
47 4
47 5
47 10
47 22
47 44
47 53
47 64
47 69
47 74
47 78
47 87
47 119
47 148
47 153
47 174
47 177
47 194
48 22
48 45
48 46
48 67
48 90
48 143
48 146
48 156
48 158
48 179
48 193
49 7
49 24
49 45
49 121
49 133
49 186
49 187
50 10
50 32
50 40
50 83
50 91
50 108
50 146
51 6
51 22
51 50
51 62
51 67
51 76
51 90
51 121
51 146
52 14
52 35
52 104
52 115
52 122
52 144
53 10
53 46
53 60
53 150
53 155
53 159
53 187
54 28
54 32
54 40
54 51
54 92
54 138
55 6
55 34
55 85
55 96
55 101
55 107
55 147
55 159
55 160
55 162
55 187
56 26
56 47
56 88
56 104
56 110
56 121
56 146
57 22
57 50
57 125
57 138
57 180
58 9
58 55
58 116
58 140
58 148
58 173
59 8
59 46
59 63
59 74
59 75
59 107
59 170
59 178
59 187
60 6
60 10
60 43
60 100
60 133
60 135
60 153
60 160
61 7
61 27
61 28
61 42
61 57
61 126
61 128
61 140
61 197
62 22
62 26
62 47
62 60
62 93
62 100
62 116
62 127
62 130
62 137
62 144
62 150
62 175
62 176
62 179
62 180
63 18
63 23
63 37
63 54
63 70
63 85
63 129
63 147
63 168
63 193
64 6
64 12
64 45
64 50
64 52
64 53
64 61
64 62
64 74
64 87
64 101
64 178
64 182
64 184
64 196
65 11
65 41
65 42
65 46
65 109
65 135
65 138
65 171
65 172
65 173
65 177
65 189
66 2
66 19
66 100
66 103
66 110
66 113
66 116
66 165
66 179
67 5
67 65
67 91
67 97
67 124
67 132
67 142
68 27
68 46
68 53
68 90
68 96
68 99
68 134
68 136
68 168
68 171
68 172
68 177
68 199
69 88
69 111
69 119
69 148
69 151
69 154
69 172
69 200
70 61
70 121
70 156
70 158
70 165
70 179
70 194
71 26
71 62
71 63
71 72
71 79
71 99
71 131
71 190
72 13
72 21
72 30
72 33
72 43
72 76
72 83
72 88
72 89
72 115
72 127
72 128
73 25
73 60
73 81
73 144
73 152
73 155
73 158
73 162
73 174
73 189
74 106
74 107
74 110
74 119
74 135
74 158
74 183
75 7
75 8
75 18
75 40
75 74
75 102
75 118
75 120
75 143
75 166
75 191
75 197
76 16
76 91
76 92
76 107
76 152
76 158
76 169
76 170
76 196
77 89
77 127
77 180
77 181
78 7
78 10
78 13
78 75
78 84
78 87
78 101
78 102
78 110
78 120
78 124
78 156
79 6
79 18
79 39
79 44
79 92
79 93
79 117
79 146
79 168
79 177
79 184
80 2
80 42
80 68
80 72
80 103
80 114
80 126
80 129
80 191
81 1
81 22
81 98
81 104
81 127
81 143
81 145
81 158
81 169
81 176
82 27
82 29
82 35
82 73
82 92
82 102
82 148
82 159
82 175
83 2
83 6
83 14
83 19
83 27
83 40
83 41
83 89
83 92
83 100
83 129
83 137
83 177
84 8
84 19
84 37
84 45
84 74
84 104
84 113
84 117
84 154
84 172
84 189
84 191
85 5
85 6
85 11
85 14
85 42
85 87
85 166
86 5
86 112
86 164
86 171
86 198
87 9
87 24
87 35
87 67
87 72
87 89
87 106
87 118
87 128
87 153
87 157
87 160
87 166
88 32
88 40
88 61
88 72
88 151
88 181
89 11
89 16
89 20
89 42
89 59
89 95
89 103
89 122
89 184
89 186
89 198
90 52
90 64
90 70
90 99
90 101
90 117
90 129
90 138
90 145
90 172
91 1
91 16
91 21
91 60
91 62
91 81
91 82
91 84
92 39
92 43
92 71
92 82
92 86
92 91
92 93
92 120
92 121
92 122
92 138
92 159
92 160
93 22
93 77
93 85
93 97
93 158
94 9
94 19
94 39
94 49
94 54
94 69
95 81
95 132
95 137
95 155
95 157
95 194
96 15
96 26
96 51
96 84
96 92
96 128
96 131
96 162
96 179
96 189
97 38
97 49
97 51
97 87
97 112
97 120
97 151
97 158
97 164
97 166
97 184
97 185
97 190
97 197
97 199
98 4
98 17
98 38
98 97
98 109
98 113
98 131
98 150
98 198
99 29
99 41
99 48
99 79
99 80
99 83
99 93
99 136
99 139
99 153
99 171
99 182
99 190
99 192
99 193
100 6
100 52
100 53
100 117
100 166
100 180
101 9
101 17
101 34
101 52
101 80
101 112
101 158
101 196
101 197
101 198
102 6
102 26
102 28
102 44
102 52
102 57
102 79
102 80
102 87
102 91
102 103
102 162
102 164
102 173
102 177
102 179
102 194
102 198
103 12
103 19
103 46
103 51
103 83
103 85
103 88
103 90
103 96
103 122
103 135
103 140
103 145
103 183
103 185
104 51
104 68
104 75
104 99
104 110
104 164
104 193
104 194
105 3
105 20
105 23
105 26
105 76
105 110
105 112
105 113
105 129
105 139
105 167
105 182
106 11
106 15
106 24
106 56
106 65
106 69
106 90
106 108
106 117
106 119
106 172
107 76
107 78
107 89
107 128
107 131
107 137
107 152
108 3
108 12
108 24
108 30
108 38
108 49
108 65
108 78
108 98
108 102
108 131
108 157
108 161
108 181
108 190
109 16
109 20
109 22
109 40
109 45
109 51
109 56
109 80
109 110
109 117
109 138
109 142
109 143
109 158
109 164
109 197
110 14
110 15
110 19
110 28
110 87
110 115
110 117
110 133
110 136
110 187
111 6
111 30
111 66
111 79
111 82
111 116
111 138
111 144
111 148
112 13
112 37
112 135
112 154
112 159
112 174
112 193
113 4
113 42
113 75
113 79
113 111
113 131
113 140
113 142
113 187
114 12
114 32
114 52
114 81
114 89
114 93
114 102
114 111
114 115
114 127
114 129
114 139
114 151
115 8
115 23
115 46
115 56
115 61
115 109
115 147
115 151
115 153
115 162
115 163
116 21
116 76
116 101
116 109
116 126
116 146
116 155
117 5
117 7
117 15
117 16
117 59
117 61
117 72
117 79
117 93
117 96
117 101
117 111
117 132
117 142
117 150
117 171
117 174
117 192
118 6
118 17
118 18
118 62
118 103
118 112
118 164
119 7
119 18
119 24
119 40
119 82
119 97
119 140
119 146
119 148
119 166
119 179
120 3
120 5
120 21
120 45
120 46
120 68
120 126
120 189
121 5
121 17
121 38
121 58
121 133
121 144
121 159
121 199
122 8
122 35
122 41
122 51
122 90
122 106
122 111
122 115
122 132
122 133
123 9
123 33
123 64
123 67
123 84
123 93
123 135
123 148
123 150
123 172
123 192
124 12
124 27
124 88
124 144
124 156
124 180
124 195
125 42
125 54
125 66
125 103
125 126
125 132
125 159
125 165
125 173
125 178
126 17
126 63
126 69
126 82
126 98
126 105
126 106
126 123
126 127
126 140
126 178
126 189
126 200
127 13
127 85
127 89
127 101
127 123
127 126
127 137
127 153
127 156
127 181
127 183
128 25
128 66
128 119
128 122
128 125
128 142
128 161
128 197
129 2
129 18
129 44
129 54
129 55
129 69
129 86
129 107
129 118
129 120
129 150
129 195
130 7
130 21
130 58
130 67
130 69
130 88
130 98
130 146
131 30
131 44
131 103
131 104
131 109
131 121
131 144
131 168
132 55
132 109
132 126
132 194
133 16
133 21
133 63
133 86
133 92
133 94
133 110
133 117
133 119
133 138
133 183
133 197
133 198
134 17
134 97
134 111
134 147
134 168
134 185
135 104
135 117
135 127
135 171
135 186
135 189
135 197
136 38
136 42
136 74
136 100
136 128
136 142
136 193
137 11
137 44
137 51
137 72
137 133
137 180
137 187
138 5
138 30
138 39
138 50
138 66
138 88
138 97
138 122
139 7
139 10
139 18
139 23
139 26
139 43
139 80
139 83
139 93
139 110
139 114
139 129
139 145
139 151
139 185
139 199
140 13
140 78
140 87
140 95
140 97
140 101
140 121
140 134
140 149
140 190
141 12
141 14
141 54
141 122
141 133
141 160
141 200
142 3
142 50
142 52
142 56
142 57
142 92
142 125
142 164
142 186
142 194
143 13
143 15
143 19
143 24
143 38
143 49
143 60
143 69
143 98
143 109
143 118
143 119
143 169
143 182
143 195
143 199
144 24
144 32
144 34
144 39
144 69
144 114
144 134
144 158
144 170
144 174
144 183
145 20
145 37
145 69
145 71
145 122
145 137
145 162
146 10
146 29
146 54
146 69
146 109
146 111
146 114
146 143
146 145
146 148
146 149
146 154
146 170
146 196
146 198
147 15
147 57
147 106
147 129
147 149
147 173
147 175
148 31
148 45
148 55
148 83
148 106
148 137
148 138
148 157
148 160
148 186
149 5
149 13
149 37
149 41
149 44
149 55
149 106
149 109
149 116
149 120
149 128
149 187
149 195
150 5
150 13
150 17
150 24
150 45
150 48
150 84
150 134
150 135
150 144
151 58
151 62
151 87
151 103
151 161
152 9
152 35
152 71
152 76
152 93
152 101
152 117
152 118
152 121
152 122
152 156
152 163
152 164
152 178
152 186
153 12
153 23
153 30
153 108
153 127
153 143
153 173
153 185
154 6
154 18
154 26
154 43
154 54
154 73
154 75
154 81
154 88
154 97
154 125
154 126
154 131
154 145
154 160
154 164
154 178
154 183
154 189
154 193
154 200
155 28
155 33
155 40
155 47
155 65
155 94
155 108
155 114
155 124
155 157
155 196
156 5
156 9
156 10
156 21
156 49
156 93
156 99
156 113
156 127
156 160
157 2
157 13
157 29
157 30
157 56
157 92
157 143
157 147
157 165
157 180
157 192
158 35
158 49
158 85
158 97
158 120
158 144
158 165
159 7
159 34
159 71
159 77
159 97
159 101
159 109
159 112
159 115
159 149
159 182
159 199
160 5
160 17
160 27
160 35
160 41
160 44
160 46
160 49
160 64
160 77
160 107
160 139
160 143
160 148
160 149
160 179
160 194
161 2
161 55
161 114
161 129
161 146
161 173
161 180
162 54
162 105
162 107
162 111
162 119
162 122
162 170
162 199
163 26
163 73
163 87
163 126
163 141
163 161
163 176
164 26
164 51
164 106
164 131
164 139
164 145
164 187
165 52
165 63
165 104
165 106
165 109
165 137
166 18
166 25
166 99
166 162
166 196
167 6
167 16
167 28
167 71
167 76
167 90
167 99
167 100
167 138
167 144
167 153
167 156
167 189
168 46
168 61
168 88
168 122
168 126
168 159
168 160
168 163
168 164
168 188
168 192
169 10
169 15
169 18
169 34
169 35
169 67
169 71
169 78
169 122
169 125
169 133
169 143
169 154
169 167
170 2
170 43
170 90
170 113
170 154
170 162
170 173
171 11
171 32
171 41
171 42
171 46
171 72
171 93
171 135
171 186
171 192
172 4
172 6
172 15
172 32
172 34
172 71
172 144
172 150
172 164
172 178
173 12
173 16
173 40
173 45
173 56
173 144
173 159
173 163
173 165
174 10
174 36
174 69
174 96
174 120
174 125
174 176
174 182
175 35
175 44
175 63
175 76
175 88
175 95
175 107
175 108
175 112
175 117
175 140
175 148
175 151
175 152
176 2
176 19
176 28
176 32
176 44
176 51
176 157
176 175
176 182
176 190
176 194
177 6
177 55
177 60
177 63
177 70
177 91
177 103
177 152
177 174
178 6
178 22
178 55
178 80
178 85
178 89
178 94
178 99
178 133
178 163
178 165
178 166
178 170
178 191
178 200
179 43
179 52
179 56
179 98
179 130
179 186
180 84
180 113
180 134
180 147
180 194
180 200
181 44
181 83
181 88
181 107
181 111
181 133
181 141
181 176
181 177
181 191
182 26
182 27
182 35
182 36
182 55
182 58
182 60
182 65
182 74
182 94
182 97
182 99
182 105
182 114
182 145
182 161
183 11
183 39
183 59
183 77
183 140
183 147
184 87
184 155
184 156
184 181
184 185
185 7
185 17
185 22
185 50
185 60
185 74
185 77
185 85
185 99
185 103
185 111
185 120
185 132
185 147
186 26
186 41
186 96
186 114
186 129
186 131
186 155
186 156
186 183
186 188
187 12
187 15
187 31
187 32
187 37
187 71
187 73
187 82
187 106
187 116
187 129
187 130
187 132
187 138
187 150
187 152
187 157
187 182
187 186
187 198
188 22
188 51
188 94
188 108
188 142
188 195
188 198
189 7
189 21
189 35
189 51
189 61
189 64
189 77
189 93
189 97
189 101
189 117
189 160
189 197
190 8
190 10
190 18
190 72
190 90
190 99
190 102
190 116
190 129
190 130
190 133
190 135
190 141
190 145
190 156
190 163
190 165
190 199
191 8
191 20
191 21
191 72
191 91
191 94
191 100
191 115
191 151
191 176
191 177
191 198
192 6
192 20
192 21
192 49
192 87
192 101
192 117
192 164
192 198
192 199
193 24
193 35
193 50
193 78
193 95
193 112
193 121
193 146
193 149
193 150
193 160
193 181
194 3
194 18
194 21
194 58
194 83
194 86
194 134
194 138
194 148
194 178
195 13
195 113
195 158
195 185
195 189
196 9
196 11
196 18
196 27
196 33
196 51
196 72
196 88
196 124
196 130
196 133
196 140
196 154
196 162
196 189
196 198
197 34
197 45
197 50
197 55
197 74
197 89
197 108
197 121
197 135
197 138
198 62
198 82
198 86
198 95
198 110
198 126
198 138
198 148
198 169
198 171
199 2
199 67
199 106
199 109
199 118
199 119
199 131
199 140
199 144
199 160
200 16
200 43
200 84
200 87
200 109
200 111
200 123
200 136
200 180
200 198
