20
105
2 4
2 6
2 16
2 17
2 20
3 4
3 5
3 7
3 9
3 13
3 19
4 1
4 3
4 6
4 7
4 8
4 15
4 17
5 1
5 4
5 8
5 11
5 12
5 14
5 15
5 17
5 19
6 3
6 4
6 5
6 8
7 1
7 2
7 5
7 6
7 14
7 15
7 16
7 19
7 20
8 2
8 7
8 11
8 15
8 16
8 19
8 20
9 2
9 10
9 19
9 20
10 1
10 13
10 16
10 18
11 9
11 15
11 17
12 1
12 2
12 7
12 8
12 10
12 14
12 16
13 3
13 14
13 15
13 16
13 20
14 3
14 6
14 13
14 16
14 20
15 2
15 5
15 16
15 17
15 19
16 3
16 7
16 11
16 13
16 14
16 17
17 1
17 3
17 5
17 6
17 8
17 9
18 5
18 12
18 13
18 15
18 19
18 20
19 5
19 14
20 1
20 2
20 8
20 12
20 16
