20
117
1 3
1 4
1 6
1 8
1 9
1 14
2 1
2 5
2 11
2 17
2 19
3 12
3 13
3 14
3 18
3 20
4 8
4 9
4 11
4 13
4 15
5 2
5 6
5 7
5 8
5 11
5 13
5 15
5 16
5 17
6 1
6 2
6 3
6 4
6 9
6 12
6 14
6 16
6 18
7 1
7 10
7 14
7 17
7 20
8 10
8 16
8 20
9 4
9 5
9 7
9 14
9 17
9 18
10 1
10 2
10 3
10 6
10 7
10 14
10 17
10 18
10 19
11 1
11 15
11 17
12 5
12 11
12 20
13 11
13 12
13 14
14 4
14 5
14 6
14 9
14 10
14 13
14 16
15 1
15 5
15 8
15 9
15 11
15 14
15 17
15 19
15 20
16 3
16 4
16 10
16 15
16 18
17 4
17 6
17 8
17 12
17 13
17 16
18 1
18 7
18 8
18 10
18 12
18 16
18 17
18 19
18 20
19 2
19 5
19 8
19 11
19 13
19 17
19 18
19 20
20 13
20 16
