210
834
1 118
1 183
2 58
2 86
2 87
2 95
2 185
3 10
3 120
3 143
3 156
4 19
4 33
4 174
5 33
5 73
5 188
5 205
6 5
6 48
6 106
6 160
7 13
7 28
7 100
7 153
8 151
8 189
9 56
9 105
9 142
9 170
10 3
10 14
10 17
10 28
10 119
10 159
10 186
11 38
11 59
11 61
11 80
11 91
11 96
11 118
11 161
12 11
12 110
12 129
12 143
12 173
12 209
13 53
13 89
14 54
14 76
14 125
14 138
14 139
14 198
15 76
15 147
15 177
16 87
16 138
17 202
18 72
18 124
18 198
20 18
20 24
20 81
20 109
20 136
20 197
21 39
21 109
21 173
22 58
22 133
22 151
22 185
22 196
23 58
23 64
23 190
24 33
24 59
24 82
25 141
25 160
26 81
26 100
26 107
26 149
26 159
26 164
26 201
27 11
27 84
27 145
27 150
28 49
28 62
28 156
28 186
28 196
29 50
29 84
29 98
29 138
29 149
30 35
30 67
31 38
31 51
31 60
31 82
31 144
31 199
32 1
32 44
32 131
32 192
32 207
33 68
33 145
33 157
33 168
33 174
34 20
34 132
34 205
34 206
35 111
35 122
35 173
36 135
36 159
37 30
37 137
37 143
38 49
38 68
38 70
38 177
39 2
39 16
39 84
39 151
39 202
40 39
40 58
40 69
40 122
40 123
40 200
40 202
41 12
41 32
41 59
41 155
42 10
42 68
42 69
42 149
43 5
43 34
43 169
44 55
44 82
44 120
44 192
45 44
46 127
46 193
47 27
47 42
47 207
48 42
48 49
48 50
48 61
48 99
48 136
48 149
48 188
48 196
48 197
49 5
49 32
49 151
49 191
50 55
50 60
50 101
50 122
50 184
50 191
51 23
51 50
51 203
52 77
52 118
52 178
53 32
53 49
53 90
53 116
54 67
54 104
54 128
54 129
54 153
54 200
55 28
55 65
55 118
55 167
55 174
56 32
56 66
56 205
57 118
58 22
58 97
58 165
59 50
59 53
59 54
59 63
59 93
59 148
59 158
59 183
59 188
60 112
60 127
60 133
60 207
61 167
63 5
63 30
63 69
63 140
63 165
64 12
64 122
64 129
64 141
65 17
65 38
65 75
65 128
65 200
66 61
66 79
66 92
66 122
67 24
67 30
67 132
67 152
68 54
68 180
68 193
69 60
69 90
69 177
69 185
70 165
70 188
70 195
71 62
71 85
71 97
71 106
71 179
72 6
72 66
72 71
72 127
72 183
72 184
73 43
73 83
73 145
74 40
74 120
74 157
74 167
75 152
76 8
76 130
76 206
77 67
77 121
77 178
77 191
77 210
78 58
78 168
78 185
79 19
79 80
79 169
79 178
80 46
80 135
80 164
80 185
80 197
81 50
81 67
81 106
81 107
82 22
82 42
82 83
82 102
82 164
82 183
83 78
83 184
83 204
83 207
84 47
85 27
85 102
85 170
85 209
86 8
86 149
87 3
87 14
87 111
87 152
87 177
87 207
88 137
89 11
89 22
89 27
89 40
89 104
89 118
90 24
90 31
90 39
90 71
90 164
90 169
91 38
91 57
91 71
92 5
92 96
92 110
93 53
93 127
93 177
93 190
93 199
94 108
94 117
94 154
95 67
95 90
95 131
96 33
96 74
96 98
96 121
97 25
97 124
98 3
98 96
98 201
99 56
99 75
99 84
99 120
99 193
100 147
100 207
101 25
101 168
101 191
102 7
102 152
103 85
104 97
104 192
104 201
105 86
105 112
105 192
105 208
106 13
106 37
106 40
106 111
106 192
107 73
107 129
107 178
107 185
107 210
108 131
108 133
108 151
108 178
108 188
109 16
109 32
109 89
109 157
109 162
109 176
110 6
110 24
110 56
111 10
111 53
111 81
111 87
111 97
111 110
112 73
112 85
112 115
113 16
113 21
113 22
113 80
113 93
113 119
113 127
113 195
114 10
114 19
114 24
114 42
114 44
114 93
114 163
114 208
115 13
115 176
115 187
116 16
116 42
116 139
116 152
116 161
116 199
117 86
117 103
117 104
117 105
118 5
118 20
118 51
119 46
119 65
120 62
120 65
120 79
120 94
120 162
121 37
121 40
121 179
122 38
122 91
122 168
122 208
123 128
123 166
123 177
123 184
123 185
124 20
125 37
125 49
126 28
126 72
126 73
126 104
126 115
127 36
127 123
127 133
127 184
127 199
128 50
128 63
128 181
129 7
129 36
129 38
129 165
130 12
130 30
130 76
130 102
130 116
130 176
130 181
131 37
131 40
131 108
131 117
131 203
132 47
132 112
132 210
133 13
133 83
133 87
133 126
133 183
133 188
134 56
134 83
134 146
134 168
134 190
135 71
135 113
135 121
135 198
135 201
136 7
136 27
136 158
136 165
136 166
137 10
137 37
137 42
137 50
137 63
137 82
137 106
137 120
137 193
138 20
138 145
138 159
138 183
139 70
139 78
139 117
139 147
139 162
139 163
139 200
139 201
139 208
140 13
141 9
141 103
141 199
141 210
142 28
142 68
142 83
142 157
142 182
142 210
143 66
143 70
144 31
145 54
145 68
145 76
145 150
145 152
145 194
146 144
147 4
147 41
147 44
147 143
147 194
148 56
148 89
148 115
148 141
148 146
148 171
149 94
149 120
149 169
150 88
150 95
150 106
150 205
150 206
151 14
151 42
151 123
151 136
151 149
152 18
152 128
152 155
152 188
152 203
153 93
153 176
154 85
154 124
155 12
155 75
155 99
155 117
155 173
156 13
156 48
156 61
156 124
156 194
156 206
157 2
157 14
157 68
157 77
157 97
157 125
157 167
157 207
158 3
158 6
158 14
158 77
158 145
158 173
158 182
158 199
159 12
159 58
160 29
160 33
160 98
160 147
160 167
160 199
160 206
161 111
161 178
162 77
162 118
162 158
162 200
162 205
163 20
163 92
163 146
163 196
164 12
164 44
164 187
165 85
165 153
165 171
166 142
166 159
167 15
167 52
167 56
167 61
167 106
167 124
168 58
168 90
168 146
169 88
170 4
170 10
170 15
170 98
170 125
170 130
170 165
170 206
171 76
171 131
172 65
172 89
173 153
174 13
174 35
174 54
174 137
174 181
174 199
175 61
175 86
175 168
175 174
175 190
175 204
176 10
176 62
176 87
176 149
176 158
177 6
177 28
177 128
177 145
177 168
177 174
178 81
178 92
179 8
179 14
179 135
180 120
180 129
180 177
180 192
181 31
181 79
181 91
181 186
181 210
182 20
182 78
183 15
183 140
183 176
184 75
184 136
184 172
185 48
185 49
185 66
185 114
185 122
186 13
186 75
186 98
186 163
186 177
187 35
187 148
188 14
188 30
188 81
188 187
188 205
189 44
190 41
190 82
190 183
191 86
191 126
191 193
192 102
192 167
193 9
193 141
193 155
193 158
193 168
193 172
193 204
195 25
195 28
195 89
195 117
195 123
195 140
195 160
195 205
195 207
196 139
197 58
197 135
197 205
198 131
199 73
199 88
200 39
200 176
201 10
201 39
201 96
201 168
201 196
201 209
202 32
202 81
202 146
203 21
203 75
203 137
203 151
203 152
203 157
203 183
204 38
204 73
204 120
205 35
205 93
205 127
205 153
205 160
205 175
205 187
206 14
206 22
206 29
206 44
206 61
206 77
206 153
206 185
207 6
207 116
207 146
207 201
208 116
208 169
208 178
209 1
209 47
209 65
210 186
