220
220
1 174
2 54
2 163
3 159
3 196
4 37
4 72
6 87
8 83
8 206
10 96
10 154
11 97
12 60
13 214
21 75
22 5
23 100
24 28
24 200
25 117
25 169
26 96
27 181
28 32
30 34
32 98
32 166
34 191
35 96
36 40
37 145
38 42
39 127
42 119
42 191
43 211
44 20
44 174
45 1
45 60
45 157
46 143
46 211
47 112
47 135
48 133
48 162
50 113
52 31
52 54
52 105
56 48
57 139
59 66
59 78
60 118
61 24
61 28
61 76
61 148
62 72
67 143
68 55
68 180
69 168
71 13
71 39
72 59
72 96
72 102
73 64
74 59
74 218
75 194
76 163
77 18
77 177
78 61
79 162
80 74
81 15
81 168
83 104
84 60
84 110
84 160
86 76
86 87
87 58
87 145
90 107
90 172
91 19
93 27
93 78
93 146
95 24
96 46
96 170
98 57
98 156
100 96
100 138
101 2
103 16
103 116
104 53
105 23
105 177
107 157
108 8
109 10
109 214
111 81
111 145
112 169
113 49
114 58
116 68
119 109
119 194
120 39
121 44
121 127
125 100
127 114
127 186
128 39
128 218
129 66
129 166
132 47
133 33
133 44
134 55
134 119
134 183
135 56
136 44
136 107
138 183
139 185
140 177
142 106
142 113
143 73
145 185
145 186
146 89
147 211
148 41
150 62
151 196
152 70
152 129
154 77
154 210
157 20
157 51
162 88
163 156
164 105
164 208
167 217
168 3
168 47
170 168
171 90
171 115
172 27
173 212
175 203
176 38
177 112
177 192
178 62
178 124
178 139
179 202
181 17
181 53
185 62
186 168
186 212
187 30
188 3
188 89
191 55
193 15
193 66
193 110
195 1
195 44
196 150
196 167
197 123
198 93
198 140
199 46
202 72
203 160
203 216
204 104
207 59
207 67
208 20
208 73
209 40
209 186
211 44
213 80
213 159
215 16
215 127
216 37
217 6
218 49
219 117
219 133
