230
1362
1 22
1 70
1 131
1 151
1 154
1 170
1 171
2 59
2 69
2 135
3 48
3 65
3 66
3 90
3 117
3 140
3 147
3 183
3 184
3 188
3 190
4 6
4 39
4 49
4 73
4 167
5 39
5 93
5 122
5 170
5 178
5 179
5 180
5 192
5 199
6 9
6 43
6 99
6 104
6 119
6 134
6 172
6 177
6 192
7 5
7 17
7 23
7 67
7 74
7 89
7 147
7 192
7 208
7 210
7 217
7 221
8 12
8 29
8 68
8 81
8 213
9 4
9 57
9 61
9 84
9 144
10 27
10 45
10 70
10 137
10 160
10 174
10 221
10 225
11 25
11 28
11 63
11 80
11 91
11 114
11 120
11 162
11 163
12 65
12 134
12 147
12 165
13 11
13 51
13 103
13 115
13 124
13 128
13 153
13 191
13 212
14 5
14 65
14 115
14 141
14 178
14 188
14 204
14 225
15 26
15 123
15 126
15 128
15 131
15 171
16 70
16 76
16 111
16 120
16 169
16 199
16 205
16 220
16 221
16 225
17 2
17 28
17 46
17 93
17 105
17 215
17 220
18 28
18 79
18 87
18 151
18 203
18 216
19 55
19 57
19 101
19 122
19 150
19 180
19 181
19 194
19 219
19 224
20 99
20 124
20 132
20 178
20 187
20 193
21 8
21 25
21 73
21 160
21 186
21 209
21 225
22 12
22 42
22 48
22 49
22 50
22 57
22 87
22 133
22 164
22 195
22 219
22 224
23 36
23 37
23 63
23 66
23 82
23 147
23 148
23 166
23 194
23 215
24 12
24 41
24 42
24 63
24 76
24 149
24 165
24 196
24 212
25 102
25 112
25 117
25 134
25 167
26 2
26 24
26 49
26 55
26 97
26 100
26 141
26 148
26 177
26 183
26 184
26 188
26 198
26 216
27 5
27 30
27 42
27 89
27 120
27 131
27 161
27 162
27 186
28 34
28 95
28 110
28 128
28 144
28 173
28 194
28 197
29 7
29 47
29 137
29 150
29 151
29 187
30 60
30 128
30 136
31 17
31 29
31 138
31 203
31 213
32 61
32 62
32 183
33 71
33 130
33 142
33 164
33 177
33 222
34 101
34 127
34 137
34 152
34 177
35 22
35 77
35 81
35 82
35 91
35 107
35 133
35 161
36 7
36 78
36 124
36 130
36 205
37 12
37 191
37 200
37 225
37 229
38 15
38 74
38 92
38 140
39 10
39 49
39 63
39 215
40 19
40 107
40 194
40 207
41 31
41 45
41 67
41 133
41 170
41 207
41 221
41 228
42 38
42 67
42 205
43 16
43 48
43 114
43 128
43 160
43 187
43 188
43 195
43 201
43 213
44 6
44 114
44 151
44 179
44 203
45 85
45 113
45 138
45 158
45 228
46 54
46 73
46 102
46 117
46 140
46 200
46 206
47 54
47 119
47 133
47 141
48 20
48 33
48 66
48 137
48 183
48 217
49 41
49 148
49 196
49 207
49 209
49 224
50 152
51 4
51 42
51 75
51 79
51 104
51 127
51 163
51 213
52 8
52 55
52 91
52 136
52 213
53 17
53 99
53 103
53 153
53 157
53 170
53 224
53 229
54 32
54 68
54 83
54 128
54 136
54 175
54 218
55 18
55 114
55 145
55 155
55 182
55 213
56 13
56 20
56 82
56 140
56 161
56 175
57 44
57 55
57 197
57 207
58 71
58 85
58 164
58 165
58 186
58 192
58 229
59 9
59 81
59 101
59 153
59 166
59 197
60 10
60 12
60 57
60 62
60 69
60 86
60 99
60 169
60 185
60 190
61 11
61 19
61 28
61 83
61 129
61 157
62 6
62 24
62 76
62 93
63 11
63 15
63 52
63 56
63 79
63 159
63 192
64 18
64 29
64 91
64 149
64 178
65 58
65 144
65 204
66 106
66 159
66 214
67 52
67 102
67 166
68 20
68 75
68 89
68 127
69 22
69 26
69 41
69 125
69 130
69 150
69 159
69 207
69 217
70 69
70 87
70 135
70 176
71 32
71 117
71 164
72 11
72 69
72 81
72 90
72 95
72 120
72 130
72 159
72 219
73 23
73 51
73 80
74 24
74 48
74 112
74 129
74 178
74 189
75 54
75 115
75 139
76 53
76 56
76 93
76 101
76 169
76 176
77 13
77 34
77 47
77 134
77 207
78 84
78 110
78 145
78 163
78 175
78 178
79 40
79 44
79 95
79 125
79 199
79 212
79 227
80 48
80 135
80 221
81 47
81 128
81 163
81 193
82 105
82 165
83 125
83 147
83 184
83 187
83 191
84 1
84 59
84 78
84 109
84 140
84 182
85 22
85 29
85 67
85 127
85 142
85 204
85 210
86 35
86 129
86 169
86 213
86 230
87 32
87 67
87 146
87 219
87 221
88 85
88 176
88 191
88 200
89 101
89 146
89 148
90 81
90 101
90 167
90 180
90 219
90 230
91 2
91 33
91 77
92 10
92 16
92 131
92 137
92 180
92 184
93 79
93 199
93 226
94 23
94 187
94 194
94 224
95 3
95 200
95 213
95 215
96 1
96 10
96 16
96 22
96 80
96 133
96 161
96 189
97 12
97 30
97 104
97 163
97 188
97 223
98 12
98 55
98 78
98 100
98 121
98 209
98 211
99 3
99 36
99 47
99 52
99 61
99 154
99 169
99 177
99 213
100 74
100 142
100 192
101 13
101 77
101 141
101 154
101 212
102 14
102 58
102 89
102 112
102 114
102 121
102 183
102 211
103 54
103 132
104 18
104 90
104 108
104 131
104 162
104 186
105 8
105 44
105 67
105 86
106 7
106 34
106 82
106 121
106 146
106 167
106 186
106 216
107 12
107 37
107 56
107 117
107 118
107 131
107 158
107 159
107 165
107 168
107 175
107 186
107 196
108 12
108 16
108 104
108 106
109 13
109 56
109 66
109 129
109 136
110 31
110 154
110 187
111 178
112 42
112 98
112 215
113 6
113 12
113 14
113 48
113 64
113 66
113 76
113 129
113 145
113 159
113 171
113 193
114 57
114 73
114 75
114 86
114 87
114 111
114 143
114 153
114 189
115 62
115 72
115 109
115 113
115 130
115 132
115 198
115 207
116 80
116 125
116 129
116 201
117 78
117 104
117 113
117 130
117 164
117 199
117 207
117 229
118 11
118 37
118 87
118 122
119 28
119 85
119 177
119 218
119 222
120 84
120 123
121 48
121 158
121 194
121 208
121 223
122 60
122 155
122 192
122 197
123 5
123 52
123 84
123 97
123 174
124 51
124 62
124 132
125 30
125 43
125 140
125 214
126 42
126 82
126 87
126 97
126 175
126 217
127 40
127 72
127 75
127 81
127 88
127 138
127 164
127 168
127 170
127 173
127 206
127 219
128 35
128 132
128 155
128 201
128 224
129 23
129 37
129 42
129 43
129 45
129 94
129 137
129 156
129 179
130 37
130 48
130 66
130 76
130 125
130 154
130 199
131 41
131 49
131 56
131 73
131 146
132 48
132 56
132 79
132 83
132 129
132 196
132 225
133 49
133 93
133 156
133 171
133 179
133 184
134 20
134 41
134 50
134 85
134 97
134 101
134 137
134 140
134 205
134 217
135 31
135 102
135 112
135 124
135 131
135 136
135 214
135 230
136 19
136 109
136 116
136 164
136 178
136 203
136 219
137 113
137 138
137 144
137 177
138 34
138 37
138 48
138 78
138 96
138 110
138 111
138 163
138 200
138 213
139 54
139 160
140 28
140 48
140 62
140 72
140 194
140 213
141 3
141 62
141 78
141 82
141 98
141 178
141 203
142 59
142 168
142 179
143 38
143 199
143 211
143 228
144 41
144 69
144 80
144 133
144 141
144 185
144 195
145 4
145 10
145 102
145 149
145 225
146 34
146 36
146 62
146 93
146 111
146 169
146 199
146 208
147 2
147 50
147 61
147 135
147 143
147 188
147 204
148 48
148 149
148 161
148 180
148 190
149 8
149 10
149 91
149 100
149 101
149 153
149 210
150 55
150 60
150 180
150 204
151 33
151 102
151 155
152 15
152 21
152 33
152 67
152 97
152 111
152 151
152 204
153 71
153 93
153 114
153 116
153 138
153 146
153 164
153 176
153 180
153 208
153 212
154 41
154 55
154 148
155 14
155 68
155 71
155 100
155 112
155 166
155 173
155 199
156 67
156 114
156 137
156 141
156 181
157 45
157 57
157 74
157 116
157 189
157 212
158 36
158 44
158 45
158 140
158 216
159 47
159 70
159 75
159 101
159 112
159 137
159 146
159 177
160 68
160 102
160 106
160 195
161 13
161 48
161 62
161 76
161 111
161 184
161 213
162 115
162 144
162 219
163 6
164 30
164 116
164 211
165 5
165 17
165 130
165 160
166 122
166 140
166 188
166 206
167 44
167 53
167 55
167 62
167 77
167 101
167 150
167 154
167 169
168 30
168 37
168 66
168 86
168 96
168 161
168 205
168 210
168 213
169 4
169 100
169 183
169 197
170 89
170 142
170 175
170 189
171 35
172 137
172 165
172 166
172 211
172 230
173 5
173 8
173 22
173 44
173 45
173 142
173 160
173 175
173 178
173 201
174 41
174 163
174 193
174 203
175 33
175 51
175 52
175 56
175 58
175 79
175 107
175 128
175 131
175 214
176 14
176 15
176 118
176 134
176 136
176 157
176 162
177 24
177 54
177 67
177 103
177 124
177 139
177 160
177 190
178 11
178 16
178 74
178 95
178 118
178 164
178 179
179 43
179 64
179 83
179 120
179 222
180 74
180 109
180 115
180 126
180 127
180 168
180 204
181 18
181 131
181 133
181 161
181 170
181 188
181 196
182 26
182 41
182 70
182 90
182 103
182 115
182 125
182 136
182 176
182 184
182 201
182 223
183 7
183 46
183 85
183 158
183 174
184 13
184 127
184 194
184 228
185 43
185 59
185 115
185 166
185 176
185 230
186 91
186 93
186 110
186 182
186 188
186 203
186 204
186 229
187 27
188 224
188 228
189 9
189 10
189 97
189 135
189 207
190 117
190 153
190 197
191 2
191 3
191 26
191 38
191 43
191 44
191 87
191 118
191 145
191 163
191 194
191 219
191 223
192 87
192 102
192 113
192 141
192 157
192 184
192 191
192 196
192 199
193 12
193 40
193 79
193 81
193 98
193 102
193 178
193 188
193 206
193 212
194 19
194 20
194 67
194 135
194 151
195 27
195 37
195 38
195 63
195 74
195 76
195 83
196 93
196 126
196 164
197 14
197 20
197 43
197 53
197 74
197 210
197 212
198 2
198 147
198 174
198 175
198 214
199 71
199 184
199 197
199 224
200 66
200 122
200 141
200 217
200 222
201 5
201 48
201 99
201 172
202 22
202 30
202 87
202 141
203 40
203 74
203 87
203 101
203 137
203 162
203 207
203 228
204 14
204 49
204 74
204 76
204 93
204 102
204 107
205 34
206 46
206 207
206 208
207 64
207 167
207 209
208 7
208 43
208 121
208 138
209 64
209 93
209 105
209 110
209 149
209 201
209 212
210 37
210 63
210 113
210 120
210 155
211 122
211 204
212 2
212 53
212 70
212 79
212 120
212 185
212 190
212 213
212 221
213 14
213 68
213 120
213 136
213 148
213 181
214 56
214 97
214 162
214 165
214 207
214 213
214 216
214 223
215 36
215 102
215 113
215 183
215 220
216 36
216 58
216 89
216 134
216 150
216 223
217 139
217 148
217 170
217 211
218 126
218 127
218 135
218 186
218 204
219 22
219 48
219 49
219 183
219 184
219 206
220 108
220 153
220 196
221 29
221 31
221 38
221 60
221 123
221 156
221 211
222 60
222 77
222 97
222 109
222 202
222 228
223 13
223 16
223 23
223 54
223 90
223 111
223 129
223 145
223 166
224 65
224 137
224 143
224 175
224 196
225 18
225 180
225 202
225 207
226 54
226 110
226 179
226 219
227 83
227 87
227 111
227 145
227 182
227 193
227 205
227 221
228 2
228 17
228 34
228 45
228 54
228 73
228 96
228 143
228 158
228 169
228 182
228 193
228 214
229 10
229 37
229 93
229 122
229 189
229 199
229 228
230 35
230 78
230 91
230 107
230 140
230 200
230 226
