230
230
1 88
2 116
4 54
4 153
4 218
5 99
9 26
10 145
10 166
11 23
12 16
13 129
17 129
19 42
19 64
20 23
20 25
21 211
23 153
25 59
27 42
27 189
28 37
28 74
28 116
28 120
28 128
29 79
31 192
33 73
33 91
34 37
34 99
35 123
36 163
36 183
41 38
44 34
45 3
46 60
47 198
50 49
52 12
52 17
52 32
53 173
53 206
53 213
54 133
55 38
55 150
55 167
56 80
58 53
59 11
62 155
63 35
64 28
64 41
64 44
65 108
66 5
67 39
68 182
69 1
69 63
69 113
72 83
73 230
75 119
75 160
75 216
78 103
78 144
78 199
83 36
84 48
85 98
85 199
87 144
88 87
88 181
89 73
89 101
90 27
90 159
90 207
91 41
92 33
92 101
93 15
93 30
95 89
95 103
96 222
97 220
100 6
100 86
100 102
102 214
102 215
102 230
103 80
104 218
105 213
106 62
106 132
107 172
108 71
108 220
109 27
111 90
111 223
112 29
113 82
113 156
116 104
116 190
118 36
118 50
118 120
119 101
119 148
120 1
120 62
121 112
125 47
125 78
125 118
127 207
129 5
129 153
131 147
133 24
135 119
135 146
136 118
137 49
138 179
140 166
141 43
141 133
142 9
142 225
143 89
143 166
144 53
146 35
148 85
148 113
148 179
149 131
152 57
152 63
154 84
156 86
156 133
157 57
158 47
158 130
158 227
160 25
160 51
161 101
161 109
162 65
166 78
166 133
168 35
168 178
168 192
169 217
169 230
170 49
170 129
171 62
172 128
172 218
173 187
176 26
176 97
177 74
178 15
183 55
183 70
183 114
184 101
184 137
188 121
189 213
191 23
191 115
191 186
194 3
195 59
197 131
198 173
200 86
202 109
203 35
203 209
205 191
206 62
209 21
209 167
210 70
211 42
211 94
212 4
212 145
213 147
214 34
214 56
214 185
215 16
215 228
216 119
218 155
219 90
220 7
220 87
221 60
221 115
224 17
224 170
226 3
229 13
229 44
229 99
230 35
