230
1139
1 11
1 142
1 179
1 195
1 225
1 230
2 127
2 149
2 184
3 51
3 78
4 36
4 132
4 177
5 22
5 28
5 48
5 120
5 135
6 25
6 35
6 211
7 1
7 38
7 144
7 198
8 11
8 19
8 37
8 91
8 101
8 123
8 136
8 137
8 159
8 199
9 29
9 123
10 9
10 18
10 37
10 57
10 103
10 136
10 178
10 183
10 194
11 3
11 19
11 48
11 166
11 180
12 17
12 61
12 66
12 88
12 147
12 152
12 182
12 186
12 215
13 21
13 113
13 157
13 187
14 102
14 150
14 173
15 14
15 54
15 205
16 27
16 98
16 184
17 11
17 143
17 156
17 226
18 93
18 99
18 148
19 15
19 62
19 111
19 200
19 210
20 22
20 26
20 28
20 58
20 71
20 147
20 193
21 184
21 230
22 11
22 57
22 114
22 164
23 73
23 143
23 197
23 207
24 30
24 212
25 29
26 10
26 44
26 72
26 160
26 209
27 83
27 155
27 158
27 185
28 30
28 35
28 59
28 121
28 214
29 69
29 103
29 118
29 128
29 163
29 194
29 223
30 47
30 56
30 103
30 158
30 193
31 22
31 116
31 180
31 198
31 212
32 59
32 119
32 134
32 140
32 158
32 179
32 180
32 181
33 43
33 75
33 90
33 96
33 130
33 207
34 5
34 27
34 43
34 48
34 56
34 78
34 87
34 100
34 136
34 169
34 224
35 3
35 79
35 152
35 183
35 196
35 201
35 225
36 6
36 155
36 169
36 173
36 189
36 207
36 228
37 31
37 69
38 25
38 28
38 60
38 76
38 172
38 187
39 2
39 7
39 17
39 176
40 34
40 50
40 93
40 160
40 188
41 2
41 30
41 59
41 77
41 114
41 186
41 228
43 110
43 125
43 174
43 194
44 14
44 27
44 143
44 152
45 11
45 42
45 58
45 65
45 73
45 84
45 121
45 125
45 156
45 191
45 207
45 223
45 230
46 35
46 37
46 76
46 86
46 136
46 149
46 175
46 189
47 34
47 46
47 53
47 127
47 164
47 169
48 2
48 83
48 112
48 125
48 164
48 182
48 184
48 196
48 200
49 6
49 28
49 35
49 69
49 86
49 88
49 112
49 125
49 149
49 183
49 197
50 3
50 57
50 66
50 120
50 167
50 201
50 221
51 151
51 209
52 6
52 218
53 18
53 24
53 68
53 70
53 84
53 119
54 47
54 83
54 114
54 162
55 75
55 87
55 100
55 101
56 47
56 88
56 139
56 147
56 174
57 30
57 200
58 14
58 37
58 48
58 127
58 136
58 162
58 228
59 15
59 103
59 118
59 230
60 141
60 160
60 162
60 206
61 96
61 104
61 222
61 223
61 226
62 180
62 215
63 40
63 158
63 160
63 185
64 71
64 88
64 170
64 224
65 49
65 96
65 109
65 185
65 203
66 102
66 168
66 183
66 218
67 30
67 35
67 40
67 171
67 175
68 130
69 1
69 13
69 22
69 107
69 139
69 230
70 31
70 54
70 58
70 65
70 83
70 85
70 107
70 174
70 200
70 203
71 24
71 154
71 165
71 203
73 83
73 173
73 191
73 205
73 220
74 76
74 121
74 125
74 227
75 11
75 34
75 66
75 74
75 96
75 122
76 20
76 22
76 26
76 49
76 99
76 125
76 141
76 154
76 229
77 44
77 145
77 174
77 191
78 64
78 77
78 108
78 151
78 154
78 158
78 191
78 209
79 15
79 19
79 36
79 51
79 67
79 96
79 98
79 125
79 137
79 153
79 165
79 177
80 4
80 9
80 12
80 55
80 67
80 174
81 41
81 177
81 213
82 69
82 74
82 85
82 148
83 34
83 49
83 53
83 118
83 137
83 140
83 142
83 148
83 156
83 198
84 7
84 155
84 162
84 187
85 35
85 49
85 172
85 221
85 225
86 15
86 88
87 51
87 110
87 196
87 208
88 41
88 61
88 80
88 141
88 155
88 181
89 22
89 28
89 104
89 128
89 152
90 139
90 175
90 184
90 220
91 38
91 205
92 21
92 27
92 130
92 221
93 124
93 194
93 203
94 109
95 90
95 91
95 181
96 92
96 117
96 119
96 170
96 183
97 8
97 26
97 54
97 119
97 226
98 7
98 12
98 52
98 67
98 85
98 119
98 165
99 83
99 147
99 150
99 163
99 192
100 18
100 62
100 164
100 194
100 202
100 221
101 39
101 118
101 182
102 64
102 83
102 88
102 137
102 180
102 189
102 217
103 8
103 27
103 89
103 113
103 143
103 151
103 182
103 224
104 20
104 55
104 71
104 97
104 102
104 176
105 44
105 52
105 83
105 103
105 162
105 186
105 194
106 8
106 39
106 80
106 86
106 145
106 212
106 214
107 5
107 25
107 62
107 117
107 194
107 202
108 18
108 62
108 87
108 103
108 124
108 125
108 138
108 211
109 39
109 40
109 158
109 159
109 176
109 181
109 213
109 216
109 223
110 88
110 89
110 91
110 99
110 194
110 203
110 229
111 5
111 27
111 40
111 127
111 136
111 188
112 32
112 104
112 230
113 8
113 14
113 100
113 122
113 128
113 185
113 192
114 1
114 72
114 135
114 162
114 220
115 77
115 82
115 99
115 113
115 213
116 18
116 63
116 110
116 160
116 193
116 218
118 71
118 98
118 136
118 153
118 156
119 16
119 45
119 89
119 203
120 2
120 96
121 6
121 12
121 132
121 134
122 16
122 19
122 48
122 80
122 86
122 146
122 188
122 195
122 225
123 37
123 92
124 21
124 26
124 141
124 226
125 75
125 84
125 86
125 131
125 148
125 160
125 161
125 205
126 10
126 57
126 121
126 136
127 129
127 133
127 153
127 175
127 177
127 217
127 227
128 12
128 35
128 42
128 107
128 118
129 52
129 141
129 195
129 227
130 9
130 11
130 44
130 74
130 107
130 163
130 222
131 113
131 139
131 208
132 108
132 162
132 184
132 200
133 51
133 178
133 224
134 39
134 57
134 127
134 184
134 194
134 204
134 221
135 17
135 63
135 192
136 100
136 133
136 149
136 157
136 195
136 219
137 18
137 28
137 55
137 105
137 114
137 117
137 213
137 220
138 81
138 101
138 124
138 173
138 208
139 28
139 88
139 174
140 9
140 117
140 125
140 133
140 158
141 54
141 77
141 91
141 123
141 155
141 210
141 225
142 65
142 94
142 193
142 195
142 203
143 21
143 31
143 65
143 136
143 188
144 94
144 134
144 172
144 173
144 175
144 203
145 71
145 153
146 1
146 26
146 108
146 195
146 196
146 205
147 81
147 84
147 140
148 13
148 92
148 99
148 112
148 147
148 159
149 154
149 201
149 208
150 39
150 88
150 102
150 109
150 127
150 136
150 157
150 228
151 45
151 94
151 114
151 120
151 178
151 196
151 215
152 18
152 40
152 64
152 122
153 31
153 65
153 66
154 13
154 117
154 174
155 61
155 87
155 99
155 163
155 194
155 205
155 223
155 229
156 114
156 129
157 16
157 54
157 61
157 99
157 103
157 159
158 174
158 182
158 201
159 30
159 172
159 173
159 180
159 225
160 5
160 11
160 21
160 79
160 132
160 165
161 2
161 13
161 37
161 123
162 59
162 66
163 18
163 50
163 192
163 220
163 228
164 61
164 86
164 190
164 213
164 219
165 44
165 58
165 100
165 156
165 216
166 50
166 55
166 63
166 200
166 205
167 22
167 24
167 156
167 210
167 218
168 23
168 121
168 124
168 159
169 68
169 181
170 23
170 164
170 178
170 186
171 3
171 63
171 88
171 196
171 220
172 101
172 108
172 148
172 167
173 37
173 130
173 159
173 162
173 209
174 22
174 96
174 177
174 194
175 19
175 58
175 72
175 164
175 176
175 184
175 190
176 124
176 141
176 169
176 207
176 221
176 230
177 43
177 170
177 227
178 60
178 76
178 79
178 90
178 94
178 111
178 118
178 158
178 168
178 204
179 43
179 88
179 93
179 124
179 126
179 157
180 3
180 27
180 53
180 142
180 170
180 195
181 7
181 16
181 76
181 121
181 214
181 221
182 7
182 128
182 163
182 180
183 16
183 202
183 226
184 138
184 151
184 155
185 4
185 32
185 47
185 65
185 174
186 20
186 57
186 60
186 101
186 190
186 220
187 99
187 115
187 124
187 153
187 216
188 14
188 134
188 156
189 8
189 96
189 104
190 80
190 81
190 123
190 186
190 223
191 144
191 230
192 43
192 123
192 126
192 128
192 141
192 175
192 179
192 189
192 197
192 224
193 3
193 51
193 102
193 171
193 206
193 230
194 122
194 173
195 35
195 37
195 38
195 43
195 179
195 196
195 212
196 166
196 172
197 75
197 113
197 123
197 140
197 215
198 15
198 23
198 34
198 47
198 75
198 94
198 176
198 191
198 192
198 215
198 223
198 228
199 22
199 32
200 21
200 28
200 50
200 70
201 26
201 105
201 172
201 199
202 44
202 132
202 177
202 205
203 45
203 115
204 19
204 30
204 115
204 217
205 21
205 43
205 50
205 71
205 131
205 214
206 21
206 225
207 41
207 69
207 76
207 206
207 213
208 51
208 101
208 107
208 126
208 168
208 173
208 216
209 21
209 80
209 130
209 141
210 3
210 68
211 8
211 14
211 24
211 64
211 68
211 97
211 129
211 150
212 69
212 75
212 110
212 128
212 170
213 153
213 202
214 8
214 22
214 55
214 84
214 160
214 201
214 212
215 5
215 25
215 75
215 97
215 121
215 229
216 9
216 76
216 179
216 228
217 59
217 96
217 114
217 201
217 205
218 104
218 133
219 28
219 44
219 76
219 80
219 82
219 195
220 7
220 26
220 28
220 147
220 166
220 174
220 203
220 204
220 215
221 65
221 88
221 113
221 175
221 183
221 216
222 16
222 70
222 142
222 206
223 65
223 75
223 87
223 168
223 188
224 17
224 72
224 226
225 109
225 176
225 219
226 33
226 99
226 162
227 21
227 45
227 64
227 132
227 135
227 149
227 155
228 52
228 55
228 65
228 85
228 106
228 122
228 141
228 152
228 222
229 20
229 114
229 187
229 195
230 15
230 21
230 22
230 34
230 210
