230
2027
1 67
1 69
1 96
1 127
1 144
1 146
1 182
1 209
2 54
2 70
2 85
2 89
2 105
2 189
2 197
2 216
2 229
3 2
3 8
3 43
3 68
3 71
3 89
3 127
3 133
3 163
4 22
4 90
4 109
4 184
4 220
4 224
5 13
5 18
5 39
5 66
5 150
5 175
5 213
5 214
6 4
6 45
6 82
6 94
6 119
6 173
6 206
6 216
7 2
7 80
7 95
7 107
7 108
7 163
7 179
7 186
7 216
7 217
8 11
8 103
8 104
8 116
8 121
8 132
8 139
8 144
8 156
8 205
8 214
9 22
9 44
9 91
9 109
9 133
9 202
9 207
10 8
10 26
10 71
10 87
10 104
10 123
10 141
10 142
10 144
10 157
10 163
10 200
11 34
11 42
11 111
11 136
11 155
11 177
11 189
11 198
11 211
11 223
12 7
12 11
12 19
12 75
12 89
12 98
12 99
12 171
12 222
13 39
13 41
13 48
13 90
13 95
13 97
13 122
13 146
13 177
13 180
13 201
13 215
13 217
14 54
14 104
14 105
14 106
14 114
14 122
14 194
15 29
15 54
15 73
15 80
15 97
15 111
15 200
15 219
16 70
16 123
16 173
16 230
17 16
17 20
17 31
17 48
17 59
17 65
17 104
17 108
17 109
17 110
17 123
17 139
17 149
17 180
17 199
18 1
18 32
18 37
18 51
18 59
18 78
18 128
18 151
18 153
18 191
18 199
18 228
19 48
19 117
19 153
19 159
19 169
19 177
19 183
19 212
19 224
20 3
20 13
20 32
20 94
20 110
20 132
20 151
20 158
20 169
20 178
20 206
21 48
21 79
21 80
21 104
21 133
21 191
21 204
22 69
22 161
22 191
22 228
23 46
23 48
23 51
23 70
23 78
23 81
23 92
23 116
23 137
23 149
24 5
24 68
24 174
25 4
25 12
25 69
25 112
25 137
25 141
25 203
25 213
26 18
26 46
26 56
26 73
26 79
26 100
26 189
26 216
27 4
27 18
27 63
27 157
27 163
27 200
27 213
27 218
28 17
28 47
28 66
28 80
28 84
28 97
28 100
28 134
28 165
29 39
29 47
29 63
29 70
29 95
29 134
29 143
29 174
29 180
30 50
30 65
30 99
30 125
30 172
30 181
31 36
31 62
31 86
31 87
31 138
31 150
31 152
31 177
32 43
32 49
32 79
32 101
32 108
32 142
32 167
32 200
32 218
33 7
33 21
33 26
33 49
33 123
33 139
33 162
33 213
33 217
34 16
34 44
34 69
34 78
34 102
34 104
34 109
34 138
34 178
34 195
34 198
34 203
35 5
35 29
35 65
35 76
35 85
35 103
35 113
35 142
35 150
35 184
35 188
35 202
35 229
35 230
36 37
36 51
36 62
36 124
36 126
36 133
36 149
36 181
36 182
36 194
36 198
36 229
37 35
37 47
37 48
37 49
37 54
37 103
37 112
37 156
37 182
37 203
37 212
38 15
38 60
38 75
38 82
38 130
38 150
38 195
38 225
39 2
39 4
39 34
39 111
39 129
39 142
39 156
39 162
39 194
40 1
40 5
40 13
40 65
40 89
40 114
40 125
40 145
40 158
40 170
40 211
40 212
41 33
41 47
41 56
41 96
41 116
41 119
41 143
41 152
41 154
42 12
42 22
42 36
42 82
42 114
42 169
42 178
42 187
42 230
43 4
43 65
43 79
43 84
43 87
43 107
43 129
43 130
43 140
43 150
43 153
43 155
43 189
43 211
44 31
44 61
44 85
44 126
44 137
44 145
44 177
44 209
45 144
45 152
45 176
45 182
45 202
46 47
46 71
46 75
46 101
46 171
46 188
46 206
47 2
47 85
47 89
47 99
47 116
47 184
47 199
47 230
48 14
48 20
48 61
48 85
48 89
48 93
48 103
48 180
48 189
48 190
48 206
48 220
49 9
49 16
49 37
49 110
49 144
49 189
49 212
49 220
50 4
50 95
50 108
50 121
50 170
51 20
51 74
51 101
51 102
51 125
51 143
51 164
51 168
51 175
52 26
52 27
52 29
52 58
52 67
52 87
52 104
52 176
52 184
52 188
52 208
52 215
52 229
53 6
53 35
53 50
53 61
53 82
53 85
53 106
53 126
53 142
53 225
53 230
54 10
54 43
54 47
54 89
54 134
54 178
54 205
54 217
55 16
55 39
55 64
55 81
55 113
55 125
55 182
56 24
56 84
56 120
56 172
56 207
56 209
56 211
56 227
57 33
57 75
57 97
57 119
57 151
57 163
57 172
57 192
57 198
57 211
57 220
57 224
58 9
58 21
58 50
58 57
58 90
58 128
58 182
58 200
58 225
58 227
59 1
59 10
59 47
59 84
59 164
59 191
60 25
60 64
60 96
60 141
60 161
60 182
60 225
61 41
61 54
61 67
61 103
61 108
61 143
61 159
61 173
61 226
61 229
62 9
62 73
62 89
62 128
62 166
62 168
62 199
62 211
62 218
63 18
63 27
63 73
63 108
63 121
63 125
63 155
63 156
63 208
63 209
63 218
64 24
64 49
64 75
64 121
64 142
64 182
65 3
65 78
65 116
65 136
65 160
65 213
66 9
66 26
66 70
66 98
66 110
66 116
66 188
66 217
67 57
67 68
67 101
67 105
67 127
67 143
67 153
67 159
67 175
67 204
68 39
68 69
68 91
68 165
69 2
69 16
69 28
69 76
69 159
69 188
69 191
69 217
70 1
70 32
70 52
70 58
70 60
70 78
70 117
70 179
70 205
70 209
70 211
71 11
71 16
71 77
71 112
71 137
71 190
72 1
72 86
72 101
72 107
72 114
72 118
72 137
72 140
72 154
72 171
73 25
73 31
73 124
73 141
73 179
73 201
73 208
73 214
74 76
74 96
74 106
74 137
74 189
74 207
75 19
75 60
75 87
75 102
75 116
75 175
75 190
76 35
76 52
76 80
76 86
76 111
76 128
76 152
76 169
76 214
77 71
77 78
77 123
77 124
77 140
77 154
77 193
78 35
78 39
78 53
78 54
78 147
78 153
78 158
78 176
78 179
78 206
78 214
78 223
78 225
79 59
79 94
79 98
79 100
79 123
79 126
79 187
79 188
79 198
79 199
79 205
80 23
80 33
80 88
80 99
80 111
80 125
80 190
80 193
80 212
81 58
81 68
81 99
81 115
81 124
81 126
81 135
81 173
82 27
82 35
82 38
82 87
82 92
82 186
83 19
83 28
83 52
83 55
83 67
83 100
83 124
83 213
83 220
84 12
84 27
84 104
84 109
84 145
85 61
85 76
85 119
85 127
85 204
85 208
86 24
86 34
86 37
86 69
86 94
86 122
86 152
86 193
86 212
87 40
87 68
87 86
87 97
87 170
87 199
88 30
88 101
88 103
88 177
88 192
88 211
89 8
89 18
89 20
89 36
89 150
89 151
89 201
89 203
90 5
90 21
90 34
90 39
90 44
90 55
90 129
90 154
90 180
90 187
90 228
91 17
91 41
91 96
91 99
91 184
91 204
91 206
92 10
92 25
92 38
92 43
92 80
92 107
92 139
92 145
92 186
92 201
92 215
93 2
93 39
93 43
93 63
93 102
93 127
93 159
93 203
93 204
93 224
94 1
94 17
94 22
94 26
94 61
94 72
94 82
94 124
94 188
94 192
94 224
95 55
95 69
95 76
95 121
95 141
95 143
95 145
95 169
95 189
95 207
95 209
96 1
96 103
96 106
96 142
96 160
97 11
97 63
97 126
97 146
97 197
98 45
98 121
98 128
98 129
98 137
98 199
98 212
98 226
99 32
99 38
99 58
99 72
99 115
99 129
99 144
99 181
99 228
100 45
100 66
100 76
100 82
100 120
101 58
101 133
101 134
101 185
101 195
101 217
102 36
102 41
102 42
102 46
102 51
102 75
102 88
102 91
102 103
102 185
102 188
103 4
103 24
103 39
103 95
103 207
104 26
104 62
104 81
104 142
104 148
104 213
105 55
105 65
105 88
105 144
105 151
105 157
106 5
106 20
106 28
106 39
106 53
106 57
106 75
106 161
106 186
107 25
107 80
107 151
107 163
107 166
108 9
108 25
108 35
108 49
108 63
108 71
108 84
108 88
108 143
108 205
108 209
109 17
109 23
109 38
109 53
109 64
109 72
109 78
109 93
109 95
109 133
109 167
109 172
109 178
110 5
110 8
110 12
110 32
110 88
110 119
110 133
110 144
110 195
110 215
111 6
111 31
111 49
111 73
111 129
111 168
111 224
112 16
112 27
112 40
112 42
112 46
112 62
112 75
112 78
112 173
112 186
112 199
113 22
113 46
113 95
113 127
113 148
113 213
114 27
114 67
114 117
114 134
114 152
114 183
114 208
115 9
115 19
115 24
115 119
115 123
115 125
115 157
115 159
115 160
115 165
115 211
116 33
116 59
116 114
116 118
116 145
116 156
116 226
117 18
117 26
117 54
117 56
117 57
117 83
117 90
117 121
117 215
118 24
118 27
118 60
118 79
118 128
118 131
118 138
118 141
118 151
118 152
118 207
119 56
119 68
119 96
119 100
119 108
119 126
119 127
119 154
119 169
119 200
119 201
119 216
120 11
120 92
120 104
120 106
120 125
120 130
120 141
120 167
120 190
120 210
120 211
120 212
121 62
121 74
121 118
121 150
121 157
121 167
121 170
121 179
121 215
121 216
122 2
122 35
122 181
123 3
123 51
123 73
123 78
123 186
123 188
123 192
124 21
124 33
124 46
124 107
124 143
124 171
124 174
124 185
124 215
125 33
125 64
125 68
125 120
125 135
125 149
125 150
125 160
125 167
125 172
125 209
125 227
126 1
126 60
126 76
126 79
126 91
126 133
126 153
126 166
126 178
126 208
126 211
126 216
127 77
127 88
127 111
127 180
127 193
127 202
127 229
128 23
128 30
128 65
128 77
128 105
128 153
128 161
128 193
128 208
129 1
129 13
129 33
129 34
129 51
129 66
129 88
129 94
129 181
129 206
129 208
129 224
130 53
130 87
130 127
130 153
130 162
130 178
130 198
130 215
131 27
131 80
131 154
131 176
131 182
131 212
131 222
131 229
132 58
132 61
132 89
132 129
132 153
132 174
132 195
132 221
132 230
133 4
133 29
133 92
133 116
133 143
133 185
133 190
133 194
133 195
133 198
134 6
134 42
134 58
134 77
134 118
134 153
134 186
135 1
135 31
135 59
135 60
135 87
135 91
135 101
135 109
135 157
135 169
136 41
136 57
136 95
136 123
136 143
136 172
136 203
137 34
137 36
137 47
137 59
137 84
137 125
137 126
137 127
137 170
137 172
137 201
138 27
138 44
138 63
138 127
138 188
138 192
138 211
138 225
139 9
139 22
139 82
139 104
139 121
139 163
140 3
140 16
140 70
140 81
140 82
140 107
140 113
140 125
140 132
140 182
140 228
141 13
141 31
141 35
141 49
141 105
141 115
141 157
141 199
141 201
142 10
142 31
142 34
142 80
142 94
142 177
143 1
143 3
143 10
143 13
143 18
143 19
143 78
143 101
143 113
143 118
143 144
143 170
143 178
143 201
144 7
144 29
144 31
144 65
144 125
144 146
144 158
144 167
144 172
144 191
144 193
145 14
145 100
145 150
145 154
145 194
146 16
146 67
146 73
146 79
146 135
146 172
146 174
146 229
147 31
147 44
147 64
147 93
147 105
147 137
147 165
147 196
147 222
148 17
148 48
148 54
148 159
148 163
148 182
148 193
148 203
148 224
149 20
149 56
149 93
149 101
149 131
149 229
150 12
150 21
150 47
150 90
150 123
150 151
150 160
150 175
150 208
151 1
151 8
151 15
151 43
151 50
151 58
151 61
151 102
151 130
151 133
151 176
151 215
152 4
152 30
152 46
152 62
152 95
152 97
152 101
152 112
152 147
152 164
153 31
153 60
153 81
153 86
153 88
153 100
153 119
153 129
153 156
153 203
153 227
154 114
154 141
154 150
154 178
154 203
154 212
154 224
155 29
155 38
155 52
155 62
155 111
155 151
155 156
155 182
155 220
155 221
156 17
156 18
156 70
156 84
156 85
156 109
156 159
156 160
156 216
157 89
157 107
157 146
157 164
157 174
157 180
157 192
157 215
158 10
158 25
158 45
158 103
158 133
158 141
158 163
158 197
158 200
159 79
159 138
159 149
159 185
160 7
160 8
160 19
160 24
160 38
160 55
160 68
160 103
160 132
160 135
160 174
160 196
160 198
160 220
161 77
161 83
161 93
161 105
161 114
161 186
161 213
161 230
162 26
162 38
162 78
162 99
162 167
163 18
163 60
163 105
163 133
163 167
163 172
164 4
164 41
164 51
164 58
164 70
164 96
164 102
164 115
164 124
164 129
164 181
164 184
164 202
164 203
164 226
164 228
165 4
165 52
165 66
165 77
165 109
165 154
165 162
165 214
165 230
166 49
166 109
166 129
166 141
166 196
166 216
167 10
167 13
167 28
167 34
167 118
167 127
167 129
167 142
167 144
167 201
167 221
168 2
168 6
168 35
168 54
168 55
168 60
168 63
168 68
168 84
168 145
168 167
168 185
169 5
169 123
169 147
169 150
169 190
169 192
169 217
170 33
170 66
170 72
170 84
170 89
170 108
170 138
170 214
170 220
171 8
171 37
171 83
171 99
171 115
171 137
171 155
171 163
171 182
171 216
171 225
172 23
172 34
172 44
172 67
172 95
172 108
172 148
172 159
172 204
172 220
173 22
173 27
173 43
173 50
173 66
173 70
173 75
173 110
173 117
173 188
173 210
173 211
174 31
174 75
174 94
174 124
174 159
174 179
174 194
175 20
175 35
175 54
175 62
175 79
175 97
175 123
175 124
175 174
175 192
175 197
175 203
175 206
175 224
176 1
176 6
176 45
176 71
176 107
176 147
176 155
176 160
176 199
176 207
177 4
177 51
177 53
177 61
177 74
177 100
177 106
177 111
177 118
177 130
178 61
178 63
178 79
178 108
178 156
178 189
178 208
179 9
179 54
179 78
179 79
179 125
179 187
180 3
180 6
180 28
180 43
180 71
180 97
180 99
181 15
181 16
181 76
181 104
181 107
181 112
181 128
181 160
181 189
181 190
182 10
182 31
182 33
182 81
182 94
182 99
182 145
182 154
182 156
182 214
182 221
183 43
183 88
183 106
183 118
183 134
183 142
183 152
183 163
183 187
184 9
184 58
184 105
184 134
184 165
185 46
185 62
185 72
185 94
185 111
185 133
185 153
185 179
185 230
186 4
186 94
186 115
186 149
186 183
186 188
186 197
186 224
187 4
187 23
187 101
187 138
187 219
188 13
188 14
188 22
188 33
188 39
188 78
188 84
188 128
188 142
188 143
188 147
188 168
188 186
188 190
188 200
188 225
189 7
189 10
189 112
189 158
189 162
190 57
190 71
190 87
190 95
190 102
190 136
190 160
190 170
190 222
191 17
191 50
191 51
191 60
191 79
191 94
191 97
191 114
191 118
191 119
192 32
192 72
192 102
192 166
192 167
192 228
193 10
193 78
193 87
193 113
193 188
193 214
193 218
193 220
194 28
194 52
194 103
194 104
194 164
194 169
194 222
194 230
195 17
195 25
195 33
195 44
195 91
195 99
195 132
195 157
195 170
195 209
196 3
196 13
196 42
196 150
196 164
196 181
196 184
196 200
196 206
196 216
197 51
197 76
197 87
197 93
197 105
197 184
198 9
198 13
198 27
198 75
198 83
198 84
198 108
198 134
198 167
198 191
198 196
198 199
198 200
199 8
199 54
199 67
199 85
199 113
199 156
199 170
199 216
199 223
200 36
200 37
200 64
200 70
200 179
200 184
200 215
201 2
201 14
201 24
201 49
201 77
201 148
201 168
201 204
201 228
202 29
202 37
202 97
202 133
202 136
202 143
203 36
203 72
203 79
203 90
203 122
203 137
203 146
203 199
203 207
204 47
204 49
204 56
204 102
204 108
204 132
204 142
204 157
204 184
204 208
204 216
204 227
205 2
205 3
205 26
205 73
205 79
205 117
205 135
205 186
205 190
205 207
205 212
205 213
205 216
205 223
206 20
206 24
206 41
206 65
206 91
206 99
206 133
206 135
206 156
206 195
206 197
206 228
206 229
207 76
207 96
207 139
207 162
207 197
207 209
207 226
208 12
208 36
208 41
208 68
208 91
208 97
208 115
208 136
208 155
208 162
208 193
208 203
208 205
208 209
209 1
209 40
209 69
209 111
209 153
209 164
209 167
209 170
209 184
209 220
209 227
210 70
210 95
210 106
210 208
210 211
210 221
211 21
211 39
211 55
211 106
211 134
211 135
211 147
211 212
212 16
212 23
212 34
212 43
212 82
212 83
212 91
212 92
212 143
212 161
212 200
212 202
213 12
213 63
213 136
213 177
213 182
213 192
213 193
213 215
214 24
214 40
214 46
214 47
214 80
214 98
214 105
214 129
214 162
214 167
214 172
214 179
215 60
215 122
215 124
215 140
216 17
216 37
216 59
216 80
216 94
216 96
216 152
216 174
217 44
217 51
217 104
217 146
217 175
217 176
217 191
217 210
217 223
218 5
218 26
218 33
218 83
218 96
218 106
218 119
218 128
218 148
218 149
218 150
218 201
219 20
219 31
219 69
219 93
219 103
219 188
219 197
220 5
220 62
220 68
220 92
220 97
220 125
220 138
220 145
220 156
221 7
221 29
221 40
221 62
221 146
221 181
221 185
221 199
222 11
222 25
222 67
222 82
222 96
222 111
222 112
222 152
222 162
222 175
223 10
223 20
223 42
223 74
223 100
223 124
223 226
224 64
224 85
224 139
224 146
224 147
224 151
224 155
224 179
225 19
225 46
225 83
225 86
225 97
225 103
225 138
225 163
225 219
225 227
226 8
226 27
226 29
226 33
226 78
226 125
226 130
226 171
226 207
226 214
227 39
227 44
227 52
227 114
227 136
227 191
227 203
228 48
228 68
228 70
228 92
228 93
228 141
228 154
228 206
229 86
229 111
229 113
229 155
229 156
229 158
229 162
229 199
229 227
230 7
230 56
230 57
230 83
230 90
230 94
230 125
230 145
230 165
