230
1802
1 90
1 98
1 152
1 163
1 172
1 178
2 22
2 48
2 50
2 88
2 104
2 124
2 145
2 178
2 192
2 216
2 226
3 26
3 33
3 55
3 76
3 90
3 110
3 140
3 169
3 179
3 186
3 198
4 16
4 43
4 94
4 102
4 111
4 116
4 133
4 166
4 174
4 216
5 39
5 46
5 71
5 76
5 77
5 93
5 99
5 107
5 150
5 202
6 26
6 41
6 48
6 70
6 89
6 92
6 100
6 103
6 148
6 186
6 223
7 21
7 42
7 58
7 200
7 218
8 2
8 17
8 64
8 79
8 89
8 145
8 169
8 179
9 90
9 102
9 103
9 109
9 114
9 167
9 186
9 216
10 65
10 85
10 168
11 59
11 74
11 115
11 182
11 191
11 202
11 228
12 15
12 99
12 123
12 144
12 154
12 216
13 20
13 32
13 33
13 117
13 121
13 144
13 145
13 215
13 223
14 113
14 142
14 147
14 149
14 212
15 46
15 65
15 214
16 51
16 85
16 123
16 160
17 19
17 22
17 26
17 102
17 195
18 104
18 141
18 200
18 205
19 24
19 45
19 65
19 102
19 158
19 186
20 29
20 122
20 138
20 194
20 227
21 69
21 104
21 151
21 180
21 182
22 15
22 18
22 50
22 74
22 101
22 118
22 124
22 149
22 192
23 1
23 3
23 32
23 43
23 58
23 129
23 139
23 154
23 199
23 215
24 30
24 37
24 47
24 53
24 61
24 98
24 99
24 101
24 136
24 164
24 179
24 215
24 226
25 5
25 71
25 82
25 88
25 106
25 135
25 151
25 208
25 209
26 18
26 24
26 27
26 37
26 60
26 79
26 111
26 112
26 133
26 138
26 161
26 172
27 18
27 26
27 37
27 53
27 79
27 80
27 108
27 169
27 177
27 183
27 190
27 194
27 213
27 226
28 10
28 22
28 41
28 177
28 187
28 190
28 200
29 54
29 64
29 81
29 112
29 114
29 150
29 152
29 168
29 171
29 192
29 193
29 202
30 9
30 98
30 114
30 115
30 211
31 30
31 63
31 67
31 86
31 107
31 131
31 133
31 180
31 203
31 229
32 3
32 65
32 69
32 72
32 86
32 124
32 161
32 165
33 35
33 46
33 109
33 114
33 124
33 139
34 43
34 65
34 70
34 95
34 113
34 114
34 116
34 138
34 174
34 183
34 203
35 2
35 62
35 71
35 80
35 95
35 127
35 222
36 15
36 30
36 60
36 75
36 147
36 182
36 225
37 3
37 53
37 62
37 71
37 86
37 103
37 146
37 170
37 175
38 2
38 56
38 80
38 135
39 6
39 8
39 27
39 32
39 145
39 155
39 214
40 16
40 24
40 30
40 66
40 79
40 124
40 190
41 10
41 69
41 112
41 114
41 186
41 189
41 211
41 221
41 226
42 11
42 28
42 53
42 119
42 148
42 193
42 205
42 208
42 225
43 28
43 40
43 59
43 66
43 68
43 76
43 79
43 97
43 119
43 162
43 192
43 201
44 11
44 13
44 31
44 54
44 128
44 150
44 153
44 154
44 202
44 206
44 229
45 2
45 40
45 63
45 83
45 169
46 12
46 64
46 174
46 218
47 20
47 45
47 70
47 93
47 122
47 218
48 171
49 76
49 77
49 92
49 155
49 172
49 181
50 19
50 24
50 114
50 122
50 127
50 129
50 138
50 152
50 212
50 219
51 119
51 129
51 148
51 158
52 135
52 163
52 188
52 202
52 228
53 20
53 41
53 75
53 95
53 110
53 136
53 138
53 139
53 186
54 18
54 27
54 57
54 117
55 66
55 79
55 119
55 211
56 54
56 58
56 62
56 84
56 91
56 162
56 170
56 178
56 185
57 13
57 28
57 63
57 123
57 129
57 134
57 171
57 192
57 220
57 229
58 18
58 31
58 65
58 92
58 122
58 149
58 228
59 91
59 112
59 122
59 136
59 168
59 188
60 25
60 84
60 98
60 150
60 181
61 15
61 68
61 103
61 107
61 126
61 153
61 229
62 49
62 60
62 72
62 82
62 92
62 104
62 170
62 181
63 3
63 29
63 30
63 98
63 114
63 120
63 127
63 128
63 176
63 216
63 229
64 1
64 53
64 97
64 124
64 141
64 148
64 158
64 182
64 188
65 8
65 64
65 73
65 89
65 104
65 127
65 137
65 147
65 154
65 166
65 197
65 205
66 1
66 64
66 81
66 149
66 153
66 169
66 228
67 41
67 53
67 55
67 60
67 81
67 98
67 114
67 130
67 171
67 174
67 183
67 203
67 204
67 212
67 222
67 226
68 25
68 136
68 183
68 208
68 209
69 8
69 13
69 29
69 35
69 62
69 93
69 103
69 111
69 119
69 213
69 228
70 26
70 33
70 39
70 54
70 81
70 169
70 175
71 4
71 83
71 87
71 100
71 121
71 130
71 155
71 173
71 177
71 211
72 53
72 96
72 162
72 200
72 227
73 39
73 42
73 82
73 98
73 101
73 146
73 154
73 163
73 221
74 10
74 13
74 37
74 40
74 67
74 73
74 106
74 115
74 140
74 166
74 206
75 45
75 53
75 68
75 74
75 82
75 85
75 88
75 94
75 101
75 143
76 35
76 57
76 74
76 83
76 87
76 150
76 174
76 215
77 9
77 40
77 52
77 62
77 69
77 85
77 114
77 141
77 172
77 197
77 226
77 229
78 21
78 95
78 158
78 180
79 28
79 44
79 46
79 90
79 139
79 151
79 158
79 218
80 15
80 22
80 41
80 61
80 107
80 205
80 208
80 218
80 219
80 227
81 4
81 5
81 8
81 33
81 37
81 39
81 41
81 79
81 84
81 148
81 174
81 209
81 229
82 19
82 67
82 112
82 139
83 5
83 75
83 125
83 152
83 160
83 179
83 190
83 199
84 14
84 35
84 45
84 117
84 136
84 174
85 1
85 71
85 88
85 124
85 127
85 162
85 166
85 193
85 225
86 17
86 36
86 38
86 119
86 120
86 197
87 61
87 62
87 103
87 220
88 34
88 58
88 70
88 77
88 97
88 130
88 219
88 225
89 78
89 83
89 117
89 149
89 172
89 218
90 72
90 104
90 136
90 189
90 190
90 202
90 212
90 216
91 21
91 35
91 128
91 216
92 131
92 153
92 169
92 229
93 38
93 82
93 128
93 150
93 167
93 169
93 174
93 211
94 23
94 29
94 39
94 48
94 65
94 126
94 134
94 180
94 181
94 187
94 194
94 205
95 27
95 34
95 129
96 77
96 88
96 95
96 106
96 180
96 187
96 188
96 220
97 7
97 21
97 25
97 52
97 56
97 160
97 164
97 165
97 173
97 207
97 212
97 223
97 229
98 9
98 100
98 112
98 148
98 189
98 207
98 208
99 39
99 44
99 57
99 94
99 113
99 120
99 126
99 152
100 11
100 54
100 139
100 205
100 214
100 229
101 10
101 31
101 38
101 41
101 138
101 163
101 177
101 185
101 208
102 67
102 88
102 138
102 152
103 17
103 30
103 33
103 185
103 223
104 37
104 83
104 114
104 166
105 20
105 84
105 116
105 133
105 141
106 2
106 84
106 91
106 113
106 208
107 29
107 57
107 109
107 151
107 153
107 196
108 29
108 100
108 124
108 130
108 203
108 211
108 226
109 31
109 55
109 66
109 148
109 183
109 184
110 8
110 29
110 31
110 48
110 67
110 68
110 71
110 75
110 78
110 88
110 91
110 94
110 128
110 163
110 175
110 220
111 25
111 41
111 61
111 108
111 135
111 208
111 210
111 214
111 217
112 30
112 44
112 55
112 58
112 64
112 103
112 195
112 200
112 214
112 216
112 222
112 223
112 227
112 230
113 8
113 11
113 31
113 87
113 89
113 132
114 8
114 11
114 61
114 75
114 95
114 144
114 146
114 174
114 183
114 208
114 226
114 229
115 24
115 34
115 54
115 106
115 114
115 182
115 188
115 209
115 227
116 35
116 43
116 44
116 70
116 164
116 173
116 182
116 187
116 208
116 212
116 213
116 219
117 77
117 95
117 103
117 148
117 155
117 166
117 174
117 216
118 38
118 60
118 90
118 111
118 149
118 162
118 167
118 192
118 216
118 228
119 173
119 209
120 1
120 50
120 91
120 213
121 61
121 116
121 127
121 147
121 174
121 183
121 195
121 196
121 208
122 45
122 79
122 118
122 121
122 192
122 226
123 24
123 48
123 55
123 90
123 107
123 136
123 148
123 190
124 11
124 20
124 35
124 68
124 69
124 103
124 153
124 172
124 181
124 228
125 19
125 80
125 136
125 146
125 194
125 216
126 36
126 142
126 171
126 173
126 199
126 203
127 84
127 107
127 108
127 121
127 124
127 134
127 182
127 219
128 8
128 46
128 58
128 62
128 69
128 87
128 143
128 167
128 225
129 8
129 13
129 32
129 38
129 102
129 118
129 144
129 166
129 211
130 43
130 94
130 98
130 124
130 167
130 170
130 184
130 188
131 14
131 43
131 49
131 132
131 184
131 210
132 55
132 178
132 213
132 228
133 16
133 96
133 97
133 110
133 113
133 117
133 198
133 213
133 214
134 25
134 37
134 41
134 80
134 117
134 130
135 59
135 94
135 116
135 157
135 174
135 214
135 217
136 19
136 210
136 218
137 10
137 19
137 57
137 63
137 82
137 114
137 118
137 122
137 142
137 194
137 200
138 22
138 64
138 119
138 133
138 164
138 167
138 182
139 15
139 27
139 30
139 43
139 87
139 132
139 152
139 178
139 224
140 9
140 50
140 59
140 63
140 128
140 137
140 204
140 206
140 209
140 212
141 139
141 143
141 151
141 164
141 172
141 180
141 204
142 16
142 49
142 62
142 92
142 105
142 121
142 126
142 132
142 194
143 4
143 59
143 71
143 118
143 154
143 204
143 225
144 68
144 75
144 131
144 175
144 178
144 183
144 184
144 189
144 191
145 5
145 10
145 21
145 41
145 89
145 94
145 122
145 125
145 144
145 151
145 197
145 205
145 227
145 230
146 26
146 41
146 101
146 111
146 114
146 128
146 130
146 191
146 211
146 224
147 8
147 26
147 33
147 38
147 45
147 107
147 141
147 143
147 158
147 190
147 201
148 1
148 16
148 26
148 27
148 86
148 96
148 125
148 130
148 156
148 184
148 220
149 37
149 49
149 91
149 124
149 167
149 177
149 202
149 208
149 210
150 94
150 138
150 158
150 166
150 168
150 182
150 189
150 213
150 214
151 3
151 6
151 62
151 71
151 125
151 193
151 197
151 209
151 212
152 18
152 19
152 27
152 33
152 53
152 79
152 127
152 147
152 179
152 191
152 216
153 3
153 15
153 36
153 50
153 54
153 61
153 85
153 86
153 135
153 171
153 201
153 214
153 226
153 228
154 8
154 113
154 123
154 129
154 144
154 163
154 205
154 214
155 13
155 59
155 108
155 119
155 136
155 162
155 228
156 30
156 37
156 58
156 70
156 162
156 208
157 5
157 63
157 98
157 103
157 158
157 167
157 214
158 38
158 46
158 81
158 97
158 99
158 155
158 183
158 222
158 226
159 63
159 119
159 150
159 168
159 170
159 175
160 1
160 21
160 72
160 85
160 132
160 135
161 29
161 119
161 221
162 36
162 59
162 116
162 167
162 177
162 178
162 184
162 192
163 17
163 18
163 38
163 64
163 99
163 105
163 109
163 206
164 67
164 81
164 113
164 118
164 127
164 194
165 8
165 12
165 24
165 36
165 64
165 76
165 107
165 113
165 134
165 166
165 179
165 184
166 15
166 40
166 66
166 155
166 200
166 208
166 214
167 1
167 41
167 49
167 84
167 192
167 218
167 219
168 65
168 99
168 129
168 150
168 178
168 215
169 39
169 79
169 121
169 182
169 183
169 192
170 3
170 12
170 46
170 57
170 106
170 175
170 223
171 1
171 39
171 43
171 44
171 53
171 66
171 109
171 203
171 211
172 25
172 163
172 169
172 173
172 209
172 219
173 9
173 20
173 36
173 88
173 100
173 140
173 143
173 157
173 163
173 174
174 36
174 52
174 121
174 176
175 6
175 81
176 14
176 19
176 20
176 36
176 53
176 77
176 110
176 134
176 159
176 225
177 20
177 24
177 107
177 153
177 168
177 203
178 6
178 9
178 49
178 50
178 91
178 138
178 218
178 223
179 11
179 42
179 74
179 82
179 100
179 124
179 163
180 34
180 43
180 75
180 92
180 97
180 115
180 142
180 192
180 194
180 205
181 53
181 71
181 85
181 158
181 173
181 179
181 214
182 39
182 121
182 132
182 172
182 207
182 209
182 214
183 1
183 15
183 34
183 36
183 52
183 70
183 86
183 159
183 166
183 200
183 221
184 7
184 30
184 59
184 93
184 168
184 197
184 200
184 220
185 30
185 87
185 121
185 128
185 131
185 198
186 8
186 12
186 19
186 26
186 46
186 119
186 184
186 213
186 226
187 14
187 18
187 60
187 77
187 106
187 110
187 114
187 115
187 124
187 161
187 171
188 19
188 98
188 109
188 144
188 151
188 168
188 176
188 194
188 226
189 45
189 67
189 92
189 153
189 160
189 215
189 216
189 226
190 34
190 40
190 44
190 63
190 73
190 100
190 112
190 156
190 159
190 175
190 205
190 209
190 220
191 23
191 70
191 71
191 90
191 96
191 101
191 147
191 208
192 15
192 77
192 166
192 178
192 181
192 187
192 226
193 41
193 49
193 57
193 141
193 158
193 187
193 199
193 206
193 208
194 18
194 56
194 59
194 77
194 81
194 85
194 94
194 122
194 191
194 219
195 20
195 32
195 41
195 111
195 113
195 129
195 144
195 145
195 170
195 175
195 192
196 3
196 20
196 21
196 66
196 88
196 99
196 132
196 191
197 13
197 96
197 101
197 135
197 149
198 13
198 23
198 94
198 95
198 100
198 106
199 84
199 94
199 109
199 112
199 132
199 152
199 163
199 192
199 195
199 197
199 228
200 39
200 52
200 84
200 178
200 204
201 7
201 35
201 95
201 188
201 205
202 24
202 49
202 51
202 103
202 172
202 179
202 181
203 17
203 25
203 74
203 92
203 107
203 128
203 223
204 26
204 42
204 73
204 74
204 89
204 93
204 138
204 169
204 179
205 14
205 38
205 106
205 113
205 159
205 160
205 190
205 228
206 7
206 10
206 62
206 97
206 108
206 119
206 145
206 149
206 202
206 224
207 7
207 19
207 21
207 41
207 84
207 116
207 117
207 168
207 183
207 195
208 3
208 32
208 52
208 83
208 130
208 196
208 197
208 199
209 6
209 43
209 77
209 102
209 133
209 153
209 181
209 202
210 21
210 22
210 73
210 75
210 98
210 119
210 146
211 17
211 40
211 50
211 209
211 221
212 42
212 71
212 83
212 101
212 134
212 138
212 145
212 156
212 218
212 226
213 34
213 49
213 66
213 79
213 91
213 152
213 174
213 212
213 218
214 22
214 50
214 108
214 126
214 193
215 24
215 39
215 59
215 104
215 122
215 128
215 156
215 157
215 220
216 14
216 21
216 57
216 60
216 77
216 95
216 108
216 131
216 133
216 141
216 171
216 221
217 30
217 74
217 78
217 87
217 115
217 126
217 137
217 169
217 180
217 185
217 214
218 6
218 54
218 134
218 148
218 172
218 200
219 39
219 61
219 196
220 19
220 41
220 56
220 92
220 118
220 144
220 153
220 165
220 166
220 179
220 206
220 216
220 217
221 16
221 37
221 48
221 69
221 146
221 185
221 190
222 50
222 74
222 102
222 139
222 186
222 201
222 229
223 21
223 60
223 143
223 157
223 166
223 213
224 12
224 32
224 33
224 44
224 99
224 142
224 157
224 169
224 174
224 176
224 185
224 202
224 227
225 10
225 117
225 150
225 160
225 206
225 221
226 8
226 48
226 82
226 141
226 185
226 199
226 206
227 18
227 20
227 69
227 108
227 140
227 161
228 9
228 36
228 63
228 119
228 124
228 129
228 138
228 140
228 163
228 222
229 1
229 21
229 33
229 46
229 122
229 180
229 187
230 41
230 71
230 100
230 108
230 153
230 190
230 219
