230
457
1 78
1 148
2 113
2 178
4 225
5 137
5 162
6 20
6 115
6 153
7 107
7 189
8 70
8 91
8 213
9 87
10 21
10 60
10 84
12 48
13 202
14 129
14 161
16 120
17 39
18 166
20 10
20 187
20 224
22 1
22 19
22 28
22 143
22 171
23 61
24 17
25 227
25 229
26 46
26 61
26 102
26 170
27 65
28 77
29 117
29 138
29 202
29 203
29 218
30 58
30 67
31 196
32 90
34 48
34 74
34 86
34 128
34 218
35 90
35 100
35 173
36 63
36 108
36 150
37 96
38 57
39 7
39 40
39 119
39 125
39 127
39 163
39 221
40 44
40 51
40 124
41 18
41 20
41 142
41 145
44 86
44 230
45 230
46 178
47 147
47 169
47 197
47 209
49 3
49 19
49 58
50 10
51 158
51 196
52 162
53 68
54 89
54 191
55 20
55 141
55 198
57 88
57 147
58 90
58 111
59 57
59 75
61 25
61 89
61 204
62 81
62 92
62 134
62 178
63 8
64 37
64 163
65 49
66 52
66 63
66 223
68 222
69 4
70 20
70 22
70 53
71 158
72 4
72 8
72 209
72 219
73 133
74 8
74 205
75 224
76 71
76 134
76 179
77 2
77 39
77 80
78 4
78 19
78 75
78 189
79 68
80 54
80 164
80 171
81 13
81 35
81 94
81 115
81 134
82 24
82 125
82 180
82 188
82 212
84 142
86 13
86 58
87 14
87 104
87 152
88 5
88 105
90 129
91 124
91 154
92 103
92 175
93 89
94 4
94 132
95 4
95 71
97 64
97 183
98 144
99 64
99 76
100 98
100 164
101 29
101 34
101 194
102 34
103 66
103 72
103 84
103 94
103 121
104 170
104 214
105 53
105 116
105 118
105 136
105 193
105 211
106 200
107 121
109 53
109 107
109 206
110 18
110 194
110 206
111 21
111 133
111 166
112 40
112 75
112 99
112 165
112 177
113 42
113 160
113 193
114 110
115 70
115 184
116 82
116 222
117 98
118 55
118 108
119 9
119 189
121 16
121 128
122 149
122 220
124 51
124 56
125 120
126 17
126 117
127 121
128 35
128 99
128 208
130 161
131 71
131 209
132 12
133 147
134 22
134 163
134 212
135 27
135 134
135 155
136 2
136 6
136 47
137 50
137 105
138 38
139 15
139 184
140 170
140 214
141 191
141 207
142 45
142 137
142 144
142 227
143 129
143 213
144 1
145 46
145 146
145 175
145 213
147 66
147 89
147 100
147 198
148 215
149 122
149 177
150 188
151 130
152 87
152 141
153 101
153 127
153 189
155 112
156 92
157 130
158 19
158 206
159 58
159 213
162 33
162 50
162 134
162 149
162 155
162 158
162 195
162 214
163 167
163 187
164 21
164 215
166 7
166 57
166 101
166 195
167 2
167 104
167 106
168 3
168 51
169 50
169 131
170 24
171 69
171 156
171 187
172 80
172 94
173 81
173 155
173 160
173 225
174 139
174 162
175 39
175 216
176 70
177 208
177 230
178 34
178 47
179 28
179 128
179 172
180 23
180 37
180 196
180 203
181 75
181 162
182 2
182 106
182 194
183 71
183 230
184 94
185 142
186 27
186 118
186 170
186 228
187 13
187 94
188 32
188 149
189 15
189 27
189 106
189 120
189 175
189 206
190 58
190 134
191 17
191 98
191 148
193 43
194 3
194 5
194 72
194 111
194 186
194 222
195 10
195 33
195 66
195 88
195 173
195 190
195 207
195 209
196 120
197 59
197 83
198 31
198 41
198 150
198 187
199 135
199 147
199 217
200 62
200 124
200 205
201 9
202 198
203 204
203 218
204 79
204 105
205 169
206 160
207 218
208 77
210 227
211 42
212 162
213 60
213 92
213 189
213 198
214 35
215 96
216 91
216 123
216 157
216 203
217 85
218 22
218 133
219 38
219 170
220 12
220 107
221 58
221 74
221 161
221 214
222 3
222 59
222 67
222 75
223 102
224 37
224 119
224 187
225 216
225 229
226 146
227 20
227 72
227 174
228 24
228 215
229 73
229 174
230 33
230 70
