230
2254
1 12
1 14
1 45
1 47
1 48
1 66
1 80
1 86
1 121
1 140
2 27
2 80
2 183
2 219
2 222
3 12
3 36
3 41
3 48
3 96
3 109
3 110
3 140
3 143
3 159
3 164
3 167
3 175
3 197
3 198
4 8
4 15
4 22
4 63
4 95
4 114
4 116
4 162
4 170
4 189
4 225
5 31
5 33
5 69
5 77
5 131
5 136
5 141
5 176
5 194
5 204
6 61
6 107
6 130
6 160
6 182
6 206
7 1
7 8
7 10
7 30
7 76
7 102
7 141
7 173
7 175
8 1
8 31
8 68
8 75
8 97
8 117
8 122
8 147
8 175
8 182
8 186
8 225
9 35
9 36
9 45
9 49
9 59
9 70
9 73
9 85
9 128
9 148
9 157
9 159
9 162
9 163
9 168
9 193
10 20
10 47
10 63
10 92
10 113
10 187
10 197
10 217
10 224
11 42
11 48
11 67
11 114
11 129
11 134
11 139
11 177
11 211
11 219
11 230
12 29
12 35
12 62
12 95
12 119
12 123
12 151
12 169
13 8
13 18
13 39
13 79
13 81
13 107
13 126
13 133
13 139
13 140
13 147
13 168
13 201
13 204
13 206
13 223
13 229
14 28
14 64
14 66
14 82
14 124
14 148
14 149
14 151
14 161
14 166
14 185
15 32
15 103
15 131
15 133
15 183
15 194
15 197
15 201
15 226
16 13
16 42
16 47
16 75
16 76
16 78
16 85
16 91
16 109
16 136
16 162
16 175
16 229
17 20
17 46
17 63
17 65
17 134
17 173
17 208
17 215
18 10
18 27
18 34
18 60
18 65
18 71
18 76
18 166
18 168
18 176
18 187
19 37
19 42
19 57
19 62
19 83
19 92
19 185
19 193
19 199
20 12
20 90
20 101
20 130
20 152
20 184
20 217
20 218
20 224
21 13
21 68
21 74
21 86
21 92
21 102
21 135
21 139
21 142
21 144
21 155
21 160
21 181
21 217
21 230
22 10
22 13
22 25
22 39
22 51
22 81
22 91
22 152
22 166
22 184
22 186
22 223
23 29
23 30
23 113
23 117
23 133
23 184
23 227
24 7
24 29
24 42
24 77
24 88
24 94
24 101
24 105
24 121
24 138
24 148
24 156
24 159
24 196
24 197
25 2
25 84
25 108
25 136
25 148
25 158
25 180
25 189
26 13
26 17
26 87
26 95
26 116
26 129
26 159
26 161
26 178
26 213
27 54
27 71
27 74
27 92
27 140
27 151
27 153
27 175
27 206
27 230
28 11
28 13
28 33
28 65
28 85
28 121
28 137
28 159
28 160
28 220
29 38
29 86
29 98
29 132
29 142
29 154
29 156
29 157
29 172
29 173
29 204
29 216
30 26
30 54
30 110
30 134
30 185
30 216
30 218
31 28
31 67
31 83
31 86
31 89
31 96
31 108
31 109
31 118
31 125
31 168
32 41
32 116
32 118
32 150
32 184
33 5
33 27
33 30
33 39
33 68
33 74
33 84
33 97
33 158
33 179
33 181
34 67
34 103
34 134
34 154
34 180
34 189
34 204
34 215
35 6
35 14
35 18
35 75
35 110
35 141
35 161
35 170
35 172
35 195
35 221
36 47
36 98
36 118
36 149
36 161
36 180
36 197
37 44
37 46
37 96
37 150
37 161
37 180
37 198
38 27
38 51
38 66
38 85
38 112
38 134
38 193
39 3
39 34
39 98
39 131
39 164
39 201
39 202
39 216
40 4
40 8
40 28
40 31
40 47
40 90
40 112
40 157
40 166
40 167
40 198
41 7
41 65
41 89
41 95
41 97
41 143
41 147
41 148
41 183
41 184
41 199
41 205
41 209
41 218
42 20
42 39
42 51
42 104
42 151
42 187
42 192
43 49
43 71
43 89
43 94
43 98
43 136
43 137
43 138
43 139
43 165
43 207
44 7
44 28
44 36
44 47
44 81
44 103
44 107
44 128
44 173
44 197
44 210
44 218
44 228
45 90
45 93
45 95
45 99
45 108
45 181
45 190
45 219
46 15
46 34
46 36
46 69
46 121
46 160
46 197
46 214
46 227
47 11
47 18
47 25
47 91
47 103
47 158
47 202
47 218
47 224
47 226
48 7
48 11
48 18
48 26
48 63
48 131
48 133
48 136
48 176
48 180
48 185
48 197
49 23
49 82
49 98
49 102
49 165
49 167
49 202
50 21
50 31
50 39
50 43
50 54
50 93
50 139
50 145
50 169
50 173
51 44
51 53
51 59
51 76
51 94
51 107
51 131
51 153
51 172
51 186
51 205
51 207
52 29
52 40
52 67
52 69
52 106
52 152
52 164
52 178
52 187
52 199
52 205
53 18
53 22
53 28
53 47
53 95
53 198
53 211
53 226
54 4
54 20
54 21
54 24
54 92
54 97
54 100
54 112
54 116
54 131
54 148
54 152
54 153
54 161
55 5
55 9
55 86
55 88
55 90
55 106
55 125
55 129
55 188
55 220
55 223
56 24
56 42
56 53
56 135
56 136
56 155
56 158
56 159
56 205
57 24
57 80
57 188
57 189
57 191
57 223
58 42
58 57
58 70
58 86
58 93
58 106
58 109
58 165
58 206
58 225
59 20
59 23
59 24
59 26
59 44
59 49
59 78
59 98
59 103
59 110
59 140
59 145
59 160
59 201
59 215
60 21
60 29
60 74
60 99
60 128
60 148
60 162
60 192
60 198
60 212
61 16
61 96
61 113
61 137
61 182
61 200
61 209
61 212
61 223
62 22
62 158
62 180
62 223
62 224
63 19
63 34
63 94
63 98
63 103
63 110
63 174
63 176
63 185
63 215
63 225
64 70
64 76
64 91
64 116
64 121
64 126
64 147
64 171
64 180
64 187
64 188
65 4
65 16
65 54
65 69
65 79
65 96
65 114
65 139
65 185
65 194
66 11
66 17
66 35
66 41
66 120
66 132
66 157
66 170
66 194
67 20
67 32
67 43
67 51
67 57
67 150
67 152
67 179
67 180
67 193
67 196
67 206
68 22
68 26
68 97
68 105
68 143
68 186
68 198
69 12
69 22
69 31
69 64
69 85
69 90
69 100
69 119
69 122
69 183
70 31
70 72
70 100
70 173
70 213
71 10
71 22
71 38
71 95
71 133
71 136
71 179
72 63
72 69
72 73
72 86
72 133
73 4
73 26
73 29
73 36
73 88
73 101
73 120
73 124
73 170
73 184
73 198
74 23
74 35
74 56
74 102
74 114
75 1
75 13
75 16
75 17
75 29
75 43
75 45
75 67
75 101
75 104
75 168
75 186
75 211
75 213
76 3
76 13
76 17
76 23
76 49
76 72
76 79
76 89
76 94
76 124
76 126
76 138
76 152
76 188
76 217
77 9
77 22
77 37
77 69
77 120
77 129
77 208
77 229
78 30
78 53
78 60
78 69
78 70
78 100
78 158
78 173
78 209
78 215
80 1
80 33
80 60
80 104
80 128
80 161
80 186
80 214
80 220
81 54
81 70
81 72
81 88
81 106
81 117
81 122
81 128
81 141
81 147
81 167
81 175
81 216
81 226
82 37
82 42
82 44
82 74
82 79
82 89
82 106
82 111
82 121
82 141
82 162
82 169
83 9
83 48
83 79
83 119
83 192
83 195
83 223
84 3
84 21
84 53
84 55
84 61
84 67
84 76
84 80
84 86
84 116
84 146
84 164
84 171
85 22
85 28
85 44
85 86
85 92
85 118
85 119
85 153
85 167
85 168
85 189
85 216
86 13
86 42
86 70
86 96
86 105
86 114
86 120
86 122
86 127
86 136
86 165
86 175
86 203
87 31
87 36
87 76
87 89
87 118
87 120
87 130
87 169
87 174
87 182
87 195
87 207
88 2
88 35
88 57
88 109
88 118
88 161
88 194
88 200
88 218
89 4
89 39
89 46
89 52
89 69
89 140
89 143
89 165
89 175
89 194
89 201
90 8
90 13
90 38
90 46
90 60
90 81
90 87
90 88
90 100
90 137
90 173
90 200
90 221
91 11
91 95
91 175
91 191
91 225
92 9
92 33
92 77
92 114
92 178
93 12
93 22
93 84
93 94
93 100
93 111
93 128
94 37
94 98
94 110
94 169
94 172
95 5
95 107
95 116
95 123
95 125
95 136
95 145
95 192
95 204
95 205
96 11
96 24
96 72
96 120
96 123
96 129
96 153
96 158
96 172
96 210
96 216
96 219
97 14
97 25
97 73
97 89
97 95
97 102
97 123
97 132
97 161
97 189
97 192
97 207
97 208
98 16
98 52
98 89
98 93
98 99
98 112
98 116
98 120
98 209
98 211
98 219
99 31
99 35
99 96
99 145
99 191
100 7
100 82
100 87
100 141
100 165
101 4
101 12
101 66
101 84
101 195
101 201
102 29
102 42
102 48
102 58
102 70
102 164
102 166
102 167
102 191
102 199
103 5
103 25
103 26
103 69
103 102
103 118
103 148
103 153
103 165
103 173
103 189
103 201
103 219
104 30
104 32
104 44
104 50
104 109
104 110
104 175
104 182
104 212
105 45
105 72
105 73
105 102
105 138
106 43
106 52
106 62
106 114
106 124
106 146
106 176
106 193
106 222
107 46
107 54
107 80
107 96
107 132
107 136
107 141
107 144
107 162
107 179
107 180
107 189
107 197
108 22
108 60
108 96
108 151
108 152
108 168
108 206
108 217
109 31
109 79
109 88
109 107
109 149
109 175
110 66
110 69
110 98
110 100
110 105
110 122
110 123
110 128
110 129
110 143
110 167
110 172
110 219
111 57
111 59
111 60
111 87
111 109
111 130
111 131
111 140
111 160
111 168
111 175
112 3
112 48
112 73
112 79
112 150
112 172
112 187
112 201
113 59
113 115
113 154
113 176
113 186
114 7
114 12
114 16
114 18
114 84
114 98
114 101
114 122
114 135
114 150
114 207
115 69
115 81
115 117
115 135
115 153
115 198
115 220
115 221
115 224
116 3
116 9
116 29
116 46
116 61
116 69
116 91
116 92
116 140
116 161
116 220
117 46
117 66
117 73
117 95
117 175
117 209
118 34
118 46
118 59
118 65
118 110
118 112
118 125
118 139
118 147
118 174
119 11
119 12
119 27
119 54
119 123
119 132
119 164
119 170
119 180
119 208
119 225
120 12
120 38
120 141
120 160
120 172
120 173
120 178
120 215
121 8
121 39
121 40
121 50
121 60
121 75
121 87
121 120
121 144
121 166
121 167
121 173
121 196
122 4
122 22
122 50
122 126
122 130
122 143
122 160
122 185
123 2
123 5
123 47
123 58
123 72
123 89
123 142
124 43
124 57
124 88
124 90
124 99
124 134
124 139
124 210
124 215
124 220
125 19
125 27
125 33
125 71
125 85
125 133
125 145
125 180
125 190
125 196
125 224
125 230
126 70
126 76
126 141
126 143
126 155
126 158
126 163
126 172
126 202
127 14
127 97
127 123
127 146
127 187
127 214
127 223
128 5
128 30
128 31
128 67
128 87
128 141
128 177
128 182
128 184
128 205
128 207
128 213
129 10
129 11
129 58
129 62
129 68
129 79
129 130
129 166
129 172
129 204
129 209
130 8
130 19
130 105
130 109
130 116
130 158
130 171
130 183
130 208
130 209
130 217
130 223
130 227
131 24
131 31
131 58
131 65
131 83
131 87
131 112
131 123
131 124
131 142
132 11
132 15
132 16
132 27
132 56
132 57
132 59
132 100
132 103
132 133
132 134
132 150
132 182
132 185
132 189
132 222
133 4
133 11
133 23
133 89
133 105
133 106
133 116
133 136
133 188
133 193
133 201
133 209
133 217
134 16
134 26
134 34
134 36
134 44
134 71
134 80
134 94
134 141
134 188
134 206
134 219
134 221
134 228
135 30
135 66
135 76
135 95
135 115
135 116
135 126
135 163
136 18
136 52
136 58
136 67
136 68
136 84
136 122
136 128
136 141
136 147
136 148
136 213
136 218
137 22
137 47
137 87
137 100
137 109
137 125
137 139
137 149
137 151
137 183
137 217
138 5
138 24
138 41
138 81
138 96
138 113
138 126
138 140
138 165
139 26
139 37
139 65
139 100
139 138
139 168
139 180
139 212
139 227
140 60
140 62
140 164
141 9
141 29
141 34
141 49
141 53
141 56
141 67
141 68
141 97
141 101
141 107
141 113
141 132
141 162
141 183
141 197
141 205
141 211
141 215
141 223
142 13
142 45
142 64
142 127
142 130
142 139
142 203
143 36
143 41
143 61
143 72
143 106
143 151
143 156
143 205
144 6
144 17
144 143
144 152
144 210
144 216
145 8
145 46
145 79
145 113
145 123
145 125
145 141
145 143
145 181
145 184
145 199
145 213
145 215
145 225
145 230
146 172
146 208
147 7
147 15
147 29
147 39
147 44
147 100
147 153
147 193
147 212
148 47
148 69
148 117
148 123
148 143
148 221
149 48
149 93
149 94
149 123
149 146
149 157
149 192
149 197
149 203
149 208
150 7
150 8
150 37
150 52
150 115
150 130
150 135
150 192
150 196
150 197
150 226
151 9
151 45
151 84
151 87
151 104
151 141
151 155
151 172
151 187
152 5
152 13
152 14
152 66
152 126
152 217
152 219
153 67
153 80
153 121
153 143
153 148
153 158
153 163
153 190
154 111
154 146
154 156
154 166
154 208
154 226
155 1
155 17
155 33
155 45
155 49
155 59
155 63
155 90
155 91
155 130
155 163
155 179
155 186
155 215
156 4
156 22
156 23
156 45
156 57
156 92
156 101
156 118
156 166
156 196
156 209
156 210
156 211
157 3
157 9
157 80
157 83
157 96
157 171
157 199
157 214
158 16
158 92
158 114
158 143
158 168
158 179
158 205
158 210
158 229
159 27
159 29
159 32
159 56
159 79
159 93
159 119
159 126
159 144
159 188
159 200
159 208
159 218
160 93
160 138
160 195
160 223
161 3
161 17
161 31
161 35
161 65
161 76
161 87
161 102
161 123
161 168
161 173
161 218
162 104
162 109
162 114
162 128
162 143
162 190
162 199
162 210
163 22
163 32
163 46
163 67
163 72
163 155
163 220
164 23
164 24
164 37
164 60
164 105
164 116
164 135
164 150
164 222
165 27
165 30
165 44
165 57
165 84
165 93
165 107
165 113
165 126
165 183
165 230
166 84
166 112
166 119
166 137
166 172
166 206
167 5
167 16
167 44
167 79
167 131
167 137
167 138
167 163
167 183
167 205
168 24
168 54
168 63
168 97
168 114
168 128
168 142
168 160
168 166
168 172
168 184
168 191
168 219
168 222
169 6
169 10
169 38
169 47
169 59
169 62
169 73
169 76
169 91
169 114
169 156
169 176
169 177
169 180
169 202
169 205
169 208
170 39
170 84
170 103
170 179
170 194
170 228
171 16
171 34
171 38
171 43
171 44
171 155
171 164
171 190
171 192
171 194
171 199
172 18
172 140
172 141
172 157
172 183
172 229
173 14
173 19
173 27
173 49
173 58
173 69
173 148
174 4
174 35
174 62
174 77
174 86
174 228
175 11
175 26
175 44
175 76
175 89
175 108
175 149
175 191
175 213
176 3
176 7
176 22
176 30
176 41
176 68
176 108
176 127
176 142
176 149
176 181
176 214
176 224
177 47
177 81
177 84
177 88
177 100
177 116
177 129
177 135
177 172
177 207
177 208
177 222
178 18
178 38
178 50
178 61
178 75
178 82
178 118
178 123
178 131
178 161
178 173
178 206
178 214
178 221
179 116
179 121
179 130
179 153
179 197
180 15
180 19
180 29
180 88
180 93
180 96
180 108
180 125
180 170
180 192
180 198
181 2
181 4
181 15
181 35
181 36
181 55
181 144
181 150
181 158
181 177
181 180
182 13
182 27
182 42
182 44
182 57
182 74
182 84
182 89
182 141
182 168
182 198
182 218
182 220
182 228
183 34
183 99
183 119
183 122
183 130
183 143
183 166
183 167
183 175
183 227
184 8
184 9
184 50
184 86
184 131
184 140
184 143
184 156
184 159
184 173
184 204
184 216
184 226
185 41
185 43
185 50
185 56
185 58
185 97
185 143
185 152
185 170
185 196
185 203
185 205
186 4
186 27
186 47
186 64
186 134
186 146
186 180
186 188
187 36
187 41
187 49
187 54
187 101
187 111
187 115
187 121
187 131
187 154
187 173
187 207
187 226
187 229
188 28
188 38
188 47
188 53
188 69
188 80
188 87
188 100
188 109
188 116
188 120
188 157
188 162
188 167
188 210
189 22
189 25
189 27
189 57
189 138
189 141
189 156
189 162
189 168
190 37
190 42
190 50
190 96
190 108
190 131
190 158
190 161
190 202
190 228
191 7
191 53
191 57
191 121
191 207
192 36
192 46
192 126
192 142
192 168
192 185
192 200
193 9
193 33
193 74
193 90
193 93
193 112
193 120
193 161
193 186
193 212
193 215
194 34
194 47
194 62
194 73
194 82
194 103
194 130
194 132
194 136
194 188
194 204
195 50
195 51
195 54
195 70
195 129
195 191
195 227
196 9
196 39
196 43
196 46
196 48
196 71
196 87
196 111
196 136
196 203
196 204
197 14
197 25
197 55
197 61
197 63
197 90
197 98
197 102
197 114
197 126
197 171
197 195
198 1
198 13
198 17
198 22
198 51
198 59
198 69
198 80
198 82
198 118
198 127
198 160
198 161
198 164
198 171
198 173
198 195
198 214
199 4
199 23
199 25
199 69
199 77
199 86
199 92
199 95
199 107
199 109
199 114
199 163
199 180
199 200
200 17
200 109
200 116
200 149
200 165
200 168
200 191
200 224
201 1
201 42
201 50
201 58
201 100
201 103
201 199
202 21
202 68
202 91
202 115
202 127
202 148
202 183
202 213
202 216
202 219
202 222
202 225
203 9
203 24
203 30
203 78
203 131
203 136
203 146
203 152
204 13
204 42
204 85
204 90
204 105
204 108
204 112
204 173
204 191
205 30
205 31
205 47
205 62
205 66
205 180
205 193
205 208
205 226
206 64
206 90
206 96
206 112
206 172
206 180
206 210
206 223
207 3
207 11
207 28
207 35
207 80
207 90
207 99
207 146
207 149
207 151
207 188
207 206
208 6
208 47
208 65
208 85
208 143
208 151
208 166
208 209
209 3
209 20
209 50
209 85
209 87
209 93
209 143
209 170
209 198
209 203
209 216
209 218
209 221
210 6
210 34
210 35
210 53
210 55
210 113
210 142
210 165
210 199
210 219
211 26
211 42
211 53
211 81
211 130
211 138
211 145
211 146
211 173
211 200
211 201
212 1
212 25
212 47
212 80
212 105
212 137
212 140
212 174
213 13
213 110
213 128
213 154
213 163
213 181
214 6
214 21
214 27
214 43
214 49
214 66
214 68
214 153
214 189
214 223
214 226
215 2
215 17
215 63
215 67
215 78
215 103
215 113
215 131
215 132
215 174
215 208
215 216
216 16
216 26
216 41
216 59
216 63
216 102
216 122
216 146
216 150
216 165
216 194
216 205
216 206
216 207
217 11
217 51
217 119
217 190
217 225
218 8
218 12
218 37
218 48
218 102
218 108
218 110
218 139
218 145
218 149
218 171
218 219
219 48
219 51
219 92
219 94
219 97
219 106
219 116
219 117
219 155
220 5
220 21
220 39
220 56
220 91
220 99
220 124
220 125
220 162
220 170
220 188
220 207
221 9
221 13
221 20
221 43
221 69
221 70
221 81
221 127
221 156
221 185
222 44
222 71
222 78
222 121
222 126
222 184
222 192
222 213
223 69
223 123
223 125
223 138
223 148
223 150
223 184
223 216
224 1
224 3
224 15
224 45
224 49
224 57
224 156
224 166
224 169
224 230
225 10
225 19
225 31
225 36
225 50
225 97
225 110
225 174
225 177
225 195
225 216
225 230
226 10
226 51
226 70
226 88
226 106
226 221
227 18
227 77
227 88
227 132
227 145
227 146
227 187
227 193
227 203
227 213
228 10
228 89
228 129
228 134
228 148
228 177
228 187
228 194
228 210
229 2
229 10
229 36
229 50
229 68
229 72
229 77
229 78
229 167
229 174
229 193
229 202
230 4
230 33
230 55
230 76
230 108
230 150
230 176
230 199
230 211
