240
951
1 11
1 13
1 31
1 104
1 111
1 130
1 146
1 219
1 223
2 61
2 64
2 66
3 30
3 88
3 107
3 126
3 178
3 182
3 186
3 213
3 217
4 30
4 64
4 71
4 175
4 181
5 57
5 79
5 92
5 200
5 226
6 26
6 89
6 97
6 127
6 150
6 214
7 16
7 44
7 97
7 122
7 220
8 36
8 55
8 144
8 202
9 52
9 159
9 166
9 228
10 103
11 114
11 145
11 225
13 67
13 160
13 199
13 208
13 231
14 6
14 101
14 225
15 168
15 184
16 132
16 138
16 147
16 204
17 28
17 40
17 228
18 164
19 130
19 146
19 150
20 31
20 72
20 143
20 217
20 223
21 26
21 187
22 2
22 109
22 114
23 16
23 43
23 64
23 115
23 136
24 73
25 91
26 105
26 186
26 196
26 204
26 221
26 237
27 15
27 30
27 129
27 234
28 11
28 38
28 53
28 76
28 230
29 98
29 172
29 188
29 236
30 3
30 32
30 47
30 191
30 222
31 52
31 81
31 97
31 139
31 142
31 145
31 147
31 197
32 37
32 44
32 101
32 236
33 1
33 15
33 30
33 49
33 90
33 200
34 126
34 138
35 15
35 147
35 207
35 228
35 232
36 53
36 72
36 77
36 130
36 237
36 239
37 52
37 55
37 153
37 195
37 215
38 170
38 190
38 233
39 7
39 16
39 75
39 93
39 96
39 131
39 135
39 150
39 175
40 33
40 119
40 186
41 29
41 161
41 168
41 179
41 219
41 232
42 84
43 36
43 107
43 156
44 51
44 133
45 213
46 22
46 68
46 164
46 201
47 17
47 216
48 108
48 119
49 38
49 74
49 78
49 83
49 101
49 217
50 65
50 186
51 16
51 107
51 132
51 152
51 215
52 37
52 74
52 163
52 172
52 184
52 206
54 7
54 36
55 1
55 51
55 167
55 219
56 4
56 23
56 148
56 170
56 193
57 16
57 33
57 80
57 155
57 230
58 5
59 43
59 131
59 142
60 93
60 145
60 198
60 224
61 8
61 12
61 16
62 47
62 168
62 194
63 41
63 102
65 35
65 69
65 136
66 50
66 149
66 171
68 113
69 1
69 63
69 78
69 224
70 4
70 11
70 30
70 31
70 133
71 93
71 104
71 168
71 212
72 9
72 27
72 33
72 179
73 6
73 11
73 13
73 97
73 108
73 109
73 144
73 219
74 9
74 171
75 35
75 72
75 93
75 138
75 164
76 32
76 107
76 168
76 213
77 17
77 54
77 110
77 118
77 138
77 175
77 184
77 196
78 51
78 56
78 75
78 136
78 160
79 32
79 42
79 115
79 200
79 216
80 35
80 86
80 92
80 101
80 127
81 8
81 31
81 145
81 186
82 47
82 108
82 136
83 52
83 60
83 69
83 143
83 186
83 195
84 79
84 95
84 109
84 187
84 229
85 29
85 57
85 82
85 93
86 31
86 75
86 110
86 114
86 175
86 194
86 233
87 79
87 96
87 171
88 155
88 199
88 209
89 202
90 70
90 94
90 168
91 5
91 15
91 33
91 69
91 174
91 216
91 217
92 10
92 14
92 64
92 69
92 185
93 11
93 25
93 60
93 64
93 103
93 146
93 164
93 172
93 214
94 15
94 16
94 40
94 154
94 232
95 105
95 166
95 185
96 15
96 75
96 95
96 161
96 189
96 218
97 209
98 39
98 45
98 54
98 84
98 125
98 182
98 240
99 42
99 61
99 63
99 93
99 94
99 147
99 195
99 223
100 22
100 48
100 57
100 84
100 160
100 172
101 56
101 179
102 38
102 109
102 158
102 220
102 222
103 28
103 93
103 121
103 206
104 207
105 90
105 97
105 186
105 202
105 212
106 233
107 37
107 100
107 128
107 170
107 218
108 76
108 119
108 152
108 178
108 189
108 214
109 165
109 170
109 211
110 1
110 128
110 180
110 226
111 15
111 107
111 194
111 228
112 15
112 17
112 153
113 1
113 20
113 53
113 146
114 30
114 34
114 173
114 222
116 70
116 165
116 189
117 53
117 59
117 73
117 116
117 203
118 107
118 116
118 146
118 217
119 68
119 70
119 109
119 127
119 155
119 178
119 206
120 52
120 55
120 77
120 93
120 101
120 106
120 152
121 18
121 97
121 146
122 73
122 94
122 135
122 184
122 200
122 208
123 45
123 81
123 86
123 174
124 174
124 220
124 224
125 19
125 90
125 205
126 109
126 115
126 132
126 172
128 190
128 191
128 213
128 214
129 22
129 41
129 160
129 226
130 167
130 195
130 200
130 216
131 10
131 16
131 25
131 51
131 134
132 41
132 106
132 137
132 228
133 80
133 128
133 192
133 220
133 240
134 96
134 124
134 139
134 141
135 28
135 57
135 63
135 110
135 146
135 170
135 204
135 206
135 211
136 50
136 58
136 73
136 100
136 157
136 166
136 180
136 210
137 88
137 199
138 45
138 98
138 115
139 20
139 88
139 112
139 159
139 169
141 28
141 61
141 115
141 198
142 12
142 48
142 63
142 115
142 145
142 203
142 217
143 5
143 56
143 77
143 88
143 127
143 167
145 75
145 186
145 195
145 206
145 240
146 121
146 197
146 203
147 124
147 174
147 192
147 207
148 90
148 178
149 8
149 54
149 60
149 76
150 213
151 59
151 63
151 141
152 21
152 31
152 39
152 74
152 114
152 141
152 189
152 217
153 157
153 199
153 208
154 69
154 127
154 202
155 1
155 22
155 32
155 173
155 214
155 216
156 72
156 157
156 161
157 49
157 53
157 96
157 208
157 231
158 14
158 22
158 83
158 99
158 148
158 195
158 237
159 103
159 189
159 200
160 8
160 14
160 24
160 62
160 207
160 235
161 38
161 62
161 181
161 229
162 51
162 96
162 190
162 238
163 100
163 164
163 181
164 10
164 36
164 82
164 83
164 223
166 20
166 135
166 219
167 25
167 76
167 84
167 137
167 161
167 173
167 202
167 236
168 12
169 33
169 34
169 53
169 57
169 107
169 129
169 161
170 104
170 122
170 124
171 3
171 114
171 152
171 165
172 72
172 174
173 22
173 63
173 150
173 172
173 225
174 124
174 189
174 214
175 58
175 233
176 22
176 46
176 68
176 127
176 161
176 181
176 204
177 125
177 185
178 12
178 84
178 132
178 160
179 40
179 53
179 157
179 210
180 7
180 47
180 52
180 227
181 35
181 49
181 85
181 160
181 192
182 122
182 136
182 164
182 236
183 127
183 138
184 146
185 71
186 6
186 13
186 113
186 133
186 142
186 150
186 233
187 10
187 55
187 64
187 176
188 43
188 64
188 78
188 93
188 132
188 173
188 196
189 27
189 85
189 93
189 221
190 193
190 222
191 145
191 151
191 198
192 38
192 150
192 195
192 200
192 230
193 45
193 94
193 110
194 62
194 93
194 118
194 140
194 153
194 218
195 24
195 78
195 100
195 125
195 174
195 189
195 213
196 63
196 144
196 156
196 186
196 214
197 42
197 166
198 59
198 65
198 112
198 237
199 35
199 105
199 184
199 217
199 235
200 4
200 76
200 224
201 94
202 60
202 110
202 154
202 203
202 211
203 5
203 22
204 213
204 214
205 44
205 73
206 4
206 94
207 25
207 46
207 120
207 156
208 14
208 55
208 106
208 177
209 79
209 116
209 149
209 169
209 175
210 14
210 47
210 61
210 77
210 191
211 79
211 96
212 4
212 8
212 41
213 39
213 125
213 210
213 211
214 18
214 47
214 52
214 95
215 75
215 217
216 11
216 76
216 112
216 190
217 29
217 150
217 152
217 186
217 205
217 222
217 239
218 1
218 197
218 235
219 45
219 131
219 136
219 138
219 228
220 32
220 95
220 122
221 37
221 81
221 133
221 143
221 151
221 192
221 234
222 40
222 42
222 73
222 79
222 127
222 130
222 145
223 98
223 158
223 164
223 234
224 42
224 72
224 123
224 143
224 184
225 9
225 42
225 228
225 236
226 2
226 121
226 170
226 212
227 13
227 68
227 183
227 207
227 219
228 118
228 222
229 84
229 188
229 239
230 32
230 48
230 62
230 94
230 147
230 153
231 26
231 50
231 67
231 106
231 200
231 204
232 201
233 49
233 55
233 65
233 141
234 16
234 41
234 176
234 179
234 221
235 148
235 195
236 58
236 119
236 216
236 227
237 59
237 93
237 96
237 156
237 161
237 195
238 36
238 37
238 126
238 141
239 170
239 173
240 1
240 27
240 59
240 195
240 223
