240
240
2 76
5 44
6 106
7 60
7 71
7 112
7 122
7 154
7 217
8 19
8 64
8 202
9 54
9 110
10 94
12 16
12 106
15 202
16 189
17 48
17 152
17 214
18 106
19 34
19 46
20 154
20 189
22 35
25 185
28 139
28 157
28 226
29 192
29 213
31 16
33 15
34 70
34 150
35 156
35 227
36 2
37 113
37 200
38 92
40 6
40 174
41 98
44 82
48 24
48 95
49 61
51 143
51 147
51 190
52 4
52 174
53 127
56 233
57 90
58 66
58 116
60 124
61 162
61 202
61 205
62 210
64 1
65 189
66 2
66 232
67 161
68 213
69 38
70 12
70 143
70 186
71 159
72 25
75 193
75 240
77 56
78 2
79 86
86 34
86 149
87 109
88 61
89 2
89 221
90 99
90 187
91 48
93 147
93 211
95 58
95 240
96 54
96 115
97 128
97 238
99 27
100 148
102 123
102 188
103 1
104 210
104 230
105 239
106 3
107 227
108 7
108 183
109 105
110 30
110 38
111 33
112 9
112 224
113 71
115 112
116 27
116 188
116 214
118 42
118 195
118 216
119 230
120 121
120 147
121 212
121 224
122 103
122 171
123 56
123 167
124 123
124 173
127 1
127 55
127 109
130 132
132 119
133 215
136 115
141 7
144 64
145 47
146 18
147 41
148 88
150 25
151 137
152 162
153 22
153 44
153 50
153 112
154 117
156 46
156 105
156 200
158 145
158 153
161 21
162 133
164 106
164 165
165 240
167 71
172 42
172 201
173 164
175 239
176 49
178 28
178 47
178 175
179 153
179 216
180 87
181 8
182 179
183 4
188 15
188 164
188 231
189 62
191 146
191 161
192 171
193 62
193 127
194 163
195 74
195 132
196 112
196 164
198 64
204 165
206 151
207 21
207 136
208 226
208 228
210 26
211 235
212 36
213 47
213 237
214 107
215 51
216 27
216 114
216 119
218 214
219 216
221 35
221 229
222 67
222 69
222 161
223 213
227 208
229 74
229 129
229 136
229 145
230 119
231 161
232 75
233 187
235 5
235 70
236 74
236 91
236 179
236 219
237 130
238 35
239 151
