240
1651
1 52
1 59
1 75
1 122
1 128
1 212
1 228
2 13
2 66
2 92
2 111
2 144
2 151
2 174
2 175
2 221
3 111
3 144
3 160
3 198
3 223
4 92
4 172
5 29
5 51
5 59
5 78
5 121
6 15
6 62
6 99
6 130
6 151
6 161
6 168
6 183
6 219
6 231
6 233
6 240
7 34
7 92
7 196
7 197
8 165
8 184
8 203
9 57
9 119
9 149
9 167
9 186
9 200
9 237
10 22
10 26
10 30
10 37
10 78
10 181
10 195
11 42
11 63
12 9
12 50
12 69
12 114
12 174
12 220
13 36
13 57
13 81
13 101
13 177
13 202
13 207
14 13
14 59
14 61
14 79
14 83
14 119
14 135
14 150
14 154
14 161
14 176
14 181
15 14
15 25
15 88
15 89
15 129
15 130
15 131
15 177
15 202
15 231
16 106
16 138
16 151
16 197
16 200
17 39
17 71
17 72
17 116
17 146
17 187
18 1
18 35
18 36
18 38
18 52
18 69
18 71
18 163
18 177
18 185
18 205
18 213
18 217
19 27
19 57
19 101
19 166
19 188
20 48
20 55
20 154
20 198
20 220
21 7
21 75
21 79
21 82
21 122
21 215
21 219
21 231
21 237
22 15
22 62
22 70
22 122
22 124
22 140
22 141
22 185
22 201
22 229
23 55
23 67
23 76
23 82
23 118
23 148
23 150
23 224
23 231
24 25
24 42
24 78
24 140
24 181
24 225
24 235
24 236
25 12
25 38
25 41
25 85
25 100
25 103
25 167
25 171
25 186
25 192
25 205
25 228
26 29
26 39
26 137
26 239
27 58
27 92
27 105
27 142
27 144
28 13
28 76
28 85
28 121
28 123
28 152
28 158
29 5
29 9
29 21
29 22
29 33
29 76
29 135
29 155
29 178
30 13
30 60
30 121
30 134
30 176
31 1
31 77
31 99
31 149
31 154
31 202
32 15
32 55
32 84
32 91
32 107
32 184
32 205
32 230
33 20
33 91
33 103
33 128
33 138
33 150
33 173
33 222
33 239
34 13
34 36
34 37
34 78
34 80
34 107
34 122
34 195
34 197
34 217
35 75
35 90
35 108
35 156
35 192
35 205
36 7
36 23
36 25
36 76
36 155
36 172
36 235
37 11
37 97
37 206
37 220
37 222
38 1
38 12
38 81
38 125
38 138
38 146
38 160
39 65
39 75
39 92
39 98
39 163
39 170
39 193
39 240
40 15
40 23
40 51
40 65
40 77
40 136
40 150
40 161
40 166
40 183
40 193
40 194
40 226
41 8
41 83
41 141
41 151
41 159
41 238
42 56
42 58
42 70
42 123
42 156
42 169
42 193
42 238
42 239
43 39
43 53
43 58
43 81
43 83
43 225
44 33
44 155
44 157
45 72
45 73
45 74
45 127
45 189
45 206
45 221
45 238
46 57
46 61
46 76
46 110
46 113
47 28
47 46
47 119
47 138
47 160
47 180
47 191
47 198
48 85
48 94
48 167
48 218
49 22
49 24
49 48
49 56
49 57
49 178
50 31
50 32
50 60
50 73
50 87
50 136
50 138
50 158
50 164
50 208
50 222
51 57
51 68
51 139
51 185
51 196
52 11
52 48
52 110
52 115
52 136
52 204
52 224
52 227
52 238
53 12
53 41
53 97
53 108
53 138
53 176
53 240
54 6
54 57
54 58
54 75
54 103
54 159
54 174
54 190
54 205
55 135
55 235
56 1
56 10
56 91
56 102
56 103
56 129
56 131
56 167
56 192
57 45
57 84
57 132
57 143
57 217
58 18
58 20
58 57
58 80
58 118
58 128
58 162
59 17
59 20
59 27
59 39
59 151
59 173
59 174
59 182
59 192
59 209
59 231
59 232
60 13
60 105
60 197
61 7
61 38
61 43
61 74
61 102
61 158
61 189
61 207
61 237
62 47
62 83
62 114
62 129
62 130
62 135
62 197
62 199
62 225
62 228
63 76
63 113
63 120
63 136
63 163
64 9
64 18
64 37
64 38
64 87
64 128
64 186
64 197
65 57
65 176
65 185
66 46
66 52
66 72
66 120
66 164
66 170
66 194
66 207
66 217
66 218
67 27
67 65
67 90
67 119
67 122
67 147
67 190
67 198
67 208
67 215
68 1
68 222
69 1
69 60
69 79
69 100
69 117
69 133
69 134
70 95
70 147
70 230
71 9
71 55
71 75
71 118
71 237
72 33
72 85
72 140
73 3
73 9
73 29
73 104
73 119
73 126
73 162
73 194
73 223
74 107
74 228
74 239
75 9
75 109
75 150
75 210
76 8
76 26
76 46
76 48
76 50
76 74
76 152
76 197
76 223
76 227
77 23
77 73
77 231
78 2
78 7
78 21
78 28
78 41
78 55
78 58
78 75
78 102
78 133
78 142
78 171
78 219
79 54
79 64
79 77
79 131
79 160
79 199
80 48
80 103
80 108
80 119
80 126
80 130
80 134
80 163
81 43
81 65
81 135
81 162
81 193
82 75
82 108
82 156
82 161
82 172
82 192
82 224
82 237
83 9
83 29
83 71
83 129
83 150
83 193
83 225
84 49
84 54
84 82
84 89
84 166
84 175
85 6
85 33
85 62
85 79
85 156
85 177
85 195
85 198
86 54
86 110
86 123
86 132
86 154
86 161
86 164
86 237
87 59
87 120
87 145
87 202
88 23
88 24
88 55
88 109
88 142
88 146
89 106
89 111
89 130
89 201
89 218
89 221
89 226
90 19
90 33
90 109
90 144
90 206
90 221
90 230
91 106
91 231
92 89
92 126
92 148
92 155
92 171
92 172
92 199
93 46
93 67
93 78
93 79
93 91
93 99
93 125
93 126
93 129
93 221
94 76
94 137
94 150
94 186
94 222
94 223
94 236
94 237
95 52
95 58
95 99
95 115
96 163
96 183
97 10
97 48
97 63
97 86
97 90
98 5
98 28
98 63
98 76
98 101
98 145
98 181
99 9
99 20
99 80
99 137
99 158
99 226
99 237
100 4
100 39
100 40
100 92
100 123
100 124
100 158
101 52
101 91
101 113
101 141
101 152
101 158
101 177
101 240
102 39
102 107
102 110
102 149
102 217
103 14
103 32
103 50
103 52
103 72
103 107
103 118
103 125
103 136
103 141
104 6
104 30
104 64
104 95
104 217
104 230
104 233
105 49
105 79
105 126
105 128
105 144
105 189
106 9
106 27
106 48
106 59
106 60
106 64
106 79
106 139
106 164
106 185
106 230
106 233
106 240
107 16
107 49
107 168
107 224
108 10
108 140
108 144
108 171
108 199
108 221
109 21
109 93
109 97
109 100
109 132
109 140
109 141
109 170
109 171
109 175
109 177
109 190
109 191
110 8
110 18
110 42
110 60
110 87
110 133
110 193
110 202
110 219
110 226
111 23
111 42
111 89
111 165
111 190
111 205
111 220
112 34
112 50
112 97
112 134
113 29
113 39
113 59
113 76
113 168
113 176
113 183
113 239
114 18
114 46
114 96
114 147
114 183
114 187
114 205
114 213
115 10
115 11
115 57
115 139
115 144
115 161
116 45
116 46
116 68
116 82
116 132
116 134
116 153
116 187
116 197
117 8
117 11
117 28
117 103
117 181
117 184
117 211
117 230
118 29
118 37
118 49
118 130
118 138
118 139
118 170
118 172
119 106
119 191
119 238
120 28
120 42
120 61
120 72
120 82
120 94
120 153
120 188
120 211
120 225
121 66
121 86
121 167
121 183
121 202
122 9
122 13
122 65
122 138
122 176
122 216
123 92
123 116
123 171
123 220
123 238
124 58
124 113
124 118
124 151
125 27
125 155
125 201
125 239
126 5
126 34
126 70
126 87
126 108
126 165
126 167
126 184
126 199
126 236
127 15
127 38
127 124
127 144
127 154
127 175
127 195
128 31
128 43
128 48
128 94
128 119
128 133
128 134
128 139
128 167
128 178
129 34
129 41
129 49
129 89
129 201
129 207
130 21
130 29
130 120
130 148
130 151
130 215
130 228
130 235
131 50
131 82
131 95
131 182
131 188
131 234
132 17
132 28
132 53
132 55
132 66
132 87
132 120
132 151
132 199
132 216
133 46
133 49
133 61
133 105
133 117
133 153
134 25
134 206
134 213
134 236
135 56
135 78
135 82
135 153
135 164
135 229
136 3
136 27
136 34
136 99
136 153
136 198
136 218
136 225
137 2
137 22
137 38
137 44
137 62
137 65
137 170
137 193
137 224
138 4
138 15
138 30
138 78
138 109
138 114
138 120
138 166
138 178
138 203
138 238
139 19
139 66
139 69
139 208
140 1
140 5
140 42
140 54
140 58
140 119
140 136
140 210
140 230
141 26
141 62
141 66
141 127
141 216
142 42
142 47
142 94
142 110
142 174
143 34
143 48
143 52
143 69
143 78
143 141
143 147
143 150
143 218
144 9
144 14
144 59
144 97
144 165
144 180
144 219
145 19
145 58
145 76
145 82
145 83
145 129
145 142
145 157
145 210
145 216
146 47
146 124
146 125
146 135
146 137
146 158
146 196
146 231
147 97
147 133
147 204
147 233
148 97
148 104
148 115
148 145
148 179
149 7
149 15
149 22
149 35
149 42
149 80
149 134
149 137
149 145
149 197
150 27
150 36
150 45
150 46
150 116
150 162
150 163
150 217
150 234
150 238
150 240
151 9
151 118
151 124
151 155
151 184
152 35
152 73
152 84
152 85
152 94
152 200
153 40
153 69
153 226
154 5
154 19
154 33
154 39
154 69
154 72
154 114
154 190
154 200
155 115
155 146
155 149
155 171
155 199
156 33
156 37
156 146
156 150
157 6
157 23
157 88
157 95
157 154
157 182
157 185
157 202
158 54
158 101
158 145
158 167
158 217
159 2
159 189
159 190
159 192
160 23
160 30
160 64
160 101
160 117
160 209
160 219
161 17
161 82
161 85
161 102
161 125
161 128
161 150
161 239
162 43
162 141
162 185
162 235
163 13
163 81
163 106
163 127
163 139
163 179
163 198
163 211
163 240
164 28
164 35
164 133
164 142
164 150
164 215
164 229
164 233
165 78
165 84
165 90
165 92
165 108
165 112
165 114
165 125
165 142
165 196
165 209
166 14
166 49
166 70
166 217
167 76
167 102
167 107
167 129
167 176
167 197
167 210
167 221
167 239
168 4
168 20
168 21
168 92
168 123
168 166
168 181
168 200
169 121
169 161
169 231
170 9
170 20
170 50
170 53
170 55
170 56
170 102
170 118
170 138
170 233
171 32
171 53
171 123
171 134
171 138
171 170
171 175
171 207
172 43
172 185
172 211
172 236
173 2
173 151
173 171
173 180
173 201
173 210
173 227
174 52
174 68
174 84
174 104
174 134
175 5
175 20
175 42
175 76
175 101
175 148
175 150
175 198
175 228
175 232
175 233
176 31
176 68
176 75
176 119
176 137
176 223
177 4
177 58
177 73
177 133
177 158
177 159
177 231
178 13
178 42
178 68
178 82
178 203
179 23
179 25
179 47
179 52
179 66
179 88
179 157
179 240
180 8
180 55
180 95
180 117
180 190
180 201
180 210
180 229
180 230
181 4
181 13
181 74
181 113
181 157
181 158
181 162
181 216
182 55
182 59
182 64
182 73
182 169
182 174
182 181
182 212
182 227
182 232
183 53
183 75
183 79
183 122
183 123
183 154
183 182
183 194
183 226
184 50
184 69
184 103
184 126
184 143
184 180
184 207
184 222
185 9
185 41
185 48
185 176
186 25
186 80
186 123
186 166
187 20
187 23
187 86
187 102
187 117
188 52
188 68
188 79
188 100
188 138
188 173
188 223
188 229
189 21
189 58
189 72
189 103
189 107
189 108
189 128
189 131
189 215
189 231
190 70
190 108
190 113
190 118
190 132
190 167
190 203
191 12
191 29
191 98
191 104
191 116
191 143
191 179
192 41
192 68
192 70
192 118
192 170
192 182
193 4
193 50
193 111
193 125
193 179
193 221
193 231
194 66
194 109
194 119
194 129
194 166
194 191
194 192
194 209
194 215
195 29
195 35
195 107
195 133
195 155
195 174
195 185
195 224
196 27
196 42
196 48
196 119
196 150
196 170
196 199
196 214
196 221
197 5
197 122
197 140
197 180
197 220
198 43
198 61
198 142
198 205
198 212
199 17
199 87
199 152
199 213
200 10
200 22
200 48
200 85
200 160
200 174
200 178
200 183
200 189
200 204
200 240
201 29
201 32
201 39
201 45
201 70
201 146
201 182
201 228
201 234
202 20
202 31
202 62
202 65
202 90
202 102
202 193
202 200
202 215
202 234
203 7
203 98
203 135
203 138
203 144
203 211
204 97
204 98
204 133
204 171
204 187
204 225
205 9
205 39
205 43
205 79
205 97
205 207
206 3
206 15
206 61
206 173
206 194
206 224
206 231
207 87
207 158
208 22
208 33
208 69
208 96
208 136
208 192
208 215
209 19
209 93
209 157
209 158
209 202
209 239
210 29
210 68
210 101
210 118
210 124
210 144
210 209
210 214
211 7
211 39
211 45
211 78
211 85
211 95
212 19
212 56
212 120
212 125
212 155
212 161
212 165
212 174
212 194
212 224
213 19
213 100
213 101
213 113
213 116
213 169
213 181
214 132
214 143
214 197
214 230
215 71
215 105
215 106
215 176
216 11
216 136
216 192
216 223
217 18
217 31
217 37
217 47
217 59
217 82
217 95
217 110
217 119
217 125
217 129
217 180
218 1
218 8
218 43
218 57
218 59
218 65
218 109
218 155
218 168
218 174
218 180
218 234
219 54
219 181
219 196
219 209
220 89
220 109
220 131
220 179
220 214
220 236
221 18
221 112
221 138
221 189
221 201
221 232
222 90
222 108
222 145
222 161
222 190
223 7
223 43
223 89
223 122
223 157
223 168
223 220
224 4
224 122
224 174
224 207
224 208
224 230
225 33
225 62
225 85
225 91
225 126
225 161
226 4
226 88
226 145
226 158
227 109
227 151
227 180
227 190
228 26
228 40
228 41
228 69
228 84
228 91
228 165
228 204
228 205
228 207
228 222
228 238
229 11
229 69
229 114
229 128
229 132
229 142
229 175
229 208
229 226
230 59
230 69
230 84
230 134
231 71
231 86
231 99
231 114
231 176
231 201
231 212
231 213
231 218
231 224
232 2
232 4
232 109
232 146
232 178
233 3
233 59
233 87
233 94
233 149
233 199
234 8
234 57
234 89
234 99
234 193
234 203
234 228
235 18
235 61
235 106
235 107
235 165
235 167
235 188
236 20
236 32
236 51
236 138
236 208
237 39
237 58
237 100
237 143
237 160
237 172
237 211
237 216
238 1
238 63
238 75
238 156
238 168
239 57
239 61
239 99
239 111
239 158
239 162
240 80
240 89
240 153
240 189
240 230
