250
249
3 95
4 40
6 131
8 214
12 6
13 140
15 84
15 238
16 13
17 42
17 247
18 7
18 130
18 147
19 25
19 236
20 111
20 181
21 94
22 33
23 180
27 78
27 210
27 240
28 96
28 247
29 3
30 146
31 39
36 65
37 139
38 247
39 230
41 30
41 47
41 141
42 102
42 177
43 84
44 224
45 237
46 209
48 135
49 131
50 58
52 46
52 199
53 12
55 24
55 172
56 21
56 32
56 104
57 59
59 176
60 27
60 207
60 238
61 155
61 221
63 132
64 149
67 101
69 66
70 27
70 203
71 30
71 77
71 237
72 2
72 227
72 247
74 141
74 156
74 201
74 220
75 30
75 217
77 27
78 81
79 90
82 2
82 88
83 207
83 225
85 132
87 215
90 69
91 5
91 107
93 110
94 66
95 50
96 163
98 144
100 1
100 129
100 163
101 213
103 65
105 7
105 109
106 22
107 58
108 80
110 63
111 26
112 10
113 174
114 22
115 68
115 106
115 213
116 145
120 40
121 55
124 19
126 22
126 33
126 214
127 222
133 87
137 154
138 62
138 121
139 96
139 199
140 68
141 47
146 20
147 88
148 140
148 159
150 32
150 129
152 95
152 98
153 152
154 60
155 121
156 174
156 220
158 72
158 228
159 78
159 83
159 135
159 220
160 145
160 234
161 124
161 184
162 230
163 58
163 222
164 180
166 57
168 7
168 52
168 121
171 98
171 141
171 204
172 10
172 19
172 186
175 92
178 28
181 100
186 206
187 76
188 190
189 155
191 6
191 51
191 154
191 248
192 49
192 132
192 162
193 46
194 87
195 45
196 11
196 250
198 110
200 98
201 20
201 56
202 127
204 131
204 155
206 250
208 16
208 24
209 34
210 51
210 141
213 61
214 215
214 219
215 169
216 149
217 53
217 242
218 184
219 110
222 109
222 212
223 40
225 172
226 107
227 44
228 33
228 201
229 164
230 249
231 142
231 223
231 235
232 119
232 211
233 234
234 220
235 104
235 211
236 13
236 86
237 87
238 172
242 168
243 29
243 93
243 200
244 88
244 92
245 132
246 55
246 244
247 39
247 92
247 125
247 144
248 28
248 250
249 154
249 237
250 129
250 193
