3500
3500
2 725
2 3278
3 2015
3 2975
5 1277
5 1314
7 3164
8 233
8 2603
9 758
10 3045
11 740
11 848
14 1460
14 2231
15 788
15 1405
17 1559
20 2784
21 1431
21 2355
23 962
26 2369
26 2698
26 2795
27 2849
29 815
29 2027
31 1132
31 1472
32 3071
34 2484
34 3046
35 737
36 2794
37 904
38 844
39 1172
40 1544
41 3109
42 157
42 3153
43 262
43 479
43 1043
43 1674
46 968
46 1265
47 287
47 1994
49 1319
49 2085
50 1022
51 19
51 357
51 996
51 2776
53 2903
54 2667
55 310
55 1805
56 1630
56 1960
56 2790
56 3120
57 1067
57 2065
57 2218
58 2142
58 3092
59 470
60 2727
60 2995
60 3492
61 1668
61 1706
64 1430
64 2144
64 2992
67 347
68 1455
68 2056
72 1428
73 1242
73 2762
76 694
79 1687
85 1979
85 2727
87 539
87 2842
89 2974
93 2873
93 3390
94 1230
96 3086
97 1323
98 3073
99 1992
99 2779
102 1227
102 2415
102 3219
103 1296
105 1267
106 3183
108 1832
109 1960
109 3094
110 950
111 994
111 2566
112 1277
113 3145
114 661
114 2156
117 1330
117 1629
118 1160
119 130
119 618
119 1102
119 1396
123 3221
124 2993
124 3156
126 31
126 1430
128 1807
129 719
129 1489
129 2714
130 3448
131 530
133 1720
133 1731
133 2295
136 2397
137 3068
139 1070
139 1319
140 481
143 843
143 2741
145 1015
145 2512
146 351
146 1804
148 1541
149 25
151 1215
151 1250
153 939
153 3124
157 1875
159 480
159 2246
160 3073
160 3359
162 758
163 1348
163 3484
164 2183
164 3172
167 1967
168 25
168 383
168 2046
169 2222
169 3297
170 753
170 2769
171 2072
172 1757
172 3129
173 461
173 1438
173 2210
176 2990
178 1964
178 3211
179 2332
180 770
180 2926
181 1824
184 3436
185 224
185 307
186 194
186 1098
187 922
188 1841
189 2481
189 3034
190 1201
190 1218
191 3156
192 2062
193 593
193 2449
194 223
194 1640
194 2561
195 1043
195 3131
199 1096
200 2654
201 1608
201 2534
202 36
202 1420
202 2622
204 877
207 165
210 1429
210 1963
211 2121
211 2600
212 1318
212 1533
214 1895
216 447
216 3000
217 1770
217 2191
218 651
219 635
219 2741
220 1381
220 1425
221 1090
221 2806
222 3245
223 1503
225 2307
225 3050
226 3013
227 2949
230 2972
233 457
234 2215
234 3222
235 1023
235 1985
235 2108
236 1242
236 1900
236 2137
237 1499
238 1284
239 1587
243 2474
244 1927
244 3133
248 2278
248 2422
252 1518
253 2353
254 2945
254 3294
255 2552
255 3241
256 1008
257 1346
258 3171
259 2011
260 297
260 1934
260 2317
263 272
263 528
263 3157
265 276
269 1471
273 3362
274 1254
274 1772
275 149
275 1062
275 1690
275 2451
276 3072
276 3282
279 2182
279 2900
279 3376
281 1560
282 2181
282 2585
283 2374
283 3009
284 2581
284 2657
284 2880
286 58
286 2664
287 2598
288 2002
289 831
289 1322
289 1442
290 1181
291 297
291 1947
292 2965
293 2356
295 391
295 3497
296 36
296 1231
297 911
298 1356
299 702
299 1424
301 493
301 2417
302 595
303 2724
303 3070
304 3387
305 1933
306 1048
308 2207
308 2677
310 676
310 3436
311 2542
313 2501
314 1540
314 1720
315 513
321 892
322 2057
323 2026
324 2034
326 136
326 2716
327 2123
327 2326
330 1704
333 2044
334 4
334 1518
336 3298
337 1142
338 1006
339 1118
339 2168
340 527
340 612
340 3208
341 3409
342 2715
343 2848
346 1108
346 1522
346 2351
346 2395
348 3022
349 1590
350 125
350 127
350 2641
352 1476
353 3211
355 1636
356 249
356 2516
357 1170
358 1560
359 1707
359 2150
361 542
362 2817
363 2600
365 1255
366 628
369 589
370 2607
371 1465
374 1639
374 1812
374 1854
375 3124
376 2581
377 1389
377 2273
377 2840
377 3100
378 125
379 93
379 511
379 1449
379 2475
380 935
380 2120
381 1272
385 571
386 2905
388 941
388 1882
391 36
391 3193
392 757
392 1882
392 1925
392 2891
395 800
398 271
398 566
398 1512
399 388
399 3412
400 642
401 402
403 1654
404 699
404 926
406 279
406 3075
406 3205
407 140
407 380
407 703
407 3339
409 135
409 2473
410 271
414 1490
415 1138
415 2514
416 607
416 2475
417 1219
421 1236
422 543
423 1794
423 2785
425 363
425 3263
426 669
426 908
426 2527
427 2686
428 987
428 1033
428 3488
429 1907
429 2930
431 2848
432 3091
433 727
433 2549
434 2831
436 1252
436 1798
436 2221
436 2471
436 2909
437 2584
439 343
441 459
442 895
442 3124
444 1777
444 2837
445 1144
446 715
447 2421
447 3245
450 2434
450 3370
451 358
451 1174
451 1661
452 761
452 837
454 1004
454 2018
454 2107
458 351
459 1140
459 2257
459 3323
460 1903
461 2292
464 1505
465 1790
466 3183
468 847
468 1140
470 1553
470 2157
471 1462
471 1984
473 1902
473 2243
474 548
475 1303
476 3287
477 2080
478 891
479 342
479 2652
480 1382
480 2656
482 348
485 1427
485 2432
486 695
486 2756
487 2654
488 2603
489 1867
490 3215
492 1011
492 1826
492 2458
495 3168
496 38
496 425
498 1866
501 1178
502 3277
509 1210
512 3363
513 1221
514 2595
514 3056
515 2305
515 2832
516 1255
519 970
519 2121
519 2154
524 1321
524 3375
525 2417
526 373
526 1078
528 1833
528 1856
529 2030
531 1175
535 3274
536 2825
537 911
539 1198
540 668
541 2638
542 2031
543 245
549 3090
550 590
550 2676
551 550
552 3022
552 3338
553 966
553 1800
553 2547
554 1825
554 2954
555 495
556 854
556 1734
556 1787
556 1931
556 2124
557 2589
558 2429
560 2345
561 265
562 1856
563 1844
563 2721
564 411
564 3063
565 929
565 1214
566 2182
569 1540
570 2310
571 800
571 2997
571 3172
573 490
573 1518
575 2670
577 337
577 1309
579 495
579 504
580 2328
581 2068
581 2578
584 852
586 464
586 2994
590 922
590 1313
591 636
591 716
594 2
594 269
594 969
595 893
596 1404
597 485
597 2950
598 586
598 2404
599 701
602 3239
604 1117
607 990
608 2471
608 2902
609 3369
610 336
610 349
611 508
611 1761
611 1988
612 755
612 2153
612 3460
613 572
613 573
613 788
614 978
614 2434
614 2842
615 649
616 2991
617 3260
618 1400
621 317
621 1598
623 3440
624 1518
624 2197
624 3452
625 3123
626 627
626 2177
627 589
627 684
629 685
635 1559
636 1698
639 565
639 710
639 923
639 2587
641 1328
643 1486
644 2138
645 1677
645 1981
649 869
649 2150
649 2561
650 1607
651 592
651 2635
652 2961
653 2790
653 2920
655 952
658 1815
660 3225
661 1760
661 2429
665 1099
665 2202
668 2226
670 180
670 2030
671 1267
673 740
673 1212
675 2164
677 1743
678 2141
680 58
681 2298
681 3143
681 3152
682 415
682 3159
685 898
685 1936
685 2614
685 2757
686 166
686 444
686 3135
686 3306
687 3308
687 3434
689 635
689 1533
691 506
691 1620
691 1638
694 170
694 3464
696 496
697 389
697 476
697 1615
698 481
700 655
701 1957
702 1566
702 2200
703 3009
705 113
705 2235
706 1758
706 2284
706 2548
706 2952
709 2253
711 778
711 1629
714 316
715 489
716 455
717 1724
718 3225
720 1209
720 2756
723 1621
726 2204
726 2859
726 2941
729 2132
730 2071
732 1616
735 1107
736 2066
737 832
737 1655
737 2219
743 2461
743 3077
744 351
746 2009
746 3013
747 955
747 1919
748 1275
748 2981
751 1642
752 713
752 1858
755 368
755 1392
757 799
758 623
759 2871
760 3419
761 1496
761 3036
762 541
762 1896
762 1945
764 986
764 2146
768 1262
769 68
772 316
773 1311
774 993
775 604
775 1002
776 490
776 1832
776 2593
777 1425
777 2438
778 1293
778 2597
780 2221
783 2783
784 193
784 1276
786 321
786 2717
791 3171
792 1276
792 1335
792 3117
792 3495
794 431
794 2148
795 1761
795 2896
797 132
797 2836
798 3221
800 1378
800 1549
801 2440
801 2519
802 1026
804 625
804 815
804 2475
804 2641
805 987
805 1124
807 774
808 1988
809 2178
809 3242
810 124
810 1301
811 3199
813 606
814 90
815 1421
815 1966
818 3228
820 1959
824 849
824 2385
826 1487
827 862
828 1704
829 374
829 1440
829 2830
829 3065
830 2465
831 345
831 2780
831 3047
834 1799
834 3096
837 559
838 1292
840 856
840 1162
841 1912
841 3201
841 3244
843 273
843 3287
845 185
845 1236
845 2892
845 3020
846 1787
846 2732
847 1195
847 2031
848 1238
849 1344
849 2533
850 443
850 2185
851 911
851 3073
852 600
853 1723
853 3003
853 3330
856 201
856 2280
856 3481
857 2110
858 1808
859 623
860 398
861 2551
862 410
865 3440
868 1902
869 979
870 3346
872 1507
874 2883
875 3418
878 1638
880 1786
880 2108
880 2321
880 3009
881 1937
886 1797
887 3267
888 3025
889 1427
889 3297
891 2117
892 1798
893 203
893 1983
895 2544
895 3201
896 522
899 2255
901 416
903 2495
904 2500
904 2979
904 3121
905 1351
905 3034
907 3195
909 2835
910 11
911 996
911 2065
911 2096
911 2415
912 1490
915 1459
917 1254
917 2688
917 3248
918 1370
921 576
923 2901
927 1646
935 3000
937 463
937 2843
937 2934
938 853
938 1961
942 1330
942 3152
945 1406
947 1752
947 2593
949 1055
950 1194
950 2799
952 619
953 1221
953 1739
954 1857
954 1922
956 648
957 1707
957 2508
958 507
959 505
960 3318
961 2207
961 2825
962 2528
962 2971
965 117
965 3314
967 3072
968 2260
969 3034
971 1588
972 2778
973 449
973 572
977 1230
977 1549
977 2345
978 2570
979 2199
979 2890
979 3312
981 3215
982 3173
983 141
983 420
983 877
983 1853
983 2317
984 2906
986 973
987 728
988 443
991 2348
992 1322
992 1798
994 1198
994 1335
994 3104
995 1943
997 2619
999 1449
999 1457
1000 53
1001 1882
1001 2210
1001 2310
1001 3292
1003 454
1003 984
1003 2317
1003 2370
1004 343
1004 1700
1004 1818
1004 3260
1005 196
1007 2416
1011 1517
1012 200
1012 1673
1012 2440
1012 2598
1015 517
1015 1686
1016 2406
1019 1155
1020 369
1020 2015
1021 453
1021 3393
1023 533
1023 3394
1025 1259
1029 2113
1030 2547
1030 2985
1031 1481
1032 154
1032 1470
1032 3166
1033 1485
1035 2548
1037 1159
1039 875
1039 2257
1041 851
1042 3292
1044 2456
1045 1025
1048 2207
1049 152
1050 2633
1051 1919
1051 2247
1051 2362
1053 5
1053 2355
1054 2113
1054 3072
1054 3277
1055 1472
1055 2468
1055 2562
1056 224
1056 1469
1057 2947
1058 1614
1059 3288
1060 1386
1061 2141
1062 1180
1064 1948
1065 739
1065 1723
1066 173
1066 691
1067 3108
1068 1974
1069 2740
1071 2715
1071 3246
1073 811
1073 1727
1075 1613
1076 2628
1077 1423
1078 2850
1079 569
1081 2092
1082 718
1084 708
1090 1746
1090 1838
1091 772
1093 1618
1093 3110
1094 283
1094 658
1094 908
1095 1096
1096 483
1100 1155
1102 2496
1105 931
1108 1066
1109 991
1109 1641
1109 2079
1110 2035
1112 2384
1114 1303
1114 3445
1116 890
1116 1179
1116 3116
1118 1537
1119 85
1119 1644
1120 1488
1121 2811
1122 1127
1122 2891
1124 1063
1124 1237
1124 1871
1125 1256
1127 1185
1130 2947
1130 3457
1131 2055
1132 2975
1133 201
1133 1400
1134 3254
1135 2098
1136 1052
1136 1816
1140 1736
1142 3102
1143 1715
1144 1920
1149 3014
1150 480
1150 2955
1151 1761
1152 444
1152 2920
1154 3186
1155 2422
1158 911
1161 699
1161 1341
1161 2843
1165 2441
1165 2540
1165 2663
1167 1345
1168 1045
1170 637
1170 1605
1170 2339
1170 2936
1171 686
1171 1904
1174 1912
1174 3001
1175 76
1176 237
1176 2621
1176 2735
1177 1194
1177 2667
1178 846
1179 1290
1179 1999
1181 226
1182 2103
1183 1723
1183 3207
1184 1415
1184 2827
1185 1803
1187 3075
1190 363
1192 2923
1196 611
1196 1455
1199 1664
1199 2798
1202 2890
1203 2062
1203 2632
1203 3191
1204 2640
1207 1097
1207 2199
1209 333
1211 1189
1213 441
1215 2686
1216 1939
1217 1418
1220 2584
1221 2518
1222 559
1222 2238
1222 2411
1222 2678
1223 2730
1225 2102
1225 2227
1226 79
1226 2623
1228 639
1228 1997
1228 2709
1229 2203
1230 822
1230 1477
1230 1988
1233 1172
1235 2560
1235 2758
1237 399
1237 3258
1238 1565
1238 2244
1239 1028
1240 1421
1241 187
1241 514
1241 1692
1242 3259
1243 2759
1245 1488
1246 1114
1247 905
1248 962
1248 3024
1249 2062
1250 2006
1251 2407
1254 442
1255 658
1255 1705
1255 3133
1256 1446
1256 3168
1257 2386
1257 2413
1259 164
1259 568
1259 1200
1262 3249
1263 1295
1264 407
1264 2440
1265 1166
1265 1511
1265 3218
1268 2566
1269 3121
1269 3379
1274 176
1275 1
1275 724
1276 2534
1277 557
1277 3035
1278 2208
1278 2523
1280 235
1280 3093
1280 3495
1281 1898
1281 3412
1282 1603
1282 1721
1282 2695
1282 3137
1283 400
1283 1250
1283 2265
1285 625
1286 1629
1286 2386
1286 2560
1288 1411
1291 726
1291 2225
1292 1086
1292 2292
1292 3133
1293 1643
1294 227
1294 2147
1296 2948
1297 3476
1298 702
1299 3272
1303 178
1311 399
1311 1536
1311 2479
1312 1158
1313 1215
1317 296
1317 2678
1317 3230
1318 1853
1319 2376
1319 3430
1320 2156
1320 2315
1322 643
1325 272
1325 1625
1325 1919
1326 1726
1329 906
1330 189
1330 538
1330 796
1334 954
1340 1376
1341 610
1343 247
1343 2309
1345 1051
1348 2750
1349 1833
1350 356
1350 2875
1351 1799
1352 463
1352 2293
1352 2851
1353 2383
1354 254
1354 3162
1355 1382
1356 2423
1357 1881
1358 417
1358 1268
1358 1846
1359 1182
1359 1912
1359 2075
1359 2874
1360 893
1362 378
1364 2341
1364 2564
1365 707
1365 1249
1367 2142
1368 755
1369 864
1376 2642
1377 688
1377 2444
1377 3213
1378 1815
1378 2344
1379 2239
1381 1905
1383 696
1384 207
1384 3435
1386 254
1386 866
1387 319
1390 970
1391 81
1392 3105
1393 1742
1394 296
1395 1446
1396 1217
1396 2076
1398 1749
1398 3236
1399 2631
1400 319
1401 1388
1404 2947
1405 2499
1405 2712
1406 1021
1407 2863
1408 973
1408 1472
1408 2039
1410 325
1410 2777
1411 1138
1411 2891
1412 1635
1413 1126
1413 1299
1413 1444
1413 2852
1414 1925
1417 1691
1418 311
1418 3177
1420 143
1420 1481
1420 3058
1421 795
1422 3443
1423 53
1423 1240
1424 385
1424 1108
1426 2009
1429 3285
1430 420
1430 2090
1430 2365
1431 1291
1433 877
1433 3147
1434 284
1434 1201
1434 3009
1435 154
1435 950
1435 1628
1435 1765
1435 2385
1436 2616
1437 464
1437 3195
1438 895
1438 1502
1438 2118
1440 2600
1440 3342
1440 3415
1441 557
1443 3204
1444 287
1444 1612
1447 2815
1448 1675
1452 738
1452 1127
1453 1355
1453 3397
1455 1941
1455 3418
1458 455
1459 112
1459 1274
1459 1846
1459 2449
1460 2352
1461 196
1462 1082
1470 1068
1470 1975
1471 1659
1473 501
1474 1930
1477 3078
1478 1420
1478 3082
1482 1261
1482 1399
1483 681
1483 1465
1483 2466
1484 2860
1485 2369
1486 1255
1487 2541
1487 2808
1489 24
1489 1417
1490 1302
1491 146
1491 463
1491 3079
1492 2652
1492 3116
1493 1045
1493 1938
1494 115
1495 205
1495 2732
1496 3251
1497 21
1497 3367
1498 1550
1499 265
1499 1714
1499 2828
1499 2899
1500 3358
1502 623
1502 927
1502 1808
1503 1505
1503 3216
1504 3363
1504 3451
1505 2387
1506 41
1506 1778
1506 1827
1507 1282
1508 3413
1509 800
1509 2135
1510 1004
1510 3379
1511 842
1511 2749
1513 252
1513 1603
1513 2680
1516 1498
1517 3314
1518 1602
1519 1677
1524 2934
1525 1745
1526 152
1526 1723
1528 1559
1528 2009
1528 2513
1529 245
1529 1147
1530 1323
1531 529
1531 1510
1531 2412
1532 1173
1533 711
1533 2194
1535 306
1536 1179
1537 2003
1538 1993
1540 1091
1541 1115
1541 2715
1545 2884
1547 2054
1548 22
1550 159
1552 2822
1553 3256
1554 145
1554 2904
1555 892
1556 689
1556 3234
1557 3170
1558 641
1559 421
1559 441
1560 119
1560 577
1560 3310
1562 3360
1564 1700
1567 1949
1568 2765
1569 846
1569 2656
1570 275
1571 1798
1572 168
1572 599
1572 2023
1574 453
1576 600
1576 621
1576 2874
1576 3291
1578 1506
1578 2514
1581 314
1585 1490
1585 2668
1586 607
1589 83
1589 2771
1592 1365
1592 1632
1592 2077
1592 2245
1592 3287
1594 2441
1595 868
1595 3281
1596 641
1599 2266
1599 2598
1600 1908
1603 1812
1605 373
1605 766
1606 1752
1607 1926
1608 1321
1609 3319
1610 2677
1611 455
1611 2856
1611 3198
1613 3196
1614 730
1615 2648
1616 706
1616 987
1616 1135
1618 272
1618 2753
1619 1838
1620 697
1620 741
1620 1545
1621 1845
1622 1072
1622 1741
1622 2401
1623 730
1624 983
1624 3418
1625 2059
1626 3495
1627 2832
1627 3302
1629 2142
1629 3344
1630 3311
1631 307
1633 41
1633 264
1633 2495
1635 2355
1635 3275
1636 953
1636 1340
1638 364
1638 1007
1640 1524
1640 2055
1641 626
1641 911
1642 3305
1643 539
1644 1700
1644 3108
1645 1967
1646 996
1648 1812
1649 847
1650 1726
1651 1017
1651 2569
1652 2931
1656 1785
1657 1816
1658 1729
1662 2714
1663 2126
1664 1135
1666 3421
1667 2766
1669 2689
1669 3438
1672 870
1673 2201
1675 130
1675 829
1675 1242
1675 2708
1677 215
1677 2239
1680 1133
1682 1672
1682 3381
1683 404
1683 3257
1685 2792
1687 33
1687 1175
1690 2762
1692 2920
1692 3402
1693 2143
1694 155
1694 422
1695 1170
1696 319
1699 2313
1700 3226
1701 2380
1702 895
1702 2751
1703 734
1707 984
1708 1508
1709 3119
1710 2757
1712 2588
1713 729
1713 2770
1716 1084
1717 3439
1718 1532
1719 1384
1720 2418
1720 2753
1720 3412
1721 2515
1721 2725
1726 2355
1726 2800
1726 3340
1727 222
1727 2063
1728 1297
1729 935
1730 1559
1731 1466
1732 857
1733 395
1734 959
1734 2461
1735 780
1735 1143
1736 2903
1736 3252
1738 1949
1738 3336
1739 1740
1740 718
1742 3462
1743 922
1745 2689
1746 2494
1747 568
1747 1624
1748 1242
1748 1738
1749 3196
1751 3480
1752 2320
1753 2116
1754 517
1756 1026
1757 381
1757 1669
1757 1982
1759 1484
1759 2469
1763 271
1764 124
1765 2970
1769 1553
1769 2707
1773 721
1777 1461
1779 1389
1780 901
1780 1895
1780 3090
1784 656
1785 78
1785 2378
1785 3065
1786 44
1787 1385
1787 2133
1787 3156
1788 518
1789 2473
1790 3113
1791 3086
1791 3455
1792 468
1793 2227
1794 820
1796 2034
1798 131
1798 1828
1798 2120
1799 44
1799 1219
1799 2258
1799 3283
1800 43
1800 146
1802 3344
1803 1479
1803 3242
1804 2112
1804 2542
1805 648
1805 3393
1806 365
1806 2487
1808 1352
1808 2140
1809 31
1809 932
1809 1350
1809 2946
1812 323
1812 2515
1816 1214
1816 2439
1816 3236
1817 767
1817 2178
1817 3202
1818 928
1819 2573
1820 3380
1821 1606
1822 1135
1822 2856
1823 77
1825 2131
1825 2396
1825 2708
1827 861
1827 2304
1827 3039
1827 3293
1828 1971
1828 3340
1830 1754
1830 3437
1832 1284
1833 3120
1835 2661
1836 1217
1836 1788
1837 1847
1838 632
1839 1998
1839 3154
1840 1559
1841 979
1841 2428
1842 235
1842 2972
1842 3413
1843 2289
1845 644
1845 762
1848 51
1848 344
1848 1100
1851 1082
1856 2400
1856 2820
1857 407
1857 2118
1857 2155
1858 251
1864 398
1864 1801
1866 220
1866 3215
1867 1572
1870 1437
1871 2078
1871 2374
1874 3075
1876 1747
1878 898
1881 104
1881 1284
1881 2415
1881 3308
1882 2144
1883 509
1884 2658
1884 3494
1885 3112
1886 1469
1886 1623
1886 3456
1889 2414
1892 1710
1895 2540
1897 725
1898 2827
1903 1823
1903 3025
1905 3119
1905 3461
1906 142
1907 2602
1908 1661
1909 475
1911 132
1912 1267
1913 2618
1914 446
1914 2827
1915 3469
1916 1976
1917 2564
1920 825
1921 602
1923 164
1924 2285
1926 730
1926 1358
1926 2715
1929 2148
1933 2110
1934 505
1934 1935
1934 2098
1935 2557
1936 1082
1937 2883
1940 2264
1942 950
1942 1695
1945 2720
1949 293
1949 1469
1949 2654
1950 1648
1951 307
1952 1574
1953 1498
1954 599
1955 716
1956 2084
1956 2595
1958 3420
1958 3491
1959 2565
1964 809
1965 686
1966 2159
1968 2536
1969 53
1969 1345
1971 636
1971 3282
1974 3214
1975 2099
1975 2348
1976 81
1977 1593
1978 3047
1980 218
1984 503
1984 980
1984 2779
1984 2845
1988 1156
1988 1758
1990 1328
1991 2577
1992 749
1992 1180
1992 1966
1992 2877
1994 272
1996 2472
1997 3026
1997 3172
1999 14
1999 674
2002 1213
2003 1510
2004 229
2004 662
2004 2682
2004 2925
2004 3092
2005 306
2005 545
2005 3421
2006 204
2006 1648
2008 780
2008 1110
2010 1820
2012 442
2012 983
2013 1413
2013 2373
2013 3261
2014 3012
2018 1403
2019 173
2019 3108
2022 2952
2023 500
2023 1413
2023 2416
2023 2627
2023 3361
2025 421
2025 3400
2030 990
2032 764
2033 658
2033 2785
2034 1630
2034 2327
2034 3202
2036 3372
2037 1852
2041 2246
2042 2539
2043 1874
2043 3030
2045 1576
2046 1039
2046 2812
2047 3275
2048 2042
2048 3368
2054 2050
2055 287
2058 1878
2064 1219
2064 1277
2064 2534
2065 3318
2066 1604
2067 2692
2068 932
2068 1032
2072 1854
2073 32
2074 441
2074 522
2074 820
2074 2024
2074 2345
2074 3053
2077 1470
2077 2924
2079 334
2080 551
2080 724
2081 3474
2083 121
2083 2012
2084 240
2085 3209
2086 852
2087 1822
2088 466
2090 627
2090 758
2091 135
2094 1518
2095 1683
2095 2458
2096 398
2098 2736
2099 859
2101 1403
2101 2471
2101 3499
2102 613
2102 1815
2103 3027
2104 1277
2104 2611
2107 290
2107 1321
2107 2712
2108 1608
2109 863
2109 1258
2110 754
2113 482
2115 762
2115 2237
2115 3432
2116 1882
2116 2661
2118 1567
2118 2360
2120 247
2120 1005
2120 2083
2120 2935
2121 2903
2121 2942
2122 795
2122 2513
2124 2596
2125 2774
2128 1697
2129 2826
2130 232
2131 1249
2131 2992
2132 2316
2134 2813
2136 3034
2136 3073
2138 210
2138 1692
2139 3042
2141 280
2141 447
2141 2021
2142 438
2144 672
2144 2242
2144 3239
2144 3325
2146 2867
2148 2420
2151 1877
2151 3008
2153 1700
2153 2738
2153 3049
2154 830
2154 2469
2156 242
2160 2343
2161 3483
2163 1192
2167 769
2168 2083
2169 3409
2170 425
2170 2085
2170 2346
2170 2524
2172 338
2172 1957
2173 1598
2175 387
2176 1014
2176 1098
2177 1496
2178 720
2178 1335
2179 327
2180 83
2181 175
2181 1865
2182 75
2182 107
2182 1526
2182 2934
2183 1229
2184 77
2185 935
2185 1966
2185 3139
2188 898
2190 1572
2190 1936
2190 2052
2191 1542
2191 2337
2192 128
2192 991
2193 2847
2195 1071
2195 2112
2195 3290
2196 715
2196 1141
2198 245
2198 1132
2198 3101
2199 1157
2201 1137
2203 1297
2203 3291
2206 728
2206 2091
2206 2246
2209 361
2209 469
2209 1741
2210 1741
2210 1840
2212 605
2214 1653
2214 2599
2217 504
2217 2171
2219 183
2219 1114
2219 3085
2223 1338
2225 361
2225 1876
2226 3070
2230 1737
2230 1791
2232 507
2232 858
2232 2055
2235 144
2235 1164
2235 1994
2235 3341
2236 1656
2237 172
2237 1355
2237 2747
2239 2318
2240 3235
2241 2363
2241 3321
2244 1054
2245 1268
2245 1283
2245 2702
2246 382
2246 2264
2247 872
2249 1744
2250 97
2250 2922
2251 2080
2252 3117
2254 352
2254 460
2254 1725
2254 2583
2254 3347
2256 950
2257 1381
2259 2267
2259 2968
2260 3209
2261 2677
2261 3270
2263 363
2263 1819
2263 3014
2264 233
2264 1603
2265 1146
2267 2315
2268 2304
2269 2969
2271 1643
2271 3470
2273 2412
2275 3136
2276 289
2277 1531
2277 1550
2278 2529
2280 1599
2282 1209
2284 1351
2287 1475
2287 1681
2287 1842
2288 1057
2288 1072
2288 2535
2289 814
2289 2941
2290 286
2291 2903
2292 2027
2293 1678
2293 2061
2295 510
2296 1056
2296 1915
2296 2593
2297 248
2299 101
2299 2976
2301 1296
2302 2295
2303 2742
2304 3147
2305 2057
2305 2208
2307 2915
2308 1297
2308 2597
2309 1341
2309 1765
2310 901
2310 1118
2312 2488
2312 2618
2314 2334
2317 2028
2318 3265
2319 1582
2319 1785
2319 3328
2320 1022
2321 3382
2322 1937
2322 3241
2323 2114
2324 1081
2325 895
2325 2012
2326 1318
2326 1659
2327 2663
2327 2719
2328 855
2330 1823
2330 2650
2331 2343
2332 2406
2332 2415
2333 459
2333 1512
2334 4
2334 3466
2335 12
2335 55
2335 1021
2337 260
2337 379
2337 1529
2338 1770
2338 2872
2339 290
2340 1659
2342 2607
2342 2920
2343 206
2345 56
2346 817
2346 1365
2346 2696
2346 3247
2347 542
2348 619
2348 2787
2351 474
2351 1397
2351 1473
2351 2815
2353 70
2354 836
2356 1205
2359 2736
2360 177
2361 737
2362 772
2366 1019
2367 173
2367 2771
2368 2194
2369 24
2369 653
2369 1945
2369 2562
2369 2642
2370 1131
2370 1425
2371 1840
2371 2221
2371 3333
2372 553
2373 177
2374 577
2374 1983
2379 938
2380 202
2380 2967
2381 695
2382 1525
2382 2898
2382 3224
2384 3016
2386 712
2386 3468
2387 470
2387 745
2387 1907
2388 1265
2389 145
2389 2845
2391 2929
2392 2455
2393 572
2394 142
2394 2101
2395 2692
2395 2938
2396 2677
2396 2981
2398 2150
2398 3425
2400 1880
2401 2081
2401 2436
2404 2470
2404 2557
2406 1645
2409 2718
2410 1918
2410 2066
2412 3139
2413 967
2414 1452
2414 1854
2418 3140
2420 836
2420 1618
2422 1374
2422 2889
2424 2894
2424 3238
2425 1442
2427 2462
2427 3040
2428 560
2428 861
2429 3234
2429 3497
2430 2741
2432 3264
2433 151
2433 1983
2434 671
2434 3235
2435 425
2435 437
2437 2846
2437 2938
2437 3132
2438 334
2438 717
2438 1655
2440 1286
2440 2562
2441 970
2441 2618
2443 2487
2444 558
2444 1691
2444 3140
2445 2859
2446 218
2446 834
2446 2251
2446 3049
2447 547
2448 284
2448 2982
2448 3432
2449 2469
2451 695
2451 2513
2452 3432
2453 815
2453 2457
2453 2548
2454 25
2454 39
2454 1320
2455 404
2455 2168
2456 1653
2457 1463
2457 3433
2459 1049
2460 758
2460 3312
2462 3457
2463 1699
2463 2370
2465 2436
2467 2769
2470 1777
2471 3414
2472 251
2474 1712
2475 364
2475 987
2476 724
2476 2087
2477 246
2478 650
2480 3132
2481 1205
2481 1629
2483 1921
2483 1974
2485 2724
2486 252
2488 1547
2488 3206
2494 930
2495 1998
2495 3216
2496 2011
2500 1355
2500 1938
2502 124
2503 74
2504 2912
2505 2149
2505 3119
2509 2543
2511 2414
2511 2735
2513 430
2514 963
2514 1337
2514 1861
2514 2664
2515 1959
2516 766
2518 2777
2519 1548
2519 2265
2521 3177
2523 2824
2525 1332
2526 2694
2527 3418
2529 2180
2530 690
2530 2419
2530 2894
2530 3377
2531 1905
2531 2800
2531 2877
2534 549
2534 962
2539 649
2539 881
2540 2012
2540 2461
2541 2559
2542 2177
2542 3103
2543 43
2547 1445
2549 735
2549 2648
2550 2064
2550 3195
2551 1764
2552 387
2553 724
2553 1469
2553 3373
2555 653
2555 662
2555 2751
2556 2657
2558 656
2559 18
2559 2486
2561 3293
2562 1770
2564 2414
2565 199
2567 3164
2569 3367
2573 155
2573 3067
2574 603
2574 3134
2576 269
2576 1208
2576 1535
2578 371
2579 206
2579 1651
2579 2182
2580 3142
2583 785
2584 293
2584 1058
2584 3014
2585 870
2587 2161
2587 2194
2587 2722
2589 8
2590 230
2592 2719
2593 702
2593 1128
2593 2939
2594 1660
2594 2871
2597 222
2599 844
2601 2872
2602 1046
2603 1168
2603 1531
2604 1543
2604 2153
2607 2543
2610 2774
2613 1097
2613 1204
2613 2170
2615 370
2616 1706
2617 2592
2619 697
2620 643
2621 2639
2622 1694
2624 402
2624 508
2625 2330
2625 3157
2626 738
2626 2410
2629 2549
2630 2834
2630 3381
2633 358
2633 710
2633 1826
2634 1788
2634 2390
2635 996
2636 1581
2637 1345
2638 583
2639 3420
2640 1325
2642 2563
2642 2906
2643 3014
2645 1585
2646 374
2646 2149
2648 2344
2649 1274
2650 250
2650 2326
2652 2325
2652 2702
2653 1351
2656 1177
2657 731
2657 2420
2658 1535
2659 1464
2659 1938
2659 2779
2661 776
2662 2698
2663 1526
2666 3183
2667 405
2667 2409
2669 1583
2673 916
2673 1083
2675 1584
2676 1181
2677 1063
2678 1729
2678 2918
2679 860
2683 411
2685 928
2685 2763
2686 23
2687 3367
2691 1507
2692 1783
2693 1085
2693 2256
2694 325
2694 448
2694 2355
2695 186
2695 1801
2695 2293
2696 1059
2696 2295
2698 732
2698 1879
2699 3222
2700 2554
2701 656
2701 2229
2701 2819
2704 1924
2706 2499
2706 3480
2707 1084
2708 2952
2709 566
2709 3192
2710 554
2710 3054
2712 1892
2712 2519
2713 1416
2714 27
2717 252
2717 2038
2717 2811
2718 1027
2718 1178
2718 2999
2718 3462
2719 2341
2721 1960
2724 664
2724 1327
2725 1375
2725 2254
2727 2608
2728 403
2728 463
2729 237
2731 2207
2732 1236
2732 3024
2733 2909
2734 2076
2734 3273
2734 3277
2736 172
2737 1533
2737 1983
2738 833
2739 1244
2740 1942
2740 1973
2742 2294
2743 839
2747 2302
2748 561
2748 1870
2749 235
2749 386
2749 2453
2749 2480
2750 645
2752 1127
2753 2197
2754 1850
2755 296
2759 635
2759 2720
2759 2855
2759 2901
2759 2978
2763 194
2768 1987
2769 3484
2771 3192
2772 731
2772 2915
2774 223
2775 1506
2776 113
2777 851
2779 1074
2781 329
2782 1237
2782 1971
2786 1049
2786 1504
2787 1391
2787 1737
2788 263
2790 2332
2790 2653
2790 3428
2791 1637
2792 929
2792 2290
2795 242
2798 1810
2798 2280
2800 176
2800 1655
2801 3247
2802 2137
2803 2141
2803 3126
2805 3482
2806 1239
2806 2644
2807 573
2807 2367
2807 3008
2808 238
2809 1522
2810 139
2810 751
2811 1800
2815 2591
2815 2771
2816 398
2818 1749
2818 2207
2821 642
2823 3383
2824 1881
2825 668
2827 1744
2827 1805
2828 956
2828 2126
2828 3302
2830 68
2830 1255
2831 1660
2832 1751
2833 248
2833 909
2833 916
2835 192
2836 3110
2837 341
2837 1135
2837 2064
2838 910
2842 2488
2842 2809
2843 979
2843 1096
2843 1844
2844 529
2844 2002
2845 3339
2847 1686
2847 3500
2848 2692
2849 1917
2849 2969
2850 1382
2852 1195
2853 7
2853 1756
2854 2141
2855 2019
2857 2712
2858 2970
2860 442
2860 2251
2861 2550
2861 3262
2862 1376
2862 2209
2862 2731
2863 111
2863 2116
2864 99
2865 2085
2866 2873
2867 1224
2869 2825
2871 901
2873 1216
2875 611
2876 3396
2879 3467
2880 1083
2880 1453
2883 2232
2884 1828
2886 623
2887 1299
2889 1988
2890 2465
2890 2829
2892 881
2892 1241
2892 2595
2893 634
2893 667
2893 1658
2894 2651
2898 100
2899 1309
2899 3419
2900 706
2900 3237
2901 1758
2901 2882
2902 1227
2902 1245
2903 130
2904 800
2904 1482
2905 1313
2906 1258
2906 2342
2908 791
2910 542
2910 918
2910 2317
2911 2163
2913 1096
2915 2775
2918 581
2918 1444
2921 2512
2922 825
2924 3400
2925 2718
2927 3354
2929 442
2929 610
2929 2189
2930 427
2931 2568
2931 3339
2932 2348
2933 2368
2934 306
2934 1356
2934 2655
2935 2541
2936 1843
2936 1933
2937 2375
2938 208
2938 1751
2938 2321
2939 1215
2940 1728
2941 687
2941 749
2941 968
2943 418
2943 1034
2944 2582
2945 25
2945 1553
2948 1403
2949 2950
2950 1061
2950 2900
2951 1765
2951 2421
2954 1779
2954 2159
2956 1213
2958 3392
2961 1575
2961 3387
2962 1455
2962 2757
2964 3394
2965 2381
2966 779
2966 1517
2966 3442
2967 1125
2968 1290
2969 3290
2970 660
2970 1264
2970 3474
2971 627
2971 2937
2971 2959
2972 152
2973 65
2973 91
2973 1464
2973 2323
2974 2569
2975 1621
2975 2638
2976 1678
2976 2860
2978 1397
2979 1595
2981 835
2983 611
2984 463
2984 2412
2985 77
2985 473
2986 478
2986 2178
2988 3129
2991 2910
2994 2199
2994 3350
2995 2589
2996 932
2996 2161
2998 1509
2999 168
2999 2293
3000 383
3000 788
3001 3496
3002 202
3002 1863
3003 2581
3006 42
3007 2921
3008 3175
3010 205
3010 603
3011 2908
3011 3158
3011 3172
3012 1690
3012 1835
3012 2633
3013 1731
3014 337
3014 1200
3014 2226
3014 2904
3015 526
3016 385
3016 3432
3017 2518
3017 2675
3018 1822
3018 2811
3019 3306
3020 1184
3021 548
3021 1869
3021 3292
3024 3485
3026 1599
3028 443
3028 699
3031 375
3032 2540
3035 2163
3035 2477
3037 2963
3038 792
3040 312
3041 1019
3042 812
3043 860
3043 1161
3043 1451
3043 2214
3045 1683
3048 2319
3048 2515
3048 2889
3049 1883
3051 1273
3052 1139
3053 1744
3053 3438
3054 1890
3054 2663
3055 170
3055 2653
3056 2430
3057 3230
3057 3351
3059 2465
3061 3179
3062 1263
3062 2216
3062 3293
3063 2770
3064 2862
3065 896
3067 420
3068 1040
3069 69
3070 108
3070 732
3070 3436
3071 2491
3071 3380
3072 2966
3073 3459
3075 388
3075 1702
3076 1211
3078 657
3078 3161
3085 1304
3087 3399
3089 3012
3091 193
3091 1853
3091 1972
3091 2987
3092 928
3092 1052
3092 2065
3092 2110
3095 2723
3095 3293
3099 1793
3102 3005
3103 3344
3104 5
3105 41
3108 264
3110 3247
3110 3271
3111 2779
3111 3429
3112 1078
3112 3091
3114 3313
3115 1843
3116 3394
3116 3412
3117 6
3117 1524
3120 722
3120 1147
3120 1546
3121 39
3122 1616
3122 3226
3124 2274
3125 1043
3125 2173
3125 2730
3126 1543
3128 42
3131 2634
3132 1709
3132 2318
3133 2816
3134 1366
3135 1480
3136 1931
3136 3431
3137 331
3139 375
3139 759
3139 1947
3141 2116
3143 656
3144 769
3146 2126
3148 1138
3150 1233
3150 2958
3150 3379
3151 430
3151 714
3153 3279
3154 393
3154 630
3155 767
3156 2719
3158 769
3158 2196
3160 731
3160 2999
3161 2559
3162 3291
3163 152
3163 1606
3163 2625
3164 70
3164 1156
3165 1514
3166 1215
3167 692
3167 1194
3167 1483
3169 1994
3173 81
3173 252
3173 465
3174 145
3175 437
3175 2754
3177 1744
3177 3302
3179 906
3188 1537
3189 2910
3191 1019
3194 460
3194 1087
3194 1350
3194 3116
3195 625
3195 1605
3198 1103
3198 1423
3198 2636
3200 60
3201 1021
3202 2026
3203 1928
3203 2664
3204 71
3205 805
3205 2875
3205 2912
3207 1751
3208 992
3209 592
3210 3213
3212 2875
3213 1012
3217 1519
3220 2582
3221 1085
3221 1813
3223 419
3223 712
3224 2773
3225 2766
3226 3048
3227 735
3228 1998
3229 435
3229 1074
3230 1829
3230 2823
3236 6
3236 1172
3236 3407
3237 1996
3237 2550
3237 2602
3239 3213
3241 1453
3242 1449
3242 3352
3242 3357
3243 178
3245 307
3245 586
3246 981
3246 3388
3247 258
3247 2501
3248 2000
3250 1861
3251 2361
3253 3108
3253 3380
3254 2884
3255 2113
3256 3384
3258 1751
3260 3246
3262 410
3262 2231
3263 1304
3264 1408
3265 2697
3266 1796
3267 1024
3269 706
3269 1890
3270 174
3270 2816
3271 3092
3274 764
3274 1487
3274 2286
3275 465
3275 734
3276 2369
3276 3159
3280 1877
3281 72
3281 795
3281 1768
3282 333
3285 1420
3285 2849
3285 2897
3286 128
3286 1026
3286 2404
3287 781
3287 1569
3287 2887
3288 1616
3289 3317
3289 3472
3290 11
3290 2287
3290 3378
3291 1226
3292 206
3293 781
3294 2117
3296 726
3297 2016
3299 86
3304 67
3304 2471
3306 334
3307 2617
3307 2701
3308 3047
3309 1818
3309 2298
3311 3167
3312 216
3312 2742
3313 1015
3313 3114
3314 212
3314 3238
3317 542
3321 385
3321 1330
3322 9
3322 954
3323 1386
3323 2539
3325 3428
3326 2536
3327 1526
3328 1789
3330 2765
3330 3308
3330 3445
3332 2918
3333 1679
3335 1383
3335 2689
3338 305
3338 2083
3341 1927
3341 2755
3342 2199
3343 2638
3344 499
3345 1874
3347 2108
3348 447
3349 362
3350 1
3351 1416
3351 2776
3352 3444
3354 1075
3355 2072
3356 2074
3357 606
3357 2846
3357 2939
3357 3154
3358 1028
3358 1453
3360 504
3363 442
3364 384
3364 761
3364 1392
3365 2109
3365 2636
3369 1517
3370 1168
3371 1094
3371 2438
3371 3462
3373 509
3373 1120
3373 2051
3373 2404
3373 2634
3373 3487
3374 417
3374 3282
3375 2140
3375 3039
3376 681
3376 1421
3378 2030
3378 3453
3379 3487
3382 775
3382 2597
3382 3243
3384 989
3384 2586
3385 367
3385 788
3386 1471
3387 753
3387 1103
3387 3396
3389 933
3389 2820
3390 58
3390 663
3392 691
3394 1309
3395 2010
3396 727
3396 769
3396 977
3396 1709
3399 3498
3403 510
3403 1517
3404 250
3406 2719
3407 690
3407 1323
3407 3087
3408 438
3408 797
3410 1798
3411 1090
3413 2193
3414 2823
3415 3209
3416 2083
3416 2899
3417 1774
3418 1599
3421 312
3422 3233
3423 1378
3423 3185
3425 2208
3427 1379
3427 1713
3429 2671
3430 983
3430 1048
3431 2888
3432 44
3433 1508
3437 98
3439 2257
3439 3404
3440 289
3440 2409
3441 1347
3441 2728
3445 965
3445 3095
3446 2816
3447 2485
3448 3375
3449 536
3450 1067
3450 1988
3450 3034
3451 29
3452 138
3452 2146
3453 2262
3457 1654
3457 1672
3457 2174
3459 3001
3460 3097
3461 655
3467 276
3467 1155
3467 2145
3469 89
3469 804
3469 2887
3470 2503
3470 3289
3471 2703
3473 2559
3474 1757
3474 3155
3477 1575
3478 2748
3479 805
3482 858
3483 611
3484 590
3484 1872
3484 2269
3485 590
3485 2187
3487 2410
3488 1665
3492 3321
3494 389
3494 1194
3495 1534
3495 1578
3496 2744
3499 365
