4000
3998
2 2154
2 2533
2 3593
3 1241
5 1487
5 2398
6 1513
7 1118
7 1195
7 2059
7 3915
9 2359
10 1071
15 1630
15 3412
16 3319
16 3815
17 720
17 1648
20 2224
20 2314
20 2572
22 1868
22 3161
22 3162
24 234
24 314
26 261
26 2853
27 1775
27 3259
28 3050
30 1336
31 804
31 2011
31 2359
34 887
36 2738
37 1014
37 2087
37 3541
37 3985
38 638
40 207
40 3611
42 1681
44 2233
46 41
46 3786
46 3972
47 731
47 1797
48 1616
50 2001
50 3488
52 1266
52 2070
54 1662
55 3540
56 2498
59 1085
60 154
63 735
66 3006
68 173
68 3241
69 1481
69 2000
69 2114
70 1368
70 2977
71 25
74 3694
75 468
75 1202
77 1204
81 1752
82 1977
83 969
83 2843
83 3241
83 3672
84 570
86 3590
90 870
90 1938
90 2194
91 571
91 2989
92 3070
94 2278
95 1611
97 1384
97 1775
97 3972
101 2665
102 755
104 1279
107 2728
108 1484
112 2654
113 1735
113 1863
113 2793
114 2714
115 1457
116 185
116 255
116 1673
117 853
117 1334
118 999
119 625
120 623
120 3489
120 3995
122 416
122 2497
124 1146
124 1385
125 827
127 3367
128 276
129 32
129 923
129 1493
130 2469
130 3801
131 2700
132 104
132 1598
133 3783
136 767
138 1147
139 1787
139 3217
140 3177
140 3501
142 1161
142 1698
142 2682
144 292
144 475
144 2197
144 3409
145 2999
147 2344
149 2861
150 129
150 272
151 1245
152 1833
153 1377
153 2981
154 1156
154 2506
155 3844
156 1084
156 3032
158 907
158 2780
160 2001
161 316
164 820
164 1093
165 438
169 581
170 1637
170 2923
171 316
171 2408
171 3124
173 2363
174 1639
174 2869
178 2057
180 303
183 1154
184 2804
186 573
187 3987
188 1023
191 1599
192 3258
193 3706
194 1885
196 2671
199 2704
200 1154
200 1973
200 2718
200 3026
201 420
201 1882
202 1385
203 1187
204 3219
205 375
205 1714
206 212
206 245
206 3677
207 2758
207 3147
209 701
209 2913
213 1054
214 1500
214 2060
218 3959
219 2385
220 239
222 1597
223 841
223 1378
223 3282
225 2949
226 45
227 1597
230 3759
232 542
234 1990
237 620
237 2665
237 3797
240 2484
241 2206
242 857
242 1841
242 3097
244 3707
245 393
245 1545
245 3860
248 2438
249 2140
249 3071
250 2620
251 2142
251 3934
252 559
252 1684
252 2748
252 2860
252 3442
252 3661
253 3932
254 853
254 2317
257 1361
257 2093
257 2157
258 107
261 1642
261 3563
262 846
262 2847
263 1794
263 3549
266 2575
267 1235
267 2548
268 3521
269 2371
270 2012
270 2768
271 596
274 3881
275 3828
276 1888
277 172
278 776
279 179
279 188
283 1238
283 1301
287 779
288 1388
289 1579
291 907
291 1203
291 2316
291 3481
292 879
293 2086
293 2682
295 362
295 2042
296 1862
296 1890
297 1203
297 3324
298 2328
299 3355
300 2301
301 3139
302 1686
304 34
304 3346
308 27
308 1628
308 1821
309 234
311 2933
316 718
316 2743
319 2093
320 1318
321 824
321 3357
323 2073
324 3422
326 1478
326 1771
327 2495
328 247
329 502
329 1955
329 2745
330 3878
332 1808
333 545
334 657
334 2184
335 1897
335 3105
335 3652
336 410
338 2585
340 2203
341 712
342 3204
344 1842
346 316
347 1744
347 2367
348 610
349 2225
349 2260
351 2037
351 3838
352 1804
352 3170
352 3719
353 3845
354 1046
355 45
355 2052
356 394
357 1761
357 2534
357 2601
361 1064
362 974
362 2351
362 3541
370 1289
370 2367
370 3100
372 2114
372 2572
375 2609
376 73
376 3326
379 3646
379 3755
381 3038
382 2148
383 1166
386 352
387 3268
388 17
388 3163
389 781
391 121
391 708
392 2085
393 753
395 858
395 2328
395 3180
396 134
396 1637
397 1363
398 23
398 459
398 506
398 3927
400 440
400 3585
401 3444
402 3856
403 1276
403 2557
405 706
405 2024
406 1901
407 419
407 2590
408 1763
408 2334
409 3825
410 3991
412 3032
412 3103
412 3156
413 351
413 614
414 2397
414 2776
416 1215
416 3034
417 871
418 31
419 1212
420 3744
422 1211
422 3899
423 1734
423 2996
424 1706
425 2310
427 327
427 953
428 2375
429 1194
429 3772
430 2185
431 3143
433 582
433 1666
435 1100
436 2573
437 1027
437 1861
439 2466
439 3929
440 3669
441 470
442 1898
442 2854
442 3762
443 1249
446 953
446 3193
447 839
448 496
449 3659
453 3510
455 1367
456 830
456 3139
457 3871
458 283
458 2527
459 94
459 685
460 2868
461 1874
461 1897
462 2016
463 1980
463 2357
463 2566
463 3527
463 3539
464 3963
465 3658
466 925
467 673
469 2256
470 2773
471 3633
473 539
476 1711
476 2229
476 3530
477 1673
477 2088
478 589
480 2365
480 3736
480 3802
481 1920
483 1998
483 2946
483 3298
488 2264
488 3490
488 3693
489 752
489 1540
489 2069
490 2499
492 1501
492 1927
492 2798
493 1767
493 2614
494 3082
497 284
497 2650
497 3423
498 761
498 1818
499 101
501 68
501 240
503 361
503 839
503 1321
506 2207
506 3102
508 1846
510 2263
511 283
511 2764
512 3468
513 175
514 481
514 3654
519 2552
521 1852
523 1365
524 3398
525 478
525 2260
528 2033
531 105
531 1606
531 3030
532 767
532 2430
535 493
538 1530
538 3421
543 802
545 2396
546 1730
546 3203
546 3993
547 3586
548 898
548 3753
549 581
550 11
550 2669
552 2497
553 2131
554 1603
554 1968
554 2572
555 3813
556 559
556 3131
558 530
558 3538
558 3788
561 1923
563 3322
565 1293
566 508
566 897
567 2066
568 1181
568 3138
568 3913
569 487
569 3291
570 2435
570 3944
572 3166
574 1201
574 3086
576 1863
576 2896
577 359
577 1118
577 2936
578 1664
579 1476
580 3935
581 2550
582 1633
582 3625
583 1105
588 3900
590 1824
591 1541
591 2286
592 1419
594 4
595 2302
597 306
598 2994
599 366
599 639
599 928
599 2582
599 3803
600 168
600 1090
600 1672
600 2639
602 513
604 1868
606 3167
610 647
611 3966
612 2843
613 2115
616 1106
616 2492
617 1061
617 3486
620 461
620 464
620 979
620 2243
621 1336
624 768
625 1622
625 3532
628 3556
629 3455
631 3687
632 1322
633 109
633 3205
635 45
635 887
635 1627
635 2345
638 2926
642 653
644 2210
646 2117
647 649
647 3343
648 948
651 433
651 586
653 3364
654 982
654 2135
654 2788
654 2809
655 1518
655 2297
656 1943
657 3602
660 168
661 540
661 1373
663 3587
664 601
665 387
665 1866
665 2332
665 3567
666 1781
667 2814
667 3207
668 1771
668 2211
668 2821
669 324
670 403
670 1358
671 1648
673 2828
674 2895
675 1201
677 2108
677 2803
678 49
678 2508
681 2048
681 2550
681 3587
682 1937
684 2576
686 1339
686 1501
687 2547
687 2558
687 3963
691 2913
692 3558
694 405
695 182
697 3241
698 641
698 3341
699 2411
704 3146
708 1067
708 1338
709 1260
709 2183
709 3399
710 529
712 659
712 1754
712 2177
712 2202
714 1966
715 2180
716 3067
718 2284
719 3696
720 309
721 2002
721 3579
723 1725
724 1034
725 855
725 864
725 3300
729 1296
730 1928
731 1445
731 1682
731 2974
732 3417
732 3566
733 1915
733 3675
734 118
734 896
735 604
735 2703
736 3584
737 1984
738 1600
738 2462
739 2510
739 2566
740 331
741 3398
743 2275
744 779
746 2839
747 708
747 1270
747 3550
750 1679
751 2211
753 878
753 3297
753 3542
754 2487
756 1042
756 1822
758 2564
758 2635
762 513
762 3603
763 287
764 1057
765 123
765 1022
766 1569
767 3121
768 854
768 2241
768 2842
769 1967
769 3800
775 569
776 3333
777 3670
778 2657
778 3911
779 148
779 2218
779 3441
780 3219
782 1632
787 3746
788 1400
788 3034
789 3215
790 110
791 1561
795 2981
796 653
796 3259
797 192
797 2210
797 3408
798 2496
799 153
799 2477
800 2871
801 1329
802 1272
802 3932
803 3067
804 976
806 3767
807 804
807 3012
808 1228
808 2529
809 1656
811 1043
811 3757
812 27
812 3457
813 1689
813 2411
814 1622
815 72
816 1389
816 2232
816 3019
817 1769
818 3637
819 989
819 1039
820 2744
822 2943
823 1527
824 1745
826 1439
828 908
828 2453
829 3732
830 3794
831 3924
832 2111
833 2709
833 3433
835 756
835 3030
836 817
836 2263
838 801
838 3333
839 1527
839 2811
841 2791
842 1278
842 3076
842 3704
843 90
845 2150
846 3652
847 1345
847 3211
850 3656
851 1070
853 1943
857 225
857 1519
857 3112
858 30
858 1693
858 3729
860 756
860 3597
861 800
865 2359
867 2992
868 1802
871 1555
874 1334
876 1052
877 459
877 1163
879 181
879 1733
881 31
881 1355
881 1486
882 1184
883 2019
886 2077
886 3008
887 2506
888 1710
889 1600
893 1384
895 3870
899 3012
899 3970
900 858
900 1605
900 2336
900 3122
901 1349
901 2082
902 2483
905 1837
905 3237
907 3929
909 1587
910 1270
911 1984
912 851
912 1200
912 1676
913 2135
914 3363
917 2229
917 2577
918 1036
918 1937
918 3833
919 1942
919 3895
921 3898
924 2584
924 3427
925 453
925 564
926 1364
927 2634
929 615
929 2222
930 14
930 3933
931 3410
932 1119
932 3991
933 2730
936 1980
938 3038
940 685
940 1505
940 3197
941 532
941 3439
942 106
945 1158
946 894
948 1575
949 1404
949 2983
951 308
951 333
951 2439
952 670
952 2664
953 3774
956 1890
958 1471
958 3773
961 583
962 408
962 752
962 2588
963 1481
966 1532
966 2205
967 786
967 1693
967 2924
970 2366
972 3
973 1215
973 1624
973 2094
975 2210
977 1126
977 3457
980 1508
982 3097
983 1890
984 3743
987 3088
989 1656
990 3145
991 2239
991 3435
992 1853
993 2062
993 2609
993 3748
994 1669
994 3194
994 3611
996 2482
997 3063
997 3368
999 3358
1001 1451
1003 530
1004 2560
1005 3080
1006 967
1006 2551
1006 3752
1007 805
1007 3568
1007 3676
1010 3038
1011 3599
1012 901
1012 3294
1013 461
1015 1191
1017 691
1018 1094
1018 2282
1019 1061
1019 1149
1020 2916
1022 2965
1023 3085
1025 420
1028 2023
1029 3266
1030 162
1030 873
1030 1250
1030 2152
1031 666
1031 3494
1032 2992
1033 694
1033 1659
1036 151
1037 361
1039 3725
1040 3325
1041 1892
1041 2494
1042 1943
1044 1866
1044 2537
1045 739
1045 944
1046 1799
1046 3697
1047 3606
1048 561
1048 1193
1050 715
1052 108
1053 293
1053 1920
1053 3480
1056 1092
1056 3300
1057 3624
1058 3042
1059 96
1060 606
1062 2114
1063 21
1063 735
1067 2589
1069 1089
1070 1134
1070 1147
1070 3234
1070 3602
1071 1967
1073 425
1077 351
1077 1155
1077 2829
1077 3060
1078 1152
1078 1849
1080 3517
1085 1508
1085 3903
1087 3406
1088 2551
1090 1771
1092 383
1096 848
1096 1402
1096 3948
1097 1032
1097 1860
1098 2616
1099 1004
1099 2123
1099 2650
1101 2338
1102 2087
1103 2072
1103 3572
1105 819
1107 2162
1108 1701
1108 3416
1111 1727
1113 202
1115 2033
1116 3417
1117 3248
1118 15
1121 1102
1121 2068
1122 3075
1123 418
1123 1350
1124 1719
1124 1924
1124 2447
1127 1451
1128 3209
1130 33
1131 3006
1134 2282
1135 2241
1135 3810
1136 2357
1137 1969
1138 2580
1138 3205
1138 3417
1139 1214
1140 524
1142 958
1142 1015
1142 3851
1143 3507
1144 13
1145 1746
1145 2453
1145 3042
1146 2857
1148 1941
1149 3192
1151 1532
1152 1070
1152 2036
1152 2538
1153 1000
1157 1996
1158 1865
1158 3671
1159 813
1159 1723
1160 3856
1161 1209
1163 466
1164 303
1164 342
1164 2886
1166 1622
1166 2130
1168 2123
1174 147
1175 915
1175 3839
1176 3857
1177 2408
1178 830
1179 908
1179 2668
1180 1854
1184 1052
1184 3514
1185 1272
1186 551
1186 824
1186 3608
1191 1304
1191 1538
1192 1477
1194 176
1196 367
1196 1287
1196 1821
1198 480
1200 1467
1202 3240
1203 317
1203 341
1203 3885
1204 3258
1205 813
1205 2843
1206 1009
1206 3935
1209 2343
1209 3072
1212 171
1213 3359
1214 190
1214 1409
1215 248
1215 3451
1216 2659
1216 3112
1218 2003
1219 2572
1219 3652
1221 1482
1222 2371
1223 1971
1224 1104
1225 2521
1226 3633
1228 1653
1228 2680
1235 401
1236 3496
1237 1832
1242 3904
1243 1226
1243 2752
1243 3505
1245 2222
1245 3330
1249 716
1249 1965
1249 3138
1249 3400
1250 1822
1250 2684
1251 1660
1252 846
1252 3377
1253 796
1254 2252
1255 775
1255 2952
1257 2414
1259 2880
1260 1660
1260 2071
1262 261
1262 2185
1262 2918
1263 1216
1263 1242
1263 3308
1264 370
1264 1558
1264 1604
1266 389
1268 2848
1269 3845
1270 3458
1271 2568
1272 739
1273 2462
1274 2371
1275 1994
1275 2482
1276 1267
1276 2925
1276 3874
1277 3169
1279 3323
1280 3706
1281 2863
1282 762
1283 3821
1284 3225
1284 3308
1286 3756
1287 68
1287 3334
1288 2939
1291 1989
1292 630
1294 2543
1294 3255
1295 2893
1299 1723
1301 308
1301 2882
1302 1221
1302 2000
1304 3951
1305 2450
1306 3714
1307 1591
1307 2821
1310 1627
1310 3196
1312 3463
1315 3656
1316 992
1317 2527
1318 100
1318 1775
1318 2654
1319 1185
1319 2640
1321 2658
1322 1564
1323 2512
1325 1827
1325 3190
1326 1479
1327 382
1327 1525
1328 2300
1329 1827
1329 2154
1330 481
1330 1650
1335 1228
1335 3359
1336 1924
1341 701
1342 2080
1344 1551
1345 1385
1346 465
1346 506
1346 2988
1346 3423
1348 148
1348 499
1350 476
1351 921
1351 1435
1352 675
1353 615
1353 3560
1354 1370
1354 2254
1354 2608
1355 1739
1355 2236
1355 2799
1358 717
1362 435
1362 810
1362 1293
1363 1830
1364 124
1364 1883
1365 1448
1366 776
1366 1009
1368 259
1368 2774
1369 488
1369 861
1371 1292
1372 1146
1374 2281
1375 844
1375 1984
1376 875
1378 2374
1380 1827
1380 2201
1385 2213
1386 2644
1386 3448
1387 3380
1388 1043
1389 3048
1390 1037
1390 1278
1390 1664
1390 2914
1392 3147
1395 913
1396 3934
1397 222
1397 3205
1398 3524
1399 1588
1399 1975
1399 2950
1399 3408
1401 432
1401 1675
1401 3855
1403 2082
1405 3313
1406 609
1406 1667
1410 1036
1410 2371
1411 2621
1412 2726
1413 2488
1415 1359
1416 385
1416 1415
1416 2443
1417 1106
1418 645
1418 3901
1419 794
1419 1603
1419 2983
1419 3741
1420 1635
1420 1708
1420 2214
1421 1924
1421 2429
1422 1995
1422 2972
1423 454
1423 693
1425 2326
1426 3311
1427 2341
1428 2714
1430 702
1430 2661
1430 2964
1431 1425
1431 2938
1433 115
1435 2286
1436 2514
1439 3869
1439 3933
1441 1697
1441 3238
1442 2226
1443 2976
1443 3780
1444 1738
1444 3372
1445 1743
1446 502
1446 2662
1446 3591
1448 1434
1448 3815
1448 3938
1450 3784
1455 3108
1456 2313
1456 2961
1457 3472
1457 3506
1457 3649
1458 1165
1459 10
1459 2662
1459 3327
1460 3293
1462 1785
1462 3561
1463 2862
1463 3095
1464 1635
1465 24
1466 374
1468 75
1468 1955
1469 3206
1474 662
1478 2968
1481 1554
1482 3117
1483 2004
1483 2421
1484 522
1484 3528
1484 3534
1485 278
1485 1471
1487 97
1487 811
1487 1131
1488 130
1488 2819
1488 3345
1489 2968
1489 3774
1490 811
1490 2065
1491 2976
1492 524
1493 3264
1494 620
1494 3685
1495 3231
1498 342
1499 2473
1500 2697
1501 2776
1503 3538
1504 2468
1504 3121
1505 263
1505 1130
1508 2768
1510 1242
1510 3039
1511 384
1511 1362
1512 3742
1515 1481
1521 2638
1522 3122
1524 1643
1524 3168
1526 2374
1529 388
1529 2794
1530 1539
1532 1154
1532 1222
1532 1903
1533 2014
1534 2616
1537 2357
1538 3381
1539 3249
1540 427
1542 1575
1543 1247
1547 795
1547 3368
1547 3404
1547 3487
1548 3929
1551 2593
1552 563
1552 2910
1553 987
1554 1073
1554 1752
1554 3022
1555 443
1555 640
1555 1649
1555 2025
1555 3342
1556 3039
1561 601
1563 3689
1564 105
1565 2984
1566 3060
1566 3914
1567 1374
1567 2114
1568 3459
1568 3794
1569 933
1569 1994
1569 2314
1570 30
1571 979
1573 2310
1574 578
1574 1393
1574 1651
1574 3093
1576 257
1576 1248
1576 1350
1576 3328
1576 3660
1577 1011
1577 1886
1580 1968
1581 3476
1582 1077
1583 628
1583 2009
1584 2061
1586 2224
1586 2446
1587 3705
1588 592
1588 2073
1590 1307
1592 1372
1593 668
1594 3425
1596 1524
1596 3969
1597 1336
1597 1417
1597 1893
1597 3378
1598 450
1599 868
1599 2596
1599 3780
1600 2198
1603 961
1603 1360
1603 3852
1605 440
1606 71
1606 573
1606 1719
1607 2206
1608 1963
1608 2409
1611 2334
1614 844
1614 1442
1615 298
1615 2157
1618 790
1618 1592
1622 114
1623 2019
1624 1564
1624 3636
1626 1456
1627 1268
1628 3928
1629 3151
1631 2642
1631 3844
1635 2976
1636 1256
1636 1903
1636 3522
1639 1164
1641 354
1641 643
1641 830
1641 2647
1642 551
1644 3300
1646 1974
1646 2932
1646 3116
1647 534
1649 1717
1651 1445
1652 2009
1652 3691
1653 1132
1653 3080
1654 1543
1658 144
1659 1155
1659 3745
1660 514
1660 3381
1663 3699
1666 1566
1668 169
1669 296
1670 187
1670 1418
1671 1458
1673 2327
1674 2580
1675 737
1676 750
1676 1719
1676 2990
1677 3609
1679 762
1680 2609
1680 3946
1681 168
1681 2800
1683 315
1683 1410
1683 2783
1684 3747
1686 1608
1687 2970
1687 3220
1688 195
1689 1740
1689 2739
1690 1016
1690 1039
1690 3434
1692 653
1694 1605
1697 3810
1698 696
1698 2340
1698 3038
1699 466
1701 984
1702 1566
1703 1343
1703 3998
1705 853
1707 2698
1707 3087
1708 82
1709 1111
1710 3430
1712 86
1712 3468
1712 3761
1713 2465
1715 2017
1716 2746
1716 3357
1718 3909
1719 3977
1720 2109
1720 3145
1721 1363
1722 2046
1723 1465
1723 2210
1724 777
1725 2535
1726 2842
1727 3797
1728 1592
1730 2262
1734 971
1734 2746
1734 3427
1735 326
1735 2801
1735 3949
1737 826
1737 1480
1740 1202
1742 2660
1744 229
1744 1974
1744 3548
1746 2314
1747 2711
1749 2997
1750 2111
1750 2697
1753 1579
1755 3759
1758 415
1759 2092
1760 3515
1761 1096
1761 3436
1762 293
1765 1675
1766 1995
1770 1869
1771 288
1772 3698
1773 1569
1774 1146
1774 2192
1775 459
1775 1439
1775 2198
1776 809
1779 3025
1783 246
1783 3073
1783 3863
1784 1395
1784 1828
1785 3651
1786 141
1787 3036
1788 2701
1788 3195
1791 413
1791 1023
1791 2357
1793 983
1796 1273
1797 1431
1797 2333
1798 541
1798 3227
1799 551
1799 2226
1799 2893
1800 3115
1800 3378
1800 3398
1801 1152
1801 2410
1802 1047
1802 1795
1803 2642
1805 262
1805 1139
1806 2744
1807 372
1807 1421
1808 2273
1809 547
1810 376
1810 959
1812 3135
1813 392
1814 454
1815 1724
1819 2024
1823 3051
1824 732
1825 2778
1826 717
1828 3928
1828 3961
1832 696
1832 1889
1833 288
1834 2365
1834 2563
1835 891
1836 1417
1837 1533
1837 1869
1837 3214
1838 1664
1839 472
1841 3638
1842 1306
1842 3464
1848 608
1848 3636
1850 1229
1850 2606
1854 2335
1855 743
1855 2413
1855 2736
1856 539
1856 2811
1859 648
1859 2533
1862 632
1864 649
1865 3281
1865 3904
1865 3935
1867 106
1867 3269
1868 3678
1868 3767
1869 3353
1870 619
1871 490
1871 3139
1874 502
1876 270
1877 1192
1878 142
1878 1149
1878 3245
1880 1462
1880 3999
1882 2921
1883 3640
1884 245
1884 647
1884 1897
1884 2978
1884 3741
1885 3777
1886 3925
1889 1547
1889 2487
1890 3924
1894 499
1896 3459
1901 1556
1902 2114
1902 3051
1903 1465
1904 688
1904 1065
1904 1293
1904 1866
1907 1247
1907 2779
1908 139
1908 1673
1908 3743
1909 468
1909 3012
1909 3381
1909 3435
1913 1067
1913 2061
1913 3495
1914 3984
1915 162
1915 454
1915 2216
1915 3426
1916 369
1916 2294
1917 1668
1917 2514
1918 1058
1920 449
1922 3622
1923 2898
1924 1718
1924 2214
1924 2696
1925 697
1925 2254
1926 686
1928 1900
1928 2877
1930 2045
1931 486
1931 864
1931 1104
1931 2284
1931 2512
1933 1181
1934 2482
1936 3835
1937 1726
1937 2435
1937 3307
1938 882
1938 2773
1938 3296
1940 1136
1940 3226
1941 2542
1942 1556
1943 1645
1943 1882
1943 2116
1943 2293
1943 3802
1945 2213
1945 2591
1945 3781
1946 3065
1947 2509
1948 495
1948 500
1948 2142
1948 2873
1948 3910
1950 693
1950 1586
1951 286
1952 2025
1952 3173
1952 3510
1952 3641
1953 2369
1953 3627
1954 1950
1954 3451
1955 1481
1955 3633
1956 433
1956 2595
1960 2164
1963 94
1963 123
1964 1687
1969 627
1969 958
1970 2577
1970 3184
1971 2488
1972 3803
1973 505
1973 2347
1973 2688
1974 630
1974 1760
1975 922
1981 603
1981 1532
1981 2068
1982 635
1982 2834
1984 1303
1984 2211
1986 2070
1986 3249
1987 3099
1989 2629
1989 3331
1990 540
1990 841
1991 2694
1991 3192
1993 2637
1993 3568
1995 2066
1995 2137
1995 3484
1998 815
1998 3515
1999 3176
2000 42
2001 570
2001 3940
2002 948
2004 1154
2004 1296
2006 663
2006 827
2007 239
2007 1927
2007 3414
2007 3883
2009 423
2010 2052
2011 2757
2012 2794
2012 3235
2016 3423
2017 2999
2020 613
2021 756
2022 606
2023 511
2024 1974
2025 2990
2025 3534
2027 2350
2029 399
2030 3816
2031 1024
2033 2544
2033 3657
2035 1517
2035 2249
2036 1910
2041 2048
2041 2340
2041 2922
2043 2878
2045 1789
2045 3478
2046 2576
2047 424
2047 3414
2049 1046
2049 2344
2050 3508
2052 3615
2056 3005
2059 503
2059 3565
2061 1277
2062 2109
2063 1837
2064 1026
2067 1658
2068 142
2068 3816
2069 556
2069 3132
2069 3180
2070 1886
2070 1908
2071 585
2071 1311
2071 2398
2072 1523
2073 1212
2073 1925
2074 27
2075 2888
2076 261
2077 2606
2077 3109
2078 1018
2079 1483
2079 1500
2080 1116
2080 1221
2080 3665
2082 2021
2082 2434
2083 315
2085 622
2085 964
2085 3135
2085 3649
2087 1095
2089 581
2090 3378
2091 305
2092 2780
2093 2696
2095 208
2095 1046
2095 1893
2097 2146
2097 3943
2099 529
2099 3629
2103 3139
2103 3537
2104 729
2105 692
2106 504
2106 1131
2106 3353
2108 3401
2111 56
2113 883
2114 244
2115 622
2115 1115
2117 1246
2117 3730
2122 1973
2123 3213
2124 3969
2127 2583
2127 3171
2127 3898
2128 1767
2128 3941
2129 210
2130 2861
2130 3184
2134 1014
2134 1683
2136 1272
2136 3462
2137 432
2139 42
2140 1926
2141 3914
2143 3368
2143 3418
2143 3800
2144 3712
2145 2987
2146 503
2147 1513
2147 2684
2148 1489
2149 2671
2150 243
2150 3126
2152 1926
2153 116
2153 3086
2155 1277
2155 2958
2156 972
2157 1169
2158 795
2158 992
2159 1642
2160 730
2163 1487
2163 3377
2164 1035
2164 1750
2166 80
2167 1911
2169 335
2170 162
2171 169
2172 298
2173 1578
2173 3852
2173 3966
2174 318
2175 722
2175 939
2175 3156
2176 158
2176 744
2177 2662
2180 3777
2182 518
2183 2206
2184 1737
2184 2085
2185 1541
2186 2255
2187 509
2187 1764
2189 2605
2189 3686
2190 1590
2190 1885
2191 111
2191 2115
2192 770
2192 3441
2193 1216
2193 1503
2194 1046
2198 2521
2200 2760
2201 3100
2203 2978
2207 3412
2208 881
2208 2133
2208 2543
2210 746
2211 111
2211 2349
2211 3952
2214 2678
2216 665
2216 1945
2219 2309
2222 499
2223 91
2223 1678
2223 2530
2223 3476
2226 3971
2227 2172
2228 3220
2228 3752
2229 1618
2229 1843
2230 342
2232 1076
2232 1826
2232 2285
2232 2445
2232 2967
2233 3318
2234 313
2236 609
2237 987
2237 1072
2238 585
2238 3316
2239 1144
2239 1360
2239 1820
2240 1486
2241 2516
2242 2396
2242 3643
2247 1766
2247 3335
2248 1614
2249 1549
2251 3140
2252 245
2252 1339
2253 1250
2254 1921
2254 3940
2256 2914
2256 3878
2258 1281
2259 300
2260 1490
2260 1534
2260 2506
2260 3753
2261 3717
2262 214
2262 1661
2264 2709
2265 2038
2267 3178
2267 3475
2268 1190
2268 3142
2269 107
2270 724
2270 2163
2270 2827
2270 2906
2272 2
2272 1402
2273 84
2273 405
2273 552
2273 1187
2273 1799
2273 3296
2274 3309
2275 2069
2276 2706
2276 2720
2277 1217
2278 3078
2278 3385
2279 3316
2279 3576
2281 110
2283 1728
2288 795
2289 2608
2291 142
2291 255
2291 386
2291 3416
2293 742
2293 2517
2294 2036
2294 2121
2296 3415
2299 3668
2300 1112
2300 1668
2300 2559
2302 397
2302 981
2304 672
2304 2303
2306 1473
2306 2008
2308 2356
2308 3093
2310 673
2310 1286
2311 2200
2312 1874
2312 1952
2313 939
2313 3710
2317 2073
2317 2910
2318 22
2318 976
2318 2331
2318 2677
2320 1772
2322 2133
2322 3591
2323 2724
2324 505
2324 1608
2327 394
2328 1023
2328 3810
2330 2542
2330 3471
2332 1931
2334 1357
2334 3178
2335 2105
2336 1214
2336 2921
2337 219
2337 811
2339 1266
2340 3080
2341 108
2341 3211
2342 348
2342 1261
2342 3035
2343 3419
2345 445
2345 3225
2345 3822
2347 1838
2347 3709
2348 2202
2350 1542
2353 3167
2354 3114
2355 1929
2355 2886
2356 1363
2361 2775
2364 686
2364 1476
2370 927
2370 3191
2373 1137
2374 1460
2375 1467
2376 314
2376 3954
2377 1514
2379 160
2379 394
2379 2159
2380 1225
2380 2585
2380 2861
2381 2922
2382 998
2382 2378
2383 1070
2384 2991
2384 3360
2385 358
2385 1295
2385 2439
2386 1192
2388 3188
2389 1292
2389 3598
2390 1191
2391 3046
2393 228
2394 528
2395 2739
2396 681
2396 1599
2396 1632
2399 425
2399 1352
2400 1157
2402 3762
2403 636
2405 2670
2405 3787
2407 1923
2407 3766
2408 3954
2411 1330
2411 2342
2412 2808
2415 1028
2417 2477
2418 1255
2420 3108
2421 2282
2421 2783
2423 1871
2423 2120
2423 2323
2424 2187
2424 2682
2424 3723
2425 1157
2426 1833
2426 1901
2426 2958
2429 3788
2434 953
2436 1360
2438 496
2438 1348
2439 444
2440 1181
2440 2143
2440 2494
2441 324
2442 2440
2442 2613
2444 2993
2446 2635
2448 875
2450 1764
2450 1863
2450 3175
2450 3760
2451 201
2451 3544
2452 1070
2453 2371
2457 2173
2458 765
2458 3126
2459 795
2459 2108
2460 2637
2460 3839
2461 461
2461 1449
2462 577
2462 606
2462 2289
2462 3259
2464 477
2467 3988
2468 3552
2470 826
2470 2573
2472 3050
2473 1439
2474 2863
2474 3499
2475 3685
2476 1732
2477 3972
2478 1065
2478 3271
2478 3805
2479 399
2479 1490
2481 1492
2481 1671
2481 2569
2482 2398
2483 1457
2484 857
2485 2045
2486 3217
2487 1822
2487 3953
2488 1701
2490 3179
2490 3847
2492 195
2493 706
2493 3506
2495 2251
2496 674
2496 3043
2497 1223
2497 2420
2500 2762
2502 289
2502 3689
2503 2772
2507 1709
2508 1975
2509 1274
2509 2851
2510 2705
2510 2933
2510 3573
2511 439
2511 1220
2511 3470
2512 3084
2515 1415
2515 2919
2515 3745
2515 3910
2516 575
2519 3396
2520 3628
2521 311
2521 911
2522 2627
2524 1343
2524 2213
2524 3915
2526 1417
2526 1454
2526 3381
2527 462
2529 718
2529 3630
2530 1111
2530 1747
2531 1838
2532 3157
2533 1847
2535 2120
2535 3698
2535 3730
2536 3069
2537 38
2537 1126
2537 2141
2537 2248
2538 2924
2539 2177
2540 112
2540 922
2540 3453
2542 3191
2543 1132
2544 529
2544 941
2546 2657
2547 3474
2548 3842
2549 2796
2551 3735
2552 127
2552 679
2552 3694
2555 3093
2557 1422
2558 1713
2559 222
2559 651
2562 745
2562 1750
2562 3864
2565 491
2566 3057
2567 2256
2568 3870
2570 1999
2570 2786
2571 3191
2571 3271
2571 3617
2572 1652
2573 968
2573 1158
2574 2423
2576 938
2577 1290
2577 2740
2578 1165
2578 2320
2580 104
2580 106
2581 1161
2582 3120
2582 3161
2584 1271
2588 899
2588 962
2592 870
2592 1640
2593 1552
2593 2256
2593 3590
2594 71
2596 692
2596 1411
2599 1040
2600 387
2600 3631
2601 353
2601 2318
2603 3760
2604 183
2605 753
2607 1819
2609 1440
2610 1507
2610 1954
2610 3386
2611 216
2611 3251
2612 3254
2614 740
2619 2448
2620 2953
2620 3741
2625 1098
2625 2452
2625 2536
2626 2775
2627 400
2627 1102
2628 1708
2630 1815
2632 1503
2634 3855
2635 951
2636 58
2636 1138
2637 1017
2637 3512
2638 2773
2639 47
2640 2421
2643 775
2643 2907
2643 3572
2645 2691
2646 1656
2648 1157
2648 3449
2649 2693
2650 2207
2652 2793
2652 2941
2652 3676
2655 216
2655 3915
2657 87
2658 591
2658 3929
2659 674
2659 1080
2660 114
2660 498
2661 254
2662 2869
2662 3538
2663 1713
2665 2429
2666 3205
2667 3364
2669 1260
2675 2863
2677 2802
2678 2605
2679 1785
2680 198
2681 1623
2681 2082
2682 1055
2684 1733
2685 730
2688 140
2688 1578
2689 206
2689 2236
2691 2869
2692 2732
2694 1121
2695 3001
2698 3231
2703 1223
2706 1561
2707 1112
2708 953
2708 1142
2709 1123
2709 1900
2710 3776
2711 662
2711 869
2712 3702
2715 2832
2718 3784
2719 2139
2722 1996
2722 2910
2722 3906
2723 924
2725 991
2725 2279
2726 2415
2726 3179
2727 19
2728 1217
2728 1933
2728 2791
2728 3702
2730 1444
2730 3551
2731 280
2731 331
2731 2445
2731 3698
2733 815
2735 1830
2736 2352
2737 2633
2739 2759
2739 3928
2741 1867
2742 562
2742 2328
2743 3705
2745 3120
2746 2906
2747 1057
2747 2693
2748 1680
2749 368
2749 902
2750 3354
2751 1925
2752 472
2752 2027
2753 24
2754 1296
2756 3770
2761 2324
2761 2829
2762 347
2762 1780
2762 2810
2762 3193
2763 2499
2764 302
2764 645
2764 3510
2766 2340
2769 1007
2770 2087
2774 920
2774 3535
2775 1474
2776 2159
2778 1598
2779 577
2779 1431
2779 2973
2780 425
2780 585
2780 1161
2781 1320
2783 1103
2783 3862
2785 1293
2786 3837
2787 1921
2787 3915
2788 2787
2789 3323
2789 3842
2790 582
2790 1315
2790 2556
2790 3292
2792 3014
2793 2857
2794 210
2794 930
2794 1123
2795 3162
2796 3934
2797 1174
2797 1883
2799 3078
2801 3265
2805 746
2810 1782
2811 1018
2811 1189
2812 1244
2812 2210
2813 388
2814 735
2814 2044
2815 660
2815 3455
2816 2073
2816 3090
2817 1966
2818 303
2818 2940
2819 369
2819 3645
2821 1336
2822 3054
2822 3259
2823 303
2823 1094
2823 1651
2823 3339
2824 1012
2825 2948
2826 2233
2829 541
2832 2796
2834 2140
2834 2188
2834 2294
2836 1286
2837 1719
2838 1245
2840 932
2840 3097
2840 3775
2842 533
2842 1427
2843 313
2843 981
2843 2105
2844 3355
2847 1051
2848 3064
2852 3902
2854 323
2859 2082
2859 3072
2865 3989
2867 31
2867 142
2867 1401
2868 3419
2869 1911
2869 2660
2869 2828
2869 3182
2870 804
2871 694
2872 3093
2874 688
2874 3428
2876 1443
2877 3553
2880 2526
2881 1177
2881 3150
2882 1401
2883 1372
2884 3876
2885 108
2887 770
2887 1015
2889 1330
2889 3834
2890 314
2890 2385
2890 3584
2892 1397
2893 271
2896 1355
2896 2657
2897 224
2897 2420
2899 1728
2899 3409
2902 8
2902 991
2904 3760
2906 223
2906 2799
2907 920
2907 1500
2907 3174
2908 633
2908 3431
2909 1515
2909 2012
2911 3541
2912 3016
2914 700
2914 2284
2916 2421
2918 905
2918 3483
2918 3977
2919 912
2919 2254
2920 3497
2920 3595
2921 2304
2922 2114
2923 3483
2924 3397
2925 2128
2925 2620
2926 6
2926 2412
2927 1652
2927 3983
2933 553
2934 2337
2936 3947
2938 2409
2938 2417
2938 3071
2939 548
2939 1750
2940 792
2941 196
2946 1029
2946 1872
2946 1873
2947 3018
2947 3988
2950 3327
2951 2675
2952 315
2952 2902
2953 789
2953 2382
2953 2580
2954 2793
2955 868
2955 2180
2955 3166
2956 262
2957 3785
2959 3765
2960 1905
2960 2794
2961 155
2961 1049
2961 2620
2962 3328
2964 2085
2965 3111
2966 210
2966 2258
2966 3354
2968 3106
2969 3676
2971 2874
2971 3126
2972 1565
2974 765
2974 2911
2975 434
2975 1403
2976 742
2976 1938
2976 3767
2977 1563
2980 1789
2986 1728
2987 3679
2988 420
2993 1817
2993 2428
2997 1412
2999 820
2999 1559
2999 2080
3001 1828
3003 2708
3004 133
3006 3176
3008 1443
3009 2286
3010 2211
3011 3716
3012 2979
3012 3317
3013 2337
3014 1843
3014 3460
3017 2938
3017 3777
3019 1212
3020 1294
3020 3523
3022 1649
3022 3857
3023 311
3024 3127
3025 3078
3026 90
3027 1967
3027 2945
3029 3419
3029 3856
3030 851
3030 2909
3031 3501
3031 3842
3032 1517
3032 2765
3032 3098
3033 1314
3035 444
3035 3592
3036 1393
3037 367
3037 779
3038 466
3039 308
3041 3946
3042 1318
3044 2312
3044 2419
3046 237
3046 892
3046 1545
3048 1838
3048 3355
3049 2514
3050 1511
3051 794
3052 254
3052 424
3053 1040
3054 308
3058 637
3059 1131
3060 1360
3061 973
3061 2631
3064 696
3065 1265
3065 1615
3069 1468
3070 2297
3070 3564
3071 2773
3071 3884
3077 2882
3077 3689
3078 958
3078 3719
3079 348
3079 1417
3081 1684
3082 2085
3082 2626
3084 3942
3085 3504
3087 2697
3088 940
3088 1433
3089 2205
3089 3180
3090 1380
3093 1872
3095 2033
3095 2664
3097 1124
3097 2941
3098 3185
3100 482
3100 1827
3102 739
3102 1873
3103 2113
3104 1883
3105 768
3107 2554
3107 3147
3108 2270
3108 3846
3110 2995
3111 1478
3113 782
3114 197
3115 1124
3115 3699
3116 1291
3117 632
3117 1742
3117 1991
3120 3154
3120 3219
3121 458
3122 2050
3125 3320
3126 226
3126 2330
3126 2437
3126 2962
3126 3395
3127 834
3129 21
3133 1512
3133 2664
3134 1934
3135 2995
3137 1561
3139 1646
3140 1793
3141 3812
3142 974
3144 2355
3145 3312
3146 1358
3146 1622
3146 1952
3148 998
3149 249
3149 2400
3152 786
3152 3032
3153 1625
3154 714
3156 1493
3156 3678
3158 999
3159 3266
3160 270
3160 2578
3161 2607
3161 3489
3162 1445
3162 2041
3163 2756
3165 2370
3166 264
3166 2060
3167 1111
3168 311
3169 175
3169 1043
3169 3436
3170 2295
3170 2815
3172 518
3172 1920
3175 581
3177 953
3177 2788
3178 2572
3181 2827
3181 2984
3182 97
3183 355
3183 3794
3185 562
3185 3655
3186 3604
3187 2853
3187 3639
3190 314
3190 1464
3190 2769
3192 2320
3193 1540
3193 1642
3193 1840
3193 2801
3194 340
3194 1146
3194 1924
3195 2779
3196 10
3197 61
3197 1397
3197 3178
3199 110
3200 2459
3200 3051
3204 3185
3205 568
3205 2012
3206 1855
3208 1025
3208 1587
3208 2000
3208 3602
3209 3991
3211 3416
3212 1419
3212 1782
3213 1504
3213 3643
3214 1382
3215 52
3218 1822
3219 1192
3220 3978
3221 322
3222 1208
3223 2871
3224 24
3224 619
3224 2248
3224 3890
3225 2737
3226 763
3227 3241
3228 390
3230 1822
3230 3528
3231 1445
3233 339
3233 932
3234 1661
3235 851
3237 2029
3237 3192
3238 483
3238 2860
3239 536
3240 1678
3241 1953
3241 2122
3241 3490
3242 2222
3243 296
3243 1133
3243 3035
3246 1786
3247 1848
3247 2574
3248 2100
3251 1867
3251 2415
3253 1659
3253 1830
3254 3305
3256 288
3257 1268
3259 443
3260 107
3263 812
3263 2829
3265 1002
3267 951
3268 651
3269 3801
3270 886
3270 904
3272 651
3272 2388
3275 2495
3278 1340
3279 226
3279 1530
3281 1810
3282 826
3284 2819
3284 3580
3284 3847
3286 380
3287 1408
3287 1695
3291 796
3292 2530
3292 3962
3294 2545
3297 310
3298 3861
3300 33
3300 2453
3301 112
3301 3210
3302 1417
3306 2736
3306 2960
3307 2515
3309 1983
3309 3457
3310 857
3312 205
3313 3007
3314 3224
3316 2911
3319 1229
3319 3699
3320 3496
3321 1507
3321 1656
3321 1675
3321 1941
3321 2603
3322 1622
3322 3934
3324 1074
3324 1867
3325 1382
3325 1505
3325 3874
3325 3892
3326 907
3326 2417
3327 3127
3329 1246
3329 3262
3331 979
3333 1673
3333 3492
3335 191
3336 829
3336 2180
3336 2597
3336 2972
3337 2644
3338 316
3338 2800
3339 2535
3340 1599
3342 1239
3342 1886
3344 1275
3347 1925
3350 1619
3350 2161
3351 3068
3352 1443
3352 3098
3353 1246
3353 2645
3354 1278
3355 565
3355 2980
3355 3359
3356 3081
3359 3711
3361 600
3361 1628
3361 1733
3361 3584
3362 130
3362 3188
3363 926
3364 1791
3366 1962
3366 2465
3366 2984
3369 1194
3370 2676
3370 3257
3374 479
3374 2508
3376 368
3376 1057
3376 3115
3378 3602
3379 2945
3380 726
3380 1937
3380 3730
3381 3533
3383 3174
3384 436
3386 1465
3387 2372
3387 3812
3388 2940
3391 3340
3393 2471
3394 2411
3395 1148
3396 106
3397 21
3399 2356
3399 3335
3400 203
3400 2113
3401 3086
3403 2748
3403 3882
3404 2692
3405 3338
3407 926
3407 1892
3408 1769
3408 3318
3409 2146
3409 2250
3409 3517
3411 2613
3413 99
3413 2267
3417 1691
3417 3873
3418 467
3419 2278
3421 1398
3421 2824
3423 561
3423 1789
3424 365
3424 2997
3424 3521
3424 3691
3425 279
3425 1909
3426 3728
3428 2458
3428 3528
3429 2022
3430 3117
3430 3713
3431 1341
3431 3089
3432 3592
3433 3982
3434 2723
3437 369
3438 733
3438 1315
3440 1504
3443 2164
3443 3844
3446 1816
3447 142
3447 2055
3450 1246
3450 2541
3454 3230
3455 2254
3457 211
3457 976
3457 2026
3458 1165
3462 197
3462 277
3462 3664
3463 338
3463 2989
3464 939
3467 3974
3469 2471
3470 1677
3470 3131
3470 3257
3472 382
3472 2935
3474 916
3475 3811
3476 432
3476 1332
3476 1905
3477 3891
3478 519
3478 2957
3479 2432
3481 945
3481 1831
3483 1416
3483 3202
3485 1628
3487 1965
3488 2
3490 1569
3490 1882
3491 2454
3492 1938
3494 1061
3494 2465
3494 3956
3497 610
3498 26
3498 1884
3498 2079
3500 97
3500 2110
3500 3561
3501 1864
3502 616
3502 2472
3502 2961
3502 3080
3503 14
3504 1720
3505 3270
3506 1473
3507 953
3507 954
3507 1595
3508 846
3508 1506
3508 1924
3508 3159
3508 3908
3510 2006
3511 1821
3513 3467
3514 1513
3514 1802
3514 3335
3515 2961
3515 3043
3516 1560
3517 1678
3517 2304
3517 3918
3520 3664
3523 3636
3523 3697
3524 260
3525 2121
3529 498
3529 2695
3530 2979
3532 900
3533 1319
3536 677
3536 1136
3537 1312
3537 1512
3538 1884
3538 2646
3538 3407
3538 3618
3539 1798
3542 338
3542 2720
3543 2292
3544 3643
3546 175
3546 206
3550 1487
3555 923
3555 2314
3556 2532
3556 3414
3558 701
3558 2336
3558 3877
3562 3547
3563 2321
3565 1350
3565 3755
3566 3065
3567 1710
3567 3678
3570 1129
3570 1628
3570 3048
3571 1447
3571 1597
3572 60
3572 2769
3574 2452
3574 2649
3575 1461
3576 295
3576 2743
3580 1723
3585 922
3585 2494
3585 3495
3587 119
3587 245
3588 2718
3592 500
3592 2210
3594 521
3594 2440
3594 3956
3595 1300
3596 1673
3596 3229
3598 318
3600 1696
3601 1705
3602 3030
3603 546
3603 2563
3604 301
3604 601
3604 3136
3604 3316
3605 1734
3605 3515
3606 1655
3608 208
3608 657
3610 2637
3611 1510
3611 3433
3612 561
3613 3308
3614 778
3614 2427
3614 2581
3617 3559
3618 450
3618 2325
3619 2505
3620 3347
3622 2926
3622 3288
3625 889
3627 83
3627 423
3627 1137
3627 2466
3627 2528
3629 615
3629 3052
3630 2515
3630 3306
3631 599
3631 965
3631 1068
3632 2084
3634 1801
3634 2794
3636 261
3636 3556
3636 3653
3636 3946
3638 407
3638 3109
3640 2396
3642 443
3643 800
3644 2883
3644 3367
3645 1417
3645 1700
3645 2063
3646 664
3646 3652
3647 2886
3648 169
3648 1225
3650 1821
3651 2221
3653 2437
3653 3028
3655 1218
3657 979
3657 2633
3657 3433
3660 2628
3661 238
3661 713
3663 1876
3664 1455
3664 2452
3666 2632
3668 950
3668 2618
3669 401
3670 2123
3671 3145
3673 1190
3674 1256
3675 260
3676 1719
3679 551
3680 1440
3680 3284
3680 3652
3684 1939
3684 2199
3684 2642
3685 2644
3685 3085
3685 3340
3686 2512
3689 1307
3690 1122
3691 195
3691 3325
3693 1612
3695 3045
3696 257
3696 2877
3696 3057
3697 1557
3697 2821
3700 941
3702 209
3702 657
3702 2649
3703 3862
3704 3190
3705 1120
3706 1757
3706 2732
3706 3903
3707 1927
3709 2059
3710 2224
3712 2128
3713 3376
3714 1051
3715 2200
3715 3070
3716 1276
3716 2473
3717 2949
3719 2906
3719 3564
3720 1333
3722 447
3722 1037
3722 1665
3724 212
3724 2326
3725 1466
3727 1738
3727 3207
3729 3511
3729 3930
3730 2660
3732 1295
3733 3674
3734 215
3734 2691
3735 263
3735 1600
3735 1966
3736 1250
3736 2809
3737 1881
3738 3213
3739 3950
3740 1359
3742 3264
3743 781
3745 828
3746 115
3746 1902
3747 342
3749 1475
3749 3204
3752 1726
3754 1965
3754 2900
3756 1860
3756 3733
3757 2883
3760 2033
3761 1345
3761 2425
3766 1322
3766 1627
3766 2263
3768 917
3769 565
3769 569
3771 198
3773 1962
3775 746
3775 3653
3776 324
3776 3225
3777 2368
3778 490
3778 1191
3778 2612
3779 1906
3780 649
3781 1743
3783 143
3783 1144
3784 2414
3785 2203
3787 1465
3789 892
3790 1849
3790 3204
3791 348
3791 3715
3797 2114
3800 794
3801 257
3801 3684
3801 3843
3803 2041
3803 2450
3803 2694
3805 1759
3805 3688
3806 2150
3807 912
3807 1493
3807 1897
3809 267
3809 1911
3809 3531
3812 65
3812 623
3812 2222
3812 2810
3813 565
3814 3846
3816 3826
3817 845
3817 3651
3818 1378
3821 2481
3822 479
3822 1267
3823 632
3823 704
3823 2034
3825 1010
3828 1541
3828 2157
3829 1855
3833 1465
3833 1816
3834 41
3834 2813
3836 2554
3836 2597
3837 213
3837 361
3837 3463
3838 530
3838 2802
3840 875
3840 1312
3843 2313
3844 528
3844 2945
3845 1733
3846 376
3846 1444
3848 1954
3849 988
3849 2020
3850 1712
3850 2095
3851 724
3852 1778
3852 2141
3852 2716
3853 583
3853 650
3854 3201
3857 2154
3857 2642
3859 2621
3860 1615
3860 2921
3860 3769
3862 2150
3862 3072
3862 3280
3863 804
3863 1687
3863 1752
3864 2966
3866 1271
3869 679
3871 3419
3872 205
3872 1730
3872 3485
3875 815
3875 3161
3876 174
3876 665
3876 2857
3876 3860
3877 2011
3878 2695
3878 3954
3879 2030
3884 365
3884 436
3884 1425
3885 2009
3887 145
3887 456
3887 2996
3888 1379
3889 112
3894 3262
3895 135
3897 396
3898 59
3899 1368
3899 3262
3903 3802
3904 236
3905 146
3906 1833
3907 2809
3908 1259
3909 3613
3910 1803
3912 3762
3913 455
3914 332
3914 486
3914 1437
3914 1728
3916 3732
3917 1393
3918 2651
3918 3195
3919 497
3920 3438
3921 1047
3921 1246
3921 1803
3921 2309
3923 847
3925 2002
3925 2439
3925 2834
3926 175
3928 3686
3930 3159
3931 219
3931 1049
3931 1144
3931 3788
3932 553
3932 3342
3933 121
3937 963
3937 2349
3938 1227
3938 2220
3940 845
3942 232
3942 1284
3944 465
3945 1883
3947 499
3948 2224
3949 1025
3949 3383
3954 794
3957 1077
3957 2080
3958 414
3958 856
3958 1586
3960 2045
3963 954
3964 2332
3964 3154
3964 3975
3967 1777
3967 3887
3968 3089
3969 3906
3970 2627
3970 2801
3970 3553
3971 1974
3971 2597
3971 3930
3972 1800
3972 3682
3973 2416
3973 3471
3974 2989
3976 3683
3977 2194
3981 2695
3982 2482
3982 2711
3984 1483
3985 3229
3986 3516
3987 911
3988 721
3988 3966
3990 1934
3990 2184
3991 920
3991 1356
3992 2471
3997 998
3997 3408
3998 1832
3999 3808
