4000
4000
2 1444
2 2640
4 2558
6 2027
7 2357
8 1115
8 1233
8 2495
11 2306
11 3653
12 777
13 1374
13 2895
15 2281
15 3525
16 2623
17 547
20 39
20 3927
23 3329
26 3883
28 3383
29 41
29 3384
29 3993
30 3470
32 3092
32 3969
33 1405
33 3607
35 1707
35 2860
37 1795
37 2743
38 3101
39 3097
40 1232
40 3370
42 332
42 3294
43 1272
44 1752
45 2525
46 1163
47 2442
47 3789
51 1980
51 3376
54 683
54 1056
56 707
58 1767
58 1908
58 2305
59 240
60 1950
60 2048
61 2323
61 2459
63 2485
65 3690
66 1179
67 877
67 1909
67 3681
69 1864
69 3551
70 1382
71 2202
73 2237
74 740
74 1940
75 1731
75 3995
76 1728
77 1869
77 2178
77 2903
78 790
79 270
79 364
79 883
80 2879
82 749
83 90
83 699
85 2841
85 3017
88 1746
90 3329
90 3542
92 1752
92 2975
95 2199
96 324
96 2186
97 534
98 2094
98 2418
99 1107
99 1375
101 760
102 2157
104 419
104 1630
104 3328
105 3107
106 3471
107 57
107 1037
108 3340
108 3933
109 1456
109 2146
110 2942
110 3952
112 2678
114 1850
115 588
117 2595
119 3964
122 3437
124 2279
124 3628
125 1597
126 2221
126 3779
127 523
130 2924
132 3966
134 1278
134 1761
136 510
136 1436
137 3128
138 557
138 2133
141 658
141 694
141 1034
142 1002
146 2121
147 184
148 410
148 3422
151 146
152 2569
153 329
153 1560
154 1506
156 504
157 2368
158 2475
159 3876
162 1224
162 3719
163 483
164 2124
165 3614
166 315
166 617
166 1144
168 646
168 1102
171 2774
171 2915
175 2014
175 2121
175 2713
175 3621
178 322
179 680
180 194
180 2073
180 2620
182 1916
183 32
183 631
183 2121
184 521
185 859
185 3743
187 922
188 3782
189 2439
189 2631
190 1286
190 1907
190 3843
191 2202
192 392
196 3422
197 389
197 1854
197 3366
207 119
207 565
207 1234
209 3
209 1221
210 660
210 3193
214 2410
215 3188
218 1996
219 198
219 1849
220 92
220 1197
221 3283
222 1968
223 868
223 1749
224 1877
224 2883
227 1906
228 36
228 961
228 1889
230 951
230 1949
230 2512
232 386
232 994
234 930
240 332
240 403
240 2138
240 3643
241 445
242 210
242 1367
244 1274
244 2338
245 1500
246 3245
247 3475
248 596
249 149
250 2371
254 3976
255 2051
256 2235
258 479
259 1467
261 663
261 704
261 1650
264 2330
265 3495
266 1082
266 2339
266 3253
267 3174
268 628
268 2889
270 565
270 1918
270 2804
271 668
271 2583
272 326
272 651
276 607
276 858
276 875
277 1201
277 2731
279 761
279 3469
280 3121
283 132
286 1237
286 3890
287 1509
287 1883
287 2949
288 1381
288 2315
292 484
293 1694
294 1142
294 2944
297 27
297 1879
298 1366
299 116
299 2909
299 3437
300 1425
302 2061
302 2813
304 1349
307 955
308 1631
308 2201
309 501
309 1662
310 1105
310 2550
311 1746
311 1899
312 96
312 2938
312 3698
313 239
316 1586
316 2110
317 203
317 607
317 858
318 3616
320 1871
321 2325
322 2878
323 1692
323 2288
323 2801
324 2596
325 516
325 1509
326 972
326 3897
330 506
332 857
335 3980
337 1877
338 2083
339 1440
339 2160
340 1187
340 1860
340 2180
341 156
341 1223
343 1643
344 2482
345 1679
346 1244
347 1461
348 1888
348 2275
348 2827
350 3716
351 1485
351 3366
352 3833
353 1116
354 1003
355 3696
356 163
356 998
356 1752
357 2633
358 902
358 1603
359 2575
359 2823
360 274
360 2319
362 37
362 3695
363 1110
363 2041
363 2308
364 3567
364 3970
366 386
366 2905
367 2457
369 3965
370 1798
370 3631
371 941
371 1557
371 2272
371 3300
373 962
373 3284
373 3808
374 891
375 2539
380 1036
380 1123
381 1719
381 2540
384 179
384 2185
385 1001
385 3655
387 3171
389 411
389 1896
389 2063
389 3970
390 370
392 3143
393 306
396 3841
398 1069
398 3979
400 417
400 479
401 302
401 2565
402 478
402 1448
403 980
403 2150
405 1750
406 3259
407 401
408 3457
412 2963
412 3573
413 2380
414 740
415 643
415 676
416 1286
417 3832
422 1536
425 1813
427 708
427 2727
429 1449
430 2256
431 3731
432 3351
434 159
434 2154
434 3453
434 3715
436 3032
438 1136
438 2140
438 2799
438 2989
439 4000
440 1516
443 525
443 1924
443 2941
444 2526
446 1505
446 3838
447 1476
448 2408
448 2807
455 1006
455 2654
458 3518
459 2481
461 2166
461 2684
462 1413
464 1243
464 2476
466 2788
466 3728
467 732
467 869
471 2879
473 3276
475 2644
480 2820
481 3964
484 2540
486 2690
487 3
488 283
490 1900
491 3403
492 709
492 1353
492 3006
494 1041
494 3944
495 818
495 2384
496 2939
501 3368
502 841
503 594
507 732
507 1516
508 2954
509 430
509 2919
512 1479
513 752
515 1231
516 2636
518 2733
519 280
520 2233
520 2721
521 3999
522 99
523 758
528 253
528 771
529 2659
529 2700
529 3726
530 657
532 243
532 306
532 1201
533 2397
534 764
534 771
535 260
535 2311
538 3178
539 673
541 1055
542 344
542 460
542 3939
543 1480
544 2461
545 1545
545 2599
545 2657
546 2666
546 3788
547 2159
550 1088
550 2070
551 225
551 2419
551 2773
552 1218
552 3171
552 3606
553 319
553 2582
554 2388
555 541
555 1451
555 3129
556 260
556 1028
557 298
557 553
557 627
560 509
561 1632
562 1370
562 2923
563 2789
564 1197
564 3008
569 1861
571 41
572 1188
572 1571
573 2624
574 3813
575 2089
576 1740
577 3742
578 1790
579 389
579 2236
580 3806
581 313
581 3263
581 3818
583 1518
585 3436
586 1247
587 691
588 2539
590 1292
592 3823
593 3447
593 3521
595 2373
595 3521
596 1119
598 2160
600 2448
600 3186
601 2465
602 1577
602 3858
603 2202
604 1851
607 1695
607 2629
608 2760
609 3806
610 2860
614 1856
614 2863
614 3146
615 2765
618 583
619 792
622 2293
623 29
623 1036
623 2733
624 2229
625 744
625 3990
626 2964
627 99
628 1566
628 3230
628 3750
629 401
629 1832
630 2615
631 2131
635 99
635 2076
635 3905
636 1366
637 1806
637 2213
637 3283
638 3020
639 2342
640 699
640 1350
640 3758
641 1465
641 1595
643 18
643 1096
643 3490
644 3592
647 604
647 3383
651 2424
652 1439
652 2488
654 132
654 2582
654 3239
657 1826
657 2880
657 3710
658 138
663 2085
663 2179
664 3962
665 1401
665 2173
666 1454
667 2568
667 3169
671 11
671 1469
672 2182
673 864
673 3512
674 1475
674 2017
677 2718
677 3451
678 1140
679 16
679 1254
679 2145
680 68
680 2728
680 3151
680 3952
682 3828
683 1987
684 2816
685 1156
686 2416
687 2906
690 270
692 21
692 3585
693 2003
693 2238
693 3122
693 3724
694 2623
694 3735
696 78
696 3988
699 870
701 2828
703 697
703 897
704 2877
704 3650
705 1716
705 2123
706 1130
706 1665
706 3889
708 1786
709 757
710 1249
713 3152
714 21
714 718
718 64
718 2282
721 33
721 455
723 398
723 3401
727 3153
728 1791
729 3814
730 3301
733 3402
735 512
735 1349
735 1426
735 2561
736 1578
736 3818
739 439
740 3845
742 537
743 1433
743 2802
743 3164
745 229
745 1816
746 999
746 1941
747 866
747 1889
747 3618
749 1506
750 91
750 809
753 771
753 1156
754 8
754 1658
755 1863
756 592
756 632
759 470
759 1214
761 234
762 3109
766 1346
766 2099
767 3748
768 3014
771 3645
774 729
774 3171
775 173
777 3059
777 3953
778 866
778 2083
778 3229
779 535
781 322
781 2469
783 1152
784 570
785 233
785 1760
786 237
788 1691
788 2731
789 61
789 3862
790 1178
790 3176
791 2075
791 2132
792 1887
792 2037
793 624
794 3281
795 1935
796 140
798 216
798 1844
798 2590
799 1418
800 3113
800 3678
802 1747
803 3294
808 482
808 3297
812 2203
814 2375
815 3373
816 203
816 1136
816 3967
818 2012
821 224
821 2428
823 1639
827 1480
828 1729
828 2677
828 3630
828 3691
830 200
831 110
831 2404
832 525
832 3039
832 3076
833 13
834 528
835 130
835 2136
835 2645
838 1440
838 1605
839 3107
839 3249
840 996
842 2848
843 3038
843 3669
847 2855
852 3688
853 966
857 268
858 2010
863 3172
864 1464
864 1806
865 616
866 2683
868 1457
869 1421
869 3330
874 2365
874 2912
875 990
879 3285
880 1698
881 2639
881 3649
882 1031
882 1951
883 970
883 1217
883 2696
883 3077
884 3290
885 2006
887 2296
888 1015
891 809
898 2384
898 3288
900 1347
904 1921
907 2915
907 3882
908 1150
908 2004
909 1131
909 3700
909 3774
909 3892
910 304
910 1373
910 2134
911 2663
911 2931
911 3203
912 356
913 2607
913 3783
914 1862
915 3274
915 3971
917 190
918 882
920 1623
921 318
921 959
921 2202
924 905
925 3855
926 948
926 1152
926 1175
926 3191
928 845
929 2800
930 305
930 3675
931 363
931 965
931 1350
932 442
933 502
933 579
933 3657
934 814
934 1970
934 2003
935 2016
936 755
938 3646
939 254
940 2530
941 2617
942 1215
944 1700
944 2617
947 1074
947 3373
947 3530
950 1708
951 986
952 3491
961 2767
962 1838
963 435
965 1958
965 2277
966 991
966 2311
966 3379
966 3529
967 2104
968 685
968 3490
969 1440
970 2855
971 2127
971 3233
972 269
973 1712
974 2744
975 127
977 3787
980 758
981 730
982 88
982 2692
983 2158
983 2212
984 208
986 3048
987 2491
988 2844
990 1402
990 2698
990 3606
992 1525
992 3344
993 3245
994 2128
995 302
997 1109
998 113
999 847
999 1872
1000 3573
1001 1567
1003 1092
1003 1946
1003 3315
1004 2004
1005 1977
1008 3927
1009 1218
1010 3908
1011 672
1015 2201
1019 3266
1021 2859
1022 1587
1025 2981
1026 2312
1028 582
1028 692
1028 1689
1030 2416
1031 890
1035 1384
1037 3407
1039 2088
1044 1396
1044 1881
1046 2339
1046 2993
1047 2060
1047 3434
1048 2290
1049 815
1050 2492
1051 2988
1052 1386
1054 2217
1055 109
1055 2766
1058 206
1059 2676
1060 3269
1062 3900
1064 24
1064 1302
1064 1377
1066 755
1067 430
1068 3346
1069 969
1071 986
1071 1063
1071 3700
1072 681
1074 796
1074 999
1074 1944
1076 717
1076 3321
1076 3532
1077 3565
1077 3695
1082 2406
1082 2494
1082 3801
1084 1416
1084 2647
1085 7
1088 254
1088 1311
1089 1712
1089 2833
1093 1371
1093 3618
1095 3024
1096 2262
1099 92
1101 324
1102 2497
1102 3839
1104 3411
1104 3778
1108 2211
1108 3955
1109 3624
1110 2831
1111 827
1111 3465
1112 2181
1113 2305
1114 1495
1114 1503
1114 3319
1115 1435
1115 3267
1118 3530
1119 2947
1120 23
1120 3319
1121 3714
1123 2363
1124 593
1124 669
1125 859
1125 1305
1125 2034
1125 2432
1127 42
1127 876
1128 1763
1131 2604
1132 586
1132 1065
1132 3778
1132 3824
1133 1763
1134 3761
1135 1062
1136 785
1136 1635
1137 646
1137 2239
1140 3250
1140 3856
1141 2493
1143 1162
1144 690
1144 877
1144 3357
1147 1822
1147 3181
1148 2013
1148 3156
1150 1885
1150 1891
1150 2832
1151 2144
1152 1394
1153 1472
1154 1297
1155 1368
1156 994
1157 2037
1158 3637
1159 2055
1159 3481
1159 3927
1160 402
1162 503
1162 3329
1163 3313
1165 998
1165 2011
1166 2432
1167 2380
1167 3429
1169 437
1170 2632
1170 3488
1170 3844
1172 238
1172 1373
1173 3003
1178 3388
1179 2608
1180 1522
1182 2483
1182 3654
1185 2134
1185 2774
1186 3952
1187 1069
1187 3571
1188 1075
1188 3220
1190 924
1191 3009
1193 2203
1194 2669
1195 482
1196 3758
1197 922
1198 1148
1198 1757
1199 2856
1200 2461
1201 1592
1201 3571
1202 871
1202 1627
1203 3338
1204 1884
1204 2875
1205 704
1205 3174
1207 1782
1209 2592
1214 1663
1216 1238
1217 1166
1218 2053
1219 292
1221 111
1221 3381
1223 907
1223 3464
1224 3077
1226 2319
1228 1372
1228 1922
1230 222
1230 1366
1230 2398
1230 2525
1231 160
1231 2866
1232 1435
1233 3140
1234 1560
1234 1700
1235 2314
1237 2047
1239 2799
1240 2422
1240 2812
1241 398
1242 1630
1242 2302
1242 3335
1244 699
1245 2165
1245 3884
1246 180
1247 953
1247 2079
1248 325
1248 383
1249 2257
1251 1512
1252 403
1252 3038
1253 113
1253 1299
1256 1675
1256 3035
1257 260
1259 2335
1259 2998
1260 2972
1261 3020
1262 1153
1262 1968
1263 881
1263 2034
1263 3921
1264 872
1266 2577
1267 1359
1267 2541
1268 1561
1268 2764
1270 2250
1271 3374
1273 3857
1274 2740
1275 906
1276 1293
1277 1174
1277 1656
1278 2763
1279 19
1279 1813
1279 1872
1280 861
1281 671
1282 760
1283 2656
1283 3248
1284 3854
1285 1034
1285 2950
1286 13
1286 1099
1290 1853
1290 2818
1291 165
1291 264
1293 2794
1293 3551
1295 3522
1296 1887
1298 505
1300 483
1300 1647
1302 3066
1304 876
1304 2791
1304 3697
1305 931
1307 577
1307 1343
1307 3107
1307 3659
1308 3013
1311 56
1313 1592
1314 2465
1314 2938
1314 3343
1315 694
1315 1295
1315 3214
1317 612
1317 1403
1317 1599
1322 2101
1323 940
1325 1641
1325 3066
1330 2382
1331 2801
1333 1636
1334 2264
1336 518
1338 2442
1340 2049
1342 69
1342 2901
1344 2416
1345 1877
1345 1944
1347 813
1347 1670
1347 2975
1348 928
1348 3432
1349 1410
1351 3274
1352 1192
1352 3463
1354 2292
1354 3311
1355 340
1355 2808
1355 2946
1358 37
1358 302
1359 34
1359 3407
1360 1352
1361 909
1363 3767
1363 3911
1364 2476
1365 1124
1365 3072
1366 420
1366 2506
1367 2218
1367 2829
1368 2802
1369 2250
1370 1608
1370 2584
1372 1879
1372 2406
1372 3243
1373 116
1374 2826
1374 3774
1376 3930
1377 2979
1377 3535
1379 51
1381 2112
1382 2213
1382 3194
1384 3483
1384 3800
1385 1196
1386 2190
1386 2986
1387 1315
1387 2204
1390 1761
1391 892
1391 2757
1391 2987
1392 2790
1392 2955
1392 3420
1393 245
1394 3673
1395 1166
1398 3297
1399 231
1400 1238
1402 377
1404 803
1404 1062
1404 2965
1405 76
1408 47
1411 2132
1413 1525
1413 3881
1413 3912
1414 1037
1414 1096
1417 2369
1418 196
1418 731
1418 1896
1422 20
1422 2752
1422 3016
1423 158
1424 312
1424 3441
1425 3514
1426 2945
1430 31
1430 3336
1431 1695
1431 2592
1431 3145
1432 2567
1432 2973
1434 209
1435 2931
1436 3996
1437 3389
1439 3485
1440 1009
1440 2591
1441 3953
1442 135
1442 1815
1443 93
1444 889
1444 3133
1446 320
1449 546
1450 1294
1451 910
1451 1394
1451 3076
1452 1133
1452 1875
1452 3268
1454 187
1455 735
1455 2424
1455 2657
1457 102
1457 664
1457 2516
1458 432
1458 2200
1459 217
1463 2575
1464 1448
1464 3678
1465 1349
1466 2121
1468 1976
1468 2715
1469 380
1469 1656
1470 468
1471 2934
1472 1435
1472 2014
1474 138
1474 2440
1475 2231
1475 3446
1477 2511
1480 3306
1480 3885
1481 3878
1482 2691
1484 3740
1485 3909
1487 3312
1489 1602
1489 1964
1489 3511
1492 3483
1493 105
1493 1338
1494 1131
1494 2105
1494 2595
1495 688
1498 1058
1499 17
1501 2316
1503 1906
1503 3821
1503 3931
1503 3952
1504 929
1507 3818
1508 1896
1511 488
1513 3563
1515 1019
1516 1831
1517 2192
1518 961
1519 789
1519 3663
1520 1702
1520 2600
1521 2041
1523 1154
1526 2114
1526 3431
1527 2841
1528 694
1529 876
1531 92
1532 486
1534 2947
1535 3529
1536 310
1537 906
1537 2922
1537 3633
1538 797
1540 2198
1541 2789
1542 384
1544 1331
1546 1349
1547 2817
1548 516
1548 635
1549 1972
1550 2580
1550 2922
1553 931
1554 78
1554 695
1554 3392
1555 538
1556 3306
1558 3702
1559 2083
1560 1254
1560 1316
1561 287
1561 1889
1562 1210
1562 2608
1563 2847
1565 513
1565 610
1566 821
1566 2394
1567 2340
1568 2970
1569 2349
1570 370
1570 1291
1570 2576
1570 3358
1573 503
1574 3067
1575 1432
1575 3761
1578 1644
1579 1416
1582 3326
1582 3695
1582 3908
1583 1600
1583 1628
1586 1834
1589 2362
1593 375
1593 553
1593 2975
1594 1222
1595 3746
1596 816
1597 3454
1599 699
1602 1782
1603 3170
1605 1488
1605 1898
1606 1132
1606 1417
1607 2945
1610 765
1610 3391
1611 2523
1612 168
1612 1317
1612 3112
1612 3169
1612 3301
1615 1601
1615 2448
1616 1913
1620 2280
1620 3232
1621 415
1623 1286
1625 159
1625 969
1626 96
1626 3098
1626 3414
1628 2938
1630 3568
1632 841
1632 3502
1633 1101
1634 1541
1635 2089
1637 1059
1637 3398
1639 3044
1640 307
1640 2573
1640 3485
1641 3352
1642 2547
1643 3563
1644 2180
1644 3714
1645 96
1645 234
1646 1875
1648 48
1649 1849
1650 968
1650 1629
1652 332
1652 3989
1654 1875
1655 2651
1655 3194
1657 2571
1659 1314
1659 3861
1660 1436
1662 2873
1663 475
1664 1315
1664 3270
1666 53
1666 3192
1666 3855
1669 1299
1671 2155
1671 2766
1672 2127
1672 3563
1674 653
1674 666
1674 2468
1675 1315
1676 2612
1680 1511
1681 222
1683 533
1684 1926
1684 2162
1686 3055
1686 3959
1690 1229
1691 2974
1692 1028
1692 1678
1692 3206
1693 996
1695 3159
1697 736
1698 3150
1699 2908
1699 3616
1701 3110
1702 3304
1703 751
1704 3238
1705 1770
1706 3914
1707 3288
1707 3721
1712 216
1713 843
1714 1669
1714 2294
1715 2700
1716 498
1718 1055
1721 2150
1722 357
1722 511
1722 727
1722 3360
1723 3115
1723 3394
1724 71
1724 1170
1724 1783
1728 1711
1728 1781
1728 1873
1728 2999
1728 3962
1729 281
1729 2753
1730 1346
1730 3066
1730 3811
1733 3462
1734 3724
1737 1762
1738 2398
1739 3342
1741 173
1743 2860
1744 3964
1745 606
1745 659
1745 2366
1747 1366
1747 1583
1747 1676
1748 2010
1750 1764
1750 2750
1751 1875
1753 3056
1755 1159
1756 671
1756 3356
1757 1476
1757 3178
1758 1287
1759 580
1759 2784
1760 1457
1761 3221
1762 1217
1762 2717
1762 3071
1765 915
1766 848
1766 1230
1768 3884
1769 762
1769 1872
1770 2760
1771 3099
1772 571
1774 865
1774 2245
1775 3851
1776 3134
1777 183
1777 298
1781 17
1784 506
1785 662
1785 3572
1785 3785
1786 2703
1787 1093
1787 3577
1788 2393
1789 140
1789 3966
1791 827
1791 870
1794 414
1794 1439
1795 1409
1797 3798
1801 2664
1802 292
1802 2693
1803 1529
1803 2931
1805 87
1805 593
1805 2745
1805 3306
1806 2466
1807 3872
1808 306
1808 1033
1808 3208
1808 3390
1808 3954
1811 1477
1812 2363
1812 2501
1813 2063
1813 2860
1813 3519
1814 3344
1816 1207
1817 3867
1818 645
1821 1136
1821 1382
1822 100
1822 2845
1823 1306
1826 975
1826 1840
1827 2511
1829 1820
1835 3612
1836 104
1836 2193
1837 3878
1838 2587
1838 3252
1839 356
1841 2820
1841 3747
1842 306
1842 3309
1842 3422
1847 946
1847 2227
1848 1093
1849 1010
1849 1550
1849 2466
1853 49
1853 3280
1854 66
1855 112
1855 317
1855 3602
1857 2918
1859 1532
1859 2397
1859 2615
1860 2567
1862 233
1862 235
1862 3675
1865 3258
1865 3473
1868 174
1868 1760
1868 2634
1869 721
1871 1499
1871 1716
1873 839
1874 1259
1874 2995
1874 3925
1875 2556
1877 3188
1878 1461
1879 1150
1879 2494
1879 3317
1881 768
1881 823
1881 1957
1882 609
1882 2919
1883 1439
1883 2836
1885 1721
1886 1749
1887 3714
1888 2467
1890 1123
1891 3305
1892 3141
1893 2900
1895 3237
1896 3410
1896 3529
1900 764
1901 485
1901 2106
1903 534
1905 1616
1906 1583
1907 2004
1907 2523
1908 3767
1910 1748
1910 3815
1911 1067
1912 161
1912 2976
1913 116
1913 119
1913 2277
1913 3370
1914 1131
1916 3975
1918 2663
1921 1385
1922 1211
1922 2020
1922 2893
1922 2968
1923 1867
1925 3412
1926 812
1927 2810
1928 1
1928 95
1928 1112
1929 46
1929 290
1930 1271
1930 2408
1930 2469
1931 1314
1931 3515
1934 2395
1934 3565
1935 1094
1935 2454
1937 780
1937 1495
1937 1645
1937 3789
1938 2290
1939 220
1939 750
1939 2113
1942 3976
1943 125
1943 1233
1943 1383
1944 3557
1945 558
1945 3162
1947 2627
1948 904
1951 2846
1952 233
1953 3713
1955 1179
1955 2528
1957 828
1957 1915
1957 1973
1957 2942
1958 2830
1959 3830
1960 63
1962 679
1962 2544
1962 3309
1963 3674
1964 2039
1966 650
1966 1972
1969 3500
1972 2869
1975 312
1977 1856
1977 3697
1978 346
1978 883
1978 3150
1980 3579
1982 1096
1985 160
1985 1684
1990 1647
1991 1760
1991 2923
1991 3074
1992 4000
1994 828
1997 3515
1997 3644
1999 2664
1999 3886
2001 101
2002 2180
2002 2217
2003 3791
2004 787
2004 1008
2005 1088
2006 2695
2006 3112
2007 1009
2007 1613
2010 2022
2010 2152
2014 2573
2015 174
2016 2546
2017 1903
2018 1085
2021 449
2022 2501
2022 2741
2024 3374
2027 1947
2028 1545
2028 2570
2028 3356
2029 932
2029 1216
2030 3472
2031 1115
2031 1116
2033 1915
2033 2605
2034 1357
2034 3247
2035 434
2035 2857
2037 765
2037 2676
2038 583
2038 1322
2039 1156
2040 1097
2042 2150
2045 9
2045 2626
2046 1525
2046 3437
2047 255
2047 1693
2047 2874
2049 3154
2051 1796
2053 1358
2054 74
2054 1767
2054 3310
2055 3149
2056 337
2056 582
2057 2507
2059 2358
2062 3368
2063 804
2063 1912
2063 1977
2066 2220
2070 1244
2071 3184
2075 753
2075 2166
2075 2374
2075 3574
2077 3561
2078 1311
2079 3663
2080 2983
2082 393
2083 2653
2084 2534
2085 3372
2087 1825
2088 3944
2089 872
2090 585
2090 2332
2091 226
2091 2709
2092 2907
2092 3063
2092 3375
2092 3409
2093 2251
2094 519
2094 740
2095 793
2095 1345
2097 1622
2097 2993
2098 1778
2099 2325
2102 475
2102 1178
2104 3674
2105 85
2105 1957
2105 3861
2109 1575
2111 2917
2112 53
2112 2560
2112 3297
2113 1426
2114 1034
2116 1422
2117 1281
2118 1986
2118 3755
2119 2332
2122 2120
2123 3441
2124 4000
2127 1711
2127 3722
2128 1333
2128 2844
2130 1759
2130 3423
2132 496
2132 993
2134 730
2134 1890
2135 3167
2136 1867
2137 2429
2137 2856
2138 160
2140 598
2140 3706
2141 1469
2142 2844
2143 1067
2143 1309
2143 2984
2143 3223
2145 200
2145 1437
2145 3518
2146 1214
2146 3366
2148 2760
2149 3108
2149 3274
2151 3747
2153 1923
2155 681
2157 1603
2158 400
2159 1189
2160 2598
2161 292
2162 1432
2164 2987
2166 887
2166 3193
2166 3355
2169 2120
2170 1344
2170 1613
2170 3617
2171 3728
2172 854
2172 3363
2173 2916
2174 3079
2176 2558
2176 3405
2176 3422
2177 2234
2177 3222
2179 2451
2181 1294
2182 3034
2183 503
2183 3886
2185 1355
2187 941
2187 1753
2188 2574
2189 90
2189 1661
2191 758
2192 2963
2192 3240
2193 497
2194 2284
2199 2378
2200 1014
2202 689
2203 193
2204 1185
2204 2954
2205 521
2205 698
2205 2535
2207 93
2212 764
2212 3426
2216 3358
2217 3271
2218 2328
2218 3176
2219 2639
2219 2824
2219 3019
2220 3285
2224 2561
2225 2836
2226 360
2226 1836
2227 2305
2228 599
2228 2527
2229 1475
2231 264
2231 1129
2231 2081
2231 3743
2232 454
2233 2693
2233 3429
2234 2020
2237 2750
2238 1684
2238 1945
2241 2924
2242 3775
2243 3129
2244 3192
2247 2269
2248 1524
2248 2812
2248 3777
2250 1179
2250 1934
2251 3017
2251 3247
2252 2046
2254 63
2254 3096
2255 4
2258 2531
2259 885
2260 1486
2260 3084
2261 2066
2263 2967
2264 621
2264 1271
2264 3320
2265 558
2267 206
2268 1166
2269 2773
2271 430
2272 3734
2273 482
2273 3044
2274 2523
2276 655
2276 2169
2278 3322
2278 3679
2279 1037
2280 1909
2281 2273
2285 2585
2286 1154
2287 157
2287 1374
2288 3002
2288 3909
2289 2089
2291 480
2292 3091
2292 3232
2294 1532
2294 1948
2294 2696
2296 2003
2296 2096
2298 333
2298 1936
2298 2974
2298 3310
2300 556
2300 792
2300 1951
2301 1789
2302 1770
2303 2693
2305 1855
2309 861
2310 1516
2310 2571
2311 1023
2313 601
2314 917
2315 164
2315 227
2315 247
2315 3099
2315 3993
2318 2722
2319 3133
2321 2968
2322 341
2322 3500
2324 2476
2326 1871
2327 1559
2328 1596
2329 1697
2330 1336
2330 2114
2332 1352
2334 3254
2335 292
2335 1352
2335 2828
2338 2324
2339 996
2341 1654
2341 2148
2342 1293
2344 336
2345 2964
2347 3238
2347 3240
2348 83
2348 2672
2348 3582
2350 2495
2351 2406
2351 3843
2352 1769
2352 2951
2354 3044
2354 3629
2356 1757
2356 3502
2358 1902
2358 2215
2358 3162
2359 1784
2359 2699
2360 196
2360 2856
2360 3723
2362 667
2362 2330
2363 2950
2364 2697
2365 1596
2365 3672
2366 1753
2367 920
2367 1471
2369 3674
2369 3972
2370 1557
2371 2665
2371 2932
2374 1713
2376 2967
2376 3844
2377 1740
2380 863
2381 3171
2381 3895
2387 734
2388 3539
2389 167
2389 1643
2392 234
2394 2164
2394 3989
2396 878
2396 2615
2397 1618
2400 538
2400 2845
2401 3478
2404 2247
2406 2134
2406 3027
2408 2109
2409 129
2409 2783
2410 3380
2411 1967
2413 1671
2414 1697
2414 2611
2415 488
2416 3965
2417 3314
2418 1097
2422 3462
2423 1445
2423 1684
2424 3039
2426 1936
2427 1485
2428 855
2428 2148
2429 882
2429 2294
2431 1086
2433 310
2433 1616
2434 511
2435 675
2439 1025
2440 430
2441 284
2442 1361
2442 2978
2443 1550
2444 502
2444 1310
2444 2261
2447 1606
2447 2911
2450 1850
2450 3766
2451 2137
2451 2752
2452 1591
2452 2516
2452 3214
2452 3344
2453 3528
2454 2392
2455 1207
2455 2373
2457 2261
2457 3328
2458 1809
2460 3670
2461 3466
2461 3716
2463 2314
2463 2829
2463 3180
2464 1952
2465 2526
2468 1322
2470 1860
2470 3157
2472 2180
2473 371
2473 3156
2473 3893
2474 2138
2474 3345
2476 1648
2477 242
2477 2992
2478 1289
2478 1359
2479 2783
2481 835
2481 1263
2481 1830
2482 1409
2483 2236
2483 2582
2484 2923
2485 236
2485 1943
2485 3418
2485 3961
2486 2683
2487 300
2488 1909
2488 3295
2489 3041
2490 975
2490 3536
2491 1613
2491 1760
2491 1962
2491 2138
2492 1483
2492 1847
2493 1542
2495 1890
2495 3139
2496 1973
2496 3587
2496 3923
2499 3669
2499 3930
2500 872
2500 907
2501 2118
2502 2517
2503 1657
2504 332
2504 3486
2505 3216
2505 3318
2505 3772
2506 3683
2508 1841
2509 706
2510 560
2511 3070
2513 772
2513 3177
2515 1998
2515 2631
2516 2411
2517 294
2517 915
2518 3022
2520 3979
2521 2811
2523 526
2523 807
2523 2160
2526 101
2526 626
2526 3880
2527 360
2529 1302
2529 3450
2530 1484
2530 2635
2530 3166
2531 3101
2536 2310
2538 926
2539 1397
2543 144
2543 3822
2544 397
2545 2537
2545 2732
2545 3920
2546 1579
2547 1270
2547 3010
2550 896
2551 3336
2552 2574
2553 705
2553 777
2553 2173
2554 255
2554 3773
2555 807
2555 3946
2556 3314
2558 3975
2559 448
2560 1855
2562 3757
2563 2819
2564 3703
2565 2611
2568 3324
2568 3975
2569 484
2569 1379
2570 1426
2571 3062
2572 3207
2573 1788
2573 2162
2574 2716
2576 1233
2576 3425
2578 809
2578 1227
2579 1597
2579 3212
2581 3220
2582 3715
2582 3995
2584 3020
2584 3314
2585 1641
2585 3876
2586 3713
2587 3010
2588 1238
2588 1393
2588 1941
2588 2102
2588 2312
2589 428
2590 955
2590 1421
2590 1901
2591 1344
2591 1611
2591 1731
2592 323
2592 556
2594 210
2594 1680
2594 3590
2595 1598
2595 3451
2596 3989
2597 1848
2597 2672
2598 224
2599 3022
2599 3987
2600 3422
2602 1689
2602 3761
2603 424
2603 3127
2604 3792
2605 2047
2607 2132
2608 170
2608 1498
2608 1634
2608 3780
2609 799
2609 1532
2610 2914
2611 2784
2611 3703
2612 1868
2612 3407
2613 93
2613 2007
2613 3255
2615 3779
2616 2638
2617 2132
2617 2693
2618 1602
2618 2227
2621 464
2621 1039
2621 1849
2621 2290
2621 3570
2622 3226
2625 720
2626 2794
2628 1026
2629 578
2629 1496
2629 1628
2629 3626
2633 912
2634 462
2635 2058
2636 756
2636 3907
2637 1303
2640 704
2641 2534
2642 1548
2642 2675
2643 2227
2644 1309
2647 3739
2648 2106
2648 3553
2649 2164
2649 3865
2649 3961
2650 556
2650 696
2651 1584
2652 657
2652 3069
2653 3823
2654 2575
2655 2757
2655 3595
2660 3351
2661 2469
2663 269
2663 867
2663 977
2663 2235
2663 3157
2663 3300
2663 3616
2668 132
2669 170
2669 829
2670 3814
2671 2156
2671 2316
2672 792
2675 2853
2675 3668
2676 3588
2678 279
2679 914
2680 1369
2681 514
2681 2213
2682 956
2683 252
2683 1057
2683 3044
2684 2847
2685 685
2686 2313
2687 1738
2688 1144
2688 1409
2688 2658
2688 3649
2690 1169
2690 3053
2690 3058
2691 2023
2692 1620
2694 385
2695 1491
2697 2227
2701 2312
2702 1633
2703 1123
2703 3441
2707 3625
2707 3900
2708 2741
2709 113
2710 31
2710 2608
2712 844
2712 2906
2714 1163
2714 2723
2715 207
2715 3046
2717 1643
2718 3759
2719 1273
2719 2148
2720 205
2720 308
2720 945
2720 3225
2720 3505
2722 1387
2722 1808
2723 108
2723 582
2723 797
2723 898
2726 2231
2726 3759
2727 1473
2727 3326
2728 2427
2729 798
2729 3105
2730 1292
2731 492
2732 175
2732 495
2732 2155
2734 59
2735 1687
2736 1644
2736 3640
2737 2015
2737 2994
2738 667
2743 506
2743 2895
2744 1710
2745 3811
2746 3630
2747 1150
2747 2679
2747 3228
2748 975
2749 145
2751 3885
2753 3031
2755 2308
2756 140
2756 663
2756 3474
2757 1267
2757 1469
2757 2974
2757 3007
2760 226
2760 2771
2760 3197
2762 2547
2763 1051
2763 1918
2765 3566
2766 121
2766 2013
2768 1261
2768 2989
2771 1248
2773 991
2774 326
2776 3183
2778 677
2779 1076
2779 3496
2782 3260
2783 961
2783 1540
2783 3559
2788 11
2788 463
2790 3005
2791 2291
2791 2412
2791 3359
2792 1161
2792 1307
2792 2708
2792 2992
2795 2496
2795 2800
2798 2166
2799 1667
2800 1108
2801 2713
2802 3357
2803 3996
2804 947
2805 1431
2805 2717
2805 3276
2806 2650
2807 2041
2807 2890
2807 3632
2809 1707
2810 635
2811 456
2811 524
2811 1208
2812 2011
2813 3700
2814 1388
2817 120
2820 407
2821 3185
2825 938
2825 2682
2826 374
2826 2680
2826 2908
2828 732
2828 3532
2829 2904
2830 1480
2831 2572
2831 2981
2836 338
2837 2679
2838 2854
2839 1882
2840 218
2841 1432
2842 1677
2843 3260
2844 3488
2844 3578
2845 3083
2846 2878
2847 3314
2848 305
2850 660
2851 1377
2851 2943
2852 1375
2852 1885
2852 2593
2853 2589
2853 2856
2854 1505
2856 1517
2856 2061
2860 1195
2860 3094
2860 3329
2860 3526
2860 3972
2862 2169
2862 3321
2863 1384
2863 1703
2863 3862
2864 2587
2865 770
2867 2049
2868 26
2869 1920
2870 513
2873 378
2874 3396
2878 2967
2880 972
2885 1646
2885 3540
2886 76
2886 2700
2886 3686
2888 2103
2888 2270
2888 2464
2889 3013
2890 1398
2890 2366
2891 103
2891 574
2891 1649
2892 2033
2892 2378
2892 3162
2892 3515
2894 2305
2894 3135
2895 1776
2896 2024
2898 500
2898 3671
2899 1975
2899 3103
2900 1159
2901 106
2902 3587
2906 1790
2914 2859
2915 346
2916 1165
2916 2583
2916 3599
2917 839
2917 2019
2917 2211
2917 3713
2918 1250
2918 2226
2918 2741
2918 3907
2919 3769
2922 3030
2922 3273
2923 3343
2923 3629
2925 1122
2926 3320
2927 2602
2927 3082
2929 1494
2929 3829
2929 3944
2932 3180
2934 1205
2935 2619
2935 3280
2935 3305
2937 1930
2938 2258
2938 3297
2939 1774
2940 2123
2940 3277
2941 3378
2942 404
2943 643
2943 762
2943 3057
2944 852
2945 1725
2945 3404
2947 889
2947 1267
2947 2008
2948 2777
2948 3660
2950 1428
2950 2442
2950 3932
2951 1855
2951 1950
2955 2559
2958 1635
2958 3403
2959 893
2960 184
2961 572
2962 3458
2962 3850
2963 538
2964 2118
2964 2534
2966 3854
2967 1277
2967 1512
2968 323
2970 1565
2970 1727
2970 1935
2970 2424
2972 1755
2972 2543
2973 3004
2975 1829
2976 303
2977 282
2978 1539
2980 554
2980 1076
2980 1390
2980 3828
2982 860
2983 1100
2983 1231
2984 1044
2986 124
2986 719
2986 2044
2987 243
2989 1532
2989 2515
2990 232
2991 1745
2991 2451
2991 3185
2992 1701
2993 3964
2997 2061
2998 1430
2998 1925
2998 3292
3000 925
3000 1939
3001 3498
3002 3522
3003 3969
3004 833
3004 3381
3005 1649
3006 1854
3007 1267
3008 859
3008 1207
3009 1198
3009 1687
3009 2317
3009 3195
3010 887
3010 1310
3010 2574
3011 1226
3011 2457
3015 1696
3015 2928
3016 3633
3017 1723
3019 281
3020 1109
3020 1344
3021 1904
3022 2907
3022 3279
3023 1404
3024 3400
3029 2824
3030 171
3030 620
3030 1543
3031 3777
3034 1708
3035 2210
3036 1315
3038 732
3041 467
3041 3698
3042 3076
3043 3850
3043 3919
3044 2843
3045 3522
3046 128
3050 2253
3050 2301
3050 3949
3053 1200
3053 2035
3055 2131
3056 671
3059 655
3060 1334
3060 3175
3060 3752
3061 3511
3062 301
3063 2100
3064 515
3064 2719
3066 28
3066 3225
3068 592
3068 846
3070 220
3071 1263
3071 1534
3071 3856
3072 1405
3072 3501
3075 1024
3077 3581
3078 227
3079 3723
3079 3734
3083 75
3083 1329
3084 544
3084 3292
3085 566
3085 1146
3085 2954
3086 2401
3087 2670
3089 2068
3089 2638
3092 3894
3093 2240
3094 1380
3094 2152
3098 2022
3101 443
3101 3201
3103 1723
3105 954
3106 312
3106 3896
3107 2097
3108 468
3109 489
3109 2433
3110 789
3112 129
3112 3208
3113 1486
3113 2890
3114 3408
3116 1882
3118 3006
3118 3318
3121 1294
3122 591
3122 1922
3124 132
3124 3085
3125 1963
3126 1449
3126 1758
3126 2806
3127 1034
3127 1365
3127 3052
3128 1161
3128 1287
3128 2640
3129 2333
3129 3248
3132 1170
3133 2580
3133 3984
3136 2283
3141 2407
3141 3434
3142 3365
3143 1361
3143 1950
3144 2140
3144 2910
3144 3545
3145 431
3145 2172
3148 3750
3149 992
3149 1894
3150 961
3150 2889
3151 1118
3151 1626
3151 3703
3155 851
3155 2362
3157 1578
3157 3340
3159 1837
3160 1122
3161 2193
3161 2446
3163 2120
3166 1678
3166 2584
3167 2865
3167 3305
3169 431
3169 2092
3173 3456
3174 1623
3176 3570
3177 2589
3180 3678
3181 952
3181 2448
3181 2977
3182 1489
3183 720
3183 3914
3184 3302
3184 3558
3185 469
3186 190
3186 569
3186 925
3186 1529
3187 1436
3187 2921
3187 3499
3187 3850
3188 2713
3189 306
3191 1930
3191 2267
3192 2026
3193 2137
3194 460
3194 3221
3194 3311
3194 3693
3195 737
3195 1474
3195 3523
3197 706
3199 1399
3206 468
3206 1628
3206 2326
3207 1042
3208 1653
3208 3327
3209 970
3211 220
3211 2419
3211 2983
3214 3438
3217 148
3219 971
3221 2267
3222 1594
3223 765
3224 1346
3225 353
3225 1517
3225 2883
3226 1838
3227 356
3228 2705
3229 1964
3232 1085
3233 1360
3235 901
3235 910
3235 2552
3235 3671
3237 659
3238 837
3239 1011
3240 3102
3240 3502
3240 3795
3240 3950
3241 2940
3243 3543
3245 1337
3245 2511
3246 1669
3247 2821
3248 521
3248 3728
3249 2587
3250 2110
3252 3227
3252 3775
3253 1442
3254 1275
3254 2907
3255 219
3256 954
3256 3183
3258 1281
3261 876
3262 2868
3265 2970
3266 1987
3266 3044
3267 403
3269 2274
3269 3787
3272 1583
3274 1601
3274 3133
3280 1144
3282 1734
3282 2564
3283 570
3284 875
3285 1783
3285 2171
3286 1245
3286 2407
3286 3409
3287 1980
3289 840
3289 2411
3289 2475
3289 2787
3290 496
3291 626
3291 1906
3291 3592
3291 3823
3293 564
3294 2556
3295 1592
3295 3949
3296 1659
3296 3694
3297 43
3297 68
3297 1910
3303 3213
3304 3001
3304 3736
3305 662
3305 2385
3305 2478
3305 3259
3306 2029
3306 2130
3307 1596
3308 3011
3309 1285
3309 3049
3311 3561
3312 2019
3313 1921
3314 878
3314 1154
3314 1721
3318 2682
3320 82
3320 1216
3320 1509
3320 3191
3321 3017
3326 911
3326 1224
3326 2660
3329 3809
3332 193
3333 1350
3333 2577
3334 2437
3335 3201
3336 1866
3339 1172
3340 2229
3343 671
3344 875
3344 2584
3344 3006
3344 3692
3345 3857
3346 221
3346 1399
3346 2637
3347 1652
3348 3464
3349 904
3349 2142
3349 3611
3351 3895
3352 1886
3355 1646
3356 2961
3360 2200
3361 2999
3363 407
3367 815
3367 1964
3367 2151
3367 2741
3367 3113
3367 3669
3368 2782
3368 3529
3369 655
3369 1223
3374 1943
3375 3137
3376 2317
3376 2772
3377 2565
3378 3051
3382 2891
3383 131
3384 3906
3386 3907
3387 394
3389 3182
3391 2106
3392 2031
3393 1022
3395 2627
3396 1504
3396 1676
3400 3990
3402 3633
3404 472
3404 1235
3404 2623
3405 1084
3408 3810
3412 660
3413 452
3415 1164
3417 1441
3418 1277
3418 2953
3419 550
3421 921
3421 1295
3422 3478
3423 1469
3423 1886
3424 2759
3426 2043
3426 2224
3430 1684
3430 2492
3432 1866
3437 303
3437 965
3437 1442
3437 3576
3438 280
3438 709
3438 1453
3438 2651
3439 127
3439 730
3439 2861
3439 3679
3440 3310
3441 2067
3442 1306
3444 818
3444 2108
3444 3252
3444 3854
3447 897
3447 1928
3447 2077
3448 1684
3450 2328
3451 908
3451 1277
3451 1715
3451 2250
3452 169
3452 3287
3453 1030
3453 1627
3453 2272
3455 2411
3458 3786
3460 1092
3462 2368
3463 1304
3463 1816
3464 2255
3465 923
3467 1515
3467 1572
3469 1268
3470 1273
3470 3417
3471 2043
3471 2563
3473 1558
3474 835
3480 3359
3481 576
3481 1414
3481 1979
3481 2930
3481 3518
3481 3972
3483 1062
3483 1432
3484 1084
3487 93
3487 572
3487 1420
3488 1402
3488 3203
3489 3143
3490 2073
3494 2721
3494 2859
3495 101
3495 2147
3495 2704
3495 3159
3495 3364
3496 112
3497 3269
3497 3792
3498 3307
3501 582
3501 2486
3504 1449
3506 3727
3507 2130
3510 2408
3510 2858
3510 2885
3511 671
3511 2658
3511 3317
3513 2497
3514 1408
3514 2779
3514 3508
3514 3817
3515 2059
3517 1808
3517 2597
3518 181
3519 150
3520 1556
3521 368
3525 2643
3526 1212
3526 3126
3527 3620
3529 3116
3530 1435
3530 2560
3533 460
3534 184
3534 2552
3536 223
3536 1370
3536 1914
3537 1275
3537 3501
3537 3533
3538 2660
3541 1429
3541 2363
3542 294
3542 861
3543 43
3543 911
3543 1606
3543 2773
3544 1538
3544 2677
3546 3376
3546 3969
3547 3034
3547 3042
3548 300
3548 3523
3549 1427
3549 2480
3551 443
3552 512
3552 1487
3553 587
3553 3324
3554 2102
3555 2001
3555 3585
3556 3277
3557 3830
3558 3366
3559 1453
3559 3345
3561 3033
3563 2308
3564 3012
3566 1565
3567 2521
3567 3300
3568 2733
3568 3142
3569 117
3570 923
3570 1352
3570 2145
3576 2965
3576 3947
3577 2225
3577 2636
3577 3932
3578 2978
3578 3699
3579 616
3579 2052
3580 3981
3581 2554
3582 1567
3586 1263
3587 3826
3589 2009
3589 2689
3589 3686
3591 3995
3592 556
3592 844
3592 2296
3593 1534
3593 3414
3595 2182
3596 2687
3597 3759
3599 3049
3600 2303
3601 3224
3602 631
3602 1592
3602 2042
3602 2297
3602 2660
3603 274
3603 1044
3605 1031
3605 1880
3605 2842
3605 3412
3606 1450
3609 2796
3609 3928
3611 879
3612 874
3612 2079
3612 2839
3615 1845
3616 1992
3617 1103
3617 2906
3617 3794
3621 1393
3621 2482
3621 2808
3624 250
3625 3125
3625 3960
3626 1040
3627 2509
3629 832
3629 885
3629 2037
3630 774
3631 3493
3632 936
3632 3508
3635 2065
3635 2311
3636 718
3636 2872
3637 2141
3640 2135
3641 3205
3642 1633
3643 376
3643 2917
3644 1609
3645 2866
3645 3705
3646 730
3646 2291
3647 416
3647 1460
3647 2272
3648 127
3648 3270
3649 409
3649 1790
3651 1215
3651 3772
3653 2976
3654 271
3654 1165
3654 1216
3655 900
3656 2089
3656 2821
3658 3378
3661 1840
3663 3891
3664 181
3664 3193
3666 338
3672 1516
3672 2367
3672 3756
3673 1445
3673 3105
3676 289
3679 1176
3679 1781
3679 2880
3680 2513
3681 645
3681 3257
3685 3350
3687 33
3687 2050
3687 2108
3687 2451
3688 70
3689 315
3689 3057
3689 3138
3689 3880
3691 2387
3693 2425
3694 768
3698 1753
3698 2579
3699 2577
3700 1369
3700 2082
3704 393
3704 2723
3705 3763
3707 863
3707 3076
3709 931
3709 2283
3709 3663
3710 272
3710 2427
3710 2851
3710 3486
3712 631
3714 231
3714 814
3714 1309
3714 3475
3715 1146
3718 1000
3718 2350
3719 3927
3720 3546
3721 3497
3722 512
3722 3859
3723 1916
3727 3588
3728 2547
3729 1398
3730 3303
3731 3999
3734 2266
3734 2790
3736 1975
3736 2156
3736 3975
3737 2369
3737 2528
3738 1432
3738 3537
3739 1482
3739 2387
3740 2389
3741 1667
3741 3636
3743 2697
3744 2219
3745 3972
3747 355
3747 3791
3748 1656
3748 3192
3751 2084
3754 1873
3756 1581
3756 2664
3757 798
3758 3150
3759 9
3759 3059
3760 1435
3764 689
3766 183
3767 1474
3768 3544
3770 579
3770 3918
3771 2850
3772 1745
3772 2338
3773 1604
3774 806
3774 1369
3775 885
3776 1092
3776 1157
3777 1683
3779 1955
3780 3234
3781 3915
3783 635
3783 3823
3784 2267
3784 3524
3785 2172
3786 3462
3787 3102
3789 1212
3790 230
3790 234
3790 939
3790 3579
3792 1898
3792 3690
3794 1522
3796 159
3797 3338
3798 1317
3799 498
3799 3048
3801 2116
3802 659
3802 1433
3805 1894
3806 1337
3807 3381
3808 828
3808 2126
3808 3594
3813 242
3813 1521
3813 3648
3815 217
3815 3148
3815 3531
3817 221
3819 946
3820 1705
3821 1367
3822 1612
3823 2546
3824 3308
3826 366
3826 801
3826 2401
3826 2980
3826 3135
3826 3924
3828 3107
3829 1256
3829 3410
3829 3413
3830 558
3830 2704
3830 3810
3833 1976
3835 2869
3840 2323
3840 2682
3840 2708
3841 2913
3843 698
3843 3374
3844 2377
3844 3186
3846 2027
3847 3671
3848 2450
3848 2857
3848 3953
3850 522
3850 3495
3853 1476
3854 3293
3854 3395
3858 482
3858 677
3858 1897
3859 3463
3860 3914
3861 1525
3862 1673
3864 2293
3864 2331
3865 2486
3866 3459
3868 164
3868 2783
3868 2995
3869 946
3869 3581
3870 455
3870 3254
3870 3556
3874 1247
3877 326
3880 3916
3881 3118
3884 3772
3885 2621
3889 2012
3891 1643
3891 2128
3892 3224
3894 876
3894 1683
3894 1938
3895 1636
3897 2010
3898 2286
3899 3385
3900 1727
3902 3691
3903 475
3905 276
3905 2944
3907 2313
3909 2760
3909 3008
3912 2753
3915 393
3916 2134
3918 1316
3918 3325
3920 300
3922 2182
3922 2860
3927 333
3927 3410
3928 2866
3928 3759
3929 2272
3931 124
3931 2809
3931 3217
3934 2455
3934 3593
3936 368
3937 470
3937 2668
3938 1909
3938 2853
3938 3065
3938 3256
3939 2453
3940 3271
3942 2743
3944 1422
3944 3032
3945 1283
3945 2577
3947 530
3948 1447
3949 1400
3949 1790
3949 3057
3950 1542
3950 2074
3951 3554
3952 3245
3953 296
3954 1072
3955 1449
3960 3802
3962 1830
3962 2875
3963 1182
3964 1554
3965 1239
3966 359
3973 1857
3977 1026
3977 1075
3977 2410
3978 590
3979 1125
3980 2323
3982 721
3982 1196
3985 1626
3986 640
3986 1908
3986 3253
3988 2975
3988 3482
3990 756
3990 3943
3991 116
3992 108
3993 197
3993 2612
3996 400
3996 2096
3996 2976
3998 445
3998 1563
3999 3636
3999 3893
4000 1218
4000 3501
4000 3571
