40
149
1 28
1 38
2 12
2 13
2 30
2 35
2 37
2 40
3 6
3 11
3 15
3 18
3 23
4 5
4 24
4 30
4 39
5 3
5 7
5 12
5 27
5 31
6 1
6 15
6 30
6 37
7 6
7 19
8 2
8 17
8 20
9 16
9 27
10 13
10 20
10 35
10 36
11 4
11 7
11 15
12 10
12 14
12 39
13 15
13 31
13 39
13 40
14 28
14 29
15 1
15 4
15 13
15 32
16 14
16 24
16 33
17 25
17 26
17 27
17 33
17 35
17 38
18 2
18 24
18 25
18 35
19 6
19 25
19 28
19 29
19 30
19 31
19 38
19 39
20 26
21 1
21 3
21 11
21 12
21 20
21 27
21 33
21 36
21 37
22 2
22 27
22 34
22 39
23 2
23 11
23 33
23 39
26 11
26 37
27 1
27 12
27 19
27 20
27 35
28 6
28 13
28 33
29 24
30 11
30 13
30 16
30 26
30 27
31 3
31 18
31 30
31 40
32 7
33 18
33 22
33 35
34 17
34 20
34 21
34 22
34 27
34 29
34 35
34 36
35 7
35 9
35 20
35 26
35 39
36 23
36 25
36 30
37 1
37 21
37 22
38 14
38 20
38 30
38 31
38 35
38 37
38 39
39 10
39 30
39 31
40 4
40 16
40 32
40 33
