40
287
1 4
1 9
1 19
1 23
1 32
1 36
1 38
1 39
2 1
2 4
2 12
2 13
2 18
2 24
2 25
2 27
2 35
2 39
3 7
3 15
4 1
4 13
4 19
4 20
4 30
4 31
5 2
5 13
5 14
5 15
5 16
5 24
5 38
6 5
6 7
6 9
6 10
6 14
6 21
6 22
6 30
6 34
6 40
7 17
7 19
7 21
7 24
7 30
7 31
8 5
8 11
8 12
8 18
8 22
8 33
8 35
8 37
8 40
9 3
9 5
9 6
9 13
9 14
9 20
9 23
9 24
10 1
10 7
10 13
10 15
10 16
10 22
10 25
10 33
10 37
10 40
11 1
11 3
11 9
11 25
11 30
11 33
11 37
11 39
12 11
12 17
12 23
12 29
12 35
12 39
13 9
13 27
13 31
13 32
13 35
13 39
14 1
14 8
14 9
14 18
14 21
14 23
14 25
14 34
14 36
15 14
15 23
15 24
15 30
15 40
16 24
16 33
16 34
17 18
17 21
17 23
17 24
17 30
17 37
18 13
18 31
18 33
19 5
19 8
19 14
19 26
19 38
20 17
20 23
20 24
20 30
20 39
21 7
21 9
21 30
21 31
21 32
22 6
22 7
22 8
22 12
22 19
22 21
22 24
22 29
22 32
22 39
23 7
23 9
23 19
23 25
23 26
23 30
24 1
24 3
24 16
24 23
24 26
24 37
25 17
25 21
25 24
25 26
25 35
25 37
25 39
26 18
26 27
26 28
26 29
26 30
26 32
26 35
26 38
27 1
27 4
27 7
27 9
27 14
27 17
27 19
27 31
27 36
28 12
28 15
28 16
28 21
28 26
28 27
28 30
28 32
28 39
29 2
29 13
29 23
29 35
29 40
30 3
30 5
30 6
30 7
30 8
30 13
30 15
30 23
30 40
31 1
31 3
31 5
31 13
31 15
31 19
31 23
31 25
31 27
31 29
31 34
32 5
32 7
32 14
32 16
32 23
32 38
32 39
32 40
33 8
33 14
33 19
33 21
33 22
33 28
33 30
33 34
33 35
33 37
34 6
34 8
34 13
34 17
34 20
34 21
34 22
34 25
34 26
34 29
34 31
35 10
35 18
35 19
35 21
35 25
35 36
36 5
36 12
36 19
36 22
36 23
36 25
36 28
36 33
37 5
37 18
37 33
37 36
37 40
38 5
38 12
38 14
38 15
38 34
38 40
39 3
39 4
39 12
39 18
39 24
39 33
39 37
39 40
40 1
40 6
40 13
40 14
40 15
40 23
40 31
40 32
