4250
4250
1 3943
3 1379
4 434
5 3978
7 3356
9 2042
10 3882
10 4117
13 816
14 2250
14 2445
18 1651
18 1664
18 3558
19 369
19 3639
20 2443
20 2914
22 4185
24 208
24 2285
25 2012
27 958
27 1513
28 1056
32 2519
32 3114
32 3918
34 1389
37 910
37 2290
37 3054
37 3177
38 2714
39 940
39 3389
40 2738
40 4175
42 808
42 3392
43 2048
45 988
45 1379
45 1956
46 455
47 1287
47 3326
48 2149
49 323
49 735
49 757
49 2299
49 3091
50 429
50 565
50 1180
50 3379
50 3543
51 3995
52 2001
52 3960
54 17
54 3458
55 1253
58 3304
62 3014
63 1419
63 2643
66 2204
67 802
68 3585
69 1304
71 1739
71 3711
72 2323
73 1370
74 934
76 306
77 1834
79 2274
81 986
82 4009
83 1082
83 2276
84 3635
87 219
88 2834
88 4090
91 3705
94 2179
95 1157
95 3956
96 2883
96 3887
98 3861
99 47
99 3629
101 3616
106 2519
107 1549
108 2071
110 2953
111 138
111 2392
113 3104
115 489
115 1889
115 2538
116 3313
117 1184
119 2004
119 2111
119 3758
122 2347
123 3545
123 4008
124 770
125 3881
130 2328
131 1581
131 2476
133 2153
133 2296
134 576
134 2491
136 2881
137 125
137 3231
137 4077
138 3324
138 3367
139 2409
139 3358
139 3387
140 338
140 1730
140 2156
141 3995
144 118
144 4010
145 155
145 2210
147 2712
149 2820
151 1380
154 1797
155 4092
156 3766
157 686
157 3678
158 1007
158 3582
159 3189
161 282
161 3967
162 1248
162 3230
163 2195
163 3726
164 2410
168 2980
170 674
170 1315
170 3946
171 2175
173 426
175 306
175 1406
175 3804
180 346
180 3367
180 3528
181 2585
182 558
182 977
182 3420
183 992
183 3629
184 336
184 3185
185 1919
185 4118
186 542
187 3555
189 3003
190 2104
192 2077
193 3468
194 2550
195 1206
195 3279
195 4233
197 1450
198 940
198 2849
199 421
199 1453
201 652
201 3697
202 315
202 1763
203 2524
203 3678
205 1685
206 748
206 2899
208 1873
208 3277
209 1307
211 136
212 117
212 1989
212 2994
212 3872
213 1048
213 2058
213 2935
215 2668
217 747
218 1887
218 3370
218 3820
226 737
226 3663
227 3506
227 3900
230 3713
231 2347
233 290
233 350
233 1277
234 2082
235 3725
236 2173
237 507
237 1533
239 2916
240 816
240 1627
241 4028
243 2128
243 3175
245 2736
246 3205
248 1938
251 2852
253 4075
254 2268
254 2743
255 2214
255 3273
256 2346
256 2633
257 3483
257 3782
259 271
259 2427
259 3768
260 2020
261 549
261 2512
264 1765
267 507
267 2654
269 744
269 3400
270 291
270 3326
270 3341
271 506
271 2323
272 1337
276 3690
279 458
280 2347
280 3691
281 3676
282 2579
283 1843
283 3770
284 1063
285 2404
288 1666
289 402
289 2243
290 3343
290 4235
291 312
291 3709
293 588
294 2690
296 2764
299 744
301 1795
305 3654
305 4141
306 3814
307 1614
307 3292
308 1801
308 1997
308 2168
309 1257
311 1104
314 2080
315 2399
315 4021
316 3213
316 3907
317 2404
318 1711
318 2262
320 1991
321 831
322 746
323 2565
324 4188
325 1293
325 3723
330 786
331 3493
331 3750
332 3430
333 24
334 469
334 3585
335 162
335 4164
336 2544
337 1736
337 2353
337 3027
338 1079
338 3295
344 2374
344 4155
347 2795
348 2393
349 163
349 637
349 1681
351 2100
353 1060
353 3983
354 539
354 4147
355 108
355 2620
361 3653
362 1919
363 2530
364 3371
364 3637
365 14
365 2514
366 2213
367 216
370 3363
372 578
372 3754
373 2582
373 4077
374 1654
374 3644
375 838
376 2002
376 2083
377 242
377 2610
377 3827
379 213
381 3162
382 673
382 1503
382 2708
383 3484
384 574
386 4155
387 532
388 238
388 3051
389 2806
392 3679
394 1112
395 837
395 2460
395 4036
396 2736
397 347
398 733
400 692
403 811
403 3118
403 4186
404 463
404 1959
407 4
408 1515
409 446
409 2546
410 2697
410 3654
411 1454
412 2220
413 1341
414 3169
416 1634
416 3340
417 2782
420 2787
421 916
421 2390
421 3880
422 3055
422 3960
423 796
423 3012
423 4044
424 114
424 489
425 1753
425 3735
427 2238
427 2462
427 2576
429 180
429 2731
429 3716
430 646
432 844
432 1146
432 3731
433 48
433 49
434 3290
435 855
435 4032
435 4189
436 2013
440 3692
442 2910
443 881
444 1928
445 51
445 1265
446 887
447 2120
447 3577
448 106
448 2476
448 3521
449 1092
449 1518
450 2577
451 1906
451 2601
452 322
454 3377
457 3779
458 1646
458 3588
459 85
461 622
462 1187
462 3815
463 732
463 1139
464 2667
465 1299
465 2801
466 51
468 1551
468 3171
472 48
472 591
472 3017
473 593
473 1649
473 1822
474 773
474 1736
475 2135
476 3542
478 452
478 1707
478 2026
480 1126
481 35
481 2778
483 813
483 3351
485 3500
485 4035
485 4064
486 86
486 209
486 1172
487 22
488 93
489 1070
489 4127
490 2250
492 2333
492 3287
493 4218
494 236
494 424
494 3970
495 1672
495 3775
497 717
498 687
501 523
501 2229
501 3220
502 355
502 1808
502 2722
503 3084
504 2924
504 3312
505 3519
507 3168
507 4231
508 3176
509 951
510 135
510 2548
511 307
511 1066
512 262
512 536
515 2325
515 4055
517 4013
519 558
520 2760
521 1802
523 3031
525 3631
526 2735
528 4197
529 145
529 1328
530 2058
531 3974
533 1168
533 3043
536 1595
537 755
538 2298
538 3795
542 2410
543 3345
544 2474
545 838
546 1496
546 2477
547 3748
547 3875
548 3807
549 2575
551 2549
553 797
553 1988
554 1089
554 2137
554 2273
555 1283
555 3244
557 938
557 3612
559 1893
563 868
563 1270
563 1480
564 2423
564 3827
566 3155
567 3675
568 1249
568 1792
568 3392
569 35
569 435
570 2432
572 1029
574 3796
578 2271
578 2532
579 1244
580 3409
580 4229
582 3290
585 2042
587 1926
588 509
588 3349
589 2424
589 2839
590 583
590 2975
591 4164
592 547
592 3007
593 871
593 1223
595 990
595 3863
598 2036
599 1284
599 3045
600 1308
601 232
604 1023
605 1322
605 3267
606 3869
606 3923
607 2669
609 105
609 4006
610 1477
610 2007
611 31
611 2453
611 4180
615 814
615 1831
615 2300
615 2785
616 238
619 1862
623 1837
624 1424
627 1343
628 809
628 3988
629 2379
631 1433
631 3812
632 3397
633 293
633 1089
634 3479
635 1938
636 944
636 2540
639 1300
639 2643
639 3582
640 2380
641 80
642 633
642 1254
642 3067
642 3393
643 2380
644 655
645 2538
646 1993
646 3257
647 1315
647 3017
649 1118
650 472
650 543
650 4231
651 158
651 4162
652 289
652 2019
652 3008
654 3840
654 4155
657 2665
657 2926
658 314
658 3253
659 2000
659 3393
659 3906
661 2582
661 4002
663 1093
663 3167
664 2093
665 142
665 776
665 1228
666 895
667 700
668 430
668 1736
668 3737
669 81
670 3398
672 1128
674 475
675 2884
675 4207
676 1302
678 3313
681 1244
681 4221
683 3139
684 3448
685 332
685 1726
686 669
688 1688
688 1946
689 2144
690 1374
690 3840
692 1995
692 2698
694 873
694 1129
694 2331
696 925
697 1428
697 2954
700 179
703 2173
703 2886
704 3746
707 3345
708 928
708 1463
708 2352
708 2634
709 825
709 2341
710 1755
711 149
711 3672
712 397
712 3887
713 1629
714 1398
717 562
717 3516
720 972
720 3395
720 3518
721 1874
723 3941
723 4102
725 703
727 2050
727 3442
730 1313
732 1917
733 3106
738 3649
740 948
742 2753
743 393
744 533
745 4067
746 1192
746 4164
747 1542
748 400
750 113
750 3262
751 3489
751 3498
752 274
753 2110
754 1913
754 4049
756 1589
756 2711
756 3634
758 273
759 2694
760 4059
763 2901
765 31
765 1528
765 3540
766 2606
767 1248
768 1090
768 1785
769 3929
771 2469
772 202
772 766
772 3378
774 1296
774 3994
774 4061
776 6
778 1698
778 2226
778 3901
779 1407
780 375
781 66
781 3271
782 4178
783 1347
786 1187
788 2920
788 2936
789 2674
789 3507
790 583
790 1424
790 2523
790 3768
791 1644
791 3649
792 1897
794 301
795 4171
796 3443
797 2537
797 3871
798 112
798 4058
800 1028
803 3406
803 4247
804 4024
805 990
805 2578
807 1264
808 1461
808 3531
808 3918
808 4088
811 632
812 4155
813 2934
814 31
814 1689
816 1705
821 3185
821 4053
823 2422
823 3146
826 3306
827 1349
828 1766
828 2887
830 1430
830 1795
832 1336
835 50
836 3609
838 691
838 3950
843 2998
843 3481
844 570
848 1610
849 1102
849 3812
850 1782
850 2212
850 3289
851 2557
855 1365
857 2646
858 1939
860 3175
861 898
862 235
864 1338
865 56
867 1263
868 623
869 2141
873 498
874 1921
875 3636
876 2218
877 3324
878 1369
880 1556
880 1595
880 2501
882 3916
883 3080
885 1184
885 2202
885 3150
886 664
888 2492
889 2231
890 577
891 221
892 2423
894 85
894 3534
895 587
896 2847
896 2904
897 522
897 3256
901 1173
902 3991
906 2265
906 2552
906 3535
907 3577
909 3743
911 1558
911 2104
912 1298
913 1771
914 4181
916 2895
916 3006
917 373
920 2640
922 2
922 1477
923 1334
923 2845
923 3305
923 3962
925 2479
926 2290
927 2804
928 2142
930 2865
932 2561
933 268
933 3711
934 1547
934 2848
935 218
936 1655
936 2782
937 370
937 2032
939 3153
946 3925
947 1333
949 593
949 748
949 988
950 3815
951 3185
954 1159
954 2457
954 3608
955 1350
955 3786
958 3660
958 4082
959 2135
960 745
962 2707
966 3275
967 783
968 4
968 427
968 841
974 205
974 3507
975 870
975 3070
976 73
977 3094
979 4228
980 2545
981 291
981 798
981 1386
983 1865
983 3298
983 3522
984 2720
986 2271
986 3668
987 565
989 1490
990 759
990 2130
991 754
992 103
992 1949
992 1990
992 3817
993 511
993 2421
994 287
995 2851
995 3079
995 3131
996 2285
996 2624
997 3134
999 855
1000 225
1002 3220
1003 2987
1004 2302
1005 330
1007 1411
1007 3979
1008 3639
1010 818
1013 1806
1013 2992
1014 2632
1014 3266
1015 1603
1018 1794
1018 2161
1018 2641
1019 1679
1019 1860
1019 2790
1019 4027
1020 232
1021 33
1021 3137
1022 2038
1023 3985
1025 2577
1026 1622
1026 2344
1027 2645
1029 3088
1029 3310
1032 323
1032 2709
1033 898
1033 957
1033 2044
1033 2488
1033 2712
1035 3644
1036 3114
1036 3213
1037 3629
1039 62
1039 4171
1041 3286
1041 4048
1044 692
1044 3042
1046 1828
1051 1335
1052 1847
1055 795
1055 1829
1056 1365
1057 1784
1057 3167
1059 2292
1060 3021
1064 2983
1064 4085
1065 689
1065 3088
1065 3153
1065 4009
1066 1608
1067 1940
1067 3649
1068 3923
1069 2177
1069 3496
1069 3635
1071 210
1071 2423
1072 3818
1075 2855
1076 1733
1076 4205
1077 3266
1078 1257
1078 1265
1080 3418
1080 3697
1080 4195
1081 2968
1082 436
1082 859
1082 2130
1083 2122
1084 168
1086 1249
1087 1074
1087 2023
1087 2843
1088 1686
1089 2107
1089 2408
1091 2573
1091 3608
1091 3711
1093 2354
1093 4007
1095 2122
1096 691
1097 545
1097 1452
1097 4114
1099 899
1100 3666
1102 3196
1103 94
1103 392
1103 2024
1105 181
1105 1135
1106 729
1107 4090
1110 4193
1111 533
1112 143
1112 664
1112 3554
1113 2534
1114 228
1114 437
1116 1486
1117 747
1121 1275
1123 294
1123 2897
1123 3060
1124 2895
1124 3987
1125 1870
1125 3841
1127 3955
1128 2979
1129 4024
1131 1281
1131 1854
1132 680
1132 3695
1133 271
1133 3979
1134 2683
1137 206
1141 619
1141 1144
1142 1219
1144 1629
1144 4223
1149 2979
1149 3514
1151 174
1152 1844
1152 3409
1153 2855
1154 1439
1155 3669
1156 2924
1159 2168
1159 3010
1160 694
1162 991
1162 1193
1166 2337
1167 2290
1167 3082
1167 4119
1170 4113
1171 2536
1171 3476
1173 2730
1174 2060
1177 757
1177 2051
1178 1304
1179 1035
1182 1203
1184 1385
1184 2266
1184 2705
1185 2339
1186 523
1186 2011
1187 1891
1187 3597
1187 3812
1188 712
1188 3117
1190 2591
1191 2109
1194 1172
1196 67
1196 293
1196 1421
1198 1160
1198 2999
1200 319
1200 1894
1200 3987
1201 1941
1201 4213
1202 613
1203 1478
1203 3178
1204 937
1205 697
1206 41
1207 2045
1207 2537
1208 659
1208 1665
1208 3555
1209 156
1209 872
1210 78
1210 2044
1211 505
1213 3915
1215 702
1215 2491
1215 3559
1217 3794
1218 526
1218 940
1218 3078
1218 4235
1219 2805
1219 3452
1220 561
1220 739
1220 3349
1221 1384
1221 3855
1222 2755
1222 3625
1223 232
1224 2716
1225 1086
1227 1523
1228 290
1229 465
1229 1163
1229 2637
1231 3323
1233 3421
1235 1004
1236 3675
1237 3048
1238 2571
1238 2718
1242 197
1243 812
1243 3156
1244 4142
1245 1588
1246 3262
1247 151
1247 789
1247 4091
1248 4038
1249 2894
1250 1209
1251 945
1251 3240
1252 326
1253 1029
1254 3327
1254 3768
1257 1519
1258 1874
1259 368
1260 300
1260 2828
1260 4244
1261 1122
1261 1548
1261 1974
1261 2312
1264 2398
1266 3
1267 1925
1268 896
1268 3179
1269 1614
1269 4200
1270 1766
1270 2413
1272 2955
1272 3671
1273 625
1274 2422
1275 1069
1275 1317
1275 3352
1276 4157
1284 3732
1285 363
1286 202
1286 2319
1287 745
1288 2628
1289 2094
1291 2568
1291 3325
1292 3347
1292 3828
1294 3974
1295 1117
1295 2755
1296 1798
1296 4049
1297 910
1297 2908
1298 1663
1298 2595
1301 556
1301 3330
1304 967
1304 2190
1304 2416
1304 3108
1306 1431
1306 3169
1307 3540
1308 4223
1311 2262
1312 3048
1314 1317
1314 2344
1316 3723
1316 3974
1316 4015
1318 2266
1320 614
1322 325
1324 553
1324 1746
1324 3416
1325 361
1325 2226
1326 3485
1327 1369
1327 2141
1328 799
1328 3195
1329 2525
1330 1246
1330 1968
1333 2214
1334 3605
1335 1919
1335 3079
1339 1701
1341 1731
1342 454
1343 3749
1347 1480
1348 237
1350 2604
1350 3037
1351 2373
1352 859
1352 2546
1354 1233
1354 1393
1354 2350
1355 1287
1355 2748
1356 1875
1356 2704
1356 3521
1356 3972
1357 1079
1361 1137
1363 166
1368 569
1369 3403
1371 3008
1372 2492
1373 269
1373 1022
1373 2316
1373 3229
1374 467
1374 599
1374 1457
1376 745
1376 3757
1378 3222
1380 3793
1381 2225
1381 3775
1382 1092
1382 3457
1383 3991
1384 453
1384 2956
1385 1254
1385 2844
1386 145
1387 1439
1387 2578
1388 278
1388 481
1388 1125
1388 2069
1389 1799
1389 2597
1389 3388
1391 341
1391 1553
1393 3647
1393 4187
1395 1622
1396 3261
1397 4212
1399 3345
1400 1152
1401 1956
1403 196
1403 2788
1403 3179
1403 4162
1405 1255
1406 3022
1407 396
1407 1791
1407 2001
1407 3083
1408 2625
1411 3602
1412 283
1412 1538
1413 1191
1414 463
1416 2619
1417 370
1417 2057
1417 3740
1418 3674
1419 3766
1421 522
1421 782
1421 1258
1423 4166
1425 3834
1426 2039
1428 974
1429 2902
1430 1410
1430 2738
1432 2507
1432 2536
1433 788
1433 1401
1435 2792
1435 2818
1437 3740
1438 1410
1441 522
1442 1991
1442 2994
1443 1789
1444 3998
1445 3674
1445 3827
1448 1492
1452 384
1453 2614
1454 268
1454 830
1454 2398
1456 2184
1456 3748
1457 4121
1458 1376
1458 1398
1459 346
1459 1547
1460 375
1463 1682
1463 2181
1464 617
1464 3695
1465 108
1465 3385
1466 484
1466 835
1466 1929
1466 2699
1466 4203
1468 747
1469 1057
1469 1903
1471 1085
1475 2564
1476 672
1479 412
1479 3056
1480 2826
1480 3867
1480 3870
1481 31
1481 1373
1481 1974
1481 2782
1482 3536
1483 2100
1484 1744
1486 314
1487 3098
1489 4127
1496 1626
1500 1205
1502 1170
1503 1578
1503 3919
1504 889
1505 3797
1506 2677
1507 2478
1508 2114
1508 3965
1509 613
1509 2464
1509 2753
1509 3264
1509 3630
1511 287
1511 2471
1512 3356
1512 3977
1513 1978
1515 3338
1515 3547
1515 3623
1518 1235
1518 2051
1520 231
1521 1846
1521 2085
1522 1243
1524 2796
1526 2399
1526 4220
1528 1510
1529 12
1530 2734
1530 3535
1533 2812
1536 693
1536 1977
1538 1007
1539 3349
1540 3689
1543 1143
1545 2343
1545 3866
1546 3764
1549 171
1550 378
1550 918
1551 1906
1551 1952
1553 1938
1553 2870
1558 629
1561 1675
1562 2129
1563 318
1563 1275
1563 2238
1564 1836
1565 1101
1568 519
1568 3288
1569 1941
1570 1448
1571 22
1571 3128
1572 2696
1572 3485
1573 144
1574 971
1576 4227
1577 442
1577 2055
1579 875
1579 2951
1580 2633
1580 3561
1580 3850
1585 3547
1586 3238
1589 2947
1590 747
1590 3167
1591 1359
1593 895
1593 1661
1594 711
1596 708
1596 2531
1597 723
1597 1717
1597 4163
1598 328
1598 3262
1600 3716
1602 3211
1604 1461
1604 2938
1604 3538
1608 1917
1609 831
1609 1494
1610 1744
1613 3576
1614 904
1614 1971
1615 136
1615 1063
1617 1719
1617 2127
1618 693
1618 1791
1620 1288
1620 2568
1621 4033
1622 674
1622 1343
1623 2029
1624 703
1624 3955
1625 3792
1628 1441
1628 2762
1630 2696
1632 889
1632 3734
1632 3756
1633 352
1633 3810
1633 4217
1634 3748
1636 3910
1638 2432
1641 30
1641 4122
1642 801
1642 2257
1642 2720
1643 3381
1643 3386
1644 1349
1646 924
1646 2052
1647 3926
1648 2163
1650 3744
1651 249
1651 3530
1651 3780
1652 2250
1653 1091
1655 25
1655 2506
1655 3670
1656 2332
1656 2335
1657 341
1657 1946
1658 3803
1659 586
1661 1215
1662 1090
1665 500
1666 2845
1666 3314
1667 2821
1667 3777
1668 601
1668 3228
1669 985
1669 1296
1669 3089
1673 33
1673 1155
1673 1860
1674 4091
1675 548
1677 1119
1678 1558
1679 2618
1680 2795
1680 3990
1681 1137
1681 1495
1682 1864
1682 4224
1683 1605
1683 3834
1684 447
1684 798
1688 3671
1689 3360
1690 2549
1691 260
1692 652
1692 2734
1692 3014
1693 293
1693 2790
1693 4082
1696 1301
1696 1418
1698 847
1699 974
1700 531
1701 3362
1702 2679
1703 1283
1705 3072
1705 3508
1706 490
1706 2740
1708 431
1709 1453
1713 173
1713 1214
1713 3112
1717 375
1717 495
1717 501
1717 2582
1717 4038
1718 3382
1719 772
1719 1437
1719 2739
1719 3971
1721 2371
1721 3315
1723 3824
1726 1808
1726 1860
1727 3623
1728 1234
1728 3611
1729 945
1730 1806
1730 3608
1731 1857
1732 945
1732 2712
1734 288
1734 2090
1736 2080
1738 1520
1738 3480
1739 1669
1739 2258
1739 3165
1740 53
1740 789
1740 1517
1740 2645
1741 1791
1742 447
1746 4023
1747 4162
1750 441
1751 1032
1752 1600
1755 1561
1755 2400
1758 3741
1760 479
1760 3633
1762 1248
1762 2237
1764 2609
1764 3487
1765 3231
1766 270
1771 1191
1771 3707
1773 3
1774 732
1774 1492
1779 2582
1780 2742
1780 3796
1782 3509
1783 2382
1786 357
1786 2758
1787 1122
1788 316
1788 1092
1788 2347
1792 858
1792 3477
1792 3587
1792 4186
1793 42
1793 286
1794 34
1794 3356
1794 3657
1795 1830
1795 3278
1796 610
1797 486
1799 2718
1800 4034
1801 440
1803 1139
1803 3405
1806 1873
1808 2706
1809 3934
1810 2734
1812 1277
1814 4087
1815 145
1817 889
1817 1994
1820 998
1820 3463
1821 1676
1821 1720
1823 2009
1825 3423
1827 2027
1828 1504
1828 3681
1829 4038
1832 1762
1832 2648
1833 4136
1835 389
1838 455
1838 534
1838 1270
1841 1716
1844 815
1844 2733
1845 299
1845 3611
1848 2830
1849 771
1853 3057
1854 972
1854 2497
1855 4080
1858 2239
1859 3899
1860 916
1862 3845
1863 1316
1865 2385
1865 2533
1866 74
1867 563
1869 64
1869 443
1869 1236
1870 286
1870 868
1870 3720
1872 603
1872 2878
1876 3091
1876 4146
1877 1393
1877 2731
1878 1283
1879 181
1879 859
1879 1934
1884 386
1884 651
1885 696
1886 1685
1886 2495
1887 1644
1887 2217
1888 37
1888 2450
1890 1608
1891 403
1892 1273
1893 2628
1894 890
1895 2424
1895 2552
1900 660
1900 2142
1900 2351
1901 364
1905 1104
1905 3874
1907 2986
1908 2652
1908 4193
1909 908
1910 1922
1911 1779
1912 1769
1913 1909
1915 2539
1917 1648
1919 870
1919 1021
1921 3455
1921 3873
1922 1400
1922 4163
1924 3441
1924 3652
1926 972
1926 3759
1927 92
1930 1384
1932 119
1932 2265
1933 839
1933 3529
1936 424
1936 2856
1938 3089
1939 1585
1940 723
1940 2567
1940 3547
1941 114
1942 4186
1942 4203
1943 2093
1943 3114
1943 3228
1945 2670
1946 803
1948 2353
1948 3818
1950 3679
1951 1828
1952 3899
1953 1556
1954 407
1954 3655
1958 2393
1959 119
1959 471
1960 616
1961 1489
1963 3337
1964 986
1964 3475
1965 924
1965 3753
1966 2692
1967 2377
1967 3251
1967 4242
1969 1787
1969 3589
1969 3726
1970 1939
1970 2398
1971 45
1971 2622
1972 2084
1972 3108
1976 299
1976 2677
1977 2549
1977 3289
1980 379
1980 3779
1982 470
1982 2746
1982 2797
1982 3398
1983 468
1983 960
1983 2003
1984 1407
1985 3401
1989 2567
1989 4045
1990 853
1991 856
1991 2353
1992 3574
1994 664
1995 166
1998 1797
2000 1643
2000 2967
2000 3982
2004 792
2006 1750
2008 404
2011 2343
2013 1275
2013 1512
2013 3333
2014 1249
2015 1431
2015 3555
2016 3718
2018 2148
2019 3219
2021 387
2022 2097
2022 2174
2024 631
2024 1654
2024 3486
2025 2773
2027 737
2027 2553
2027 2789
2028 1332
2028 2540
2029 1920
2033 4117
2034 567
2034 4078
2041 1208
2041 3956
2042 1348
2043 3821
2044 223
2045 731
2046 3602
2048 3039
2049 2469
2049 4186
2051 558
2051 2204
2052 1896
2053 4183
2054 1191
2054 1225
2054 3657
2057 537
2060 922
2060 968
2060 4028
2062 3501
2063 531
2063 3030
2066 1942
2068 640
2068 3835
2069 3357
2071 1259
2073 3293
2074 613
2074 2185
2074 2420
2075 1820
2078 2818
2079 585
2079 2098
2079 2795
2080 992
2085 3495
2086 2734
2088 1420
2090 1650
2090 3208
2091 3093
2091 3121
2092 1478
2094 2629
2094 2977
2095 1960
2095 2163
2096 758
2096 860
2097 344
2098 3005
2098 3953
2099 2889
2101 537
2103 1238
2104 1120
2105 658
2107 3186
2110 1555
2111 1065
2111 1915
2112 795
2112 1583
2113 1840
2115 718
2115 3000
2116 1798
2116 2280
2118 2944
2119 324
2119 325
2119 511
2119 3172
2120 190
2120 351
2120 2278
2120 4187
2123 1173
2125 1897
2126 971
2130 728
2130 1471
2130 1996
2130 3490
2133 550
2135 1754
2135 2048
2135 4039
2136 3
2136 3812
2137 4187
2138 1489
2138 2581
2139 1853
2140 1899
2141 1128
2141 1523
2141 2628
2141 4052
2142 2690
2143 481
2144 261
2147 1152
2147 1243
2147 1791
2148 164
2149 2783
2150 1793
2151 1821
2152 2156
2152 3201
2153 1139
2153 1512
2154 1654
2155 1060
2155 2405
2155 3659
2156 871
2158 544
2158 2107
2158 2641
2159 3046
2160 2806
2161 1607
2162 310
2162 2122
2163 674
2163 1574
2163 1691
2165 489
2168 463
2168 3448
2169 3300
2170 351
2170 973
2170 1610
2172 1116
2172 1727
2173 1064
2174 2481
2174 3795
2175 4028
2177 1117
2177 1984
2177 3603
2178 366
2178 830
2180 664
2180 2519
2181 43
2181 2322
2182 720
2183 3518
2187 783
2187 3722
2188 1571
2189 672
2189 783
2189 3153
2191 1929
2191 2563
2191 4117
2194 2088
2195 1004
2195 1698
2195 2364
2196 530
2196 662
2196 3128
2197 104
2197 111
2197 818
2197 3200
2198 3350
2198 3352
2200 3347
2200 4190
2201 300
2208 124
2208 2083
2208 3782
2208 4241
2211 1565
2211 2000
2211 2631
2211 2793
2211 3689
2213 462
2213 1983
2213 2182
2216 1149
2217 697
2224 4077
2226 3339
2227 3754
2228 3059
2228 4118
2229 3718
2230 3144
2231 780
2231 1521
2231 3454
2232 563
2232 2757
2232 3937
2235 3640
2236 248
2236 2524
2236 2852
2237 418
2238 786
2239 789
2239 1628
2241 2905
2242 2314
2243 336
2243 3940
2245 904
2245 1695
2245 2254
2245 3826
2246 1899
2247 3740
2248 935
2250 19
2251 2632
2252 1030
2253 1594
2254 4109
2255 3947
2256 989
2257 177
2257 1937
2258 3285
2258 3293
2262 3087
2265 1217
2270 1292
2272 267
2272 3979
2274 2431
2275 3938
2275 4030
2276 1586
2276 1764
2276 3218
2277 470
2277 1326
2280 1386
2281 1649
2282 2162
2282 2475
2283 455
2285 2517
2287 219
2289 1525
2290 981
2291 3707
2292 3583
2292 3959
2293 588
2295 1422
2296 1794
2297 3994
2297 4208
2298 3678
2299 835
2299 1077
2299 2416
2299 2883
2300 3272
2304 53
2305 1713
2307 3368
2309 2018
2309 2295
2312 3677
2313 2634
2314 1242
2314 1245
2315 598
2315 2213
2316 1017
2317 2258
2317 3859
2318 2534
2319 336
2319 2547
2320 234
2320 1707
2322 986
2322 997
2323 2904
2325 3407
2326 4231
2329 343
2329 2563
2331 161
2333 2222
2336 1073
2336 1593
2336 3245
2339 1234
2339 3658
2340 1075
2343 2650
2343 3985
2344 3337
2348 103
2348 244
2348 2269
2349 2289
2350 512
2351 232
2351 256
2351 627
2351 1204
2352 1824
2352 2618
2353 1
2355 372
2356 2553
2356 3435
2361 1863
2361 2189
2361 4245
2364 3818
2364 3872
2365 1792
2366 2446
2366 3027
2367 1416
2367 2301
2367 3958
2368 2238
2373 429
2373 4161
2374 3886
2375 2477
2376 3932
2378 1817
2378 1837
2378 4000
2379 84
2381 984
2381 2598
2381 2676
2381 3698
2383 1073
2385 1989
2386 1639
2388 3191
2390 4184
2391 4042
2393 580
2394 1075
2394 3929
2395 2575
2395 2665
2395 3315
2398 2351
2399 1101
2399 2847
2400 2350
2402 2996
2402 4085
2403 3094
2405 2562
2406 3373
2408 467
2408 730
2408 1202
2408 1712
2410 2598
2410 2839
2413 2290
2414 3135
2414 3904
2415 4018
2417 1994
2417 4086
2418 405
2418 921
2420 4215
2422 3118
2423 95
2423 1264
2425 36
2426 900
2426 2209
2426 2935
2427 3368
2429 3369
2430 3154
2431 645
2432 1476
2432 2031
2433 3405
2433 3471
2438 2094
2438 3968
2439 2919
2440 737
2441 3445
2443 1946
2443 2940
2444 92
2444 1153
2444 1199
2444 1627
2444 3756
2448 2180
2448 2956
2449 497
2449 1387
2450 2897
2452 369
2452 2601
2453 117
2453 419
2453 1900
2453 3733
2457 2152
2458 2702
2459 1435
2463 3328
2466 3768
2468 2264
2468 4138
2470 3342
2472 157
2473 3277
2473 4198
2474 3368
2476 3045
2477 1933
2478 922
2481 566
2481 1136
2481 2280
2482 4108
2483 1425
2485 3197
2486 1761
2493 2653
2493 3002
2493 3954
2494 483
2494 2960
2495 899
2496 1199
2497 430
2498 686
2499 636
2499 2268
2499 3157
2502 3945
2503 1390
2504 2364
2505 3269
2506 967
2507 2942
2508 1085
2508 4200
2509 2838
2511 208
2511 296
2512 698
2513 1736
2514 119
2515 1242
2515 1938
2516 1218
2518 2719
2520 2234
2522 3704
2523 3554
2524 412
2525 1402
2527 1302
2528 1990
2528 3747
2530 2702
2531 504
2531 3080
2531 3105
2532 2401
2533 2567
2534 1043
2534 1133
2536 3186
2536 3599
2537 1075
2538 2397
2538 3641
2538 4133
2539 1742
2540 1289
2541 463
2541 1981
2542 297
2543 790
2544 2740
2546 2602
2546 3967
2548 800
2548 1389
2549 377
2549 1014
2550 2006
2551 2004
2552 4013
2553 441
2555 1086
2556 92
2558 2512
2560 2087
2560 2367
2560 2778
2560 3579
2562 280
2562 596
2562 672
2563 2745
2563 3816
2564 1234
2564 3115
2565 2718
2566 1033
2567 3618
2568 3437
2569 1204
2570 3134
2572 3085
2572 3991
2573 2367
2575 543
2575 2033
2575 2614
2576 726
2577 4177
2581 3344
2583 3219
2583 3698
2584 2253
2585 175
2585 1172
2586 1993
2586 3296
2587 1325
2587 4171
2588 2959
2589 12
2590 1721
2590 3035
2593 1633
2595 78
2596 2119
2596 2136
2596 3752
2598 3884
2598 3914
2599 3193
2600 2594
2603 2894
2604 104
2604 2609
2604 2784
2604 2858
2605 3755
2606 3024
2607 1987
2607 2449
2608 2240
2608 2425
2608 2502
2609 811
2610 710
2610 3624
2613 3578
2614 2543
2614 4162
2615 2033
2615 2100
2616 2354
2618 758
2622 430
2622 1840
2622 2615
2623 1561
2625 3531
2631 2383
2635 343
2635 701
2635 2640
2637 2133
2638 714
2638 4072
2640 2715
2642 3456
2645 1538
2646 1351
2648 3239
2648 3932
2649 3848
2650 203
2650 3509
2651 4176
2652 697
2653 1870
2658 2107
2660 205
2661 2023
2661 2765
2664 3766
2665 3349
2666 936
2666 2096
2667 2534
2669 528
2669 2896
2672 310
2672 3317
2672 3716
2673 455
2673 2957
2675 223
2675 2432
2677 2068
2678 23
2678 2317
2681 1809
2682 2721
2682 3282
2684 2121
2686 1821
2688 845
2688 2441
2689 1329
2690 1780
2690 4188
2691 282
2691 662
2691 883
2691 3951
2692 1657
2692 2732
2693 1822
2694 1956
2695 2372
2695 2406
2696 1208
2696 4227
2698 390
2700 2099
2700 2830
2700 3565
2702 1022
2703 767
2703 2655
2703 4019
2704 1304
2704 3074
2704 3237
2705 1714
2705 3779
2706 337
2706 2249
2707 84
2707 1763
2707 2509
2710 292
2710 3984
2711 2538
2712 1832
2714 349
2714 3588
2715 1163
2715 3375
2715 3619
2716 1141
2717 779
2718 595
2719 2324
2721 3897
2722 775
2722 1443
2726 209
2726 1614
2727 3183
2728 3318
2729 725
2729 915
2729 2515
2730 3152
2731 3712
2732 1802
2733 1130
2733 3823
2734 1065
2736 3425
2738 4119
2740 618
2742 381
2743 610
2743 3861
2744 1417
2744 2816
2745 1036
2745 2106
2745 4067
2746 1662
2746 3377
2746 4245
2747 316
2748 3762
2749 303
2749 2631
2752 2740
2754 1272
2756 2453
2756 2967
2758 3406
2758 4204
2763 225
2764 2998
2766 3068
2767 902
2767 4094
2768 1841
2770 3517
2771 998
2772 3283
2772 3379
2773 1276
2773 1522
2773 2358
2775 568
2775 4086
2777 1527
2778 2818
2780 398
2784 1208
2784 1692
2784 2984
2788 549
2788 1683
2790 296
2790 1045
2790 2562
2790 4188
2791 627
2791 898
2791 1690
2792 2076
2793 2518
2793 3165
2794 87
2794 1753
2794 1859
2796 1143
2797 2864
2798 1576
2798 1890
2799 1284
2799 1750
2799 3336
2799 3805
2800 210
2802 2213
2803 3296
2806 1645
2807 4237
2808 1683
2808 2460
2814 1615
2815 2386
2818 2295
2820 130
2820 1847
2821 817
2822 448
2823 3510
2825 603
2828 365
2828 1853
2828 2347
2830 2237
2831 3836
2832 3384
2833 2358
2833 2443
2833 3411
2836 1189
2836 3045
2836 4146
2837 2056
2837 2944
2840 2877
2840 3751
2843 1398
2843 4183
2846 175
2846 2726
2846 3857
2847 1653
2848 3301
2848 4046
2850 2198
2852 1001
2853 2888
2853 3545
2858 3372
2859 1334
2859 1799
2861 913
2862 3308
2863 1652
2864 760
2864 2323
2864 3667
2865 516
2867 1573
2867 3843
2868 1989
2868 2979
2869 83
2869 1334
2871 431
2871 1542
2871 3861
2873 322
2874 1392
2875 3341
2876 915
2876 3948
2878 4130
2879 1448
2880 2425
2881 4008
2885 1942
2885 3725
2886 1959
2887 4004
2888 1391
2888 3029
2891 606
2891 2505
2892 1805
2892 1922
2893 1996
2894 338
2894 1613
2896 696
2898 3037
2899 2206
2900 1335
2900 4075
2901 795
2902 577
2902 2873
2902 3929
2903 2417
2905 2977
2907 2861
2908 3581
2909 2243
2911 1236
2914 2547
2915 3287
2917 2502
2918 2437
2918 3263
2918 3352
2918 3369
2922 1188
2923 2975
2924 169
2924 376
2925 578
2925 1769
2925 3112
2926 2858
2927 3692
2928 3951
2929 107
2929 3652
2930 1692
2930 3650
2930 3934
2932 2631
2934 131
2934 1297
2934 3101
2934 4215
2935 2670
2937 850
2937 2072
2938 3918
2940 1733
2944 2953
2946 845
2946 2385
2946 3693
2947 3992
2948 845
2948 4182
2949 2677
2951 2593
2951 4228
2952 2423
2953 2354
2954 716
2954 738
2954 4151
2957 418
2958 1356
2959 2711
2961 3275
2962 2388
2965 516
2965 3156
2965 3186
2965 4172
2965 4213
2967 640
2968 2616
2970 3883
2972 2578
2973 3198
2974 967
2974 1377
2974 2127
2975 1453
2975 1796
2977 3236
2978 3124
2979 2976
2980 1981
2981 3425
2983 597
2983 1092
2983 2147
2985 407
2985 1206
2985 2915
2985 3793
2987 2950
2987 3364
2988 4074
2989 4002
2990 157
2990 1641
2990 2350
2992 2067
2993 911
2993 1973
2994 1905
2994 2671
2997 3288
2998 701
3001 14
3001 3281
3001 3400
3002 912
3002 1298
3003 3937
3004 3458
3005 1028
3007 3177
3008 1745
3008 3130
3009 764
3009 1734
3010 593
3013 125
3013 1784
3013 2746
3014 1135
3015 2660
3015 3685
3017 3708
3018 4140
3021 4002
3021 4005
3024 1046
3024 2600
3024 2668
3025 2848
3027 4064
3029 1186
3030 112
3030 1002
3036 573
3037 3150
3038 1009
3038 4095
3039 963
3040 2389
3042 2746
3043 31
3043 686
3043 1241
3044 1667
3044 2522
3045 3340
3045 3630
3047 3197
3048 3718
3051 1929
3052 960
3052 3717
3053 2284
3054 773
3054 1020
3054 2113
3055 736
3056 173
3056 619
3057 666
3057 958
3058 687
3061 3735
3062 643
3065 2005
3067 563
3067 3139
3068 949
3068 973
3068 2035
3068 3804
3069 1231
3069 4048
3070 865
3071 1449
3072 17
3074 1445
3074 2754
3075 1501
3075 1684
3075 3102
3077 3849
3078 873
3078 1322
3079 295
3079 3543
3080 80
3083 2974
3084 393
3084 1962
3087 2034
3088 436
3088 739
3089 3119
3089 3237
3090 2435
3092 1336
3092 2650
3093 610
3093 1556
3094 1692
3095 4089
3096 473
3096 932
3097 67
3098 2193
3098 2411
3098 3108
3099 732
3099 1403
3099 3120
3100 325
3100 823
3100 855
3103 2941
3104 1285
3104 3636
3105 2447
3106 3758
3107 3212
3107 3753
3108 1814
3111 1599
3111 2292
3111 3595
3112 256
3112 1777
3112 3726
3113 15
3114 1998
3117 107
3117 1865
3119 2784
3121 184
3122 1843
3122 3917
3123 1123
3125 1449
3125 2167
3126 3039
3129 683
3129 2297
3129 2830
3130 1245
3131 1887
3132 4052
3133 1254
3133 1784
3133 1838
3133 2220
3133 2311
3134 2070
3136 886
3137 1741
3137 3504
3138 3351
3141 3959
3142 949
3145 2544
3145 3684
3148 893
3149 1969
3149 3207
3151 233
3151 1912
3151 2097
3152 780
3152 2129
3152 2656
3153 1118
3153 2638
3153 2652
3153 3473
3154 366
3156 777
3156 916
3156 2856
3158 3324
3159 752
3159 3321
3159 3368
3160 1191
3161 2013
3161 3779
3161 4068
3162 780
3162 1688
3162 2716
3164 1411
3164 3335
3166 353
3167 159
3167 1114
3168 1253
3168 3980
3169 2176
3170 2136
3171 3337
3172 269
3173 2636
3173 2804
3177 1349
3178 4089
3179 1220
3179 3669
3180 324
3180 3809
3180 4102
3181 4217
3182 3027
3184 118
3184 1357
3185 4088
3186 2590
3186 3926
3187 3691
3190 1942
3190 3554
3192 1695
3192 3624
3193 3323
3194 832
3194 3556
3194 4207
3195 2597
3195 2616
3199 3567
3199 3771
3202 379
3203 2055
3205 1599
3208 1778
3209 309
3209 444
3209 1737
3209 3419
3210 1111
3210 2476
3210 3269
3212 2767
3212 3091
3214 2991
3214 3313
3215 73
3216 543
3216 3619
3218 1857
3218 3131
3218 3333
3218 3810
3220 1238
3221 1624
3221 2587
3222 1165
3227 2458
3227 3110
3228 1428
3228 1818
3229 3763
3230 500
3230 3340
3231 2169
3232 2149
3232 3466
3232 3733
3233 498
3234 183
3235 1673
3235 2219
3236 4223
3240 785
3241 509
3242 2062
3242 2644
3245 739
3245 1173
3245 2198
3246 2178
3247 1011
3250 228
3251 753
3251 3830
3252 3765
3253 1514
3253 1671
3253 2728
3254 1070
3254 4021
3254 4201
3255 4093
3256 38
3256 1548
3256 1964
3258 174
3259 559
3259 959
3261 2267
3261 3495
3263 848
3264 2798
3267 1277
3268 1271
3269 1983
3269 3233
3270 2983
3271 1844
3272 3397
3274 817
3276 2712
3277 1229
3278 250
3280 1799
3282 874
3282 1220
3284 474
3284 1568
3284 1901
3285 1652
3285 3376
3287 344
3287 376
3288 2646
3289 2410
3290 297
3291 4227
3292 2452
3294 1501
3295 2898
3297 2983
3298 3712
3298 3867
3300 807
3300 2825
3301 12
3301 2609
3301 3518
3302 4052
3303 2208
3305 1807
3308 419
3311 1361
3311 1736
3313 1691
3314 1311
3314 1667
3314 2301
3316 1584
3316 3282
3316 3435
3317 1039
3317 4095
3320 2720
3321 225
3321 359
3322 725
3322 2727
3324 1571
3324 4184
3327 1148
3328 2254
3329 3081
3330 3585
3331 2186
3331 3160
3335 249
3336 2773
3337 2217
3337 2454
3337 3330
3338 4162
3340 1564
3342 3414
3343 1348
3344 3921
3345 2596
3345 3891
3346 2547
3348 3625
3348 3741
3349 2928
3350 921
3351 87
3352 3588
3355 2146
3356 2698
3359 2692
3359 4223
3360 1811
3361 1580
3361 1842
3361 2379
3362 2449
3363 921
3363 2201
3364 1048
3365 695
3365 3734
3366 3176
3367 3097
3369 127
3370 1468
3370 4206
3371 3908
3373 777
3375 1031
3376 1798
3379 1499
3379 3032
3380 1184
3380 1186
3380 4061
3381 4204
3383 733
3384 2685
3388 228
3390 562
3391 2967
3392 328
3392 2136
3392 2169
3393 48
3395 270
3396 237
3396 3281
3398 816
3398 1260
3399 2835
3400 641
3400 2529
3401 298
3401 3185
3401 3948
3402 17
3403 1580
3406 4103
3409 929
3410 31
3411 688
3412 1364
3413 2277
3413 2332
3415 2524
3416 1539
3416 3007
3417 2634
3418 1137
3420 1063
3421 730
3421 1462
3421 1625
3421 1682
3421 3615
3421 3829
3423 274
3425 1018
3427 4191
3428 918
3429 786
3430 3921
3432 551
3432 1411
3432 2696
3433 3123
3434 349
3434 3154
3435 2796
3436 3778
3437 3207
3437 3993
3438 1553
3439 1574
3440 2691
3442 2409
3443 230
3445 1880
3445 3352
3446 1833
3449 1162
3452 534
3452 2916
3455 2699
3455 3927
3456 2951
3458 2611
3458 2993
3461 342
3461 2000
3462 1470
3462 2476
3462 2779
3463 700
3463 898
3463 1126
3463 3348
3464 910
3466 89
3466 1200
3466 2260
3468 1049
3468 2858
3468 4236
3472 1753
3472 3237
3474 2282
3476 2341
3478 3112
3478 4012
3479 1642
3480 2684
3481 1321
3482 1053
3486 3960
3487 547
3487 2042
3488 3661
3489 858
3490 667
3491 3104
3491 3913
3494 902
3495 2215
3495 4191
3498 1111
3499 1332
3500 751
3500 1066
3500 1264
3501 1736
3502 1567
3503 1118
3505 1380
3506 3136
3506 3608
3507 339
3508 340
3509 58
3509 94
3509 2977
3510 139
3511 2204
3514 1915
3515 2424
3517 911
3518 1601
3518 3722
3520 186
3522 690
3522 1280
3523 3106
3526 2673
3526 2749
3527 651
3527 2267
3527 3557
3528 702
3529 1100
3530 3901
3531 2284
3531 2346
3532 2668
3533 2517
3533 3112
3534 2491
3534 3382
3534 3757
3536 867
3537 876
3537 2439
3539 1861
3539 2727
3542 934
3543 29
3543 3517
3546 2283
3548 3749
3549 1228
3549 2357
3550 2879
3551 3371
3554 3054
3555 647
3555 3387
3556 321
3556 1575
3557 1272
3560 1258
3560 1604
3561 1379
3563 546
3568 3188
3568 3380
3569 3554
3571 3314
3571 3735
3572 3634
3574 2645
3575 6
3576 288
3577 3572
3578 3083
3579 645
3579 1688
3580 2886
3581 1009
3583 1500
3583 2310
3584 1597
3585 560
3585 1840
3586 707
3589 816
3589 3424
3590 3285
3591 3217
3591 3420
3591 3717
3594 1377
3594 2057
3594 3405
3597 1150
3597 2541
3598 727
3598 3516
3599 776
3600 2296
3601 3209
3603 3557
3607 1055
3608 2472
3608 2799
3609 412
3610 235
3610 684
3611 1056
3613 3404
3613 3626
3614 1210
3614 1383
3614 2897
3617 2753
3617 3297
3617 3476
3618 3088
3619 4233
3620 1573
3623 2527
3625 2136
3626 1692
3629 2100
3629 2139
3629 2479
3630 519
3630 1891
3630 2895
3630 3197
3631 2727
3632 210
3632 849
3633 2817
3633 3690
3634 213
3637 45
3637 2294
3637 2897
3639 1355
3639 1502
3640 72
3641 1837
3643 641
3643 4026
3646 1553
3648 2208
3650 2327
3651 1213
3652 362
3654 1432
3655 1509
3655 3352
3657 1847
3657 3577
3657 3611
3658 723
3658 2834
3662 333
3662 659
3662 2315
3663 1755
3663 3390
3664 2887
3664 3875
3665 4238
3670 3217
3671 1428
3672 2513
3677 1708
3678 3515
3680 154
3680 385
3681 594
3681 1122
3682 1829
3683 2770
3684 3427
3687 660
3688 1282
3688 2376
3688 4064
3689 416
3689 1705
3689 3852
3690 796
3690 846
3690 2654
3691 2648
3692 151
3692 3086
3693 3038
3693 4047
3694 883
3694 1568
3694 2725
3694 3632
3696 44
3697 321
3697 1191
3698 2397
3698 3260
3699 4021
3700 309
3701 3204
3701 3694
3702 913
3702 1992
3703 2762
3705 845
3705 4061
3709 189
3712 1271
3717 3025
3720 3957
3722 2887
3725 3369
3725 4065
3726 1848
3726 2258
3728 3321
3731 2529
3732 148
3732 1238
3734 285
3734 3466
3734 4189
3735 3262
3737 2733
3742 2662
3742 3180
3746 894
3746 1755
3747 175
3748 1022
3749 1852
3749 3363
3750 2245
3750 3766
3751 2439
3752 575
3752 2027
3755 2706
3757 49
3758 3431
3759 2286
3761 3248
3763 1467
3764 1184
3765 4057
3767 4021
3769 517
3770 116
3770 1269
3771 142
3771 2866
3774 2683
3780 2200
3781 2622
3781 4002
3783 1097
3783 4083
3784 3198
3785 1172
3785 2795
3787 3343
3788 252
3789 1397
3789 2126
3789 3046
3791 2901
3793 1225
3793 1883
3794 2186
3795 1377
3796 183
3796 1853
3797 2902
3797 3128
3799 115
3799 2073
3800 798
3803 1549
3803 3470
3805 1471
3805 2500
3806 2783
3807 84
3807 4028
3808 346
3808 1301
3808 2869
3809 1765
3811 519
3811 1828
3812 52
3812 266
3812 1632
3814 3880
3816 405
3817 881
3820 1785
3822 2238
3823 1918
3825 1815
3825 4160
3826 807
3826 3088
3826 3270
3828 2689
3828 3752
3833 2176
3833 2520
3836 1035
3836 2228
3837 938
3838 1720
3838 3334
3838 3418
3840 437
3842 3972
3843 1561
3844 3621
3846 2835
3849 1411
3849 3789
3850 3365
3851 630
3853 1805
3853 2960
3855 522
3855 1248
3857 1460
3858 1288
3859 1152
3861 852
3864 2821
3865 362
3866 437
3866 565
3866 2088
3867 35
3867 119
3867 291
3867 1418
3868 3109
3869 3598
3871 3938
3872 2788
3873 660
3874 4167
3877 3821
3880 3879
3880 4038
3886 2708
3887 843
3888 1672
3890 606
3890 1811
3891 733
3891 1863
3891 3521
3892 2542
3893 344
3894 1686
3895 2108
3895 4100
3896 2583
3896 3990
3897 329
3897 3143
3897 3229
3898 3381
3898 3774
3899 2553
3901 3083
3905 1457
3905 3734
3906 636
3907 3302
3908 2771
3909 3852
3913 2826
3914 1193
3915 2595
3915 2596
3916 1615
3917 2841
3918 1155
3918 3858
3920 1412
3921 2550
3922 2391
3922 4191
3926 472
3926 2091
3928 778
3928 908
3928 3032
3930 3915
3931 192
3931 1049
3931 3068
3932 302
3932 1037
3932 2495
3932 2995
3935 4035
3936 2878
3936 2949
3937 3491
3938 3048
3938 3321
3940 1127
3941 259
3942 1176
3942 1901
3942 3767
3944 1770
3946 969
3946 2449
3946 3770
3949 4055
3950 2756
3950 3267
3950 3443
3951 1856
3951 3355
3952 270
3954 1238
3954 2970
3957 3451
3958 927
3958 1263
3958 1560
3958 2841
3958 3713
3961 565
3961 727
3963 3050
3964 1889
3965 690
3966 2369
3966 4216
3967 2441
3968 2995
3969 764
3972 3312
3974 2754
3974 4139
3975 765
3977 1360
3978 456
3979 3139
3980 3082
3981 3146
3982 4061
3983 3359
3984 1025
3984 2879
3985 279
3987 2700
3989 989
3989 2831
3991 867
3991 925
3992 2653
3993 1791
3994 2944
3997 1213
3997 4246
3998 2507
3998 3899
4000 2491
4002 71
4003 262
4003 502
4003 3969
4004 2809
4004 3684
4005 2067
4005 2842
4006 320
4011 157
4011 2295
4012 869
4012 1715
4014 3215
4015 1523
4017 605
4017 1550
4018 1985
4019 4141
4020 2295
4021 3204
4023 1000
4023 1630
4023 3828
4024 953
4025 76
4025 3353
4027 852
4027 1373
4027 3834
4028 677
4031 157
4031 483
4031 2434
4032 185
4033 3532
4034 751
4034 841
4035 629
4035 3770
4038 3858
4041 2080
4041 2252
4041 2320
4045 867
4045 2442
4046 3031
4048 4035
4050 1820
4050 2205
4052 639
4055 2526
4056 270
4057 157
4057 468
4057 3134
4061 1886
4061 2692
4062 1840
4064 975
4065 405
4065 2343
4066 969
4067 1970
4068 2420
4069 3683
4070 2527
4072 1038
4072 3059
4073 3114
4074 3429
4076 2709
4077 2419
4077 2932
4077 4179
4079 4156
4081 2715
4082 3125
4086 1768
4086 2818
4087 505
4089 4107
4090 3319
4092 3546
4092 3811
4093 3514
4094 385
4095 2015
4095 4174
4096 540
4097 1750
4098 1272
4098 3783
4099 1093
4100 771
4100 2838
4101 2983
4101 3533
4102 404
4102 2613
4102 3927
4103 107
4104 481
4104 907
4106 2715
4106 2882
4106 3751
4107 1443
4107 3791
4108 2882
4109 127
4111 1435
4111 3811
4111 4057
4114 2286
4117 1896
4119 512
4119 2513
4120 635
4120 1006
4120 1926
4120 3357
4121 2340
4122 1381
4127 4070
4130 164
4130 2275
4131 2157
4132 897
4133 291
4135 842
4135 1151
4135 3301
4135 3986
4137 3830
4137 3938
4138 1541
4141 847
4142 1189
4144 4087
4145 757
4145 2959
4147 1270
4148 2766
4150 3207
4151 159
4151 763
4153 559
4153 3113
4154 1131
4154 1955
4156 1789
4156 3691
4157 3890
4158 274
4160 2925
4160 2953
4161 603
4161 3018
4165 2014
4165 4205
4166 196
4166 248
4166 1821
4166 2302
4167 1152
4167 1699
4167 1794
4169 1153
4169 3571
4170 1401
4171 1486
4174 1207
4174 3332
4176 1858
4177 1873
4177 4112
4178 384
4178 3376
4178 3535
4180 2777
4180 3623
4181 868
4181 3710
4182 507
4185 756
4185 1271
4185 2521
4185 2838
4185 3073
4186 2024
4187 2148
4188 1136
4190 617
4190 1249
4190 3023
4190 3789
4190 4139
4192 321
4193 762
4193 1065
4194 173
4196 1227
4196 3541
4197 179
4198 2189
4198 3075
4198 3690
4199 2042
4199 4120
4200 1039
4201 808
4201 3093
4202 1137
4202 3890
4203 2820
4205 3633
4206 2536
4207 662
4208 52
4208 93
4208 3027
4208 4066
4211 122
4211 2502
4212 972
4212 1328
4213 3210
4214 1848
4214 2148
4215 2500
4216 3488
4220 4135
4224 3736
4225 1296
4225 2704
4227 3735
4230 2925
4231 147
4231 325
4232 642
4232 2040
4233 115
4235 2637
4235 3480
4237 568
4240 2161
4242 3895
4243 1432
4244 3792
4246 779
4248 3303
4248 3876
4250 226
