4750
4750
1 3198
2 2212
3 130
4 1307
4 1343
4 2512
5 864
5 1528
5 3887
6 1557
7 1585
7 3625
8 2189
8 3114
9 3154
10 1310
12 675
13 2865
16 1072
19 1512
20 467
20 3886
21 318
21 2430
21 4671
22 4111
22 4593
24 2962
24 3021
26 197
29 135
30 2906
30 2913
30 4018
31 4093
31 4195
33 4482
34 2364
35 3131
37 2316
37 3136
38 2858
41 2371
42 3874
42 4598
43 2934
47 3262
49 4586
50 3919
53 1222
55 1605
55 1863
56 281
57 3753
58 501
58 2946
58 3251
59 763
59 1974
59 3668
60 662
61 3121
62 1052
63 922
65 1929
66 3271
66 3949
66 4094
67 1579
68 4660
70 1092
70 2046
70 4098
72 1491
72 2557
72 3014
72 3563
72 4271
73 4280
74 982
74 3124
74 3671
74 4531
77 1097
77 2868
78 2649
80 461
80 1404
83 1958
83 4102
84 3826
88 2161
88 3243
90 545
90 1277
93 773
95 3552
96 72
96 2507
96 2835
97 1397
100 1822
103 1791
104 2937
105 3392
106 1262
107 2968
109 3225
109 4646
113 1747
114 2288
116 4742
118 678
119 1829
119 2613
120 1592
120 2534
120 3012
121 4204
123 3547
124 1799
125 1908
126 3256
126 3460
126 3854
128 1888
128 2488
130 3503
130 4679
131 2937
132 4021
132 4568
132 4739
133 2978
134 1386
135 241
137 2916
137 4557
139 2155
140 381
140 1163
140 2862
140 3437
142 3139
143 2387
144 3121
145 588
145 888
145 4687
146 3457
147 1795
147 3226
148 3751
150 1033
150 1342
151 2281
153 1938
153 3460
158 535
158 3535
158 4080
158 4504
159 1960
159 3931
160 576
160 2107
160 2419
160 4543
161 908
162 3992
163 455
163 3894
164 226
164 2873
166 957
168 3274
169 295
169 622
170 2095
170 4550
171 440
171 1976
172 4304
174 3355
176 2283
178 781
178 2291
179 3042
180 2225
180 2360
181 319
181 557
181 1142
182 3190
183 3669
183 4260
184 2700
185 2094
186 940
186 2240
186 2754
187 1633
187 2757
189 115
189 4192
193 1008
193 1560
196 3754
196 4463
197 1341
197 2910
197 3257
198 687
198 4471
199 1130
199 4400
203 3662
204 1850
205 2391
205 3953
206 2997
206 4265
209 1037
209 2367
211 2514
213 162
215 4123
217 1214
217 4063
218 3981
219 4723
220 1506
220 1882
220 3072
221 672
221 1183
221 2701
221 3213
223 1364
224 1547
224 2992
228 2050
229 2649
231 68
231 4477
233 126
234 2787
234 4680
235 3742
238 3291
238 4096
240 2216
240 4283
241 1229
243 2955
243 3090
243 3603
245 454
246 935
247 1362
247 2375
248 3410
249 1124
249 4043
249 4581
250 1193
250 3812
251 1226
253 852
253 4375
256 1303
257 2968
258 2905
258 4577
264 1810
264 3978
265 625
266 3614
267 181
267 1907
267 3369
267 3783
268 2609
268 4264
269 1391
269 2486
270 282
270 3517
270 3692
271 1
271 2023
271 3592
271 4145
272 761
273 767
273 802
273 3829
274 4528
275 3365
276 851
277 3287
278 364
278 1598
278 4743
280 3047
281 1632
281 2636
282 1248
283 3968
286 3685
287 3655
288 600
288 4189
290 2728
290 3771
290 3991
294 1052
294 1693
295 388
295 4072
295 4335
296 471
297 1484
297 3167
297 3204
298 4065
300 235
300 892
301 20
309 1886
309 2299
310 4552
311 2447
313 76
313 3456
314 1952
317 921
317 3743
317 4359
318 577
322 4139
322 4258
324 3677
325 2584
325 3823
326 1870
328 887
329 2934
330 1862
332 759
332 4743
334 1692
334 4136
335 3270
338 3511
339 1272
340 407
342 1958
342 2077
342 3612
343 4310
344 3646
345 547
346 448
346 4494
348 3416
348 3629
348 4274
349 834
351 1769
351 2496
351 3118
352 4086
353 1400
356 800
356 2313
357 4400
359 4347
360 4267
361 686
361 2834
362 3393
363 519
364 4047
366 4400
367 4086
370 2771
371 4420
373 1832
374 409
375 1891
375 4329
376 173
376 4416
377 2616
381 1021
381 3699
384 1213
385 2049
386 828
386 3894
386 4546
388 783
388 1316
388 4635
389 184
390 1067
390 2118
390 2870
394 3066
395 1168
395 2844
396 2349
397 2428
398 2600
399 1721
402 1100
403 518
404 4307
408 229
408 346
408 612
409 2722
412 4369
415 1318
415 1497
416 1147
417 1694
420 1036
420 2802
421 462
422 3395
424 1902
425 830
425 3325
428 942
428 2056
429 2724
430 296
432 4282
433 625
436 1028
436 2261
438 174
438 666
442 854
444 1418
445 979
445 3831
445 4734
446 697
448 3901
450 410
450 1856
450 2472
451 2605
451 2737
451 3128
451 4254
452 928
453 4040
453 4208
455 3868
455 4589
457 2087
457 2635
458 4
458 343
460 703
460 4071
461 1045
461 1669
462 6
462 3885
463 3530
464 885
466 1986
469 597
469 904
469 3256
470 2950
475 3852
476 2095
477 2043
477 4355
477 4388
477 4446
478 1486
478 2662
479 301
479 1624
479 1693
480 3490
481 4463
482 4358
485 404
485 4442
486 3435
486 3538
486 3670
488 3312
489 2524
490 3695
492 702
497 64
498 3350
501 2192
501 4346
502 710
502 3248
503 1985
503 3917
504 3863
505 1851
506 3095
506 3301
506 3572
507 1700
512 400
514 780
514 1452
516 395
516 2762
518 1886
521 2004
522 962
523 79
523 4239
525 3286
525 4055
526 3396
527 682
528 1038
528 4381
529 433
533 1578
534 262
534 391
534 3649
534 4037
538 3126
540 4517
541 2459
542 1705
543 2080
544 1002
546 491
547 1042
547 2473
549 297
549 3273
550 1561
553 2190
554 3108
554 4129
556 3781
557 2866
557 3459
559 792
559 1361
561 98
561 3906
561 4131
562 2825
563 1591
563 4508
566 1659
566 4139
567 3060
569 3685
570 2923
572 328
572 3813
572 4430
575 2585
576 905
577 1673
578 2318
578 2463
580 452
580 2391
580 3312
582 527
582 4185
584 1238
584 1292
584 2263
584 2305
585 287
588 3535
588 4232
588 4233
589 3435
589 4461
590 2348
591 1972
591 2781
592 1881
592 2578
593 1919
593 3573
594 95
594 1886
594 3206
595 1099
596 695
596 1646
597 872
599 1195
603 2305
605 2385
608 1904
611 1086
613 3907
614 2717
615 1824
616 1143
617 349
619 618
620 781
621 4561
623 4200
624 1420
624 2458
624 2822
624 3101
625 3663
626 912
626 2181
626 2298
626 3974
626 4410
628 2280
628 4696
630 1529
632 1812
633 4618
634 3060
634 3282
634 4477
634 4602
635 1078
635 2731
637 1858
637 2310
637 4147
638 2117
639 108
639 1432
639 2287
639 4393
642 2749
643 1152
643 3397
645 280
649 124
649 2843
650 1176
650 3733
650 4418
653 607
657 1204
657 3978
661 2552
661 4532
662 254
663 425
663 3453
664 1721
664 3590
664 4252
664 4436
665 4406
667 1847
667 3323
669 4513
671 3895
673 2038
675 40
676 820
676 1314
679 760
679 1278
679 2354
680 1023
681 611
681 3265
681 4058
683 1665
683 1841
687 2469
688 2859
689 1628
689 1867
689 2412
690 191
690 1854
690 2134
690 2830
691 3024
692 2531
692 3036
692 4366
692 4519
694 1189
696 2337
697 2939
697 3931
697 4220
700 4458
701 4640
702 1067
704 1127
704 1333
705 1176
706 1626
706 3553
707 794
708 2540
709 3644
709 4342
711 4060
712 1193
713 834
714 2905
715 3138
715 4522
717 1376
717 3881
719 2743
720 396
723 971
724 750
725 3639
727 1189
728 842
732 1346
733 4003
734 4463
735 1558
737 1526
737 2443
738 3598
739 501
739 4075
744 2346
745 4441
746 2795
747 2497
750 2408
750 3594
751 3329
753 790
753 1942
753 3827
755 2523
758 2775
759 1080
760 1737
760 3920
761 2319
762 1003
763 3064
765 1706
766 4385
768 3922
768 4282
769 329
770 849
770 1247
770 4400
771 385
771 4637
773 2015
774 3934
774 3952
775 404
775 637
775 1526
778 643
779 2104
779 2272
780 2074
781 4617
782 1713
782 3243
786 2163
786 3847
787 2750
789 3439
790 1296
790 4730
791 2032
792 2861
792 3527
792 3781
792 3894
794 4028
794 4665
795 227
795 2900
795 3195
798 130
798 3531
799 3745
801 174
801 2606
802 254
803 1511
803 2135
804 3700
806 1795
806 4715
808 4491
809 451
809 1513
809 2400
811 1069
813 56
818 2719
818 3952
819 655
821 3998
822 2747
822 3982
823 3869
824 3714
826 2873
826 3602
827 3973
828 3157
828 3394
828 3988
829 910
830 4018
830 4700
832 290
832 2489
833 2789
834 1643
835 1536
836 20
836 474
837 247
838 2081
840 2932
842 489
842 1416
843 4418
844 4209
845 880
845 1278
846 444
846 515
846 884
846 1677
846 4329
849 2279
849 3871
851 1523
853 425
853 1728
855 1890
855 2220
860 100
862 1617
866 3630
866 4367
872 460
872 1553
872 1693
873 320
873 407
874 3026
875 1244
875 2306
876 85
876 1964
877 3428
878 315
878 1731
880 228
880 4519
883 3311
884 3524
884 4226
885 1025
885 2660
887 565
888 1086
890 3438
896 3507
897 1148
897 2501
897 2507
898 724
900 2996
902 856
902 1122
902 1239
903 1498
905 2234
906 3567
907 228
908 1242
909 2740
909 3188
909 4073
911 1540
911 4407
913 863
914 547
914 1047
914 2344
914 3609
915 313
916 1873
916 3378
916 3428
918 2112
922 2377
922 4337
925 1373
925 3054
925 3502
926 70
926 1605
926 1928
928 4072
929 1232
931 3343
931 3952
933 3033
934 1731
937 246
937 2055
942 3950
944 2522
945 3261
949 455
950 201
950 1825
952 1787
954 1396
958 3463
959 3157
960 394
960 1021
961 854
964 3549
965 3690
965 4265
966 3384
967 110
970 1688
972 3251
973 1014
973 3341
976 1165
977 4304
978 688
980 903
982 2266
983 1149
985 521
985 2100
986 2846
988 3037
988 3101
988 4644
990 4126
992 1348
993 41
993 695
996 2311
997 400
998 4289
999 4277
1000 655
1001 2498
1002 1579
1003 4218
1005 2826
1006 504
1006 1743
1007 397
1007 462
1007 3491
1007 4602
1008 1674
1009 127
1009 1433
1009 4581
1010 833
1011 321
1011 3985
1012 2682
1013 2517
1014 2958
1017 1629
1018 885
1018 4045
1021 4395
1024 89
1024 2460
1025 1560
1025 4747
1026 3417
1029 2892
1031 2885
1033 79
1037 1370
1038 4441
1039 1327
1039 1545
1039 4340
1040 1768
1040 2598
1043 2967
1048 3443
1053 1184
1056 4159
1056 4185
1059 4214
1060 867
1062 1015
1065 1972
1066 1510
1066 3080
1068 3111
1068 4462
1069 1716
1070 3184
1071 403
1073 2561
1074 945
1074 3637
1075 635
1076 1134
1078 3271
1079 1476
1080 1979
1080 2323
1080 3481
1082 1198
1082 2927
1085 1330
1085 3924
1087 952
1088 1264
1088 2717
1088 3598
1089 1781
1089 4284
1091 924
1091 2871
1091 3745
1098 3645
1100 2884
1103 178
1103 2231
1107 239
1107 2364
1108 3160
1109 4488
1112 4472
1113 2483
1113 3400
1116 2557
1116 3055
1119 4113
1122 2409
1124 900
1127 1810
1128 3634
1129 966
1133 2488
1134 366
1135 2202
1139 2176
1141 206
1141 1953
1141 2763
1145 1226
1145 1484
1146 1760
1146 3779
1148 4632
1149 1965
1151 4098
1152 3939
1153 3933
1153 4721
1156 3011
1157 2130
1159 1992
1159 4474
1159 4715
1160 2597
1160 4010
1161 2518
1163 885
1164 1098
1164 2271
1164 4492
1165 3847
1166 838
1168 4654
1169 166
1169 3677
1171 2946
1171 4350
1173 212
1174 76
1175 2552
1178 2715
1182 2912
1183 2897
1184 1901
1185 3237
1186 319
1187 2700
1188 221
1190 3086
1190 3456
1191 1805
1192 2319
1193 1409
1193 2062
1193 3766
1195 3548
1195 4301
1196 502
1196 2951
1198 3095
1198 4106
1198 4159
1199 638
1201 2383
1201 3172
1202 3894
1205 382
1205 611
1205 2255
1205 4279
1206 4470
1207 2580
1210 1095
1211 701
1211 1366
1211 1695
1212 2312
1213 1184
1216 3622
1218 180
1218 250
1218 1559
1218 3172
1221 3170
1222 959
1223 623
1224 2781
1224 4348
1226 1150
1226 2638
1228 4154
1230 926
1231 1232
1231 1534
1233 989
1235 120
1235 2719
1236 59
1237 3656
1238 3602
1239 871
1239 2365
1240 2661
1240 4450
1242 1078
1242 1137
1243 3141
1245 3692
1249 628
1249 3091
1251 788
1251 850
1251 2246
1251 2883
1253 917
1253 2367
1253 3226
1253 4176
1255 2550
1256 4438
1257 3146
1259 3153
1260 1571
1260 2314
1260 3653
1260 4401
1262 792
1265 3762
1266 3721
1268 3390
1270 4085
1271 4601
1271 4672
1272 1466
1275 115
1275 2841
1277 2001
1277 2656
1279 3376
1280 289
1280 789
1280 1486
1280 3183
1282 1947
1285 4232
1286 691
1286 3703
1287 1328
1287 1465
1287 2865
1287 4625
1290 1017
1290 3348
1294 280
1294 885
1295 1500
1295 2610
1295 3556
1298 1900
1298 2713
1300 1670
1300 2037
1300 3214
1302 1489
1302 2602
1303 1750
1307 4042
1308 840
1308 1319
1310 2525
1311 2272
1311 3739
1313 1614
1314 976
1314 4428
1315 1070
1316 2063
1316 4051
1316 4059
1316 4092
1317 361
1318 1805
1319 1442
1322 3659
1324 1936
1325 62
1325 1585
1327 511
1327 4188
1330 488
1331 3298
1332 2240
1332 2352
1332 2871
1333 2516
1334 1200
1335 4414
1336 78
1336 758
1336 3276
1337 167
1337 186
1338 1095
1338 4100
1339 1230
1343 667
1344 1521
1345 2943
1346 3699
1347 2028
1347 2899
1349 4630
1350 496
1350 4618
1352 2998
1353 3184
1354 665
1355 473
1356 1539
1356 2283
1357 2722
1359 2302
1360 707
1360 4550
1361 2421
1364 3234
1364 4055
1366 100
1366 2527
1366 3767
1367 289
1367 567
1367 1004
1367 4132
1368 2543
1369 413
1369 3428
1369 4396
1370 2073
1372 1156
1372 1422
1372 3058
1373 752
1374 67
1376 3354
1377 2894
1377 4034
1378 3303
1379 2443
1379 4700
1380 111
1380 611
1381 1724
1384 3698
1384 3883
1387 618
1388 2697
1389 2529
1390 1651
1394 5
1395 1260
1396 25
1396 3543
1398 1814
1402 879
1403 1442
1405 3290
1405 4098
1406 2074
1407 1871
1407 3172
1407 3353
1408 27
1410 1103
1411 4571
1412 3419
1414 1872
1415 171
1416 1586
1419 3378
1420 389
1422 3596
1423 4485
1424 1
1424 4125
1425 19
1425 1606
1427 3347
1428 1077
1430 1549
1431 1307
1431 2038
1431 3052
1431 3167
1431 3706
1432 3787
1433 1544
1433 3612
1433 4412
1434 2260
1434 4431
1436 2042
1436 2517
1436 4286
1439 1042
1439 4704
1440 1623
1441 2959
1444 1521
1444 1883
1445 2155
1445 3961
1446 763
1447 1659
1447 2846
1447 3165
1447 4709
1448 1110
1448 3102
1449 1651
1449 2121
1452 3601
1453 1242
1453 2785
1454 900
1455 3570
1456 4078
1457 2812
1459 2119
1459 4536
1460 1138
1460 3829
1462 927
1463 4719
1464 4662
1465 869
1465 3520
1466 1553
1467 4662
1468 1595
1468 2645
1469 2428
1470 484
1474 1223
1476 980
1477 1595
1477 3630
1477 3942
1478 671
1478 2376
1478 4236
1479 3853
1481 957
1482 1215
1483 3416
1485 4593
1489 1913
1491 2242
1493 2017
1495 3349
1495 4326
1497 397
1497 1967
1498 4497
1499 3928
1500 2452
1500 3061
1500 3191
1501 2604
1502 2194
1504 245
1505 2666
1506 2023
1506 4280
1507 2307
1508 1626
1510 1836
1511 4148
1514 4243
1515 1879
1515 3024
1515 3218
1516 3107
1516 4461
1517 1603
1518 460
1518 1416
1519 1589
1520 405
1520 1288
1521 2102
1521 3010
1524 294
1524 1669
1525 1886
1525 2497
1526 832
1526 1518
1527 225
1529 1586
1529 3496
1530 111
1530 563
1530 588
1530 3923
1531 227
1531 432
1533 3238
1533 4216
1534 767
1536 3333
1537 1075
1537 1291
1538 2700
1538 3372
1538 4313
1539 3467
1541 1020
1542 4278
1543 3
1544 3062
1545 935
1545 2169
1545 2311
1546 3333
1546 4322
1547 196
1548 2786
1548 3286
1549 1512
1549 4088
1551 2069
1551 3027
1551 3730
1552 1136
1553 859
1553 4235
1555 2846
1558 1498
1558 2700
1559 1619
1559 2423
1559 4305
1560 4631
1561 197
1561 2094
1562 2130
1562 2316
1562 2973
1563 2620
1564 3063
1565 3015
1567 3811
1569 698
1569 2299
1569 4610
1570 2512
1571 569
1571 3843
1573 1373
1576 1073
1576 2173
1576 2360
1576 4576
1577 3520
1578 1432
1579 92
1579 158
1579 431
1579 796
1581 4115
1582 1001
1582 3909
1585 3559
1585 4672
1586 550
1586 2423
1587 368
1587 2196
1589 265
1589 3541
1590 19
1590 790
1590 2301
1591 2324
1592 4273
1593 630
1593 3015
1594 190
1594 360
1594 1387
1594 2497
1595 2790
1595 2816
1595 2984
1595 4485
1596 1934
1597 506
1598 674
1598 3588
1598 3714
1599 4231
1601 3457
1602 715
1602 1648
1603 374
1603 3439
1604 2998
1606 565
1608 1463
1608 3797
1612 3481
1613 1443
1614 2138
1616 2515
1616 3736
1620 920
1620 4550
1621 1966
1621 2127
1622 250
1623 1669
1623 4379
1624 1921
1625 2808
1626 1596
1626 4401
1627 3137
1628 133
1629 4630
1631 1786
1632 1397
1632 2319
1633 33
1633 4503
1634 65
1635 1762
1636 2893
1636 3642
1639 529
1640 492
1640 3711
1640 4651
1641 1454
1641 4451
1642 889
1644 2132
1644 3101
1645 3404
1648 991
1649 1566
1650 2512
1651 14
1651 4670
1652 1555
1655 798
1659 3156
1660 4588
1661 1745
1662 2611
1663 496
1663 1708
1664 181
1664 4111
1665 841
1665 1640
1666 1589
1668 1069
1669 1424
1670 914
1671 105
1671 1939
1672 1165
1672 3448
1673 333
1674 2091
1674 3651
1674 4192
1674 4715
1675 3957
1676 676
1676 3091
1677 1070
1677 3064
1678 1478
1678 3400
1678 4292
1679 1184
1679 1448
1680 1836
1681 1974
1684 1058
1686 2556
1686 2866
1688 348
1688 398
1691 4268
1695 1227
1697 1774
1699 113
1700 1463
1701 4446
1702 2276
1703 723
1703 3558
1704 2074
1704 2656
1705 762
1706 767
1708 3785
1709 677
1710 368
1710 4082
1712 2996
1713 4114
1717 2066
1717 2535
1719 564
1719 1721
1719 4147
1720 2013
1721 1261
1721 2450
1723 3076
1723 3803
1725 4049
1726 642
1726 4139
1727 4624
1728 3231
1728 4205
1729 3555
1732 120
1732 168
1732 4746
1734 2600
1735 1876
1735 4383
1736 893
1737 602
1737 875
1738 2287
1740 2303
1740 3500
1741 3677
1742 1917
1742 2186
1743 777
1743 1616
1744 842
1744 2686
1744 3652
1745 1363
1748 4355
1749 2007
1749 4251
1750 1286
1751 510
1753 297
1753 3015
1755 445
1755 2385
1755 2521
1757 1821
1759 971
1759 2034
1759 3888
1760 889
1761 742
1761 3183
1761 3379
1761 4514
1762 3927
1764 2136
1766 1010
1766 1457
1766 4514
1768 487
1770 3445
1771 3067
1772 771
1772 835
1773 449
1774 4126
1776 2848
1777 4206
1778 1685
1779 3943
1781 1912
1781 3442
1782 3131
1784 780
1785 805
1785 1247
1785 3198
1786 1308
1786 4049
1787 4581
1788 383
1790 3235
1791 923
1793 1762
1794 230
1794 1137
1795 1759
1796 1583
1796 3686
1796 3863
1800 690
1801 3670
1801 3942
1803 3959
1804 939
1809 268
1809 3120
1809 4490
1810 2062
1810 3698
1811 434
1813 181
1813 2372
1813 3474
1814 4366
1816 3408
1817 2532
1817 3187
1820 2932
1821 1482
1822 2992
1822 3977
1823 1952
1823 4035
1824 3332
1826 928
1827 1660
1830 1148
1830 4661
1831 4206
1834 1101
1834 1790
1835 1320
1835 1731
1837 4308
1838 1590
1839 1238
1841 1851
1841 2666
1842 1218
1842 1359
1844 4310
1845 2914
1847 2895
1848 4027
1852 2208
1853 475
1854 937
1855 538
1855 1337
1855 1481
1857 3296
1857 4569
1859 3356
1860 1912
1862 2673
1862 4593
1863 4138
1866 4406
1870 1310
1870 1705
1874 3207
1877 3962
1878 184
1879 3184
1880 994
1880 1459
1882 1738
1882 2509
1883 284
1884 1383
1884 2165
1884 4434
1886 1819
1887 39
1887 2858
1891 133
1892 2005
1894 157
1895 765
1895 1528
1895 2910
1896 3911
1900 2943
1901 4249
1901 4261
1903 2933
1903 3428
1904 418
1904 1555
1904 3169
1904 3801
1906 3283
1909 1690
1910 1443
1910 2560
1911 2539
1911 2629
1911 3415
1913 3151
1913 3506
1914 2013
1915 2438
1917 4474
1919 2010
1919 2272
1919 4285
1920 4728
1921 1250
1921 2688
1921 4150
1922 2807
1924 4339
1926 2493
1928 516
1928 2678
1929 244
1929 447
1930 346
1932 297
1932 4315
1933 3245
1934 2709
1935 1571
1935 2852
1935 4025
1935 4534
1936 2015
1937 2653
1938 2320
1939 32
1940 4467
1941 3891
1942 2320
1943 4422
1944 1132
1944 1165
1947 2987
1947 3563
1948 53
1948 1170
1948 3298
1948 3994
1950 705
1950 1699
1951 685
1951 3867
1952 2595
1953 4553
1955 258
1956 2248
1956 3742
1957 2235
1957 4150
1957 4425
1958 3949
1960 1795
1960 2483
1962 1525
1963 3958
1964 1625
1964 2234
1965 3068
1965 4558
1967 692
1967 3881
1968 961
1968 3781
1969 2608
1973 1657
1974 455
1974 514
1975 3966
1976 195
1977 4090
1980 894
1981 2666
1982 1743
1982 2934
1982 3979
1982 4606
1983 1654
1983 2519
1984 6
1984 920
1984 3628
1986 2476
1987 3913
1988 4245
1988 4480
1990 1502
1990 2609
1991 397
1991 3419
1992 384
1992 3622
1994 206
1994 2547
1994 4662
1994 4682
1999 924
1999 1032
1999 3745
2001 4010
2002 189
2003 491
2004 1963
2006 4103
2010 3217
2012 806
2012 2124
2013 3672
2015 3185
2017 571
2017 1306
2019 428
2020 736
2020 1469
2021 10
2022 4646
2026 3512
2028 627
2030 358
2031 3297
2032 4113
2033 654
2035 164
2036 412
2036 3471
2036 4044
2040 1767
2041 3188
2043 3398
2043 4182
2048 759
2048 1234
2048 3122
2049 2640
2049 2643
2050 1852
2051 856
2051 1846
2053 3039
2055 1595
2056 2222
2056 2571
2058 2444
2059 2536
2059 3348
2060 1629
2060 3158
2061 2508
2062 4522
2065 2542
2067 993
2068 4471
2070 4105
2071 857
2072 2251
2074 2263
2074 4416
2075 639
2075 3415
2076 4281
2077 3710
2078 4470
2080 4184
2080 4283
2082 3511
2083 2536
2089 2141
2091 4700
2093 1488
2094 1618
2094 3100
2095 1790
2097 1484
2097 2850
2097 4031
2099 4133
2101 429
2102 875
2102 4392
2103 1194
2104 1715
2104 3021
2105 3914
2109 2155
2109 3401
2110 4655
2112 4036
2113 1323
2113 1399
2115 857
2115 4438
2116 1771
2117 17
2117 3237
2118 2388
2120 2374
2120 4091
2121 2553
2122 3624
2123 607
2123 3291
2123 4174
2123 4681
2125 941
2125 2002
2129 1474
2129 2055
2131 1278
2131 3299
2134 2060
2135 94
2136 3206
2136 3343
2137 774
2137 971
2138 3002
2139 4291
2139 4632
2140 2836
2141 3337
2142 1125
2143 3508
2145 1383
2145 2754
2145 3543
2146 36
2146 683
2146 1635
2148 544
2149 1669
2149 2346
2149 2373
2150 2087
2153 2070
2153 3679
2153 4181
2154 2617
2154 2785
2154 3965
2157 3158
2158 2357
2158 4187
2162 3919
2164 4267
2164 4279
2166 1132
2166 3656
2167 4167
2170 266
2170 1885
2172 3495
2174 4425
2174 4649
2176 1829
2176 3421
2176 3517
2176 3685
2177 2745
2178 2931
2180 2420
2181 3129
2181 4196
2183 1203
2183 2524
2184 453
2184 4126
2184 4179
2188 651
2188 737
2189 1748
2189 2495
2190 687
2191 2877
2192 249
2195 2449
2195 4714
2196 2382
2202 2696
2202 4629
2203 877
2203 3969
2203 4133
2206 1873
2208 4431
2209 1676
2210 502
2210 4347
2211 750
2211 2804
2211 3857
2212 595
2212 2858
2213 1517
2213 2582
2213 3043
2217 3770
2217 4513
2218 3207
2218 4182
2219 211
2220 2231
2221 2652
2221 3833
2223 1223
2226 3496
2226 3773
2227 1153
2227 2064
2227 4443
2228 4369
2230 4145
2231 805
2231 3689
2232 1881
2232 2388
2232 2784
2232 3027
2233 140
2233 4546
2235 524
2236 3495
2237 1907
2237 2118
2238 324
2238 3174
2239 1773
2241 571
2242 1934
2242 2066
2245 4409
2246 327
2246 2234
2246 3440
2247 3025
2249 2098
2250 115
2251 1366
2252 211
2253 2008
2253 3215
2254 3140
2255 492
2255 2429
2255 3680
2256 4452
2257 1119
2257 4251
2259 1619
2259 3384
2259 4723
2260 2854
2260 3310
2261 456
2261 1834
2262 3674
2264 4222
2264 4746
2265 1902
2265 2930
2267 2529
2268 627
2268 2528
2271 3727
2272 2183
2274 71
2274 426
2274 1182
2276 1117
2277 4682
2279 4413
2280 1419
2280 1474
2281 208
2283 2127
2286 3152
2287 2843
2288 983
2288 3451
2289 1751
2292 2402
2295 3814
2296 963
2296 2052
2297 2879
2298 774
2298 3700
2300 2067
2301 634
2302 197
2304 1048
2304 2152
2305 727
2307 2181
2307 2722
2308 2972
2308 3485
2309 1935
2309 3089
2311 3872
2312 571
2312 2823
2312 2933
2312 3743
2313 602
2313 3884
2314 1061
2314 4566
2315 1101
2315 4391
2316 3836
2317 2579
2317 2767
2319 2815
2320 1185
2320 1607
2320 3227
2321 610
2321 1526
2323 1395
2323 2174
2323 3127
2323 3526
2324 837
2325 3446
2325 3599
2328 3797
2329 298
2331 2508
2332 3329
2332 3522
2333 3959
2333 4364
2334 2162
2338 728
2338 3858
2339 3297
2340 2312
2342 3288
2344 662
2344 1906
2345 348
2347 1529
2347 3443
2348 597
2348 4511
2350 70
2351 655
2352 161
2352 817
2355 596
2356 3653
2356 4125
2358 4076
2359 1816
2359 3263
2360 147
2360 4726
2361 2888
2362 4538
2363 115
2363 1437
2364 2284
2368 4557
2369 810
2376 4305
2378 2064
2381 3433
2381 4230
2382 1641
2382 2109
2384 4176
2386 3702
2387 845
2387 3156
2388 2308
2388 4339
2389 14
2389 2500
2390 2764
2390 3577
2391 270
2391 369
2394 3894
2395 421
2395 1215
2395 4437
2397 2967
2399 2232
2399 4517
2401 11
2401 373
2404 2644
2406 872
2409 744
2410 847
2410 1049
2410 1470
2410 4513
2411 1338
2413 2179
2414 161
2414 267
2414 1335
2415 3065
2417 1586
2419 616
2420 2935
2421 2056
2425 1264
2426 896
2428 3579
2429 2403
2430 209
2431 3242
2432 860
2432 1941
2432 3311
2433 2280
2434 167
2434 2059
2435 1838
2436 1803
2436 2210
2438 4032
2439 3146
2439 3990
2439 4304
2440 1339
2440 2797
2441 3398
2442 3910
2442 4747
2443 2976
2444 2943
2445 623
2447 780
2448 4388
2449 2224
2450 214
2452 1198
2454 649
2456 2153
2456 4201
2456 4641
2457 195
2457 977
2459 3588
2460 3857
2461 2502
2461 3742
2462 216
2462 1989
2465 4354
2466 2413
2467 437
2467 3523
2468 3380
2471 3531
2472 644
2472 2372
2473 1249
2476 2305
2477 1738
2477 2899
2477 4313
2480 1053
2480 1244
2480 3415
2481 1027
2481 4310
2482 574
2482 2611
2484 609
2485 1752
2486 1667
2487 3024
2488 4301
2488 4625
2489 545
2489 3139
2489 4121
2489 4361
2490 1229
2491 2528
2491 3135
2492 931
2492 4375
2493 3278
2494 842
2495 4083
2496 2046
2497 2854
2498 1233
2500 236
2500 1332
2500 1382
2501 2711
2504 969
2506 3208
2506 3731
2507 1817
2507 3405
2508 3775
2508 4539
2509 4261
2510 227
2510 336
2510 583
2511 1147
2511 2771
2512 1987
2513 2381
2515 3090
2516 1338
2516 3075
2517 1844
2517 2352
2517 3005
2518 2492
2519 1191
2521 3865
2524 8
2524 927
2524 2230
2524 3318
2525 991
2525 1007
2525 2716
2528 1049
2528 2730
2529 544
2529 1545
2529 2929
2529 4030
2531 3559
2532 1653
2533 843
2533 4169
2534 4017
2536 1099
2537 277
2538 1176
2539 3005
2539 4460
2541 2093
2541 4044
2541 4335
2543 2581
2544 2239
2545 2369
2550 3633
2552 2880
2556 1657
2559 177
2559 1046
2559 1649
2559 3771
2560 3661
2561 2408
2562 3051
2563 638
2564 3030
2565 538
2565 2555
2566 2764
2566 2884
2567 3706
2569 871
2569 3411
2570 3157
2570 4254
2571 3793
2574 623
2574 2852
2575 3336
2578 1544
2578 4639
2579 7
2579 586
2579 4235
2580 69
2580 1961
2582 2063
2582 2887
2582 3601
2583 190
2586 1663
2588 2796
2588 2869
2589 3029
2590 1932
2590 2775
2590 4148
2591 4615
2592 476
2592 839
2592 3619
2592 4472
2593 3179
2593 3908
2593 4541
2594 200
2594 467
2594 2386
2594 3617
2596 1266
2597 1015
2597 2072
2598 2304
2598 3256
2599 3522
2600 792
2600 2265
2600 3863
2601 493
2604 1612
2606 2757
2608 1746
2608 3256
2611 1158
2611 2378
2611 3264
2613 3299
2615 1296
2616 2081
2616 3589
2616 4583
2617 4087
2618 2362
2619 877
2620 775
2622 2562
2623 2771
2623 4062
2624 938
2628 155
2628 803
2628 4461
2629 916
2629 2154
2629 3297
2630 2211
2631 213
2632 220
2632 1190
2634 2227
2635 3735
2637 552
2637 1255
2637 3444
2638 1780
2639 2557
2640 2163
2643 207
2643 956
2643 3236
2645 1590
2647 4626
2649 1555
2649 3404
2649 3465
2650 885
2650 2799
2651 344
2653 3295
2654 2097
2655 3188
2656 1974
2656 2286
2656 3639
2658 1488
2660 4092
2661 1149
2661 1710
2661 1793
2662 585
2663 2434
2663 4312
2664 416
2664 2011
2665 1672
2665 2360
2665 2515
2666 4679
2667 1311
2668 3120
2670 267
2670 1265
2670 4660
2672 611
2672 1376
2672 4161
2672 4237
2673 797
2674 3011
2675 313
2676 4577
2682 22
2682 2967
2683 2147
2683 2627
2684 2266
2684 2511
2684 2724
2686 3681
2687 284
2689 1840
2690 3427
2691 188
2691 3042
2692 3522
2692 4581
2693 1274
2694 2253
2695 1828
2697 194
2697 3700
2698 2004
2698 3705
2700 3244
2701 201
2702 2542
2703 1527
2703 3258
2705 147
2706 1127
2706 1392
2706 1563
2706 4530
2708 2475
2708 3345
2708 4112
2709 2572
2709 4185
2710 488
2710 3185
2710 3725
2712 1191
2712 1534
2713 2431
2713 3420
2714 332
2715 1177
2716 1144
2717 242
2717 1292
2717 4092
2717 4258
2719 1801
2721 27
2721 4719
2722 1385
2722 2009
2723 97
2723 1168
2724 840
2724 2638
2726 3351
2727 2134
2727 2420
2727 2833
2728 311
2728 939
2729 243
2729 2489
2729 4476
2730 3124
2730 3609
2731 2659
2732 2289
2732 2713
2736 1615
2737 3184
2738 12
2738 3735
2739 1789
2740 4028
2741 4221
2744 4143
2746 3319
2747 2510
2748 3006
2749 2752
2750 1800
2750 3106
2751 2205
2752 4691
2754 1719
2754 2107
2755 1965
2755 2413
2755 3633
2756 586
2756 2024
2759 1007
2761 4114
2762 4191
2763 214
2765 2034
2766 1974
2766 3637
2767 3805
2768 288
2768 4029
2769 536
2769 2822
2769 4155
2770 1986
2770 3814
2771 4021
2776 278
2776 1842
2777 2800
2779 2943
2779 4749
2782 722
2782 3308
2784 2414
2788 3338
2789 2833
2789 3104
2790 2946
2791 995
2791 4723
2792 714
2792 2213
2792 4514
2793 3068
2793 4331
2795 117
2797 72
2797 1140
2797 2889
2798 60
2798 741
2798 1679
2798 2910
2798 3443
2799 1156
2801 780
2803 46
2803 1011
2806 2962
2807 776
2807 1371
2808 3671
2809 2234
2809 4173
2810 188
2811 2265
2812 685
2814 3018
2816 3892
2818 2177
2819 1800
2820 493
2821 1432
2822 209
2824 545
2824 3268
2826 2928
2826 4459
2826 4722
2827 630
2829 3524
2830 961
2832 4504
2833 1851
2833 2908
2833 4043
2834 1959
2834 3595
2837 4546
2838 2163
2838 3021
2841 4385
2844 2808
2845 1310
2845 1431
2846 4221
2847 267
2849 4569
2853 642
2854 922
2855 3427
2857 1710
2858 3176
2859 1586
2861 1492
2861 1587
2862 4642
2863 3636
2863 4098
2863 4348
2864 4211
2865 670
2867 422
2868 2740
2868 3949
2871 3697
2872 3635
2873 1361
2873 2461
2873 4382
2874 48
2874 2221
2875 1267
2876 1234
2879 3027
2883 2842
2884 77
2884 229
2884 3886
2886 2954
2886 3164
2887 1550
2887 2070
2888 337
2890 608
2891 328
2891 3385
2892 2684
2892 3314
2894 1006
2894 1693
2894 2209
2894 4701
2895 1567
2895 2811
2896 3238
2898 709
2898 3015
2899 4201
2900 4410
2901 393
2901 1692
2901 3395
2903 444
2903 1940
2903 3216
2903 4077
2904 4525
2905 1805
2908 3762
2909 361
2912 1405
2912 1828
2913 3801
2914 3835
2915 2222
2916 2137
2916 3875
2917 775
2917 2054
2918 502
2919 2570
2920 4283
2921 2478
2922 975
2922 4358
2923 869
2924 915
2924 1884
2926 404
2926 3439
2928 2172
2930 1714
2933 32
2933 3681
2933 3722
2935 3677
2938 1799
2939 1730
2940 3477
2942 485
2942 1296
2942 4573
2943 980
2943 4682
2944 734
2946 47
2946 1178
2946 1561
2946 3899
2947 4056
2948 3316
2949 303
2950 1546
2950 3275
2951 3916
2953 3175
2955 199
2955 1836
2955 3468
2958 3612
2959 1380
2960 1048
2960 1559
2960 2587
2960 2632
2961 814
2961 1444
2961 2446
2964 660
2968 2961
2968 3141
2968 3692
2968 3743
2968 3847
2969 357
2969 1369
2969 3767
2970 2944
2971 691
2971 4553
2974 2910
2974 3880
2975 346
2976 2336
2977 1000
2977 2028
2977 4391
2979 1468
2980 4677
2981 1001
2981 2388
2981 3104
2983 818
2984 2803
2984 4051
2987 1114
2989 2205
2990 2512
2991 4025
2992 4666
2993 1043
2993 2852
2995 959
2995 2939
2998 1818
3000 482
3000 1376
3002 665
3004 1742
3005 1964
3007 4527
3007 4605
3008 4218
3010 634
3013 2056
3013 4545
3014 2556
3014 3118
3015 2805
3015 2919
3018 3860
3018 3950
3020 2645
3021 889
3021 3509
3022 4441
3025 2571
3026 795
3026 1021
3028 194
3028 2291
3030 1444
3031 2622
3033 3804
3033 4291
3035 4419
3036 1943
3039 3718
3040 2361
3040 3965
3041 542
3043 3060
3043 4248
3044 861
3045 1342
3045 1579
3046 1019
3049 2377
3049 3025
3050 3448
3051 279
3051 1266
3051 3789
3052 3302
3052 3542
3055 4236
3055 4692
3059 2028
3059 4168
3060 169
3062 923
3069 2391
3070 2395
3072 3569
3072 3604
3072 4422
3073 143
3075 1769
3075 3456
3078 2030
3078 2299
3080 227
3080 4180
3081 2551
3082 4590
3083 926
3083 1718
3083 4692
3084 84
3084 3520
3086 437
3087 3394
3087 4404
3089 1405
3089 3699
3089 4565
3093 2752
3095 1274
3096 127
3096 733
3096 2625
3097 78
3097 1252
3098 4149
3099 624
3099 2240
3099 4744
3103 4488
3104 4068
3104 4296
3105 2173
3106 1654
3106 1831
3109 4674
3110 2713
3114 133
3114 337
3115 2868
3118 4394
3119 4408
3120 3456
3122 2356
3124 3634
3125 2034
3125 4061
3127 3396
3128 2050
3129 85
3129 1473
3130 1089
3131 1145
3131 2331
3136 4131
3137 1932
3139 646
3141 1140
3143 1303
3147 3685
3147 3995
3148 3242
3150 4040
3152 413
3152 1685
3153 4081
3154 3711
3157 1763
3158 985
3158 1329
3159 24
3159 1007
3159 1646
3159 3753
3160 2667
3160 4477
3162 2209
3163 3038
3164 1134
3164 2034
3166 2926
3166 3401
3167 1788
3167 3628
3167 4287
3169 3291
3174 2157
3175 2920
3176 590
3181 2434
3181 3177
3182 3033
3183 826
3184 3399
3185 1545
3186 3219
3187 83
3187 143
3188 2507
3189 4360
3190 2056
3191 914
3193 868
3193 3944
3195 1590
3195 4621
3196 3740
3198 4219
3199 1872
3200 202
3200 970
3201 2485
3201 3012
3202 792
3202 4153
3204 2946
3204 3606
3205 2917
3208 2104
3209 1746
3209 2558
3212 2636
3212 2759
3213 1423
3214 983
3214 4034
3215 201
3215 2410
3215 4147
3215 4156
3216 1337
3216 1518
3216 3918
3218 438
3220 1757
3221 3838
3222 818
3222 2333
3223 1191
3223 3655
3225 4171
3226 3018
3226 3121
3228 1664
3228 2034
3229 614
3230 2292
3230 2905
3231 2423
3231 2806
3232 1410
3234 3031
3237 721
3240 3727
3242 1913
3242 4128
3243 4723
3244 3364
3244 4186
3244 4635
3245 1382
3245 3538
3246 1838
3248 324
3249 2547
3250 413
3250 2885
3251 642
3252 1115
3254 1837
3255 1673
3255 3710
3256 68
3256 1063
3258 638
3258 1901
3260 4255
3262 41
3262 4029
3264 705
3264 719
3265 4640
3266 3753
3269 3056
3271 1558
3271 2656
3273 7
3273 1722
3274 3202
3277 143
3277 381
3278 737
3279 830
3279 3610
3280 778
3280 2636
3280 3654
3281 3455
3282 3179
3282 3590
3282 3701
3283 2577
3283 4253
3283 4386
3284 2441
3287 4182
3289 952
3290 1562
3290 3358
3291 3659
3293 4643
3294 183
3294 1330
3295 1703
3295 2094
3296 192
3297 277
3297 3354
3299 925
3299 2507
3301 1945
3301 2891
3301 3827
3301 4659
3303 2435
3304 579
3305 1155
3305 1336
3307 261
3307 3931
3308 4210
3309 1768
3311 1055
3311 1898
3312 3405
3317 2217
3317 3971
3319 4327
3320 2266
3320 2297
3321 647
3321 786
3321 1325
3321 1731
3322 228
3322 864
3324 3467
3325 2574
3325 3866
3326 3670
3328 3822
3328 4073
3329 2202
3333 2611
3334 1904
3338 308
3338 4485
3339 1336
3339 3952
3339 4340
3340 3776
3341 2689
3343 263
3344 1354
3344 4430
3346 1056
3346 1209
3347 1410
3349 953
3351 790
3351 3718
3353 1699
3354 2543
3355 8
3355 767
3355 1106
3355 2927
3355 4132
3356 1226
3357 4144
3358 1063
3360 7
3360 1442
3360 3384
3360 4404
3363 2502
3366 2257
3366 4213
3367 2236
3367 2765
3370 2038
3370 4273
3372 331
3373 752
3374 871
3375 874
3375 3800
3376 942
3376 3523
3377 1535
3377 1990
3378 4289
3379 3355
3380 110
3382 301
3382 1075
3382 2465
3382 2843
3383 1443
3384 1813
3385 1598
3385 2700
3387 1362
3387 2350
3387 4739
3389 2719
3390 871
3391 16
3391 253
3393 35
3393 2712
3394 327
3395 1910
3396 4010
3398 55
3399 1483
3399 1791
3401 2219
3401 2311
3401 2799
3401 3768
3402 611
3402 2322
3403 4313
3407 3803
3408 3284
3409 1138
3409 1389
3410 4628
3411 2501
3411 4644
3412 4581
3414 791
3414 2302
3414 3955
3415 1204
3415 2336
3420 1895
3420 3692
3421 1323
3421 1421
3421 4543
3427 485
3428 3799
3429 1241
3430 1532
3430 3446
3431 2827
3431 4205
3433 946
3433 2241
3434 3285
3435 2883
3436 2711
3437 1027
3438 4177
3438 4262
3440 1794
3441 1292
3441 2317
3441 4461
3442 825
3443 2478
3443 3210
3443 3605
3444 2008
3444 2573
3447 2391
3448 910
3448 1670
3450 4674
3453 3130
3454 2652
3454 3786
3454 3963
3457 3520
3458 774
3459 2244
3459 4476
3461 654
3461 753
3462 904
3462 4150
3463 1766
3463 2859
3463 4174
3465 1662
3467 3392
3467 3632
3467 4042
3467 4087
3468 546
3470 2335
3470 2865
3470 3994
3471 1804
3473 5
3474 541
3474 2404
3476 2749
3477 1196
3477 3018
3478 4685
3479 4038
3481 3005
3483 78
3485 224
3486 1725
3486 4103
3488 2571
3488 3323
3489 3979
3489 4530
3490 305
3490 1376
3492 2315
3494 792
3494 1904
3494 3036
3494 4549
3495 861
3495 971
3495 3659
3497 1342
3497 3373
3497 3599
3497 3752
3500 282
3500 3539
3502 2058
3502 2941
3502 4043
3503 592
3504 4136
3506 121
3506 3539
3508 2268
3508 2767
3511 3805
3512 4444
3514 991
3516 1067
3516 2995
3517 1954
3518 2397
3519 609
3522 414
3522 4484
3524 12
3524 1643
3526 3067
3527 125
3527 1662
3527 3171
3529 195
3534 2827
3536 144
3536 1908
3536 4700
3538 3954
3539 1566
3539 1612
3539 3804
3541 2745
3543 400
3543 3004
3543 4482
3544 4706
3546 3958
3546 4034
3547 3229
3548 4358
3551 1536
3551 2718
3551 4637
3552 2
3552 21
3554 1657
3554 2300
3555 2426
3557 2548
3557 3741
3557 4015
3558 2186
3561 2200
3562 3737
3563 2157
3564 512
3564 2148
3564 2398
3564 3598
3565 1858
3565 2117
3565 4083
3566 4528
3567 4696
3568 1697
3568 2709
3570 2744
3571 4501
3573 4532
3574 2194
3575 84
3577 4234
3579 344
3579 1065
3580 1443
3581 684
3582 1624
3584 903
3585 3500
3586 3645
3587 223
3587 3653
3587 4671
3589 1005
3589 3464
3590 3974
3590 4515
3591 900
3591 2472
3593 2757
3594 1593
3595 3179
3598 3093
3600 3944
3602 1164
3602 1660
3602 3298
3604 714
3607 936
3609 2862
3613 3310
3615 2777
3615 4241
3616 4442
3619 614
3619 2608
3622 520
3622 4491
3623 506
3624 2052
3624 2270
3624 2831
3624 4585
3627 910
3627 2330
3627 4426
3629 536
3630 698
3630 3829
3631 2624
3632 565
3634 3280
3636 86
3636 530
3636 2081
3637 616
3637 2156
3639 136
3639 2099
3640 4164
3640 4261
3642 2999
3646 3463
3648 2350
3650 784
3650 1151
3650 1200
3651 373
3652 1601
3653 2777
3656 1110
3657 3040
3659 1393
3660 3202
3663 2154
3664 3265
3667 1754
3669 1431
3670 697
3670 2760
3673 3379
3673 3497
3674 344
3674 2320
3675 1173
3676 4017
3678 4286
3679 4361
3680 4
3680 1571
3681 1403
3682 3508
3682 3921
3683 80
3683 452
3683 482
3685 815
3688 1365
3689 1838
3689 4720
3692 244
3692 1753
3693 127
3693 2178
3693 3485
3694 3171
3695 2099
3696 431
3696 503
3697 256
3698 1725
3699 502
3700 3111
3701 2466
3703 863
3704 1169
3707 4304
3708 739
3708 3370
3708 4324
3709 782
3710 3491
3711 805
3712 2603
3713 4160
3715 2872
3715 2927
3716 3639
3718 2585
3718 4633
3719 154
3719 582
3719 4510
3724 4439
3726 4531
3726 4703
3728 1659
3728 2057
3729 2597
3731 399
3731 841
3731 1962
3733 1487
3734 1933
3734 2364
3734 4195
3735 1445
3736 2429
3737 1045
3739 1432
3739 1791
3739 2025
3739 3214
3740 744
3740 3925
3741 4026
3742 1500
3742 1818
3744 1551
3744 3008
3744 4419
3745 1215
3746 2199
3746 3867
3747 798
3748 2447
3748 3495
3749 746
3749 3803
3749 4621
3751 637
3751 1251
3751 3067
3752 1287
3752 1501
3752 4400
3753 2288
3753 3475
3754 1875
3754 2511
3755 1576
3755 2715
3756 854
3757 2264
3757 2712
3758 2637
3758 3366
3761 978
3761 1978
3763 1223
3763 1927
3763 3071
3764 139
3764 1891
3765 1337
3765 2227
3766 206
3767 2422
3767 4359
3770 558
3772 268
3772 4097
3773 3350
3774 2873
3775 328
3775 3154
3776 478
3776 772
3776 1731
3776 3945
3777 39
3779 1995
3779 4365
3781 1259
3781 3865
3784 746
3788 3544
3789 157
3789 2390
3790 26
3790 1802
3791 994
3795 2484
3795 2874
3796 1829
3797 190
3797 1568
3797 3529
3797 4401
3798 3457
3800 254
3800 1129
3802 546
3802 2990
3802 3432
3803 893
3803 3321
3804 1665
3804 2666
3808 1294
3809 3347
3809 3602
3811 3055
3812 2936
3813 1435
3813 2127
3814 1727
3814 2926
3816 46
3816 1417
3816 2683
3818 10
3819 1869
3820 2039
3820 3500
3822 1950
3824 642
3824 964
3825 4695
3827 2126
3827 2952
3827 4557
3829 1745
3830 1739
3830 4007
3832 464
3832 3606
3835 4420
3836 408
3836 1179
3837 2782
3837 4750
3840 557
3841 262
3842 1802
3843 887
3849 2489
3849 3546
3850 203
3850 378
3850 1597
3850 2878
3850 3481
3850 3907
3852 1504
3852 4566
3854 1931
3854 3089
3854 4312
3855 4219
3856 1515
3857 479
3858 4250
3859 3582
3860 134
3860 3920
3861 3061
3864 927
3865 2578
3865 2799
3865 2909
3866 1957
3866 3789
3868 597
3868 3156
3869 2456
3870 1245
3870 2159
3870 3630
3871 1754
3871 2991
3871 4231
3873 21
3874 1267
3876 588
3876 2778
3879 948
3881 761
3881 2443
3881 4297
3882 4727
3883 868
3884 2146
3884 4147
3885 4191
3886 4382
3887 1869
3887 4413
3888 2221
3888 2723
3888 4470
3889 3299
3889 3638
3890 680
3891 3036
3891 3264
3892 466
3894 119
3894 1672
3896 1016
3896 2305
3896 3421
3897 1149
3898 3473
3899 868
3899 2427
3899 3998
3901 265
3901 1081
3901 3986
3902 746
3902 1213
3904 1478
3905 2777
3905 4476
3907 933
3907 1071
3908 458
3910 128
3912 3881
3913 2824
3913 4709
3914 4182
3915 1107
3917 965
3917 1237
3918 1300
3918 3629
3919 915
3922 1649
3923 137
3923 4626
3924 4371
3926 3858
3928 2584
3929 3487
3930 3286
3932 1377
3933 2384
3934 962
3934 3586
3935 3482
3937 999
3938 2667
3939 1427
3940 839
3940 2346
3941 1779
3941 2380
3941 3766
3942 601
3942 2253
3942 3601
3943 330
3943 981
3943 3543
3944 2858
3945 3323
3947 566
3947 653
3947 4140
3949 4425
3953 1239
3953 3244
3953 3330
3954 597
3955 523
3956 1832
3957 282
3957 1591
3957 3432
3958 1480
3959 4233
3960 479
3960 2947
3963 1602
3963 2029
3963 2633
3964 4138
3965 163
3966 1336
3967 3060
3969 291
3971 3182
3971 4109
3972 4404
3973 1014
3975 769
3977 4741
3978 2782
3979 2055
3980 168
3980 1041
3983 2768
3983 2947
3984 2454
3985 2950
3986 536
3986 616
3986 1814
3987 2792
3988 95
3988 3552
3989 2456
3990 175
3990 2060
3990 2757
3990 2876
3991 1785
3992 1671
3992 2992
3993 4489
3994 1828
3995 3462
3995 3797
3996 23
3997 2795
3997 3273
4001 3068
4004 594
4005 4056
4005 4104
4006 2508
4006 3643
4006 4439
4007 2961
4008 3871
4009 494
4009 2435
4009 2591
4010 149
4010 1682
4010 3268
4011 1538
4012 4261
4014 83
4014 3726
4015 126
4016 4447
4017 1725
4017 2008
4018 770
4021 2730
4022 2634
4022 3174
4023 3093
4024 1229
4024 1673
4025 1467
4027 4689
4029 1244
4029 4588
4031 4367
4033 4529
4034 3305
4036 233
4037 2664
4038 1659
4038 4724
4039 3040
4040 3735
4041 403
4041 3945
4042 3359
4042 4348
4043 3630
4046 1330
4047 2216
4049 3113
4050 947
4051 4374
4052 2024
4054 2529
4055 1027
4058 1984
4059 304
4059 2846
4059 3623
4059 4173
4062 4008
4063 1907
4064 539
4068 1583
4068 3246
4069 483
4069 1211
4069 4659
4071 4138
4072 1243
4072 3511
4073 4639
4074 1884
4075 302
4076 1778
4078 1883
4080 3734
4081 844
4081 3594
4081 4059
4084 132
4084 2335
4084 2956
4085 2737
4085 3218
4086 3206
4086 3379
4087 637
4087 953
4087 1739
4087 2770
4088 2988
4088 3569
4089 662
4089 1603
4089 2749
4090 608
4091 1937
4091 3359
4092 3394
4093 4591
4095 1287
4096 739
4103 3433
4106 3177
4107 788
4107 2544
4107 2923
4108 694
4108 3912
4112 3138
4113 574
4113 3784
4114 3417
4115 980
4116 431
4116 649
4117 1927
4118 1458
4119 2292
4119 2634
4119 4498
4120 759
4122 3426
4123 3914
4123 4315
4125 4560
4128 108
4128 481
4130 1401
4130 2458
4133 2798
4133 3676
4134 3893
4134 4550
4135 347
4135 437
4135 2087
4135 2938
4135 3297
4137 415
4137 1941
4137 3781
4139 1523
4140 2435
4141 2064
4141 2543
4142 153
4142 352
4144 2728
4147 718
4147 784
4147 3099
4147 4535
4148 3041
4148 4327
4150 651
4151 1557
4152 647
4152 1813
4153 684
4154 261
4154 2940
4154 3967
4155 352
4156 4439
4162 1121
4162 2301
4162 3097
4163 1082
4163 2948
4164 2963
4165 3240
4165 4152
4166 1817
4166 3127
4167 187
4169 2663
4171 574
4171 732
4173 1130
4173 3691
4173 3944
4174 2377
4175 239
4178 100
4183 1067
4183 4345
4184 3847
4184 3863
4185 1856
4186 2306
4187 2417
4187 3018
4188 3386
4189 2479
4189 2620
4190 1299
4190 4072
4191 2571
4191 3904
4192 372
4194 2624
4195 99
4197 4134
4198 1304
4199 4135
4201 2340
4201 2473
4203 216
4203 620
4203 1547
4203 3141
4204 3770
4205 3192
4205 4612
4206 2143
4206 2668
4207 1804
4207 2134
4208 182
4208 4454
4209 1292
4214 1218
4217 3486
4217 4329
4219 907
4220 760
4222 1773
4226 1883
4226 3933
4229 4020
4230 2441
4231 3923
4232 883
4232 2496
4235 3055
4236 1883
4240 1197
4240 4007
4241 1001
4242 811
4242 3151
4243 1149
4244 315
4244 1812
4245 3432
4245 4062
4245 4735
4247 3280
4247 3630
4248 4364
4251 430
4251 2553
4253 552
4253 1853
4256 616
4256 2376
4256 4643
4258 1011
4258 2280
4260 951
4260 3915
4261 3008
4264 4138
4266 392
4266 2271
4266 3692
4266 4429
4267 1704
4267 3129
4268 41
4269 2434
4270 2642
4278 5
4278 3018
4279 1530
4282 173
4285 1166
4285 2148
4285 3529
4285 3584
4286 4267
4287 3641
4290 3750
4291 2094
4291 2530
4295 1702
4295 3425
4295 4271
4296 515
4297 3641
4298 433
4298 527
4298 2998
4298 3738
4299 182
4301 924
4304 3048
4304 4688
4306 1981
4307 1784
4310 1554
4310 1598
4313 3726
4314 2456
4315 2688
4315 4739
4317 1784
4318 98
4318 1659
4320 4396
4322 4348
4324 4684
4325 718
4325 854
4326 132
4327 1092
4328 244
4328 1226
4331 4622
4332 2380
4335 936
4335 1564
4335 1752
4335 2878
4337 1842
4337 2792
4337 4056
4341 2279
4341 3868
4342 2277
4342 4037
4346 2302
4346 2938
4347 3694
4349 316
4349 2303
4349 3121
4352 2784
4353 3405
4354 160
4354 282
4357 4733
4359 4042
4361 878
4362 949
4362 1823
4363 2221
4363 3123
4365 3504
4366 2260
4367 543
4367 969
4369 2951
4370 3148
4371 2644
4371 3176
4371 3861
4373 1669
4374 1394
4375 58
4375 2950
4377 1613
4377 3607
4379 1166
4379 1973
4379 4112
4379 4274
4380 2878
4380 3683
4383 3600
4391 4291
4392 2843
4392 3561
4394 2848
4394 3666
4395 924
4396 278
4397 360
4397 1085
4397 2531
4399 780
4399 3625
4400 1689
4402 45
4402 2619
4403 631
4403 2640
4403 2915
4404 349
4404 4693
4405 1418
4406 3689
4406 4363
4409 929
4410 2855
4410 3084
4410 4428
4419 3134
4420 2710
4423 3686
4426 52
4428 1369
4429 3797
4431 134
4431 1627
4432 248
4433 2793
4434 91
4434 4566
4437 1620
4441 3229
4443 4012
4444 4443
4445 2984
4447 1450
4447 2546
4450 3809
4451 2113
4451 2190
4454 794
4456 438
4456 2799
4457 1372
4457 2055
4459 958
4460 394
4460 437
4461 453
4465 816
4468 912
4468 1199
4469 4001
4470 2835
4473 739
4477 1558
4480 2973
4482 2618
4484 1258
4486 2798
4487 2556
4488 1910
4488 4497
4495 2452
4495 4364
4496 2258
4500 1792
4500 3853
4501 546
4503 239
4503 2967
4504 2435
4505 3119
4506 514
4506 3303
4507 554
4508 66
4508 310
4509 4474
4511 4106
4513 3102
4515 2662
4515 2691
4516 1592
4516 2611
4517 2332
4521 652
4523 100
4524 4173
4525 1515
4527 2855
4529 140
4529 630
4532 1936
4532 3958
4535 212
4537 1740
4538 943
4540 3601
4543 1609
4543 3951
4543 4058
4544 1768
4544 4145
4545 2303
4545 3476
4545 4316
4546 2320
4546 4190
4547 1618
4547 2863
4549 391
4551 4744
4552 567
4552 1769
4553 325
4554 2233
4555 1472
4556 3386
4556 4096
4558 1606
4559 731
4561 1885
4562 1377
4563 3750
4564 1283
4564 3333
4564 4283
4566 4433
4567 1375
4567 2318
4567 4279
4568 2459
4569 1525
4571 320
4572 2455
4572 4682
4574 2027
4575 1987
4577 442
4581 4626
4585 2807
4586 2990
4586 4102
4587 4375
4589 887
4589 1210
4590 4009
4591 403
4591 1672
4591 3196
4593 2040
4593 3392
4593 4739
4595 36
4595 3649
4596 3077
4598 3099
4599 2390
4599 3516
4601 4505
4602 809
4604 1633
4604 1748
4605 2786
4605 3125
4605 4534
4606 932
4606 1689
4606 3910
4607 1836
4607 3709
4607 4093
4608 2297
4609 655
4609 2324
4611 2274
4611 3107
4613 2050
4613 2285
4613 3865
4614 394
4614 664
4615 726
4617 3602
4619 1979
4620 1354
4620 3303
4620 4531
4622 462
4623 1297
4623 4593
4624 2583
4626 1516
4626 4053
4628 1727
4629 1384
4629 1449
4629 2308
4629 3444
4633 2180
4633 2825
4635 4157
4636 688
4636 4357
4639 3941
4642 4184
4645 1670
4645 1869
4645 3438
4646 198
4648 202
4648 490
4649 827
4650 1820
4651 1375
4651 4551
4652 3313
4653 1125
4653 3150
4657 842
4657 4332
4658 4096
4661 278
4662 166
4663 434
4663 904
4663 4048
4664 3965
4667 3470
4668 1560
4671 2441
4671 3194
4675 4275
4677 3421
4678 773
4678 2321
4678 3618
4679 589
4679 2873
4681 4512
4682 1598
4683 753
4684 4718
4685 3954
4686 3121
4686 3382
4686 4650
4687 3686
4687 4525
4688 4482
4689 1022
4692 3372
4694 1315
4695 2378
4696 1110
4697 1008
4697 3737
4698 589
4698 1526
4698 2030
4699 3770
4700 4227
4701 2346
4701 4561
4702 3254
4703 11
4705 3580
4705 4720
4708 3878
4712 2959
4713 1798
4714 1559
4714 2646
4716 2484
4721 2267
4721 3406
4722 3335
4723 2391
4723 3130
4724 4262
4726 2974
4726 4038
4728 288
4728 633
4728 1816
4730 4139
4731 2429
4731 3585
4733 1127
4734 1463
4734 3131
4736 3279
4737 4172
4738 3617
4739 102
4739 681
4739 857
4740 1476
4740 2078
4741 4
4743 1846
4743 2925
4746 2202
4748 2220
4748 3299
4749 3837
4749 4160
