500
500
4 258
4 286
5 216
7 75
7 393
8 95
8 131
8 257
9 227
12 10
13 114
14 248
14 296
14 390
15 41
15 451
17 174
18 147
19 161
20 155
20 302
21 265
22 153
24 176
25 85
25 92
25 448
26 290
26 357
26 403
28 357
28 440
29 151
29 197
30 78
31 229
32 345
34 182
34 360
34 406
34 425
37 473
40 32
40 412
41 473
44 188
45 47
45 435
45 454
46 38
47 367
48 277
50 79
50 420
51 108
53 157
54 207
54 373
56 236
57 339
57 433
59 154
59 232
60 320
61 407
62 180
62 460
64 260
64 346
64 445
64 461
66 16
66 339
67 65
67 212
68 190
68 437
69 347
74 237
74 328
75 269
75 482
75 500
76 129
77 177
79 477
80 242
83 187
84 243
86 107
87 65
88 145
88 388
90 210
93 153
94 51
94 105
94 456
97 13
97 478
100 32
101 108
101 302
101 385
101 420
101 424
102 231
106 54
108 53
108 457
110 234
111 143
115 162
116 365
117 335
119 108
121 51
121 145
121 215
122 278
122 291
123 25
123 129
123 227
126 11
126 440
127 347
127 451
127 485
128 391
129 204
130 215
131 443
132 42
133 420
134 423
135 136
135 227
137 226
138 121
139 113
139 143
141 154
143 18
144 227
145 56
145 292
148 75
148 481
152 218
153 79
154 466
155 248
157 174
158 37
158 303
159 424
161 201
162 256
164 178
165 262
165 415
166 51
169 346
171 124
171 490
172 422
173 356
173 445
173 481
174 122
175 268
175 416
176 315
177 499
178 138
178 316
179 427
180 399
182 28
182 284
184 15
187 374
188 60
188 109
189 170
189 347
191 255
192 162
192 195
192 383
193 160
195 2
195 23
196 58
196 132
196 140
201 383
202 442
204 286
205 439
205 489
208 20
210 73
211 414
212 383
212 433
213 61
213 222
213 265
214 28
214 391
214 449
215 304
217 141
219 80
222 17
222 184
223 154
223 245
225 256
226 484
227 128
227 162
227 350
228 212
230 114
230 485
231 99
232 59
232 161
232 417
233 319
235 82
241 305
242 89
242 346
242 384
245 118
247 84
251 1
252 181
254 240
254 365
254 374
255 372
257 286
257 295
258 148
260 379
261 228
262 87
262 312
262 418
263 61
263 345
265 153
265 173
266 371
267 199
268 161
268 258
269 379
270 20
270 323
270 376
270 391
271 404
273 321
273 491
274 51
274 52
274 78
275 421
277 137
278 89
279 426
280 450
281 159
282 266
282 366
282 491
283 5
283 24
283 57
284 50
284 301
288 31
288 251
288 351
291 106
291 295
292 27
292 72
296 280
296 359
298 213
298 277
299 354
300 2
300 146
302 9
303 37
303 141
303 499
304 60
304 339
304 474
305 316
309 218
311 477
312 427
313 176
315 284
316 45
317 352
318 100
319 1
319 312
320 295
321 15
325 85
325 418
326 68
326 369
328 71
328 176
329 386
330 97
330 417
331 111
331 451
332 470
333 405
336 267
337 1
337 44
337 187
337 335
337 352
339 340
340 474
341 38
341 135
342 319
342 455
342 488
343 131
343 175
343 478
344 140
345 380
346 152
350 476
351 9
351 205
351 278
352 300
352 311
353 139
353 478
354 6
354 323
355 323
355 368
355 454
356 193
358 3
358 6
358 254
359 205
361 337
363 225
365 376
366 388
367 266
368 13
368 460
371 143
373 6
373 128
373 326
375 128
376 274
379 14
380 487
384 127
384 268
384 290
385 288
387 165
387 218
387 271
388 49
388 311
390 41
390 51
391 90
391 322
392 323
392 435
393 408
397 408
397 462
397 493
398 138
398 209
399 135
399 188
399 330
401 267
407 56
408 250
408 488
410 116
410 262
410 286
411 215
414 22
414 290
414 398
415 246
417 227
418 32
418 70
418 446
422 459
423 234
423 333
424 123
425 145
425 432
425 488
427 231
431 28
431 133
431 278
432 358
433 425
435 409
436 97
437 444
440 32
441 470
442 408
443 62
443 245
443 329
443 333
443 358
444 332
445 245
445 435
446 123
446 323
450 93
450 125
450 303
452 175
452 215
453 428
456 12
457 152
457 341
458 401
458 489
460 149
461 231
462 204
462 230
462 398
464 172
464 233
464 334
467 63
468 27
468 254
470 129
470 185
473 266
474 195
474 263
474 398
475 240
477 399
479 221
481 360
481 423
483 460
485 395
487 485
487 493
489 267
492 476
496 107
497 193
497 224
498 332
499 491
500 219
