50
407
1 4
1 27
1 28
1 31
1 40
1 49
2 4
2 7
2 12
2 14
2 17
2 18
2 28
2 35
2 37
2 38
2 46
2 47
2 48
3 5
3 12
3 37
4 1
4 2
4 20
4 24
4 26
4 41
4 43
5 10
5 15
5 19
5 21
5 24
5 28
5 29
5 30
5 39
5 40
5 41
5 42
5 43
5 50
6 2
6 4
6 7
6 13
6 16
6 22
6 26
6 45
7 6
7 13
7 14
7 21
7 28
7 37
7 38
7 42
7 47
7 49
8 3
8 5
8 6
8 9
8 10
8 19
8 41
8 44
8 50
9 4
9 11
9 44
9 45
9 48
10 5
10 6
10 21
10 22
10 26
10 32
10 48
11 1
11 30
11 41
11 43
11 50
12 1
12 24
12 29
12 45
13 4
13 33
13 37
13 38
13 46
14 9
14 16
14 19
14 21
14 22
14 36
14 41
14 45
14 49
15 12
15 19
15 22
15 26
15 37
15 49
15 50
16 2
16 3
16 9
16 11
16 23
16 29
16 45
17 5
17 9
17 16
17 21
17 25
17 27
17 29
17 30
17 36
18 6
18 13
18 15
18 29
18 30
18 34
18 40
18 41
18 42
18 49
18 50
19 7
19 9
19 26
19 32
19 49
20 3
20 7
20 8
20 9
20 11
20 14
20 16
20 21
20 24
20 29
20 32
20 34
20 37
20 40
21 3
21 15
21 16
21 17
21 27
21 45
21 46
21 49
22 11
22 15
22 37
22 38
22 48
23 1
23 6
23 10
23 13
23 16
23 26
23 27
23 31
23 32
23 44
23 45
23 48
23 49
24 1
24 17
24 18
24 23
24 30
24 34
24 36
24 38
24 47
25 13
25 26
25 30
25 39
25 42
25 47
26 7
26 20
26 39
26 42
26 47
27 4
27 23
27 31
27 36
27 45
28 4
28 7
28 8
28 12
28 18
28 26
28 30
28 33
28 36
28 37
28 40
28 48
29 1
29 2
29 3
29 7
29 12
29 13
29 17
29 20
29 24
29 32
29 34
29 39
29 45
30 4
30 11
30 15
30 22
30 26
30 33
30 34
30 35
30 36
30 43
31 1
31 7
31 15
31 20
31 22
31 25
31 26
31 37
31 47
32 7
32 8
32 12
32 20
32 22
32 27
32 28
32 39
32 49
33 14
33 28
33 35
33 38
33 45
33 47
33 50
34 17
34 22
34 35
34 41
34 43
34 46
34 49
35 6
35 38
35 46
35 47
35 49
36 7
36 9
36 11
36 15
36 26
36 28
36 29
36 35
36 37
36 40
36 42
37 9
37 21
37 28
37 29
37 30
37 42
37 46
38 6
38 14
38 27
38 32
38 41
38 44
38 47
39 5
39 16
39 32
39 33
39 35
39 37
39 40
39 45
40 4
40 5
40 9
40 10
40 16
40 22
40 25
40 26
40 32
40 38
41 6
41 14
41 23
41 25
41 28
41 35
41 42
41 49
42 6
42 8
42 10
42 11
42 14
42 20
42 27
42 32
42 35
42 36
42 40
42 41
42 44
42 49
43 2
43 10
43 11
43 31
44 12
44 15
44 18
44 23
44 31
44 35
44 46
45 5
45 20
45 36
45 37
45 38
45 39
46 1
46 4
46 11
46 13
46 14
46 33
46 37
46 47
47 3
47 4
47 9
47 13
47 14
47 24
47 28
47 30
47 33
47 41
47 45
48 9
48 16
48 18
48 25
48 41
48 44
48 45
48 47
49 1
49 3
49 13
49 14
49 18
49 27
49 32
49 40
49 43
49 44
49 46
50 7
50 22
50 26
50 35
50 39
50 44
