60
177
1 9
1 12
1 40
1 44
1 46
1 51
2 6
3 16
3 45
4 41
4 48
5 8
5 16
5 39
6 5
6 31
6 57
7 8
7 13
7 38
7 41
7 58
8 45
8 52
8 60
9 8
9 46
10 13
10 34
10 40
10 45
10 56
10 58
11 4
11 37
11 39
11 60
12 17
12 47
13 8
13 12
13 28
13 33
13 38
13 51
13 60
14 12
14 13
14 21
14 36
15 43
17 5
17 18
17 26
17 35
17 38
18 6
18 34
18 47
18 56
19 1
19 21
20 15
21 3
21 14
21 15
21 42
22 9
22 33
22 36
22 50
23 19
23 58
23 60
24 13
24 50
25 31
25 50
26 32
26 38
26 42
27 8
27 24
27 40
28 4
28 31
28 57
29 6
29 21
29 57
30 16
31 6
31 44
32 13
32 47
32 48
33 6
33 7
33 14
33 15
33 29
33 32
33 41
33 50
34 26
34 30
35 15
35 50
36 9
36 29
37 8
37 18
37 33
38 10
39 5
39 18
40 39
40 44
41 25
41 43
41 50
42 41
42 48
43 10
43 25
43 35
43 47
44 17
44 22
44 23
44 42
44 54
45 5
45 23
45 33
46 25
46 51
47 14
48 56
49 56
50 14
51 50
51 58
52 3
52 6
52 7
52 37
52 42
52 48
53 1
53 14
53 51
54 2
54 6
54 12
54 20
54 21
55 2
55 48
55 49
56 17
56 34
56 42
56 60
57 5
57 19
57 24
57 45
58 13
58 24
58 50
59 16
59 45
60 11
60 12
60 17
60 30
