60
349
1 25
1 45
1 49
1 53
2 6
2 8
2 20
2 37
2 38
2 41
2 42
2 50
2 60
3 9
3 17
3 49
4 13
4 23
4 31
4 41
4 46
4 49
4 59
5 9
5 13
5 36
5 56
6 14
6 41
6 45
7 13
7 18
7 25
7 27
7 52
8 1
8 7
8 14
8 25
8 42
9 4
9 26
9 32
9 34
9 40
9 57
10 2
10 52
10 58
11 2
11 15
11 20
11 24
11 34
11 46
12 2
12 13
12 18
12 28
12 36
12 54
12 56
13 2
13 20
13 22
13 27
13 38
13 39
13 40
13 48
13 57
14 24
14 36
14 37
14 50
14 58
15 2
15 8
15 12
15 19
15 21
15 26
15 30
15 38
15 45
16 7
16 23
16 29
16 39
16 45
16 46
17 2
17 5
17 6
17 7
17 9
17 12
17 19
17 27
17 40
17 49
17 56
18 4
18 30
18 43
18 47
18 58
19 1
19 11
19 12
19 22
19 27
19 31
19 32
19 41
19 51
19 55
19 57
20 5
20 16
21 14
21 28
21 46
21 56
22 2
22 38
22 39
22 40
22 59
23 5
23 14
23 24
23 33
23 38
23 56
24 14
24 17
24 43
24 44
24 45
24 47
24 50
24 53
25 5
25 12
25 33
25 35
25 49
26 15
26 28
26 42
26 51
26 52
27 5
27 6
27 14
27 17
27 25
27 28
27 31
27 36
27 46
28 6
28 13
28 23
28 29
28 33
28 42
28 48
28 50
28 52
28 56
29 2
29 7
29 36
29 39
30 12
30 37
30 39
30 60
31 17
31 30
31 54
31 60
32 1
32 16
32 22
32 24
32 34
32 43
32 50
32 52
33 7
33 19
33 34
33 45
33 46
33 48
33 52
33 57
34 27
34 28
34 29
34 37
34 40
34 49
35 12
35 18
35 21
35 22
36 3
36 19
36 27
36 29
36 33
36 38
36 39
36 48
37 3
37 16
37 33
37 35
37 42
37 54
38 5
38 11
38 12
38 18
38 36
38 47
39 7
39 18
39 26
39 37
39 45
39 48
39 60
40 9
40 10
40 14
40 42
41 29
41 33
41 35
41 43
41 51
41 54
41 58
42 21
42 22
42 40
43 14
44 22
44 24
44 39
44 46
44 52
44 56
44 59
45 3
45 16
45 18
45 20
45 25
45 44
45 54
45 56
45 60
46 11
46 27
46 35
46 40
46 49
46 59
47 7
47 8
47 16
47 29
47 42
47 44
47 46
47 55
48 1
48 37
48 45
48 49
49 24
49 33
49 36
49 46
49 54
50 22
50 30
50 33
50 49
51 17
51 44
51 49
52 10
52 20
52 22
52 25
52 32
52 37
52 38
52 60
53 12
53 16
53 19
53 35
53 40
53 42
54 11
54 14
54 41
54 53
54 57
55 13
55 25
55 33
55 39
55 52
55 60
56 13
56 18
56 21
56 43
56 45
56 53
56 57
57 44
57 49
58 19
58 33
58 36
58 39
58 43
58 59
59 5
59 14
59 21
59 32
59 39
59 45
59 47
59 50
60 1
60 26
60 35
