70
271
1 12
1 16
1 17
1 26
1 33
1 45
1 53
1 57
2 39
2 65
2 69
3 34
3 37
4 5
4 42
4 44
4 54
5 4
5 21
5 40
5 56
5 58
5 70
6 8
6 13
6 56
6 66
6 68
7 6
7 29
7 41
7 43
7 47
7 59
8 13
8 39
8 40
8 53
9 6
9 36
9 69
10 9
10 26
10 35
11 8
12 53
13 2
13 36
13 41
13 67
14 48
14 61
15 6
15 22
15 39
15 69
16 3
16 15
16 55
16 68
17 8
17 10
17 27
17 41
17 63
18 12
18 20
18 22
18 37
18 39
18 49
19 6
19 23
19 38
19 40
20 17
20 37
21 22
21 25
21 32
21 39
22 44
22 45
22 46
23 1
23 8
23 45
24 10
24 27
24 34
24 39
24 40
24 43
24 55
24 56
24 64
24 70
25 1
25 6
25 21
26 6
26 33
27 18
27 34
27 37
27 45
27 59
27 60
28 11
28 69
29 45
29 60
30 2
30 3
30 14
30 55
31 32
31 35
31 39
32 11
32 15
32 17
33 59
34 19
34 31
34 49
35 21
35 27
35 43
35 54
35 57
35 65
36 8
36 12
36 44
36 51
36 63
36 65
36 66
37 5
37 47
37 59
38 17
38 28
38 39
38 41
38 54
38 69
39 10
39 27
39 30
39 54
39 67
40 47
40 48
41 18
41 26
41 39
41 70
42 4
42 14
43 7
43 48
43 58
43 63
43 69
44 21
44 22
44 48
44 61
44 68
45 16
45 27
45 33
45 34
45 37
45 44
45 49
45 53
45 59
46 19
46 30
46 34
46 54
47 27
47 35
47 61
48 35
48 38
48 60
48 64
49 42
50 7
50 12
50 63
50 67
51 35
51 38
51 46
51 47
52 24
52 30
52 51
52 68
53 41
53 42
53 44
53 45
53 62
54 25
54 31
54 56
54 61
55 6
55 17
56 27
57 34
57 40
57 43
57 45
57 54
57 55
57 70
58 10
58 25
58 36
59 2
59 30
59 47
59 53
59 68
60 9
60 53
60 56
60 67
61 15
61 46
61 50
62 25
62 31
62 65
62 70
63 43
63 59
64 3
64 5
64 7
64 10
64 28
64 37
64 55
65 18
65 49
65 67
66 22
66 39
66 44
67 9
67 31
67 40
67 58
67 59
67 63
68 1
68 36
68 62
69 32
69 38
69 42
70 13
70 56
