80
159
2 22
2 30
2 58
2 68
4 26
5 75
6 39
7 2
7 12
7 31
7 75
7 77
8 9
8 46
8 71
9 17
9 32
9 48
9 50
10 9
11 35
11 55
12 8
12 45
12 69
13 27
13 69
14 79
15 49
15 54
15 67
16 34
17 23
17 48
18 26
18 62
20 38
20 59
21 23
21 55
21 61
22 4
22 19
22 36
22 46
22 48
23 7
23 24
23 37
23 45
25 24
25 27
26 50
26 65
27 24
27 68
27 72
28 25
29 68
29 74
30 17
30 23
30 75
31 21
31 41
31 44
31 57
32 31
32 42
34 50
36 9
36 19
36 41
36 50
36 58
36 79
38 13
38 22
38 76
39 34
42 15
42 30
43 74
44 40
44 49
45 18
45 56
46 8
46 40
47 6
47 26
47 43
48 5
48 11
48 24
48 31
48 36
48 74
49 58
50 64
51 7
51 70
52 34
52 54
52 60
53 62
54 66
55 57
55 66
56 64
57 16
57 35
57 47
58 20
58 21
58 54
58 67
59 56
59 78
60 43
61 60
61 64
62 14
62 16
63 68
64 53
65 14
65 25
65 40
66 46
67 10
67 32
68 70
69 19
69 23
69 45
69 70
70 1
70 2
70 11
70 39
70 55
71 41
72 25
72 61
72 80
73 65
74 21
74 66
76 30
76 48
77 69
77 71
78 14
78 15
79 9
79 15
79 35
79 58
