80
460
1 14
1 19
1 26
1 29
1 36
1 57
1 60
2 14
2 42
2 49
2 60
3 14
3 17
3 28
3 31
3 47
3 62
3 63
4 1
4 19
4 29
4 34
4 43
4 50
4 55
4 65
5 4
5 23
5 28
5 36
5 40
5 51
5 52
5 70
5 74
6 28
6 63
6 68
6 77
7 8
7 12
7 25
7 34
7 35
7 36
7 42
7 48
7 61
8 7
8 41
8 52
8 64
9 2
9 26
9 49
9 54
9 76
10 27
10 32
10 44
10 45
10 64
10 76
11 3
11 8
11 27
11 41
11 57
11 67
11 77
12 2
12 26
12 30
12 32
12 39
12 43
12 56
13 30
13 55
13 56
13 58
13 77
14 13
14 53
14 62
14 73
14 77
15 7
15 21
15 48
15 57
16 2
16 24
16 37
16 73
16 77
17 2
17 16
17 21
17 33
17 54
17 67
17 75
18 7
18 12
18 13
18 22
18 28
18 29
18 46
18 67
18 74
19 9
19 23
19 24
19 27
19 53
19 65
19 69
20 49
20 56
21 1
21 27
21 33
21 50
21 72
21 76
22 3
22 4
22 6
22 17
22 54
22 69
23 46
23 53
23 61
23 66
23 75
24 46
24 47
24 63
24 67
24 75
25 6
25 15
25 24
25 58
25 62
26 20
26 50
26 55
26 73
27 35
28 6
28 16
28 73
29 12
29 20
29 43
29 61
29 65
30 17
30 27
30 37
30 51
30 58
30 71
30 79
31 5
31 6
31 17
31 30
31 34
31 37
31 45
31 50
31 56
31 79
32 16
32 26
32 31
32 34
32 40
32 42
32 45
32 46
32 78
33 9
33 46
34 2
34 7
34 11
34 18
34 36
34 39
34 43
34 63
34 78
35 1
35 25
35 40
35 43
35 75
35 76
36 4
36 6
36 31
36 38
37 24
37 36
37 54
37 60
38 18
38 42
38 79
39 8
39 25
39 67
40 5
40 46
40 69
41 21
42 2
42 17
42 19
42 26
42 32
42 78
43 8
43 35
43 50
43 53
43 70
43 72
44 13
44 17
44 34
44 40
44 47
44 49
44 50
44 51
45 5
45 7
45 18
45 25
45 26
45 32
45 36
46 2
46 4
46 29
46 38
46 41
46 66
47 7
47 10
47 15
47 40
47 52
47 70
48 12
48 20
48 31
48 50
48 69
48 74
49 32
49 47
49 71
49 74
50 2
50 11
50 55
50 65
50 66
50 70
51 1
51 4
51 18
51 24
51 39
52 18
52 34
52 35
52 54
52 56
52 58
52 66
53 10
53 12
53 22
53 30
53 36
53 59
53 71
53 77
53 78
54 11
54 41
54 48
54 52
54 53
54 58
54 75
54 79
55 13
55 24
55 30
55 34
55 35
55 37
55 79
56 13
56 47
56 59
56 71
57 26
57 32
58 15
58 20
58 23
58 28
58 30
58 47
58 53
58 60
58 65
58 69
59 22
59 35
59 62
59 66
60 22
60 24
60 28
60 41
60 55
60 63
61 6
61 9
61 35
61 48
61 62
61 63
62 11
62 31
62 35
62 37
62 44
62 48
62 58
62 72
63 11
63 32
63 40
63 51
63 76
64 4
64 9
64 27
64 77
65 38
65 52
65 53
65 61
65 72
66 17
66 23
66 28
66 29
66 45
66 52
66 59
66 62
66 70
67 7
67 18
67 21
67 27
67 42
67 63
67 71
67 77
68 24
68 32
68 45
68 79
69 4
69 6
69 8
69 22
69 35
69 47
69 50
69 54
69 60
69 74
70 33
70 35
70 55
70 78
71 3
71 6
71 12
71 29
71 32
71 67
72 20
72 33
72 35
72 45
72 67
72 78
73 2
73 3
73 7
73 10
73 41
73 44
73 68
73 77
74 13
74 53
74 56
75 1
75 6
75 41
76 3
76 13
76 25
76 34
76 44
76 49
76 55
76 75
76 79
77 1
77 5
77 15
77 25
77 65
77 73
78 8
78 21
78 27
78 32
78 36
78 53
78 55
78 71
78 74
79 39
79 57
79 71
79 73
80 15
80 17
80 41
80 74
