80
603
1 10
1 24
1 46
1 55
2 5
2 23
2 37
2 46
2 68
2 80
3 32
3 42
3 44
3 50
3 54
3 64
3 80
4 5
4 18
4 21
4 22
4 45
4 62
4 76
4 77
4 78
5 4
5 23
5 26
5 27
5 29
5 44
5 47
5 48
5 66
5 70
6 4
6 14
6 17
6 19
6 20
6 30
6 33
6 35
6 41
6 45
6 51
6 56
6 70
7 21
7 33
7 36
7 37
7 41
7 42
7 56
8 30
8 46
8 60
9 6
9 12
9 24
9 30
9 37
9 52
10 21
10 42
10 44
10 51
10 54
10 68
10 78
11 2
11 4
11 55
11 66
11 78
12 8
12 18
12 26
12 47
12 61
12 64
13 14
13 17
13 43
13 70
14 28
14 39
14 42
14 79
15 6
15 11
15 14
15 25
15 32
15 33
15 47
15 48
15 63
15 64
15 72
16 19
16 20
16 29
16 38
16 58
16 61
16 70
16 72
16 79
17 24
17 29
17 44
17 50
17 57
18 2
18 35
18 49
19 31
19 39
19 52
19 73
20 3
20 6
20 27
20 32
20 49
20 69
20 74
21 9
21 59
21 63
21 67
22 3
22 11
22 13
22 31
22 76
22 79
23 1
23 7
23 44
23 48
23 49
23 68
23 79
24 7
24 19
24 39
24 44
24 58
24 60
24 70
24 71
24 76
25 2
25 14
25 15
25 16
25 33
25 42
25 58
25 59
25 60
25 64
25 74
26 7
26 8
26 10
26 13
26 27
26 30
26 50
26 74
26 75
27 5
27 18
27 37
27 43
27 53
27 59
28 7
28 24
28 27
28 35
28 37
28 60
28 67
28 70
29 10
29 12
29 16
29 26
29 32
29 50
29 68
30 1
30 6
30 13
30 34
30 42
30 44
30 47
30 58
30 67
30 69
30 76
30 78
31 6
31 15
31 24
31 42
31 55
31 57
31 64
31 68
31 71
31 72
31 76
31 77
31 79
31 80
32 4
32 14
32 25
32 35
32 40
32 47
32 71
32 74
33 6
33 11
33 13
33 49
33 54
33 64
34 7
34 13
34 44
34 61
34 66
34 80
35 2
35 10
35 11
35 14
35 33
35 36
35 47
35 63
35 74
36 18
36 28
36 29
36 34
36 44
36 55
36 60
36 68
36 72
37 6
37 9
37 29
37 48
37 70
37 75
38 6
38 9
38 14
38 20
38 37
38 44
38 51
39 37
39 44
39 63
39 73
39 79
40 3
40 5
40 8
40 27
40 29
40 36
40 48
40 54
40 63
40 73
41 2
41 23
41 24
41 27
41 37
41 69
41 75
42 7
42 11
42 14
42 19
42 20
42 28
42 76
43 5
43 28
43 36
43 44
43 56
44 5
44 8
44 23
44 34
44 39
44 51
44 68
44 77
45 1
45 14
45 28
45 35
45 36
45 39
45 66
45 67
46 5
46 8
46 9
46 13
46 15
46 17
46 19
46 45
46 53
46 61
46 66
46 69
47 1
47 3
47 19
47 28
47 29
47 36
47 61
48 3
48 4
48 5
48 13
48 20
48 22
48 23
48 26
48 39
48 59
48 70
49 50
49 71
50 2
50 6
50 13
50 14
50 31
50 33
50 47
50 54
50 61
50 63
50 69
50 77
50 80
51 15
51 45
51 48
51 59
51 70
51 75
52 7
52 18
52 19
52 31
52 39
52 50
53 23
53 41
53 42
53 54
53 57
53 63
54 19
54 27
54 28
54 30
54 43
54 44
54 45
54 62
54 67
54 70
54 72
55 2
55 7
55 17
55 20
55 28
55 38
56 3
56 23
56 69
57 1
57 3
57 11
57 38
57 43
57 45
57 72
57 75
58 3
58 11
58 18
58 26
58 30
58 35
58 78
59 1
59 26
59 28
59 50
59 65
59 67
59 71
59 75
60 20
60 73
60 74
60 79
61 5
61 20
61 43
61 52
61 59
62 16
62 19
62 52
62 70
62 78
63 8
63 17
63 19
63 29
63 33
63 45
63 71
64 39
64 62
64 63
65 10
65 13
65 20
65 37
65 41
65 47
65 67
66 3
66 18
66 22
66 26
66 29
66 46
66 63
66 76
66 80
67 1
67 5
67 11
67 24
67 47
67 64
67 66
67 77
67 78
67 80
68 5
68 7
68 10
68 28
68 31
68 39
68 41
68 47
68 51
68 52
68 53
68 58
68 66
68 70
68 74
68 75
69 7
69 17
69 25
69 27
69 39
69 52
69 71
69 74
69 75
69 80
70 7
70 16
70 20
70 21
70 28
70 32
70 37
70 41
70 49
70 61
70 62
70 63
71 12
71 31
71 42
71 72
71 74
72 5
72 9
72 15
72 16
72 19
72 32
72 34
72 47
72 48
72 54
72 57
72 60
73 4
73 6
73 21
73 40
73 46
73 53
73 58
73 59
73 64
73 68
73 80
74 13
74 23
74 25
74 31
74 41
74 42
74 57
74 70
75 2
75 3
75 10
75 13
75 17
75 20
75 21
75 28
75 52
75 59
76 12
76 43
76 44
76 47
76 72
77 32
77 34
77 35
77 37
77 40
77 47
77 64
78 14
78 19
78 52
78 65
78 69
78 75
78 76
79 7
79 8
79 20
79 25
79 31
79 35
79 51
79 69
79 71
79 76
80 21
80 32
80 35
80 42
80 43
80 46
80 51
80 61
80 63
80 75
