80
682
1 15
1 20
1 25
1 26
1 31
1 39
1 53
1 62
1 72
1 74
2 10
2 13
2 18
2 19
2 21
2 37
2 43
2 66
3 20
3 34
3 44
3 50
3 59
3 63
3 74
4 6
4 10
4 14
4 15
4 18
4 20
4 24
4 26
4 29
4 40
4 41
4 47
4 52
4 55
4 60
4 66
4 67
4 68
5 12
5 33
5 47
5 53
5 59
5 63
6 12
6 15
6 19
6 22
6 29
6 44
6 46
6 61
6 77
7 13
7 27
7 30
7 47
8 3
8 4
8 28
8 39
8 41
8 52
8 61
9 4
9 16
9 17
9 21
9 52
10 4
10 11
10 14
10 15
10 17
10 40
10 44
10 47
10 60
10 66
10 67
10 76
11 25
11 43
11 44
11 47
11 53
11 71
12 24
12 31
12 35
12 50
12 62
12 63
12 75
13 1
13 7
13 8
13 17
13 29
13 45
13 62
13 63
13 71
13 72
14 9
14 25
14 35
14 45
14 52
14 76
15 11
15 12
15 22
15 34
15 36
15 39
15 46
15 64
15 66
15 75
16 3
16 10
16 12
16 17
16 18
16 23
16 46
16 72
16 75
17 1
17 5
17 8
17 9
17 15
17 22
17 25
17 27
17 30
17 34
17 40
17 71
17 72
18 9
18 21
18 30
18 35
18 47
18 56
18 61
18 80
19 4
19 6
19 14
19 23
19 29
19 62
19 63
19 64
19 67
19 70
19 73
19 74
19 75
19 80
20 16
20 23
20 29
20 33
20 37
20 62
20 64
20 65
21 7
21 13
21 38
21 41
21 44
21 45
21 48
21 50
21 51
21 52
21 53
21 60
21 71
21 79
22 1
22 12
22 19
22 20
22 28
22 31
22 40
22 55
22 66
22 68
22 74
22 75
23 13
23 27
23 35
23 64
23 73
24 4
24 11
24 49
24 63
24 78
25 27
25 33
25 37
25 44
25 53
25 54
25 68
25 70
26 6
26 31
26 32
26 33
26 37
26 38
26 43
26 44
26 56
26 63
26 77
27 1
27 36
27 42
27 55
27 64
27 65
27 69
28 22
28 42
28 55
28 70
28 72
28 80
29 8
29 15
29 31
29 37
29 52
29 55
29 59
29 74
29 77
30 6
30 7
30 51
30 57
30 67
30 69
31 18
31 19
31 46
31 47
31 50
31 63
32 13
32 22
32 23
32 29
32 31
32 36
32 40
33 17
33 18
33 23
33 31
33 35
33 41
33 43
33 56
33 60
33 70
34 5
34 17
34 26
34 27
34 28
34 37
34 40
34 68
34 78
35 42
35 53
35 61
35 64
35 66
36 7
36 14
36 17
36 21
36 26
36 29
36 33
36 44
36 48
36 49
36 56
36 62
36 73
36 77
37 8
37 9
37 13
37 18
37 26
37 40
37 41
37 44
37 54
38 5
38 21
38 39
38 49
38 62
38 80
39 2
39 4
39 16
39 26
39 40
39 47
39 69
39 72
40 1
40 13
40 21
40 71
40 76
40 79
41 16
41 22
41 35
41 38
41 46
41 48
41 54
41 57
41 68
41 77
42 7
42 19
42 28
42 53
42 56
42 66
42 72
42 76
42 79
43 4
43 15
43 32
43 41
43 44
43 55
43 76
44 9
44 10
44 42
44 49
44 57
44 70
45 7
45 13
45 15
45 25
45 37
45 46
45 55
45 57
45 75
46 12
46 30
46 54
46 57
46 68
47 13
47 17
47 24
47 29
47 35
47 40
47 41
47 43
47 61
47 71
47 79
48 2
48 4
48 9
48 15
48 20
48 22
48 47
48 51
48 57
48 60
48 62
49 11
49 21
49 22
49 25
49 27
49 30
49 47
49 69
49 70
49 79
49 80
50 1
50 19
50 27
50 35
50 37
50 70
51 9
51 42
51 54
51 71
51 78
51 79
52 8
52 14
52 18
52 21
52 22
52 35
52 37
52 46
52 56
52 59
52 64
52 67
52 78
53 1
53 5
53 20
53 30
53 40
53 42
53 43
53 45
53 61
54 4
54 15
54 30
54 47
54 62
54 79
55 7
55 28
55 39
55 47
55 78
56 18
56 25
56 38
56 42
56 51
56 68
56 74
56 75
56 78
57 1
57 3
57 8
57 27
57 39
57 51
57 65
57 72
57 75
58 5
58 7
58 11
58 13
58 39
58 61
58 64
58 73
59 1
59 13
59 15
59 16
59 40
59 41
59 44
59 46
59 50
59 68
60 5
60 6
60 7
60 10
60 17
60 18
60 22
60 37
60 41
60 55
60 57
60 65
60 77
61 6
61 12
61 15
61 28
61 37
61 43
61 45
61 49
61 80
62 1
62 13
62 17
62 20
62 37
62 38
62 57
62 59
62 64
62 65
62 68
62 72
62 76
63 3
63 7
63 10
63 13
63 15
63 18
63 20
63 22
63 53
64 7
64 16
64 24
64 30
64 37
64 52
64 53
64 80
65 4
65 5
65 30
65 36
65 39
65 42
65 44
65 55
65 56
65 75
66 1
66 2
66 6
66 23
66 39
66 47
66 52
66 55
66 59
66 72
67 4
67 7
67 19
67 21
67 23
67 24
67 36
67 53
67 54
67 57
67 58
67 61
67 71
68 16
68 27
68 33
68 45
68 69
68 70
69 19
69 25
69 29
69 36
69 41
69 45
69 61
69 68
69 80
70 11
70 17
70 25
70 38
70 48
70 53
70 58
70 64
70 65
70 73
71 15
71 19
71 29
71 54
72 6
72 17
72 20
72 23
72 26
72 27
72 28
72 44
72 62
72 64
72 67
73 2
73 3
73 5
73 13
73 57
73 71
73 75
73 79
74 8
74 11
74 26
74 49
74 51
74 64
74 78
75 1
75 10
75 15
75 20
75 27
75 68
75 77
75 80
76 9
76 19
76 35
76 39
76 58
76 75
76 77
76 80
77 28
77 62
77 66
77 76
78 7
78 15
78 22
78 24
78 28
78 33
78 36
78 39
78 45
78 60
78 62
79 16
79 25
79 38
80 2
80 6
80 24
80 26
80 31
80 35
80 54
80 65
