90
854
1 15
1 19
1 58
1 75
1 82
2 23
2 25
2 37
3 9
3 16
3 26
3 35
3 42
3 44
3 66
3 70
3 74
3 82
3 86
4 9
4 21
4 22
4 28
4 33
4 36
4 37
4 43
4 49
4 62
4 72
4 73
4 76
5 15
5 17
5 30
5 34
5 36
5 42
5 55
5 66
5 69
5 71
5 74
6 8
6 29
6 37
6 40
6 52
6 55
6 57
6 86
7 1
7 20
7 23
7 24
7 41
7 51
7 59
7 60
7 69
7 72
7 74
7 79
7 80
8 1
8 12
8 20
8 34
8 37
8 39
8 49
8 61
8 63
8 71
8 81
8 82
8 84
9 7
9 20
9 23
9 50
9 78
9 81
9 88
10 1
10 4
10 7
10 11
10 18
10 21
10 24
10 46
10 62
10 80
11 1
11 2
11 5
11 18
11 32
11 37
11 43
11 44
11 49
11 51
11 63
11 71
11 86
12 20
12 22
12 32
12 34
12 41
12 50
12 53
12 55
12 65
12 81
13 1
13 8
13 10
13 33
13 38
13 48
13 54
13 64
13 77
13 80
14 7
14 13
14 21
14 23
14 27
14 29
14 31
14 32
14 42
14 50
14 51
14 61
14 77
15 1
15 16
15 17
15 27
15 32
15 34
15 36
15 45
15 52
15 61
15 74
15 79
16 1
16 7
16 11
16 13
16 14
16 15
16 28
16 48
16 86
17 23
17 30
17 55
17 63
17 80
18 40
18 50
18 52
18 55
18 56
18 57
18 61
18 63
18 67
18 68
18 79
19 11
19 33
19 35
19 55
19 60
19 70
19 73
19 86
20 4
20 7
20 38
20 43
20 48
20 53
20 61
20 62
20 64
20 75
20 82
20 83
20 88
21 9
21 10
21 12
21 14
21 29
21 30
21 34
21 35
21 37
21 39
21 42
21 69
21 78
21 83
22 10
22 16
22 19
22 21
22 23
22 25
22 28
22 53
22 64
22 75
22 80
23 2
23 28
23 35
23 36
23 38
23 43
23 51
23 62
23 64
23 68
23 74
23 78
23 84
23 89
23 90
24 16
24 28
24 30
24 45
24 49
24 61
24 76
25 20
25 29
25 53
25 61
25 66
25 76
25 84
25 89
26 13
26 17
26 18
26 29
26 34
26 42
26 58
26 75
27 23
27 33
27 34
27 49
27 76
28 2
28 47
28 65
28 81
29 4
29 9
29 18
29 37
29 43
29 56
29 68
29 70
29 86
30 16
30 23
30 84
31 2
31 9
31 19
31 22
31 49
31 66
31 80
31 82
32 22
32 23
32 25
32 60
33 5
33 24
33 39
33 47
33 50
33 71
33 80
33 82
34 19
34 27
34 31
34 41
34 56
34 63
34 69
34 71
34 74
34 86
34 88
35 4
35 5
35 6
35 19
35 38
35 39
35 41
35 43
35 55
35 57
35 59
35 60
35 78
36 2
36 9
36 10
36 16
36 17
36 39
36 62
36 71
36 75
36 89
37 3
37 15
37 16
37 18
37 21
37 28
37 45
37 57
38 1
38 9
38 20
38 21
38 23
38 24
38 31
38 57
38 66
38 87
39 24
39 33
39 35
39 46
39 49
39 50
39 54
39 58
39 76
39 88
40 9
40 18
40 22
40 34
40 35
40 36
40 71
40 79
40 81
40 87
41 2
41 12
41 14
41 17
41 22
41 26
41 32
41 63
41 65
41 68
41 73
41 76
41 79
41 81
42 1
42 6
42 7
42 14
42 16
42 52
42 55
42 57
42 58
42 70
42 75
42 87
43 13
43 16
43 18
43 21
43 31
43 36
43 70
43 71
43 72
43 75
43 79
43 89
44 25
44 27
44 31
44 35
44 36
44 76
44 82
44 90
45 8
45 12
45 15
45 20
45 22
45 29
45 37
45 51
45 61
45 68
45 84
45 86
45 87
46 9
46 36
46 38
46 48
46 49
46 54
46 64
46 66
47 22
47 24
47 25
47 44
47 51
47 53
47 61
47 65
47 89
47 90
48 13
48 22
48 31
48 56
48 61
48 65
48 70
48 85
49 6
49 7
49 16
49 23
49 26
49 29
49 31
49 34
49 58
49 71
49 74
50 13
50 24
50 26
50 31
50 36
50 52
50 66
50 72
50 78
50 85
51 9
51 36
51 38
51 50
51 77
51 87
51 89
52 12
52 16
52 21
52 30
52 46
52 55
52 61
52 67
52 73
53 15
53 17
53 18
53 38
53 45
53 46
53 48
53 86
53 88
54 35
54 59
54 77
55 6
55 8
55 26
55 29
55 31
55 53
55 58
55 62
55 71
55 86
56 1
56 2
56 12
56 20
56 34
56 44
56 50
56 52
56 65
56 67
56 74
56 77
57 5
57 23
57 29
57 40
57 50
57 59
57 64
57 80
57 88
58 6
58 40
58 45
58 55
58 63
58 86
58 89
59 10
59 15
59 25
59 33
59 34
59 36
59 41
59 48
59 57
59 64
59 65
59 70
60 4
60 14
60 17
60 34
60 39
60 40
60 51
60 76
60 85
61 3
61 9
61 11
61 23
61 26
61 31
61 33
61 55
61 66
61 67
61 82
61 83
61 88
62 1
62 3
62 19
62 20
62 26
62 27
62 36
62 42
62 68
62 86
62 90
63 1
63 2
63 8
63 16
63 28
63 69
63 88
64 2
64 4
64 11
64 12
64 15
64 19
64 20
64 24
64 40
64 46
64 53
64 66
64 68
64 77
64 81
64 87
65 14
65 21
65 31
65 50
65 56
65 63
65 75
65 87
66 37
66 48
66 56
66 70
66 72
66 81
66 87
67 6
67 19
67 41
67 45
67 52
67 65
67 68
68 10
68 16
68 40
68 42
68 48
68 63
68 71
68 83
68 88
68 90
69 25
69 41
69 54
69 57
69 60
69 63
69 65
69 70
70 1
70 14
70 23
70 28
70 38
70 42
70 67
70 69
70 83
71 1
71 8
71 10
71 11
71 23
71 48
71 51
71 57
71 69
72 5
72 9
72 11
72 29
72 31
72 33
72 44
72 49
72 52
72 55
72 58
72 60
72 69
72 77
72 82
73 1
73 6
73 7
73 9
73 18
73 19
73 35
73 42
73 58
73 59
73 84
74 11
74 20
74 45
74 56
74 79
74 81
74 88
75 8
75 20
75 27
75 41
75 44
75 47
75 53
75 70
75 77
76 5
76 14
76 34
76 40
76 61
76 70
76 81
77 8
77 21
77 43
77 46
77 68
77 69
77 70
77 78
77 87
78 21
78 26
78 81
79 1
79 14
79 23
79 29
79 36
79 51
79 66
79 75
79 77
79 80
80 20
80 23
80 32
80 34
80 66
80 82
80 83
81 11
81 14
81 21
81 29
81 38
81 57
81 60
81 65
81 77
81 79
82 12
82 25
82 32
82 49
82 51
82 71
82 76
83 18
83 37
83 40
83 45
83 51
83 56
83 64
83 73
83 82
83 88
84 11
84 20
84 30
84 33
84 43
84 44
84 63
84 73
84 77
84 78
84 90
85 12
85 18
85 28
85 35
85 36
85 40
85 43
85 59
85 60
85 61
85 65
85 75
85 80
85 81
85 83
85 86
85 90
86 9
86 17
86 19
86 27
86 32
86 42
86 46
86 56
86 59
86 63
86 89
87 1
87 10
87 11
87 33
87 38
87 39
87 46
87 67
87 74
87 78
87 85
87 89
88 3
88 6
88 9
88 19
88 66
88 70
88 71
88 83
89 9
89 28
89 45
89 48
89 58
89 64
89 71
89 81
90 7
90 10
90 15
90 18
90 32
90 50
90 70
90 75
90 82
90 84
