90
179
1 10
1 51
2 86
3 36
4 62
5 4
5 18
5 76
7 24
7 52
7 64
7 67
8 63
8 86
9 38
10 21
10 25
10 74
11 21
12 21
12 26
12 31
14 10
14 21
14 90
16 63
16 66
18 35
18 46
19 25
19 42
20 31
21 49
21 50
22 52
22 60
23 28
23 59
24 18
24 81
25 6
25 11
25 27
25 56
25 80
26 10
26 24
26 42
26 68
27 81
27 82
28 13
28 33
29 24
29 74
30 54
30 73
30 80
31 13
31 25
31 58
32 10
32 31
32 40
32 41
33 17
33 47
33 87
35 66
35 87
36 3
36 14
39 56
39 86
40 25
40 32
41 18
41 52
41 66
42 15
42 46
44 33
44 41
44 70
45 74
46 41
46 68
46 84
47 9
48 46
48 60
49 29
49 43
50 7
50 10
50 43
50 59
50 84
50 89
51 90
52 45
52 50
52 51
53 12
53 44
53 55
53 65
54 46
54 59
55 6
55 17
55 34
55 37
55 48
55 54
55 57
55 90
56 37
56 85
57 71
58 51
60 49
61 14
61 54
62 35
62 82
63 41
64 13
65 46
66 19
66 55
67 3
67 12
67 61
67 72
68 34
68 38
68 89
70 46
70 90
71 5
71 82
72 5
72 33
73 3
73 10
73 30
73 44
73 74
73 77
74 66
75 28
75 33
76 29
77 56
78 58
78 63
79 12
79 76
80 15
80 77
81 89
82 30
82 40
83 17
83 29
83 40
83 53
84 72
85 64
85 80
85 89
86 9
87 1
87 29
88 26
88 29
88 75
90 8
