90
435
1 2
1 13
1 40
2 21
2 43
2 49
2 62
2 74
2 82
3 8
3 25
3 31
3 73
3 82
3 84
4 55
4 57
4 76
4 82
4 83
5 11
5 17
5 27
5 34
5 51
5 54
6 20
6 49
6 61
6 73
7 20
7 41
7 71
7 77
7 80
8 10
8 11
8 32
8 33
8 34
8 36
8 40
8 43
8 52
8 74
8 81
9 12
9 20
9 27
9 42
9 66
9 87
10 2
10 26
10 87
11 1
11 5
11 16
11 62
11 76
12 14
12 20
12 59
12 88
13 58
13 87
14 79
15 1
15 4
15 20
15 25
15 33
15 48
15 57
15 58
15 65
15 70
16 9
16 90
17 31
17 60
17 83
18 46
18 54
18 63
19 21
19 38
19 55
19 72
19 74
19 85
20 4
20 8
20 13
20 74
20 77
20 79
20 87
21 8
21 23
21 25
21 49
21 62
21 69
22 2
22 47
23 34
23 56
23 57
23 62
23 64
23 73
23 86
24 18
24 62
24 77
25 8
25 41
25 53
25 77
26 3
26 10
26 23
26 52
26 60
27 32
27 73
28 46
28 86
29 4
29 17
29 32
29 53
29 60
29 63
29 72
29 75
29 88
30 25
30 32
30 87
31 5
31 16
31 28
31 39
31 46
32 14
32 30
32 55
32 68
32 75
32 89
33 41
33 47
33 83
34 6
34 10
34 16
34 19
34 27
34 28
34 44
34 54
34 58
34 62
34 71
34 73
34 78
34 83
35 10
35 32
35 47
35 62
35 72
35 79
36 43
36 65
36 78
37 1
37 70
37 76
38 22
38 47
38 48
38 79
39 12
39 29
39 41
39 43
39 88
40 19
40 27
40 36
41 21
41 24
41 28
41 69
41 74
41 75
41 90
42 14
42 24
42 35
42 66
43 5
43 11
43 13
43 16
43 38
43 40
43 63
44 16
44 24
44 33
44 68
44 84
45 2
45 13
45 18
45 23
45 29
45 70
45 75
46 47
46 77
47 8
47 12
47 44
47 70
48 6
48 12
48 16
48 20
48 46
48 87
49 52
49 66
49 70
49 72
49 90
50 6
50 11
50 32
50 46
50 55
51 76
52 43
52 82
53 21
53 35
53 74
53 78
54 45
54 52
54 73
54 74
55 68
55 79
55 90
56 2
56 12
56 25
56 84
57 10
57 14
57 29
57 31
58 2
58 9
58 16
58 71
59 21
59 31
59 45
59 78
59 88
60 13
60 23
60 27
60 39
60 48
61 4
61 18
61 42
61 59
62 20
62 58
62 60
62 81
62 88
62 90
63 3
63 56
63 62
63 66
63 68
63 70
63 89
64 34
64 39
64 48
64 69
64 74
64 86
65 8
65 9
65 14
65 21
65 22
65 28
65 64
66 1
66 15
66 21
66 27
66 38
67 11
67 24
67 26
67 33
67 63
67 68
68 21
68 25
68 26
68 33
68 40
68 48
68 51
68 56
68 81
69 4
69 34
70 17
70 25
70 28
70 32
70 34
70 62
70 65
70 75
70 77
70 84
71 10
71 19
71 23
71 25
71 38
72 5
72 19
72 51
72 70
72 85
73 55
73 81
74 5
74 14
74 16
74 36
74 80
75 5
75 14
75 48
75 72
75 90
76 26
76 28
76 48
76 52
76 64
77 7
77 14
77 32
77 33
77 34
79 9
79 33
79 37
79 42
79 50
80 17
80 48
80 64
81 10
81 12
81 30
81 41
81 50
81 87
82 6
82 11
82 17
82 36
82 41
82 76
83 22
83 29
83 59
83 62
83 76
84 3
84 17
84 61
84 67
84 76
85 11
85 32
85 60
85 64
85 71
85 77
85 88
86 9
86 27
86 82
86 88
86 90
87 3
87 7
87 23
87 40
88 8
88 14
88 33
88 72
89 6
89 22
89 59
89 64
90 2
90 8
90 27
90 43
90 46
90 62
