90
602
1 7
1 8
1 28
1 49
1 85
1 90
2 5
2 23
2 28
2 29
2 51
2 66
2 81
2 86
3 13
3 20
3 46
3 51
3 55
3 58
3 88
3 90
4 24
4 80
4 83
4 90
5 8
5 17
5 18
5 54
5 73
5 77
6 3
6 27
6 42
6 47
6 55
6 63
6 75
7 12
7 13
7 29
7 37
7 57
7 67
7 68
8 53
8 56
8 74
9 13
9 15
9 40
9 53
9 59
9 66
9 78
10 51
10 79
11 17
11 24
11 32
11 35
11 58
11 62
11 65
11 71
11 79
11 80
12 9
12 25
12 37
12 39
12 43
12 48
12 51
12 69
12 76
13 38
13 49
13 57
13 58
13 77
14 6
14 30
14 38
14 44
14 58
14 60
14 64
14 75
14 78
14 79
14 88
15 1
15 11
15 14
15 63
15 70
15 71
16 8
16 65
17 38
17 51
18 6
18 19
18 26
18 30
18 53
18 61
19 17
19 45
19 74
19 75
20 10
20 25
20 28
20 51
20 70
20 73
20 81
20 87
21 1
21 5
21 6
21 7
21 13
21 19
21 34
21 44
21 63
21 72
21 73
21 89
22 28
22 57
23 5
23 9
23 20
23 48
23 54
23 58
23 70
23 79
23 81
24 10
24 26
24 41
24 68
24 74
24 77
24 82
24 83
25 1
25 7
25 15
25 32
25 36
25 47
25 63
25 68
25 72
25 81
26 3
26 6
26 10
26 59
26 63
26 73
26 76
27 4
27 15
27 39
27 51
27 78
28 5
28 38
28 64
28 67
29 4
29 8
29 31
29 39
29 55
29 56
29 65
29 75
29 87
30 37
30 43
30 45
30 46
30 80
30 85
30 90
31 8
31 27
31 36
31 82
32 36
32 57
32 63
32 74
33 47
34 4
34 38
34 46
34 49
34 58
34 60
34 64
34 82
35 7
35 17
35 26
35 72
36 3
36 16
36 17
36 42
36 70
36 81
36 86
36 87
37 5
37 9
37 10
37 15
37 34
37 50
37 53
37 56
37 74
37 78
37 87
38 4
38 20
38 24
38 29
38 34
38 51
38 60
38 73
39 9
39 10
39 12
39 18
39 22
39 30
39 42
39 45
39 74
39 75
39 83
40 36
40 42
40 44
40 54
40 59
40 73
41 2
41 4
41 6
41 60
41 83
41 85
42 8
42 13
42 24
42 31
42 44
42 49
42 67
42 78
42 83
43 53
43 68
43 70
43 82
43 84
44 8
44 10
44 26
44 34
44 39
44 56
44 81
44 86
45 19
45 21
45 42
45 55
45 62
46 18
46 24
46 30
46 31
46 48
46 64
46 71
46 82
47 33
47 56
47 73
48 6
48 24
48 35
48 46
48 65
48 69
48 72
48 80
48 90
49 41
49 42
49 43
49 64
50 15
50 31
50 40
50 48
50 69
51 3
51 7
51 10
51 27
51 28
51 34
51 71
51 73
51 90
52 2
52 6
52 10
52 26
52 28
52 51
52 54
52 78
52 86
52 89
53 30
53 37
53 52
53 78
54 3
54 13
54 38
54 49
54 52
54 59
54 76
55 41
55 58
55 64
55 78
55 84
55 89
56 6
56 12
56 19
56 32
56 33
56 55
56 59
56 62
56 63
56 67
56 77
56 79
56 88
57 15
57 20
57 44
57 46
57 50
57 51
57 58
57 60
57 77
57 82
57 90
58 7
58 18
58 21
58 49
58 65
58 76
59 3
59 11
59 27
59 29
59 31
59 50
59 51
59 55
59 56
59 63
59 66
59 68
59 69
59 73
59 75
60 4
60 5
60 18
60 24
60 27
60 47
60 74
60 76
60 77
60 82
60 85
60 86
61 50
61 62
61 80
62 5
62 39
62 49
62 53
62 71
62 79
63 27
63 59
63 71
63 86
64 9
64 14
64 54
64 80
65 9
65 27
65 66
65 67
65 74
66 9
66 23
66 29
66 42
66 45
66 57
66 71
66 74
66 83
66 84
66 89
66 90
67 1
67 3
67 11
67 12
67 22
67 28
67 33
67 59
67 63
67 77
67 85
68 15
68 44
68 55
68 81
68 87
69 37
69 55
69 58
69 83
70 45
70 57
70 69
70 87
71 2
71 14
71 22
71 25
71 50
71 63
71 64
71 89
72 9
72 21
72 22
72 23
72 32
72 39
72 56
72 61
72 83
73 51
73 54
73 56
73 65
74 16
74 18
74 23
74 35
74 39
74 67
75 15
75 16
75 40
75 48
75 59
75 81
76 41
76 45
76 55
76 60
77 5
77 14
77 54
77 60
77 72
78 29
78 31
78 47
78 48
78 56
78 60
78 74
78 89
79 3
79 25
79 36
79 37
79 53
79 63
79 72
79 74
79 81
79 87
80 11
80 21
80 22
80 28
80 33
80 35
80 54
80 60
80 64
81 1
81 3
81 8
81 40
81 47
81 51
81 61
81 73
81 77
82 13
82 16
82 19
82 20
82 24
82 40
82 51
82 54
82 64
82 83
83 3
83 38
83 39
83 49
84 1
84 19
84 54
84 76
84 78
84 85
84 87
85 28
85 34
85 47
85 48
85 53
86 2
86 13
86 14
86 52
87 15
87 36
87 37
87 47
87 82
87 89
88 3
88 55
88 63
88 65
88 85
89 4
89 6
89 23
89 33
89 36
89 48
89 84
90 2
90 34
90 49
90 77
