1000
10945
1 4
1 41
1 187
1 211
1 378
1 398
1 539
1 570
1 602
1 729
1 788
1 808
1 830
1 963
2 103
2 190
2 297
2 364
2 446
2 459
2 469
2 504
2 549
2 790
2 838
3 46
3 234
3 235
3 314
3 353
3 402
3 426
3 482
3 586
3 674
4 8
4 36
4 89
4 137
4 152
4 178
4 241
4 381
4 390
4 500
4 671
4 731
4 769
4 785
4 893
4 911
5 67
5 92
5 220
5 329
5 358
5 434
5 468
5 521
5 529
5 558
5 669
5 833
6 38
6 122
6 131
6 191
6 203
6 215
6 233
6 238
6 376
6 446
6 541
6 553
6 595
6 596
6 846
6 971
7 28
7 93
7 258
7 336
7 745
7 757
7 782
8 6
8 59
8 257
8 262
8 505
8 898
9 22
9 94
9 197
9 221
9 327
9 355
9 474
9 479
9 500
9 542
9 598
9 640
9 707
9 754
9 822
9 826
9 845
10 95
10 188
10 225
10 251
10 319
10 321
10 355
10 358
10 667
11 35
11 246
11 254
11 267
11 326
11 337
11 350
11 624
11 766
11 942
12 72
12 78
12 148
12 324
12 390
12 448
12 486
12 591
12 763
12 839
13 6
13 28
13 263
13 449
13 471
13 490
13 509
13 592
13 634
13 679
14 8
14 402
14 605
14 683
15 17
15 132
15 282
15 299
15 315
15 389
15 447
15 506
15 651
15 703
15 773
15 864
15 881
15 942
15 981
16 17
16 86
16 124
16 214
16 236
16 271
16 434
16 567
16 786
16 851
16 962
16 969
17 43
17 56
17 135
17 159
17 233
17 243
17 251
17 303
17 402
17 439
17 651
17 764
17 765
17 832
17 856
17 895
17 982
18 41
18 52
18 90
18 210
18 230
18 354
18 444
18 577
18 587
18 615
18 809
18 856
18 884
18 935
19 101
19 367
19 451
19 575
19 820
20 56
20 101
20 120
20 216
20 297
20 381
20 425
20 456
20 574
20 596
20 654
20 684
20 700
20 766
20 849
20 898
20 993
20 997
21 3
21 72
21 74
21 80
21 96
21 253
21 265
21 471
21 532
21 566
21 580
21 601
21 616
21 667
21 692
21 830
21 949
22 75
22 238
22 302
22 324
22 636
22 902
23 83
23 173
23 249
23 321
23 353
23 394
23 453
23 771
23 903
23 974
24 25
24 247
24 388
24 506
24 531
24 552
24 673
24 674
24 755
24 761
24 838
24 882
24 918
24 956
25 173
25 202
25 298
25 424
25 501
25 559
25 827
25 841
25 862
25 936
25 944
26 15
26 33
26 71
26 104
26 291
26 295
26 611
26 735
26 882
26 974
26 984
27 50
27 367
27 542
27 635
27 637
27 746
27 869
28 148
28 165
28 511
28 738
28 832
28 973
29 220
29 346
29 435
29 565
29 703
29 772
29 850
29 869
29 906
29 958
30 237
30 287
30 290
30 395
30 538
30 589
30 639
30 687
30 801
30 859
30 878
30 955
31 2
31 39
31 162
31 308
31 340
31 412
31 510
31 553
31 922
31 970
32 97
32 269
32 295
32 654
32 665
32 690
32 889
32 908
32 963
32 965
33 99
33 101
33 162
33 353
33 420
33 590
33 694
33 909
34 101
34 140
34 425
34 664
34 703
34 898
34 953
35 37
35 73
35 173
35 334
35 439
35 474
35 581
35 667
35 675
35 694
35 696
35 903
36 102
36 142
36 208
36 212
36 279
36 325
36 503
36 631
36 909
37 182
37 202
37 258
37 325
37 337
37 350
37 380
37 406
37 417
37 527
37 542
37 713
37 732
37 767
37 789
37 877
37 927
37 929
38 383
38 440
38 743
39 81
39 149
39 150
39 180
39 215
39 233
39 247
39 255
39 306
39 341
39 459
39 509
39 538
39 564
39 807
39 844
39 914
40 128
40 202
40 476
40 560
40 694
40 719
40 745
40 940
40 990
41 277
41 327
41 335
41 508
41 674
41 680
41 693
41 798
41 830
42 19
42 117
42 246
42 272
42 325
42 337
42 465
42 589
42 857
42 869
42 937
43 151
43 360
43 388
43 475
43 524
43 729
43 802
43 904
43 978
44 199
44 282
44 321
44 398
44 431
44 503
44 555
44 697
44 836
45 169
45 223
45 244
45 346
45 373
45 477
45 485
45 487
45 539
45 892
45 906
45 944
46 85
46 211
46 431
46 439
46 503
46 587
46 700
46 786
46 806
46 826
46 831
46 836
46 974
47 255
47 311
47 416
47 546
47 627
47 768
47 910
48 27
48 57
48 129
48 195
48 413
48 465
48 537
48 544
48 614
48 631
48 826
48 860
48 955
49 226
49 234
49 576
49 638
49 651
49 933
50 6
50 13
50 190
50 200
50 205
50 495
50 709
50 727
50 742
50 795
50 894
51 8
51 31
51 77
51 101
51 162
51 171
51 265
51 381
51 424
51 455
51 577
51 608
51 647
51 710
51 792
51 826
52 167
52 300
52 485
52 679
52 777
52 857
52 876
52 946
53 46
53 93
53 210
53 355
53 397
53 510
53 650
53 687
53 817
53 857
53 875
53 952
54 535
54 660
54 707
54 753
54 987
55 59
55 226
55 513
55 531
55 547
55 566
55 694
55 742
56 4
56 23
56 55
56 125
56 247
56 354
56 411
56 417
56 439
56 456
56 528
56 543
56 710
56 725
56 830
56 961
57 76
57 456
57 525
57 544
57 558
57 679
57 680
57 715
57 729
57 754
57 781
57 833
57 978
58 33
58 71
58 75
58 126
58 227
58 337
58 466
58 521
58 548
58 646
58 803
58 876
59 15
59 166
59 371
59 416
59 523
59 600
59 617
59 747
59 859
59 933
60 73
60 165
60 362
60 372
60 537
60 592
60 647
60 696
60 709
60 711
60 715
60 722
60 789
60 814
60 827
60 875
61 85
61 298
61 300
61 366
61 392
61 407
61 410
61 441
61 474
61 488
61 559
61 721
61 796
61 914
61 946
61 964
62 195
62 203
62 246
62 337
62 383
62 384
62 408
62 426
62 593
62 663
62 685
62 726
62 781
62 814
62 977
63 19
63 105
63 140
63 149
63 250
63 292
63 416
63 733
63 974
63 996
64 46
64 260
64 354
64 585
64 601
64 664
64 885
65 129
65 349
65 412
65 486
65 597
65 650
65 720
66 204
66 241
66 433
66 639
66 749
66 751
66 790
66 899
66 983
67 128
67 192
67 332
67 381
67 446
67 554
67 652
67 679
67 742
67 745
67 768
67 775
67 926
67 959
68 40
68 49
68 60
68 187
68 218
68 287
68 318
68 505
68 543
68 571
68 876
68 936
68 937
68 975
69 157
69 165
69 212
69 229
69 715
69 807
70 78
70 86
70 152
70 162
70 223
70 385
70 399
70 434
70 576
70 630
70 686
70 725
70 853
70 877
70 893
70 954
70 988
71 54
71 55
71 222
71 327
71 332
71 346
71 432
71 439
71 442
71 583
71 685
71 756
71 814
72 54
72 69
72 128
72 320
72 497
72 530
72 546
72 685
72 691
72 744
72 746
72 984
73 24
73 57
73 386
73 388
73 458
73 476
73 485
73 606
73 635
73 854
74 58
74 72
74 434
74 462
74 484
74 515
74 661
74 771
74 897
75 57
75 327
75 364
75 365
75 385
75 528
75 551
75 601
75 665
75 802
75 883
75 947
76 9
76 69
76 234
76 257
76 261
76 269
76 380
76 434
76 492
76 527
76 763
76 812
76 909
76 939
77 6
77 42
77 98
77 117
77 203
77 345
77 370
77 424
77 516
77 632
77 896
77 942
78 51
78 73
78 120
78 186
78 213
78 218
78 306
78 377
78 412
78 517
78 661
78 732
78 739
78 913
78 978
79 6
79 13
79 104
79 165
79 268
79 272
79 911
79 955
80 14
80 125
80 218
80 251
80 295
80 373
80 438
80 454
80 508
80 560
80 681
80 809
80 869
81 142
81 149
81 168
81 185
81 234
81 326
81 354
81 355
81 356
81 562
81 594
81 679
81 721
81 753
81 761
82 120
82 127
82 155
82 199
82 215
82 659
82 669
82 822
82 926
82 949
83 193
83 297
83 538
83 644
83 673
83 790
83 857
83 881
83 917
84 234
84 238
84 446
84 580
84 599
84 695
84 895
85 58
85 87
85 95
85 117
85 118
85 438
85 555
85 810
86 266
86 321
86 463
86 531
86 544
86 622
86 670
87 170
87 397
87 407
87 435
87 582
87 958
87 960
87 980
88 77
88 94
88 152
88 171
88 315
88 354
88 426
88 574
88 748
88 762
88 873
88 967
89 4
89 106
89 174
89 216
89 265
89 283
89 298
89 315
89 361
89 364
89 439
89 565
89 612
89 685
89 693
89 838
89 891
89 976
90 217
90 227
90 307
90 355
90 382
90 644
90 790
90 812
90 840
90 926
90 976
91 10
91 63
91 137
91 390
91 439
91 642
91 694
91 698
91 786
92 25
92 144
92 306
92 412
92 454
92 470
92 527
92 676
92 791
92 803
92 992
93 187
93 264
93 271
93 348
93 436
93 439
93 525
93 603
93 652
93 679
93 826
93 872
93 880
93 917
93 941
93 943
93 976
93 986
94 90
94 193
94 323
94 386
94 472
94 479
94 497
94 720
94 721
94 791
94 808
94 894
94 951
94 961
94 990
94 1000
95 5
95 207
95 237
95 464
95 472
95 580
95 758
95 791
95 793
96 88
96 146
96 197
96 237
96 553
96 576
96 652
96 665
96 847
96 934
96 956
96 990
97 32
97 165
97 266
97 486
97 707
97 880
97 949
98 88
98 95
98 147
98 237
98 262
98 263
98 385
98 574
98 613
98 616
98 721
98 745
98 810
99 64
99 118
99 471
99 484
99 563
99 782
100 226
100 240
100 271
100 310
100 370
100 412
100 509
100 537
100 563
100 699
100 985
101 99
101 172
101 187
101 223
101 475
101 510
101 725
101 772
101 806
101 807
101 922
102 52
102 156
102 180
102 308
102 322
102 333
102 389
102 440
102 587
102 631
102 677
102 709
102 810
102 880
102 886
103 7
103 133
103 143
103 300
103 326
103 335
103 391
103 541
103 781
103 846
103 874
104 4
104 42
104 82
104 94
104 371
104 376
104 560
104 618
104 626
104 695
105 30
105 33
105 37
105 51
105 58
105 96
105 226
105 235
105 352
105 387
105 545
105 631
105 648
105 677
105 699
105 734
105 762
105 813
105 948
106 116
106 149
106 215
106 295
106 381
106 412
106 532
106 637
106 661
106 706
106 731
106 819
106 914
107 56
107 147
107 443
107 462
107 576
107 728
107 797
107 876
108 49
108 176
108 218
108 479
108 518
108 541
108 587
108 781
108 900
109 33
109 455
109 650
109 668
109 756
110 22
110 48
110 126
110 225
110 382
110 518
110 556
110 662
110 788
110 843
110 859
110 914
111 51
111 66
111 98
111 135
111 215
111 243
111 282
111 305
111 526
111 719
111 922
112 162
112 181
112 283
112 291
112 489
112 528
112 621
112 715
112 730
112 821
112 878
112 879
112 891
113 11
113 51
113 63
113 242
113 544
113 727
113 855
113 857
114 8
114 89
114 232
114 273
114 399
114 462
114 500
114 590
114 601
114 667
114 965
115 158
115 160
115 408
115 413
115 506
115 528
115 624
115 642
116 27
116 56
116 239
116 445
116 454
116 567
116 594
116 681
116 756
116 873
116 970
116 1000
117 66
117 165
117 251
117 270
117 286
117 290
117 315
117 745
118 10
118 73
118 89
118 201
118 226
118 230
118 307
118 402
118 479
118 542
118 571
118 688
118 884
118 916
118 937
119 30
119 76
119 211
119 276
119 360
119 446
119 462
119 507
119 666
119 818
120 28
120 103
120 167
120 513
120 595
120 631
120 641
120 707
120 841
120 850
121 83
121 133
121 260
121 613
121 649
121 749
121 791
121 810
121 928
121 984
122 7
122 85
122 264
122 482
122 517
122 530
122 627
122 715
122 801
122 930
122 995
123 129
123 172
123 630
123 995
124 242
124 247
124 265
124 314
124 409
124 589
124 605
124 753
124 845
124 907
124 956
125 42
125 76
125 99
125 285
125 632
125 659
125 732
125 747
125 922
125 970
126 109
126 223
126 388
126 408
126 539
126 592
126 697
126 742
126 782
127 124
127 212
127 306
127 539
127 671
127 932
127 948
127 955
127 962
128 287
128 433
128 603
128 774
128 806
128 815
128 867
128 915
129 36
129 206
129 248
129 442
129 508
129 524
129 548
129 549
129 715
129 848
129 978
130 91
130 161
130 162
130 186
130 319
130 343
130 507
130 612
130 651
130 743
130 785
130 905
130 930
131 245
131 333
131 398
131 461
131 587
131 883
131 997
131 998
132 196
132 203
132 220
132 226
132 250
132 400
132 416
132 586
132 600
132 651
132 828
132 862
133 41
133 73
133 102
133 118
133 184
133 219
133 232
133 642
133 699
133 708
133 897
133 967
134 10
134 50
134 176
134 423
134 483
134 485
134 582
134 773
134 849
134 895
134 944
135 132
135 225
135 438
135 473
135 582
135 590
135 792
135 833
136 9
136 120
136 197
136 359
136 392
136 443
136 509
136 676
136 730
136 801
136 828
137 103
137 112
137 176
137 233
137 241
137 286
137 711
137 916
137 961
137 1000
138 6
138 17
138 23
138 65
138 141
138 309
138 360
138 448
138 452
138 489
138 608
138 665
138 824
138 856
138 876
138 927
138 989
139 81
139 90
139 192
139 464
139 614
139 636
139 639
139 795
139 908
140 96
140 97
140 218
140 275
140 323
140 351
140 393
140 395
140 467
140 532
140 545
140 573
140 610
140 632
140 863
140 865
141 90
141 171
141 257
141 275
141 326
141 426
141 451
141 534
141 577
141 691
141 798
142 38
142 65
142 68
142 86
142 318
142 351
142 497
142 516
142 594
142 807
143 117
143 159
143 335
143 351
143 573
143 589
143 645
143 747
143 803
143 903
143 925
143 948
143 982
144 46
144 143
144 192
144 305
144 309
144 462
144 561
144 583
144 603
144 641
144 654
144 681
144 760
144 851
144 932
144 936
144 994
145 39
145 44
145 115
145 236
145 335
145 427
145 436
145 472
145 475
145 511
145 601
145 708
145 763
145 777
145 864
146 107
146 135
146 291
146 373
146 406
146 435
146 487
146 566
146 715
146 820
146 989
147 119
147 132
147 273
147 291
147 386
147 394
147 513
147 651
147 652
147 659
147 668
147 834
148 150
148 326
148 404
148 511
148 605
148 805
148 862
148 916
148 932
148 940
149 6
149 39
149 40
149 110
149 141
149 257
149 420
149 442
149 446
149 922
150 24
150 45
150 296
150 299
150 643
150 678
150 945
150 989
151 242
151 297
151 463
151 582
151 595
151 598
151 603
151 659
151 788
151 830
151 915
151 964
152 46
152 208
152 348
152 374
152 504
152 579
152 582
152 756
152 761
152 788
152 820
152 868
152 912
153 29
153 46
153 112
153 245
153 430
153 436
153 443
153 510
153 520
153 622
153 629
153 661
153 676
153 932
153 974
154 47
154 67
154 76
154 227
154 385
154 407
154 567
154 573
154 581
154 623
154 663
154 736
154 815
154 883
154 910
155 64
155 101
155 117
155 158
155 203
155 279
155 389
155 481
155 492
155 724
155 748
155 812
155 854
155 914
155 929
156 254
156 329
156 354
156 356
156 590
156 712
156 748
156 806
156 840
156 908
156 982
157 78
157 498
157 611
157 656
157 674
157 677
157 684
157 792
157 948
158 60
158 86
158 166
158 266
158 760
158 771
158 810
158 910
158 961
159 24
159 162
159 576
159 642
159 656
159 769
159 858
160 171
160 176
160 257
160 432
160 476
160 505
160 782
160 805
161 79
161 147
161 149
161 165
161 189
161 245
161 266
161 366
161 371
161 499
161 546
161 567
161 600
161 620
161 761
161 786
161 956
162 218
162 305
162 374
162 719
162 970
162 991
163 173
163 209
163 262
163 359
163 429
163 523
163 676
163 714
163 719
163 740
163 990
164 67
164 96
164 138
164 203
164 350
164 434
164 453
164 480
164 562
164 606
164 624
164 635
164 658
164 663
164 736
164 767
164 772
164 838
164 927
164 966
165 34
165 49
165 105
165 311
165 326
165 459
165 482
165 537
165 677
165 786
165 827
165 845
165 987
166 94
166 115
166 352
166 367
166 392
166 464
166 553
166 663
166 688
166 789
166 814
166 842
166 864
166 889
166 893
167 155
167 216
167 241
167 243
167 357
167 378
167 393
167 506
167 650
167 663
167 758
167 764
167 822
167 864
167 893
168 189
168 333
168 557
168 607
168 618
168 657
168 826
168 946
168 991
169 2
169 90
169 101
169 191
169 263
169 295
169 374
169 529
169 549
169 707
169 739
169 849
169 888
169 927
170 8
170 123
170 362
170 401
170 446
170 456
170 523
170 603
170 664
170 693
170 756
170 920
171 6
171 170
171 228
171 253
171 329
171 395
171 628
171 659
171 723
171 791
171 919
172 62
172 108
172 119
172 233
172 260
172 424
172 517
172 574
172 617
172 872
172 911
173 133
173 188
173 260
173 289
173 322
173 578
173 627
173 798
173 984
174 7
174 200
174 367
174 435
174 444
174 551
174 721
174 811
174 818
174 875
174 960
175 44
175 198
175 379
175 383
175 406
175 497
175 502
175 711
175 726
175 812
175 862
175 863
175 894
176 70
176 411
176 483
176 525
176 606
176 651
176 702
176 755
176 867
176 949
177 9
177 111
177 162
177 460
177 464
177 466
177 517
177 573
177 586
177 741
178 114
178 131
178 170
178 319
178 343
178 377
178 503
178 598
178 790
178 999
179 14
179 32
179 127
179 161
179 419
179 451
179 455
179 584
179 621
179 826
179 881
180 68
180 285
180 420
180 521
180 524
180 898
180 949
180 998
181 99
181 146
181 234
181 374
181 398
181 418
181 419
181 537
181 632
181 692
181 708
181 828
181 984
182 9
182 81
182 157
182 184
182 382
182 513
182 560
182 614
182 661
183 91
183 187
183 382
183 419
183 663
183 752
183 763
183 781
183 855
183 887
184 18
184 193
184 441
184 516
184 546
184 574
184 691
184 716
184 900
184 961
184 980
185 172
185 179
185 180
185 228
185 269
185 386
185 523
185 784
185 844
185 899
185 909
185 910
185 935
185 976
186 77
186 237
186 267
186 339
186 397
186 424
186 494
186 500
186 567
186 631
186 657
186 681
186 710
186 789
186 794
186 900
187 90
187 123
187 146
187 148
187 379
187 403
187 427
187 495
187 529
187 756
187 811
187 924
187 946
187 986
187 990
187 999
188 13
188 142
188 388
188 443
188 595
188 772
188 801
188 839
188 951
189 234
189 252
189 256
189 662
189 690
189 747
189 810
189 818
189 827
189 837
189 914
189 960
189 987
190 66
190 67
190 163
190 274
190 364
190 633
190 672
190 705
190 754
190 970
191 57
191 65
191 240
191 294
191 337
191 342
191 435
191 699
191 736
191 816
191 982
192 117
192 166
192 170
192 569
193 13
193 291
193 384
193 390
193 424
193 486
193 496
193 497
193 580
193 796
193 954
194 238
194 303
194 324
194 349
194 362
194 465
194 493
194 533
194 682
194 691
194 827
194 830
194 886
194 964
195 13
195 615
195 741
195 874
195 932
195 966
195 987
196 46
196 82
196 142
196 173
196 315
196 328
196 474
196 496
196 524
196 584
196 664
196 736
196 878
197 160
197 217
197 246
197 407
197 538
197 703
197 786
197 958
197 990
198 30
198 56
198 77
198 83
198 142
198 295
198 374
198 494
198 553
198 725
198 910
198 971
199 216
199 243
199 272
199 625
199 918
199 982
200 44
200 87
200 156
200 170
200 179
200 218
200 261
200 267
200 297
200 447
200 488
200 540
200 629
200 636
200 677
200 831
200 846
201 30
201 105
201 241
201 253
201 316
201 336
201 347
201 435
201 437
201 522
201 622
201 705
201 741
201 809
201 962
201 987
202 318
202 351
202 382
202 420
202 561
202 607
202 817
202 842
202 859
202 864
202 882
202 892
202 987
203 149
203 157
203 242
203 338
203 423
203 527
203 567
203 653
203 656
203 756
203 851
203 942
203 953
203 979
204 53
204 202
204 467
204 498
204 671
204 788
204 883
204 944
204 976
205 33
205 276
205 321
205 469
205 505
205 550
205 554
205 839
205 849
205 975
206 53
206 70
206 209
206 280
206 296
206 557
206 674
206 733
206 744
206 801
206 832
207 59
207 132
207 246
207 277
207 319
207 330
207 408
207 531
207 557
207 643
207 746
207 780
207 825
207 920
207 949
207 952
207 991
208 19
208 82
208 104
208 198
208 290
208 322
208 405
208 433
208 754
208 775
208 868
208 996
209 164
209 246
209 250
209 323
209 372
209 467
209 490
209 546
209 989
210 34
210 224
210 241
210 320
210 331
210 346
210 350
210 393
210 451
210 474
210 550
210 555
210 582
210 629
210 649
211 325
211 580
211 602
211 749
211 803
212 121
212 133
212 260
212 284
212 329
212 382
212 404
212 413
212 633
212 703
212 720
212 781
212 800
212 947
213 29
213 59
213 137
213 242
213 390
213 685
213 742
213 812
213 846
213 858
214 38
214 198
214 676
214 682
214 741
214 761
214 887
214 911
215 43
215 109
215 308
215 343
215 361
215 463
215 536
215 610
215 621
215 630
215 794
216 7
216 8
216 78
216 243
216 244
216 264
216 289
216 336
216 411
216 420
216 548
217 38
217 357
217 508
217 541
217 555
217 765
217 842
217 898
217 900
218 74
218 222
218 365
218 596
218 678
218 884
218 984
219 169
219 261
219 393
219 450
219 480
219 549
219 609
219 656
219 658
219 724
219 841
219 978
220 7
220 21
220 36
220 41
220 73
220 75
220 151
220 207
220 208
220 291
220 345
220 373
220 399
220 408
220 453
220 569
220 669
220 751
220 980
221 26
221 160
221 348
221 392
221 462
221 539
221 713
221 760
221 978
222 67
222 141
222 165
222 452
222 520
222 535
222 567
222 586
222 610
222 685
222 752
222 780
222 905
222 935
222 947
222 948
222 971
222 979
223 165
223 180
223 239
223 311
223 584
223 595
223 634
223 651
223 838
223 923
223 929
224 29
224 102
224 258
224 282
224 296
224 308
224 405
224 537
224 686
224 800
224 834
224 931
225 118
225 128
225 203
225 212
225 221
225 715
225 767
226 64
226 172
226 336
226 432
226 533
226 583
226 671
226 762
226 961
227 65
227 97
227 143
227 190
227 203
227 223
227 232
227 258
227 404
227 653
227 708
227 728
227 745
227 954
228 160
228 426
228 556
228 559
228 620
228 644
228 759
228 768
228 782
229 44
229 173
229 284
229 432
229 500
229 888
230 5
230 7
230 10
230 21
230 61
230 120
230 122
230 426
230 672
230 750
230 906
230 949
231 41
231 284
231 397
231 565
231 717
231 769
231 779
231 901
232 48
232 86
232 87
232 182
232 308
232 333
232 558
232 731
232 734
232 825
232 878
232 921
232 937
233 24
233 52
233 97
233 119
233 253
233 335
233 359
233 458
233 536
233 560
233 676
233 735
233 761
233 978
234 168
234 263
234 416
234 426
234 566
234 813
234 814
234 943
234 973
234 987
234 993
235 109
235 211
235 227
235 258
235 288
235 346
235 442
235 574
235 764
235 915
236 25
236 69
236 85
236 228
236 320
236 385
236 579
236 599
236 664
236 713
236 834
236 942
237 198
237 330
237 332
237 358
237 486
237 498
237 595
237 714
237 764
237 993
238 18
238 68
238 328
238 377
238 449
238 453
238 507
238 584
238 915
238 985
239 54
239 101
239 227
239 272
239 365
239 421
239 560
239 561
239 606
239 638
239 654
239 875
240 157
240 162
240 406
240 546
240 585
240 711
240 806
241 21
241 69
241 362
241 493
241 654
241 887
242 34
242 109
242 131
242 155
242 195
242 337
242 368
242 381
242 792
243 18
243 33
243 124
243 181
243 362
243 367
243 558
243 658
243 670
243 695
243 975
244 130
244 137
244 175
244 193
244 219
244 285
244 392
244 411
244 439
244 455
244 608
244 866
244 886
244 965
245 55
245 56
245 71
245 72
245 180
245 274
245 349
245 521
245 555
245 700
245 731
245 735
245 743
245 754
245 839
245 954
245 959
246 21
246 140
246 329
246 364
246 610
246 645
246 759
246 900
246 907
246 921
246 976
247 24
247 155
247 217
247 414
247 497
247 707
247 741
247 754
247 771
247 794
247 806
247 963
248 84
248 255
248 307
248 343
248 391
248 394
248 456
248 464
248 696
248 725
248 897
248 911
248 931
249 250
249 466
249 468
249 548
249 727
249 736
249 744
249 783
249 789
249 879
249 949
250 96
250 144
250 186
250 548
250 784
250 821
250 832
250 975
251 58
251 123
251 399
251 446
251 790
251 807
251 820
251 872
251 947
251 957
251 962
252 16
252 101
252 120
252 166
252 222
252 295
252 322
252 424
252 534
252 638
252 648
252 783
252 850
252 899
252 979
253 55
253 355
253 363
253 410
253 411
253 508
253 971
254 57
254 233
254 495
254 525
254 561
254 678
254 859
255 5
255 93
255 151
255 177
255 188
255 424
255 522
255 692
255 884
255 891
255 985
256 255
256 264
256 348
256 621
256 793
256 950
257 52
257 214
257 225
257 363
257 378
257 502
257 561
257 588
257 597
257 637
257 750
257 874
258 133
258 428
258 546
258 654
258 692
258 922
258 932
259 108
259 169
259 253
259 349
259 377
259 550
259 591
259 616
259 716
259 781
259 807
259 828
259 841
259 851
260 49
260 100
260 112
260 152
260 310
260 354
260 738
260 825
260 893
260 917
261 77
261 99
261 102
261 115
261 129
261 243
261 282
261 407
261 688
261 763
261 797
261 907
261 914
262 122
262 237
262 310
262 331
262 348
262 405
262 457
262 577
262 833
262 918
262 944
262 996
263 92
263 245
263 303
263 432
263 602
263 829
264 71
264 96
264 147
264 243
264 340
264 436
264 532
264 729
264 733
264 771
264 827
264 841
265 131
265 273
265 327
265 356
265 589
265 738
265 819
265 884
265 955
266 100
266 226
266 414
266 419
266 584
266 623
266 632
266 689
266 782
266 952
266 999
267 39
267 169
267 426
267 511
267 564
267 630
267 748
267 753
267 765
268 100
268 158
268 234
268 251
268 321
268 329
268 519
268 578
268 644
268 712
268 943
269 295
269 349
269 356
269 557
269 577
269 672
269 940
269 947
269 975
270 91
270 208
270 510
270 520
270 696
270 838
270 863
270 963
271 10
271 150
271 248
271 336
271 431
271 731
271 763
271 875
271 885
271 950
271 974
271 994
272 58
272 187
272 327
272 368
272 610
272 789
272 827
272 894
272 930
273 42
273 91
273 104
273 130
273 263
273 312
273 348
273 542
273 704
273 943
274 14
274 96
274 289
274 442
274 518
274 545
274 585
274 593
274 679
274 727
275 133
275 237
275 259
275 564
275 595
275 665
275 711
275 730
275 751
275 754
275 773
275 794
275 908
275 914
275 934
275 970
276 122
276 145
276 209
276 292
276 398
276 408
276 522
276 543
276 638
276 659
276 889
276 958
277 65
277 161
277 306
277 321
277 334
277 353
277 509
277 565
277 634
277 656
277 697
278 27
278 384
278 385
278 645
278 823
278 874
278 935
278 963
278 965
279 182
279 208
279 221
279 267
279 308
279 394
279 473
279 618
279 739
279 970
280 19
280 141
280 183
280 362
280 547
280 782
281 210
281 357
281 391
281 565
281 622
281 645
281 734
282 77
282 112
282 161
282 192
282 217
282 257
282 441
282 497
282 520
282 617
282 863
282 885
282 979
282 986
283 15
283 171
283 289
283 412
283 478
283 526
283 547
283 602
283 676
283 684
284 58
284 67
284 98
284 328
284 409
284 595
284 688
284 851
284 861
285 38
285 90
285 109
285 159
285 357
285 491
285 529
285 551
285 583
285 654
285 745
285 826
285 887
285 893
285 968
286 128
286 354
286 377
286 448
286 487
286 579
286 816
286 893
287 3
287 173
287 177
287 184
287 242
287 478
287 549
287 687
287 766
287 934
287 972
288 206
288 262
288 371
288 640
288 697
288 724
288 827
288 856
288 888
288 926
288 975
289 56
289 66
289 74
289 154
289 202
289 279
289 308
289 549
289 601
289 643
289 727
289 824
289 834
289 973
290 79
290 155
290 384
290 435
290 505
290 608
291 11
291 45
291 64
291 113
291 135
291 181
291 342
291 544
291 560
291 639
291 758
291 792
291 843
291 896
291 965
291 999
292 52
292 75
292 115
292 324
292 354
292 377
292 382
292 404
292 409
292 431
292 525
292 624
292 868
292 953
293 101
293 412
293 504
293 523
293 531
293 640
293 666
293 691
293 731
293 786
293 805
293 907
293 921
293 975
293 987
294 216
294 243
294 284
294 300
294 417
294 427
294 459
294 579
294 665
294 722
294 862
294 950
294 969
295 22
295 44
295 232
295 239
295 284
295 405
295 570
295 598
295 638
295 696
295 805
295 822
295 827
295 917
295 940
295 956
295 959
295 966
296 83
296 98
296 150
296 158
296 427
296 492
296 681
296 832
296 876
297 65
297 83
297 158
297 208
297 250
297 350
297 394
297 400
297 492
297 791
297 920
297 962
298 204
298 224
298 240
298 257
298 301
298 403
298 612
298 655
298 931
298 944
299 160
299 166
299 331
299 359
299 419
299 421
299 587
300 127
300 234
300 285
300 400
300 650
300 774
300 914
300 971
301 9
301 35
301 129
301 315
301 435
301 847
301 870
301 974
302 289
302 488
302 496
302 582
302 620
302 909
302 911
302 943
302 977
303 70
303 226
303 371
303 414
303 426
303 497
303 514
303 525
303 612
304 46
304 85
304 372
304 465
304 530
304 609
304 723
304 816
304 871
305 43
305 46
305 48
305 137
305 318
305 499
305 614
305 625
305 634
305 698
305 706
305 713
305 797
305 799
305 906
305 979
305 994
306 5
306 30
306 45
306 97
306 142
306 188
306 314
306 315
306 579
306 835
306 847
306 893
306 998
307 109
307 133
307 175
307 218
307 224
307 348
307 518
307 599
307 707
307 736
307 851
308 15
308 131
308 186
308 263
308 298
308 393
308 398
308 489
308 612
308 669
308 728
308 756
308 884
308 886
308 956
309 22
309 26
309 73
309 76
309 121
309 184
309 235
309 236
309 815
309 885
309 963
310 83
310 122
310 332
310 334
310 342
310 378
310 751
310 876
310 912
311 126
311 353
311 357
311 420
311 529
311 551
311 565
311 672
311 767
311 832
311 882
311 939
312 49
312 199
312 311
312 374
312 382
312 594
312 636
312 730
312 777
312 789
312 815
313 12
313 164
313 308
313 417
313 512
313 655
313 704
313 912
313 979
314 33
314 74
314 169
314 170
314 171
314 183
314 249
314 289
314 380
314 538
314 597
314 626
314 803
314 942
315 238
315 361
315 526
315 609
315 616
315 644
315 722
315 728
315 820
315 856
315 895
315 941
316 158
316 173
316 434
316 436
316 519
316 527
316 724
316 872
316 973
317 38
317 50
317 90
317 132
317 304
317 315
317 334
317 361
317 437
317 538
317 558
317 730
317 802
317 811
317 891
317 974
318 55
318 222
318 296
318 353
318 384
318 435
318 621
318 668
318 955
318 1000
319 47
319 67
319 128
319 145
319 181
319 223
319 287
319 373
319 393
319 436
319 643
319 860
319 890
319 985
320 47
320 108
320 300
320 386
320 405
320 500
320 523
320 524
320 530
320 573
320 664
320 665
320 828
320 987
321 181
321 225
321 514
321 553
321 657
321 807
321 950
322 129
322 138
322 175
322 268
322 321
322 328
322 349
322 418
322 420
322 441
322 520
322 529
322 540
322 543
322 713
322 714
322 817
323 26
323 111
323 201
323 206
323 332
323 371
323 413
323 480
323 591
323 756
323 840
323 884
324 83
324 92
324 110
324 256
324 262
324 394
324 452
324 620
324 832
324 890
324 900
325 206
325 458
325 530
325 578
325 580
325 637
325 711
325 866
326 273
326 500
326 505
326 662
326 767
326 989
326 990
327 19
327 24
327 37
327 162
327 195
327 204
327 229
327 293
327 376
327 404
327 493
327 524
327 639
327 694
327 715
327 777
327 922
327 994
328 16
328 25
328 217
328 223
328 237
328 264
328 340
328 378
328 529
328 612
328 645
328 760
328 770
328 811
328 868
328 886
328 896
328 899
329 25
329 29
329 238
329 286
329 524
329 783
329 785
329 954
329 987
330 53
330 139
330 233
330 297
330 464
330 512
330 619
330 859
331 160
331 179
331 180
331 185
331 265
331 348
331 397
331 495
331 605
331 618
331 634
331 652
331 697
331 760
331 766
331 799
332 223
332 474
332 530
332 730
332 784
332 804
332 881
332 925
333 101
333 142
333 150
333 155
333 161
333 595
333 745
333 780
333 877
333 930
333 955
334 45
334 105
334 173
334 371
334 485
334 655
334 711
334 748
334 857
334 936
335 155
335 451
335 506
335 549
335 774
335 776
335 949
336 218
336 248
336 372
336 435
336 488
336 545
336 639
336 891
336 980
337 2
337 239
337 242
337 666
337 835
338 66
338 102
338 171
338 178
338 289
338 484
338 592
338 831
339 60
339 138
339 151
339 152
339 225
339 241
339 398
339 524
339 588
339 682
339 732
339 744
339 761
339 770
339 777
339 977
339 997
340 87
340 139
340 430
340 496
340 539
340 619
340 679
340 681
340 734
340 911
341 30
341 197
341 220
341 241
341 354
341 356
341 499
341 555
341 629
341 654
341 812
341 927
341 948
342 48
342 49
342 88
342 148
342 383
342 480
342 528
342 538
342 642
342 729
342 750
342 824
342 929
342 999
343 11
343 17
343 149
343 238
343 538
343 618
343 723
343 763
343 797
344 121
344 214
344 276
344 318
344 403
344 468
344 536
344 538
344 648
344 760
344 887
344 919
345 371
345 405
345 483
345 484
345 577
345 779
345 1000
346 15
346 252
346 260
346 338
346 402
346 532
346 649
346 788
346 854
346 865
346 956
347 12
347 63
347 74
347 151
347 154
347 490
347 567
347 594
347 608
347 627
347 920
348 34
348 92
348 107
348 128
348 408
348 422
348 546
348 684
348 685
348 711
348 717
348 728
348 767
348 800
348 867
348 882
349 85
349 204
349 275
349 368
349 450
349 480
349 481
349 565
349 596
350 173
350 307
350 406
350 523
350 628
350 761
350 767
350 852
350 877
351 83
351 85
351 206
351 250
351 256
351 609
351 614
351 685
351 692
351 808
351 952
352 311
352 428
352 581
352 618
352 762
352 864
353 72
353 172
353 306
353 368
353 678
353 876
353 948
354 106
354 137
354 238
354 324
354 626
354 632
354 751
354 955
355 6
355 92
355 160
355 223
355 231
355 491
355 700
355 725
355 749
355 837
355 900
356 60
356 61
356 192
356 244
356 302
356 476
356 561
356 619
356 875
356 993
357 64
357 130
357 246
357 288
357 326
357 342
357 360
357 575
357 735
357 836
357 851
358 204
358 471
358 482
358 566
358 832
358 854
358 896
359 11
359 68
359 331
359 368
359 427
359 428
359 499
359 541
359 585
359 632
359 696
359 964
359 1000
360 6
360 269
360 472
360 664
360 701
360 723
360 836
361 72
361 97
361 174
361 197
361 340
361 487
361 833
361 838
361 844
361 955
362 75
362 320
362 369
362 601
362 703
362 704
362 706
363 57
363 84
363 171
363 706
363 819
363 928
363 953
363 971
364 12
364 138
364 140
364 297
364 342
364 343
364 384
364 546
364 564
364 676
364 968
365 44
365 81
365 504
366 34
366 189
366 244
366 384
366 403
366 413
366 420
366 518
366 522
366 732
366 938
366 996
367 7
367 67
367 148
367 193
367 364
367 371
367 462
367 532
367 612
367 637
367 693
367 848
368 145
368 155
368 199
368 217
368 230
368 378
368 490
368 589
368 617
369 64
369 108
369 152
369 237
369 257
369 285
369 336
369 480
369 492
369 535
369 545
369 636
369 822
369 909
369 944
369 973
370 119
370 192
370 198
370 291
370 324
370 678
370 882
371 44
371 63
371 75
371 122
371 207
371 279
371 339
371 389
371 639
371 651
371 680
371 766
371 786
371 857
372 121
372 168
372 185
372 199
372 341
372 577
372 632
372 649
372 797
372 915
372 926
372 981
373 91
373 195
373 219
373 389
373 608
373 629
373 898
373 994
373 996
374 7
374 177
374 592
374 825
374 875
374 931
374 994
375 103
375 277
375 343
375 390
375 532
375 643
375 736
375 758
375 765
375 891
375 932
376 31
376 158
376 404
376 597
376 602
376 842
376 899
377 181
377 326
377 608
377 618
377 662
377 722
377 858
377 933
377 961
378 41
378 261
378 627
378 666
378 734
378 783
378 790
378 866
379 249
379 287
379 293
379 348
379 446
379 546
379 627
379 718
379 726
379 902
379 903
379 924
379 956
380 1
380 67
380 122
380 138
380 149
380 292
380 313
380 517
380 639
380 766
380 892
381 104
381 132
381 245
381 313
381 362
381 506
381 731
381 740
381 791
381 835
381 871
381 938
382 280
382 425
382 546
382 585
382 601
382 605
382 643
383 57
383 84
383 150
383 171
383 224
383 362
383 395
383 626
383 628
384 70
384 77
384 146
384 255
384 326
384 399
384 461
384 524
384 543
384 631
384 654
384 665
384 676
384 794
384 829
384 893
385 207
385 256
385 369
385 408
385 485
385 571
385 583
385 776
385 796
385 923
385 960
386 179
386 249
386 580
386 677
386 774
386 777
386 813
386 870
386 926
386 961
386 964
386 980
386 991
387 82
387 92
387 398
387 399
387 424
387 739
388 6
388 20
388 215
388 292
388 431
388 465
388 520
388 540
388 661
388 690
388 784
388 842
388 880
388 952
389 68
389 156
389 270
389 381
389 505
389 687
389 688
389 805
389 816
389 897
389 940
390 26
390 62
390 92
390 238
390 246
390 519
390 620
390 631
390 659
390 689
390 731
390 878
390 902
390 960
391 69
391 234
391 332
391 428
391 464
391 504
391 589
391 677
391 685
392 3
392 187
392 209
392 258
392 268
392 280
392 284
392 388
392 477
392 521
392 604
392 635
392 652
393 127
393 217
393 337
393 400
393 545
393 687
393 754
393 927
394 84
394 145
394 203
394 272
394 278
394 320
394 466
394 496
394 900
394 941
394 965
395 23
395 69
395 422
395 590
395 626
395 639
395 690
395 705
395 716
395 741
395 793
395 912
396 132
396 229
396 343
396 350
396 425
396 627
396 634
397 44
397 113
397 176
397 228
397 442
397 604
397 673
397 779
397 854
397 976
397 1000
398 151
398 261
398 262
398 274
398 431
398 464
398 606
398 824
398 871
399 90
399 221
399 437
399 438
399 527
399 576
399 675
399 792
399 820
399 966
400 203
400 387
400 451
400 460
400 479
400 482
400 507
400 562
400 714
400 947
401 103
401 190
401 223
401 275
401 548
401 598
401 615
401 744
401 901
402 47
402 102
402 176
402 180
402 181
402 539
402 569
402 588
402 643
403 84
403 88
403 157
403 202
403 251
403 330
403 440
403 441
403 471
403 508
403 537
403 678
403 782
403 970
403 995
404 27
404 284
404 383
404 390
404 391
404 393
404 419
404 523
404 656
404 769
405 2
405 25
405 70
405 359
405 435
405 510
405 597
405 639
405 670
405 738
405 943
405 961
406 22
406 120
406 291
406 372
406 738
406 748
406 770
406 862
407 139
407 211
407 413
407 778
407 832
407 879
407 907
407 937
408 121
408 126
408 178
408 298
408 316
408 398
408 440
408 522
408 616
408 808
408 813
408 953
409 148
409 257
409 502
409 578
409 601
409 638
409 826
410 79
410 434
410 457
410 475
410 610
410 673
410 701
410 704
410 923
411 38
411 140
411 191
411 246
411 287
411 585
411 614
411 628
411 681
411 684
411 735
411 860
411 931
411 981
412 48
412 61
412 76
412 256
412 334
412 385
412 629
412 631
412 698
412 701
412 774
412 775
412 983
413 16
413 58
413 88
413 266
413 478
413 630
413 649
413 844
413 983
413 988
414 54
414 237
414 292
414 522
414 647
414 663
414 871
414 902
414 949
415 60
415 261
415 292
415 320
415 368
415 469
415 640
415 673
415 795
415 819
415 863
415 934
415 976
416 89
416 267
416 331
416 437
416 502
416 680
416 743
417 47
417 91
417 103
417 109
417 216
417 399
417 451
417 480
417 548
417 592
417 778
417 847
417 858
417 912
417 972
418 64
418 354
418 360
418 384
418 417
418 524
418 537
418 750
418 918
419 16
419 93
419 578
419 612
419 846
419 880
420 61
420 95
420 131
420 154
420 168
420 340
420 351
420 537
420 625
420 876
420 899
420 958
421 110
421 167
421 177
421 184
421 185
421 194
421 206
421 250
421 316
421 547
421 567
421 578
421 728
422 38
422 309
422 459
422 878
422 922
422 938
423 15
423 80
423 180
423 331
423 340
423 416
423 460
423 851
423 913
423 930
423 956
424 109
424 288
424 312
424 325
424 576
424 583
424 620
424 948
425 152
425 199
425 313
425 315
425 394
425 451
425 473
425 494
425 566
425 581
425 689
425 774
425 783
425 831
425 846
425 877
425 894
425 915
426 142
426 161
426 268
426 340
426 392
426 416
426 423
426 624
426 711
426 727
426 834
426 946
427 70
427 109
427 223
427 352
427 453
427 470
427 695
427 793
427 832
427 861
427 876
427 897
427 967
428 40
428 169
428 274
428 311
428 334
428 383
428 387
428 576
428 730
428 763
428 789
428 875
428 953
429 129
429 183
429 209
429 237
429 346
429 353
429 547
429 586
429 631
429 678
430 16
430 196
430 199
430 398
430 417
430 595
430 739
430 787
430 809
430 970
431 53
431 55
431 375
431 424
431 429
431 445
431 490
431 856
431 901
432 14
432 125
432 190
432 358
432 406
432 566
432 648
432 694
432 751
432 770
432 793
433 91
433 167
433 199
433 326
433 356
433 541
433 548
433 938
433 986
433 991
434 48
434 164
434 227
434 233
434 369
434 397
434 473
434 480
434 541
434 566
434 635
434 700
434 724
434 891
435 41
435 91
435 133
435 381
435 522
435 552
435 600
435 654
435 679
435 714
435 783
435 860
436 8
436 304
436 325
436 366
436 382
436 831
436 985
436 993
437 11
437 20
437 131
437 133
437 293
437 354
437 405
437 468
437 551
437 570
437 594
437 693
437 837
437 893
437 972
438 130
438 197
438 413
438 492
438 638
438 703
438 725
438 737
438 746
438 824
438 862
438 896
438 961
438 983
439 255
439 371
439 466
439 790
439 845
440 28
440 88
440 139
440 299
440 368
440 414
440 746
441 30
441 98
441 108
441 242
441 370
441 482
441 807
441 886
442 62
442 96
442 171
442 188
442 369
442 424
442 534
442 561
443 3
443 143
443 159
443 286
443 419
443 610
443 619
443 704
443 738
443 881
443 918
444 2
444 134
444 332
444 377
444 407
444 462
444 570
444 616
444 743
444 786
444 869
444 992
445 161
445 270
445 274
445 308
445 363
445 495
445 571
445 585
445 670
445 802
445 859
445 931
446 191
446 292
446 307
446 331
446 478
446 562
446 763
446 803
446 960
446 965
447 40
447 164
447 468
447 678
447 720
447 756
448 58
448 166
448 287
448 300
448 309
448 392
448 491
448 709
448 731
448 764
448 814
448 836
448 850
449 138
449 180
449 209
449 244
449 425
449 557
449 569
449 586
449 595
449 633
449 747
449 870
449 933
450 60
450 65
450 206
450 316
450 334
450 428
450 554
450 576
450 605
450 745
450 773
450 885
450 928
451 147
451 342
451 367
451 503
451 517
451 598
451 602
451 618
451 695
451 709
451 814
451 817
451 834
451 928
452 95
452 185
452 336
452 353
452 411
452 423
452 710
452 792
452 851
452 905
453 43
453 133
453 137
453 754
453 926
453 961
453 996
454 145
454 154
454 198
454 332
454 658
454 766
454 832
454 877
454 919
455 1
455 79
455 137
455 278
455 289
455 346
455 367
455 415
455 441
455 538
455 589
455 768
455 792
455 922
456 6
456 120
456 346
456 507
456 550
456 558
456 658
456 661
456 678
456 723
456 833
457 116
457 130
457 167
457 173
457 179
457 217
457 239
457 246
457 277
457 427
457 460
457 480
457 484
457 573
457 617
457 713
457 837
458 26
458 62
458 112
458 116
458 121
458 190
458 236
458 299
458 324
458 542
458 550
458 866
458 944
458 990
459 120
459 367
459 561
459 671
459 675
459 809
459 839
459 840
460 37
460 165
460 351
460 554
460 709
460 770
460 808
460 926
461 274
461 480
461 756
461 822
461 889
461 932
461 969
462 8
462 10
462 24
462 98
462 121
462 194
462 407
462 450
462 484
462 533
462 713
462 772
463 202
463 213
463 226
463 262
463 305
463 315
463 447
463 563
463 656
463 849
463 919
464 81
464 341
464 359
464 397
464 742
464 761
464 835
465 6
465 611
465 791
465 841
466 74
466 145
466 207
466 341
466 384
466 433
466 435
466 553
466 562
466 590
466 655
466 656
466 682
466 766
466 809
466 840
466 863
466 985
467 52
467 167
467 170
467 313
467 314
467 442
467 449
467 712
467 877
468 108
468 126
468 507
468 519
468 622
468 754
468 758
468 811
468 836
468 866
468 896
468 990
469 72
469 239
469 321
469 444
469 494
469 547
469 684
470 93
470 114
470 226
470 330
470 431
470 432
470 463
470 501
470 507
470 569
470 570
470 611
470 784
470 823
470 947
471 63
471 181
471 224
471 238
471 309
471 641
471 761
471 774
471 808
471 810
471 842
471 974
472 12
472 38
472 39
472 60
472 143
472 159
472 209
472 320
472 365
472 449
472 496
472 505
472 570
472 571
472 679
472 709
472 926
472 930
472 962
472 981
473 38
473 199
473 380
473 406
473 509
473 527
473 641
473 820
473 884
473 894
473 907
473 916
474 152
474 244
474 247
474 264
474 333
474 414
474 423
474 750
474 956
474 983
475 83
475 173
475 402
475 444
475 538
475 623
475 686
475 726
476 79
476 301
476 334
476 420
476 438
476 633
476 673
476 719
476 753
476 832
476 993
476 995
477 76
477 78
477 92
477 93
477 242
477 278
477 335
477 569
477 678
477 762
477 795
477 909
477 996
478 165
478 268
478 563
478 594
478 620
478 735
478 771
478 871
478 925
478 977
479 49
479 136
479 152
479 231
479 251
479 324
479 339
479 376
479 532
479 591
479 740
479 787
480 10
480 19
480 69
480 368
480 452
480 746
480 814
480 844
480 893
481 11
481 29
481 57
481 60
481 74
481 142
481 160
481 190
481 248
481 645
481 814
481 950
482 47
482 136
482 137
482 191
482 353
482 426
482 661
482 763
482 770
482 782
482 788
482 942
483 42
483 258
483 362
483 396
483 415
483 433
483 447
483 464
483 510
483 532
483 570
483 803
483 926
484 41
484 166
484 403
484 741
484 856
484 900
485 8
485 31
485 97
485 115
485 351
485 363
485 414
485 440
485 593
485 681
485 715
485 746
485 759
485 783
485 810
486 84
486 102
486 121
486 237
486 274
486 328
486 394
486 425
486 477
486 492
486 908
487 118
487 123
487 313
487 413
487 670
487 686
487 747
487 850
488 103
488 197
488 204
488 294
488 513
488 518
488 673
488 716
489 38
489 136
489 367
489 446
489 516
489 567
489 797
489 839
489 967
490 19
490 55
490 130
490 235
490 509
490 543
490 579
490 617
490 751
491 9
491 50
491 106
491 142
491 212
491 259
491 424
491 465
491 482
491 515
491 788
492 126
492 144
492 160
492 347
492 373
492 419
492 489
492 507
492 592
492 771
492 974
493 73
493 141
493 238
493 349
493 352
493 467
493 475
493 614
493 718
493 830
493 942
493 989
494 281
494 304
494 330
494 364
494 449
494 454
494 503
494 562
494 652
494 773
494 884
494 885
494 917
494 923
495 252
495 273
495 438
495 507
495 590
495 698
495 735
495 801
495 945
496 163
496 167
496 248
496 339
496 371
496 388
496 479
496 663
496 678
496 862
496 917
496 963
497 244
497 263
497 280
497 327
497 350
497 616
497 760
497 766
497 844
497 851
497 923
497 964
498 56
498 81
498 145
498 211
498 234
498 692
498 809
498 827
498 841
498 882
498 903
498 955
498 982
499 55
499 128
499 171
499 311
499 332
499 497
499 500
499 561
499 679
499 823
499 877
500 21
500 92
500 112
500 174
500 211
500 240
500 263
500 306
500 376
500 549
500 694
500 767
500 942
501 346
501 371
501 409
501 569
501 773
501 866
502 356
502 573
502 670
502 688
502 852
502 916
502 921
503 61
503 165
503 228
503 259
503 319
503 358
503 477
503 610
503 612
503 755
503 837
503 956
503 978
504 3
504 10
504 140
504 165
504 327
504 624
504 664
504 849
505 21
505 121
505 171
505 287
505 289
505 662
505 739
505 841
505 881
505 987
506 66
506 131
506 258
506 283
506 313
506 361
506 374
506 454
506 465
506 503
506 602
506 609
506 715
506 827
506 870
506 958
506 978
507 66
507 75
507 102
507 127
507 140
507 149
507 406
507 415
507 529
507 575
507 617
507 705
508 1
508 47
508 89
508 220
508 453
508 475
508 503
508 538
509 8
509 156
509 275
509 304
509 377
509 432
509 499
509 500
509 519
509 646
509 732
509 772
509 775
509 790
509 824
509 866
509 909
509 979
510 156
510 174
510 444
510 627
510 725
510 774
510 781
510 818
510 848
511 48
511 54
511 72
511 249
511 497
511 601
511 706
511 736
511 779
511 960
512 19
512 27
512 127
512 302
512 417
512 506
512 601
512 650
512 825
512 841
512 863
512 902
512 945
512 1000
513 104
513 138
513 156
513 186
513 260
513 295
513 314
513 498
513 619
513 639
513 761
513 955
514 76
514 100
514 121
514 210
514 222
514 325
514 353
514 471
514 772
514 883
514 905
515 3
515 93
515 200
515 282
515 345
515 447
515 506
515 813
515 869
515 917
515 972
516 154
516 216
516 241
516 271
516 303
516 327
516 345
516 476
516 481
516 534
516 578
516 608
516 667
516 759
517 60
517 156
517 183
517 373
517 463
517 495
517 699
517 973
518 62
518 166
518 168
518 358
518 378
518 573
518 648
518 683
518 748
518 756
518 831
518 853
519 407
519 497
519 841
519 857
519 871
519 923
519 933
520 43
520 62
520 79
520 117
520 156
520 175
520 202
520 226
520 405
520 490
520 517
520 589
520 721
520 767
520 817
520 841
520 870
520 871
520 913
520 929
521 20
521 110
521 117
521 135
521 165
521 230
521 241
521 339
521 778
521 850
521 877
522 114
522 136
522 407
522 547
522 565
522 757
522 768
522 903
523 49
523 66
523 70
523 111
523 260
523 410
523 592
523 610
523 613
523 666
523 687
523 725
523 797
523 864
523 895
523 905
524 64
524 231
524 248
524 359
524 447
524 448
524 464
524 563
524 619
524 814
524 857
524 954
525 92
525 118
525 408
525 626
525 734
525 774
525 868
525 870
525 923
526 48
526 71
526 120
526 333
526 400
526 406
526 544
526 725
526 958
527 111
527 126
527 192
527 370
527 780
527 790
527 853
528 2
528 30
528 66
528 79
528 124
528 195
528 282
528 469
528 480
528 482
528 483
528 636
528 729
528 982
529 290
529 352
529 445
529 446
529 545
529 609
529 626
529 640
529 642
529 662
529 802
529 807
529 878
529 914
530 55
530 59
530 344
530 478
530 481
530 498
530 532
530 568
530 658
530 741
530 785
531 14
531 30
531 116
531 156
531 280
531 402
531 408
531 434
531 450
531 652
531 679
531 713
531 969
532 168
532 227
532 257
532 268
532 344
532 526
532 553
532 623
532 786
532 868
532 927
533 88
533 136
533 161
533 232
533 244
533 421
533 427
533 552
533 615
533 668
533 717
533 738
533 843
534 33
534 405
534 573
534 784
534 808
534 840
535 10
535 43
535 101
535 115
535 382
535 442
535 454
535 474
535 548
535 563
535 569
535 600
535 734
535 748
535 839
535 854
535 868
536 116
536 119
536 365
536 385
536 389
536 497
536 537
536 634
536 640
536 767
536 945
536 954
536 961
537 112
537 146
537 256
537 275
537 437
537 560
537 679
537 797
537 814
537 887
537 919
537 954
538 25
538 131
538 309
538 405
538 478
538 487
538 523
538 684
538 685
538 743
538 806
538 834
538 863
538 921
539 38
539 57
539 106
539 284
539 379
539 447
539 582
539 592
539 691
539 752
539 807
539 810
539 835
539 838
540 69
540 73
540 84
540 104
540 106
540 118
540 303
540 385
540 452
540 571
540 600
540 675
540 766
540 775
540 921
540 956
540 994
541 6
541 16
541 127
541 201
541 229
541 558
541 704
541 752
541 913
541 995
542 9
542 62
542 145
542 273
542 286
542 302
542 530
542 558
542 571
542 608
542 776
542 792
542 800
542 811
542 812
542 923
542 983
543 192
543 204
543 211
543 366
543 652
543 671
543 677
543 700
543 761
543 788
543 833
543 853
543 891
543 920
543 977
544 143
544 147
544 423
544 848
545 14
545 63
545 112
545 182
545 268
545 378
545 680
545 681
545 767
545 785
545 818
546 127
546 190
546 285
546 380
546 398
546 551
546 744
546 896
546 947
547 88
547 103
547 104
547 141
547 271
547 426
547 447
547 709
547 730
547 749
547 835
547 882
547 958
548 332
548 375
548 625
548 940
548 946
548 950
549 119
549 439
549 566
549 893
549 909
549 974
549 994
550 54
550 88
550 103
550 173
550 263
550 494
550 733
550 743
550 873
550 907
551 52
551 105
551 177
551 268
551 274
551 453
551 565
551 686
552 7
552 377
552 416
552 520
552 543
552 998
553 70
553 133
553 269
553 330
553 494
554 10
554 56
554 124
554 205
554 304
554 376
554 435
554 756
554 966
555 3
555 39
555 80
555 194
555 252
555 254
555 470
555 489
555 908
556 7
556 188
556 201
556 276
556 402
556 441
556 463
556 571
556 716
556 837
556 892
557 145
557 152
557 197
557 264
557 287
557 408
557 535
557 713
557 752
557 792
557 830
557 840
558 119
558 152
558 212
558 308
558 406
558 415
558 471
558 623
558 654
559 278
559 343
559 371
559 373
559 443
559 481
559 597
559 660
559 661
559 680
559 685
559 843
559 872
560 8
560 35
560 121
560 148
560 188
560 228
560 313
560 463
560 467
560 520
560 540
560 591
560 714
560 788
560 793
561 296
561 298
561 332
561 387
561 420
561 550
561 593
561 682
561 859
562 8
562 29
562 70
562 194
562 215
562 309
562 334
562 408
562 475
562 519
562 643
562 659
562 680
562 712
562 749
562 837
562 914
562 932
562 949
563 14
563 99
563 577
563 631
563 694
563 794
563 828
563 848
563 869
563 963
564 15
564 28
564 42
564 120
564 147
564 162
564 184
564 232
564 440
564 541
564 748
564 778
564 976
564 982
565 220
565 252
565 483
565 560
565 561
565 622
565 652
566 108
566 143
566 170
566 174
566 460
566 705
566 741
566 840
566 979
567 359
567 368
567 383
567 513
567 547
567 576
567 612
567 623
567 624
567 781
567 842
567 888
567 935
568 39
568 43
568 223
568 332
568 399
568 421
568 475
568 686
568 728
568 925
568 961
569 5
569 18
569 69
569 316
569 459
569 467
569 673
569 687
569 699
569 880
570 44
570 196
570 359
570 375
570 565
570 598
570 661
570 897
571 41
571 62
571 238
571 328
571 378
571 437
571 566
571 594
571 793
571 821
571 957
572 100
572 229
572 290
572 709
572 773
572 897
572 907
572 996
573 87
573 179
573 392
573 580
573 647
573 668
573 759
573 768
573 815
573 824
573 853
573 954
573 967
574 134
574 240
574 249
574 485
574 631
574 867
574 890
574 971
574 979
575 3
575 255
575 329
575 369
575 513
575 543
575 547
575 600
575 639
575 654
575 673
575 767
575 780
575 826
576 54
576 105
576 574
576 657
576 720
576 780
577 1
577 106
577 217
577 254
577 277
577 523
577 611
577 648
577 709
577 734
577 739
577 883
577 974
578 32
578 256
578 436
578 447
578 491
578 568
578 801
578 810
578 821
578 828
578 875
578 899
579 206
579 210
579 212
579 257
579 301
579 366
579 490
579 760
579 773
579 795
579 976
580 33
580 46
580 70
580 71
580 272
580 281
580 307
580 361
580 379
580 428
580 433
580 531
580 775
580 893
580 901
580 912
581 50
581 64
581 109
581 266
581 323
581 485
581 513
581 515
581 695
581 728
581 793
581 982
582 79
582 318
582 348
582 506
582 538
582 558
582 623
582 686
582 764
582 766
582 785
582 870
582 923
583 71
583 125
583 302
583 354
583 690
583 716
583 866
584 252
584 427
584 513
584 569
584 573
584 717
584 832
584 835
584 953
585 193
585 253
585 309
585 417
585 502
585 848
585 933
585 960
586 164
586 288
586 362
586 533
586 710
586 747
586 926
586 954
587 62
587 109
587 139
587 198
587 377
587 425
587 653
587 698
587 771
588 102
588 117
588 173
588 282
588 295
588 434
588 462
588 468
588 475
588 527
588 847
588 894
589 113
589 297
589 307
589 693
589 959
589 964
590 166
590 236
590 347
590 620
590 621
590 796
590 828
590 892
590 899
590 965
591 89
591 216
591 583
591 584
591 677
591 875
591 902
592 3
592 125
592 170
592 217
592 257
592 292
592 420
592 438
592 623
592 650
592 773
592 781
592 791
592 816
592 957
592 970
593 186
593 267
593 466
593 573
593 857
594 50
594 84
594 218
594 284
594 394
594 447
594 448
594 675
594 732
594 812
594 885
595 116
595 184
595 243
595 280
595 511
595 524
595 527
595 614
595 652
595 680
595 834
595 861
595 915
595 937
595 981
595 996
596 7
596 78
596 168
596 447
596 481
596 549
596 618
596 628
596 661
596 690
596 851
596 910
596 946
597 15
597 110
597 144
597 207
597 252
597 303
597 356
597 556
597 642
597 730
597 851
597 913
597 956
598 170
598 195
598 269
598 284
598 400
598 515
598 558
598 690
598 908
598 957
599 189
599 223
599 246
599 300
599 624
599 645
599 686
599 753
599 772
599 816
599 889
599 976
599 995
600 55
600 98
600 160
600 465
600 469
600 624
600 676
600 683
600 780
600 879
600 926
600 937
601 7
601 41
601 191
601 288
601 407
601 488
601 538
601 712
601 731
601 765
601 953
601 986
602 42
602 69
602 93
602 222
602 302
602 397
602 406
602 500
602 519
602 584
602 618
602 680
602 712
602 767
602 870
602 884
602 900
602 910
602 932
602 950
602 971
603 137
603 192
603 287
603 344
603 421
603 440
603 533
603 693
603 732
603 733
603 766
604 19
604 117
604 126
604 283
604 296
604 717
604 767
604 880
604 966
605 8
605 52
605 137
605 158
605 217
605 247
605 290
605 306
605 312
605 438
605 452
605 523
605 645
605 920
605 969
606 55
606 70
606 75
606 176
606 199
606 246
606 467
606 492
606 506
606 510
606 557
606 558
606 705
606 825
606 873
606 909
607 79
607 104
607 116
607 202
607 345
607 348
607 466
607 471
607 711
607 758
607 824
608 71
608 134
608 184
608 374
608 403
608 493
608 592
608 595
608 675
608 714
608 724
608 863
608 885
608 945
608 959
609 26
609 45
609 84
609 120
609 161
609 245
609 377
609 502
609 690
609 703
609 848
609 919
610 132
610 315
610 321
610 445
610 555
610 621
610 692
610 706
610 728
610 908
611 117
611 358
611 436
611 569
611 623
611 669
611 677
611 722
611 860
611 867
611 904
611 952
612 66
612 188
612 224
612 334
612 437
612 458
612 551
612 574
612 602
612 664
612 772
613 45
613 149
613 199
613 321
613 367
613 753
613 783
613 864
613 936
614 161
614 253
614 340
614 363
614 553
614 657
614 940
614 944
614 980
615 166
615 275
615 353
615 381
615 500
615 534
615 598
615 726
616 105
616 246
616 248
616 314
616 500
616 554
616 567
616 646
616 699
616 864
617 94
617 101
617 302
617 331
617 504
617 615
617 641
617 652
617 815
618 60
618 68
618 115
618 159
618 200
618 328
618 394
618 438
618 614
618 643
618 645
618 799
618 811
618 821
618 920
619 7
619 155
619 166
619 176
619 212
619 253
619 433
619 451
619 467
619 489
619 733
619 938
620 66
620 140
620 354
620 408
620 747
620 895
620 976
620 990
620 991
621 21
621 156
621 292
621 317
621 428
621 533
621 618
621 668
621 792
622 24
622 269
622 279
622 286
622 449
622 494
622 599
622 747
622 843
622 913
622 979
623 62
623 112
623 142
623 291
623 451
623 482
623 495
623 539
623 676
623 807
623 862
624 83
624 162
624 188
624 218
624 234
624 254
624 488
624 497
624 706
624 713
625 13
625 16
625 220
625 374
625 464
625 520
625 610
625 656
625 893
625 969
626 42
626 67
626 118
626 141
626 182
626 219
626 245
626 273
626 275
626 279
626 439
626 473
626 568
626 834
626 876
627 54
627 122
627 179
627 188
627 206
627 231
627 235
627 241
627 268
627 592
627 853
627 938
627 942
627 984
627 992
627 995
627 997
628 61
628 344
628 424
628 539
628 608
628 818
628 846
628 847
628 958
628 982
629 113
629 176
629 300
629 335
629 372
629 406
629 415
629 423
629 488
629 619
629 751
629 796
630 40
630 137
630 179
630 224
630 351
630 508
630 758
630 887
630 925
630 935
630 950
631 375
631 736
631 830
631 844
631 992
632 17
632 25
632 121
632 428
632 519
632 588
632 596
632 730
633 92
633 134
633 206
633 242
633 526
633 644
633 658
633 772
633 997
634 72
634 90
634 172
634 194
634 302
634 381
634 475
634 572
634 638
634 639
634 729
634 763
634 773
634 936
635 51
635 71
635 253
635 458
635 566
635 599
635 639
635 684
635 696
636 15
636 47
636 175
636 373
636 375
636 432
636 513
636 546
637 213
637 296
637 603
637 816
637 880
638 26
638 126
638 261
638 354
638 520
638 591
638 602
639 10
639 70
639 271
639 285
639 430
639 489
639 770
639 818
640 44
640 432
640 529
640 656
640 658
640 676
640 698
640 836
640 911
641 107
641 168
641 230
641 272
641 315
641 672
641 834
642 36
642 75
642 164
642 190
642 385
642 488
642 630
642 689
642 759
642 783
642 805
642 893
643 65
643 79
643 253
643 382
643 482
643 498
643 540
643 640
643 734
643 790
643 985
644 50
644 314
644 424
644 461
644 557
644 602
644 862
645 59
645 73
645 420
645 613
645 713
645 804
645 821
646 105
646 121
646 155
646 188
646 224
646 285
646 344
646 352
646 399
646 663
646 825
646 891
646 895
646 959
646 965
647 353
647 371
647 410
647 782
647 787
647 799
647 801
647 804
647 904
648 337
648 463
648 499
648 645
648 882
648 929
648 974
649 64
649 143
649 159
649 207
649 338
649 341
649 483
649 521
649 566
649 571
649 694
649 780
649 861
649 917
649 929
649 956
649 977
650 27
650 178
650 290
650 314
650 364
650 368
650 389
650 395
650 549
650 581
650 590
650 713
650 777
650 976
651 98
651 175
651 254
651 363
651 374
651 466
651 495
651 561
651 587
651 639
651 691
651 947
651 978
652 135
652 176
652 213
652 283
652 397
652 788
652 846
652 958
653 92
653 107
653 261
653 406
653 439
653 568
653 732
653 881
653 971
654 2
654 21
654 65
654 119
654 215
654 368
654 540
654 587
654 713
654 922
654 947
655 12
655 211
655 260
655 264
655 338
655 472
655 480
655 489
655 501
655 595
655 753
655 841
655 872
655 939
655 996
656 42
656 229
656 238
656 370
656 404
656 509
656 682
656 703
656 873
656 875
656 881
657 45
657 107
657 248
657 278
657 282
657 520
657 527
657 589
657 660
657 703
657 807
658 45
658 61
658 156
658 190
658 499
658 659
658 702
658 802
658 942
659 31
659 114
659 153
659 232
659 244
659 282
659 486
659 499
659 558
659 597
659 647
659 680
659 909
659 919
659 960
660 27
660 110
660 247
660 427
660 429
660 432
660 518
660 545
660 564
660 567
660 866
660 911
661 15
661 72
661 83
661 99
661 175
661 350
661 383
661 759
661 774
662 272
662 275
662 334
662 396
662 502
662 619
662 757
662 836
662 893
662 899
662 999
663 30
663 208
663 375
663 446
663 613
663 616
663 651
663 695
664 36
664 192
664 409
664 591
664 656
664 906
664 955
665 32
665 114
665 157
665 173
665 202
665 278
665 314
665 321
665 343
665 390
665 409
665 592
665 727
666 63
666 95
666 144
666 279
666 284
666 450
666 601
667 339
667 552
667 809
667 867
667 904
668 69
668 102
668 150
668 170
668 291
668 368
668 486
668 511
668 583
668 628
668 640
668 752
668 956
669 39
669 44
669 94
669 244
669 279
669 467
669 479
669 579
669 591
669 731
669 745
669 813
669 891
669 924
670 4
670 126
670 137
670 150
670 234
670 497
670 643
670 800
670 943
670 969
671 29
671 122
671 193
671 218
671 227
671 474
671 691
671 700
671 704
671 803
671 905
672 50
672 58
672 524
672 740
672 972
673 68
673 105
673 110
673 135
673 239
673 355
673 535
673 649
673 760
673 864
673 934
674 53
674 205
674 257
674 318
674 466
674 543
674 608
674 712
674 742
674 798
674 890
674 986
675 12
675 15
675 85
675 129
675 320
675 331
675 380
675 400
675 402
675 474
675 896
675 924
675 966
675 981
676 6
676 133
676 150
676 327
676 354
676 533
676 578
676 588
676 657
676 716
677 168
677 215
677 238
677 262
677 270
677 320
677 328
677 458
677 543
677 580
677 622
677 637
677 692
677 745
677 903
678 54
678 167
678 385
678 390
678 510
678 684
678 958
679 62
679 159
679 170
679 311
679 399
679 681
679 733
680 60
680 211
680 239
680 277
680 284
680 382
680 383
680 395
680 399
680 456
680 599
680 625
680 765
680 798
680 923
681 28
681 100
681 231
681 285
681 303
681 385
681 408
681 467
681 469
681 624
681 828
681 872
681 978
682 169
682 385
682 397
682 484
682 493
682 541
682 580
682 843
683 57
683 180
683 306
683 318
683 353
683 387
683 479
683 482
683 568
683 633
683 869
684 62
684 172
684 347
684 575
684 649
684 841
684 858
684 872
684 980
685 22
685 32
685 224
685 381
685 395
685 471
685 475
685 619
685 671
685 713
685 786
685 963
686 241
686 248
686 310
686 415
686 585
686 695
686 707
686 767
686 854
686 864
686 873
687 92
687 132
687 140
687 265
687 289
687 324
687 336
687 526
687 597
687 626
687 737
687 793
688 175
688 249
688 250
688 388
688 412
688 628
688 766
688 795
688 902
688 926
688 994
689 1
689 20
689 564
689 584
689 588
689 657
689 769
689 922
689 925
689 949
690 237
690 239
690 359
690 413
690 469
690 578
690 619
690 662
690 750
690 823
690 858
690 916
690 970
691 260
691 314
691 382
691 398
691 447
691 483
691 539
691 548
691 554
691 896
691 955
692 130
692 570
693 186
693 250
693 474
694 29
694 62
694 95
694 177
694 279
694 542
694 644
694 763
694 809
694 988
695 48
695 162
695 225
695 372
695 405
695 424
695 445
695 454
695 627
695 634
695 645
695 732
695 877
695 888
695 984
696 29
696 55
696 266
696 452
696 511
696 687
696 752
696 847
696 900
696 949
696 975
697 68
697 320
697 329
697 442
697 669
697 673
697 737
698 177
698 222
698 240
698 242
698 282
698 359
698 361
698 568
698 582
698 635
698 693
698 956
699 60
699 117
699 131
699 136
699 166
699 173
699 219
699 348
699 374
699 466
699 499
699 557
699 594
699 661
699 730
699 771
699 816
699 878
699 915
700 313
700 767
700 915
700 938
700 951
700 968
700 993
701 256
701 502
701 669
701 702
701 750
701 852
701 880
701 892
702 21
702 184
702 316
702 424
702 429
702 579
702 603
702 851
702 940
702 948
702 990
703 40
703 172
703 195
703 283
703 299
703 420
703 431
703 474
703 521
703 680
703 707
703 731
703 732
703 801
703 863
704 8
704 275
704 316
704 584
704 597
704 721
704 767
704 959
705 91
705 149
705 192
705 259
705 390
705 415
705 423
705 459
705 542
705 587
705 683
705 772
705 998
706 168
706 188
706 252
706 426
706 465
706 593
706 736
706 788
706 913
707 48
707 261
707 391
707 392
707 418
707 447
707 558
707 899
708 242
708 278
708 544
708 648
708 651
708 697
708 735
708 864
709 23
709 223
709 233
709 430
709 445
709 781
709 840
709 915
709 916
709 955
710 44
710 182
710 265
710 336
710 388
710 434
710 567
710 586
710 685
710 711
710 737
710 778
710 801
710 819
710 827
710 892
710 926
710 944
711 10
711 41
711 129
711 144
711 251
711 254
711 259
711 269
711 422
711 428
711 435
711 556
711 606
711 636
711 691
711 732
711 995
712 43
712 58
712 146
712 259
712 380
712 546
712 680
712 861
712 881
713 31
713 242
713 308
713 392
713 422
713 509
713 511
713 530
713 531
713 565
713 619
713 666
713 813
713 828
714 23
714 159
714 225
714 278
714 313
714 422
714 589
714 661
714 812
714 861
714 898
714 967
715 162
715 235
715 558
715 569
715 590
715 607
715 624
715 682
715 765
715 853
715 882
715 920
715 931
715 954
715 970
716 143
716 157
716 187
716 394
716 482
716 486
716 504
716 531
716 761
716 907
717 6
717 424
717 466
717 530
717 618
717 821
717 863
718 164
718 275
718 446
718 631
718 725
718 730
718 848
718 868
719 114
719 123
719 813
719 853
719 895
720 295
720 501
720 510
720 603
720 609
720 672
720 789
720 860
720 910
720 922
720 925
721 240
721 256
721 278
721 285
721 332
721 419
721 575
721 591
721 646
721 678
721 716
721 722
721 742
721 943
721 951
722 17
722 39
722 265
722 289
722 379
722 401
722 417
722 554
722 577
722 718
722 734
722 760
723 144
723 150
723 186
723 298
723 314
723 520
723 969
723 998
724 95
724 108
724 148
724 197
724 262
724 270
724 553
724 589
724 726
724 770
724 829
724 836
724 913
725 484
725 819
726 3
726 48
726 153
726 159
726 188
726 265
726 283
726 542
726 607
726 627
726 924
727 37
727 197
727 204
727 326
727 381
727 490
727 493
727 544
727 580
728 348
728 373
728 467
728 532
728 636
728 829
728 932
728 954
729 38
729 135
729 182
729 197
729 222
729 250
729 399
729 602
729 604
729 743
729 796
729 963
730 104
730 290
730 375
730 442
730 453
730 482
730 647
730 651
731 50
731 68
731 78
731 184
731 202
731 348
731 350
731 362
731 363
731 699
731 760
731 887
732 139
732 196
732 248
732 251
732 325
732 573
732 582
732 672
732 782
732 805
733 35
733 195
733 223
733 277
733 326
733 358
733 409
733 475
733 531
733 581
733 692
733 759
733 774
733 843
733 850
733 855
733 938
734 28
734 84
734 100
734 117
734 233
734 507
734 572
734 786
734 858
734 933
734 980
735 70
735 86
735 142
735 173
735 219
735 261
735 324
735 402
735 471
735 497
735 658
735 684
735 730
735 778
735 861
735 944
736 22
736 84
736 100
736 101
736 312
736 461
736 606
736 642
736 725
736 827
736 983
737 205
737 230
737 374
737 567
737 718
737 759
737 865
737 869
737 922
738 6
738 8
738 99
738 276
738 360
738 409
738 439
738 457
738 471
738 662
738 797
738 811
738 947
739 38
739 149
739 152
739 260
739 286
739 311
739 358
739 436
739 493
739 569
739 575
739 623
739 624
739 690
739 730
739 771
739 803
739 805
739 821
739 826
739 852
740 65
740 188
740 252
740 336
740 373
740 375
740 534
740 557
740 635
740 725
741 107
741 258
741 282
741 444
741 456
741 503
741 554
741 710
741 904
741 945
742 82
742 124
742 180
742 204
742 278
742 298
742 305
742 755
742 756
742 835
742 885
743 176
743 359
743 548
743 555
743 585
743 617
743 668
743 765
743 767
743 923
744 32
744 211
744 257
744 346
744 372
744 432
744 487
744 816
745 29
745 117
745 186
745 241
745 345
745 395
745 416
745 487
745 823
745 848
745 928
745 957
745 983
746 91
746 354
746 379
746 400
746 424
746 599
746 694
746 728
746 829
747 45
747 55
747 195
747 541
747 555
747 721
747 784
747 958
748 85
748 112
748 142
748 383
748 503
748 563
748 747
748 947
749 16
749 75
749 140
749 261
749 298
749 339
749 465
749 474
749 542
749 855
749 866
750 88
750 97
750 360
750 465
750 676
750 930
750 934
751 8
751 497
751 563
751 567
751 605
751 672
751 765
751 843
752 129
752 165
752 195
752 427
752 476
752 539
752 549
752 595
752 662
752 708
752 809
752 996
753 52
753 288
753 454
753 458
753 503
753 540
753 595
753 625
753 782
753 785
754 74
754 122
754 299
754 302
754 327
754 532
754 819
754 845
754 857
754 878
754 923
755 238
755 328
755 491
755 505
755 509
755 660
755 669
756 50
756 64
756 95
756 266
756 396
756 469
756 546
756 880
756 924
756 984
757 214
757 289
757 435
757 599
757 679
757 933
757 977
758 76
758 152
758 167
758 310
758 413
758 439
758 655
758 674
758 716
758 760
758 852
758 957
759 7
759 90
759 110
759 354
759 450
759 703
759 948
760 105
760 218
760 244
760 385
760 505
760 575
760 598
760 611
760 623
760 979
761 1
761 10
761 17
761 35
761 79
761 118
761 130
761 178
761 213
761 243
761 308
761 348
761 422
761 424
761 678
761 682
761 727
761 729
761 933
761 989
762 20
762 154
762 203
762 229
762 285
762 390
762 465
762 487
762 550
762 951
763 52
763 68
763 161
763 269
763 303
763 319
763 320
763 354
763 374
763 518
763 535
763 581
763 587
763 691
763 699
763 708
763 808
763 878
763 958
764 215
764 270
764 275
764 457
764 569
764 587
764 597
764 702
764 888
764 969
765 17
765 54
765 472
765 502
765 645
765 657
765 843
765 844
765 889
765 924
765 981
766 37
766 54
766 97
766 355
766 381
766 518
766 581
766 676
766 832
766 976
767 41
767 111
767 144
767 151
767 155
767 276
767 291
767 301
767 323
767 356
767 376
767 420
767 483
767 491
767 653
767 722
767 888
768 125
768 128
768 238
768 249
768 270
768 314
768 317
768 454
768 469
768 670
768 681
768 894
768 904
768 963
769 145
769 162
769 193
769 268
769 298
769 312
769 351
769 373
769 377
769 395
769 556
769 702
769 951
770 30
770 101
770 140
770 250
770 318
770 390
770 403
770 490
770 503
770 885
770 900
771 36
771 95
771 155
771 186
771 410
771 423
771 505
771 516
771 918
771 986
772 181
772 304
772 482
772 500
772 542
772 836
772 862
773 20
773 184
773 242
773 588
773 827
774 84
774 87
774 99
774 243
774 365
774 412
774 498
774 874
774 894
774 907
774 944
775 257
775 278
775 404
775 547
775 560
775 666
775 822
775 872
775 940
776 25
776 67
776 96
776 169
776 246
776 260
776 262
776 317
776 376
776 532
776 538
776 551
776 587
776 637
776 639
776 761
776 809
776 877
776 986
777 116
777 129
777 218
777 259
777 413
777 466
777 592
777 770
777 897
777 923
778 113
778 127
778 168
778 211
778 315
778 763
778 774
778 835
778 912
779 22
779 97
779 142
779 168
779 255
779 319
779 489
779 514
779 531
779 604
779 737
779 797
779 846
779 880
779 903
779 904
780 47
780 289
780 434
780 666
780 976
780 978
781 26
781 45
781 116
781 135
781 142
781 148
781 277
781 361
781 409
781 432
781 487
781 491
781 509
781 571
781 702
781 867
782 53
782 298
782 515
782 546
782 638
782 703
782 803
782 856
782 865
782 897
782 918
782 958
783 35
783 44
783 55
783 106
783 226
783 327
783 401
783 405
783 502
783 504
783 535
783 611
783 650
783 671
784 243
784 265
784 321
784 396
784 441
784 454
784 456
784 811
785 4
785 94
785 112
785 200
785 202
785 226
785 318
785 654
785 720
785 757
785 803
785 818
785 948
785 957
786 203
786 369
786 699
786 735
786 783
786 897
786 934
787 112
787 150
787 203
787 310
787 390
787 487
787 503
787 541
787 620
787 708
787 730
787 732
787 892
787 904
787 914
788 50
788 51
788 164
788 238
788 410
788 540
788 562
788 685
788 744
788 893
789 29
789 126
789 251
789 269
789 294
789 307
789 404
789 446
789 508
789 535
789 548
789 590
789 750
789 893
789 910
790 81
790 152
790 269
790 387
790 506
790 699
790 722
790 735
790 749
790 756
790 765
790 766
790 792
791 28
791 143
791 159
791 241
791 332
791 383
791 629
791 960
791 963
792 85
792 128
792 471
792 614
792 651
792 874
792 986
793 133
793 208
793 239
793 286
793 287
793 492
793 527
793 556
793 565
793 690
793 702
793 705
793 709
793 803
793 853
793 868
794 42
794 119
794 302
794 354
794 526
794 598
794 605
794 619
794 688
794 809
794 822
794 922
794 932
795 235
795 237
795 281
795 310
795 319
795 577
795 598
795 702
795 715
795 739
795 846
795 961
795 995
796 203
796 264
796 421
796 432
796 507
796 523
796 842
796 918
796 984
797 136
797 198
797 303
797 332
797 457
797 512
797 565
797 696
797 744
797 798
797 833
797 944
797 975
797 985
798 89
798 333
798 361
798 423
798 472
798 600
798 601
798 641
798 692
799 23
799 51
799 154
799 258
799 319
799 776
799 836
799 854
799 994
800 15
800 17
800 162
800 195
800 225
800 377
800 386
800 477
800 558
800 560
800 606
800 621
800 724
800 824
800 916
800 946
800 987
801 80
801 110
801 120
801 136
801 193
801 213
801 236
801 243
801 283
801 292
801 358
801 415
801 537
801 783
801 826
801 833
801 890
802 11
802 47
802 181
802 183
802 265
802 290
802 377
802 428
802 440
802 792
802 873
802 919
803 11
803 287
803 454
803 525
803 661
803 671
803 698
803 777
803 850
803 890
803 912
803 960
803 971
803 975
804 21
804 61
804 300
804 657
804 697
804 704
804 998
805 71
805 121
805 272
805 493
805 558
805 578
805 626
805 767
805 822
805 879
805 902
805 951
805 960
805 974
806 119
806 173
806 339
806 393
806 805
806 926
807 151
807 328
807 558
807 681
807 793
807 798
807 816
807 889
807 952
808 71
808 344
808 414
808 477
808 571
808 837
808 868
808 876
808 882
808 925
808 970
809 113
809 161
809 271
809 450
809 529
809 612
809 756
809 904
809 919
809 927
810 62
810 143
810 173
810 222
810 226
810 338
810 351
810 356
810 449
810 475
810 628
810 740
810 745
810 763
810 876
810 879
810 923
810 961
811 2
811 248
811 281
811 422
811 751
811 804
811 940
811 969
812 20
812 130
812 173
812 220
812 299
812 354
812 409
812 506
812 542
812 665
812 736
812 780
812 938
813 130
813 144
813 146
813 195
813 218
813 243
813 398
813 399
813 484
813 540
813 541
813 567
813 619
813 872
813 931
813 946
814 40
814 48
814 139
814 235
814 239
814 289
814 383
814 437
814 511
814 544
814 869
815 38
815 51
815 167
815 184
815 357
815 407
815 466
815 473
815 761
815 942
816 114
816 123
816 158
816 178
816 417
816 451
816 535
816 806
816 908
816 986
817 101
817 165
817 248
817 263
817 289
817 300
817 309
817 335
817 428
817 437
817 453
817 463
817 563
817 642
817 713
817 843
817 933
818 312
818 445
818 658
818 864
818 883
819 149
819 161
819 215
819 249
819 347
819 380
819 521
819 601
819 611
819 669
819 708
819 823
819 835
819 951
820 3
820 103
820 144
820 227
820 254
820 263
820 390
820 559
820 761
821 29
821 66
821 206
821 248
821 380
821 657
821 812
821 921
821 939
822 11
822 92
822 97
822 189
822 225
822 331
822 361
822 427
822 671
822 708
822 927
822 994
823 26
823 43
823 132
823 154
823 217
823 278
823 290
823 380
823 474
823 641
823 716
823 901
823 984
824 9
824 41
824 45
824 92
824 98
824 178
824 182
824 207
824 218
824 372
824 412
824 719
824 748
824 787
824 791
825 122
825 438
825 452
825 465
825 486
825 507
825 744
826 153
826 162
826 289
826 602
826 622
826 638
826 689
826 749
826 824
826 840
826 862
826 879
826 969
826 1000
827 115
827 228
827 306
827 344
827 399
827 468
827 509
827 596
827 679
827 765
827 921
828 43
828 81
828 84
828 352
828 403
828 583
828 796
828 928
828 936
829 37
829 38
829 140
829 215
829 228
829 413
829 455
829 585
829 713
829 773
829 799
829 874
829 979
830 42
830 151
830 388
830 471
830 514
830 536
830 682
830 686
830 741
830 802
830 867
830 928
830 990
831 66
831 130
831 173
831 287
831 385
831 437
831 660
831 707
831 717
831 859
831 872
831 971
832 166
832 261
832 491
832 563
832 691
832 925
832 973
832 988
833 6
833 121
833 270
833 310
833 362
833 394
833 459
833 507
833 532
833 795
833 862
833 884
833 894
834 107
834 495
834 608
834 736
834 747
834 790
835 31
835 68
835 77
835 85
835 147
835 209
835 387
835 397
835 473
835 474
835 598
835 666
835 713
835 716
835 761
836 20
836 81
836 162
836 345
836 365
836 477
836 626
836 988
837 129
837 336
837 346
837 349
837 401
837 442
837 496
837 609
837 688
837 726
837 752
837 820
837 853
838 23
838 92
838 136
838 220
838 221
838 358
838 365
838 426
838 640
838 799
838 814
838 832
838 846
838 896
838 906
838 988
838 994
839 139
839 455
839 579
839 610
839 661
839 671
839 900
839 948
839 951
839 989
840 49
840 80
840 214
840 262
840 748
840 755
840 772
840 912
840 987
840 994
841 151
841 255
841 354
841 355
841 413
841 459
841 461
841 513
841 563
841 669
841 680
841 716
841 775
841 810
841 882
841 917
841 977
842 89
842 334
842 364
842 453
842 477
842 478
842 497
842 512
842 567
842 638
842 709
842 719
842 738
842 923
843 15
843 27
843 40
843 111
843 183
843 473
843 510
843 587
843 610
843 622
843 718
843 725
843 826
844 20
844 155
844 225
844 277
844 418
844 496
844 835
844 920
844 974
845 36
845 77
845 132
845 148
845 227
845 302
845 399
845 776
845 784
845 790
845 870
846 279
846 335
846 398
846 416
846 586
846 637
846 655
846 673
846 742
846 778
846 788
846 815
846 942
847 29
847 68
847 234
847 318
847 417
847 496
847 560
847 579
847 581
847 722
847 775
848 89
848 274
848 433
848 473
848 500
848 647
848 672
848 678
848 712
848 817
848 842
848 864
848 965
849 56
849 151
849 536
849 564
849 589
849 701
849 724
849 788
849 934
849 945
849 972
850 62
850 143
850 159
850 226
850 318
850 425
850 453
850 454
850 540
850 617
850 762
850 876
850 880
850 902
851 197
851 223
851 340
851 391
851 428
851 448
851 623
851 691
851 736
851 929
851 971
852 2
852 119
852 185
852 391
852 408
852 454
852 503
852 566
852 635
852 668
852 851
852 889
853 16
853 26
853 252
853 362
853 645
853 664
853 723
853 812
853 922
853 932
853 949
854 40
854 481
854 485
854 574
854 759
854 911
854 984
855 42
855 138
855 197
855 228
855 359
855 454
855 506
855 512
855 536
855 567
855 735
855 772
855 788
855 875
856 92
856 114
856 192
856 320
856 356
856 498
856 692
856 849
856 885
856 941
857 188
857 207
857 211
857 238
857 272
857 327
857 337
857 439
857 528
857 553
857 583
857 655
857 765
857 807
857 817
857 910
857 960
858 28
858 162
858 263
858 322
858 404
858 510
858 715
858 849
858 906
858 910
858 939
859 90
859 100
859 127
859 294
859 312
859 317
859 370
859 467
859 559
859 707
859 900
860 72
860 112
860 171
860 267
860 380
860 635
860 697
860 753
860 780
860 867
860 910
860 967
860 984
861 177
861 199
861 215
861 265
861 304
861 412
861 432
861 450
861 685
861 687
861 827
861 916
861 988
862 4
862 27
862 118
862 157
862 172
862 194
862 319
862 341
862 375
862 465
862 617
862 626
862 784
862 873
863 102
863 299
863 312
863 367
863 408
863 471
863 713
863 781
863 890
863 925
863 950
864 27
864 38
864 74
864 106
864 232
864 333
864 507
864 536
864 552
864 720
864 749
864 806
864 848
864 865
864 894
864 899
864 954
865 104
865 159
865 164
865 181
865 313
865 329
865 361
865 362
865 426
865 485
865 496
865 648
865 772
865 856
866 72
866 106
866 135
866 140
866 223
866 230
866 287
866 506
866 556
866 647
866 654
866 702
866 731
866 782
866 997
867 3
867 32
867 49
867 75
867 90
867 100
867 116
867 219
867 298
867 633
867 883
868 189
868 210
868 356
868 384
868 409
868 461
868 466
868 807
868 863
868 943
869 154
869 234
869 261
869 319
869 452
869 453
869 518
869 545
869 679
869 985
870 28
870 94
870 105
870 233
870 271
870 414
870 715
870 786
870 831
870 835
870 853
870 932
870 949
871 37
871 181
871 201
871 259
871 528
871 557
871 645
872 289
872 387
872 447
872 504
872 528
872 536
872 667
872 686
872 747
872 901
872 970
872 989
873 134
873 219
873 245
873 250
873 486
873 562
873 816
873 937
874 151
874 200
874 296
874 376
874 411
874 462
874 496
874 836
875 23
875 57
875 87
875 261
875 501
875 512
875 520
875 594
875 604
875 645
876 248
876 283
876 349
876 533
876 596
876 726
876 739
876 761
876 777
876 829
876 842
876 848
876 937
876 996
877 5
877 133
877 307
877 433
877 521
877 574
877 672
877 706
878 144
878 235
878 308
878 412
878 473
878 513
878 630
878 745
878 766
878 833
878 978
878 979
879 35
879 64
879 299
879 303
879 328
879 334
879 376
879 417
879 427
879 448
879 580
879 621
879 632
879 684
879 735
880 22
880 29
880 202
880 266
880 294
880 335
880 368
880 424
880 462
880 643
880 672
880 896
880 952
880 987
881 138
881 246
881 416
881 472
881 542
881 730
881 735
881 741
881 759
881 816
881 919
882 56
882 115
882 200
882 346
882 404
882 415
882 492
882 576
882 589
882 679
882 708
882 721
882 855
882 907
882 989
883 118
883 286
883 290
883 307
883 346
883 518
883 605
883 720
883 791
883 808
883 927
884 22
884 306
884 378
884 492
884 579
884 582
884 681
884 899
884 985
884 992
885 40
885 87
885 369
885 415
885 437
885 552
885 643
885 777
885 793
885 822
885 881
885 929
886 6
886 71
886 101
886 201
886 334
886 692
886 807
886 941
887 108
887 138
887 250
887 359
887 376
887 698
887 735
888 315
888 367
888 485
888 529
888 557
888 644
888 659
888 716
888 746
888 923
888 941
889 127
889 272
889 450
889 477
889 618
889 660
889 850
889 876
889 985
890 422
890 564
890 622
890 697
890 826
890 908
890 953
890 967
891 27
891 147
891 160
891 168
891 239
891 286
891 288
891 392
891 702
891 729
891 731
891 750
891 825
891 937
892 177
892 318
892 337
892 400
892 419
892 449
892 462
892 679
892 955
892 972
893 181
893 235
893 313
893 474
893 496
893 528
893 568
893 867
894 64
894 277
894 364
894 421
894 492
894 658
894 787
895 43
895 81
895 164
895 258
895 438
895 803
896 101
896 115
896 124
896 266
896 428
896 442
896 557
896 573
896 684
896 873
896 898
896 926
896 938
897 212
897 282
897 424
897 448
897 463
897 593
897 685
897 829
898 101
898 183
898 217
898 252
898 253
898 268
898 275
898 296
898 393
898 674
898 795
899 177
899 196
899 273
899 376
899 398
899 513
899 519
899 658
899 724
899 906
899 987
900 553
900 704
900 713
900 733
900 882
900 902
900 966
901 47
901 55
901 111
901 164
901 181
901 194
901 202
901 253
901 435
901 504
901 746
901 806
901 921
902 94
902 121
902 128
902 133
902 190
902 422
902 461
902 478
902 623
902 657
902 696
902 793
902 810
902 869
903 13
903 41
903 111
903 180
903 198
903 243
903 312
903 630
903 852
903 958
903 969
903 986
904 45
904 391
904 447
904 449
904 462
904 500
904 625
904 649
904 716
904 732
904 753
904 903
905 99
905 206
905 375
905 408
905 419
905 650
906 3
906 270
906 410
906 413
906 565
906 622
906 913
906 987
907 32
907 174
907 178
907 373
907 585
908 18
908 290
908 821
908 872
908 994
909 4
909 87
909 229
909 334
909 787
909 811
909 826
910 28
910 54
910 89
910 236
910 350
910 815
910 918
910 958
910 969
911 11
911 73
911 135
911 632
911 712
911 785
911 848
911 981
912 8
912 42
912 165
912 231
912 234
912 297
912 430
912 436
912 529
912 557
912 610
912 919
913 126
913 138
913 212
913 235
913 463
913 523
913 567
913 633
913 763
913 770
913 824
913 1000
914 144
914 254
914 682
914 725
914 836
914 978
915 142
915 147
915 368
915 429
915 529
915 532
915 658
915 660
915 799
915 872
915 896
916 67
916 100
916 101
916 167
916 217
916 240
916 457
916 605
916 717
916 771
916 866
917 2
917 105
917 358
917 400
917 557
917 565
917 593
917 847
917 953
917 990
918 31
918 74
918 135
918 150
918 296
918 576
918 698
918 705
918 788
918 822
918 891
918 982
919 53
919 160
919 200
919 255
919 289
919 421
919 610
919 805
919 876
920 174
920 406
920 479
920 602
920 656
920 691
920 768
920 827
920 902
920 908
920 909
920 1000
921 45
921 145
921 150
921 298
921 485
921 533
921 602
921 684
921 826
921 891
921 916
922 94
922 366
922 411
922 643
922 657
922 749
922 814
922 910
922 912
922 928
922 930
923 31
923 56
923 119
923 143
923 286
923 302
923 380
923 440
923 497
923 724
923 857
923 935
923 938
924 92
924 139
924 149
924 163
924 273
924 305
924 316
924 427
924 561
924 772
924 809
924 846
924 896
925 44
925 139
925 158
925 317
925 399
925 458
925 565
925 571
925 639
925 806
925 831
925 840
925 843
925 939
925 989
926 126
926 163
926 165
926 200
926 206
926 263
926 295
926 327
926 403
926 625
926 640
926 775
926 837
926 864
927 1
927 252
927 424
927 538
927 544
927 726
928 26
928 128
928 165
928 683
928 953
928 965
929 146
929 224
929 229
929 266
929 295
929 374
929 397
929 604
929 640
929 704
929 841
929 978
930 159
930 194
930 212
930 217
930 358
930 591
930 716
930 785
930 804
930 953
931 59
931 351
931 554
931 573
931 762
931 810
931 915
931 992
932 75
932 108
932 140
932 174
932 209
932 226
932 807
932 842
932 876
932 965
932 998
933 12
933 25
933 67
933 162
933 203
933 296
933 317
933 384
933 400
933 410
933 495
933 552
933 574
933 586
933 669
933 732
933 811
933 815
933 836
933 945
933 972
934 2
934 78
934 144
934 168
934 172
934 239
934 246
934 276
934 321
934 355
934 410
934 417
934 511
934 754
934 764
934 783
934 850
934 856
934 981
935 8
935 180
935 215
935 265
935 380
935 431
935 456
935 486
935 566
935 577
935 605
935 741
935 760
935 856
935 872
935 883
935 895
935 999
936 61
936 128
936 226
936 353
936 377
936 402
936 443
936 485
936 547
936 751
936 767
937 164
937 445
937 498
937 560
937 620
937 732
937 792
937 796
937 830
937 900
937 961
938 127
938 156
938 165
938 498
938 521
938 635
938 733
938 774
938 790
938 817
938 877
938 946
939 159
939 201
939 378
939 558
939 565
939 823
939 873
939 989
940 6
940 428
940 492
940 562
940 581
940 693
940 700
940 722
941 15
941 236
941 283
941 412
941 512
941 621
941 672
941 831
941 855
942 104
942 229
942 360
942 636
942 783
942 852
942 892
942 912
942 929
942 956
943 206
943 429
943 883
944 33
944 188
944 218
944 254
944 315
944 353
944 383
944 495
944 547
944 727
944 775
944 853
944 921
945 41
945 58
945 67
945 244
945 269
945 441
945 708
945 797
945 852
946 94
946 108
946 305
946 346
946 451
946 487
946 550
946 653
946 666
946 679
946 840
946 959
946 987
947 83
947 274
947 357
947 478
947 611
947 650
947 676
947 802
947 808
947 856
947 873
947 988
948 70
948 297
948 315
948 338
948 454
948 471
948 605
948 763
948 775
948 858
949 4
949 64
949 244
949 398
949 408
949 468
949 607
949 832
949 855
949 861
949 884
950 90
950 146
950 147
950 233
950 312
950 317
950 427
950 460
950 481
950 586
950 649
950 656
950 671
950 805
950 832
950 865
951 89
951 486
951 495
951 573
951 580
951 686
951 749
951 813
951 929
951 990
952 22
952 37
952 56
952 58
952 277
952 317
952 449
952 483
952 515
952 533
952 549
952 764
952 832
953 18
953 132
953 322
953 335
953 352
953 421
953 448
953 462
953 610
953 629
953 971
954 121
954 170
954 280
954 291
954 471
954 474
954 554
954 574
954 944
955 7
955 64
955 139
955 285
955 291
955 303
955 348
955 364
955 480
955 552
955 586
955 591
955 702
955 836
956 41
956 274
956 343
956 425
956 436
956 448
956 476
956 718
956 731
956 789
956 902
956 904
957 212
957 271
957 340
957 365
957 430
957 628
957 721
957 759
957 983
958 75
958 81
958 187
958 453
958 777
958 900
958 932
958 938
958 985
958 993
959 41
959 51
959 126
959 284
959 375
959 390
960 156
960 161
960 212
960 229
960 241
960 264
960 296
960 301
960 346
960 456
960 495
960 503
960 589
960 645
960 721
960 744
960 866
960 890
961 98
961 212
961 229
961 260
961 269
961 281
961 298
961 439
961 487
961 559
961 786
961 795
961 803
961 808
961 988
962 74
962 114
962 422
962 431
962 463
962 478
962 514
962 552
962 566
962 627
962 725
963 19
963 56
963 88
963 145
963 289
963 345
963 409
963 453
963 922
964 213
964 312
964 440
964 528
964 541
964 614
964 645
964 718
964 887
964 902
965 32
965 80
965 209
965 235
965 372
965 483
965 511
965 519
965 708
965 711
965 792
965 977
966 104
966 115
966 122
966 183
966 306
966 437
966 545
966 547
966 676
966 679
966 727
966 873
966 944
967 148
967 205
967 428
967 496
967 789
967 951
967 959
968 93
968 312
968 327
968 486
968 574
968 634
968 774
968 944
968 959
969 76
969 146
969 158
969 193
969 200
969 276
969 347
969 438
969 457
969 458
969 556
969 746
969 778
969 827
969 921
969 939
969 984
970 5
970 35
970 170
970 198
970 219
970 239
970 308
970 420
970 444
970 446
970 509
970 655
970 890
970 962
971 62
971 152
971 213
971 356
971 469
971 880
971 924
972 158
972 324
972 329
972 424
972 432
972 442
972 479
972 511
972 538
972 698
972 810
972 817
972 911
973 91
973 106
973 176
973 451
973 479
973 516
973 519
973 649
974 62
974 78
974 246
974 399
974 602
974 705
974 778
974 786
974 896
974 915
975 100
975 102
975 142
975 164
975 210
975 293
975 379
975 627
975 707
975 708
975 811
975 828
976 13
976 24
976 79
976 92
976 307
976 351
976 405
976 442
976 547
976 575
976 745
976 816
976 879
976 913
977 54
977 55
977 160
977 360
977 457
977 492
977 559
977 567
977 648
977 839
978 34
978 83
978 286
978 327
978 435
978 439
978 536
978 574
978 621
978 753
978 892
979 15
979 380
979 414
979 440
979 469
979 561
979 852
979 889
980 79
980 339
980 383
980 418
980 443
980 569
980 623
980 821
980 848
980 898
981 29
981 62
981 177
981 547
981 572
981 670
981 926
982 361
982 400
982 408
982 544
982 592
982 643
982 898
982 936
983 68
983 83
983 270
983 502
983 545
983 770
983 928
983 956
984 21
984 62
984 108
984 172
984 218
984 327
984 351
984 353
984 399
984 449
984 630
984 720
984 798
985 129
985 225
985 243
985 340
985 469
985 495
985 687
985 737
985 921
985 990
986 125
986 151
986 282
986 345
986 414
986 977
986 997
987 51
987 91
987 179
987 207
987 640
987 701
987 742
987 755
987 879
987 914
988 146
988 163
988 169
988 210
988 339
988 359
988 396
988 465
988 518
988 564
988 568
988 605
988 665
988 751
988 905
988 938
989 481
989 544
989 567
989 637
989 685
989 772
989 807
989 912
989 946
990 198
990 202
990 342
990 362
990 466
990 518
990 655
990 756
990 863
991 6
991 48
991 130
991 254
991 382
991 556
991 597
991 664
991 675
991 759
991 761
992 204
992 296
992 303
992 377
992 526
992 736
993 9
993 79
993 130
993 331
993 346
993 349
993 405
993 423
993 511
993 516
993 519
993 709
993 716
994 1
994 106
994 135
994 140
994 196
994 273
994 462
994 556
994 592
994 633
994 734
994 758
994 787
995 23
995 55
995 168
995 279
995 335
995 339
995 441
995 598
995 621
995 636
995 697
995 757
995 838
996 456
996 606
996 628
996 863
996 867
996 944
996 957
997 3
997 64
997 118
997 152
997 401
997 442
997 494
997 602
997 745
998 13
998 87
998 92
998 93
998 159
998 403
998 413
998 740
999 21
999 38
999 111
999 198
999 231
999 254
999 299
999 310
999 356
999 613
999 717
999 826
999 940
1000 8
1000 145
1000 230
1000 274
1000 302
1000 438
1000 514
1000 527
1000 581
1000 610
1000 628
1000 695
1000 869
1000 974
