100
98
1 96
2 59
3 21
3 23
5 14
5 20
6 58
8 50
9 67
11 64
13 26
13 28
16 14
19 4
19 59
21 23
22 35
23 35
23 69
23 100
24 28
24 100
28 16
28 95
30 90
36 5
36 23
36 88
38 1
39 96
40 29
40 48
42 86
45 27
45 87
46 2
48 29
48 83
49 10
52 48
53 72
53 76
56 40
57 51
58 74
59 10
59 97
60 46
61 1
63 47
63 56
63 72
64 17
64 48
64 52
64 66
64 74
65 8
65 54
67 9
67 43
69 70
69 90
69 91
71 3
71 83
71 89
72 48
72 64
72 75
73 47
74 24
74 32
74 55
74 75
74 80
75 42
77 1
78 15
79 24
82 3
82 34
82 56
83 56
86 68
87 74
87 100
88 9
88 82
91 10
91 24
95 41
96 35
96 54
96 95
97 28
99 19
99 79
