100
688
1 2
1 22
1 23
1 47
1 48
1 53
1 56
1 70
1 73
2 5
2 6
2 14
2 18
2 29
2 34
2 39
2 52
2 58
2 80
2 94
3 5
3 21
3 25
3 26
3 27
3 39
3 95
3 100
4 6
4 7
4 8
4 37
4 46
4 58
4 65
4 73
4 75
4 77
4 93
5 9
5 38
5 45
5 62
5 64
5 67
5 75
5 82
5 99
6 10
6 29
6 56
6 70
6 74
6 93
6 94
6 97
7 11
7 18
7 30
8 18
8 45
8 54
8 56
8 62
8 73
8 89
9 7
9 32
9 62
9 96
10 1
10 4
10 12
10 56
10 71
10 77
10 92
11 5
11 27
11 30
11 52
11 63
11 66
11 81
12 39
12 69
12 89
13 6
13 12
13 17
13 64
13 66
13 73
13 83
13 85
13 86
14 13
14 38
14 39
14 43
14 48
14 55
14 81
14 84
15 2
15 4
15 22
15 38
15 70
15 92
15 93
15 97
16 27
16 31
16 45
16 62
16 63
16 84
17 2
17 8
17 19
17 28
17 81
17 89
18 6
18 20
18 21
18 43
18 49
18 60
18 62
18 68
18 76
18 94
18 97
19 56
19 70
19 71
19 80
19 82
19 88
19 97
20 3
20 83
20 89
21 2
21 15
21 36
21 41
21 46
21 82
21 84
21 97
22 11
22 13
22 23
22 25
22 30
22 54
22 55
22 63
22 73
22 78
23 6
23 14
23 26
23 41
23 56
23 58
23 66
23 98
24 55
24 68
24 94
24 97
25 1
25 10
25 43
25 45
25 50
25 52
25 97
26 39
26 42
26 75
26 79
26 91
26 94
27 14
27 26
27 32
27 58
27 70
27 89
28 56
28 69
28 98
29 5
29 6
29 42
29 51
29 78
29 90
29 93
29 98
30 20
30 31
30 47
30 68
30 71
30 75
30 97
31 3
31 23
31 32
31 38
31 48
31 74
31 98
32 6
32 9
32 34
32 43
32 45
32 48
32 49
32 63
32 68
32 83
32 98
33 10
33 14
33 32
33 44
33 50
33 52
33 60
33 64
33 78
33 100
34 5
34 9
34 11
34 14
34 19
34 36
34 49
34 78
35 5
35 41
35 46
35 47
35 61
35 84
35 85
35 88
35 90
35 98
36 1
36 6
36 15
36 29
36 45
36 48
36 53
36 59
36 83
36 97
37 23
37 24
37 59
37 75
38 8
38 9
38 31
38 39
38 54
38 55
38 77
38 83
39 25
39 31
39 36
39 44
39 60
39 64
39 73
39 86
39 87
39 99
39 100
40 11
40 13
40 17
40 21
40 26
40 48
40 53
40 55
40 80
41 6
41 14
41 40
41 88
41 95
42 14
42 16
42 62
42 84
43 10
43 23
43 31
43 52
44 3
44 11
44 22
44 41
44 46
44 84
45 1
45 8
45 17
45 31
45 70
45 79
45 81
45 88
46 13
46 31
46 61
46 76
46 87
47 17
47 24
47 44
47 71
47 79
47 83
48 15
48 32
48 47
48 57
48 74
48 81
49 1
49 18
49 24
49 65
49 83
49 92
50 3
50 6
50 11
50 20
50 21
50 27
50 32
50 67
50 92
50 94
51 6
51 10
51 13
51 26
51 37
51 49
51 64
51 65
51 69
51 81
51 90
51 97
52 23
52 31
52 47
52 82
53 33
53 36
54 3
54 78
54 79
54 90
54 94
55 4
55 25
55 33
55 36
55 50
55 79
55 87
55 89
55 93
55 99
56 13
56 25
56 36
56 39
56 54
56 62
56 80
57 36
57 68
57 86
57 87
57 89
58 11
58 16
58 26
58 51
58 75
59 3
59 8
59 11
59 39
59 48
59 55
59 72
59 88
59 100
60 18
60 26
60 87
60 93
61 5
61 44
61 60
61 97
62 96
63 13
63 16
63 31
63 34
63 62
64 11
64 23
64 43
64 69
64 94
65 7
65 41
65 61
65 84
65 87
65 89
65 91
65 95
65 97
66 1
66 11
66 23
66 29
66 61
66 77
66 93
67 4
67 8
67 20
67 24
67 64
67 91
67 100
68 13
68 16
68 21
68 55
68 64
68 89
68 96
69 9
69 10
69 26
69 29
69 33
69 45
69 68
69 98
70 28
70 29
70 42
70 63
70 66
70 87
70 98
71 28
71 29
71 39
71 58
71 74
71 92
72 2
72 3
72 11
72 13
72 22
72 29
72 51
72 56
72 88
72 98
73 38
73 45
73 59
73 80
74 32
74 58
74 65
74 81
74 98
75 25
75 34
75 52
75 54
75 57
75 64
75 72
75 90
75 95
76 10
76 19
76 24
76 48
76 66
76 79
76 83
77 9
77 15
77 19
77 73
77 79
77 92
78 12
78 29
78 31
78 44
78 81
79 15
79 21
79 49
79 52
79 55
79 58
79 69
79 99
80 33
80 36
80 37
80 48
80 50
80 99
81 4
81 39
81 43
81 44
81 50
81 88
81 93
82 5
82 13
82 18
82 39
82 40
82 42
82 48
82 55
82 57
82 63
82 69
82 76
83 8
83 18
83 32
83 87
84 12
84 17
84 23
84 37
84 72
84 83
84 94
84 98
85 16
85 24
85 33
85 43
85 52
85 74
85 93
85 94
86 37
86 40
86 41
86 44
86 45
86 53
86 68
86 96
87 17
87 41
87 51
87 90
88 1
88 28
88 61
88 63
88 71
88 86
88 91
88 99
89 22
89 71
89 72
89 90
89 94
90 1
90 26
90 28
90 66
90 77
90 79
90 85
90 91
90 93
90 98
91 19
91 21
91 22
91 53
91 55
91 63
91 64
91 68
91 85
92 18
92 27
92 38
92 43
92 49
92 88
92 95
93 31
93 47
93 83
93 91
93 94
94 4
94 17
94 28
94 29
94 35
94 40
94 73
95 4
95 19
95 21
95 38
95 48
95 50
95 51
95 53
95 68
95 72
95 100
96 1
96 37
97 19
97 40
97 81
97 82
97 88
98 15
98 28
98 55
98 66
99 2
99 14
99 19
99 39
99 42
99 76
99 84
99 95
100 1
100 4
100 12
100 52
100 62
100 81
100 93
