110
110
1 103
1 106
3 8
4 45
9 6
11 15
12 79
12 88
13 1
13 28
14 12
14 23
14 36
17 61
19 29
20 39
21 92
22 37
22 95
24 35
25 48
25 56
27 4
29 30
30 96
32 67
32 85
34 78
36 72
37 49
37 63
38 46
39 15
40 59
41 5
41 105
42 44
42 103
45 51
47 2
47 14
47 78
49 82
50 26
50 42
50 47
50 62
50 95
51 11
51 59
53 3
53 16
56 27
56 83
58 42
60 9
61 36
62 77
65 88
66 32
66 51
66 57
67 30
67 105
68 71
69 30
70 27
72 41
73 110
74 33
75 30
76 64
76 93
81 10
81 37
81 86
82 45
83 7
83 71
84 21
84 51
87 45
88 33
88 38
88 86
89 99
92 63
93 34
93 100
93 101
94 1
96 104
97 73
98 11
98 76
98 79
99 13
99 102
100 92
101 29
101 32
101 84
102 52
102 67
103 33
104 77
104 109
105 22
107 36
108 89
