110
843
1 2
1 4
1 12
1 30
1 32
1 44
1 62
1 65
1 77
1 78
1 83
1 107
2 18
2 33
2 42
2 43
2 52
2 68
3 23
3 27
3 49
3 60
3 62
3 74
4 17
4 19
4 37
4 42
4 55
4 56
4 62
4 84
4 98
5 1
5 7
5 43
5 53
5 54
5 77
5 91
5 107
6 7
6 9
6 15
6 24
6 32
6 37
6 46
6 64
6 80
6 81
6 103
7 6
7 28
7 39
7 43
7 46
7 77
7 101
8 6
8 17
8 21
8 52
8 69
8 70
8 100
8 103
9 3
9 11
9 25
9 30
9 33
9 52
9 69
9 101
10 5
10 41
10 64
10 92
11 3
11 13
11 48
11 56
11 62
11 75
11 80
12 10
12 18
12 37
12 42
12 57
12 59
12 63
12 71
12 72
13 12
13 21
13 54
13 66
13 89
13 93
13 96
13 109
14 1
14 19
14 41
14 70
14 72
14 74
14 78
14 88
14 96
14 99
14 101
15 22
15 36
15 91
16 27
16 53
16 56
16 59
16 68
16 75
16 83
17 11
17 29
17 30
17 52
17 58
17 65
17 82
18 1
18 16
18 44
18 56
18 60
18 73
18 88
19 32
19 43
19 47
19 50
19 95
20 1
20 3
20 57
20 66
20 70
20 81
20 87
20 95
21 9
21 16
21 41
21 60
21 72
21 93
21 98
21 102
22 5
22 29
22 30
22 42
22 62
22 91
22 102
23 43
23 54
23 103
23 105
24 19
24 23
24 37
24 42
24 58
24 87
25 5
25 13
25 37
25 65
26 23
26 28
26 81
26 82
26 89
27 5
27 8
27 22
27 30
27 33
27 49
27 77
27 78
27 92
27 97
27 99
27 101
28 6
28 40
28 43
28 69
28 71
29 12
29 22
29 24
29 54
29 67
29 79
29 92
30 19
30 26
30 31
30 36
30 57
30 67
30 75
30 79
30 98
31 8
31 42
31 76
32 2
32 10
32 15
32 21
32 36
32 57
32 90
32 97
33 2
33 8
33 15
33 25
33 31
33 59
33 66
33 68
33 79
33 81
33 92
33 102
33 105
34 26
34 45
34 49
34 50
34 76
34 90
34 93
34 106
35 3
35 15
35 22
35 33
35 76
35 80
36 7
36 14
36 35
36 44
36 69
36 85
36 97
37 12
37 66
37 95
38 3
38 4
38 14
38 20
38 36
38 43
38 49
38 68
38 93
38 97
38 102
38 110
39 16
39 29
39 36
39 60
39 74
40 6
40 14
40 27
40 28
40 36
40 67
40 71
41 47
41 65
41 80
41 86
41 103
42 31
42 35
42 49
42 57
42 70
42 75
42 81
42 89
42 110
43 2
43 7
43 28
43 31
43 42
43 44
43 58
43 61
43 86
43 91
43 101
44 8
44 9
44 64
44 67
44 68
44 73
44 74
44 88
44 97
44 101
44 108
45 4
45 29
45 56
45 57
45 90
46 14
46 26
46 34
46 55
46 58
46 81
46 85
46 89
46 90
46 96
47 10
47 17
47 51
47 52
47 77
47 78
47 84
47 99
47 103
47 106
48 7
48 9
48 11
48 40
48 43
48 53
48 54
48 74
48 79
48 110
49 15
49 57
49 71
49 86
49 87
50 4
50 8
50 10
50 13
50 21
50 32
50 54
50 83
51 4
51 8
51 17
51 22
51 30
51 50
51 52
52 3
52 20
52 26
52 49
52 50
52 61
52 78
52 79
52 89
52 108
53 15
53 20
53 22
53 27
53 38
53 49
53 95
53 109
54 6
54 18
54 36
54 42
54 50
55 21
55 26
55 42
55 57
55 65
55 70
55 89
55 101
56 18
56 30
56 55
56 57
56 59
56 67
56 72
56 91
56 95
56 97
56 103
56 109
57 32
57 34
57 38
57 55
57 91
57 102
57 108
58 11
58 71
58 81
59 4
59 6
59 7
59 15
59 27
59 38
59 45
59 49
59 51
59 58
59 66
59 90
60 22
60 24
60 36
60 38
60 64
60 90
60 99
60 108
61 29
61 32
61 47
61 76
61 83
61 86
61 100
62 1
62 31
62 52
62 53
62 54
62 64
62 74
62 80
62 101
63 20
63 23
63 43
63 68
63 92
63 99
63 100
64 1
64 9
64 17
64 39
64 52
64 67
64 76
64 91
65 6
65 18
65 47
65 58
65 79
65 108
66 19
66 22
66 39
66 67
66 77
66 83
66 96
67 16
67 25
67 26
67 42
67 44
67 81
67 96
68 1
68 6
68 13
68 14
68 23
68 29
68 43
68 52
68 84
69 2
69 16
69 17
69 20
69 25
69 30
69 55
69 74
69 84
69 90
70 14
70 16
70 23
70 28
70 61
70 87
70 90
70 96
70 108
71 9
71 18
71 22
71 43
71 51
71 66
71 93
71 100
72 16
72 41
72 42
72 59
72 66
72 70
73 4
73 47
73 64
73 75
73 82
73 86
73 103
73 105
74 16
74 47
74 58
74 65
74 76
74 86
74 93
75 9
75 36
75 41
75 46
75 53
75 61
75 62
75 71
75 98
75 102
75 109
76 7
76 65
76 89
76 101
77 6
77 15
77 20
77 23
77 26
77 28
77 31
77 33
77 40
77 71
77 80
77 103
77 110
78 18
78 22
78 35
78 45
78 75
78 82
78 90
78 104
79 5
79 9
79 11
79 14
79 54
79 67
79 88
79 94
80 14
80 56
80 57
80 59
80 64
80 74
80 93
80 99
80 103
81 25
81 31
81 37
81 41
81 49
81 82
81 91
81 94
81 104
82 10
82 20
82 57
82 63
82 71
82 83
83 3
83 5
83 14
83 72
83 76
83 79
84 5
84 9
84 19
84 20
84 28
84 32
84 34
84 35
84 42
84 68
84 79
84 82
85 5
85 22
85 56
85 62
85 73
85 83
86 1
86 40
86 100
87 45
87 48
87 57
87 59
87 61
87 76
87 80
87 97
87 99
88 86
88 102
89 2
89 21
89 23
89 32
89 39
89 44
89 46
89 50
89 54
89 75
89 91
89 97
89 108
90 9
90 15
90 41
90 43
90 47
90 49
90 53
90 57
90 78
90 88
91 30
91 32
91 34
91 37
91 54
91 70
91 78
91 83
92 4
92 8
92 10
92 21
92 35
92 42
92 48
92 55
92 63
92 105
93 59
93 84
93 91
93 103
94 2
94 19
94 50
94 69
94 89
94 99
94 108
95 1
95 2
95 26
95 46
95 63
95 73
95 79
95 92
95 99
95 100
96 24
96 31
96 46
96 48
96 52
96 57
96 83
96 85
96 91
97 5
97 20
97 25
97 34
97 36
97 40
97 44
97 66
97 67
97 69
97 71
97 85
97 86
97 96
97 104
98 9
98 31
98 79
98 82
98 89
98 91
98 110
99 43
99 80
99 103
100 4
100 27
100 30
100 33
100 35
100 54
100 61
100 64
100 77
100 82
100 87
101 11
101 71
101 74
101 78
101 90
102 11
102 41
102 55
102 59
102 66
102 72
102 95
102 105
103 8
103 16
103 32
103 92
103 97
104 13
104 33
104 37
104 75
104 79
104 86
104 100
104 107
105 35
105 43
105 46
105 48
105 81
105 96
106 17
106 37
106 40
106 80
106 84
106 92
107 22
107 63
107 109
108 9
108 33
108 40
108 57
108 60
108 88
108 92
109 2
109 7
109 22
109 25
109 34
109 48
109 49
109 52
109 69
109 79
110 2
110 21
110 58
110 60
110 74
110 79
110 81
110 86
110 92
110 103
