120
354
1 7
1 10
1 50
2 1
2 48
2 69
2 114
3 19
3 86
4 44
4 52
4 90
5 8
5 9
5 110
6 9
6 85
6 101
6 119
7 50
7 60
7 120
8 34
8 48
9 61
10 14
10 22
10 75
10 86
11 12
11 59
12 2
12 54
12 99
13 8
13 52
13 68
13 76
13 111
14 2
14 37
14 61
15 87
15 88
15 103
15 104
16 2
16 3
16 4
16 21
16 42
16 67
17 41
17 43
17 81
17 109
18 29
18 42
18 47
18 108
19 16
19 21
19 25
19 35
19 48
20 108
21 55
21 60
21 83
21 90
21 107
22 24
22 36
22 52
22 59
23 40
23 52
23 106
24 18
24 72
24 79
25 1
25 12
25 19
25 31
25 34
25 75
26 70
26 77
27 19
27 70
27 95
28 62
28 119
29 1
29 15
29 16
29 79
30 17
30 80
32 22
32 103
32 109
33 46
33 47
34 68
35 53
35 57
36 35
36 84
36 93
36 95
37 59
37 112
37 120
38 113
39 24
40 2
40 39
40 120
41 4
42 48
42 117
43 17
43 60
44 7
44 26
44 67
44 104
44 108
44 109
45 7
45 24
45 35
45 88
46 13
46 56
46 119
47 92
48 7
48 26
48 120
49 27
49 50
49 56
49 76
49 94
50 40
50 96
50 106
51 2
51 25
51 87
52 20
52 27
52 43
52 55
52 71
52 98
52 103
53 24
53 57
53 100
54 40
54 114
55 26
55 49
55 58
55 87
55 100
56 7
56 33
56 108
57 77
58 41
58 47
59 71
60 55
62 11
62 53
62 120
63 9
63 47
63 108
63 110
65 4
65 20
65 64
65 85
66 6
66 92
66 106
66 114
67 66
67 108
67 110
68 52
68 110
69 9
69 15
69 21
69 94
70 12
70 38
70 79
71 78
72 11
72 17
72 52
72 60
73 1
73 44
73 47
73 56
73 64
73 108
74 19
74 29
74 105
75 12
75 34
75 100
76 15
76 37
76 42
76 47
76 77
77 23
77 42
77 55
77 78
77 79
78 23
78 52
78 61
79 24
79 32
80 115
81 7
81 41
82 31
82 45
83 84
83 102
83 106
84 33
84 94
84 103
85 70
85 90
86 9
86 93
87 30
87 66
87 80
87 114
88 25
88 43
90 24
90 25
90 63
91 18
91 57
92 27
92 51
92 106
93 35
94 31
94 82
95 2
95 3
95 24
95 114
96 31
96 52
96 63
96 113
97 45
97 96
98 22
98 101
98 118
99 68
99 116
100 26
100 85
100 98
100 103
100 113
101 38
101 80
102 24
102 72
103 50
103 61
104 28
104 48
104 70
104 108
104 116
105 17
105 37
106 13
106 89
106 96
107 58
107 59
107 81
107 99
108 40
108 79
108 84
108 119
109 3
109 39
109 85
110 15
110 29
110 81
110 105
110 111
111 43
111 68
111 75
112 10
112 17
112 25
112 73
113 54
113 67
113 71
113 81
113 93
114 35
114 68
114 86
115 14
115 76
116 16
116 81
116 98
117 3
117 50
117 55
118 36
118 43
118 88
118 93
118 108
119 11
119 95
119 101
119 114
120 42
