120
925
1 2
1 15
1 20
1 41
1 53
1 76
1 80
1 82
1 87
1 88
1 108
1 114
2 16
2 33
2 65
2 68
2 72
2 79
2 99
2 115
3 16
3 27
3 54
3 68
3 77
3 93
3 112
3 113
3 118
4 18
4 24
4 34
4 71
4 110
5 39
5 42
5 62
5 65
5 76
5 77
5 94
5 106
6 11
6 42
6 51
6 53
6 60
6 86
6 110
6 118
7 9
7 15
7 18
7 23
8 5
8 21
8 75
8 77
8 91
8 92
8 101
9 7
9 40
9 42
9 51
9 67
9 78
9 90
10 8
10 42
10 66
10 88
10 89
10 98
10 102
10 107
10 113
10 115
11 4
11 30
11 39
11 41
11 43
11 45
11 49
11 60
11 69
11 80
11 82
11 86
11 102
11 115
12 5
12 26
12 27
12 38
12 46
12 50
12 54
12 77
12 81
12 82
12 87
12 94
12 95
12 103
12 113
13 66
13 98
14 30
14 55
14 91
14 94
14 101
14 118
15 47
15 48
15 68
15 77
15 80
15 103
16 1
16 12
16 61
16 83
16 100
16 115
17 1
17 38
17 49
17 54
17 58
17 66
17 101
17 111
18 9
18 43
18 48
18 50
18 75
18 117
19 60
19 73
19 82
19 94
19 104
20 13
20 27
20 33
20 36
20 42
20 48
20 77
20 82
20 83
20 109
21 2
21 9
21 15
21 28
21 30
21 47
21 63
21 67
21 72
21 86
22 24
22 36
22 41
22 58
22 72
22 80
22 109
22 115
23 10
23 14
23 25
23 40
23 76
23 93
23 94
24 21
24 35
24 38
24 53
24 71
24 100
24 101
25 40
25 45
25 66
25 68
25 79
25 95
26 4
26 11
26 43
26 47
26 53
26 59
26 60
26 68
26 71
26 79
26 81
26 87
26 97
26 101
26 108
27 7
27 14
27 23
27 93
27 97
27 104
28 4
28 39
28 48
28 49
28 120
29 5
29 12
29 26
29 39
29 49
29 51
29 55
29 56
29 72
29 79
29 82
29 86
30 13
30 64
30 83
30 99
30 100
30 101
30 107
30 113
31 16
31 28
31 53
31 56
31 73
31 97
31 102
31 104
32 20
32 52
32 62
32 63
32 99
32 114
33 31
33 44
33 66
33 70
33 80
34 11
34 21
34 47
34 48
34 90
34 113
35 5
35 7
35 9
35 29
35 34
35 40
35 42
35 44
35 68
35 73
35 74
35 76
35 102
36 8
36 26
36 48
36 49
36 66
36 70
36 93
36 120
37 12
37 52
37 73
37 83
38 5
38 7
38 12
38 40
38 71
38 75
38 76
38 83
38 89
38 93
38 94
38 97
39 2
39 4
39 32
39 35
39 40
39 48
39 66
39 71
39 78
39 79
39 84
39 92
39 98
39 101
39 115
40 23
40 56
40 68
40 74
40 94
40 95
40 114
41 20
41 26
41 28
41 40
41 62
41 64
41 68
41 76
41 103
41 104
41 105
41 114
42 22
42 28
42 36
42 37
42 41
42 47
42 51
42 65
42 68
43 17
43 57
43 65
43 67
43 87
43 107
43 108
43 116
44 15
44 41
44 72
44 99
44 108
44 110
44 118
45 2
45 5
45 40
45 51
45 62
45 101
45 108
45 116
46 44
46 48
46 68
46 75
46 78
46 108
46 114
47 13
47 49
47 80
47 82
47 100
47 106
47 109
48 14
48 47
48 55
48 58
48 65
48 83
49 1
49 5
49 44
49 56
49 74
49 80
49 87
49 96
49 97
49 103
49 114
50 11
50 29
50 30
50 42
50 43
50 75
50 76
50 77
50 80
50 87
50 88
50 111
51 55
51 77
51 85
51 97
51 120
52 38
52 48
52 60
52 70
52 84
52 106
53 3
53 19
53 20
53 43
53 52
53 59
53 86
53 100
53 114
54 5
54 25
54 55
54 63
54 81
54 101
55 37
55 75
55 89
55 90
56 7
56 9
56 16
56 23
56 70
56 79
56 94
56 107
57 5
57 9
57 36
57 37
57 76
57 79
57 115
58 13
58 22
58 28
58 35
58 39
58 59
58 81
58 91
58 103
59 41
59 67
59 78
59 91
59 117
59 120
60 4
60 32
60 41
60 48
60 65
60 105
60 118
61 3
61 14
61 49
61 74
61 91
61 99
61 112
62 30
62 49
62 86
63 15
63 36
63 39
63 45
63 46
63 55
63 60
63 72
63 82
63 88
63 115
64 6
64 7
64 35
64 65
64 75
64 77
64 81
65 3
65 39
65 56
65 57
65 73
66 10
66 11
66 26
66 38
66 68
66 90
66 96
66 106
66 117
66 119
67 4
67 13
67 37
67 56
67 64
67 87
67 92
67 117
68 48
68 53
68 60
68 62
68 84
68 98
68 99
69 1
69 18
69 23
69 24
69 52
69 81
69 90
69 100
69 108
69 116
69 117
70 6
70 15
70 19
70 20
70 66
70 92
70 105
71 5
71 26
71 43
71 54
71 65
71 67
71 79
71 111
72 18
72 25
72 27
72 36
72 48
72 73
72 77
72 78
72 100
72 112
73 23
73 26
73 50
73 60
73 81
73 82
73 91
73 102
73 106
74 9
74 25
74 36
74 43
74 66
74 102
74 115
75 1
75 12
75 35
75 42
75 61
75 62
75 66
75 67
75 69
75 73
75 103
75 106
75 113
76 32
76 64
76 77
76 115
77 4
77 28
77 43
77 79
77 80
77 89
77 116
78 10
78 28
78 39
78 61
78 62
78 113
79 2
79 22
79 31
79 61
79 83
79 119
80 15
80 31
80 35
80 53
80 77
80 108
81 4
81 12
81 21
81 38
81 40
81 46
81 117
82 3
82 9
82 35
82 54
83 17
83 19
83 26
83 38
83 44
83 49
83 52
83 53
83 68
84 22
84 23
84 24
84 54
84 94
84 99
84 109
85 14
85 65
85 74
85 99
86 27
86 50
86 54
86 80
86 92
86 93
86 105
86 108
86 114
86 119
87 4
87 5
87 33
87 37
87 51
87 57
87 76
87 81
87 82
87 84
87 90
88 11
88 29
88 34
88 44
88 76
88 95
88 106
88 118
88 119
89 14
89 17
89 28
89 46
89 49
89 70
89 86
89 97
90 25
90 33
90 37
90 51
90 54
90 67
90 84
90 98
90 106
91 10
91 20
91 78
91 101
91 106
91 109
91 118
92 23
92 37
92 49
92 56
92 60
92 76
92 97
92 103
93 31
93 36
93 40
93 58
93 68
93 89
93 100
93 112
93 115
94 8
94 34
94 51
94 63
94 84
94 109
95 15
95 26
95 34
95 50
95 85
95 93
95 100
95 106
95 113
96 3
96 44
96 63
96 64
96 78
96 97
96 107
96 115
96 118
97 5
97 13
97 24
97 55
97 69
97 105
98 4
98 7
98 8
98 26
98 31
98 46
98 63
98 72
98 99
98 100
98 104
98 106
99 2
99 18
99 23
99 43
99 74
99 87
99 108
99 117
100 3
100 13
100 45
100 47
100 79
100 93
100 98
100 106
100 118
101 9
101 36
101 56
101 87
102 37
102 58
102 62
102 107
103 5
103 24
103 44
103 52
103 72
103 86
103 96
103 119
104 5
104 21
104 38
104 60
104 70
104 107
104 113
104 114
105 16
105 22
105 24
105 32
105 81
105 88
105 91
105 102
106 12
106 30
106 37
106 42
106 61
106 70
106 83
106 96
106 98
107 15
107 16
107 55
107 59
107 64
107 77
107 80
107 86
107 113
107 117
108 53
108 56
108 78
109 20
109 62
109 65
109 74
109 92
109 118
110 7
110 37
110 39
110 57
110 91
111 25
111 30
111 48
111 82
111 90
111 92
111 101
111 110
112 32
112 35
112 39
112 59
112 68
112 86
112 93
112 102
112 114
113 33
113 69
113 70
114 28
114 42
114 48
114 51
114 55
114 74
114 79
114 96
114 103
114 108
115 18
115 71
115 72
115 73
116 9
116 37
116 55
116 58
116 85
116 117
116 120
117 17
117 59
117 76
117 89
117 114
118 32
118 67
118 78
118 90
118 106
118 112
119 16
119 40
119 56
119 58
119 59
119 64
119 82
119 83
119 85
119 96
119 100
120 15
120 27
120 28
120 38
120 39
120 91
