120
585
1 7
1 20
1 41
1 88
1 114
1 118
3 9
3 16
3 30
3 40
3 64
3 92
3 116
4 19
4 21
4 32
4 63
4 104
4 109
5 9
5 53
5 62
6 24
6 61
6 84
7 12
7 22
7 41
7 54
8 5
8 7
8 12
8 52
8 70
8 81
8 107
9 19
9 72
9 86
9 95
10 14
10 20
10 45
10 47
10 50
10 58
10 62
11 3
11 68
11 107
12 27
12 41
12 46
12 48
12 94
12 103
12 117
13 19
13 24
13 30
13 46
13 56
13 66
13 115
14 78
14 82
14 90
14 115
14 116
15 8
15 11
15 19
15 80
15 111
15 115
16 27
16 46
16 57
16 63
16 107
16 108
17 83
18 37
18 50
18 57
18 117
19 17
19 33
19 59
19 66
19 68
19 87
20 44
20 55
20 63
20 102
20 112
21 23
21 31
21 76
21 77
21 80
21 106
21 111
22 77
22 83
23 22
23 65
24 30
24 31
24 33
24 36
24 69
24 71
24 81
24 95
25 6
25 27
25 86
25 111
25 120
26 40
26 62
27 5
27 12
27 45
27 48
27 64
27 83
27 107
27 108
28 27
28 30
28 80
28 101
28 107
29 23
29 46
29 71
29 73
30 15
30 16
30 34
30 36
30 38
30 49
30 75
30 94
30 104
31 62
31 64
31 78
31 111
32 6
32 12
32 41
32 58
32 62
32 113
33 69
33 72
34 28
34 49
34 57
34 63
34 90
34 91
34 100
34 105
35 15
35 22
35 49
35 72
35 109
36 31
36 55
36 65
36 78
36 82
36 112
37 12
37 70
37 88
38 21
38 24
38 69
38 104
39 1
39 115
40 17
40 37
40 116
42 21
42 86
42 88
42 117
43 2
43 4
43 59
43 67
43 69
43 95
43 99
43 108
44 25
44 59
45 46
46 73
46 77
46 86
47 2
47 28
47 61
47 70
47 78
47 96
47 104
47 105
48 28
48 105
48 115
49 17
49 30
49 44
49 55
49 88
49 100
50 21
50 51
50 92
50 99
50 106
50 116
51 16
51 34
52 16
52 26
52 29
52 56
52 74
52 79
52 83
52 90
53 1
53 29
53 57
53 77
53 96
54 26
54 43
54 82
54 91
54 120
55 19
56 7
56 14
56 42
56 45
56 46
56 71
56 81
57 4
57 37
57 82
57 102
58 44
58 45
58 68
58 102
59 6
59 12
59 18
59 45
59 64
59 93
59 114
59 116
60 2
60 49
60 69
60 78
61 12
61 22
61 45
61 111
62 36
62 42
62 65
62 83
63 14
63 61
63 120
64 26
64 33
64 54
64 57
64 84
64 85
64 91
64 119
65 67
65 72
65 84
65 88
65 97
66 39
66 92
66 93
66 120
67 29
67 32
67 35
67 101
68 13
68 27
68 50
68 99
69 37
69 110
69 115
70 37
70 54
70 64
70 75
70 92
70 95
70 103
70 117
71 10
71 14
71 42
71 58
72 8
72 15
72 29
72 64
72 73
72 86
72 90
73 8
73 15
73 34
73 79
73 85
73 102
73 108
74 11
74 27
74 33
74 34
74 83
74 101
74 105
74 114
74 115
75 41
75 45
75 46
75 49
75 63
75 68
75 76
76 41
76 67
76 79
76 110
77 2
77 5
77 45
77 73
77 83
77 85
77 94
77 103
78 18
78 40
78 42
78 60
78 66
79 5
79 66
79 105
80 45
80 54
80 85
81 5
81 42
81 66
81 89
82 8
82 16
82 49
82 52
82 75
82 110
82 116
83 2
83 15
83 18
83 21
83 33
83 44
83 55
83 116
84 16
84 17
84 41
84 42
84 58
84 114
85 59
85 73
86 9
86 20
86 54
86 83
86 94
86 106
86 108
86 114
86 115
87 13
87 43
87 118
88 7
88 13
88 62
88 73
88 117
89 2
89 14
89 18
89 19
89 36
89 75
89 83
89 91
89 102
89 104
90 2
90 13
90 24
90 29
90 60
90 70
90 118
91 19
91 21
91 48
91 109
92 11
92 64
92 107
93 7
94 49
94 51
94 57
94 87
94 100
95 52
95 53
95 61
95 62
96 58
96 73
96 79
96 113
97 1
97 23
97 43
97 66
97 76
98 5
98 9
98 21
98 55
98 68
99 27
99 82
99 92
99 100
100 4
100 29
100 40
100 48
100 68
100 79
101 6
101 29
101 33
101 38
101 40
101 80
101 90
102 10
102 11
102 53
102 54
102 110
102 115
103 68
103 81
104 1
104 11
104 12
104 87
104 113
105 29
105 63
105 86
105 110
106 18
106 59
106 68
106 77
107 6
107 28
107 40
107 52
107 61
107 64
108 32
108 52
108 55
109 24
109 30
109 95
110 18
110 74
111 9
111 90
112 10
112 16
112 58
112 61
112 69
112 84
112 103
112 119
113 26
113 57
113 59
113 68
113 81
114 1
114 2
114 52
114 81
114 88
114 120
115 11
115 21
115 41
115 58
115 61
116 16
116 23
116 29
116 41
116 62
116 93
116 118
116 119
116 120
117 4
117 12
117 14
117 20
117 31
117 51
117 59
117 81
118 19
118 49
118 58
118 67
118 75
119 104
120 21
120 37
120 46
120 48
120 80
120 96
120 98
