120
1034
1 5
1 9
1 11
1 28
1 30
1 35
1 37
1 60
1 67
1 110
2 10
2 13
2 17
2 26
2 36
2 41
2 103
2 112
3 1
3 6
3 7
3 21
3 32
3 52
3 70
3 73
3 94
3 103
3 114
4 5
4 20
4 31
4 80
4 95
4 100
4 102
5 30
5 32
5 40
5 42
5 58
5 61
5 62
5 84
5 85
5 107
6 3
6 34
6 36
6 42
6 43
6 49
6 53
6 54
6 77
6 100
7 3
7 12
7 26
7 27
7 42
7 69
7 87
7 94
7 104
7 109
7 111
8 25
8 30
8 41
8 43
8 97
8 115
9 20
9 31
9 37
9 41
9 44
9 61
9 69
9 90
10 26
10 48
10 49
10 53
10 76
10 102
11 2
11 27
11 32
11 67
11 77
11 85
12 3
12 6
12 39
12 49
12 51
12 59
12 65
12 77
12 99
12 113
12 119
13 16
13 18
13 30
13 44
13 55
13 57
13 59
13 90
14 11
14 17
14 22
14 42
14 87
14 97
14 119
15 14
15 21
15 33
15 37
15 60
15 65
15 89
15 101
15 104
15 119
16 4
16 24
16 37
16 40
16 56
16 57
16 59
16 69
16 78
16 83
16 104
16 109
16 115
16 117
17 70
17 71
17 72
17 74
17 108
18 4
18 11
18 17
18 23
18 30
18 37
18 45
18 54
18 89
18 94
18 106
18 108
19 2
19 7
19 12
19 37
19 66
19 75
19 102
19 119
20 2
20 11
20 18
20 24
20 29
20 80
20 108
20 115
21 8
21 26
21 37
21 69
21 84
21 90
21 93
22 11
22 27
22 55
22 57
22 84
22 85
22 87
22 101
22 105
22 111
23 8
23 24
23 26
23 29
23 36
23 38
23 69
23 71
23 73
23 78
23 87
23 90
23 108
23 112
24 6
24 10
24 20
24 44
24 46
24 51
24 76
24 86
24 88
24 103
25 29
25 34
25 97
25 109
25 118
26 12
26 38
26 73
26 113
27 12
27 24
27 35
27 73
27 82
27 83
27 100
27 105
27 115
27 119
28 6
28 16
28 31
28 99
29 7
29 14
29 17
29 40
29 57
29 75
29 77
29 114
29 115
30 4
30 8
30 20
30 39
30 57
30 64
30 73
30 83
30 84
30 87
30 96
30 97
31 32
31 34
31 46
31 56
31 74
31 76
31 81
31 82
31 84
31 89
32 18
32 59
32 74
32 77
32 80
32 89
32 102
32 106
32 108
32 114
33 19
33 35
33 42
33 45
33 60
33 67
33 80
33 90
33 93
33 98
33 102
33 107
33 112
34 6
34 38
34 60
34 66
34 74
34 88
34 104
35 10
35 31
35 39
35 45
35 46
35 66
35 71
35 78
35 106
35 117
35 120
36 2
36 7
36 9
36 20
36 39
36 43
36 46
36 51
36 54
36 55
36 71
36 93
36 100
36 102
36 117
36 118
37 1
37 6
37 16
37 20
37 24
37 25
37 33
37 40
37 49
37 72
38 7
38 21
38 28
38 59
38 65
38 93
38 94
39 6
39 20
39 28
39 50
39 84
39 104
40 10
40 21
40 44
40 50
40 52
40 78
40 88
40 90
40 91
40 95
40 96
41 2
41 65
41 80
41 91
41 108
41 115
42 25
42 32
42 34
42 61
42 62
42 81
42 86
42 99
42 108
43 25
43 28
43 29
43 60
43 75
43 80
44 4
44 27
44 77
44 90
44 95
44 105
44 113
44 118
44 120
45 2
45 7
45 11
45 20
45 26
45 55
45 61
45 74
45 92
46 4
46 6
46 13
46 24
46 30
46 41
46 48
46 59
46 68
46 90
46 110
46 119
46 120
47 10
47 18
47 31
47 42
47 65
47 80
47 85
47 96
47 97
47 99
47 118
48 9
48 32
48 51
48 68
48 73
48 75
48 100
48 112
48 120
49 20
49 32
49 45
49 51
49 55
49 94
49 110
49 112
50 15
50 25
50 26
50 28
50 33
50 48
50 52
50 62
50 67
51 12
51 23
51 34
51 55
51 76
51 89
51 94
51 99
52 32
52 40
52 71
52 96
52 109
53 2
53 44
53 58
53 62
53 63
53 82
53 94
53 95
53 104
53 114
54 7
54 22
54 40
54 45
54 88
54 92
54 108
54 109
55 5
55 110
56 8
56 25
56 26
56 28
56 29
56 44
56 48
56 50
56 58
56 82
56 112
57 30
57 47
57 58
57 64
57 69
57 70
57 91
57 107
57 117
58 25
58 66
58 73
58 88
58 119
59 10
59 41
59 54
59 70
59 83
59 92
59 105
60 21
60 97
61 4
61 19
61 23
61 35
61 57
61 72
61 83
61 93
61 94
61 111
61 117
61 119
62 39
62 40
62 76
62 97
62 107
62 114
63 5
63 12
63 29
63 30
63 40
63 66
63 72
63 99
64 1
64 5
64 33
64 34
64 53
64 56
64 57
64 81
64 120
65 7
65 12
65 32
65 67
65 83
65 86
65 119
66 10
66 38
66 47
66 50
66 65
67 1
67 35
67 53
67 65
67 68
67 87
67 88
67 93
68 1
68 2
68 11
68 22
68 25
68 35
68 54
68 85
68 108
69 5
69 8
69 10
69 55
69 78
69 85
69 93
70 1
70 21
70 26
70 33
70 42
70 72
70 112
71 4
71 23
71 26
71 30
71 43
71 46
71 51
71 58
71 79
71 80
71 84
71 90
71 91
71 109
72 14
72 43
72 64
72 69
72 120
73 15
73 66
73 69
73 107
74 3
74 13
74 18
74 21
74 30
74 44
74 80
74 95
74 104
74 107
74 110
75 2
75 10
75 22
75 41
75 43
75 44
75 45
75 73
75 93
75 112
76 30
76 38
76 39
76 50
76 74
76 82
76 102
76 106
76 120
77 10
77 27
77 40
77 49
77 54
77 79
77 88
77 94
77 98
77 108
78 5
78 11
78 13
78 16
78 22
78 23
78 93
78 105
79 6
79 22
79 23
79 36
79 60
79 67
79 71
79 89
79 90
79 91
79 92
79 95
79 102
80 14
80 21
80 24
80 38
80 50
80 53
80 60
80 75
80 90
80 105
81 3
81 9
81 25
81 29
81 38
81 43
81 46
81 52
81 64
81 93
81 105
82 16
82 18
82 52
82 73
82 74
82 112
83 55
83 58
83 60
83 70
83 86
83 87
83 92
84 1
84 7
84 29
84 30
84 31
84 39
84 43
84 49
84 67
84 75
84 79
84 82
84 94
84 106
84 111
85 8
85 12
85 75
85 83
85 106
85 119
86 1
86 20
86 21
86 57
86 80
86 95
86 104
86 105
86 112
87 8
87 30
87 39
87 53
87 75
87 107
87 120
88 6
88 33
88 46
88 56
88 59
88 72
88 90
88 92
88 119
89 12
89 24
89 52
89 56
89 70
89 78
89 90
90 1
90 5
90 31
90 50
90 57
90 65
90 69
90 71
90 73
90 74
90 80
90 91
90 96
90 111
90 116
91 39
91 48
91 57
91 73
91 92
92 22
92 26
92 27
92 50
92 54
92 66
92 84
92 108
92 110
92 111
92 115
92 118
93 24
93 40
93 49
93 54
93 77
93 115
94 20
94 30
94 77
94 86
94 93
94 96
94 99
94 112
95 8
95 20
95 30
95 42
95 43
95 63
95 64
95 68
95 74
95 77
95 107
95 119
96 14
96 31
96 37
96 56
96 59
96 85
96 88
96 94
96 110
97 1
97 12
97 25
97 55
97 58
97 79
97 95
98 14
98 58
98 73
98 74
98 81
98 90
98 99
98 115
99 8
99 15
99 33
99 43
99 58
99 97
99 103
99 104
99 109
99 116
99 119
100 9
100 14
100 25
100 64
100 68
100 104
100 107
100 112
101 2
101 33
101 35
101 37
101 74
101 102
101 105
102 18
102 44
102 45
102 53
102 60
102 66
103 2
103 23
103 39
103 43
103 49
103 52
103 54
103 56
103 65
103 80
103 89
103 108
103 116
103 120
104 20
104 52
104 88
104 107
104 108
104 110
105 7
105 18
105 29
105 50
105 54
105 60
105 74
105 86
105 95
105 101
105 103
105 110
105 111
106 3
106 35
106 49
106 52
106 68
106 75
106 88
106 95
106 103
106 119
107 4
107 51
107 62
107 73
107 75
107 100
108 5
108 9
108 11
108 15
108 51
108 55
108 103
108 106
109 11
109 13
109 14
109 33
109 43
109 44
109 53
109 65
109 79
109 93
109 103
110 7
110 25
110 42
110 47
110 51
110 96
110 97
110 103
111 16
111 18
111 22
111 32
111 39
111 51
111 78
111 84
111 105
111 112
111 118
112 20
112 33
112 35
112 72
112 90
113 1
113 15
113 33
113 43
113 51
113 53
113 54
113 60
113 109
113 111
114 5
114 20
114 35
114 40
114 45
114 54
114 62
115 4
115 29
115 33
115 51
115 52
115 90
116 4
116 51
116 60
116 62
116 82
117 27
117 41
117 54
117 70
117 91
117 106
118 7
118 12
118 19
118 23
118 33
118 39
118 42
118 50
118 55
118 78
118 96
118 99
118 105
119 2
119 14
119 16
119 54
119 77
119 83
119 104
119 110
120 28
120 35
120 61
120 72
120 76
120 77
