130
885
1 6
1 8
1 10
1 35
1 36
1 40
1 49
1 111
1 114
1 127
2 5
2 19
2 24
2 25
2 62
2 64
2 76
2 77
2 100
2 127
3 16
3 42
3 57
3 61
3 76
3 95
3 108
4 58
4 85
4 87
4 90
4 91
4 102
5 14
5 23
5 55
5 90
5 125
6 10
6 11
6 52
6 61
6 66
6 67
6 97
7 28
7 90
7 118
7 128
8 46
8 53
8 66
8 77
8 81
8 103
8 121
8 125
9 3
9 38
9 39
9 42
9 55
9 58
9 66
9 76
9 82
9 95
10 1
10 8
10 19
10 39
10 84
10 99
11 19
11 23
11 29
11 35
11 37
11 43
11 82
11 94
11 116
11 126
12 17
12 34
12 41
12 71
12 79
12 88
12 116
13 19
13 35
13 57
13 67
13 87
14 13
14 85
14 98
14 112
14 114
14 115
14 129
15 14
15 29
15 31
15 62
15 86
15 106
15 119
16 12
16 13
16 19
16 31
16 48
16 62
16 68
17 2
17 11
17 30
17 31
17 39
17 82
17 98
17 122
17 124
18 9
18 25
18 43
18 67
18 122
19 52
19 68
19 84
19 86
19 90
19 95
19 126
20 1
20 13
20 16
20 64
20 74
20 82
20 83
20 111
21 26
21 32
21 55
21 63
21 75
21 118
21 122
22 12
22 71
22 98
23 6
23 8
23 13
23 31
23 44
23 109
23 124
24 4
24 19
24 39
24 83
24 85
24 92
24 93
25 1
25 36
25 52
25 67
25 72
25 88
26 52
26 59
26 65
26 70
26 79
26 80
26 125
26 127
27 4
27 54
27 58
27 81
27 123
28 72
28 86
28 106
28 110
29 9
29 62
29 92
29 110
30 5
30 14
30 18
30 54
30 77
30 81
30 116
30 126
31 8
31 12
31 19
31 24
31 30
31 58
31 69
31 127
32 6
32 9
32 24
32 29
32 45
32 47
33 61
33 87
33 102
34 3
34 17
34 23
34 26
34 39
34 46
34 75
34 87
34 90
34 91
34 95
34 101
35 1
35 5
35 28
35 50
35 107
35 116
36 12
36 17
36 56
36 88
36 95
36 115
36 119
37 23
37 44
37 45
37 49
37 53
37 85
37 109
38 54
38 63
38 74
38 79
38 105
39 46
39 47
39 55
39 75
40 10
40 18
40 20
40 50
40 66
40 67
40 80
40 81
40 89
40 91
40 92
40 128
41 15
41 23
41 26
41 29
41 49
41 54
41 65
41 76
41 79
41 102
41 123
42 22
42 104
43 8
43 12
43 24
43 25
43 83
43 92
43 98
43 116
44 21
44 43
44 60
44 70
44 76
44 79
44 97
44 122
45 31
45 44
45 69
45 104
46 25
46 26
46 30
46 35
46 48
46 52
46 53
46 55
46 90
46 110
46 129
47 23
47 41
47 64
47 88
47 98
47 113
47 129
48 28
48 40
48 107
49 35
49 44
49 53
49 70
49 78
49 85
49 93
49 96
49 114
50 34
50 39
50 41
50 42
50 46
50 54
50 70
50 71
50 72
50 100
50 104
51 13
51 28
51 46
51 47
51 75
51 84
51 99
51 110
51 116
52 10
52 15
52 39
52 74
52 79
52 83
52 85
52 103
52 127
53 50
53 123
54 5
54 19
54 33
54 58
54 71
54 101
54 105
54 127
55 54
55 84
55 94
55 101
55 113
55 129
56 10
56 19
56 25
56 29
56 50
56 125
56 130
57 4
57 28
57 46
57 79
58 6
58 7
58 34
58 35
58 51
58 60
58 74
58 101
58 110
58 115
58 125
58 126
59 38
59 40
59 46
59 54
59 76
59 87
59 120
59 123
60 16
60 44
60 48
60 68
60 75
60 79
60 118
60 124
61 2
61 6
61 33
61 45
61 48
61 63
61 70
61 81
61 106
61 115
61 123
61 125
61 130
62 6
62 14
62 18
62 21
62 95
62 96
62 124
63 8
63 15
63 57
63 77
63 86
63 93
63 107
64 47
64 48
64 81
64 94
64 128
65 7
65 16
65 25
65 47
65 56
65 63
65 93
65 120
66 2
66 8
66 57
66 88
66 90
66 96
67 4
67 7
67 14
67 48
67 50
67 91
67 102
67 123
68 45
68 47
68 48
68 89
68 97
68 125
69 7
69 9
69 45
69 82
69 84
69 85
69 108
69 127
70 22
70 28
70 42
70 52
70 75
70 81
70 94
70 102
70 127
71 17
71 35
71 44
71 73
71 123
72 33
72 59
72 75
72 90
72 118
73 8
73 40
73 70
73 89
73 98
74 9
74 14
74 37
74 62
74 66
74 86
74 91
74 107
74 110
74 114
74 119
75 36
75 44
75 65
75 67
75 70
76 12
76 21
76 26
76 61
76 73
76 93
77 17
77 20
77 22
77 45
77 48
77 66
77 93
77 100
77 102
77 111
77 115
77 123
77 125
78 16
78 22
78 24
78 32
78 36
78 59
78 90
78 97
78 122
79 15
79 19
79 22
79 28
79 35
79 43
79 60
79 82
79 83
79 91
79 99
79 111
80 2
80 29
80 36
80 47
80 86
80 107
80 125
81 25
81 39
81 106
82 52
82 65
82 124
83 14
83 69
83 94
83 116
83 119
84 9
84 11
84 13
84 38
84 45
84 125
85 37
85 39
85 56
85 129
86 43
86 82
86 111
87 1
87 7
87 63
87 67
87 118
87 129
88 35
88 39
88 40
88 43
88 55
88 102
88 103
88 113
89 33
89 34
89 35
89 40
89 59
89 80
89 96
89 100
89 130
90 12
90 13
90 51
90 109
90 119
91 27
91 36
91 37
91 46
91 54
91 61
91 80
91 86
91 105
92 20
92 29
92 34
92 64
92 80
92 124
93 4
93 6
93 41
93 48
94 12
94 19
94 39
94 61
94 62
94 68
94 69
94 73
94 82
95 8
95 27
95 30
95 40
95 47
95 58
95 64
95 68
95 97
95 101
96 40
96 104
96 113
96 130
97 22
97 94
98 26
98 47
98 50
98 74
99 32
99 34
99 49
99 74
99 86
99 112
99 118
100 12
100 71
100 97
100 98
100 124
101 28
101 50
101 67
101 76
101 100
102 16
102 28
102 73
102 75
102 79
102 98
103 27
103 29
103 37
103 66
103 90
103 101
104 13
104 40
104 46
105 9
105 18
105 38
105 63
105 69
105 80
105 85
105 104
106 6
106 20
106 58
106 61
106 115
106 127
107 42
107 47
107 50
107 59
107 64
107 76
107 85
108 57
108 70
108 130
109 96
109 116
109 117
110 23
110 34
110 68
110 89
110 107
111 6
111 27
111 29
111 50
111 61
111 93
111 97
111 114
112 7
112 16
112 26
112 37
112 48
112 98
112 99
112 107
113 1
113 23
113 37
113 38
113 59
113 76
114 18
114 56
114 84
114 88
114 111
114 119
114 121
115 3
115 10
115 14
115 60
115 66
115 89
115 117
116 1
116 16
116 22
116 24
116 42
116 88
116 128
117 40
117 58
117 84
117 99
117 100
118 3
118 13
118 32
118 45
118 68
118 86
118 91
118 97
118 121
119 8
119 9
119 14
119 21
119 22
119 34
119 48
119 49
119 70
119 83
120 16
120 32
120 34
120 74
120 91
120 100
120 116
121 5
121 9
121 20
121 37
121 38
121 59
122 7
122 8
122 18
122 30
122 47
122 61
122 98
122 107
122 125
122 128
123 2
123 60
123 85
123 100
123 102
124 14
124 24
124 34
124 64
124 67
124 75
124 82
124 88
124 94
124 114
124 117
124 126
125 5
125 35
125 52
125 58
125 65
125 80
125 118
126 20
126 64
126 77
126 86
126 121
127 1
127 14
127 65
127 89
127 102
127 103
127 107
127 110
128 20
128 25
128 28
128 31
128 68
128 71
128 121
129 16
129 41
129 50
129 80
130 8
130 10
130 19
130 23
130 55
130 106
130 118
