130
1244
1 29
1 30
1 34
1 41
1 54
1 57
1 70
1 91
1 92
1 104
1 113
1 130
2 28
2 43
2 45
2 80
2 82
2 90
2 93
2 106
3 18
3 21
3 31
3 51
3 80
3 90
3 107
3 118
3 125
3 129
4 11
4 24
4 45
4 61
4 78
4 91
4 92
4 98
4 104
4 122
5 11
5 12
5 28
5 29
5 48
5 58
5 82
5 83
5 105
5 115
5 120
6 18
6 41
6 56
6 65
6 72
6 86
6 99
6 108
7 16
7 20
7 26
7 27
7 31
7 52
7 56
7 62
7 71
7 98
7 110
8 3
8 6
8 9
8 10
8 29
8 32
8 56
8 75
8 92
8 97
8 111
8 114
9 26
9 32
9 34
9 71
9 94
9 97
9 100
9 130
10 3
10 4
10 20
10 48
10 58
10 64
10 70
10 75
10 86
10 90
10 97
11 42
11 45
11 51
11 52
11 55
11 57
11 67
11 71
11 72
11 89
11 90
11 109
11 124
12 2
12 5
12 28
12 31
12 64
12 65
12 98
12 107
12 112
13 28
13 45
13 49
13 58
13 75
13 89
13 95
13 98
13 111
13 118
14 5
14 7
14 8
14 32
14 49
14 51
14 64
14 103
14 109
14 111
14 115
15 21
15 76
15 80
15 107
15 122
15 130
16 18
16 29
16 79
16 102
16 104
16 108
16 123
16 128
17 9
17 13
17 27
17 30
17 31
17 32
17 44
17 56
17 60
17 63
17 94
17 106
17 120
18 9
18 26
18 50
18 56
18 67
18 71
18 82
18 96
18 112
19 21
19 24
19 39
19 76
19 119
19 130
20 7
20 31
20 37
20 56
20 60
20 80
20 91
20 111
20 130
21 4
21 10
21 26
21 49
21 54
21 70
21 100
21 101
21 113
21 117
22 27
22 28
22 29
22 49
22 74
22 76
22 96
22 108
22 109
22 124
22 128
22 130
23 17
23 18
23 44
23 62
23 68
23 75
23 105
23 106
23 107
24 6
24 7
24 11
24 26
24 29
24 30
24 40
24 52
24 58
24 59
24 62
24 88
24 92
24 97
24 98
24 105
25 29
25 34
25 35
25 49
25 72
25 104
25 113
25 119
26 25
26 27
26 31
26 45
26 68
26 71
26 79
26 84
26 103
26 113
26 129
27 11
27 24
27 41
27 47
27 59
27 67
27 69
27 73
27 82
27 121
27 123
27 125
28 1
28 14
28 30
28 54
28 61
28 111
28 116
29 1
29 7
29 23
29 45
29 54
29 57
29 75
29 80
29 100
29 106
30 51
30 67
30 79
30 91
30 93
30 115
31 3
31 24
31 33
31 71
31 86
31 88
31 104
31 130
32 7
32 34
32 48
32 71
32 72
32 96
32 99
32 109
32 116
33 3
33 38
33 59
33 65
33 102
33 123
33 125
34 14
34 25
34 38
34 40
34 50
34 51
34 113
35 13
35 50
35 66
35 79
35 81
35 106
35 116
35 118
36 2
36 20
36 22
36 29
36 32
36 33
36 51
36 52
36 76
36 84
36 89
36 91
36 95
36 116
36 122
36 126
37 20
37 56
37 57
37 72
37 81
37 83
37 88
37 99
37 105
37 117
38 18
38 42
38 76
38 125
39 20
39 21
39 25
39 30
39 36
39 41
39 44
39 47
39 56
39 58
39 60
39 64
39 76
39 86
39 125
39 126
40 2
40 12
40 26
40 28
40 33
40 42
40 53
40 79
40 86
40 118
40 124
41 2
41 8
41 12
41 19
41 62
41 80
41 95
41 118
41 121
41 129
42 9
42 12
42 18
42 21
42 34
42 57
42 63
42 66
42 85
42 94
42 103
42 106
42 110
42 112
42 119
42 127
43 20
43 64
43 65
43 69
43 79
43 87
43 104
44 1
44 6
44 26
44 63
44 109
45 9
45 16
45 19
45 26
45 32
45 39
45 52
45 54
45 62
45 71
45 105
45 112
45 115
45 118
45 121
45 124
45 129
46 31
46 43
46 47
46 73
46 92
46 114
47 9
47 44
47 62
47 78
47 98
47 100
47 121
47 126
48 26
48 41
48 54
48 105
48 120
48 123
49 2
49 28
49 31
49 34
49 54
49 87
49 88
49 99
49 108
49 122
50 2
50 3
50 13
50 24
50 30
50 31
50 44
50 91
50 107
50 108
50 125
51 57
51 75
51 86
51 100
51 108
51 115
51 127
52 66
52 86
52 97
53 7
53 28
53 40
53 41
53 47
53 56
53 91
53 95
53 107
53 110
53 121
53 122
53 123
53 129
54 4
54 15
54 17
54 32
54 50
54 55
54 88
54 115
55 42
55 43
55 91
55 97
56 5
56 6
56 9
56 12
56 22
56 25
56 35
56 38
56 46
56 60
56 103
56 115
56 124
57 1
57 42
57 53
57 55
57 60
57 65
57 81
57 82
57 89
58 4
58 5
58 34
58 77
58 92
58 106
58 130
59 6
59 14
59 25
59 31
59 39
59 50
59 51
59 69
59 110
59 113
59 115
59 123
59 130
60 1
60 19
60 23
60 29
60 52
60 79
60 82
60 126
61 37
61 42
61 54
61 78
61 89
61 90
61 100
61 104
61 113
61 115
61 129
62 6
62 25
62 28
62 39
62 47
62 55
62 73
62 77
62 98
62 121
62 125
63 19
63 22
63 45
63 70
63 84
63 90
63 94
63 95
63 115
63 118
63 121
63 128
64 5
64 13
64 31
64 49
64 62
64 66
64 79
64 83
64 89
64 108
64 112
64 122
65 11
65 44
65 47
65 61
65 72
65 75
66 4
66 29
66 39
66 42
66 46
66 83
66 108
66 130
67 9
67 12
67 16
67 27
67 29
67 43
67 57
67 105
67 124
67 128
68 14
68 18
68 19
68 23
68 30
68 40
68 45
68 58
68 79
68 99
69 6
69 9
69 14
69 31
69 43
69 55
69 64
69 98
69 113
70 18
70 22
70 31
70 60
70 78
70 81
70 87
70 96
70 107
71 45
71 51
71 54
71 76
71 82
71 83
71 101
71 114
71 121
72 2
72 11
72 16
72 47
72 81
72 96
73 13
73 18
73 41
73 66
73 80
73 81
73 119
74 10
74 18
74 32
74 75
74 84
74 94
74 95
74 102
74 109
74 116
75 27
75 34
75 42
75 69
75 82
76 13
76 14
76 31
76 45
76 58
76 59
76 68
76 72
76 81
76 101
77 25
77 42
77 49
77 51
77 83
77 106
77 111
77 123
77 127
78 3
78 19
78 20
78 35
78 41
78 59
78 64
78 69
78 84
78 98
78 127
79 33
79 35
79 41
79 46
79 56
79 106
79 117
79 123
80 13
80 24
80 47
80 57
80 68
80 102
80 108
81 23
81 28
81 40
81 43
81 59
81 65
81 75
81 84
81 85
81 86
81 94
81 108
82 9
82 22
82 40
82 42
82 48
82 52
82 62
82 66
82 75
82 76
82 100
83 5
83 6
83 35
83 41
83 50
83 51
83 59
83 67
83 80
83 96
83 99
84 12
84 17
84 24
84 36
84 47
84 67
84 81
84 96
84 97
84 122
84 129
85 26
85 31
85 32
85 44
85 58
85 60
85 69
85 91
85 92
85 102
85 104
85 109
86 2
86 33
86 68
86 70
86 79
86 91
86 122
86 128
87 6
87 14
87 22
87 34
87 42
87 55
87 61
87 62
87 76
87 92
87 99
87 102
88 8
88 20
88 28
88 66
88 80
88 84
88 111
88 113
88 115
88 119
89 1
89 3
89 24
89 31
89 32
89 36
89 56
89 88
89 125
89 126
90 4
90 23
90 49
90 62
90 67
90 102
90 104
90 112
90 129
91 22
91 32
91 33
91 53
91 60
91 74
91 77
91 80
91 90
91 120
91 129
91 130
92 20
92 27
92 41
92 42
92 44
92 54
92 63
92 80
92 108
92 111
92 117
92 125
92 130
93 14
93 16
93 18
93 37
93 67
93 71
93 87
93 99
93 111
93 116
94 21
94 34
94 47
94 51
94 56
94 69
94 78
94 86
94 93
94 97
95 7
95 13
95 24
95 64
95 72
95 85
95 101
95 104
96 11
96 38
96 45
96 57
96 80
96 94
96 106
96 120
97 4
97 7
97 84
97 109
97 111
97 117
97 120
98 23
98 60
98 75
98 93
98 104
98 105
98 115
99 20
99 22
99 27
99 33
99 36
99 121
99 124
100 17
100 32
100 53
100 75
100 79
100 85
100 95
100 117
100 121
101 8
101 16
101 20
101 64
101 68
101 77
101 102
101 120
102 7
102 8
102 13
102 27
102 28
102 33
102 35
102 49
102 59
102 67
102 77
102 87
102 95
102 111
102 119
103 4
103 32
103 38
103 39
103 50
103 63
103 90
103 94
103 105
103 118
103 123
104 8
104 28
104 30
104 43
104 49
104 59
104 63
104 75
104 81
104 105
104 121
105 10
105 15
105 22
105 31
105 37
105 52
105 60
105 70
105 72
105 78
105 80
105 113
106 35
106 49
106 62
106 65
106 93
106 125
106 130
107 5
107 66
107 88
107 89
107 91
107 100
107 129
108 35
108 41
108 51
108 68
108 72
108 92
108 94
108 97
108 100
108 109
108 121
109 1
109 4
109 9
109 15
109 24
109 31
109 34
109 49
109 68
109 74
109 77
109 84
109 89
109 95
109 96
109 98
109 101
109 105
109 114
109 119
109 120
109 124
110 34
110 48
110 82
110 94
110 109
110 114
110 123
111 9
111 32
111 42
111 57
111 106
111 117
111 124
111 129
112 19
112 23
112 25
112 29
112 37
112 85
112 98
113 12
113 47
113 101
113 124
113 130
114 1
114 11
114 43
114 46
114 47
114 48
114 50
114 75
114 103
114 109
114 113
115 10
115 11
115 33
115 52
115 55
115 75
115 86
115 92
115 117
115 120
115 122
115 128
116 1
116 16
116 19
116 34
116 37
116 41
116 44
116 45
116 54
116 65
117 11
117 18
117 20
117 24
117 28
117 35
117 45
117 47
117 62
117 95
117 103
118 4
118 7
118 9
118 49
118 64
118 72
118 73
118 82
118 84
118 85
118 94
118 110
119 8
119 11
119 18
119 19
119 21
119 40
119 43
119 69
119 93
119 101
120 14
120 29
120 50
120 51
120 107
121 2
121 15
121 19
121 20
121 24
121 36
121 37
121 49
121 89
121 98
121 108
121 114
121 125
122 27
122 38
122 40
122 56
122 68
122 87
122 89
122 94
122 116
122 130
123 1
123 5
123 79
123 87
123 106
123 111
123 112
123 115
123 130
124 8
124 30
124 56
124 74
124 85
124 86
124 102
124 115
125 34
125 39
125 46
125 69
125 74
125 88
125 98
125 99
125 100
125 105
125 117
125 128
126 11
126 18
126 25
126 47
126 50
126 54
126 107
126 117
127 1
127 11
127 20
127 27
127 47
127 51
127 88
127 99
127 100
128 35
128 59
128 92
128 101
128 102
128 109
128 113
129 10
129 18
129 22
129 24
129 59
129 85
129 108
130 14
130 30
130 37
130 44
130 60
130 62
130 102
130 128
