130
129
1 63
2 83
3 81
5 102
6 65
6 66
6 128
7 1
9 41
10 17
11 53
13 5
14 24
14 25
14 107
15 108
16 7
17 98
17 108
18 15
18 52
19 51
20 64
22 71
23 16
23 78
24 81
24 82
28 48
30 13
31 12
31 35
32 75
32 130
33 10
34 127
37 81
39 34
39 92
40 109
42 128
45 41
47 96
47 128
48 73
49 13
50 111
51 50
53 29
54 24
54 126
54 129
55 34
55 59
56 70
56 110
57 64
58 105
58 117
61 110
62 40
63 116
66 71
68 72
69 21
69 40
69 46
71 70
71 104
74 40
74 109
74 116
76 59
76 63
79 5
79 26
79 94
79 120
81 78
83 19
83 21
83 110
85 93
86 82
87 53
87 81
88 53
88 94
90 3
92 14
93 3
93 91
94 63
94 95
94 129
95 76
96 42
98 50
99 109
100 5
101 87
102 61
102 91
103 94
104 14
105 67
106 93
106 113
108 3
108 105
109 1
109 6
109 45
109 52
111 8
114 23
115 5
115 20
116 43
116 85
117 27
119 15
119 45
119 128
122 55
122 125
128 55
129 65
129 76
