130
1002
1 10
1 21
1 35
1 45
1 48
1 53
1 80
1 83
1 91
1 92
1 113
1 114
1 123
2 27
2 81
2 99
2 121
3 29
3 91
3 92
3 103
3 111
3 118
4 37
4 45
4 51
4 52
4 57
4 69
4 87
4 94
4 100
4 102
4 108
5 18
5 19
5 102
5 107
6 14
6 17
6 21
6 33
6 65
6 100
6 121
6 128
7 5
7 6
7 15
7 40
7 51
7 55
7 74
7 89
7 98
8 3
8 12
8 55
8 72
8 74
8 78
9 3
9 11
9 39
9 47
9 57
9 64
9 84
9 90
9 95
10 38
10 63
10 83
10 103
10 125
11 32
11 55
11 63
11 73
11 86
11 110
11 119
11 130
12 69
12 72
12 74
12 79
12 89
12 113
12 117
12 121
13 43
13 78
13 81
13 117
13 118
14 25
14 49
14 55
14 59
14 69
14 120
14 130
15 1
15 7
15 27
15 35
15 94
15 106
15 126
16 6
16 22
16 27
16 42
16 80
16 85
16 109
16 120
16 125
17 6
17 9
17 12
17 25
17 58
17 76
17 86
17 92
17 107
18 37
18 54
18 59
18 71
18 101
18 111
18 129
19 16
19 21
19 22
19 34
19 35
19 70
19 78
20 2
20 6
20 43
20 48
20 62
20 101
20 125
21 4
21 32
21 38
21 70
21 71
21 74
21 81
21 91
21 102
21 105
21 113
22 33
22 108
22 128
23 16
23 108
24 2
24 26
24 30
24 52
24 63
24 64
24 67
24 70
24 73
25 8
25 12
25 15
25 16
25 39
25 50
25 62
25 90
25 126
26 10
26 42
26 49
26 77
26 88
26 109
26 112
27 7
27 13
27 20
27 25
27 37
27 41
27 44
27 63
27 68
27 92
27 101
27 113
27 120
28 16
28 31
28 53
28 74
28 110
28 126
29 5
29 23
29 55
29 105
29 121
29 127
30 60
30 80
30 104
30 107
30 119
31 34
31 35
31 42
31 49
31 94
31 99
31 126
31 129
32 1
32 28
32 40
32 44
32 62
32 112
33 3
33 5
33 14
33 55
33 83
33 99
33 115
34 9
34 38
34 76
34 80
34 84
34 90
34 92
34 116
34 128
35 6
35 33
35 56
35 65
35 67
35 103
35 106
35 111
35 117
35 120
36 9
36 20
36 23
36 28
36 44
36 60
36 94
36 95
36 118
36 130
37 6
37 8
37 9
37 31
37 45
37 58
37 60
37 76
37 89
37 95
37 114
38 7
38 15
38 53
38 70
38 71
38 92
38 110
38 116
38 117
38 120
39 51
39 56
39 65
39 93
39 105
40 65
40 82
40 101
40 104
40 109
41 3
41 86
41 101
42 12
42 20
42 24
42 29
42 30
42 48
42 56
42 69
42 76
42 102
42 106
43 18
43 30
43 86
43 104
44 10
44 16
44 39
44 43
44 49
44 60
44 79
45 3
45 10
45 21
45 46
45 69
45 77
45 78
45 88
45 91
45 96
45 101
45 115
46 2
46 38
46 51
46 57
46 68
46 73
46 74
46 85
46 127
46 129
47 20
47 21
47 24
47 26
47 36
47 41
47 97
47 99
47 115
47 118
48 17
48 22
48 25
48 40
48 56
48 61
48 62
48 84
49 7
49 9
49 20
49 51
49 57
49 62
49 67
49 78
49 90
49 93
49 96
49 114
50 1
50 3
50 21
50 42
50 44
50 60
50 65
50 66
51 9
51 19
51 49
51 69
51 106
51 110
52 11
52 19
52 47
52 58
52 84
52 116
52 123
53 24
53 40
53 76
53 85
53 92
53 97
53 105
53 123
53 124
54 10
54 31
54 55
54 68
54 69
54 70
54 78
54 101
54 105
54 106
55 39
55 59
55 79
55 83
56 5
56 9
56 65
56 87
56 91
56 94
56 104
57 9
57 68
57 78
57 110
58 19
58 33
58 52
58 64
58 77
58 78
58 86
58 89
58 92
58 94
58 103
58 111
58 123
59 4
59 6
59 11
59 17
59 26
59 36
59 49
59 96
59 97
59 120
60 24
60 39
60 41
60 52
60 59
60 75
60 86
60 102
60 120
61 11
61 26
61 34
61 53
61 60
61 75
61 84
61 101
61 125
62 28
62 35
62 47
62 60
62 74
63 14
63 42
63 46
63 61
63 68
63 74
63 75
63 108
63 118
63 120
63 125
64 21
64 24
64 40
64 47
64 69
64 82
65 2
65 28
65 38
65 48
65 58
65 62
65 75
65 85
65 88
65 94
65 110
65 125
65 126
66 44
66 53
66 60
66 80
66 89
66 112
66 114
67 48
67 54
67 66
67 84
67 97
67 101
67 108
67 109
68 22
68 24
68 28
68 29
68 33
68 37
68 47
68 60
68 72
68 91
68 98
68 102
68 104
68 115
69 4
69 19
69 34
69 48
69 86
69 112
69 121
69 128
70 3
70 27
70 32
70 37
70 51
70 77
70 91
71 39
71 77
71 97
72 38
72 75
72 103
73 50
73 56
73 82
73 105
74 70
74 75
75 30
75 34
75 35
75 70
75 86
75 101
75 118
75 123
76 7
76 38
76 44
76 55
76 62
76 75
76 79
76 80
76 83
76 90
76 106
76 112
77 34
77 54
77 62
77 79
78 20
78 49
78 73
78 92
78 99
78 104
78 108
78 117
79 17
79 29
79 50
79 67
79 82
80 20
80 24
80 38
80 62
80 69
80 87
80 105
80 106
80 130
81 8
81 59
81 86
82 21
82 73
82 74
82 94
82 106
83 9
83 29
83 38
83 77
83 114
84 29
84 53
84 64
84 70
84 71
84 80
84 98
84 100
84 107
84 122
85 1
85 22
85 37
85 52
85 60
85 65
85 70
85 100
86 5
86 23
86 52
86 53
86 97
86 104
86 107
86 111
87 17
87 54
87 61
87 69
87 79
88 14
88 22
88 30
88 52
88 53
88 71
88 93
88 101
88 108
88 120
88 126
89 23
89 53
89 55
89 76
89 77
89 82
89 88
89 125
89 126
90 20
90 46
90 66
90 69
90 84
90 86
90 98
90 102
90 123
91 1
91 25
91 29
91 39
91 49
91 53
91 74
91 106
91 113
91 125
92 31
92 44
92 47
92 52
92 54
92 67
92 101
93 17
93 19
93 59
93 84
94 9
94 14
94 16
94 19
94 41
94 42
94 48
94 72
94 92
94 97
94 124
95 4
95 17
95 18
95 38
95 44
95 46
95 47
95 69
95 106
95 116
95 125
96 7
96 17
96 23
96 24
96 34
96 51
96 52
96 66
96 108
96 122
96 129
97 13
97 21
97 24
97 51
97 56
97 64
97 78
97 118
97 122
98 3
98 8
98 44
98 45
98 48
98 50
98 63
98 69
98 127
98 129
99 5
99 35
99 44
99 46
99 53
99 67
99 86
100 17
100 71
100 82
100 101
101 18
101 23
101 31
101 43
101 84
101 109
101 113
102 9
102 23
102 36
102 57
102 76
102 82
102 93
102 96
102 100
102 110
102 129
102 130
103 25
103 43
103 44
103 47
103 57
103 63
103 66
103 91
103 96
103 101
103 105
103 126
104 2
104 10
104 36
104 44
104 49
104 71
104 94
104 110
105 23
105 114
105 116
106 14
106 30
106 37
106 71
106 108
107 2
107 14
107 18
107 23
107 31
107 47
107 58
107 71
107 78
107 114
108 2
108 55
108 64
108 69
108 78
108 87
108 98
108 127
109 3
109 9
109 15
109 16
109 24
109 47
109 93
109 110
110 7
110 16
110 34
110 35
110 66
110 90
110 96
110 120
111 24
111 48
111 49
111 54
111 71
111 124
112 10
112 16
112 45
112 47
112 64
112 89
112 97
112 103
112 120
113 6
113 67
113 82
113 95
113 98
113 119
113 121
113 122
114 38
114 50
114 52
114 57
114 60
114 78
114 80
114 93
114 96
114 99
114 124
115 5
115 32
115 60
115 83
115 104
115 116
115 125
116 13
116 18
116 40
116 42
116 43
116 91
116 104
117 18
117 33
117 42
117 48
117 49
117 52
117 54
117 62
118 9
118 16
118 25
118 37
118 49
118 54
118 86
118 95
118 102
118 130
119 15
119 27
119 28
119 29
119 42
119 44
119 72
119 87
119 105
120 13
120 27
120 33
120 40
120 52
120 61
120 65
120 104
120 125
121 5
121 14
121 19
121 32
121 36
121 41
121 49
121 63
121 81
121 122
121 123
122 21
122 23
122 28
122 44
122 68
122 91
122 112
123 12
123 18
123 79
123 84
123 100
123 110
124 51
124 90
124 96
124 123
124 129
125 30
125 46
125 54
125 55
125 58
125 72
125 75
125 98
126 11
126 19
126 39
126 74
126 129
127 25
127 28
127 35
127 48
127 56
127 58
127 75
127 95
127 100
127 123
128 7
128 10
128 30
128 36
128 51
128 56
129 10
129 110
130 35
130 48
130 62
130 73
130 87
130 91
130 93
130 99
130 115
