140
140
3 47
4 33
5 54
6 10
8 124
10 124
11 22
11 65
12 17
12 44
14 36
15 140
16 42
17 133
18 107
19 5
19 50
20 72
20 109
23 19
23 107
24 98
25 97
26 47
26 73
27 21
28 138
29 24
32 105
33 118
35 11
35 52
35 57
37 54
37 71
37 135
39 24
39 67
40 18
40 31
43 101
44 109
46 25
46 79
47 16
50 84
50 137
51 34
52 25
52 107
52 134
52 139
53 77
55 107
56 23
56 114
56 136
57 56
57 96
57 121
58 126
59 104
60 36
60 74
61 50
63 60
63 67
64 49
64 58
64 122
65 5
65 46
65 58
67 52
69 135
71 45
73 39
74 97
75 33
75 113
76 48
77 103
78 123
78 138
79 13
79 29
80 66
80 124
82 97
84 44
88 89
88 140
89 52
90 95
91 94
91 136
92 34
92 104
93 64
95 77
96 76
96 91
96 132
99 58
100 137
101 80
101 110
102 107
103 66
105 91
106 13
106 30
106 66
106 118
106 121
108 113
109 62
109 97
112 46
113 87
114 14
115 95
116 81
116 130
117 14
117 95
117 119
120 138
121 20
121 33
123 28
124 72
124 75
125 51
125 81
129 57
129 62
131 62
138 64
138 140
