140
1356
1 27
1 39
1 50
1 67
1 71
1 89
1 97
1 103
1 104
1 114
1 125
1 130
1 137
2 53
2 60
2 70
2 88
2 102
2 108
2 129
2 132
3 16
3 19
3 58
3 84
3 85
3 89
3 137
4 6
4 22
4 62
4 82
4 99
4 125
5 12
5 27
5 31
5 68
5 86
5 97
5 104
6 17
6 23
6 41
6 47
6 64
6 77
6 78
6 84
7 5
7 20
7 22
7 28
7 33
7 37
7 42
7 47
7 62
7 68
7 103
7 105
7 136
8 16
8 26
8 27
8 38
8 42
8 49
8 53
8 59
8 115
8 121
9 18
9 38
9 49
9 63
9 104
9 134
9 139
10 21
10 51
10 52
10 54
10 79
10 84
10 93
10 99
10 100
10 121
10 127
10 132
10 139
11 1
11 34
11 49
11 51
11 64
11 65
11 109
11 120
11 128
11 137
12 13
12 16
12 20
12 23
12 25
12 28
12 29
12 38
12 61
12 62
12 74
12 76
12 80
12 86
12 129
12 135
13 14
13 56
13 68
13 119
13 123
13 124
13 130
13 133
14 53
14 57
14 70
14 94
14 137
15 12
15 50
15 62
15 65
15 78
15 79
15 88
15 90
15 93
15 115
15 123
15 134
16 10
16 20
16 24
16 27
16 32
16 40
16 48
16 49
16 91
16 106
16 136
17 23
17 48
17 56
17 73
17 84
17 89
17 95
17 115
17 138
17 140
18 1
18 7
18 31
18 52
18 67
18 73
18 84
18 129
19 5
19 17
19 33
19 35
19 45
19 83
19 87
19 123
20 54
20 61
20 65
20 72
20 75
20 76
20 96
20 102
20 105
20 114
20 130
20 134
20 136
21 14
21 22
21 27
21 36
21 37
21 38
21 46
21 52
21 56
21 63
21 70
21 73
21 74
21 100
21 115
21 117
21 119
22 5
22 11
22 20
22 24
22 27
22 71
22 137
23 8
23 12
23 14
23 15
23 42
23 53
23 60
23 94
23 113
24 13
24 16
24 23
24 35
24 48
24 76
24 79
24 90
24 97
24 98
24 119
25 1
25 15
25 38
25 83
25 94
25 117
26 1
26 16
26 27
26 29
26 39
26 44
26 66
26 70
26 73
26 75
26 81
26 86
26 89
26 101
26 107
26 108
26 118
26 130
27 8
27 9
27 11
27 14
27 22
27 36
27 49
27 57
27 59
27 66
27 84
27 85
27 93
27 96
27 116
27 123
28 16
28 32
28 39
28 50
28 53
28 73
28 85
28 107
28 111
28 121
28 125
28 127
28 138
28 139
29 1
29 30
29 35
29 52
29 59
29 68
29 69
29 94
29 107
29 117
29 119
29 126
29 129
29 133
29 137
30 15
30 16
30 25
30 35
30 38
30 63
30 86
30 95
30 120
30 124
30 126
30 137
31 22
31 38
31 47
31 67
31 70
31 74
31 82
31 89
31 100
31 131
31 133
32 48
32 72
32 93
32 94
32 125
33 2
33 4
33 9
33 13
33 45
33 57
33 74
33 89
33 107
33 127
33 140
34 11
34 88
34 104
34 133
35 14
35 15
35 25
35 32
35 34
35 66
35 71
35 103
35 124
35 125
36 9
36 42
36 47
36 57
36 59
36 64
36 65
36 67
36 85
36 130
37 29
37 45
37 54
37 76
37 77
37 90
37 93
37 98
37 106
37 125
38 45
38 69
38 81
38 89
38 102
38 119
39 24
39 31
39 66
39 77
39 83
39 86
39 97
39 106
39 117
39 124
39 129
39 131
39 133
39 140
40 42
40 46
40 49
40 50
40 69
40 71
40 116
41 40
41 55
41 83
41 128
42 3
42 23
42 29
42 62
42 81
42 102
42 113
42 126
42 130
42 131
43 5
43 10
43 57
43 62
43 79
43 110
44 4
44 19
44 58
44 73
44 76
44 78
44 85
44 95
44 111
44 119
44 129
44 133
45 3
45 14
45 36
45 66
45 94
46 9
46 69
46 76
46 82
46 88
46 123
46 133
47 29
47 45
47 53
47 63
47 100
47 120
47 132
47 134
48 2
48 9
48 26
48 27
48 58
48 65
48 67
48 106
48 110
48 131
48 133
49 1
49 6
49 9
49 12
49 20
49 37
49 62
49 75
49 86
49 94
49 105
49 107
49 121
50 17
50 36
50 84
50 87
50 89
51 25
51 42
51 90
51 103
51 112
51 114
51 115
51 130
51 136
52 7
52 13
52 26
52 30
52 41
52 46
52 55
52 65
52 71
52 73
52 103
52 108
52 116
53 4
53 5
53 16
53 30
53 36
53 83
53 90
53 100
53 105
53 120
53 122
53 125
53 139
54 2
54 4
54 10
54 74
54 78
54 88
54 93
54 104
54 124
54 138
55 15
55 20
55 58
55 66
55 80
55 134
55 139
56 7
56 22
56 35
56 36
56 55
56 61
56 62
56 65
56 89
56 90
56 106
56 123
57 17
57 49
57 75
58 18
58 23
58 31
58 45
58 56
58 67
58 68
58 71
58 117
59 26
59 55
59 63
59 91
59 100
59 103
59 104
59 107
59 117
60 25
60 37
60 56
60 63
60 106
60 109
60 114
60 116
60 120
60 123
60 132
60 133
60 140
61 4
61 13
61 16
61 17
61 23
61 25
61 45
61 51
61 59
61 106
61 129
62 4
62 19
62 38
62 54
62 61
62 73
62 86
62 101
62 114
62 115
62 128
63 9
63 43
63 73
63 79
63 116
64 1
64 5
64 10
64 13
64 49
64 65
64 82
64 93
64 115
64 131
65 14
65 18
65 54
65 71
65 74
65 76
65 92
65 118
65 127
66 17
66 45
66 75
66 108
66 125
66 128
66 133
67 7
67 19
67 20
67 57
67 80
67 95
67 104
67 107
67 130
67 131
68 4
68 92
68 95
68 101
68 123
68 126
68 139
69 14
69 19
69 23
69 40
69 42
69 47
69 56
69 64
69 67
69 77
69 79
69 92
69 105
69 107
69 127
69 130
69 133
70 8
70 28
70 42
70 50
70 68
70 73
70 74
70 87
71 1
71 2
71 10
71 27
71 49
71 53
71 56
71 72
71 79
71 82
71 87
71 107
71 120
71 126
71 135
72 3
72 10
72 26
72 28
72 36
72 67
72 69
72 80
72 81
72 101
72 111
72 117
72 131
72 138
73 5
73 22
73 45
73 52
73 61
73 77
73 122
73 136
74 59
74 125
74 127
75 6
75 17
75 29
75 60
75 61
75 68
75 89
75 105
76 4
76 23
76 28
76 46
76 59
76 78
76 120
76 124
77 31
77 36
77 55
77 94
77 103
77 128
78 1
78 3
78 10
78 25
78 28
78 50
78 60
78 77
78 94
78 108
78 130
79 10
79 63
79 73
79 91
79 139
80 3
80 55
80 125
81 2
81 8
81 17
81 28
81 40
81 41
81 74
81 86
81 97
81 98
81 104
81 109
82 32
82 55
82 84
82 103
82 125
83 13
83 15
83 28
83 29
83 61
83 95
83 118
83 137
83 140
84 1
84 24
84 39
84 40
84 55
84 56
84 58
84 90
84 109
84 119
84 125
85 49
85 52
85 60
85 70
85 79
85 90
85 98
85 111
85 113
85 117
85 129
85 130
85 133
86 39
86 84
87 7
87 31
87 51
87 57
87 72
87 75
87 79
87 86
87 99
87 104
87 107
87 111
87 115
87 116
87 126
87 132
88 1
88 13
88 14
88 15
88 21
88 61
88 68
88 99
88 128
89 5
89 18
89 38
89 39
89 42
89 63
89 77
89 78
89 132
90 6
90 66
90 77
90 87
90 92
90 99
90 113
90 116
90 131
90 134
91 3
91 11
91 17
91 21
91 33
91 44
91 51
91 80
91 87
91 118
91 122
91 138
92 13
92 50
92 53
92 60
92 64
92 95
92 106
93 6
93 10
93 32
93 36
93 40
93 58
93 68
93 71
93 83
93 110
93 119
93 140
94 6
94 8
94 13
94 19
94 48
94 50
94 73
94 118
94 125
94 129
95 28
95 34
95 56
95 82
95 104
95 114
95 115
95 130
95 131
96 6
96 8
96 42
96 73
96 74
96 111
96 115
96 134
96 136
97 4
97 15
97 30
97 42
97 47
97 48
97 62
97 110
97 116
97 121
97 132
98 3
98 17
98 20
98 33
98 51
98 53
98 59
98 70
98 78
98 81
98 112
98 120
99 1
99 21
99 26
99 41
99 44
99 45
99 46
99 60
99 62
99 72
99 74
99 80
99 81
99 90
99 101
99 106
99 110
99 121
99 123
99 138
100 5
100 32
100 34
100 44
100 47
100 53
100 58
100 62
100 74
100 107
100 116
101 15
101 21
101 29
101 32
101 58
101 65
101 69
101 70
101 75
101 77
101 88
101 91
101 95
101 107
101 108
101 116
101 136
102 2
102 11
102 15
102 23
102 84
102 99
102 129
102 137
103 1
103 31
103 38
103 43
103 48
103 50
103 53
103 69
103 80
103 81
103 87
103 99
103 107
103 111
103 112
103 113
103 123
104 21
104 40
104 80
104 88
104 91
104 107
104 108
104 111
104 120
104 133
104 136
105 47
105 54
105 67
105 68
105 73
105 76
105 104
105 125
105 132
105 137
105 139
106 18
106 23
106 31
106 45
106 50
106 51
106 64
106 94
106 99
106 104
106 117
106 125
106 127
107 1
107 2
107 8
107 24
107 26
107 37
107 48
107 57
107 58
107 73
107 78
107 79
107 89
107 121
107 130
107 135
108 10
108 33
108 44
108 48
108 51
108 60
108 63
108 101
108 122
108 138
109 1
109 30
109 39
109 55
109 69
109 71
109 81
109 96
109 114
109 133
109 134
109 136
110 22
110 25
110 27
110 36
110 42
110 45
110 46
110 47
110 52
110 53
110 68
110 100
110 108
110 126
110 130
111 15
111 42
111 60
111 96
111 114
111 125
111 126
112 8
112 44
112 76
112 91
112 106
112 128
112 135
113 25
113 26
113 58
113 66
113 94
113 95
113 115
114 23
114 25
114 79
114 86
114 95
114 104
114 117
115 1
115 13
115 22
115 24
115 42
115 72
115 75
115 98
115 109
115 123
115 134
116 4
116 30
116 43
116 49
116 59
116 72
116 73
116 90
116 94
116 99
116 115
116 134
116 139
117 45
117 54
117 58
117 66
117 86
117 121
117 128
118 7
118 19
118 36
118 39
118 70
118 95
118 104
119 7
119 10
119 15
119 30
119 38
119 42
119 45
119 67
119 87
120 7
120 10
120 28
120 64
120 68
120 90
120 94
120 107
120 113
120 115
120 125
121 6
121 12
121 24
121 39
121 91
121 112
122 28
122 36
122 42
122 58
122 59
122 63
122 67
122 92
122 133
123 14
123 36
123 54
123 63
123 69
123 97
123 98
123 107
123 121
124 5
124 34
124 51
124 55
124 84
124 102
124 106
124 134
124 138
125 5
125 7
125 36
125 48
125 74
125 103
125 111
126 6
126 11
126 37
126 58
126 93
126 96
126 120
127 24
127 25
127 33
127 36
127 41
127 64
127 66
127 84
128 3
128 41
128 64
128 67
128 109
128 119
128 125
128 133
129 3
129 13
129 24
129 29
129 59
129 100
129 115
129 135
130 21
130 35
130 50
130 57
130 66
130 74
130 99
130 106
130 107
130 115
130 126
130 135
131 4
131 28
131 45
131 99
131 110
131 128
131 132
131 137
132 11
132 15
132 18
132 23
132 60
132 71
132 95
132 119
132 126
132 136
132 137
133 6
133 38
133 42
133 104
133 119
134 15
134 34
134 39
134 47
134 65
134 71
134 99
134 122
134 127
134 133
135 17
135 21
135 25
135 40
135 47
135 63
135 87
135 112
135 116
135 136
136 8
136 26
136 35
136 50
136 63
136 82
136 122
136 134
137 2
137 31
137 37
137 70
137 88
137 109
137 123
137 125
138 8
138 11
138 33
138 60
138 64
138 100
138 114
138 115
138 116
138 132
139 8
139 45
139 71
139 83
139 88
139 90
139 113
139 136
139 137
140 2
140 15
140 16
140 18
140 52
140 98
140 124
140 128
