150
1165
1 9
1 52
1 82
2 4
2 5
2 33
2 49
2 114
2 136
2 149
3 1
3 24
3 29
3 63
3 123
4 35
4 55
4 64
4 90
4 92
4 96
4 109
4 128
5 7
5 15
5 28
5 93
6 8
6 15
6 31
6 59
6 77
6 97
6 99
6 102
6 112
6 113
6 127
6 129
6 140
7 39
7 40
7 73
7 91
7 111
7 116
7 118
7 125
8 11
8 19
8 26
8 27
8 28
8 42
8 45
8 49
8 58
8 128
8 144
9 5
9 8
9 27
9 52
9 53
9 66
9 92
9 98
9 102
9 128
9 144
10 5
10 22
10 27
10 49
10 98
10 109
10 125
11 31
11 32
11 74
11 82
11 130
11 136
12 1
12 62
12 95
12 102
13 75
13 84
13 85
13 119
14 52
14 54
14 64
14 92
14 101
14 103
14 122
14 134
15 6
15 27
15 31
15 111
15 118
15 121
15 129
16 7
16 62
16 86
16 118
16 145
17 16
17 28
17 39
17 67
17 91
17 144
17 149
18 4
18 11
18 57
18 58
18 64
18 105
18 119
19 21
19 33
19 34
19 41
19 87
19 133
20 74
20 83
20 118
20 134
21 15
21 23
21 34
21 50
21 72
21 85
21 89
21 98
21 105
21 135
21 137
21 138
22 38
22 66
22 82
22 83
22 91
22 105
22 107
22 127
22 147
23 15
23 26
23 47
23 60
23 62
23 81
23 83
23 110
23 116
23 131
23 143
23 145
24 3
24 7
24 11
24 25
24 35
24 49
24 60
24 65
24 105
24 136
24 139
24 148
25 5
25 17
25 33
25 52
25 85
25 94
25 126
25 143
26 10
26 18
26 31
26 40
26 58
26 67
26 73
26 76
26 97
26 139
26 144
27 66
27 113
27 131
28 18
28 45
28 49
28 90
29 26
29 36
29 63
29 71
29 90
29 96
29 97
29 116
29 133
29 140
30 10
30 15
30 20
30 50
30 56
30 69
30 78
30 85
30 107
30 136
30 143
30 150
31 19
31 21
31 28
31 32
31 46
31 54
31 62
31 73
31 75
31 87
31 124
31 128
32 5
32 28
32 34
32 72
32 75
32 118
32 119
32 146
32 147
32 149
33 40
33 93
33 107
33 109
33 124
33 133
34 2
34 12
34 59
34 82
34 90
35 19
35 36
35 52
35 63
35 81
35 101
35 121
35 124
35 143
36 56
36 101
36 107
36 125
36 134
36 135
37 6
37 25
37 76
37 92
37 96
37 109
37 112
37 144
38 4
38 7
38 11
38 12
38 73
38 75
38 77
38 110
39 24
39 60
39 63
39 139
40 18
40 38
40 113
40 125
40 130
40 138
40 143
40 150
41 12
41 25
41 62
41 65
41 77
41 78
41 101
41 111
41 137
42 39
42 62
42 73
42 80
42 94
42 99
42 113
42 125
42 140
43 21
43 41
43 72
43 79
43 105
43 107
43 134
44 22
44 52
44 60
44 67
44 68
44 90
44 104
44 136
44 142
45 33
45 52
45 62
45 80
45 93
45 101
45 103
45 107
45 110
45 116
45 135
45 136
45 145
46 11
46 17
46 40
46 64
46 88
46 116
46 127
47 2
47 7
47 24
47 40
47 52
47 57
47 84
47 94
47 100
47 138
47 139
48 17
48 25
48 28
48 29
48 40
48 54
48 64
48 102
48 109
48 113
48 128
49 6
49 24
49 40
49 52
49 132
50 6
50 10
50 25
50 62
50 99
50 101
50 104
50 124
50 125
50 148
51 39
51 48
51 91
51 105
51 113
51 124
51 126
51 133
52 2
52 5
52 23
52 70
52 87
52 88
52 102
52 117
53 28
53 39
53 71
53 74
53 140
54 7
54 49
54 62
54 64
54 71
54 95
54 130
54 132
55 6
55 12
55 27
55 32
55 34
55 36
55 53
55 67
55 94
55 112
55 115
55 123
55 133
56 17
56 33
56 47
56 52
56 54
56 55
56 80
56 100
56 104
56 129
57 39
57 43
57 70
57 74
57 77
57 83
57 100
57 140
57 142
57 145
58 70
58 104
58 125
58 126
58 144
59 5
59 126
59 141
59 144
60 18
60 22
60 23
60 38
60 40
60 41
60 72
60 132
61 34
61 48
61 72
61 86
61 125
62 5
62 10
62 16
62 45
62 86
62 106
62 126
63 31
63 38
63 39
63 45
63 68
63 110
63 131
64 83
64 120
65 7
65 41
65 44
65 71
65 115
66 25
66 51
66 81
66 85
66 109
66 111
66 122
67 11
67 18
67 19
67 46
67 79
67 104
67 127
67 135
67 146
68 47
68 48
68 80
68 88
68 148
68 150
69 35
69 37
69 41
69 75
69 96
70 35
70 91
70 94
70 148
71 5
71 8
71 9
71 36
71 37
71 74
71 113
71 127
71 142
71 149
72 57
72 68
72 103
72 120
72 142
73 19
73 88
73 98
73 145
73 148
74 15
74 142
74 145
75 14
75 41
75 74
75 95
75 141
76 9
76 19
76 25
76 29
76 46
76 47
76 71
77 3
77 13
77 29
77 37
77 74
77 90
77 91
77 129
78 5
78 66
78 77
78 96
78 118
78 126
78 129
78 134
78 144
78 146
79 15
79 83
79 99
79 103
79 113
79 119
79 124
79 130
79 135
80 1
80 20
80 57
80 75
80 87
80 144
81 28
81 45
81 54
81 73
81 74
81 90
81 104
81 110
81 112
81 117
81 122
82 12
82 31
82 36
82 38
82 143
82 144
82 147
83 49
83 53
83 55
83 76
83 84
83 99
83 111
83 114
83 127
84 24
84 58
84 80
84 83
84 87
84 101
84 121
84 122
84 143
85 14
85 71
85 74
85 81
85 98
85 128
85 136
85 137
85 150
86 17
86 31
86 36
86 37
86 53
86 129
86 136
87 16
87 32
87 83
87 106
87 128
87 149
88 11
88 27
88 58
88 63
88 64
88 74
88 105
88 129
88 142
89 1
89 4
89 10
89 41
89 66
89 79
89 108
90 51
90 82
90 100
90 101
90 116
90 149
91 4
91 8
91 17
91 19
91 68
91 83
91 102
91 120
92 16
92 49
92 84
92 91
92 134
93 22
93 61
93 75
93 79
93 86
93 90
93 97
93 100
93 121
93 128
93 129
93 133
93 138
94 43
94 115
94 126
95 5
95 41
95 111
95 129
95 138
95 145
96 36
96 78
96 110
96 117
96 120
96 121
96 126
96 137
96 149
97 15
97 16
97 22
97 35
97 43
97 55
97 57
97 84
97 114
97 138
98 9
98 20
98 64
98 145
99 23
99 24
99 31
99 34
99 43
99 71
99 75
99 80
99 103
99 114
99 141
100 30
100 62
100 91
100 111
100 131
100 135
101 45
101 79
101 93
101 135
101 141
101 149
102 14
102 55
102 73
102 86
102 93
102 121
102 125
102 130
102 133
103 5
103 33
103 63
103 111
103 117
103 125
103 149
104 1
104 3
104 4
104 27
104 30
104 45
104 85
104 102
104 118
105 14
105 33
105 58
105 72
105 89
105 94
105 142
106 20
106 39
106 52
106 84
106 85
106 134
106 138
107 15
107 40
107 49
107 50
107 65
107 68
107 84
107 114
107 135
107 148
108 10
108 24
108 68
108 85
108 91
108 124
108 132
109 55
109 61
109 74
109 76
109 89
109 124
110 30
110 32
110 37
110 67
110 70
110 88
110 95
110 101
110 104
111 2
111 17
111 26
111 43
111 45
111 56
111 66
111 72
111 94
111 120
112 35
112 75
112 92
112 117
112 122
112 140
113 8
113 12
113 13
113 29
113 34
113 43
113 56
113 60
113 87
113 111
113 131
114 14
114 18
114 95
114 97
114 102
115 13
115 14
115 22
115 23
115 27
115 35
115 45
115 77
115 98
115 126
116 53
116 62
116 82
116 92
116 105
116 106
116 127
116 147
117 5
117 11
117 13
117 14
117 31
117 79
117 82
117 92
117 100
117 103
117 107
117 113
117 114
117 147
118 37
118 69
118 126
119 1
119 33
119 55
119 60
119 142
120 1
120 16
120 18
120 25
120 65
120 104
120 126
120 149
121 10
121 37
121 38
121 41
121 60
121 74
121 115
121 123
121 128
121 136
121 149
122 17
122 18
122 77
122 94
122 126
122 133
122 145
122 147
123 80
123 101
123 114
124 18
124 36
124 51
124 65
124 73
124 95
124 111
124 115
124 141
125 9
125 22
125 35
125 43
125 62
125 69
125 74
125 90
125 99
125 101
125 130
125 138
125 147
126 14
126 25
126 36
126 44
126 56
126 57
126 86
126 101
126 127
126 144
127 21
128 37
128 50
128 62
128 64
128 124
128 130
128 141
128 147
128 148
129 33
129 45
129 46
129 60
129 99
129 104
129 109
129 123
129 127
129 130
130 26
130 33
130 54
130 106
130 127
130 129
130 136
130 142
131 27
131 36
131 49
131 51
131 78
131 113
131 145
131 150
132 17
132 23
132 31
132 46
132 53
132 75
132 81
132 102
132 106
133 2
133 11
133 42
133 50
133 58
133 61
133 84
133 111
133 142
134 7
134 70
134 74
134 78
134 79
134 90
134 98
134 113
134 124
134 131
134 137
135 4
135 11
135 20
135 39
135 49
135 53
135 55
135 75
135 104
135 119
135 120
135 122
135 139
135 142
135 143
136 4
136 29
136 32
136 53
136 68
136 69
136 76
136 78
136 88
137 60
137 62
137 96
137 103
137 107
138 16
138 34
138 50
138 85
138 96
138 98
138 147
139 45
139 61
139 62
139 68
139 100
139 102
139 125
139 135
139 141
140 5
140 32
140 35
140 44
140 53
140 57
140 72
140 87
140 95
140 98
140 99
140 109
140 135
140 138
140 150
141 9
141 28
141 42
141 85
141 87
141 93
141 105
141 136
141 145
142 8
142 9
142 42
142 56
142 58
142 70
142 113
142 123
142 129
143 37
143 48
143 66
143 71
143 128
144 4
144 13
144 25
144 41
144 57
144 62
144 70
144 81
144 117
144 137
145 50
145 86
145 106
145 130
146 19
146 42
146 47
146 57
146 67
146 85
146 88
146 102
146 113
146 115
146 134
147 4
147 7
147 23
147 76
147 86
147 90
147 110
147 121
147 136
147 142
148 51
148 78
148 99
148 105
148 118
148 139
149 14
149 15
149 43
149 58
149 75
150 7
150 65
150 70
150 95
150 132
150 146
