150
593
1 121
1 124
1 144
2 75
2 118
3 123
3 147
4 9
4 134
5 93
6 14
6 38
6 112
7 61
7 69
7 84
7 142
8 98
8 134
8 148
9 7
9 62
9 70
9 75
9 86
9 90
9 107
10 49
10 76
10 107
10 143
11 60
11 64
11 100
11 110
11 114
12 4
12 13
12 29
12 82
13 12
13 21
13 22
13 34
13 94
13 129
14 34
14 83
15 19
15 91
16 9
16 12
16 17
16 30
16 71
16 83
17 48
17 92
17 98
18 4
18 11
18 40
18 41
18 65
18 112
18 118
18 143
19 73
19 135
19 148
20 45
20 108
20 128
21 86
21 117
21 135
22 6
22 110
22 122
22 128
22 140
23 38
23 52
23 111
23 148
24 26
24 50
24 64
24 72
24 88
24 105
24 148
25 15
25 48
26 21
26 60
26 92
26 110
27 21
27 87
27 96
28 18
28 73
28 135
28 140
29 23
29 45
29 52
29 119
30 50
30 113
31 63
32 29
33 12
33 45
33 65
33 70
33 103
33 141
34 44
34 99
34 110
34 137
35 42
35 50
35 78
35 80
35 97
35 107
35 126
36 22
36 45
36 70
36 108
36 121
37 6
37 13
37 148
38 102
38 117
38 140
39 58
39 118
40 29
40 65
40 89
40 132
40 139
41 8
41 65
42 37
42 90
42 101
42 118
42 145
43 16
43 24
43 40
43 79
43 112
44 8
44 14
44 47
44 52
45 57
45 147
46 28
46 129
47 104
49 16
49 136
49 147
50 132
51 5
51 19
51 76
51 83
51 111
51 148
51 150
52 23
52 36
52 91
52 119
53 2
53 56
53 64
53 118
53 148
54 23
54 40
54 52
55 70
55 83
55 123
55 125
56 132
56 134
56 135
56 148
57 16
57 41
57 74
58 25
58 59
58 74
58 106
58 115
58 126
58 136
59 32
59 87
59 89
59 94
59 140
60 10
60 31
60 51
60 79
60 97
61 146
62 25
62 84
62 125
62 146
64 1
64 34
64 35
64 60
64 65
64 73
64 90
64 129
64 136
65 5
65 7
65 28
66 12
67 46
67 87
67 110
68 117
68 134
69 77
69 90
69 133
69 143
70 124
71 1
71 74
71 106
72 1
72 99
73 27
73 34
73 48
73 49
73 61
73 63
73 65
74 13
74 81
74 120
74 136
75 63
75 110
75 132
75 133
76 14
76 30
76 75
76 86
76 88
77 19
77 59
77 104
77 121
77 142
78 2
78 11
78 43
78 63
78 71
78 90
79 25
79 43
79 59
79 71
79 95
80 25
80 65
80 66
80 73
80 82
80 107
80 135
80 136
81 21
81 87
81 136
81 149
82 49
82 56
82 130
82 145
83 7
83 31
83 43
84 123
84 124
84 142
85 4
85 22
85 59
85 79
85 87
85 88
85 133
86 55
86 98
86 107
86 110
87 6
87 9
87 41
87 45
87 79
87 107
88 5
88 64
90 29
90 54
90 57
90 104
90 132
90 137
90 145
91 18
91 67
91 76
91 81
91 107
91 118
91 143
92 11
92 32
92 88
92 95
92 110
93 27
93 46
93 80
93 110
93 129
93 138
94 15
94 84
94 113
94 122
95 11
95 20
95 35
95 42
95 57
95 119
95 145
96 53
96 128
96 137
96 140
97 13
97 50
97 79
97 106
97 114
97 149
98 5
98 77
98 102
98 136
99 93
99 112
99 120
100 146
101 84
102 14
102 81
103 26
103 62
103 92
103 133
104 17
104 135
105 18
105 87
105 92
105 110
106 54
106 87
107 84
107 98
107 117
107 123
107 125
108 19
108 56
108 85
108 128
108 131
108 139
108 144
109 7
109 22
109 104
109 135
109 136
110 6
110 15
110 64
110 74
110 104
110 122
110 141
111 74
111 97
112 65
112 101
112 124
113 23
113 36
113 55
113 83
114 38
115 8
115 27
115 34
115 81
115 108
115 141
115 147
116 7
116 9
116 28
116 91
116 92
116 119
117 61
117 67
117 78
117 87
117 131
118 3
118 4
118 142
119 22
119 76
119 90
119 134
119 138
119 146
120 10
120 23
120 27
120 60
120 111
120 128
120 147
120 148
121 22
121 37
121 70
121 141
122 54
123 19
123 82
123 99
123 101
123 137
123 141
124 15
124 21
124 141
124 143
125 137
125 139
126 30
126 102
126 108
126 125
127 5
127 16
127 85
128 35
128 36
128 44
128 60
128 94
128 105
128 108
128 127
128 136
128 145
128 146
129 12
129 20
129 22
129 66
130 4
130 16
130 31
130 32
130 35
130 53
130 60
130 89
130 111
130 147
131 55
131 71
131 104
131 109
131 115
131 137
132 9
132 27
133 34
133 43
133 51
133 92
133 94
133 105
133 113
133 122
134 64
134 144
135 26
135 45
135 57
135 72
135 73
136 11
136 29
136 51
136 56
136 103
136 121
137 42
137 72
137 148
138 12
138 53
138 109
138 127
138 130
139 26
139 73
139 84
139 98
139 144
140 36
140 83
140 89
140 98
140 137
141 36
141 70
141 82
141 139
142 37
142 102
142 125
143 66
143 90
144 19
144 22
144 49
144 85
144 139
145 13
146 10
146 64
146 83
147 26
147 116
147 142
148 45
148 118
148 136
148 140
149 26
149 122
150 92
150 109
