160
319
1 109
1 138
2 96
2 103
2 157
3 98
4 63
4 116
5 130
6 103
6 158
7 52
8 90
8 150
10 125
11 58
12 67
12 89
12 121
12 125
12 132
12 136
15 3
15 55
15 113
15 153
16 148
17 51
17 160
18 62
19 42
19 91
19 151
20 1
21 67
21 100
21 121
22 5
22 59
22 81
23 50
24 5
24 30
24 90
24 94
24 157
25 122
25 140
26 62
26 63
26 78
27 19
27 76
27 79
28 11
28 97
29 17
29 31
29 67
29 133
30 34
31 15
33 43
33 46
33 60
33 94
33 151
34 19
34 49
35 82
35 137
37 30
37 52
39 1
39 43
40 5
41 106
41 118
42 44
42 54
42 58
43 85
43 133
44 36
44 62
44 104
46 44
46 92
47 12
48 11
48 31
48 42
48 73
49 17
49 70
49 89
49 155
50 82
51 92
51 155
52 43
52 75
52 86
52 91
52 108
53 7
54 57
55 26
55 46
56 69
56 77
57 71
57 74
57 123
58 90
58 131
59 60
61 1
61 31
61 55
61 67
61 129
62 40
62 83
62 86
62 89
63 75
63 98
65 3
65 48
65 87
65 119
66 6
66 21
66 57
66 95
69 73
71 18
71 76
72 104
72 131
73 35
73 89
73 122
74 47
74 136
75 48
76 6
76 50
76 86
77 9
77 140
77 144
78 91
78 127
78 133
80 71
80 84
80 112
81 83
81 107
82 42
82 106
82 116
83 50
83 51
85 89
85 147
87 70
87 120
88 1
88 107
89 95
90 8
90 81
91 73
92 15
92 19
92 31
93 80
93 137
94 121
95 118
97 98
98 99
99 31
99 51
99 117
100 3
100 38
100 57
100 75
101 62
102 132
103 2
103 112
104 126
105 1
105 17
105 68
105 137
105 148
106 28
106 68
107 135
107 144
109 22
109 38
109 94
110 3
110 119
110 147
111 70
113 52
113 56
114 2
114 26
114 89
115 149
116 106
117 153
118 83
119 17
119 101
121 7
121 15
122 1
122 135
123 119
124 112
125 37
125 147
126 11
126 15
127 80
127 104
128 44
128 66
128 108
128 117
128 158
129 42
129 51
129 142
130 117
131 64
131 81
131 143
131 148
132 6
132 23
132 128
133 43
133 90
134 85
134 89
135 4
135 24
135 58
135 88
135 113
135 121
136 22
136 128
136 159
139 9
139 88
139 93
139 159
140 22
140 124
140 125
141 15
141 38
141 114
141 155
142 52
142 134
143 47
143 137
145 2
145 11
145 45
145 49
145 64
145 90
145 99
145 125
146 6
146 63
147 69
147 99
149 54
150 65
150 145
150 157
151 6
151 99
151 136
152 13
152 66
152 159
154 1
154 19
154 64
154 143
155 3
155 81
155 94
155 115
156 38
156 39
156 65
156 143
158 61
158 84
158 97
159 72
160 121
