170
169
1 157
2 32
3 43
5 24
6 135
7 66
10 57
10 84
12 159
13 16
13 161
14 31
17 22
18 153
20 47
21 73
21 154
21 160
22 80
24 15
27 152
27 156
28 57
28 118
31 105
32 9
32 33
32 149
33 123
36 78
37 1
38 148
45 52
45 62
45 136
45 166
46 2
46 26
46 49
48 18
49 24
49 90
50 71
51 123
52 6
53 115
55 110
57 9
58 63
58 73
59 47
59 101
60 8
60 17
60 148
63 17
64 39
64 45
64 82
65 9
65 53
66 78
69 15
70 86
71 78
71 138
72 138
74 135
75 70
76 115
76 134
78 133
79 19
79 87
80 158
82 47
85 36
86 21
86 106
86 110
86 155
87 52
87 136
88 49
88 152
91 125
91 156
93 6
93 72
93 155
94 66
95 1
95 7
96 127
97 71
98 70
98 137
98 164
99 80
101 8
102 89
102 92
103 56
106 8
108 53
110 115
111 152
115 152
116 119
116 141
117 50
120 155
121 117
122 4
122 104
123 32
124 51
125 166
126 141
128 32
128 33
129 2
131 66
135 72
135 74
135 87
137 25
138 27
138 90
139 85
140 51
140 111
140 144
141 91
141 121
142 36
142 132
143 94
144 167
145 119
147 150
148 91
149 49
149 67
149 156
150 16
150 34
150 105
151 28
152 6
153 144
155 73
155 149
157 6
157 50
157 128
158 29
158 157
160 57
161 36
162 55
163 18
163 106
166 18
166 106
166 140
168 55
169 57
170 123
