170
1493
1 2
1 7
1 67
1 92
1 94
1 115
1 123
1 142
1 156
1 160
2 4
2 43
2 64
2 94
2 134
2 144
2 147
2 159
3 40
3 43
3 59
3 95
3 105
3 136
3 149
4 1
4 40
4 56
4 81
4 121
4 150
4 153
4 160
5 19
5 43
5 57
5 62
5 89
5 94
5 125
5 130
5 166
6 15
6 36
6 101
6 124
6 133
6 147
6 168
6 170
7 3
7 10
7 31
7 34
7 39
7 76
7 116
7 146
7 162
7 169
8 2
8 9
8 26
8 81
8 94
8 145
8 149
8 156
9 34
9 65
9 94
9 129
9 135
9 138
9 139
9 140
9 158
9 169
10 22
10 36
10 43
10 44
10 68
10 115
10 117
10 129
10 136
11 12
11 15
11 45
11 66
11 70
11 74
11 75
11 78
11 89
11 119
11 155
12 57
12 59
12 65
12 94
12 97
12 109
12 148
12 160
12 164
13 41
13 51
13 92
13 94
13 102
13 132
14 1
14 29
14 56
14 62
14 71
14 102
14 108
14 124
14 130
14 163
15 1
15 10
15 28
15 46
15 50
15 63
15 79
15 90
15 128
15 141
15 169
16 10
16 24
16 42
16 45
16 63
16 102
16 110
16 137
16 138
16 149
16 160
17 8
17 11
17 34
17 57
17 70
17 87
17 89
17 96
17 138
17 146
17 148
17 154
18 12
18 13
18 28
18 34
18 38
18 52
18 57
18 58
18 66
18 69
18 139
18 145
18 149
18 151
18 155
18 158
19 38
19 39
19 54
19 62
19 63
19 88
19 90
19 114
19 127
19 131
19 133
19 155
20 3
20 57
20 89
20 116
21 49
21 59
21 60
21 97
21 105
21 155
21 168
22 42
22 54
22 74
22 125
22 138
22 150
22 161
22 162
23 5
23 7
23 9
23 71
23 95
23 119
23 152
23 153
23 170
24 15
24 28
24 79
24 81
24 97
24 99
24 106
24 107
24 139
24 147
24 148
24 167
25 47
25 57
25 77
25 90
25 104
26 2
26 16
26 50
26 54
26 92
26 115
26 157
26 165
27 5
27 33
27 35
27 42
27 58
27 121
27 170
28 19
28 22
28 47
28 61
28 106
28 107
28 139
28 152
28 158
28 164
28 168
29 5
29 27
29 43
29 52
29 57
29 72
29 84
29 140
29 147
29 163
30 10
30 11
30 15
30 40
30 111
30 115
30 131
30 134
31 24
31 41
31 42
31 106
31 110
31 115
31 119
31 136
31 150
31 155
32 20
32 33
32 34
32 48
32 99
32 116
32 147
32 149
32 166
33 4
33 40
33 58
33 98
33 129
33 140
33 167
34 44
34 56
34 67
34 80
34 98
34 124
34 127
34 161
34 163
35 39
35 43
35 49
35 71
35 96
35 98
35 103
35 135
35 153
35 167
35 169
36 14
36 23
36 47
36 49
36 78
36 135
36 167
37 1
37 4
37 15
37 53
37 140
37 155
38 5
38 7
38 30
38 31
38 40
38 50
38 58
38 71
38 120
38 135
38 137
38 138
38 157
38 165
39 17
39 19
39 24
39 115
39 143
40 24
40 28
40 33
40 49
40 58
40 59
40 85
40 102
40 117
40 134
40 139
40 161
41 37
41 48
41 78
41 79
41 104
41 147
41 150
42 8
42 37
42 61
42 87
42 134
43 38
43 45
43 96
43 104
43 112
43 142
44 112
44 139
45 8
45 9
45 92
45 94
45 98
45 161
46 7
46 21
46 55
46 85
46 91
46 109
46 120
47 14
47 27
47 28
47 66
47 94
47 100
47 133
47 143
47 153
48 42
48 45
48 88
48 114
48 135
48 164
49 27
49 83
49 90
49 122
50 4
50 17
50 37
50 54
50 56
50 96
50 107
50 108
50 120
50 160
51 12
51 29
51 55
51 76
51 78
51 80
51 82
51 87
51 99
51 141
51 145
51 148
51 157
51 160
52 17
52 49
52 95
52 96
52 114
52 120
52 123
53 5
53 22
53 23
53 31
53 61
53 71
53 91
53 93
53 100
53 105
53 106
53 133
53 152
53 167
54 15
54 47
54 48
54 66
54 67
54 76
54 112
54 114
54 119
54 160
55 56
55 59
55 82
55 155
55 161
56 39
56 99
56 110
56 113
56 123
56 125
57 12
57 18
57 23
57 48
57 51
57 53
57 66
57 86
57 95
57 98
57 101
57 163
58 3
58 8
58 25
58 26
58 52
58 90
58 111
58 113
58 133
58 135
58 142
58 169
59 27
59 29
59 108
59 130
59 147
59 154
59 167
60 9
60 12
60 22
60 61
60 62
60 71
60 75
60 76
60 81
60 136
60 138
61 19
61 51
61 53
61 102
61 109
62 75
62 80
62 93
62 169
63 11
63 12
63 25
63 50
63 54
63 56
63 72
63 88
63 122
64 19
64 20
64 46
64 49
64 69
64 80
64 112
64 161
65 1
65 16
65 22
65 26
65 28
65 41
65 42
65 56
65 82
65 85
65 111
65 131
65 132
65 145
65 162
66 1
66 18
66 28
66 41
66 47
66 158
67 43
67 53
67 62
67 69
67 73
67 85
67 101
67 140
67 153
67 161
68 36
68 43
68 53
68 57
68 60
69 6
69 23
69 32
69 53
69 61
69 70
69 95
69 107
69 112
69 115
69 124
69 126
69 143
70 23
70 49
70 64
70 83
70 92
70 120
70 133
71 4
71 6
71 14
71 41
71 57
71 73
71 84
71 123
71 140
71 161
71 165
72 15
72 29
72 36
72 50
72 85
72 102
72 140
72 146
72 158
72 161
72 168
73 2
73 12
73 37
73 64
73 100
73 106
73 112
73 115
73 144
73 146
73 149
73 150
74 4
74 13
74 27
74 41
74 45
74 55
74 82
74 102
74 107
74 119
74 170
75 33
75 37
75 42
75 46
75 101
75 106
75 111
75 123
75 134
76 24
76 48
76 60
76 61
76 92
76 98
76 99
76 106
76 108
76 145
76 151
77 19
77 46
77 61
77 78
77 91
77 118
77 124
77 126
77 149
77 151
77 158
78 19
78 27
78 38
78 45
78 68
78 82
78 133
78 161
79 74
79 84
79 87
79 92
79 124
79 129
79 149
79 154
80 40
80 47
80 48
80 71
80 73
80 105
80 147
81 9
81 34
81 41
81 51
81 59
81 84
81 114
81 123
81 141
82 26
82 35
82 39
82 65
82 67
82 92
82 142
82 159
82 161
83 4
83 12
83 39
83 55
83 65
83 66
83 75
83 76
83 80
83 115
83 119
83 120
84 12
84 18
84 24
84 30
84 42
84 43
84 44
84 72
84 74
84 90
84 117
84 121
84 143
85 6
85 21
85 30
85 46
85 47
85 49
85 77
85 92
85 98
85 103
85 104
85 147
85 149
85 156
85 167
86 12
86 24
86 28
86 44
86 55
86 56
86 74
86 94
86 96
86 141
86 153
87 1
87 55
87 58
87 69
87 83
87 105
87 124
87 128
87 133
87 142
87 151
87 162
88 1
88 37
88 71
88 79
88 104
88 131
88 142
88 147
88 161
89 21
89 24
89 39
89 45
89 47
89 75
89 77
89 130
89 156
89 169
90 21
90 23
90 35
90 36
90 38
90 68
90 83
90 85
90 88
90 91
90 92
90 103
90 142
90 156
91 72
91 136
91 160
92 24
92 34
92 63
92 71
92 111
92 116
92 127
92 130
93 6
93 26
93 32
93 62
93 67
93 88
93 91
93 95
93 116
93 126
93 138
93 140
93 143
93 144
93 154
94 7
94 17
94 34
94 42
94 63
94 71
94 72
94 100
94 119
94 126
94 134
94 138
94 155
95 42
95 66
95 90
95 92
95 149
95 167
96 5
96 30
96 31
96 59
96 66
96 84
96 124
96 148
96 165
96 166
96 169
96 170
97 1
97 37
97 48
97 87
97 89
98 19
98 42
98 65
98 70
98 78
98 100
98 113
99 1
99 15
99 19
99 25
99 41
99 63
99 83
99 136
99 138
99 145
99 159
99 169
100 17
100 22
100 31
100 44
100 45
100 59
100 87
100 97
100 159
100 161
101 24
101 48
101 87
101 92
101 93
101 124
101 127
101 160
101 166
102 16
102 24
102 35
102 61
102 66
102 75
102 94
102 121
102 136
102 148
102 167
103 9
103 31
103 42
103 47
103 56
103 104
103 116
103 129
103 130
103 146
103 147
103 150
103 157
103 168
104 8
104 18
104 85
104 88
104 96
104 97
104 117
104 132
104 133
104 136
104 147
104 148
104 152
104 160
104 168
105 3
105 13
105 29
105 32
105 47
105 63
105 65
105 70
105 89
105 128
105 134
105 158
105 162
106 28
106 35
106 46
106 51
106 60
106 79
106 113
106 160
106 162
107 4
107 15
107 34
107 80
107 118
107 129
107 152
108 12
108 13
108 22
108 32
108 47
108 71
108 78
108 115
108 148
108 158
108 162
109 13
109 43
109 54
109 104
109 132
110 32
110 37
110 71
110 88
110 102
110 103
110 113
110 146
110 167
110 168
111 6
111 26
111 42
111 46
111 48
111 63
111 67
111 99
111 114
111 121
111 122
111 160
112 23
112 44
112 50
112 51
112 58
112 67
112 113
112 125
112 129
113 3
113 13
113 39
113 50
113 58
113 88
113 108
113 152
114 7
114 12
114 13
114 22
114 24
114 41
114 46
114 142
114 155
115 11
115 25
115 37
115 57
115 93
115 104
115 111
115 165
116 79
116 96
116 145
116 170
117 51
117 61
117 64
117 118
117 121
118 19
118 33
118 49
118 73
118 74
118 79
118 92
118 123
118 130
118 134
118 150
118 165
119 20
119 30
119 34
119 50
119 70
119 150
119 151
120 14
120 33
120 46
120 47
120 52
120 53
120 64
120 78
120 86
120 108
120 122
120 133
120 158
120 162
120 167
121 8
121 15
121 24
121 51
121 59
121 75
121 85
121 161
122 37
122 111
122 139
122 143
123 13
123 29
123 37
123 64
123 126
123 134
124 69
124 88
124 93
124 95
124 99
124 105
124 134
124 167
125 40
125 43
125 60
125 89
125 133
125 146
126 8
126 57
126 119
126 124
126 136
127 16
127 89
127 97
127 125
127 145
127 150
127 166
128 54
128 70
128 74
128 133
128 135
128 146
129 7
129 40
129 58
129 121
129 135
129 139
129 155
129 161
130 15
130 63
130 75
130 76
130 80
130 94
130 101
130 119
130 127
130 144
130 163
130 170
131 34
131 45
131 55
131 58
131 105
131 151
132 28
132 66
132 82
133 15
133 38
133 48
133 49
133 65
133 73
133 78
133 105
133 136
133 141
134 1
134 2
134 29
134 106
134 151
134 163
134 165
135 44
135 50
135 67
135 76
135 119
135 132
135 139
135 166
135 167
136 15
136 24
136 37
136 119
136 144
137 26
137 55
137 117
137 131
137 132
137 149
138 6
138 7
138 22
138 29
138 30
138 39
138 86
138 122
139 13
139 41
139 55
139 78
139 92
139 95
139 116
140 23
140 37
140 55
140 56
140 58
140 59
140 65
140 98
140 113
140 121
140 133
141 22
141 54
141 74
141 76
141 89
141 123
141 128
141 142
141 144
141 152
141 153
141 163
142 11
142 61
142 74
142 75
142 100
142 138
142 144
143 3
143 10
143 14
143 21
143 22
143 99
143 112
143 132
143 134
143 147
143 158
143 170
144 52
144 75
144 121
144 164
145 45
145 63
145 91
145 107
145 129
145 135
146 21
146 43
146 74
146 95
146 147
147 2
147 26
147 76
147 84
147 103
147 114
147 145
147 168
148 36
148 40
148 107
148 121
148 128
149 13
149 32
149 40
149 79
149 105
149 106
149 122
149 135
150 6
150 16
150 27
150 54
150 103
150 105
150 108
150 126
150 136
150 144
151 7
151 12
151 23
151 57
151 87
151 100
151 129
151 139
151 144
152 4
152 46
152 58
152 68
152 130
152 162
152 168
153 42
153 57
153 69
153 75
153 82
153 93
153 113
153 163
154 18
154 26
154 29
154 57
154 66
154 71
154 141
154 150
154 167
155 27
155 44
155 48
155 75
155 95
155 104
155 119
155 148
155 150
155 162
156 9
156 12
156 29
156 36
156 62
156 70
156 84
156 88
156 89
156 130
157 27
157 49
157 80
157 105
157 119
157 133
157 144
157 159
157 166
158 21
158 65
158 76
158 97
158 98
158 99
158 102
159 38
159 50
159 91
159 116
159 141
159 155
159 158
160 3
160 12
160 36
160 53
160 64
160 73
160 139
160 155
161 30
161 76
161 91
161 102
161 105
161 121
161 150
161 154
162 7
162 11
162 13
162 25
162 59
162 73
162 94
162 130
162 166
163 31
163 62
163 84
163 146
163 159
164 13
164 15
164 35
164 72
164 113
164 117
164 120
164 132
165 54
165 57
165 67
165 74
165 106
165 110
165 128
166 36
166 52
166 63
166 86
166 99
166 165
167 3
167 11
167 54
167 65
167 120
167 142
167 157
167 164
168 9
168 12
168 17
168 68
168 71
168 79
168 102
168 116
168 128
168 133
168 138
168 145
168 152
168 158
168 159
168 163
169 46
169 61
169 81
169 85
169 118
169 119
169 126
169 157
169 159
169 166
170 22
170 30
170 69
170 78
170 88
170 97
170 136
170 138
170 141
170 145
