170
1004
1 23
1 40
1 73
1 78
1 103
1 137
1 139
2 3
2 12
2 20
2 47
2 73
2 93
2 98
2 131
3 13
3 20
3 23
3 53
3 141
3 143
3 165
4 25
4 30
4 69
4 98
4 105
4 106
4 111
4 125
4 135
5 2
5 82
5 108
5 145
5 152
6 21
6 36
6 57
6 60
6 74
6 88
6 140
6 151
7 4
7 53
7 70
7 83
8 5
8 18
8 20
8 60
8 74
8 87
8 105
8 111
8 136
8 147
9 88
9 138
9 139
9 142
9 152
10 48
10 72
10 146
10 170
11 33
11 57
11 69
11 85
11 104
11 124
11 130
11 142
12 48
12 58
12 61
12 67
12 116
12 120
12 149
13 29
13 38
13 43
13 62
13 138
13 164
14 58
14 89
14 102
14 115
14 149
14 160
15 4
15 12
15 25
15 61
15 73
15 98
15 99
15 112
15 133
16 8
16 24
16 49
16 64
16 75
16 90
16 122
16 140
17 3
17 44
17 64
17 71
17 80
17 114
17 121
17 166
18 20
18 32
18 96
18 110
18 117
18 131
18 164
19 2
19 26
19 42
19 46
19 90
20 12
20 23
20 58
20 66
20 68
20 90
20 106
20 152
21 49
21 98
21 165
22 11
22 21
22 44
22 48
22 73
22 107
22 167
23 12
23 65
23 72
23 82
23 102
23 169
24 106
24 108
24 156
24 159
25 3
25 26
25 67
25 103
25 135
25 137
25 151
26 45
26 63
26 72
26 84
26 115
26 149
26 155
26 166
27 112
27 142
27 156
28 22
28 44
28 47
28 78
28 79
28 93
28 168
29 7
29 8
29 26
29 31
29 50
29 53
29 110
29 111
29 119
29 136
30 2
30 12
30 29
30 31
30 41
30 83
30 92
30 99
30 166
31 14
31 15
31 49
31 59
31 115
31 125
31 128
31 166
32 28
32 45
32 47
32 60
32 84
32 98
32 136
32 137
33 13
33 54
33 84
33 96
33 106
34 17
34 63
34 71
34 92
34 118
35 48
35 73
35 100
35 115
35 124
35 145
36 26
36 28
36 31
36 77
36 112
36 162
37 3
37 127
37 165
37 169
38 25
38 116
38 126
38 162
38 168
39 11
39 33
39 49
39 90
39 124
39 169
39 170
40 2
40 3
40 36
41 40
41 76
41 79
41 117
42 4
42 22
42 39
42 61
42 89
42 134
43 21
43 23
43 42
43 122
44 51
44 147
44 164
45 9
45 15
45 20
45 21
45 84
45 97
46 2
46 5
46 20
46 34
46 36
46 127
46 133
46 145
46 152
47 8
47 9
47 168
48 28
48 58
48 72
48 112
48 120
49 61
49 87
49 100
49 131
49 133
50 59
50 98
50 138
50 164
51 27
51 62
51 98
51 137
51 139
51 167
52 22
52 53
52 151
53 18
53 73
53 89
53 100
53 120
54 9
54 33
54 91
54 128
54 160
54 168
55 9
55 36
55 59
55 110
55 133
56 3
56 25
56 48
56 66
56 80
56 83
56 95
56 146
56 160
57 47
57 68
57 106
57 129
57 136
58 10
58 29
58 33
58 95
58 117
58 154
58 161
58 163
59 9
59 54
59 86
59 112
59 156
59 168
60 3
60 18
60 35
60 59
60 140
61 48
61 154
61 160
61 162
61 168
61 170
62 26
62 114
62 125
63 4
63 7
63 44
63 80
63 83
63 106
63 125
63 156
64 4
64 17
64 36
64 83
64 134
64 157
64 160
64 163
65 6
65 56
65 89
65 93
65 155
65 159
65 160
66 18
66 53
66 83
66 84
66 101
66 162
67 19
67 23
67 41
67 88
67 90
67 108
68 76
68 119
68 153
69 4
69 16
69 21
69 120
69 123
69 151
69 158
69 161
70 3
70 15
70 65
70 72
70 78
70 105
70 126
70 166
71 73
71 88
71 121
72 62
72 103
72 121
72 129
72 153
72 156
72 162
73 2
73 46
73 55
73 92
73 115
73 153
74 40
74 84
74 124
74 133
75 9
75 21
75 55
75 81
75 144
75 164
76 12
76 24
76 37
76 96
76 111
76 144
76 155
76 167
77 18
77 25
77 52
77 60
77 90
77 113
77 115
78 58
78 118
78 159
80 14
80 16
80 33
80 39
80 45
80 61
80 66
80 69
80 163
81 12
81 14
81 18
81 42
81 56
81 76
81 82
81 94
81 131
81 140
82 33
82 76
82 113
82 162
83 1
83 77
83 81
83 84
83 129
83 156
84 16
84 25
84 38
84 54
84 102
84 127
84 140
84 152
85 8
85 60
85 167
86 25
86 29
86 32
86 41
86 67
86 93
86 119
86 162
86 170
87 31
87 46
87 59
87 79
87 92
87 139
87 150
87 152
88 9
88 19
88 24
88 83
88 116
88 130
88 148
88 150
88 152
88 167
89 118
89 133
90 69
90 94
91 7
91 89
91 109
91 164
92 10
92 59
92 106
92 111
92 133
93 6
93 45
93 56
93 78
93 89
93 103
93 149
93 155
93 167
94 16
94 17
94 41
94 93
94 110
94 122
95 78
95 131
95 152
95 169
96 6
96 86
96 160
96 164
97 24
97 84
97 108
97 116
97 126
98 3
98 26
98 27
98 62
98 77
98 130
98 132
98 166
99 15
99 45
99 55
99 66
99 88
99 154
99 159
99 164
100 14
100 40
100 56
100 106
100 119
100 129
100 150
100 154
101 23
101 30
101 35
101 102
101 104
101 117
101 146
101 155
102 5
102 52
102 53
102 88
102 96
102 99
103 20
103 27
103 38
103 46
103 80
103 128
103 130
104 20
104 25
104 34
104 98
104 126
104 139
105 2
106 78
106 115
106 122
107 57
107 76
107 93
107 132
107 155
108 17
108 46
108 93
108 127
109 4
109 11
109 99
109 129
109 152
110 10
110 46
110 119
110 136
110 152
111 89
111 139
111 154
112 6
112 21
112 46
112 105
112 109
112 125
113 13
113 22
113 67
113 71
113 101
113 153
114 37
114 63
114 105
114 133
114 138
114 168
115 4
115 14
115 65
116 5
116 102
116 107
116 126
116 155
116 165
117 46
117 57
117 63
117 74
117 136
118 14
118 32
118 33
119 17
119 30
119 36
119 61
119 88
119 102
119 103
119 113
120 62
120 77
120 95
120 148
121 43
121 55
121 64
121 109
121 112
121 142
121 149
121 155
121 162
122 65
122 67
122 88
122 157
122 169
122 170
123 5
123 14
123 22
123 23
123 68
123 91
123 153
123 155
124 21
124 45
124 82
124 94
124 113
124 146
125 15
125 56
125 68
125 80
125 98
125 126
125 138
126 91
126 122
126 161
126 169
127 9
127 23
127 36
127 80
128 33
128 36
128 37
129 10
129 23
129 26
129 29
129 41
129 45
129 47
129 59
129 79
129 103
129 138
129 151
129 160
129 164
130 79
130 108
130 138
130 145
131 25
131 134
131 154
132 48
132 76
132 77
133 4
133 13
133 26
133 63
133 70
133 121
133 130
133 143
133 153
133 160
134 2
134 23
134 56
134 73
134 91
134 112
134 140
134 143
134 156
135 32
135 54
135 68
135 102
135 127
135 164
136 24
136 56
136 76
136 168
137 110
137 129
137 139
138 124
138 136
138 140
139 66
139 118
139 149
139 170
140 16
140 95
140 102
140 135
140 139
141 9
141 15
141 50
141 53
141 74
141 76
141 99
141 123
141 126
142 50
142 69
142 135
143 6
143 53
143 74
143 117
143 130
143 159
144 8
144 35
144 62
144 95
144 96
144 108
144 128
145 23
145 61
145 67
145 77
145 109
145 138
145 141
146 4
146 26
146 48
146 51
146 67
146 88
146 117
147 1
147 57
147 102
147 128
147 141
148 18
148 22
148 72
148 83
148 90
148 97
148 103
148 111
148 116
148 125
148 129
148 149
148 157
149 4
149 31
149 99
149 121
149 131
150 102
150 108
150 117
150 156
151 55
151 69
151 73
151 74
151 95
151 96
151 111
151 114
151 119
151 132
151 140
151 155
151 156
152 60
152 97
152 101
152 113
153 48
153 81
153 113
153 136
153 139
153 155
154 34
154 39
154 52
154 82
155 3
155 4
155 7
155 15
155 67
155 68
155 70
155 98
155 143
155 167
156 97
156 126
156 142
156 149
156 159
157 3
157 37
157 41
157 45
157 46
157 47
157 96
157 97
157 99
157 121
157 135
158 41
158 57
158 91
158 133
159 19
159 138
159 149
160 1
160 8
160 20
160 28
160 48
160 59
160 110
160 170
161 17
161 25
161 33
161 68
161 93
162 3
162 63
162 116
162 126
163 7
163 20
163 90
163 139
164 22
164 34
164 62
164 95
164 121
164 124
165 3
165 5
165 77
165 118
165 150
166 76
166 95
166 108
167 10
167 50
167 70
167 79
167 85
167 108
167 153
168 14
168 92
168 126
168 162
169 13
169 146
169 165
170 12
170 25
170 78
170 85
170 86
170 99
170 100
170 166
