1750
1750
1 1013
1 1509
1 1598
2 1037
4 75
5 1267
6 188
6 488
8 311
10 40
12 1703
13 651
16 494
16 623
16 793
17 602
18 785
18 1635
21 321
22 490
25 703
25 1359
28 1491
29 327
32 691
34 196
35 94
35 639
38 436
38 1071
38 1242
40 876
41 407
43 424
43 1556
44 734
44 878
44 1080
45 806
48 1635
50 206
50 692
50 700
51 703
51 1014
51 1556
52 982
53 1539
53 1554
55 304
56 925
58 1687
61 957
61 1146
62 859
62 1430
62 1657
63 1410
64 723
65 207
66 289
67 177
67 419
67 902
68 1480
69 1012
70 825
73 277
73 784
73 965
78 478
78 1116
78 1487
79 255
79 1175
80 53
80 500
81 121
81 1537
83 737
83 943
84 103
87 1599
88 1628
89 194
89 1040
92 1723
93 555
94 259
94 350
95 201
99 770
99 1113
100 855
101 1430
104 423
104 1660
105 1264
106 188
107 1024
108 620
109 423
110 1313
113 170
114 966
115 506
115 1113
115 1134
117 611
117 875
117 1568
118 193
120 1609
121 815
122 1719
123 254
123 1472
124 1035
124 1399
125 1212
126 1724
127 468
128 1023
132 726
132 1099
132 1509
133 1408
135 329
136 153
140 581
141 595
141 682
143 537
146 512
149 1027
150 1284
150 1446
151 104
151 620
151 1480
152 1679
153 498
153 1007
153 1413
154 623
155 1443
156 269
156 560
159 471
160 374
160 1697
164 522
164 959
166 854
167 1662
168 865
169 1320
170 167
170 755
170 957
174 1191
177 284
178 371
180 208
181 1524
182 1155
182 1504
183 1001
185 104
186 1581
187 735
189 730
189 1591
191 588
192 1095
193 237
193 863
193 1048
193 1528
194 781
194 1314
194 1635
195 396
195 1285
196 150
196 870
196 1153
196 1248
196 1632
197 1443
199 261
199 1105
200 866
200 1639
201 388
201 1310
201 1655
202 928
203 1135
203 1284
208 1641
209 1369
210 1329
214 354
216 600
217 897
219 763
220 1535
221 924
222 703
223 458
223 977
224 130
224 1121
226 756
226 971
226 1637
227 1562
228 691
230 339
230 465
230 847
233 50
233 649
234 561
234 663
234 1007
234 1687
236 542
238 501
238 1286
239 451
239 662
241 677
241 939
241 1711
242 507
242 981
244 1
244 430
244 1083
250 717
250 771
250 1027
254 1699
255 620
256 845
256 1288
256 1509
257 19
257 1720
258 951
259 1361
259 1644
261 1271
264 1618
266 516
267 141
268 1707
270 770
271 147
271 1085
273 149
273 290
273 1063
276 236
276 640
276 1748
277 949
278 1043
279 150
280 1537
281 1316
282 1136
283 115
283 225
284 2
286 624
287 667
287 1381
287 1488
288 32
288 41
290 1086
290 1514
292 290
297 140
297 847
299 547
301 235
302 491
302 756
302 1699
303 137
303 335
304 47
304 1578
306 765
307 466
309 1732
311 456
312 298
312 1493
313 1606
318 249
318 1144
319 69
321 204
322 824
324 383
324 1049
325 1517
326 535
326 1378
328 585
331 707
333 219
334 1446
336 5
337 1172
337 1551
337 1719
338 1210
342 777
342 847
344 832
347 373
350 1626
352 824
352 1452
352 1750
354 58
354 1053
354 1557
357 1124
358 417
358 1651
359 280
365 1473
366 603
366 1228
367 348
367 1358
367 1520
368 1037
371 783
373 749
375 1264
376 1334
377 1236
378 926
379 651
380 950
381 284
382 58
383 38
383 991
385 336
385 1477
387 820
387 976
387 996
387 1412
389 58
389 118
390 325
393 1268
395 1266
396 1527
399 575
400 956
400 1699
401 900
402 325
402 765
404 875
404 1219
405 590
405 1430
405 1433
407 188
410 608
410 1359
410 1508
412 289
412 1044
413 240
416 1297
417 108
419 1540
422 449
422 1398
423 262
423 427
423 860
423 1654
423 1720
424 682
429 169
429 1347
431 509
431 1021
432 194
432 464
432 1241
433 145
435 1639
437 401
438 1040
441 188
442 533
444 1326
444 1698
445 868
445 1657
446 606
446 1312
450 405
450 1329
451 873
455 1550
457 237
458 1339
459 779
460 989
460 1336
461 357
461 1154
461 1519
462 734
463 447
464 678
465 86
465 1000
466 1596
468 596
469 958
469 1673
471 1606
472 337
472 804
472 1191
472 1386
473 379
474 916
476 631
476 1256
477 351
477 738
477 1204
478 934
478 1149
481 1705
483 1080
483 1212
483 1737
485 254
485 826
486 977
486 1348
487 481
488 576
488 858
489 541
490 696
493 64
493 435
493 1075
496 1075
497 89
497 473
498 193
501 309
501 539
501 1704
502 1308
504 420
504 1409
505 1316
506 447
507 745
507 897
508 400
509 1596
510 1582
511 720
512 833
513 1493
514 1526
515 232
515 834
515 1554
516 220
516 234
518 89
519 1037
519 1289
522 75
523 1670
525 107
527 1474
528 518
528 654
529 811
529 1401
529 1532
530 1469
531 1027
531 1393
532 1006
533 1016
533 1637
533 1747
534 1362
536 1083
537 1403
539 586
539 1126
540 81
541 533
541 879
542 53
542 658
543 716
544 336
544 605
545 845
545 961
546 1078
548 983
548 1440
549 670
550 1068
552 292
555 1179
558 181
558 1183
558 1640
559 70
559 1000
559 1682
561 1256
563 35
563 400
563 1058
564 326
566 201
566 1372
566 1544
570 773
570 1255
572 82
572 95
572 590
573 78
573 87
574 218
576 45
577 387
577 1208
579 437
580 1722
581 1716
583 99
583 126
584 1566
586 1058
587 1577
588 171
588 949
588 1158
589 816
589 1240
589 1318
591 203
591 396
592 8
592 232
592 1197
592 1274
594 794
594 1743
595 409
597 476
597 1411
599 150
601 228
601 1546
602 1231
603 712
604 1485
605 926
607 45
607 1287
608 1126
608 1684
609 710
609 1226
611 497
612 668
612 1336
613 335
613 890
614 1271
615 1417
616 1396
617 609
618 259
619 982
619 1579
620 407
620 466
620 547
620 930
621 73
621 607
622 618
624 293
625 708
626 1159
631 724
631 888
631 968
631 1134
632 883
633 170
634 459
634 620
634 923
635 1033
636 471
637 402
639 1573
641 942
641 1185
641 1547
643 380
644 1018
647 11
647 1454
648 1700
649 185
649 205
649 933
649 1598
650 1465
650 1726
652 1389
653 1223
655 79
655 176
657 704
658 366
661 123
661 262
662 89
663 201
663 552
663 1717
664 472
665 415
665 1055
667 864
669 805
669 818
669 1109
673 1725
674 667
674 1496
675 1161
677 116
677 1059
678 1326
678 1707
681 1626
683 224
683 1037
684 834
686 1150
686 1326
687 1261
687 1629
688 395
689 1709
690 374
690 660
691 1572
692 1
693 1257
695 863
696 224
697 513
697 1460
698 262
698 1041
701 706
701 1645
702 434
703 1586
704 1573
706 1523
708 990
711 1621
712 534
713 1133
713 1363
713 1635
714 579
715 710
716 550
716 1365
719 1384
723 394
723 1237
724 103
727 1703
728 826
729 406
729 1660
730 1292
731 68
731 913
732 248
732 496
733 686
733 1448
736 893
741 580
742 22
742 1712
744 4
744 1290
744 1396
746 1516
747 1399
748 1559
750 651
750 1102
752 460
752 1020
752 1668
753 702
753 750
754 518
754 897
756 780
756 1327
757 502
758 892
759 1554
760 243
761 69
761 1397
762 883
763 415
763 913
766 182
767 498
767 798
769 720
770 1274
772 1739
775 1737
776 1598
779 333
782 1210
783 1723
785 1395
786 506
787 133
787 194
787 797
787 1402
789 95
790 70
790 1403
791 117
794 1167
794 1536
795 482
796 1532
800 902
800 920
802 1042
803 244
804 794
804 1531
805 680
805 1039
807 861
809 649
809 1477
811 1533
812 289
813 1382
813 1716
814 1153
815 529
816 586
817 568
817 1578
818 683
818 1474
818 1556
819 1550
820 159
820 1116
822 783
825 495
826 1698
828 1017
828 1371
829 588
830 269
830 347
830 498
832 671
832 819
833 350
833 959
834 411
837 1178
838 701
839 161
840 908
840 1740
841 550
841 1429
846 498
846 1079
848 423
849 186
851 691
851 1198
852 281
852 1000
854 1622
855 545
856 311
857 1631
859 1116
860 661
860 908
861 64
862 255
863 145
864 671
866 291
869 870
870 1288
870 1390
871 199
871 862
872 1452
873 749
874 911
877 348
877 832
877 1741
878 71
878 412
878 1617
879 756
880 335
881 1475
881 1707
882 1311
883 173
884 653
885 478
887 748
888 716
888 1092
888 1119
888 1526
890 754
891 356
892 382
892 499
892 699
893 771
893 1395
893 1645
894 1717
895 685
896 1206
898 204
899 1431
899 1641
901 1456
902 1191
902 1611
903 1087
906 724
907 922
908 1487
909 904
910 60
910 843
910 1521
910 1670
912 1729
913 1588
914 793
915 386
915 1054
920 247
921 1694
922 1666
923 392
924 116
924 501
924 1430
924 1470
925 42
926 810
927 517
927 637
930 1705
933 383
933 522
934 370
934 1324
935 679
936 798
936 1539
938 211
938 334
938 727
938 1314
939 45
939 140
940 248
940 1280
940 1688
944 726
945 245
945 793
945 1196
945 1276
945 1648
946 1484
946 1679
948 46
949 55
949 1035
951 1073
955 680
956 291
956 1000
957 264
957 1390
957 1657
958 320
959 275
959 294
962 1539
962 1746
963 1063
963 1163
966 303
968 317
968 1316
969 446
969 1018
971 1368
972 1614
973 594
973 1116
973 1617
974 435
974 1428
974 1666
975 815
976 682
976 1516
977 898
978 59
978 163
978 876
978 945
979 1233
980 1010
980 1441
982 965
983 81
983 238
984 1105
985 400
986 309
988 1162
989 1645
990 51
990 471
990 717
990 1193
992 152
992 1630
994 37
995 576
995 756
995 1049
996 335
997 188
998 811
998 895
1000 1164
1001 1563
1002 202
1003 306
1004 239
1004 1228
1006 226
1006 258
1006 1056
1007 1002
1007 1208
1010 1473
1013 1616
1014 728
1015 1166
1018 989
1018 1418
1019 51
1020 1255
1021 138
1022 1466
1025 805
1026 215
1028 163
1028 780
1028 1613
1029 1323
1030 548
1034 106
1034 449
1035 423
1035 714
1037 1394
1039 516
1039 1246
1040 1516
1042 38
1042 702
1042 1537
1043 116
1043 1400
1044 40
1046 270
1046 870
1047 1572
1050 607
1052 468
1056 1433
1058 526
1058 1059
1059 922
1060 11
1061 1183
1062 433
1063 544
1063 1668
1064 344
1065 933
1065 988
1065 1468
1066 1623
1068 162
1069 880
1071 1676
1072 1
1072 416
1074 1519
1074 1550
1075 299
1075 1101
1076 314
1076 1201
1076 1416
1077 1337
1078 64
1079 386
1079 1203
1081 1495
1083 167
1083 828
1084 896
1086 1328
1087 82
1088 61
1089 109
1089 226
1090 617
1091 469
1091 1107
1092 371
1092 484
1092 1361
1093 186
1094 468
1097 11
1097 1077
1097 1393
1098 281
1098 1564
1101 1693
1102 1290
1103 436
1106 484
1106 516
1107 582
1109 1373
1110 1274
1111 156
1111 1347
1111 1438
1112 771
1113 667
1113 1741
1114 813
1115 182
1115 338
1116 33
1116 682
1116 950
1118 144
1118 256
1118 1380
1119 458
1122 614
1123 182
1127 316
1128 450
1130 1452
1132 1697
1134 124
1134 574
1136 1431
1139 657
1139 985
1139 1527
1140 264
1140 1514
1141 877
1143 368
1144 1314
1145 888
1145 892
1146 1258
1147 580
1147 756
1148 882
1153 691
1154 1264
1155 657
1157 504
1158 431
1159 357
1159 1551
1160 1245
1161 436
1161 471
1161 857
1165 1268
1166 434
1167 171
1167 269
1167 1112
1171 10
1171 352
1171 1432
1172 345
1172 1252
1172 1307
1173 773
1173 1057
1173 1133
1174 693
1174 1003
1175 479
1176 134
1177 526
1177 1401
1178 227
1178 397
1178 1388
1179 1068
1179 1724
1183 707
1185 241
1185 434
1185 1283
1186 815
1186 892
1186 1421
1188 1655
1189 608
1189 1471
1189 1628
1190 753
1191 1085
1191 1185
1193 856
1195 137
1196 925
1199 594
1199 1618
1207 1187
1208 136
1211 1675
1212 1140
1214 1303
1215 1049
1216 1543
1218 982
1219 273
1219 638
1220 562
1223 89
1223 802
1223 1702
1225 1342
1227 1205
1228 306
1228 1299
1229 101
1229 1644
1231 771
1234 861
1235 220
1235 838
1236 765
1236 992
1236 1651
1237 406
1238 335
1238 563
1239 1028
1240 246
1240 1208
1241 758
1241 977
1243 1591
1244 549
1244 1117
1244 1132
1245 1237
1246 77
1247 1053
1248 100
1248 558
1248 748
1249 1228
1250 622
1251 67
1251 784
1252 686
1252 1282
1253 912
1254 22
1255 427
1256 1544
1258 1083
1258 1148
1260 1063
1260 1233
1263 884
1263 988
1265 1648
1268 1720
1269 234
1271 273
1273 50
1273 381
1274 559
1274 579
1274 1008
1275 986
1276 313
1277 1695
1278 1292
1279 274
1279 695
1279 1069
1280 1065
1281 1018
1282 39
1283 83
1284 1557
1288 104
1288 666
1290 1398
1291 1627
1293 399
1293 674
1293 1489
1295 755
1295 1367
1296 567
1296 772
1296 836
1297 71
1298 121
1299 7
1300 321
1300 947
1301 1730
1302 180
1307 1736
1308 1684
1309 1312
1310 25
1310 302
1312 1327
1314 1324
1315 647
1318 1313
1319 331
1319 719
1320 77
1320 1511
1321 240
1321 1744
1322 1524
1323 555
1324 518
1327 914
1327 1093
1328 443
1328 1451
1329 1207
1330 1334
1331 485
1331 1747
1332 7
1332 146
1333 384
1335 424
1335 843
1336 1272
1339 436
1339 1055
1340 1639
1342 690
1343 360
1344 126
1344 567
1344 574
1345 1094
1352 652
1352 979
1353 98
1353 1637
1354 201
1354 1322
1355 801
1355 1403
1356 298
1357 379
1357 480
1358 472
1359 1692
1360 1650
1361 619
1362 1129
1362 1337
1364 266
1364 1696
1365 125
1365 842
1365 1709
1366 186
1366 767
1367 206
1367 1415
1368 1703
1369 513
1369 516
1369 1447
1371 414
1372 301
1373 838
1376 89
1377 904
1379 996
1379 1292
1382 1128
1383 330
1383 361
1383 450
1383 640
1383 1442
1384 276
1386 1109
1387 138
1387 1529
1388 441
1389 522
1390 1331
1390 1433
1390 1533
1391 466
1391 898
1392 444
1392 1060
1393 74
1393 811
1395 168
1395 1562
1396 170
1396 267
1396 840
1398 192
1398 1257
1401 1549
1404 935
1407 165
1408 1181
1408 1695
1410 1175
1410 1461
1411 1369
1411 1678
1413 779
1414 139
1414 772
1414 807
1415 1007
1416 1124
1417 83
1420 369
1420 797
1421 436
1422 63
1422 1232
1423 894
1423 1200
1424 111
1426 1064
1429 1387
1430 37
1431 627
1437 1158
1438 162
1438 1140
1440 739
1441 1445
1442 304
1442 920
1444 981
1444 1279
1444 1686
1445 1193
1445 1382
1447 765
1449 1240
1451 875
1451 967
1451 1015
1452 330
1453 1118
1453 1568
1455 133
1457 1572
1457 1644
1461 1439
1462 101
1465 744
1467 101
1467 224
1468 1106
1470 1120
1472 1033
1473 475
1473 1696
1475 1670
1480 561
1481 1243
1482 1386
1483 833
1483 970
1483 1219
1484 980
1485 283
1485 485
1485 1213
1486 167
1488 108
1488 1268
1489 1008
1492 189
1492 994
1492 1148
1492 1631
1493 64
1496 1153
1498 765
1501 1562
1502 1156
1504 496
1507 254
1508 1196
1510 1716
1512 876
1516 124
1517 1160
1518 573
1518 991
1518 1450
1519 263
1519 1648
1520 1458
1521 466
1522 1649
1523 785
1524 1186
1524 1749
1525 499
1525 1609
1526 281
1526 326
1526 1035
1528 1083
1531 673
1533 586
1533 1475
1535 1627
1536 1184
1538 398
1538 924
1540 1585
1541 1348
1542 1710
1544 1081
1546 1201
1550 1712
1552 1683
1554 678
1554 1328
1555 1674
1556 1534
1556 1676
1558 368
1559 687
1559 1107
1559 1217
1560 1019
1561 20
1561 676
1561 1743
1562 153
1562 358
1562 1097
1562 1395
1563 1374
1564 867
1566 152
1566 1447
1568 58
1572 1485
1573 881
1574 995
1574 1660
1575 779
1577 62
1577 1732
1578 1471
1579 1607
1580 754
1580 1425
1580 1509
1582 1044
1582 1711
1583 1193
1583 1353
1584 1350
1585 219
1586 263
1586 1263
1587 26
1587 402
1588 488
1589 724
1590 1036
1591 23
1591 159
1591 554
1595 1081
1595 1088
1596 1491
1597 630
1599 543
1600 494
1600 1293
1601 1041
1602 1499
1602 1693
1604 850
1604 1335
1605 1027
1607 4
1607 367
1609 1238
1610 184
1610 1219
1611 1306
1611 1546
1611 1550
1611 1570
1613 760
1613 1534
1614 193
1614 463
1615 1417
1616 513
1617 301
1618 888
1619 194
1619 1633
1621 53
1624 773
1624 951
1626 1710
1628 400
1629 1351
1629 1634
1631 63
1631 1247
1632 797
1633 56
1633 301
1635 1222
1635 1717
1637 600
1637 648
1638 8
1638 318
1638 1508
1640 598
1640 1284
1642 890
1642 891
1642 1708
1643 419
1643 1097
1644 179
1644 1013
1645 606
1646 1238
1648 329
1648 549
1648 1551
1649 1734
1651 830
1652 1069
1654 130
1654 252
1654 1449
1656 759
1656 867
1657 540
1657 1377
1658 660
1661 647
1662 3
1662 1014
1663 664
1664 28
1665 303
1667 355
1667 1487
1668 965
1668 1564
1669 627
1670 1155
1670 1719
1673 585
1674 267
1674 515
1675 105
1675 132
1679 12
1680 1455
1680 1608
1681 1255
1682 1386
1684 939
1684 1004
1685 1185
1688 420
1688 1304
1690 891
1691 440
1692 479
1692 513
1692 1106
1694 514
1694 1326
1697 123
1698 684
1698 717
1698 1450
1699 1459
1701 1193
1702 1518
1703 1662
1707 879
1708 18
1708 749
1709 481
1710 200
1710 806
1711 911
1711 1655
1714 1461
1715 1242
1716 199
1717 1000
1720 458
1721 209
1721 791
1724 222
1726 286
1726 362
1726 387
1726 572
1726 1350
1727 394
1730 752
1731 1491
1733 1367
1734 605
1734 1323
1734 1462
1734 1521
1734 1541
1734 1561
1736 1320
1738 506
1738 1092
1738 1735
1740 1025
1741 752
1742 1415
1744 356
1744 1448
1746 1009
1746 1713
1748 1303
1749 356
