180
357
1 86
1 170
2 66
3 104
3 130
3 139
4 26
4 54
4 180
5 14
5 113
6 49
6 163
7 15
7 110
7 167
7 173
8 155
8 173
8 177
9 11
10 55
11 95
11 122
12 19
12 78
13 39
13 66
13 122
14 23
14 106
15 38
15 168
16 4
16 17
16 69
16 177
19 59
20 158
21 38
22 103
22 158
23 67
23 74
23 132
25 61
25 108
25 138
27 22
28 79
29 70
29 118
29 164
30 9
30 172
31 46
31 108
32 21
32 53
32 100
33 109
33 153
35 79
36 18
36 107
37 81
38 50
38 61
38 115
40 64
41 167
41 175
42 133
43 41
44 119
45 99
46 18
46 121
47 125
47 157
47 163
48 145
49 5
49 81
50 64
50 131
51 36
51 53
51 113
53 27
53 105
54 52
55 101
55 137
56 138
58 23
58 69
58 104
58 109
58 151
58 156
60 109
60 116
60 131
61 20
62 8
62 21
62 71
62 171
62 173
63 141
64 19
65 10
65 18
65 74
66 169
67 101
68 39
69 72
69 114
70 20
70 92
70 158
70 173
73 19
74 56
74 62
74 68
74 96
76 141
76 152
77 37
77 162
77 166
78 68
78 95
82 104
82 115
83 17
83 48
83 63
83 147
83 154
83 173
84 15
84 37
84 54
84 107
84 128
85 35
85 110
86 22
86 71
86 144
86 149
86 155
88 31
90 37
90 48
91 68
91 111
91 155
92 2
92 85
92 155
94 1
94 46
95 109
97 12
98 38
98 54
98 90
99 12
99 34
99 118
100 68
100 158
101 6
101 35
101 83
101 102
101 116
102 26
102 55
103 53
103 105
103 119
104 66
104 140
105 15
105 114
106 23
107 59
107 101
108 145
108 162
109 38
109 73
109 83
109 172
110 48
111 36
112 4
112 21
112 75
112 143
113 174
114 117
117 159
118 74
119 3
119 83
120 51
120 115
121 145
121 165
121 176
122 5
122 128
123 31
123 65
123 89
123 91
123 119
124 1
124 168
125 12
125 123
126 13
126 37
126 49
126 113
126 174
127 58
127 177
128 163
129 51
129 82
129 127
129 137
129 162
130 2
130 13
130 33
130 147
134 124
134 177
135 81
135 108
135 158
137 37
137 102
137 159
138 13
138 98
139 134
140 39
140 66
140 84
141 34
141 77
141 81
141 175
142 147
143 110
143 163
144 2
145 33
145 91
147 47
147 58
148 141
149 11
150 5
150 33
151 57
151 86
151 99
152 15
152 38
152 65
152 69
152 155
153 5
153 116
153 143
154 117
155 174
156 144
157 36
157 165
157 178
158 19
158 108
158 122
158 128
159 5
159 19
159 119
160 4
161 39
161 54
162 62
162 116
163 35
163 69
163 145
164 58
164 82
164 125
165 72
165 140
166 8
166 26
166 37
166 123
166 165
167 22
167 23
167 42
167 59
167 64
167 121
167 138
167 140
168 25
168 99
169 71
170 42
170 45
171 12
171 71
171 89
171 156
172 11
172 163
172 175
173 17
173 59
174 15
175 157
176 31
176 150
176 157
176 159
177 22
178 74
178 123
178 151
178 158
179 30
179 47
179 101
179 172
180 81
180 152
180 164
