180
534
1 2
1 60
1 124
2 13
2 35
2 105
2 162
2 174
3 71
3 139
3 153
4 76
4 114
5 36
5 101
5 115
6 121
7 8
7 28
7 54
7 76
7 91
7 95
7 109
7 121
8 48
8 83
8 86
8 94
8 175
9 13
9 60
9 123
9 147
10 18
10 100
10 123
11 14
11 95
11 147
12 32
12 151
13 81
13 95
13 98
13 169
14 51
15 19
15 29
15 143
16 2
16 164
17 24
17 57
19 14
19 85
20 39
20 65
20 100
20 130
20 156
20 162
21 2
21 65
22 43
22 80
23 29
23 39
23 138
24 81
24 165
25 124
25 137
25 151
25 152
26 15
26 180
27 32
27 74
27 107
27 143
28 100
29 17
30 71
31 56
31 164
32 95
32 139
32 167
33 81
34 108
34 110
34 140
34 161
34 178
35 47
35 81
35 129
36 109
37 31
37 94
38 47
38 101
38 151
40 1
40 86
40 130
40 159
40 167
40 176
41 9
41 124
41 137
41 172
42 23
42 79
42 141
43 16
43 104
43 119
43 179
44 7
44 63
44 73
44 110
46 93
47 32
48 94
48 170
49 3
50 22
50 38
50 58
50 97
50 149
50 157
51 6
51 14
51 60
51 101
51 116
51 153
52 53
52 139
53 64
53 146
54 39
54 75
54 104
54 136
55 16
55 105
55 126
55 156
55 173
56 28
56 51
56 127
56 176
57 29
57 99
57 177
58 23
58 30
58 44
58 73
58 118
58 139
58 160
59 80
59 90
59 133
60 30
60 81
60 96
60 149
61 18
61 21
61 23
61 83
61 100
61 152
61 167
62 41
62 63
63 12
63 24
63 126
64 121
64 124
64 128
64 153
64 171
65 71
65 116
66 4
66 54
66 117
67 48
67 99
67 105
67 126
68 7
68 58
68 126
68 151
69 142
70 55
70 61
70 78
70 134
71 42
71 53
71 145
71 164
72 128
73 27
73 127
73 159
73 174
74 78
74 82
74 162
75 15
76 13
76 130
78 18
78 47
78 75
78 87
79 173
80 19
80 31
80 44
80 92
81 88
81 170
82 22
82 62
82 75
82 86
82 157
83 171
84 45
84 72
84 161
85 31
85 120
86 31
86 46
86 69
87 14
87 31
87 62
87 168
88 136
88 171
89 49
89 107
89 146
90 78
90 169
91 63
91 65
91 172
92 28
92 118
92 151
92 152
93 69
94 131
95 14
95 18
95 19
95 42
95 49
95 140
96 77
96 175
97 157
98 16
98 65
98 76
99 92
100 104
100 114
100 125
100 173
101 74
102 31
102 48
102 67
102 158
104 88
105 45
105 80
105 92
105 138
105 180
106 51
106 157
107 33
107 39
107 134
108 113
108 118
108 150
109 45
109 133
109 168
109 172
110 8
110 53
110 93
110 179
111 69
111 79
111 84
111 144
112 54
113 11
114 30
114 72
115 24
115 98
116 45
116 46
116 69
116 145
117 15
117 41
117 59
118 49
118 56
118 59
118 130
118 151
119 37
120 42
120 89
120 140
122 3
122 15
122 17
122 158
123 1
123 6
123 16
123 19
123 127
124 63
124 73
124 126
124 153
124 179
125 18
125 59
125 80
125 99
125 174
126 47
126 70
126 77
126 152
126 167
126 175
126 176
127 34
127 124
127 140
127 171
128 15
128 20
128 133
129 29
129 68
129 78
130 1
130 28
130 48
130 51
130 123
130 145
131 17
131 96
131 148
132 160
133 60
133 74
134 79
134 143
135 7
135 31
135 63
135 144
136 36
136 57
136 114
136 174
137 119
137 122
137 128
137 175
138 1
138 106
138 163
139 79
140 127
141 7
141 32
141 44
141 71
141 77
141 96
142 49
143 30
143 71
143 135
143 164
144 125
144 141
145 97
145 133
145 139
146 23
146 138
147 33
147 34
147 104
147 124
149 40
149 145
150 54
150 139
150 146
151 7
151 166
151 178
152 10
152 53
152 98
153 16
154 169
155 3
155 59
155 178
156 63
156 160
157 77
157 102
157 120
158 3
158 20
158 86
158 105
158 148
159 9
159 12
159 24
159 65
159 134
160 7
160 57
160 75
160 163
161 7
161 78
161 86
161 123
162 16
162 60
162 105
162 177
163 56
163 60
163 85
163 120
164 55
164 129
164 149
165 78
165 110
165 119
165 136
166 27
166 144
166 153
167 156
167 169
168 50
168 63
168 94
168 109
169 4
169 81
169 107
169 108
169 149
170 70
171 27
171 91
171 109
172 75
173 7
173 29
173 57
173 66
173 77
173 107
173 121
173 131
173 147
174 49
174 66
175 35
175 71
176 38
176 46
176 180
177 17
177 51
178 80
178 90
178 130
179 28
179 74
179 76
179 123
179 141
179 160
179 175
180 33
180 58
180 73
