190
566
1 46
1 123
1 158
1 161
1 177
1 179
2 43
2 46
2 56
2 127
2 143
2 185
3 19
3 83
3 137
3 189
4 12
4 18
4 55
4 133
5 76
5 89
5 131
5 190
6 111
6 167
7 188
8 89
8 95
8 138
9 63
9 64
9 112
10 69
10 73
10 78
11 16
11 37
11 67
14 76
14 149
14 164
14 186
15 74
15 90
15 176
16 116
16 150
16 157
17 45
18 97
19 146
19 162
20 25
20 34
20 141
21 5
21 68
21 110
21 136
21 169
22 113
22 158
23 151
24 35
24 83
24 108
24 111
25 115
26 32
26 161
27 52
27 70
27 108
28 121
30 71
30 131
30 133
31 2
31 4
31 116
31 175
32 84
32 124
32 180
33 50
33 146
33 170
34 5
34 36
34 84
34 113
34 187
35 13
35 77
35 134
36 5
36 38
36 94
36 121
36 161
37 10
37 19
37 40
37 47
37 54
37 107
37 132
37 170
38 81
38 118
38 169
39 1
39 26
39 86
40 10
40 88
41 37
41 43
41 106
41 176
42 4
42 35
42 101
43 3
43 125
44 41
44 64
44 69
44 87
44 149
45 38
45 145
47 137
48 68
48 72
48 169
48 170
49 8
49 37
49 126
49 186
50 135
50 171
51 24
51 132
51 148
52 25
52 43
52 167
53 18
53 60
53 65
53 146
54 24
54 29
54 53
54 82
54 97
54 115
54 146
55 79
56 13
56 41
57 21
57 67
57 91
58 82
58 189
59 150
60 17
60 122
61 104
61 108
61 143
62 156
63 55
63 67
63 184
64 71
64 122
64 178
65 10
65 44
65 79
65 134
66 158
67 77
67 102
68 16
68 39
68 46
68 56
68 104
69 1
69 21
69 43
69 105
69 115
70 10
70 11
70 31
70 52
70 76
70 83
70 153
71 7
71 70
71 121
71 131
71 145
72 48
72 79
72 104
72 105
72 106
72 184
72 186
73 18
73 94
73 112
73 115
73 129
73 147
73 182
74 144
75 62
75 80
75 99
75 100
75 136
75 186
76 79
76 131
76 137
76 145
76 150
77 63
77 97
77 111
77 132
78 122
78 136
78 181
79 77
80 85
80 95
80 143
80 148
81 4
81 96
81 99
81 114
82 7
82 60
82 149
82 185
83 1
83 8
83 27
83 169
83 177
83 178
83 183
84 18
84 59
84 81
84 92
84 133
84 174
85 125
86 168
86 185
87 49
87 97
88 16
88 116
89 157
90 26
90 131
90 143
90 172
91 28
91 79
91 108
91 143
92 67
92 90
93 4
93 175
94 33
94 107
95 4
95 79
95 128
96 14
96 23
96 34
96 49
96 98
96 188
97 71
97 112
98 26
98 56
98 113
99 6
99 95
100 16
100 187
101 1
101 123
101 136
102 19
102 21
102 32
102 42
102 101
102 121
102 137
103 64
103 171
104 20
104 57
104 139
104 165
105 22
105 53
105 68
105 153
106 120
106 128
106 180
107 6
108 35
108 61
108 143
109 34
109 52
109 152
110 67
110 70
110 159
110 160
111 18
112 11
112 120
113 93
113 127
114 146
115 6
115 29
115 54
115 176
116 22
116 118
116 174
117 80
117 103
118 32
118 77
118 80
118 184
119 13
119 176
120 74
120 77
120 80
120 84
120 118
121 24
121 142
122 79
122 82
122 178
124 9
124 38
125 75
125 131
126 16
126 24
126 32
126 68
126 81
126 93
126 182
127 3
127 120
127 126
127 164
128 7
128 83
128 86
128 117
128 126
129 14
129 81
130 23
130 49
130 53
130 100
131 38
132 80
132 122
132 127
133 81
133 89
133 92
133 98
134 74
134 101
134 147
135 31
136 139
136 154
137 179
138 5
138 30
139 47
140 9
140 44
140 49
141 8
141 72
141 104
143 9
143 48
143 56
144 33
144 36
144 61
144 82
144 111
144 187
145 49
146 12
146 15
146 76
146 141
146 170
147 74
147 109
147 133
148 52
148 100
148 147
148 187
149 41
149 79
149 93
149 186
150 149
150 161
151 72
151 128
151 154
152 161
153 23
153 119
153 165
154 13
154 61
154 180
155 14
155 187
156 53
156 81
157 17
157 38
157 112
158 77
158 94
158 133
158 150
158 167
158 175
159 9
159 30
160 28
160 96
161 93
161 144
161 180
162 81
162 93
162 104
162 147
162 176
163 41
164 44
164 79
164 124
165 9
165 50
165 61
165 162
166 136
166 137
167 8
167 124
167 134
168 3
168 40
169 61
169 74
170 117
170 135
170 164
171 13
171 41
171 139
171 149
172 1
172 45
172 90
172 140
172 153
172 166
173 176
174 31
174 66
174 142
174 168
175 1
175 78
175 82
175 189
176 18
177 161
178 26
178 150
179 65
179 77
179 117
179 187
180 5
180 56
180 161
181 155
182 23
182 71
182 172
182 179
183 165
183 178
184 6
184 36
184 48
185 131
185 148
186 107
186 165
187 15
187 28
187 170
187 183
188 65
188 87
188 112
189 7
189 23
189 28
189 45
189 78
190 16
190 135
