190
190
1 93
1 148
2 189
3 124
4 28
4 139
8 69
8 124
9 113
10 5
10 142
11 4
11 8
11 9
12 18
12 26
15 16
15 23
15 117
16 55
16 142
17 36
17 171
18 150
20 40
21 20
23 14
23 119
23 144
25 90
27 44
28 116
29 47
29 113
31 74
31 147
33 7
34 22
34 90
36 20
36 73
36 170
37 119
37 177
38 134
40 77
41 94
41 137
43 142
43 162
45 81
45 129
49 161
50 53
50 162
51 17
51 40
51 111
51 112
51 126
51 134
51 148
52 45
53 77
53 162
53 164
55 101
57 81
58 141
58 145
59 145
60 56
60 159
63 28
66 26
67 104
68 107
69 18
69 28
69 90
69 132
69 163
70 79
71 53
73 82
74 34
74 157
75 71
76 145
76 159
78 87
81 190
84 75
86 12
87 97
89 29
89 127
90 159
91 16
93 82
94 4
95 44
95 102
95 103
96 188
97 83
98 122
101 83
103 59
103 185
104 179
105 121
105 123
106 170
107 39
107 110
109 177
115 42
116 58
116 136
117 45
119 104
121 138
121 178
122 137
122 165
124 15
125 36
125 141
128 13
129 73
130 100
131 11
131 70
133 101
134 68
135 75
135 188
136 154
137 27
141 33
141 181
142 42
143 64
144 42
145 48
145 98
146 16
146 128
147 95
148 137
149 57
149 175
150 11
150 61
151 86
151 92
151 120
152 147
153 141
155 107
155 189
156 38
156 70
159 90
159 126
159 176
160 44
160 135
163 21
163 78
164 3
164 111
168 9
170 101
171 136
172 20
172 99
172 116
177 39
177 52
177 79
177 133
178 64
182 16
183 75
183 160
185 122
187 106
188 32
