190
190
2 66
3 75
3 112
5 28
5 133
8 163
11 92
12 43
12 67
13 120
14 79
15 109
16 7
16 70
16 126
21 153
23 85
23 107
25 75
28 36
28 45
28 69
32 96
33 19
33 115
33 148
34 147
35 85
36 11
36 84
36 167
37 70
39 146
40 178
41 165
43 90
47 187
49 4
49 113
49 122
51 55
54 31
55 93
56 166
58 154
59 158
59 184
60 51
60 182
63 20
63 42
64 164
65 34
66 172
70 181
71 18
71 81
72 3
72 7
72 27
72 107
75 23
75 33
77 9
77 110
78 148
78 155
83 149
87 53
88 172
89 76
89 84
89 101
89 169
90 95
92 140
93 2
94 167
94 180
95 122
95 147
96 99
98 185
99 177
100 135
102 136
102 146
106 115
107 106
108 38
108 87
108 101
109 27
109 174
110 102
111 148
114 46
117 30
117 80
117 123
117 189
118 15
118 93
118 161
118 183
119 33
119 39
119 53
119 88
120 149
120 159
121 78
122 103
123 115
124 20
124 159
126 31
127 141
127 143
128 34
130 175
133 111
133 155
134 147
135 1
135 6
135 47
137 151
139 36
139 101
140 100
140 189
141 53
142 114
142 154
143 38
143 116
144 159
146 159
149 56
150 11
151 56
153 84
153 144
154 131
155 4
155 95
155 138
155 175
157 116
157 128
157 177
158 123
158 125
160 158
161 138
162 46
162 76
163 59
163 110
163 129
164 52
164 76
165 53
167 127
167 178
170 107
171 100
171 146
171 148
172 53
172 109
173 6
174 62
175 190
176 16
177 175
178 48
178 52
178 121
178 136
181 56
181 66
182 9
182 71
182 111
186 50
187 70
188 95
188 154
