190
1858
1 21
1 33
1 37
1 54
1 74
1 78
1 80
1 127
1 135
1 137
1 141
1 159
2 8
2 9
2 11
2 109
2 110
2 116
2 123
2 133
2 135
2 136
2 147
3 12
3 75
3 76
3 94
3 96
3 98
3 113
3 114
3 127
3 149
3 155
3 166
4 7
4 21
4 48
4 77
4 95
4 99
4 119
4 134
4 180
5 23
5 27
5 28
5 31
5 114
5 126
5 141
5 145
5 172
6 16
6 28
6 41
6 49
6 135
6 164
6 175
6 178
7 91
7 125
7 150
7 156
7 164
7 175
7 188
8 1
8 29
8 92
8 108
8 143
8 146
8 147
8 154
8 163
9 1
9 4
9 5
9 34
9 41
9 52
9 56
9 83
9 117
9 131
9 142
9 187
10 19
10 46
10 94
10 125
10 161
10 189
11 12
11 32
11 68
11 94
11 170
11 180
12 13
12 18
12 28
12 43
12 72
12 92
12 107
12 112
12 125
12 136
12 152
12 183
13 12
13 16
13 109
13 117
13 119
14 27
14 64
14 100
14 124
15 114
15 123
15 146
15 171
15 175
15 186
16 2
16 15
16 19
16 21
16 26
16 50
16 89
16 107
16 143
16 175
17 31
17 32
17 60
17 63
17 64
17 89
17 98
17 109
17 119
17 124
17 132
17 134
17 135
17 140
18 22
18 70
18 85
18 95
18 116
18 164
19 13
19 57
19 66
19 85
19 119
19 156
19 165
20 10
20 14
20 32
20 72
20 88
20 99
20 115
20 118
20 124
20 148
20 150
20 163
20 172
21 27
21 29
21 46
21 51
21 79
21 84
21 103
21 111
21 149
21 169
21 190
22 6
22 15
22 41
22 54
22 96
22 109
22 124
22 133
22 155
22 167
22 185
23 2
23 12
23 19
23 43
23 50
23 88
23 116
23 117
23 148
23 164
24 10
24 11
24 73
24 119
24 159
25 23
25 38
25 65
25 96
25 99
25 135
25 174
25 181
26 15
26 19
26 20
26 32
26 39
26 59
26 62
26 64
26 70
26 78
26 104
26 134
27 32
27 33
27 45
27 95
27 104
27 140
27 158
27 171
28 43
28 45
28 50
28 54
28 65
28 84
28 134
28 145
28 152
28 186
29 8
29 9
29 27
29 66
29 97
29 101
29 128
29 134
29 145
30 65
30 72
30 93
30 95
30 118
30 119
30 135
30 160
30 167
30 171
30 172
31 10
31 94
31 153
31 173
31 190
32 13
32 35
32 77
32 82
32 96
32 113
33 83
33 89
33 96
33 110
33 112
33 113
33 148
33 186
33 189
33 190
34 1
34 19
34 25
34 27
34 37
34 57
34 73
34 75
34 85
34 102
34 103
34 105
34 134
34 146
34 149
34 168
34 183
34 184
35 21
35 23
35 28
35 40
35 74
35 77
35 116
35 128
35 132
35 177
35 186
36 10
36 56
36 73
36 109
36 111
36 138
36 151
36 154
36 168
37 2
37 40
37 54
37 62
37 67
37 91
37 102
37 105
37 114
37 143
37 144
37 171
38 32
38 98
38 103
38 140
38 151
38 181
39 14
39 41
39 70
39 78
39 79
39 91
39 119
39 121
39 161
39 168
39 184
40 5
40 16
40 37
40 58
40 77
40 78
40 97
40 152
41 9
41 32
41 83
41 88
41 139
41 153
41 158
41 166
41 183
42 3
42 36
42 62
42 65
42 99
42 132
42 133
42 145
42 155
43 11
43 13
43 107
43 112
43 114
43 140
43 172
43 177
44 2
44 7
44 10
44 58
44 73
44 106
44 113
44 128
44 129
44 149
44 167
45 102
45 117
46 5
46 12
46 40
46 65
46 148
46 174
46 175
47 5
47 35
47 36
47 40
47 117
47 150
47 167
47 171
47 177
48 25
48 62
48 74
48 96
48 120
48 188
49 16
49 25
49 27
49 32
49 40
49 50
49 113
49 150
49 154
49 188
50 9
50 13
50 23
50 54
50 75
50 81
50 89
50 110
50 111
50 117
50 146
50 150
50 157
50 170
50 188
51 10
51 18
51 38
51 42
51 49
51 81
51 84
51 107
51 134
51 146
51 148
51 155
51 179
51 185
52 1
52 15
52 34
52 94
52 121
52 132
52 164
52 173
52 180
52 183
53 61
53 68
53 73
53 83
53 102
53 152
53 164
53 176
54 2
54 31
54 39
54 41
54 49
54 52
54 53
54 57
54 64
54 77
54 121
54 140
54 176
54 189
55 54
55 83
55 87
55 119
55 137
55 156
55 190
56 13
56 20
56 21
56 41
56 44
56 74
56 82
56 100
56 101
56 124
56 126
56 137
57 3
57 20
57 37
57 45
57 73
57 90
57 102
57 107
57 123
57 154
57 163
57 172
57 174
57 178
57 185
58 28
58 38
58 50
58 59
58 83
58 87
58 99
58 113
58 114
58 128
58 138
58 169
58 173
58 175
58 187
59 8
59 33
59 54
59 67
59 96
59 113
59 123
59 142
59 143
59 144
59 158
59 162
59 168
59 171
60 2
60 44
60 74
60 100
60 130
60 141
60 188
61 1
61 67
61 70
61 88
61 98
61 102
61 106
61 125
61 130
61 132
61 146
61 161
62 1
62 3
62 10
62 44
62 86
62 117
62 124
62 128
62 141
62 150
63 2
63 12
63 18
63 38
63 39
63 50
63 65
63 110
63 115
63 127
63 136
63 142
63 162
63 175
63 184
64 7
64 14
64 29
64 49
64 91
64 96
64 111
64 131
64 167
65 13
65 106
65 133
65 166
65 172
65 184
65 190
66 12
66 16
66 41
66 75
66 123
66 132
66 135
66 176
67 69
67 81
67 92
67 104
67 107
67 111
67 129
67 159
67 177
67 178
68 18
68 36
68 50
68 65
68 95
68 98
68 138
68 182
69 5
69 23
69 25
69 52
69 56
69 74
69 75
69 91
69 94
69 103
69 125
70 5
70 21
70 36
70 39
70 63
70 64
70 66
70 68
70 119
70 126
70 158
71 14
71 15
71 28
71 30
71 34
71 52
71 63
71 74
71 106
71 128
71 145
72 28
72 33
72 89
72 106
72 112
72 117
72 125
72 162
72 174
73 2
73 8
73 54
73 72
73 92
73 99
73 114
73 156
74 4
74 9
74 34
74 38
74 43
74 88
74 147
74 158
74 161
74 169
75 12
75 80
75 106
75 167
75 179
75 183
76 7
76 8
76 14
76 17
76 28
76 30
76 48
76 67
76 84
76 114
76 119
76 128
76 144
76 155
76 176
77 3
77 24
77 26
77 32
77 39
77 57
77 80
77 84
77 85
77 113
77 122
78 70
78 79
78 95
78 107
78 111
78 120
78 126
78 127
78 161
78 181
78 185
79 1
79 8
79 23
79 45
79 49
79 62
79 97
79 133
79 151
79 177
79 189
80 21
80 39
80 41
80 74
80 96
80 112
80 158
81 13
81 65
81 66
81 121
81 143
81 146
81 152
81 174
82 2
82 8
82 57
82 62
82 71
82 72
82 118
82 128
83 3
83 9
83 67
83 68
83 72
83 78
83 86
83 87
83 135
83 177
84 43
84 89
84 120
84 125
84 139
84 171
85 19
85 27
85 31
85 36
85 42
85 105
85 122
85 136
85 179
86 19
86 35
86 76
86 113
86 133
86 160
86 161
86 187
87 17
87 42
87 55
87 66
87 93
87 98
87 103
87 111
87 133
87 149
87 164
87 167
87 175
88 27
88 31
88 65
88 69
88 73
88 92
88 152
88 162
89 10
89 57
89 102
89 135
89 136
89 169
89 172
89 180
90 17
90 33
90 57
90 105
90 110
90 130
90 146
91 3
91 5
91 8
91 12
91 33
91 47
91 69
91 114
91 132
91 137
91 138
91 149
91 168
91 182
91 188
92 19
92 39
92 79
92 88
92 166
92 172
92 187
93 84
93 113
93 127
93 147
94 4
94 42
94 49
94 65
94 78
94 166
95 3
95 52
95 90
95 96
95 106
95 139
95 169
95 183
96 1
96 13
96 41
96 69
96 71
96 79
96 85
96 135
96 148
96 151
96 166
96 173
96 187
97 7
97 11
97 25
97 55
97 61
97 62
97 66
97 94
97 139
97 143
97 147
97 162
97 180
98 3
98 21
98 41
98 48
98 52
98 184
99 9
99 40
99 78
99 87
99 111
99 154
99 162
99 164
99 175
99 182
99 183
100 20
100 31
100 105
100 110
100 153
100 190
101 5
101 36
101 40
101 56
101 76
101 80
101 102
101 115
101 119
101 153
101 156
102 23
102 60
102 111
102 114
102 117
103 16
103 36
103 40
103 44
103 73
103 88
103 97
103 121
103 161
103 164
103 168
103 170
103 180
104 6
104 9
104 19
104 45
104 67
104 143
104 144
104 152
104 159
105 26
105 70
105 81
105 106
106 12
106 13
106 53
106 89
106 107
106 114
106 144
106 157
106 166
106 188
107 3
107 39
107 45
107 66
107 92
107 99
107 130
107 146
107 172
108 56
108 70
108 103
108 143
108 159
109 10
109 41
109 46
109 47
109 83
109 101
109 117
109 137
109 155
109 161
109 162
109 174
109 180
110 23
110 48
110 69
110 70
110 77
110 94
110 114
110 116
110 154
110 178
110 183
110 186
111 44
111 58
111 85
111 117
111 126
111 131
111 185
112 6
112 20
112 35
112 61
112 64
112 72
112 78
112 84
112 104
112 106
112 163
112 165
112 167
112 168
112 173
113 22
113 26
113 30
113 41
113 50
113 124
113 128
113 154
113 164
113 184
113 187
114 11
114 20
114 55
114 60
114 70
114 126
114 129
114 153
114 159
114 160
114 172
114 178
114 184
115 5
115 31
115 76
115 100
115 117
115 142
115 165
115 169
115 175
115 181
115 190
116 18
116 23
116 44
116 60
116 63
116 66
116 67
116 75
116 77
116 83
116 110
116 162
116 165
116 182
116 189
117 5
117 16
117 26
117 35
117 43
117 49
117 91
117 103
117 114
117 131
117 132
117 149
117 167
117 177
117 188
118 14
118 15
118 21
118 41
118 44
118 54
118 67
118 92
118 106
118 107
118 110
118 121
118 158
118 176
118 190
119 37
119 51
119 54
119 64
119 79
119 96
119 106
119 114
119 140
120 1
120 10
120 22
120 35
120 62
120 94
120 106
120 115
120 123
120 138
120 143
120 146
120 148
120 156
120 184
121 4
121 45
121 65
121 70
121 80
121 92
121 131
121 133
121 170
122 18
122 19
122 27
122 40
122 64
122 85
122 111
122 129
122 147
122 153
122 173
122 175
123 11
123 12
123 16
123 28
123 34
123 39
123 46
123 66
123 79
123 82
123 89
123 94
123 121
123 130
123 134
123 188
124 44
124 51
124 55
124 60
124 120
124 129
124 149
124 162
124 187
125 23
125 80
125 130
125 131
125 136
125 148
125 183
126 12
126 28
126 37
126 56
126 67
126 68
126 73
126 96
126 114
126 150
126 153
126 184
127 73
127 80
127 83
127 112
127 119
127 124
128 15
128 29
128 61
128 63
128 66
128 74
128 115
128 130
128 137
128 175
129 24
129 31
129 71
129 86
129 152
129 186
130 45
130 83
130 86
130 94
130 98
130 109
130 111
130 117
130 151
130 163
130 165
130 168
130 169
131 9
131 28
131 56
131 83
131 84
131 116
131 147
131 150
132 15
132 54
132 67
132 84
132 87
132 93
132 134
132 141
132 165
133 3
133 18
133 19
133 33
133 63
133 69
133 91
133 146
133 160
133 183
133 184
134 11
134 71
134 97
134 103
134 115
134 141
135 1
135 2
135 20
135 23
135 36
135 69
135 84
135 90
135 97
135 151
135 169
135 186
136 21
136 30
136 37
136 88
136 110
136 121
136 138
137 31
137 64
137 75
137 98
137 100
137 119
137 120
137 123
137 154
137 178
137 180
138 20
138 32
138 35
138 50
138 93
138 123
138 128
138 136
138 168
138 176
138 185
139 7
139 36
139 103
139 118
139 185
140 22
140 44
140 80
140 82
140 89
140 100
140 135
140 144
140 148
140 164
141 24
142 6
142 8
142 16
142 22
142 46
142 49
142 54
142 67
142 99
142 124
142 130
142 135
142 145
142 166
142 176
143 55
143 123
143 126
143 139
143 159
143 174
143 181
144 13
144 36
144 50
144 73
144 112
144 130
144 170
144 183
144 187
145 15
145 28
145 29
145 41
145 52
145 61
145 73
145 90
145 181
145 186
146 32
146 34
146 35
146 42
146 45
146 78
146 85
146 86
146 98
146 121
146 131
147 2
147 33
147 38
147 53
147 85
147 117
147 124
147 126
147 144
147 156
147 162
148 6
148 24
148 41
148 47
148 84
148 129
148 165
148 172
148 173
149 32
149 38
149 39
149 57
149 65
149 82
149 119
149 127
149 134
149 135
149 138
149 168
149 183
150 3
150 11
150 28
150 47
150 87
150 92
150 122
150 129
150 136
150 140
150 152
150 163
150 185
150 186
150 190
151 11
151 18
151 31
151 44
151 54
151 56
151 59
151 66
151 71
151 116
152 50
152 68
152 95
152 97
152 102
152 104
152 140
152 141
152 150
152 166
152 190
153 10
153 49
153 56
153 59
153 63
153 69
153 91
153 111
153 122
154 13
154 24
154 29
154 34
154 43
154 57
154 66
154 84
154 93
154 95
154 108
154 128
155 13
155 19
155 25
155 34
155 52
155 65
155 69
155 70
155 87
155 120
155 139
155 183
156 13
156 23
156 26
156 52
156 81
156 107
156 134
156 141
156 154
156 177
157 11
157 26
157 46
157 75
157 79
157 83
157 128
158 37
158 72
158 77
158 82
158 122
158 124
158 147
158 155
158 187
159 14
159 16
159 22
159 29
159 34
159 35
159 69
159 77
159 98
159 117
159 137
159 153
160 11
160 77
160 84
160 96
160 182
160 187
161 16
161 100
161 114
161 129
161 135
161 178
162 6
162 14
162 90
162 136
162 138
162 139
162 145
162 148
162 178
163 4
163 7
163 17
163 51
163 59
163 88
163 89
163 92
163 97
163 114
163 127
163 168
164 31
164 33
164 71
164 72
164 75
164 98
164 111
164 112
164 123
164 142
164 145
164 159
164 165
164 178
165 1
165 12
165 21
165 34
165 48
165 51
165 68
165 89
165 123
165 158
165 168
165 178
166 2
166 5
166 15
166 31
166 112
166 128
166 167
167 6
167 9
167 38
167 41
167 67
167 88
167 134
167 151
167 155
167 174
167 182
167 187
168 23
168 37
168 53
168 55
168 91
168 100
168 101
168 110
168 125
168 143
168 171
168 176
168 177
168 179
169 10
169 38
169 55
169 67
169 92
169 93
169 103
169 110
169 113
169 126
169 139
169 147
169 153
169 161
169 185
170 5
170 22
170 48
170 57
170 83
170 109
170 120
170 132
170 137
170 156
170 174
170 186
170 188
170 189
171 10
171 14
171 24
171 28
171 52
171 74
171 92
171 110
171 125
171 177
171 178
172 6
172 15
172 44
172 86
172 97
172 133
172 143
173 2
173 32
173 53
173 66
173 75
173 97
173 98
173 163
173 165
173 185
174 16
174 20
174 66
174 67
174 68
174 103
174 140
174 153
174 188
175 17
175 23
175 52
175 91
175 96
175 106
175 128
175 176
175 187
175 188
176 9
176 29
176 51
176 78
176 86
176 104
176 125
176 126
176 141
176 144
176 152
176 179
177 3
177 38
177 67
177 72
177 74
177 93
177 96
177 153
177 157
178 1
178 18
178 23
178 32
178 33
178 44
178 75
178 77
178 83
178 112
178 125
178 131
178 140
178 142
178 143
178 155
178 180
179 27
179 84
179 90
179 163
179 180
179 189
180 2
180 28
180 39
180 57
180 74
180 92
180 132
180 134
180 143
180 161
180 169
180 181
180 186
180 189
180 190
181 17
181 31
181 106
181 111
181 155
181 186
182 34
182 36
182 47
182 51
182 66
182 76
182 144
182 156
182 174
182 183
183 6
183 34
183 60
183 70
183 96
183 117
183 132
183 171
184 15
184 32
184 35
184 52
184 60
184 102
184 142
184 164
184 181
185 27
185 75
185 81
185 124
185 173
186 12
186 38
186 46
186 48
186 61
186 101
186 142
186 175
186 180
187 13
187 22
187 23
187 37
187 43
187 51
187 76
187 86
187 103
187 108
187 125
187 126
187 133
187 152
187 161
188 12
188 21
188 28
188 45
188 53
188 54
188 56
188 57
188 85
188 113
188 154
188 160
189 2
189 20
189 25
189 81
189 108
189 116
189 136
189 188
190 92
190 117
190 145
190 150
