2000
2000
2 339
4 1337
5 559
7 504
12 1389
13 1033
13 1082
13 1818
14 1498
14 1876
19 1801
22 876
23 1588
23 1868
25 530
26 1715
27 1150
27 1299
28 265
28 1713
30 938
30 1810
31 498
32 1433
32 1700
33 245
33 762
33 1429
35 1311
36 1562
39 156
39 1855
40 163
40 713
41 1019
41 1478
42 1481
42 1597
44 61
51 1612
52 826
52 1620
55 120
56 327
56 419
57 122
58 812
58 1488
59 82
59 635
62 1695
64 124
65 1795
66 634
69 1314
71 298
72 781
72 1460
73 630
74 84
76 277
76 322
76 1318
76 1944
77 1466
78 790
78 1909
79 1103
80 1778
81 824
81 1417
84 1044
87 1820
89 1520
91 672
91 1072
93 340
94 1693
95 1371
97 1748
101 1435
102 1421
103 1618
103 1792
104 347
104 786
104 810
105 19
106 164
107 266
107 542
107 934
108 1381
110 1727
111 749
112 1425
113 1615
115 1137
116 725
116 949
116 1804
117 696
118 334
118 550
119 1348
119 1960
120 505
122 1124
122 1614
125 409
125 992
127 466
127 878
128 1363
130 1231
132 806
133 229
133 1771
134 620
135 1685
136 1320
137 533
138 775
138 1290
138 1804
139 1461
143 455
143 756
146 1893
147 847
148 857
149 804
149 1340
150 1734
150 1805
153 1397
154 871
155 415
158 448
159 1327
160 1606
161 1013
161 1097
165 304
165 1510
166 992
166 1059
166 1374
166 1534
167 1169
167 1827
168 1382
168 1809
169 1490
169 1617
171 956
171 1134
175 980
175 1093
177 1200
180 474
180 713
180 1413
181 197
181 731
181 853
181 1833
183 1161
184 28
184 66
186 800
187 653
187 1449
187 1899
187 2000
188 1253
189 1205
192 1025
195 129
195 1810
196 653
197 1898
198 127
199 1288
200 1937
201 488
203 1577
205 798
205 1233
205 1542
205 1745
206 1553
206 1731
208 1374
212 842
214 595
215 1157
217 344
218 1412
219 201
219 818
220 449
221 510
221 1745
223 786
223 1727
229 772
230 117
231 1588
234 303
236 1131
237 205
237 357
237 1050
238 759
239 1927
240 17
240 40
241 358
242 238
244 1886
245 200
246 955
246 969
247 314
247 782
249 83
249 920
249 1953
250 1960
251 1463
253 116
253 331
254 332
254 852
255 1488
256 1107
258 1974
259 391
261 721
263 196
263 1812
264 987
265 156
267 1434
267 1820
269 690
271 1074
272 1043
272 1176
272 1775
273 1805
275 1022
275 1252
275 1559
277 196
280 921
280 1214
280 1242
281 510
281 883
281 1647
283 544
284 114
284 1503
284 1542
285 593
286 1267
287 934
288 229
289 1712
290 99
290 937
291 1409
293 1885
295 901
296 1548
297 1729
298 1098
299 985
300 605
300 922
300 1996
301 563
303 1033
303 1221
305 926
306 1009
307 278
307 1145
307 1856
308 1604
309 1756
310 148
310 448
311 886
311 1323
312 132
312 1756
313 1162
314 28
314 1521
315 1335
316 610
318 1242
319 118
319 1755
320 632
320 1329
321 479
322 415
322 639
323 208
323 407
323 911
323 1900
324 1669
325 1708
326 1444
327 287
327 1416
328 931
328 1144
330 542
332 1157
332 1331
332 1902
333 1036
334 1070
336 1264
337 437
338 1431
341 386
342 119
343 535
344 1200
345 570
347 1573
348 660
348 1611
348 1709
348 1949
349 1779
351 8
351 197
352 1274
352 1294
353 869
355 310
356 1012
357 101
360 309
360 1961
362 1515
363 1381
364 1579
364 1999
365 70
371 510
371 1213
372 62
372 125
372 954
373 1625
375 162
375 1069
375 1820
375 1912
376 1900
378 1061
378 1345
380 343
381 413
381 1645
383 797
384 1955
387 884
390 180
393 750
394 1135
394 1571
395 1033
395 1387
396 1219
397 943
397 1336
399 1231
400 1111
401 1559
403 752
407 1200
408 1553
408 1664
409 1654
410 188
413 1242
415 297
416 1019
416 1742
419 210
420 517
421 1273
425 1448
427 1133
430 756
430 1494
432 1826
433 851
433 1828
435 712
437 97
437 220
437 970
438 694
438 1389
439 683
440 1303
441 421
442 223
443 200
443 1513
443 1855
444 282
444 1176
444 1795
445 181
445 406
446 140
448 78
449 744
450 400
450 1144
453 317
453 1278
453 1855
455 1081
456 200
456 1194
462 1695
463 642
469 8
469 159
470 662
472 29
473 550
476 368
476 1612
477 684
477 1585
478 231
478 1041
479 1562
479 1745
480 1362
481 693
482 1340
483 1503
484 336
487 1419
488 227
490 1421
492 596
492 1330
494 258
495 830
497 998
497 1053
498 1945
499 556
500 39
501 543
501 734
502 230
502 1668
503 794
503 1161
504 424
505 709
505 769
509 102
509 1545
510 1050
511 1409
514 21
516 100
516 535
519 756
519 882
519 1017
520 930
521 372
521 519
521 1490
522 1963
523 354
523 914
525 567
526 349
527 1182
529 1846
531 1509
532 1804
535 463
535 810
535 1107
537 4
537 860
537 1930
538 1336
539 42
540 14
540 990
541 1322
541 1699
542 526
543 173
544 226
546 117
546 986
546 1936
547 363
548 604
548 1110
549 661
549 1508
551 880
551 1225
552 810
553 54
553 96
553 637
554 1585
555 1658
556 279
556 358
557 486
557 1182
557 1827
559 1070
561 400
562 689
563 280
563 1616
564 1213
565 348
567 1890
568 292
570 253
570 752
572 590
572 1700
573 219
573 897
574 742
574 800
575 90
576 1851
576 1899
577 208
578 826
580 1890
582 525
582 1015
582 1527
583 312
583 617
586 862
586 1021
587 945
587 1433
587 1964
588 424
588 1675
590 464
598 201
598 618
598 1025
598 1892
599 1582
601 766
601 1620
601 1855
603 1103
604 811
605 106
605 1606
606 1469
606 1502
607 578
608 1761
609 657
609 768
609 813
610 262
611 1727
612 33
613 610
614 899
615 585
615 589
615 1131
616 1329
616 1376
618 712
618 1520
620 1272
621 752
622 849
624 1340
626 1483
626 1967
627 91
627 343
628 530
629 84
629 1757
630 15
630 1258
632 30
632 1830
636 379
636 1316
637 384
638 1408
639 711
640 26
641 331
643 1511
645 697
646 386
646 1097
647 137
647 997
647 1055
648 27
648 649
648 712
649 922
649 1843
650 1393
651 1442
652 80
652 1788
653 1885
654 542
658 1583
659 1776
662 1319
663 760
663 1063
663 1114
665 1837
666 81
667 1067
668 1485
668 1523
669 186
669 1307
670 1456
670 1702
671 427
674 197
677 946
681 776
682 1185
683 481
684 1643
684 1815
686 733
686 1272
687 282
687 1234
690 1215
693 494
693 1111
693 1987
694 81
694 1512
694 1633
695 418
697 612
697 1028
697 1985
698 78
703 1230
706 40
707 118
709 844
709 860
710 516
710 1897
711 142
711 1403
712 408
712 469
712 775
713 763
713 1134
713 1691
714 1666
715 1762
716 407
716 706
716 1999
717 123
718 1296
718 1712
719 1525
719 1591
720 968
723 654
725 1078
727 926
727 1021
728 49
728 74
731 1234
731 1532
732 152
732 403
733 1355
733 1754
735 1239
736 1628
737 212
739 1625
741 489
741 971
741 1287
741 1458
742 759
745 1031
746 777
746 1745
748 5
749 1587
751 156
751 841
752 1670
753 915
755 553
756 1280
757 445
757 1469
757 1490
759 968
760 1957
761 1829
761 1898
762 33
762 647
764 752
766 120
766 971
768 622
768 1405
769 643
773 1164
774 640
774 1635
775 538
777 482
779 43
779 265
779 768
780 921
783 853
783 1200
783 1700
784 1831
785 1228
785 1265
786 108
786 221
786 513
787 355
789 298
790 173
792 1782
793 1127
793 1890
794 1031
794 1499
795 938
796 96
798 1604
798 1759
799 725
801 1457
802 694
802 1010
804 618
805 1229
807 1206
810 861
812 738
812 1663
817 723
817 1794
823 255
823 855
826 1455
827 523
828 121
828 1845
829 1910
830 496
830 611
833 1369
833 1549
835 208
835 1470
835 1572
836 1307
837 1537
839 543
839 1104
840 18
840 432
841 1968
842 593
845 1405
846 87
847 301
848 1691
850 431
850 775
850 829
850 1052
850 1224
850 1304
851 42
852 931
853 585
854 1273
858 166
858 496
860 1351
861 1607
862 397
862 442
863 1240
863 1980
865 114
865 398
868 1622
868 1823
868 1888
871 1357
873 279
875 102
876 783
876 1628
876 1810
878 165
879 40
879 208
881 1741
882 405
883 947
883 1466
883 1496
885 1023
887 865
888 1300
890 409
891 284
892 1264
893 621
894 690
896 977
897 1985
899 1910
900 529
900 1502
902 1016
902 1292
902 1389
902 1787
903 1688
903 1712
904 418
906 784
906 1988
907 377
907 1026
907 1031
909 1201
910 1791
912 590
914 1754
914 1918
915 178
916 31
916 145
916 1279
917 117
917 384
918 1377
918 1959
918 1992
919 1556
922 1991
924 846
924 1869
928 805
930 1359
930 1361
931 740
932 992
933 113
933 1097
934 219
935 1497
935 1691
936 1830
937 1116
937 1176
940 1525
942 1329
942 1794
942 1838
944 1075
945 71
946 464
946 1937
949 855
950 1085
950 1155
950 1489
953 831
953 962
953 1165
954 256
954 912
954 1200
955 1420
956 4
956 859
956 1346
957 437
957 908
957 1647
958 238
958 911
958 1257
959 717
961 1589
962 866
963 1117
965 1548
965 1551
966 212
967 720
967 1918
968 284
971 62
972 924
976 1572
977 1626
978 614
979 916
979 1761
979 1905
980 132
985 34
985 299
985 469
987 1452
993 1162
993 1805
995 755
996 1522
997 1440
997 1683
998 70
999 1163
1000 1744
1003 1901
1004 252
1004 1561
1005 1869
1006 423
1008 229
1008 1217
1009 1336
1011 952
1011 1469
1013 1287
1014 35
1015 211
1015 1276
1017 1793
1018 359
1018 1039
1020 90
1020 1660
1020 1892
1021 1328
1021 1431
1021 1906
1022 1502
1022 1988
1023 972
1023 1101
1027 46
1028 1001
1031 1256
1034 282
1034 689
1038 99
1038 1687
1041 874
1043 974
1044 516
1047 1230
1048 1914
1050 1253
1050 1366
1050 1928
1051 310
1053 1153
1054 1682
1055 932
1055 1410
1057 832
1058 1107
1059 1891
1060 22
1061 1645
1062 33
1062 1210
1062 1264
1063 669
1063 1431
1064 538
1064 841
1064 1019
1064 1250
1065 230
1065 1326
1066 239
1066 1665
1068 661
1068 727
1068 1240
1068 1435
1069 197
1071 1263
1072 1591
1073 1830
1076 877
1076 1756
1079 542
1080 670
1083 1258
1084 1357
1085 393
1085 847
1086 1659
1088 1172
1088 1482
1090 308
1090 1865
1091 1106
1092 1296
1093 1062
1100 414
1101 328
1101 1240
1102 873
1103 472
1104 672
1104 1063
1104 1442
1104 1780
1105 476
1106 329
1107 960
1109 1932
1109 2000
1112 528
1112 1611
1113 373
1113 530
1115 120
1115 511
1115 834
1116 176
1118 623
1119 780
1120 859
1121 118
1121 1707
1124 1502
1128 1029
1128 1883
1129 287
1129 1128
1130 902
1131 494
1132 1209
1133 1160
1134 85
1134 909
1134 1789
1136 670
1137 229
1138 1130
1139 417
1139 1060
1140 871
1142 1703
1144 195
1146 175
1146 1073
1147 112
1147 1361
1148 533
1148 1073
1152 161
1153 1885
1154 939
1155 32
1155 1491
1156 1986
1157 255
1157 1366
1158 228
1158 555
1158 776
1158 1930
1159 403
1159 1730
1162 144
1163 722
1163 893
1169 792
1169 961
1169 1157
1170 1521
1172 829
1173 72
1173 986
1174 1006
1176 637
1176 1007
1178 1867
1181 1432
1183 97
1183 1177
1185 484
1185 1198
1186 124
1186 216
1188 1387
1189 1010
1190 910
1191 1031
1191 1550
1192 1863
1195 575
1195 1895
1196 1387
1196 1519
1197 1567
1200 39
1200 328
1200 1125
1203 1543
1203 1643
1207 1231
1208 166
1208 830
1208 1853
1208 1992
1209 173
1210 1258
1210 1314
1210 1713
1212 1106
1213 655
1213 1667
1214 698
1215 1233
1215 1253
1216 427
1216 1839
1217 1409
1218 1574
1219 1370
1219 1784
1220 960
1220 1059
1221 209
1222 1197
1223 355
1223 738
1223 1142
1223 1711
1224 712
1224 1991
1226 440
1226 1668
1227 1080
1228 1156
1231 1465
1232 998
1234 1283
1235 1473
1236 659
1237 295
1237 573
1237 1046
1237 1148
1237 1631
1238 65
1238 345
1238 376
1240 1158
1240 1613
1242 552
1243 1875
1244 136
1244 516
1245 805
1245 856
1248 1641
1248 1669
1248 1683
1249 1578
1249 1701
1250 1053
1254 782
1255 709
1257 1870
1259 95
1259 938
1260 960
1260 1868
1260 1923
1261 1259
1261 1332
1262 988
1262 1220
1264 1438
1265 190
1265 776
1266 222
1266 285
1266 478
1269 929
1269 1817
1270 913
1270 1290
1271 507
1273 221
1273 1510
1275 805
1277 860
1279 1190
1280 291
1281 713
1282 1575
1282 1750
1284 993
1285 469
1285 471
1285 972
1287 844
1287 1542
1289 1700
1290 1424
1292 1277
1296 1451
1297 245
1298 971
1298 1610
1299 415
1299 621
1303 225
1303 807
1303 1528
1304 1551
1304 1880
1307 1320
1308 963
1308 1128
1309 581
1309 1230
1310 1893
1312 481
1312 599
1312 1813
1313 1059
1314 1339
1316 1512
1317 1172
1317 1629
1319 338
1319 1197
1320 339
1320 821
1321 118
1322 1254
1322 1319
1325 1615
1325 1732
1326 1830
1327 60
1327 90
1327 1520
1328 179
1330 1781
1330 1803
1330 1874
1331 928
1333 1176
1333 1203
1333 1568
1336 375
1336 1022
1337 1382
1337 1458
1342 1357
1343 719
1343 1469
1343 1551
1344 90
1345 701
1345 1997
1346 1379
1346 1384
1349 1380
1355 672
1356 733
1356 1510
1356 1680
1357 1806
1358 1421
1358 1831
1359 286
1360 1398
1361 1469
1363 1857
1366 1516
1369 428
1369 1486
1370 367
1371 508
1371 1080
1372 720
1373 679
1376 652
1376 1486
1377 841
1379 814
1379 1410
1380 1580
1382 407
1383 914
1384 796
1384 1068
1384 1084
1386 99
1386 1321
1387 657
1387 1196
1388 473
1388 1420
1389 600
1389 702
1389 1307
1391 224
1394 1593
1395 603
1401 316
1401 616
1402 568
1402 1299
1402 1476
1404 225
1404 971
1404 988
1404 1445
1406 1922
1408 115
1408 1114
1409 154
1410 246
1411 63
1411 1018
1411 1120
1412 1333
1413 1652
1414 19
1416 390
1417 401
1417 446
1420 308
1420 1769
1421 926
1421 1614
1422 1131
1423 1999
1424 175
1425 1095
1427 783
1429 1663
1430 363
1430 1905
1432 1472
1433 229
1434 1719
1436 748
1436 921
1436 1165
1437 734
1437 975
1438 694
1438 1530
1438 1629
1440 1714
1442 894
1442 1597
1443 1505
1446 772
1447 895
1447 1050
1447 1474
1448 1731
1451 1296
1452 1858
1453 1654
1454 646
1455 1026
1457 991
1459 209
1460 729
1461 1882
1463 81
1465 259
1467 1324
1473 1317
1474 1281
1475 672
1476 394
1476 421
1478 1975
1481 320
1483 964
1484 347
1485 1684
1487 1729
1489 1775
1490 115
1490 810
1492 445
1493 1884
1494 426
1494 1497
1494 1651
1495 361
1495 928
1495 1344
1496 1870
1498 47
1500 162
1500 1098
1500 1352
1501 472
1501 654
1501 858
1501 1520
1503 113
1504 56
1504 1508
1505 1113
1505 1809
1507 1354
1507 1498
1507 1663
1508 991
1508 1240
1509 501
1510 791
1511 1689
1513 866
1513 1083
1514 434
1514 1477
1514 1669
1514 1785
1516 561
1516 1507
1517 1763
1518 429
1518 1528
1519 510
1520 374
1520 1396
1520 1753
1522 62
1522 929
1523 874
1524 146
1527 509
1527 545
1528 143
1530 99
1530 337
1530 1542
1531 1626
1532 662
1532 1345
1533 1497
1538 793
1538 1449
1539 671
1539 950
1540 165
1541 587
1542 476
1543 1480
1543 1750
1545 473
1546 147
1546 391
1546 1473
1547 899
1547 1509
1548 1512
1548 1687
1549 1568
1550 1553
1551 122
1551 1896
1554 570
1554 1210
1554 1463
1556 572
1556 1119
1560 1399
1561 585
1562 741
1563 510
1565 668
1566 532
1567 1148
1567 1403
1568 1031
1569 159
1573 597
1573 957
1575 670
1578 644
1578 1373
1579 337
1580 1099
1580 1942
1582 931
1583 1439
1585 1440
1585 1637
1586 105
1586 441
1586 752
1588 1275
1588 1927
1591 128
1591 342
1594 145
1594 600
1594 1806
1595 687
1596 45
1598 1344
1598 1629
1598 1722
1599 1101
1601 20
1601 1754
1603 357
1603 1597
1605 1752
1606 835
1606 1976
1607 1320
1608 721
1609 994
1611 650
1611 1509
1612 299
1613 1617
1613 1989
1615 1451
1616 826
1617 590
1617 1987
1618 494
1618 1095
1619 92
1622 66
1624 702
1624 1851
1625 498
1626 1374
1627 560
1627 573
1627 1071
1627 1197
1627 1440
1627 1658
1630 1906
1631 1469
1632 243
1632 466
1632 938
1632 1740
1633 856
1635 1944
1637 887
1638 382
1638 771
1638 861
1638 1287
1638 1808
1639 1262
1641 662
1641 1011
1641 1609
1642 387
1643 896
1643 1832
1644 760
1646 1791
1647 681
1648 497
1649 1497
1649 1722
1650 152
1650 1247
1652 1837
1654 374
1655 724
1656 1963
1658 1754
1659 1236
1660 1843
1661 853
1661 1565
1662 1736
1664 399
1664 1295
1665 852
1666 113
1667 210
1667 677
1667 1209
1669 224
1669 428
1670 61
1671 252
1671 678
1671 1057
1672 1147
1673 244
1674 96
1674 1442
1675 1727
1676 823
1676 916
1677 7
1677 531
1678 768
1684 918
1684 1215
1685 188
1686 1770
1686 1925
1687 227
1689 135
1689 1038
1690 7
1690 427
1691 442
1691 696
1691 794
1692 266
1693 974
1693 1955
1694 897
1694 1117
1696 567
1696 777
1696 1757
1698 25
1699 659
1699 1859
1700 845
1700 933
1701 1249
1702 594
1702 1851
1704 1101
1704 1719
1705 32
1706 156
1706 318
1706 1082
1706 1139
1706 1156
1708 1229
1710 1350
1712 284
1712 1008
1712 1618
1713 1088
1714 1461
1715 74
1715 235
1718 135
1719 679
1719 1482
1720 1311
1720 1418
1720 1832
1721 1182
1723 1300
1723 1947
1724 42
1724 895
1725 246
1726 648
1726 1962
1728 668
1728 1470
1729 1817
1730 406
1730 1714
1733 123
1734 1504
1734 1722
1735 979
1736 300
1736 381
1738 605
1739 154
1739 737
1739 1165
1739 1747
1740 1011
1741 569
1741 999
1743 5
1743 38
1743 781
1744 907
1749 689
1750 492
1751 1961
1752 1145
1752 1282
1752 1504
1754 1478
1755 208
1755 1266
1755 1918
1757 1043
1759 137
1759 597
1761 580
1763 1926
1764 555
1765 400
1767 51
1767 1661
1768 1865
1769 637
1769 719
1770 192
1771 485
1775 809
1775 913
1775 999
1777 1428
1780 812
1782 31
1784 1288
1787 649
1789 81
1789 1431
1789 1859
1790 692
1793 81
1793 1584
1798 309
1798 455
1798 470
1798 1764
1799 378
1799 797
1800 981
1801 1071
1801 1170
1801 1764
1801 1972
1804 1079
1806 494
1806 1210
1807 42
1808 320
1808 1062
1809 941
1810 1488
1810 1882
1811 1
1811 371
1811 499
1813 457
1813 745
1813 1453
1814 64
1814 1940
1817 1714
1818 663
1819 1003
1820 1306
1821 1905
1823 1605
1824 1097
1824 1348
1825 1341
1825 1386
1827 1336
1829 637
1830 14
1830 674
1835 1562
1836 816
1837 639
1838 1529
1840 110
1840 938
1841 1450
1844 1081
1845 1120
1845 1282
1846 678
1846 1221
1846 1695
1848 1239
1849 533
1850 380
1850 1013
1850 1540
1852 1249
1853 1775
1854 1049
1854 1435
1855 1014
1855 1261
1856 353
1856 1224
1857 212
1858 222
1859 157
1859 893
1861 1021
1861 1281
1862 499
1865 1566
1866 898
1866 915
1867 784
1867 1609
1868 605
1868 791
1868 1186
1870 1941
1871 549
1872 1025
1874 1771
1876 437
1876 1537
1877 1344
1880 1884
1881 1318
1882 737
1882 1189
1884 1806
1886 350
1886 1296
1887 1512
1889 128
1890 549
1891 31
1891 150
1891 232
1891 426
1893 219
1893 418
1897 233
1900 478
1900 1334
1904 589
1905 1601
1906 282
1908 817
1913 42
1914 419
1915 1583
1916 723
1917 884
1917 1721
1920 510
1921 29
1921 149
1921 259
1923 1252
1927 624
1928 1144
1929 132
1929 650
1931 718
1932 826
1934 669
1934 1733
1934 1746
1935 61
1937 1458
1939 1118
1939 1244
1940 1039
1940 1305
1941 1694
1943 1309
1947 35
1949 400
1950 34
1950 45
1950 1365
1951 1330
1951 1600
1952 345
1953 93
1953 1146
1954 616
1954 1105
1954 1364
1956 989
1958 1067
1959 1718
1960 12
1960 591
1960 934
1963 481
1963 1074
1965 103
1965 961
1965 1135
1966 359
1966 574
1966 1766
1967 531
1968 358
1970 1453
1971 90
1971 516
1971 1274
1972 1175
1973 960
1973 1653
1974 567
1977 825
1981 1822
1982 995
1982 1020
1984 158
1985 809
1985 1575
1986 739
1986 1711
1987 713
1988 1763
1991 970
1991 1199
1991 1763
1993 61
1993 1424
1993 1819
1993 1981
1994 1550
1995 1942
1996 546
1997 169
1998 520
1999 169
2000 55
2000 974
