200
398
2 54
2 163
4 147
5 116
5 150
5 162
6 87
7 69
8 150
8 154
8 186
9 26
10 72
10 152
12 138
13 78
13 160
13 170
14 87
14 152
14 195
16 15
16 69
16 85
16 88
17 27
17 192
18 124
18 157
18 197
19 104
19 128
20 13
21 74
21 185
22 37
22 165
23 79
23 110
24 73
24 89
26 15
26 49
27 55
27 163
28 26
28 49
28 54
29 197
30 100
30 165
30 184
31 27
31 91
32 10
32 25
32 67
32 157
33 20
33 73
33 143
34 47
34 98
34 106
36 24
36 34
36 169
37 10
38 173
38 198
39 68
40 42
40 134
40 147
40 200
41 171
42 33
42 64
42 91
42 132
43 20
44 150
44 175
45 126
45 189
46 34
46 73
46 117
47 75
47 100
48 124
49 31
49 43
49 136
49 162
49 182
49 199
50 57
50 98
50 134
50 142
51 44
52 85
53 89
54 51
54 174
55 13
55 18
55 35
55 191
56 74
56 144
58 66
58 154
58 181
59 43
59 70
59 194
60 9
60 18
60 21
60 111
60 117
60 167
61 64
61 99
61 119
62 143
63 180
64 12
64 160
65 76
65 190
66 188
66 193
67 71
68 121
69 45
69 53
69 67
69 99
69 132
69 179
70 33
70 67
71 47
71 172
71 200
72 54
72 114
73 152
73 187
75 146
76 21
77 44
78 143
78 173
79 99
79 164
81 49
81 50
81 89
83 191
84 62
84 97
84 164
85 7
85 27
85 76
86 84
86 112
86 149
86 186
87 5
87 14
87 129
87 151
88 22
88 36
88 56
88 90
89 64
91 74
91 93
91 188
92 86
92 102
93 163
94 63
94 81
95 1
95 83
95 136
97 76
97 130
98 124
98 156
99 37
100 68
100 91
101 26
101 76
101 192
102 85
103 168
104 120
105 50
105 108
106 18
106 139
107 150
108 102
109 121
110 67
110 85
110 90
110 140
111 2
112 105
112 150
112 196
113 70
113 150
114 62
114 72
114 134
115 68
115 199
116 37
116 55
117 95
117 105
117 120
117 162
118 1
118 55
118 70
119 25
120 42
120 61
120 111
121 123
121 132
122 35
123 17
123 122
124 60
124 131
124 149
125 72
126 1
126 50
126 66
127 14
127 34
127 77
127 98
127 188
128 23
128 118
129 109
129 126
131 133
132 75
132 84
132 141
132 142
133 103
133 155
134 109
134 110
135 9
135 19
136 25
136 62
136 97
136 98
136 118
136 186
137 185
138 41
138 88
139 39
139 140
139 192
140 19
140 23
140 37
140 156
140 195
143 193
144 44
144 138
145 35
145 171
146 102
146 128
147 66
149 129
151 34
152 128
152 177
153 4
154 96
154 181
155 179
155 191
156 44
156 53
156 100
156 200
157 114
158 57
158 164
159 181
160 41
161 170
161 181
162 126
162 133
162 177
162 194
162 199
164 96
166 177
167 6
167 78
167 80
168 133
168 180
169 127
169 133
169 191
170 139
171 24
171 28
171 104
172 18
172 40
172 81
173 2
174 38
174 52
174 137
175 11
176 138
177 24
177 154
178 25
178 141
178 181
179 27
179 127
179 133
180 123
180 175
180 176
181 94
182 14
182 62
183 105
183 108
184 139
184 166
185 41
186 106
186 123
186 187
187 3
187 32
187 85
188 99
188 113
189 32
190 76
191 4
191 64
191 87
191 109
191 162
192 70
192 139
192 199
193 147
195 167
196 33
196 148
197 17
197 64
198 122
199 55
199 74
199 79
199 183
200 42
200 129
200 168
200 196
