210
1244
1 45
1 68
1 84
1 117
1 129
1 145
1 150
1 197
1 207
2 30
2 36
2 49
2 54
2 57
2 111
2 128
2 157
2 203
3 12
3 42
3 81
3 160
3 188
3 204
4 14
4 45
4 94
4 110
4 143
4 190
4 198
5 43
5 48
5 51
5 54
5 88
5 106
5 119
5 169
5 192
6 31
6 34
6 53
6 56
6 132
6 163
6 198
6 199
7 128
8 13
8 27
8 103
8 132
8 185
9 29
9 129
9 146
9 186
9 198
10 43
10 46
10 59
10 119
10 144
10 161
10 197
11 27
11 32
11 111
11 145
11 151
11 171
11 191
11 210
12 112
12 128
12 179
13 12
13 55
13 158
13 172
13 194
13 197
14 19
14 80
14 180
14 181
14 204
15 23
15 74
15 81
15 113
15 203
16 14
16 29
16 40
16 88
16 124
17 6
17 15
17 65
17 76
17 89
17 137
17 186
17 187
17 190
17 203
18 14
18 28
18 41
18 49
18 131
18 153
18 166
19 35
19 127
20 48
20 63
20 93
20 118
20 141
20 183
21 55
21 69
21 98
21 148
21 151
21 175
22 10
22 40
22 44
22 49
22 80
22 109
22 131
23 120
23 144
23 150
23 167
23 180
24 7
24 8
24 10
24 42
24 59
24 96
24 108
24 195
24 197
25 17
25 140
25 159
26 13
26 29
26 78
26 122
26 141
26 188
26 192
26 199
27 21
27 77
27 83
27 114
27 132
27 153
27 159
27 170
27 198
28 13
28 26
28 39
28 94
28 155
28 185
29 39
29 73
29 81
29 83
29 95
29 132
29 151
29 154
29 206
30 4
30 134
30 182
30 189
31 3
31 4
31 16
31 48
31 62
31 102
31 119
31 130
32 72
32 93
32 151
32 169
32 185
32 203
33 51
33 82
33 108
33 190
33 197
34 86
34 92
34 99
34 130
34 210
35 17
35 31
35 51
35 140
35 154
36 6
36 13
36 28
36 72
36 97
36 152
36 177
37 2
37 18
37 62
37 83
37 141
37 172
37 204
38 88
38 110
38 137
38 142
39 35
39 44
39 100
39 106
39 121
39 132
39 172
40 12
40 42
40 54
40 88
40 161
40 162
40 166
41 34
41 63
41 94
41 123
41 140
41 157
42 18
42 69
43 9
43 23
43 59
43 66
43 69
43 161
43 162
43 195
44 39
44 80
44 183
44 186
45 1
45 64
45 73
45 167
46 84
46 117
46 119
47 71
47 90
47 144
47 185
48 62
48 75
48 93
48 153
48 164
48 178
48 200
49 23
49 31
49 33
49 58
49 168
49 185
49 197
50 36
50 75
50 85
50 124
50 201
51 2
51 128
51 145
51 193
51 198
51 203
51 208
52 75
52 110
52 146
52 184
53 47
53 75
53 85
53 117
53 192
53 210
54 119
54 141
54 142
54 143
54 166
54 208
55 39
55 98
55 193
55 205
56 63
56 66
56 100
56 145
57 84
57 205
58 20
58 30
58 71
58 157
58 163
59 10
59 18
59 34
59 157
59 165
59 190
59 209
60 2
60 47
60 79
60 122
60 189
60 203
61 12
61 59
61 90
61 109
61 113
61 120
61 159
61 166
61 175
61 184
61 209
62 126
62 173
63 2
63 54
63 161
64 17
64 49
64 99
64 107
64 108
64 116
64 171
64 182
65 24
65 82
65 89
65 170
65 171
65 175
66 11
66 45
66 56
66 85
66 101
66 111
66 115
66 145
67 1
67 9
67 25
67 27
67 45
67 56
67 89
67 108
67 115
67 119
67 161
68 54
68 72
68 152
68 173
68 180
68 203
69 11
69 22
69 36
69 42
69 109
69 174
70 4
70 9
70 46
70 69
70 95
70 142
70 173
70 198
71 42
71 98
71 138
71 157
71 167
71 183
72 34
72 44
72 135
72 154
72 155
72 156
72 159
72 188
72 189
73 2
73 64
73 120
73 128
73 159
73 192
74 34
74 37
74 53
74 101
74 107
74 160
75 5
75 13
75 40
75 68
75 111
75 115
75 124
75 125
75 158
76 37
76 78
76 113
76 131
76 186
76 210
77 50
77 116
77 147
78 22
78 31
78 50
78 52
78 91
78 108
78 128
78 134
78 148
78 164
78 180
78 190
79 60
79 75
79 103
79 115
79 136
79 202
80 14
80 33
80 36
80 42
80 68
80 82
80 113
80 137
81 2
81 52
81 58
81 110
81 113
81 117
81 154
82 55
82 107
82 131
83 49
83 112
83 143
83 165
83 188
83 207
84 44
84 129
84 152
84 160
84 164
84 197
85 44
85 84
85 90
85 159
85 164
85 171
86 14
86 64
86 73
86 75
86 79
86 115
86 157
86 188
87 34
87 40
87 117
87 181
88 14
88 107
88 132
88 162
88 177
88 186
89 14
89 16
89 51
89 59
89 81
89 112
89 164
90 16
90 43
90 93
90 94
90 115
90 119
90 170
90 197
91 26
91 58
91 75
91 77
91 95
92 10
92 53
92 78
92 81
92 134
92 204
93 64
93 86
93 103
93 129
93 132
93 145
94 7
94 106
94 180
95 130
95 158
95 179
95 206
95 208
96 49
96 55
96 67
96 70
96 116
96 125
96 180
96 183
97 48
97 138
97 159
97 183
98 25
98 30
98 97
98 105
98 180
99 12
99 61
99 115
99 144
99 175
100 61
100 73
100 154
102 53
102 92
102 143
102 160
102 162
102 192
103 5
103 17
103 75
103 78
103 89
104 15
104 26
104 52
104 67
104 72
104 103
104 137
105 5
105 46
105 61
105 84
105 92
105 155
106 51
106 70
106 83
106 98
106 102
106 142
106 176
107 11
107 27
107 98
107 142
107 160
107 202
108 64
108 156
108 202
109 47
109 54
109 99
109 153
109 155
109 170
109 194
110 50
110 62
110 66
110 102
110 142
110 206
111 16
111 30
111 36
111 114
111 141
112 68
112 86
112 100
112 133
112 163
112 194
113 82
113 176
114 90
114 92
114 105
114 136
114 139
114 148
114 196
115 15
115 27
115 89
115 93
115 137
115 168
115 199
116 138
116 179
117 40
117 45
117 68
117 177
117 191
117 203
118 12
118 56
118 63
118 65
118 69
119 33
119 115
120 53
120 61
120 68
120 71
120 76
120 86
120 149
120 164
120 168
120 182
121 31
121 35
122 14
122 20
122 47
122 111
122 127
122 174
122 195
123 8
123 62
123 75
123 97
123 143
123 147
123 201
124 50
124 56
124 94
124 98
124 105
124 110
124 171
124 205
125 3
125 14
125 26
125 29
125 44
125 64
125 67
125 106
125 113
125 161
125 169
125 184
125 204
126 21
126 34
126 53
126 97
126 124
126 189
127 15
127 32
127 47
127 49
127 92
127 106
127 112
127 206
128 25
128 36
128 56
128 107
129 7
129 20
129 40
129 137
129 189
129 201
129 205
130 32
130 76
130 82
130 124
130 138
130 141
130 195
131 1
131 34
131 53
131 123
131 126
131 143
131 146
131 169
131 190
131 199
132 25
132 35
132 82
132 102
132 109
133 7
133 27
133 36
133 116
133 162
134 43
134 73
134 90
134 135
134 167
134 185
135 65
135 80
135 107
135 129
135 147
135 192
136 24
136 34
136 63
136 71
136 178
137 174
138 25
138 27
138 79
138 110
138 196
139 45
139 108
139 177
140 21
140 28
140 135
140 147
140 173
140 202
141 20
141 95
141 104
141 184
141 187
141 189
142 22
142 24
142 28
142 106
142 134
142 176
142 195
142 197
143 79
143 97
143 106
143 123
143 139
143 168
143 172
143 199
144 39
144 45
144 59
144 125
144 131
144 179
144 206
144 209
145 37
145 65
145 84
145 93
145 116
145 141
145 155
145 158
145 175
145 186
146 27
146 35
146 46
146 106
146 119
146 168
146 170
146 175
146 190
147 14
147 33
147 57
147 71
147 75
147 80
147 86
147 112
147 121
147 176
147 194
148 3
148 38
148 45
148 51
148 79
148 85
148 139
148 147
148 186
148 192
149 51
149 59
149 100
149 156
149 209
150 15
150 75
150 78
150 94
150 96
150 148
150 191
151 61
151 124
152 30
152 180
152 199
152 205
153 20
153 75
153 148
153 161
153 187
153 188
153 193
153 210
154 71
154 113
154 140
154 149
155 78
155 86
155 103
155 210
156 1
156 17
156 33
156 58
156 104
156 140
156 201
157 19
157 83
157 89
157 102
157 106
157 113
157 140
157 148
157 173
157 209
158 21
158 149
159 117
159 133
159 169
159 181
159 185
160 20
160 80
160 120
160 128
160 159
160 189
161 29
161 151
161 157
161 163
161 195
162 61
162 64
162 65
162 91
162 135
162 193
162 196
162 205
163 9
163 31
163 37
163 89
163 110
163 117
163 157
163 184
163 187
164 162
164 184
164 188
165 30
165 32
165 92
165 144
165 146
165 154
165 175
165 202
166 20
166 43
166 53
166 60
166 83
166 117
166 141
166 146
166 201
166 209
167 66
167 85
167 106
167 122
167 128
167 132
167 138
167 146
167 168
168 70
168 93
168 176
169 19
169 93
169 95
169 150
169 208
170 127
170 148
170 187
171 8
171 29
171 95
171 137
171 139
172 13
172 50
172 90
172 123
172 166
172 178
173 84
173 148
173 161
173 179
174 54
174 61
174 73
174 131
174 171
174 173
175 2
175 20
175 56
175 94
175 126
175 141
175 169
175 190
175 204
176 1
176 22
176 43
176 61
176 67
176 91
176 143
176 173
176 184
177 172
178 24
178 45
178 95
178 197
178 199
179 66
179 152
179 172
180 57
180 162
180 168
181 1
181 21
181 60
181 81
181 108
181 136
181 173
181 177
181 190
182 3
182 40
182 82
182 93
182 130
182 149
182 152
182 163
183 13
183 60
183 102
183 155
183 170
184 20
184 82
184 93
184 112
184 154
185 16
185 55
185 162
186 19
186 64
186 151
186 154
186 194
187 29
187 34
187 48
187 120
187 138
187 141
187 154
188 17
188 20
188 67
188 79
188 80
188 105
188 135
188 155
188 206
189 59
189 85
189 98
189 102
189 170
189 199
189 208
190 3
190 27
190 38
190 76
190 130
190 146
190 165
190 197
191 63
191 71
191 77
191 91
191 101
191 105
191 197
192 2
192 3
192 39
192 47
192 97
192 153
193 170
193 192
194 25
194 91
194 97
194 105
194 168
194 196
195 13
195 43
195 155
195 162
196 12
196 26
196 27
196 110
196 131
196 140
197 7
197 34
197 40
197 80
197 168
197 171
197 205
198 121
198 173
199 106
199 163
199 166
200 63
200 91
200 111
200 114
200 143
200 183
201 63
201 64
201 79
202 64
202 90
202 98
202 149
202 154
202 178
203 87
203 124
203 132
203 160
204 22
204 28
204 66
204 81
204 93
204 102
204 119
204 198
204 200
204 203
204 205
205 59
205 208
206 27
206 51
206 130
206 155
206 195
207 23
207 67
208 46
208 80
208 87
208 95
208 110
208 144
209 15
209 27
209 34
209 82
209 85
209 114
209 130
209 145
209 197
210 13
210 100
210 131
210 167
210 184
