210
1644
1 14
1 16
1 63
1 168
1 201
1 203
1 206
1 208
2 43
2 101
2 112
2 114
2 143
2 150
3 12
3 62
3 96
4 21
4 24
4 51
4 111
4 156
4 159
4 162
4 187
4 194
5 17
5 38
5 53
5 75
5 101
5 118
5 160
5 184
5 186
5 188
5 206
6 92
6 124
6 165
7 3
7 33
7 86
7 89
7 91
7 97
7 138
7 151
7 208
8 18
8 89
8 201
8 203
8 204
9 51
9 93
9 98
9 120
9 134
9 204
10 155
10 188
10 189
10 194
10 201
11 34
11 36
11 39
11 83
11 154
11 163
11 176
11 178
11 186
11 194
12 14
12 78
12 80
12 91
12 122
12 171
13 38
13 47
13 166
13 170
14 29
14 40
14 98
14 173
14 177
14 201
15 16
15 38
15 80
15 86
15 123
15 126
15 167
15 197
15 205
16 11
16 14
16 34
16 108
16 115
16 120
16 136
16 145
16 175
16 204
16 208
17 7
17 16
17 19
17 69
17 116
17 124
17 145
17 158
18 59
18 65
18 78
18 91
18 119
18 130
18 165
18 197
19 3
19 4
19 28
19 30
19 43
19 94
19 110
19 148
19 154
19 160
19 192
20 63
20 126
20 147
21 51
21 68
21 92
21 95
21 100
21 103
21 184
21 207
21 210
22 43
22 48
22 63
22 68
22 78
22 94
22 95
22 101
22 102
22 145
22 196
22 205
23 56
23 75
23 99
23 139
23 141
23 148
23 168
23 177
23 192
24 62
24 85
24 105
24 125
24 156
24 160
24 192
24 195
25 8
25 31
25 48
25 88
25 143
25 157
25 168
25 175
25 178
25 180
25 182
25 183
26 16
26 57
26 58
26 68
26 82
26 83
26 101
26 116
26 129
26 186
26 196
26 210
27 26
27 43
27 56
27 109
27 144
27 177
27 179
27 181
28 8
28 23
28 29
28 39
28 51
28 55
28 131
28 142
28 155
28 193
29 3
29 62
29 84
29 102
29 117
29 147
29 154
29 174
30 42
30 51
30 54
30 56
30 60
30 61
30 74
30 79
30 91
30 94
30 111
30 166
31 21
31 25
31 32
31 42
31 84
31 94
31 98
31 110
31 114
31 125
31 126
31 132
31 161
31 200
32 15
32 40
32 59
32 111
32 157
32 192
33 13
33 63
33 91
33 147
33 155
33 168
33 197
34 90
34 104
34 155
34 159
34 165
34 166
34 200
34 201
35 19
35 52
35 84
35 90
35 107
35 112
35 113
35 123
35 158
35 159
35 200
35 203
35 208
36 9
36 40
36 62
36 107
36 131
36 156
36 159
36 176
36 188
37 3
37 5
37 68
37 84
37 127
37 140
37 146
37 155
37 161
37 164
37 177
37 191
37 198
38 27
38 37
38 80
38 131
38 185
38 206
38 210
39 76
39 85
39 163
39 204
39 207
40 61
40 67
40 70
40 110
41 4
41 79
41 107
41 194
42 24
42 55
42 96
42 123
42 139
42 183
43 3
43 54
43 62
43 81
43 137
44 37
44 67
44 79
44 148
44 166
44 167
45 7
45 131
45 191
45 196
46 29
46 33
46 55
46 70
46 86
46 116
46 203
46 207
46 208
47 18
47 77
47 81
47 95
47 102
47 142
47 145
47 157
47 164
47 166
47 202
48 10
48 15
48 30
48 190
49 48
49 146
49 167
50 8
50 21
50 40
50 93
50 97
50 169
50 174
50 190
50 207
50 209
51 17
51 22
51 28
51 37
51 54
51 62
51 77
51 99
51 109
51 114
51 126
51 138
51 202
51 203
51 207
52 20
52 41
52 51
52 57
52 124
52 142
52 159
52 203
53 28
53 39
53 98
53 117
53 168
53 183
54 26
54 60
54 97
54 110
54 122
54 139
54 148
54 192
54 199
55 49
55 66
55 85
55 123
55 171
55 189
55 198
56 4
56 42
56 47
56 62
56 66
56 105
56 135
56 156
56 169
57 11
57 15
57 41
57 103
57 180
57 186
57 191
57 201
58 3
58 42
58 128
58 150
58 190
58 199
59 7
59 64
59 105
59 152
59 174
59 193
60 3
60 24
60 45
60 67
60 72
60 107
60 121
60 124
60 181
60 184
61 15
61 35
61 50
61 92
61 109
61 123
61 125
61 137
61 144
61 155
62 36
62 57
62 99
62 125
62 151
62 193
63 35
63 53
63 68
63 133
63 187
63 208
64 57
64 103
64 120
64 147
64 159
64 209
65 15
65 61
65 100
65 145
65 164
65 205
66 30
66 51
66 52
66 56
66 158
66 160
66 164
66 173
66 208
67 10
67 66
67 102
67 122
67 124
67 149
67 156
68 3
68 28
68 31
68 47
68 136
68 152
68 205
69 2
69 9
69 15
69 95
69 111
69 141
69 147
69 151
69 155
69 170
70 35
70 53
70 55
70 134
70 158
70 183
70 199
71 69
71 80
71 102
71 119
71 196
71 200
71 209
72 5
72 19
72 22
72 59
72 65
72 85
72 98
72 104
72 164
72 183
72 193
73 11
73 29
73 38
73 51
73 72
73 74
73 165
73 174
73 184
74 18
74 35
74 80
74 82
74 89
74 99
74 121
74 170
74 174
74 178
75 6
75 41
75 151
75 167
75 169
75 183
75 202
76 48
76 51
76 100
77 17
77 26
77 53
77 55
77 104
78 17
78 20
78 141
78 158
78 167
78 183
79 18
79 81
79 109
79 169
79 182
80 2
80 40
80 69
80 81
80 89
80 91
80 112
80 143
80 174
80 182
80 201
80 209
81 22
81 28
81 86
81 93
81 126
81 132
81 134
82 18
82 29
82 44
82 88
82 89
82 106
82 118
82 184
82 185
83 61
83 68
83 81
83 97
83 122
83 123
83 141
83 169
83 199
84 34
84 41
84 95
84 98
84 102
84 118
84 153
85 29
85 38
85 82
85 128
85 152
85 185
85 196
85 204
86 30
86 32
86 40
86 68
86 75
86 129
86 133
87 40
87 65
87 77
87 115
87 158
87 176
87 182
87 187
88 50
88 100
88 130
88 134
88 138
88 162
89 8
89 36
89 39
89 56
89 62
89 66
89 86
89 88
89 149
89 157
89 159
89 161
89 176
89 197
89 201
90 13
90 27
90 31
90 32
90 34
90 61
90 99
90 110
90 119
90 145
91 1
91 22
91 45
91 62
91 106
91 113
91 142
91 175
91 192
92 24
92 51
92 93
92 119
92 163
92 191
92 205
93 16
93 33
93 35
93 54
93 62
93 63
93 70
93 92
93 95
93 102
93 141
93 174
94 34
94 88
94 120
94 149
94 183
95 21
95 26
95 33
95 66
95 79
95 86
95 113
95 121
95 175
95 201
96 42
96 46
96 125
96 196
96 210
97 1
97 30
97 38
97 105
97 124
97 143
97 168
97 191
98 5
98 6
98 15
98 43
98 56
98 63
98 91
98 115
98 123
98 145
98 155
98 162
98 163
98 170
99 35
99 50
99 58
99 73
99 126
99 158
99 168
100 19
100 63
100 68
100 77
100 136
100 158
100 198
101 11
101 18
101 28
101 38
101 88
101 117
101 188
101 195
102 20
102 33
102 36
102 86
102 129
102 154
102 164
102 189
102 191
102 194
102 201
103 13
103 17
103 20
103 31
103 34
103 79
103 98
103 142
103 179
103 186
103 199
103 202
104 20
104 34
104 60
104 80
104 91
104 111
104 185
104 186
105 76
105 87
105 102
105 106
105 128
105 139
105 159
105 163
105 177
105 180
105 195
106 26
106 37
106 38
106 89
106 97
106 133
106 208
107 19
107 29
107 37
107 69
107 71
107 79
107 108
107 125
107 127
107 135
107 154
107 165
107 177
107 186
107 202
107 203
108 35
108 54
108 86
108 93
108 105
108 121
108 129
108 170
108 199
108 201
109 3
109 41
109 57
109 62
109 70
109 116
109 156
109 167
109 182
109 193
109 201
110 36
110 39
110 95
110 99
110 108
110 113
110 147
110 186
110 204
111 34
111 39
111 139
111 163
111 167
111 184
111 198
111 203
111 210
112 4
112 13
112 14
112 15
112 137
112 148
113 8
113 49
113 52
113 102
113 123
113 144
113 171
113 177
113 190
113 210
114 14
114 69
114 125
114 133
114 142
114 148
114 171
114 196
114 206
115 9
115 35
115 89
115 90
115 154
115 171
115 192
116 18
116 21
116 106
116 113
116 124
116 194
117 45
117 126
117 161
117 184
118 15
118 81
118 124
118 141
118 180
118 189
118 205
119 12
119 18
119 113
119 114
119 118
119 127
119 145
119 151
119 166
119 207
120 49
120 76
120 91
120 145
120 199
121 11
121 33
121 47
121 57
121 64
121 84
121 127
121 130
121 139
121 196
122 51
122 54
122 70
122 110
122 150
122 157
123 4
123 11
123 40
123 83
123 100
123 129
123 164
123 210
124 16
124 42
124 77
124 114
124 154
124 202
125 60
125 74
125 127
125 158
125 179
125 209
126 24
126 25
126 151
126 185
126 189
126 208
127 29
127 40
127 81
127 122
127 173
128 70
128 140
128 144
128 202
128 210
129 70
129 98
129 132
129 152
129 155
129 210
130 2
130 51
130 78
130 143
130 171
130 203
131 14
131 64
131 148
131 191
132 2
132 3
132 6
132 27
132 61
132 79
132 99
132 129
132 130
132 173
133 11
133 45
133 60
133 158
133 196
133 208
134 18
134 97
134 105
134 109
134 174
134 183
134 189
134 197
135 13
135 24
135 26
135 27
135 40
135 79
135 122
135 138
135 160
135 171
136 120
136 176
136 190
137 50
137 53
137 58
137 93
138 7
138 48
138 50
138 70
138 140
138 172
138 193
139 133
139 135
139 137
139 159
139 195
139 204
140 14
140 40
140 61
140 68
140 91
140 98
140 103
140 153
140 175
141 10
141 18
141 21
141 68
141 135
141 144
141 155
141 172
141 190
142 3
142 60
142 63
142 90
142 107
142 125
142 144
142 145
142 170
142 190
142 195
142 202
143 19
143 44
143 54
143 71
143 114
143 123
144 6
144 31
144 103
144 104
144 192
144 204
145 63
145 90
145 138
145 177
146 9
146 32
146 109
146 140
146 158
147 8
147 48
147 78
147 115
147 157
147 178
147 210
148 9
148 28
148 94
148 96
148 126
148 160
148 185
149 11
149 63
149 101
149 138
149 175
149 195
150 6
150 42
150 66
150 79
150 82
150 89
150 108
150 116
150 154
150 195
151 43
151 149
151 207
152 8
152 23
152 43
152 52
152 72
152 79
152 87
152 131
152 163
152 191
153 9
153 31
153 34
153 37
153 41
153 48
153 53
153 60
153 67
153 203
154 17
154 45
154 75
154 126
154 161
154 169
154 175
154 178
155 4
155 5
155 15
155 37
155 39
155 104
155 108
155 146
155 191
156 17
156 18
156 49
156 52
156 89
156 137
156 139
156 140
156 143
156 155
157 24
157 29
157 30
157 42
157 44
157 55
157 64
157 86
157 90
157 100
157 143
157 155
158 11
158 16
158 146
158 160
158 177
158 182
158 188
158 199
158 209
159 3
159 7
159 54
159 67
159 87
159 89
159 110
159 129
159 141
159 162
159 192
159 193
160 18
160 55
160 80
160 100
160 210
161 31
161 94
161 103
161 118
161 167
162 27
162 35
162 70
162 136
162 153
162 174
162 184
162 200
163 14
163 26
163 54
163 132
163 156
163 161
163 171
164 12
164 13
164 31
164 70
164 89
164 101
164 109
164 122
164 150
165 24
165 59
165 73
165 148
165 166
165 189
166 2
166 20
166 29
166 38
166 60
166 152
167 10
167 22
167 46
167 126
167 166
167 195
168 1
168 58
168 69
168 173
169 21
169 23
169 30
169 55
169 61
169 70
169 99
169 109
169 121
169 154
169 182
169 204
169 209
170 29
170 33
170 61
170 84
170 149
170 151
170 188
171 16
171 17
171 22
171 46
171 70
171 77
171 88
171 95
171 134
171 189
171 204
172 50
172 62
172 74
172 124
172 198
173 51
173 93
173 100
173 101
173 137
173 146
173 160
173 167
173 179
173 186
174 3
174 50
174 51
174 77
174 93
174 101
174 113
174 130
174 158
174 179
175 7
175 17
175 65
175 93
175 131
175 152
176 15
176 43
176 57
176 59
176 133
177 37
177 64
177 175
177 193
177 197
178 48
178 103
178 106
178 197
179 15
179 26
179 102
179 115
179 127
179 129
179 142
179 145
179 149
179 192
180 9
180 13
180 46
180 68
180 104
180 108
180 112
180 120
180 145
180 189
181 28
181 76
181 115
181 121
181 142
181 188
182 47
182 98
182 132
182 143
182 155
183 8
183 23
183 84
183 94
183 111
183 131
183 155
183 158
183 173
184 13
184 57
184 65
184 71
184 74
184 75
184 84
184 112
184 128
184 131
184 137
184 146
184 163
184 194
185 15
185 39
185 91
185 95
185 104
185 149
185 156
185 167
185 169
185 180
185 194
186 113
186 118
186 154
187 62
187 96
187 107
187 136
187 146
187 157
187 161
188 17
188 37
188 54
188 74
188 106
188 113
188 138
188 196
189 40
189 54
189 56
189 109
189 138
189 145
189 206
190 69
190 86
190 111
190 165
190 169
190 204
191 14
191 17
191 24
191 134
191 158
191 165
191 186
191 196
191 199
191 210
192 6
192 44
192 51
192 59
192 179
193 1
193 23
193 59
193 62
193 70
193 91
193 174
193 186
194 39
194 47
194 58
194 149
195 15
195 17
195 151
195 161
195 169
195 180
196 10
196 12
196 28
196 29
196 33
196 85
196 166
196 179
197 52
197 140
197 148
197 174
198 24
198 39
198 46
198 49
198 78
198 95
198 106
198 116
198 137
198 143
198 176
198 177
199 40
199 71
199 79
199 89
199 130
199 140
199 150
199 151
199 165
199 180
200 26
200 37
200 54
200 136
200 192
200 194
200 201
201 61
201 111
201 155
201 189
202 23
202 38
202 52
202 79
202 86
202 111
202 133
202 152
202 172
203 2
203 35
203 93
203 97
203 107
203 133
203 149
203 153
203 171
203 198
204 7
204 8
204 61
204 83
204 144
204 145
204 162
204 193
205 41
205 47
205 66
205 78
205 86
205 127
205 144
205 161
205 210
206 13
206 63
206 76
206 86
206 98
206 99
206 106
206 110
206 113
206 138
206 142
206 198
207 62
207 87
207 89
207 91
207 111
207 112
207 136
207 183
207 208
208 42
208 53
208 101
208 148
208 155
208 161
208 170
209 2
209 24
209 34
209 60
209 75
209 94
209 105
209 113
209 131
209 134
209 136
209 198
210 41
210 47
210 51
210 86
210 89
210 166
210 167
210 202
