220
1517
1 9
1 24
1 56
1 108
1 120
1 135
1 146
1 209
1 219
2 15
2 72
2 113
2 168
2 220
3 13
3 38
3 51
3 80
3 100
3 110
3 147
3 152
3 204
4 22
4 45
4 55
4 56
4 93
4 108
4 176
4 187
4 208
5 42
5 57
5 72
5 77
5 87
5 89
5 98
5 102
5 145
5 157
5 178
6 4
6 29
6 33
6 50
6 101
6 167
6 199
7 46
7 106
7 160
7 208
7 213
8 56
8 79
8 220
9 13
9 36
9 62
9 99
9 150
9 154
9 184
9 189
10 105
10 212
10 216
11 19
11 22
11 27
11 35
11 73
11 99
11 100
11 107
11 113
11 151
12 47
12 48
12 111
12 138
12 152
12 155
13 28
13 58
13 127
13 214
14 16
14 30
14 37
14 41
14 146
14 192
14 214
14 220
15 13
15 20
15 38
15 73
15 91
15 133
15 167
15 197
15 212
16 34
16 104
16 118
16 150
16 216
17 24
17 134
17 145
17 168
17 184
17 185
18 12
18 35
18 36
18 59
18 66
18 119
18 146
18 165
19 3
19 18
19 140
19 151
19 160
19 185
19 195
20 16
20 35
20 37
20 95
20 102
20 114
20 127
20 193
20 215
21 78
21 95
21 116
21 127
21 174
21 218
22 3
22 25
22 35
22 74
22 89
22 94
22 125
22 147
22 203
22 211
23 47
23 147
23 157
23 190
24 3
24 17
24 57
24 65
24 70
24 75
24 81
24 176
24 185
24 187
24 188
24 218
25 7
25 24
25 106
25 109
25 112
25 118
25 160
25 190
25 198
26 12
26 13
26 21
26 30
26 32
26 100
26 203
27 25
27 41
27 157
27 175
27 212
28 35
28 57
28 87
28 106
28 131
28 204
29 27
29 84
29 103
29 111
29 120
29 140
29 158
29 178
29 201
30 52
30 84
30 117
30 128
30 162
30 171
30 184
30 206
31 9
31 30
31 41
31 78
31 99
31 130
31 139
31 156
31 170
31 191
31 214
32 53
32 95
32 110
32 118
32 151
32 160
32 190
33 123
33 166
33 177
33 193
34 11
34 69
34 82
34 100
34 101
34 122
34 129
34 218
35 72
35 145
35 163
35 181
35 192
35 200
36 4
36 24
36 65
36 132
36 210
37 10
37 192
37 198
37 205
37 220
38 1
38 78
38 150
38 177
38 188
39 38
39 41
39 47
39 103
39 183
39 184
39 187
39 208
39 214
40 1
40 88
40 89
40 129
40 172
40 220
41 55
41 60
41 78
41 101
41 105
41 141
41 151
41 213
42 43
42 49
42 60
42 127
42 154
42 161
43 103
43 142
43 147
43 161
43 206
44 2
44 57
44 61
44 128
44 141
44 199
44 206
45 64
45 86
46 34
46 40
46 170
47 6
47 69
47 82
47 155
47 163
47 219
48 3
48 31
48 37
48 118
48 136
48 190
48 209
49 37
49 52
49 58
49 66
49 104
49 166
49 196
49 198
49 212
50 25
50 56
50 122
50 126
50 134
50 147
50 164
50 174
51 32
51 76
51 104
51 140
51 161
51 220
52 120
52 143
52 198
52 200
53 29
53 66
53 98
53 114
53 117
53 206
53 207
54 21
54 34
54 37
54 126
54 144
54 163
54 205
55 34
55 97
55 105
55 110
55 135
55 157
55 164
56 15
56 63
56 65
56 91
56 128
56 150
56 207
57 38
57 62
57 87
57 88
57 91
57 113
57 115
57 120
57 162
57 179
58 116
58 118
58 128
58 150
58 181
59 18
59 99
59 124
59 211
60 5
60 19
60 30
60 74
60 120
60 161
60 164
60 167
60 197
61 9
61 25
61 29
61 51
61 89
61 97
61 118
61 125
61 158
61 182
61 214
62 16
62 27
62 142
63 73
63 136
63 137
63 145
64 31
64 70
64 91
64 100
64 114
64 128
64 137
64 143
64 162
64 180
64 187
64 207
65 13
65 25
65 64
65 108
65 114
65 116
65 117
65 126
66 47
66 57
66 92
66 112
66 144
66 178
67 15
67 16
67 82
67 109
68 8
68 23
68 32
68 46
68 88
68 97
68 108
68 112
68 150
68 185
68 217
69 65
69 96
69 106
70 7
70 34
70 50
70 52
70 75
70 99
70 205
71 39
71 40
71 51
71 53
71 93
71 130
71 149
71 151
71 184
71 211
72 19
72 31
72 55
72 61
72 66
72 112
72 131
72 168
72 185
72 202
73 12
73 77
73 106
73 133
73 187
73 196
73 198
74 7
74 25
74 27
74 70
74 173
74 201
74 205
75 17
75 39
75 49
75 69
75 137
75 184
76 5
76 14
76 15
76 24
76 34
76 101
76 165
76 194
76 213
77 18
77 56
77 100
77 126
77 140
77 180
78 15
78 91
78 103
78 138
78 170
78 200
79 4
79 13
79 25
79 34
79 53
79 72
79 129
79 186
79 213
80 18
80 36
80 88
80 101
80 109
80 122
80 163
80 201
80 203
81 4
81 42
81 44
81 68
81 125
81 131
81 168
81 177
82 13
82 26
82 99
82 110
82 122
82 151
82 176
83 30
83 53
83 73
83 89
83 97
83 130
83 145
83 146
83 173
83 182
85 76
85 86
86 109
86 187
86 209
87 35
87 48
87 56
87 70
87 101
87 168
87 212
88 79
88 103
88 116
88 122
88 145
88 162
88 182
88 203
88 204
89 116
89 133
89 180
89 185
89 220
90 196
90 212
91 29
91 45
91 51
91 77
91 93
91 111
91 183
91 184
91 214
92 219
93 3
93 87
93 100
93 176
93 188
93 213
94 4
94 23
94 33
94 59
94 95
94 102
94 135
94 210
95 36
95 110
95 116
95 146
95 169
95 182
96 63
96 68
96 74
96 125
96 151
96 187
97 37
97 114
97 133
98 4
98 31
98 42
98 83
98 129
98 198
99 88
99 108
99 140
99 162
99 192
100 22
100 26
100 37
100 39
100 72
100 196
101 12
101 36
101 102
101 167
101 187
101 199
101 213
102 105
102 123
102 146
103 66
103 119
103 172
103 190
103 194
103 204
103 209
103 215
104 2
104 46
104 176
104 190
104 215
104 218
105 8
105 40
105 106
105 113
105 123
105 166
106 18
106 54
106 60
106 107
106 136
106 196
107 21
107 39
107 72
107 186
107 211
108 7
108 29
108 66
108 162
108 168
108 179
109 7
109 40
109 41
109 47
109 121
109 122
109 182
110 17
110 20
110 35
110 53
110 81
110 88
110 122
110 126
110 161
110 200
111 47
111 54
111 65
111 138
111 162
112 38
112 52
112 81
112 96
112 100
112 141
112 171
112 175
113 11
113 74
113 86
113 101
113 122
113 199
114 45
114 58
114 95
114 172
115 14
115 34
115 48
115 76
115 81
115 89
115 109
115 141
115 157
115 171
115 172
116 16
116 22
116 55
116 104
116 124
116 178
116 202
116 209
117 33
117 73
117 134
117 173
117 190
117 210
118 90
118 112
118 167
118 195
119 21
119 35
119 57
119 92
119 105
119 109
119 124
119 139
119 151
119 165
119 167
119 177
119 197
120 17
120 49
120 133
120 159
120 173
121 32
121 60
121 74
121 107
121 173
121 211
122 64
122 75
122 95
122 181
123 27
123 45
123 55
123 71
123 126
123 184
123 202
124 66
124 76
124 77
124 89
124 100
124 123
124 141
124 147
125 22
125 52
125 154
126 2
126 70
126 92
126 133
126 150
126 216
127 49
127 64
127 83
127 87
127 90
127 166
127 205
127 217
128 14
128 84
128 138
128 148
128 174
128 194
128 220
129 59
129 125
129 169
129 182
129 187
129 212
130 32
130 58
130 68
130 101
130 103
130 111
130 186
130 202
130 207
130 210
131 10
131 42
131 53
132 19
132 199
133 1
133 6
133 17
133 19
133 213
134 38
134 106
134 127
134 135
134 156
134 203
134 204
134 219
135 41
135 166
135 206
135 220
136 1
136 5
136 30
136 47
136 55
136 65
136 132
136 143
136 164
136 191
137 71
137 160
137 177
138 36
138 53
138 85
138 133
138 207
138 219
139 57
139 91
139 99
139 101
139 115
139 125
139 143
139 191
140 11
140 24
140 59
140 77
140 102
140 122
140 153
140 193
141 7
141 17
141 116
141 157
142 34
142 98
142 118
142 165
142 177
142 180
142 190
142 205
142 206
143 94
143 123
143 148
143 160
143 165
143 216
144 12
144 163
144 197
145 43
145 82
145 96
145 143
145 168
145 180
146 38
146 54
146 72
147 13
147 16
147 61
147 74
147 88
147 97
147 117
147 131
147 143
147 175
147 182
147 185
148 24
148 63
148 72
148 124
148 125
148 137
148 160
148 177
148 198
149 50
149 98
149 131
149 157
149 172
149 178
150 32
150 48
150 54
150 72
150 111
150 126
150 173
150 211
151 33
151 63
151 77
151 98
151 106
151 115
152 76
152 91
152 117
152 138
152 166
152 184
152 192
153 9
153 55
153 89
153 107
153 138
153 220
154 1
154 55
154 75
154 92
154 97
154 116
154 166
155 48
155 56
155 58
155 87
155 164
155 165
156 19
156 69
156 82
156 94
156 119
156 130
156 180
157 19
157 33
157 37
157 42
157 128
157 143
157 158
157 182
157 198
157 203
157 204
158 49
158 78
158 81
158 83
158 99
158 191
159 48
159 62
159 69
159 93
159 148
159 158
159 178
159 199
159 200
159 210
160 90
160 179
160 181
160 190
161 46
161 127
161 131
161 158
161 189
161 194
161 196
161 212
162 5
162 20
162 127
162 185
163 48
163 57
163 72
163 81
163 120
163 127
163 129
163 139
163 146
163 147
163 211
163 212
164 9
164 20
164 43
164 92
164 130
164 152
164 198
164 210
165 98
165 126
165 137
165 138
165 212
166 131
166 141
166 142
166 145
166 163
166 177
167 12
167 30
167 38
167 41
167 47
167 80
167 86
167 109
167 145
167 175
167 201
168 1
168 2
168 3
168 22
168 66
168 95
168 123
168 145
168 186
169 20
169 70
169 73
169 77
169 97
169 105
169 106
169 120
169 125
170 25
170 63
170 164
170 187
171 28
171 66
171 86
171 125
171 137
171 163
171 194
171 209
172 5
172 7
172 15
172 59
172 98
172 100
172 102
172 130
172 159
172 171
172 177
173 17
173 169
173 186
173 203
174 14
174 35
174 58
174 60
174 70
174 71
174 122
174 163
174 211
175 22
175 27
175 82
175 162
175 193
175 213
176 6
176 13
176 60
176 70
176 95
176 137
176 149
176 155
176 162
177 39
177 79
177 83
177 102
177 151
178 31
178 54
178 56
178 61
178 62
178 75
178 112
178 128
178 133
178 143
178 176
179 4
179 42
179 66
179 106
179 185
179 191
179 195
180 10
180 97
180 137
180 175
180 178
180 199
180 204
180 205
181 30
181 31
181 70
181 138
181 152
181 172
181 187
182 92
182 96
182 129
182 141
182 159
182 207
182 209
183 1
183 26
183 39
183 61
183 148
183 179
183 190
183 209
184 7
184 23
184 93
184 133
184 142
184 155
184 207
184 218
185 8
185 45
185 48
185 76
185 112
185 115
185 120
185 156
185 207
186 23
186 74
186 120
186 137
186 212
187 3
187 20
187 23
187 46
187 49
187 63
187 116
187 120
187 135
187 155
187 171
187 204
187 219
187 220
188 4
188 12
188 174
188 189
188 215
188 218
189 13
189 20
189 43
189 66
189 71
189 91
189 92
189 157
189 177
189 191
190 34
190 82
190 97
190 152
190 170
190 178
190 213
191 20
191 55
191 75
191 111
191 112
191 114
191 128
191 139
191 150
191 157
191 173
191 182
191 202
191 209
192 21
192 39
192 61
192 71
192 86
192 113
192 148
193 139
193 152
193 159
194 16
194 69
194 89
194 117
194 193
194 196
195 22
195 25
195 43
195 56
195 58
195 74
195 84
195 105
195 115
195 167
195 207
196 2
196 4
196 18
196 20
196 51
196 55
196 87
196 101
196 111
196 121
196 183
197 27
197 34
197 76
197 118
197 138
197 205
197 206
197 212
198 16
198 33
198 59
198 202
199 19
199 79
199 83
199 97
199 117
199 145
199 157
199 159
199 181
200 49
200 92
200 97
200 202
201 54
201 74
201 97
201 212
202 166
203 32
203 33
203 59
203 97
203 148
203 193
204 1
204 21
204 47
204 65
204 119
204 153
204 216
205 7
205 32
205 78
205 85
205 86
205 88
205 92
205 93
205 109
205 126
205 138
205 193
205 197
206 7
206 31
206 43
206 68
206 91
206 93
206 98
206 113
206 134
206 176
206 207
207 22
207 34
207 123
207 134
207 151
208 33
208 60
208 64
208 78
208 149
208 155
208 173
208 198
209 6
209 20
209 33
209 83
209 121
209 180
209 211
210 96
210 117
210 137
210 149
210 195
210 200
210 205
210 208
211 16
211 19
211 21
211 87
211 98
211 148
211 191
211 197
212 70
212 98
212 139
212 148
213 10
213 35
213 37
213 51
213 73
213 81
213 82
213 91
213 142
214 10
214 55
214 90
214 94
214 133
214 189
215 38
215 74
215 88
215 94
215 95
215 141
215 154
215 174
215 186
216 27
216 36
216 74
216 98
216 143
216 162
216 166
217 3
217 63
217 72
217 81
217 83
217 102
217 136
217 138
218 17
218 21
218 36
218 73
218 79
218 89
218 93
218 102
218 147
218 190
218 212
219 27
219 55
219 107
219 148
219 157
219 202
219 205
220 3
220 62
220 121
220 157
220 160
220 162
220 165
