2250
2249
2 1927
2 2230
3 1175
6 684
6 830
7 106
7 118
7 768
7 1981
8 349
8 786
9 991
9 1033
9 1898
10 167
10 901
12 93
12 557
13 1652
14 913
14 1671
15 1300
15 1506
15 1784
18 322
18 1237
19 1297
19 1368
19 2085
20 886
23 1328
23 1479
24 56
24 1376
25 1663
26 222
26 876
26 2109
29 1630
30 1402
32 895
32 1327
35 256
36 1222
37 896
38 1640
38 2237
39 580
39 1062
39 1533
39 1992
40 1924
42 595
43 1988
45 379
45 1174
45 1413
46 525
55 2084
56 1168
56 1478
57 806
60 1742
62 1493
64 134
65 1586
65 2131
66 425
66 1997
68 858
70 166
70 1075
71 2118
74 732
75 1118
75 2190
76 106
77 926
78 347
79 1890
80 530
80 901
82 617
85 1237
85 2077
85 2181
87 377
88 1172
88 1909
89 978
89 1158
91 1835
91 2055
92 1599
94 1370
95 1094
96 858
96 1553
97 610
99 1123
100 1134
100 1197
101 1838
104 991
104 1470
105 873
106 1065
108 198
108 2206
110 1254
113 68
113 764
115 319
115 716
115 737
117 334
117 1449
120 1814
122 1057
122 2196
123 1333
124 404
124 2108
126 1237
126 1426
127 690
128 2153
129 1227
129 2076
130 483
130 609
131 942
133 898
134 722
134 909
134 1877
135 386
135 1729
135 2245
136 657
138 2146
139 502
140 55
140 813
143 357
143 466
143 522
145 471
146 1950
147 1165
148 62
148 265
148 461
148 1927
149 782
149 1402
150 459
152 844
156 1443
156 1790
158 333
161 1071
163 442
165 1261
165 1737
166 1862
167 281
168 1596
169 652
169 890
169 1735
170 159
172 1068
175 1754
176 245
176 525
176 703
177 1816
179 601
182 268
183 489
183 558
183 1469
184 988
186 1165
187 1268
187 2092
188 1759
191 400
191 1255
191 2231
192 41
192 611
193 1201
193 1644
194 568
194 798
196 1159
198 498
199 1765
202 130
202 173
202 1921
204 2134
206 269
206 1310
207 484
208 1078
208 1594
208 2020
209 407
209 454
210 1807
211 479
211 1074
212 1534
213 197
213 546
213 607
213 629
214 67
215 1301
215 1992
216 2035
217 943
219 1781
219 2017
220 122
220 1203
222 696
222 2131
223 1182
226 1187
227 1116
227 1374
228 1350
229 1039
230 1828
230 1995
231 296
232 292
233 558
235 168
236 304
237 1934
238 1419
240 908
240 1108
240 1179
241 1593
241 1813
241 2054
242 226
242 719
244 651
244 1561
245 103
246 252
247 1696
247 2196
249 224
249 325
250 113
250 184
250 384
250 2229
251 444
254 845
254 1726
257 120
257 307
257 1855
259 445
261 1790
261 1994
264 1510
270 891
270 2213
271 628
272 2203
274 175
274 1743
275 447
275 1779
275 2211
276 674
277 1246
277 2063
279 200
280 904
280 1631
281 1082
282 998
282 1891
284 81
284 806
284 2226
285 671
286 1037
289 1419
294 2023
296 597
297 979
298 1134
298 1212
299 453
300 855
301 1552
301 2218
302 157
302 839
302 1316
303 1897
304 7
306 181
306 693
308 1997
309 689
309 992
309 1692
309 2159
310 1236
311 11
311 1617
313 279
313 324
313 1123
314 742
315 509
316 1169
317 22
318 1301
321 519
324 26
324 652
324 1340
325 1621
325 1920
326 2141
327 1
327 1545
327 1687
329 500
332 328
332 1930
333 1418
334 801
335 457
335 1313
335 2176
337 1159
338 61
345 663
345 2076
346 629
346 1400
347 389
347 1342
348 561
348 1169
348 1881
349 445
349 693
351 102
352 1429
353 428
354 538
354 1819
355 1519
356 161
356 1208
358 1424
358 2127
362 1183
364 1409
365 1697
365 2174
367 261
367 1157
370 126
370 963
370 2083
371 53
371 970
372 52
372 729
376 944
376 1569
376 1747
378 1200
379 1518
380 92
380 981
381 1255
381 2122
382 1681
383 1468
384 46
385 1823
386 810
389 1355
390 1778
394 1719
396 354
396 583
397 595
397 1648
399 1088
401 56
402 1868
406 1403
406 1573
406 2225
407 1763
407 2032
407 2217
408 2052
408 2140
409 482
410 1460
412 1018
412 2219
415 1255
415 1453
421 231
422 298
425 218
427 909
427 1466
431 2000
432 169
432 730
434 579
437 664
437 1305
441 2007
443 1281
443 2237
445 1898
447 1820
448 2193
449 1002
451 722
452 2025
453 133
455 1971
457 2108
459 390
459 1940
460 867
460 2057
465 2208
467 237
468 1285
468 1377
469 653
470 684
471 686
471 839
471 2014
474 359
474 2171
476 213
478 326
479 475
483 334
483 1078
483 2102
484 520
485 908
486 998
487 168
487 1131
487 1410
488 1855
489 282
489 971
490 6
492 485
495 206
496 318
498 1109
498 1974
499 1869
501 901
502 1018
502 1456
502 1659
503 1287
503 1732
505 2087
506 58
507 1471
508 1584
511 663
511 1400
511 1597
512 128
513 942
514 540
514 651
514 1031
517 478
518 1997
520 1570
520 1650
523 1928
524 1655
525 50
525 228
527 991
528 271
528 518
529 1221
529 1971
529 2095
534 215
535 445
535 1639
536 920
538 1001
538 1177
540 182
540 856
541 1063
542 412
542 1453
545 288
545 1284
546 522
548 2008
552 1504
552 1938
553 53
555 1765
556 66
556 858
557 689
558 1758
559 2163
560 802
561 2029
563 865
564 449
564 1671
566 286
567 294
568 1204
568 2215
569 691
569 2031
570 771
573 1338
575 340
575 2040
577 1018
577 1170
577 2067
578 411
578 1943
579 288
580 142
580 645
581 464
581 732
583 1016
583 1452
584 695
585 863
585 978
585 1237
586 220
586 2017
587 1421
589 1833
591 3
591 1232
591 1421
592 799
594 1598
595 1153
599 2094
601 1001
601 1347
602 103
602 592
604 1083
604 1537
604 2114
605 726
607 386
607 1733
611 884
611 2212
613 191
614 389
614 1306
616 2149
617 436
617 477
617 1590
619 1956
622 193
622 532
624 1796
624 2141
625 17
625 1587
627 1426
627 1756
628 1798
631 1076
631 1090
631 1212
632 466
633 2227
634 431
634 857
636 1256
637 725
637 837
641 449
641 732
642 331
642 387
642 556
642 1633
644 1294
646 1508
647 31
647 112
648 35
648 2011
649 462
649 843
650 1353
651 1088
653 1434
653 2139
654 956
655 4
655 856
655 1581
655 1819
656 551
659 1018
660 1259
661 776
661 1255
662 1670
662 2201
664 1742
665 248
665 676
665 1918
667 717
671 1959
672 886
672 1936
673 1876
673 1996
675 1153
677 139
678 792
679 1366
680 1163
681 1910
681 2037
681 2067
681 2091
684 481
684 1418
684 1848
687 1514
688 1034
689 1220
690 1158
692 1707
693 2222
694 1257
695 120
695 621
697 1370
700 284
700 1645
700 1885
700 2201
702 17
702 1216
704 737
705 107
706 2022
707 482
707 1179
709 953
709 1137
709 1684
709 2227
710 421
711 772
713 1589
715 136
715 1033
716 2076
718 994
720 2237
721 253
721 773
721 1510
721 1629
722 1182
723 525
725 1196
725 1650
726 23
727 346
727 1198
727 1483
728 1178
729 117
729 244
730 927
730 1571
731 1889
733 830
733 1100
733 1267
733 1797
734 706
734 1394
737 1301
738 1073
738 1611
738 1904
739 178
739 731
740 1996
745 222
748 2195
749 799
750 1755
751 195
752 1406
752 1594
753 1041
754 145
754 991
756 1881
757 700
757 998
757 1852
759 534
759 923
759 1669
759 1936
759 2170
760 955
762 382
763 524
764 517
764 1395
764 1732
766 1479
770 77
771 1164
773 2096
774 754
774 2237
775 221
775 845
776 749
776 907
778 395
778 1198
779 140
780 1356
780 2234
783 391
784 456
785 694
785 704
785 1798
786 807
787 55
787 461
788 566
789 1180
790 359
791 1702
794 748
795 1902
796 1293
796 2093
797 2161
797 2219
800 98
800 2024
802 534
802 1389
803 101
803 1844
805 1828
806 1832
807 507
810 136
810 296
810 847
810 1870
812 2150
814 501
814 2128
814 2185
816 1098
819 1173
819 1796
819 1934
821 697
821 2101
822 1040
823 2068
825 1587
829 1406
831 858
832 1383
834 1480
836 699
836 1307
838 584
838 1614
839 193
840 34
843 2184
847 2111
848 272
848 758
849 1112
850 1299
851 1303
853 82
853 2108
854 1259
855 7
855 984
855 1515
857 41
858 138
858 470
858 1115
859 1640
859 1923
860 875
862 560
862 575
862 1610
864 1016
865 752
865 2135
866 1295
869 703
869 1031
871 1445
871 2117
872 2153
873 1208
873 1378
875 1565
876 2224
877 528
877 1799
878 250
879 627
879 785
880 735
880 769
881 852
883 324
883 1747
884 935
885 168
886 177
886 871
886 1490
893 1571
894 253
895 1101
897 122
897 764
899 1499
899 1884
900 315
900 2103
901 1745
901 2199
902 86
902 1898
902 2069
903 1146
905 1239
907 2241
908 341
912 171
912 1161
913 342
913 1625
914 1561
915 1401
917 1956
918 1723
919 1662
921 353
921 1606
922 389
925 821
925 2030
929 779
930 688
930 899
932 211
932 1294
933 729
933 1470
933 1514
934 839
936 714
937 247
940 1492
940 1637
940 2062
942 644
944 588
946 640
946 762
946 2208
947 268
948 917
949 2235
950 87
950 1560
954 1615
954 1785
955 383
956 564
957 1683
958 678
959 187
960 1691
961 2039
963 570
964 211
966 404
966 1507
966 2075
967 417
967 1887
968 869
969 744
969 831
969 1729
971 1690
972 2205
973 1517
973 1562
974 994
976 411
976 803
977 62
977 773
977 1029
978 1233
979 252
980 529
980 1008
980 2134
981 80
981 1342
981 1843
982 1773
983 1261
988 573
988 1021
988 1919
989 450
991 511
991 1042
991 1138
991 1198
992 202
994 296
994 1721
996 1048
997 171
999 298
1000 125
1000 1012
1003 918
1006 850
1006 1052
1008 2090
1009 1917
1011 715
1011 1906
1012 284
1012 1276
1013 1181
1014 623
1014 624
1014 1594
1015 1398
1016 160
1016 1180
1016 1312
1016 1648
1017 925
1017 1857
1019 227
1021 562
1022 828
1024 612
1025 984
1027 1596
1028 2066
1031 1177
1032 730
1032 1643
1034 485
1035 405
1035 683
1035 1320
1035 1900
1036 387
1037 1201
1038 166
1038 1487
1040 827
1041 1307
1041 1790
1041 1988
1043 1221
1045 221
1046 331
1046 2093
1047 144
1048 1369
1049 19
1049 721
1049 1653
1050 895
1052 1987
1053 1524
1054 1652
1055 1073
1055 1906
1058 1874
1062 1078
1063 552
1063 692
1063 1225
1064 601
1065 1374
1066 1395
1067 109
1067 390
1067 580
1068 1166
1068 1418
1069 1839
1072 573
1072 1258
1072 1329
1074 959
1075 1212
1076 1671
1076 2180
1076 2230
1078 305
1083 1887
1085 2179
1086 1371
1089 720
1089 1223
1089 1975
1090 1586
1090 1807
1091 1753
1092 273
1093 2206
1094 404
1095 495
1095 1617
1097 632
1097 1675
1097 2221
1099 620
1099 964
1099 1795
1103 2140
1104 840
1104 984
1108 1190
1109 417
1109 1603
1110 1867
1111 256
1111 330
1111 432
1112 61
1112 613
1113 528
1115 1302
1115 1636
1116 2143
1117 251
1117 1061
1120 317
1120 692
1120 727
1121 262
1122 391
1123 2015
1124 1422
1127 1959
1128 707
1129 221
1129 1399
1130 2249
1131 1015
1131 1370
1132 1044
1133 2000
1134 1054
1134 1580
1134 1717
1135 883
1137 1093
1139 639
1139 1169
1139 1481
1140 96
1140 1594
1140 2104
1141 1193
1141 1334
1146 857
1146 1079
1148 310
1148 1574
1150 1833
1151 503
1152 62
1152 66
1152 689
1152 810
1152 1655
1152 1962
1153 35
1154 405
1154 661
1156 2250
1157 1682
1161 52
1162 698
1165 497
1165 955
1167 1025
1168 942
1169 545
1170 1386
1172 2038
1173 455
1174 1802
1175 781
1177 707
1177 1233
1179 1013
1180 926
1181 822
1182 723
1182 1841
1184 1022
1184 1241
1184 1466
1184 2111
1186 272
1190 1033
1190 1617
1191 507
1192 2124
1193 1200
1198 82
1199 358
1200 2065
1200 2100
1202 190
1203 633
1205 1959
1206 1724
1207 1411
1207 1660
1208 2203
1209 899
1209 2195
1210 2208
1211 232
1211 1660
1214 673
1215 173
1215 1423
1217 494
1218 785
1218 1233
1218 1348
1219 43
1219 263
1219 450
1219 1070
1219 2020
1220 1424
1221 60
1221 420
1224 492
1224 1296
1224 1850
1225 908
1226 655
1227 916
1230 1991
1231 417
1231 1269
1232 1747
1232 1829
1233 495
1233 1197
1234 878
1234 1456
1234 2165
1235 196
1236 2063
1236 2077
1237 38
1237 352
1237 2081
1238 1323
1240 1382
1240 1762
1241 953
1242 1753
1242 1807
1244 63
1244 1971
1245 1159
1246 289
1246 1267
1248 1411
1248 1580
1249 1547
1249 2040
1250 341
1252 1021
1253 211
1253 1783
1256 664
1256 2028
1257 859
1257 2155
1260 2085
1261 432
1261 458
1261 1630
1264 1537
1264 1751
1264 1896
1265 176
1265 2145
1268 243
1268 974
1269 532
1270 883
1271 621
1273 894
1273 1223
1274 1388
1274 1835
1274 1992
1277 2070
1281 105
1281 707
1284 330
1285 156
1287 1817
1287 2029
1289 244
1289 279
1289 677
1289 1056
1289 1173
1290 1423
1292 1633
1293 827
1293 894
1294 1096
1295 1675
1299 26
1300 1920
1300 2227
1302 493
1302 600
1303 1215
1303 1710
1304 385
1304 1358
1304 1471
1305 1639
1305 1669
1306 1964
1307 219
1307 713
1308 1292
1311 1409
1312 2247
1313 1360
1313 1667
1320 142
1320 601
1323 136
1324 1741
1326 341
1326 1769
1326 2227
1327 1797
1328 637
1328 1488
1329 1456
1330 1324
1331 1768
1332 1
1332 195
1334 1468
1338 1383
1340 1963
1341 1326
1342 1237
1343 1365
1343 1871
1345 2086
1348 1291
1349 1804
1352 214
1352 1100
1354 786
1354 1493
1355 1794
1357 598
1358 1696
1362 54
1363 799
1365 1993
1366 237
1366 1465
1367 98
1371 1066
1371 1151
1372 581
1372 1440
1373 187
1375 1536
1376 1871
1377 181
1379 358
1380 1892
1381 312
1381 1393
1382 2174
1383 1242
1384 276
1385 1945
1386 871
1387 580
1387 1299
1387 1775
1388 442
1388 566
1389 1458
1390 458
1390 798
1390 1035
1391 1239
1391 1941
1394 2021
1394 2126
1395 1061
1396 1930
1398 1837
1399 1908
1400 1227
1402 122
1403 1569
1403 1956
1404 230
1404 408
1406 257
1406 868
1406 1356
1411 2132
1412 540
1413 412
1416 1012
1417 1672
1418 1615
1422 337
1424 523
1425 2211
1428 1852
1428 2097
1429 2071
1430 73
1431 2135
1433 28
1434 1910
1436 1678
1438 407
1439 1883
1440 1724
1441 101
1441 1291
1441 2021
1442 321
1443 624
1446 2119
1447 1340
1447 1671
1449 1715
1451 984
1452 777
1454 139
1454 161
1454 231
1456 756
1456 1254
1457 1495
1458 483
1459 1363
1461 133
1461 1507
1463 106
1463 549
1463 1394
1463 2135
1464 622
1464 663
1464 997
1466 1126
1467 294
1467 1630
1468 1389
1469 811
1470 78
1470 775
1470 1764
1470 1807
1471 1538
1472 555
1472 1033
1472 1580
1473 989
1473 2075
1474 1679
1476 197
1476 546
1476 613
1477 2008
1479 435
1480 659
1480 920
1480 1954
1481 344
1481 1616
1482 385
1482 2109
1483 944
1485 1245
1486 1396
1487 1538
1487 1596
1490 719
1490 1356
1490 1709
1491 181
1491 506
1491 686
1491 1001
1491 1356
1492 218
1492 506
1493 317
1494 213
1495 905
1495 1603
1497 1895
1499 1126
1499 1147
1499 1869
1501 767
1501 2106
1502 116
1502 1537
1507 1741
1507 2213
1511 1196
1513 2071
1514 376
1516 656
1516 1688
1516 2101
1519 1652
1520 1038
1522 140
1522 1215
1522 1288
1522 1296
1523 1811
1524 2060
1525 1720
1525 2203
1526 226
1526 896
1527 215
1528 1230
1529 1453
1532 490
1533 774
1534 768
1534 866
1535 369
1535 731
1535 754
1535 1791
1536 459
1536 732
1536 1200
1537 295
1537 1996
1539 1873
1543 158
1543 345
1547 213
1547 1351
1548 387
1548 1134
1548 1836
1550 2139
1551 1198
1552 1650
1554 2011
1555 1325
1556 1628
1557 1096
1559 975
1560 1037
1561 2163
1562 2123
1563 1120
1563 1300
1566 51
1566 606
1566 1587
1567 508
1568 1653
1569 2002
1570 1150
1570 1455
1571 774
1572 2057
1572 2240
1573 560
1575 505
1575 515
1576 434
1577 1976
1579 2163
1580 81
1580 858
1581 2170
1583 1676
1584 222
1584 1060
1585 1872
1586 20
1588 280
1588 481
1588 1057
1588 1759
1589 2003
1592 488
1592 767
1592 992
1593 1545
1594 391
1596 1167
1597 1120
1597 1538
1599 837
1599 2016
1601 2062
1602 177
1602 406
1602 847
1602 1331
1603 508
1603 1562
1605 2099
1606 954
1607 420
1607 1716
1607 1734
1608 1549
1608 1981
1609 1667
1610 723
1612 146
1613 162
1613 379
1613 588
1613 929
1613 1317
1613 1712
1614 255
1614 658
1616 2047
1619 1692
1620 754
1620 1756
1621 413
1621 1540
1623 307
1623 1517
1623 1870
1624 468
1624 2241
1625 389
1625 1312
1626 1126
1627 700
1628 856
1628 1521
1629 1767
1630 1048
1630 1600
1631 2094
1631 2178
1632 460
1636 1999
1638 253
1639 960
1639 1650
1640 110
1640 920
1641 1435
1641 2059
1642 1588
1644 769
1645 74
1646 486
1649 542
1650 567
1651 97
1651 928
1652 843
1652 1212
1652 1252
1654 1878
1654 2235
1656 1471
1656 1935
1658 558
1660 205
1660 274
1660 289
1660 1806
1660 1881
1661 1588
1663 2142
1664 23
1665 1085
1665 1957
1667 485
1667 660
1667 1138
1667 2122
1668 646
1668 1624
1670 24
1670 1769
1671 348
1671 1651
1673 1276
1674 1171
1677 99
1677 1263
1679 1288
1680 257
1680 1428
1681 526
1681 1425
1682 1217
1682 2017
1683 1114
1684 226
1685 473
1685 1501
1685 1679
1685 2089
1686 1151
1687 133
1689 1955
1693 779
1693 780
1693 2183
1694 1686
1695 1986
1698 39
1699 1976
1703 257
1703 784
1704 527
1705 1772
1706 403
1706 1281
1706 1994
1708 555
1708 1646
1709 1421
1710 893
1712 472
1712 1530
1713 274
1713 1032
1713 1229
1718 208
1718 221
1718 555
1718 1596
1719 1606
1721 226
1722 954
1723 141
1723 1584
1723 1937
1724 2206
1726 575
1726 1108
1727 1069
1728 562
1728 737
1730 356
1730 697
1730 1692
1730 1918
1734 529
1734 1346
1734 2190
1735 796
1737 118
1738 20
1738 1372
1740 1574
1740 2076
1741 314
1742 1972
1743 1749
1744 1583
1745 960
1746 230
1746 760
1748 580
1748 804
1748 1011
1749 910
1749 1340
1750 1446
1751 43
1751 1656
1752 1959
1752 2061
1754 379
1754 2049
1755 1305
1758 2189
1760 223
1760 407
1760 1566
1764 181
1765 1494
1765 1532
1768 348
1769 345
1769 559
1769 1246
1770 291
1770 612
1770 1080
1771 236
1772 2144
1773 943
1774 1936
1775 1232
1776 35
1780 1486
1781 1865
1784 375
1784 1032
1785 1255
1786 979
1786 1569
1787 895
1787 916
1789 391
1789 483
1790 625
1790 1198
1792 815
1792 973
1792 1197
1793 465
1793 1010
1793 2084
1794 268
1794 874
1794 1229
1795 273
1795 1227
1796 401
1797 597
1798 1365
1800 416
1803 143
1805 103
1807 280
1808 1965
1808 2141
1809 1828
1810 586
1810 1052
1811 85
1814 1820
1815 915
1815 2123
1816 1566
1819 474
1820 846
1820 1723
1821 550
1822 663
1822 755
1823 101
1824 933
1827 31
1827 1143
1827 1277
1827 2233
1829 28
1830 1131
1831 241
1831 1288
1833 26
1833 1992
1835 1363
1835 1721
1840 1578
1841 1308
1842 1693
1843 1023
1845 1145
1845 1913
1846 1165
1847 753
1850 1894
1852 1541
1853 279
1855 1558
1856 1534
1858 601
1858 1816
1859 667
1860 989
1862 57
1862 913
1863 86
1864 1993
1865 510
1865 707
1865 2109
1865 2218
1870 839
1871 1766
1873 472
1873 1235
1873 1483
1874 148
1875 2035
1876 1811
1876 2216
1877 25
1877 688
1877 1283
1878 529
1880 276
1880 1066
1880 1735
1881 1588
1884 589
1884 1016
1886 2094
1888 787
1890 936
1892 121
1893 454
1893 2141
1895 1380
1896 1164
1897 259
1899 1155
1899 1298
1900 655
1901 912
1901 1400
1904 340
1904 695
1904 1292
1907 331
1908 326
1908 879
1908 1513
1910 193
1910 537
1910 1919
1911 1337
1913 338
1913 2092
1914 1954
1916 181
1916 2141
1917 1082
1918 580
1921 128
1921 2098
1923 1760
1924 2063
1926 426
1926 980
1927 1559
1929 1758
1929 2214
1930 364
1930 1769
1931 419
1931 1023
1932 1139
1932 1298
1935 818
1935 2065
1937 2143
1939 428
1941 279
1941 492
1941 699
1942 2034
1943 213
1943 1797
1944 1915
1945 338
1945 2176
1946 1461
1947 362
1949 1842
1950 1622
1950 1851
1951 287
1951 1392
1951 2154
1952 270
1952 1011
1953 301
1955 2043
1956 2173
1957 999
1958 1442
1959 2068
1960 1786
1962 117
1962 1132
1963 1938
1964 755
1965 1585
1967 779
1967 1109
1968 57
1969 978
1970 649
1971 126
1971 699
1972 1360
1973 2107
1982 1292
1984 586
1986 127
1986 741
1986 1408
1988 342
1990 463
1991 1954
1993 945
1997 286
1997 2015
1998 449
2002 598
2002 862
2002 1309
2003 437
2004 301
2004 469
2006 542
2008 1639
2009 505
2009 1634
2009 1663
2012 429
2014 912
2014 1218
2014 1849
2015 536
2017 1085
2017 1292
2018 656
2019 1808
2020 106
2020 557
2027 9
2028 599
2030 1185
2031 1727
2037 1570
2038 765
2039 77
2039 297
2039 837
2039 981
2041 472
2041 1351
2042 1784
2046 221
2046 1437
2046 1958
2047 1806
2048 458
2049 1555
2051 505
2052 476
2052 679
2052 774
2052 1177
2052 1667
2052 1924
2053 1491
2056 340
2057 286
2057 289
2058 849
2059 2236
2060 61
2061 1356
2062 1239
2062 2189
2065 1173
2066 8
2067 731
2067 864
2067 1856
2067 2103
2068 584
2069 1044
2069 1389
2070 621
2070 1522
2070 1702
2070 2080
2071 1646
2071 2188
2073 1534
2074 789
2074 1617
2074 1775
2077 1090
2079 665
2079 1261
2081 106
2081 377
2082 123
2082 558
2082 810
2082 1477
2082 1609
2084 750
2084 1805
2086 107
2086 919
2089 731
2090 31
2090 715
2091 669
2092 1554
2093 703
2095 1205
2099 1079
2100 322
2100 780
2102 389
2102 2000
2103 583
2104 1282
2104 1781
2105 560
2106 637
2107 748
2108 1258
2108 1414
2109 909
2110 305
2110 2170
2111 1253
2111 1367
2111 2061
2113 1599
2118 1296
2119 397
2121 64
2122 474
2122 589
2122 664
2122 918
2124 1905
2125 106
2126 1507
2126 2159
2129 536
2129 1936
2130 97
2130 192
2130 1182
2136 20
2136 1716
2137 1135
2137 2084
2139 1020
2139 1727
2140 1907
2143 613
2144 1544
2144 1840
2144 1948
2144 1974
2151 855
2151 1238
2152 749
2153 1890
2154 139
2155 1979
2156 556
2156 809
2158 22
2158 1137
2159 1434
2159 1646
2161 936
2162 374
2162 2203
2163 491
2165 885
2165 1116
2166 1993
2168 198
2169 414
2169 1705
2170 446
2170 690
2171 309
2173 1487
2175 1641
2178 939
2181 958
2183 109
2184 310
2185 152
2185 704
2186 872
2186 1532
2187 897
2187 1157
2188 241
2188 1317
2188 1749
2189 253
2192 2177
2196 779
2198 699
2198 717
2200 590
2202 540
2203 1257
2204 1414
2206 183
2210 342
2210 1922
2213 881
2214 1760
2214 1788
2214 1845
2215 765
2217 887
2219 1694
2220 1263
2221 562
2221 1091
2221 1732
2221 2152
2222 1698
2223 1928
2224 889
2225 700
2225 1492
2227 2158
2228 879
2229 2042
2231 1822
2231 2031
2232 1019
2232 1980
2232 2055
2233 1495
2234 1076
2234 1485
2238 1154
2240 627
2241 958
2241 2146
2242 826
2243 1203
2245 554
2245 1739
2247 1982
