230
689
1 31
1 124
2 78
3 96
3 113
3 120
3 211
3 213
4 3
4 8
4 86
4 141
4 208
5 94
5 142
5 187
5 219
6 10
6 71
6 124
6 136
6 156
7 70
7 117
7 156
7 222
8 34
8 107
8 175
9 1
9 3
9 83
9 133
10 9
10 31
10 46
10 181
11 33
11 35
11 70
11 151
12 134
13 19
13 60
13 61
13 119
14 182
15 36
15 174
16 57
16 101
16 107
16 199
17 46
17 107
17 144
17 172
17 199
18 45
18 153
19 78
19 134
19 145
19 165
21 93
21 205
22 3
22 52
22 97
22 104
22 108
22 124
22 133
23 16
23 59
23 81
23 88
24 13
24 179
25 4
25 80
25 100
26 84
26 115
27 213
28 62
28 88
30 62
30 107
31 40
31 128
31 190
32 30
32 73
32 74
32 211
33 86
33 155
34 119
34 207
35 45
35 116
36 25
36 43
36 209
37 11
37 48
37 81
37 184
37 203
37 227
38 22
38 139
38 146
39 69
39 79
39 182
39 184
39 210
40 125
41 120
41 122
41 126
41 152
41 160
42 14
42 202
42 220
43 9
43 41
43 104
43 134
45 39
45 53
45 107
46 105
47 43
48 37
48 164
48 181
48 210
49 20
49 217
50 13
50 95
51 18
51 122
51 205
52 26
53 179
53 180
54 56
54 60
54 110
54 142
54 177
54 206
55 21
55 23
55 116
55 118
55 176
55 182
56 44
56 166
56 170
57 73
57 133
57 146
57 216
58 146
59 152
60 4
60 63
60 71
60 91
60 152
61 146
61 177
62 128
63 27
63 31
63 50
63 73
63 128
63 186
64 50
65 42
65 46
65 117
65 152
65 230
66 49
66 85
66 116
66 153
67 48
67 55
67 78
67 108
67 126
67 144
68 119
68 219
69 15
69 31
69 66
70 30
70 93
70 153
70 224
71 23
71 63
71 132
71 196
71 212
71 225
72 18
72 66
72 104
72 123
72 148
72 161
72 200
73 38
73 96
73 107
73 171
73 207
74 9
74 14
74 31
74 32
74 107
74 142
74 153
74 212
75 198
76 79
76 134
76 213
77 99
77 105
78 70
78 107
78 185
78 227
79 13
80 185
81 51
81 200
82 42
82 53
82 125
82 173
83 123
85 72
85 79
85 109
86 23
86 26
86 98
86 229
87 73
87 153
87 185
88 90
89 1
89 16
89 103
89 157
90 60
90 134
91 149
91 157
91 169
91 183
91 212
92 11
92 27
92 36
92 78
92 180
93 19
93 42
94 88
94 141
94 149
94 177
95 67
96 88
96 99
96 106
96 181
97 49
97 58
97 60
97 85
97 93
97 180
98 28
98 112
98 130
98 135
98 214
99 2
99 126
99 163
99 223
100 28
100 78
100 131
101 165
101 174
101 201
102 31
102 74
102 98
102 192
102 194
103 142
103 185
103 199
104 28
104 52
104 228
105 49
105 62
105 79
105 122
105 206
107 77
107 104
107 143
108 111
108 116
108 142
108 158
108 211
109 42
109 56
109 212
110 3
110 12
110 33
111 19
111 22
111 124
111 176
111 195
112 28
112 42
112 94
112 220
113 42
113 142
113 165
114 38
114 133
115 54
115 69
115 123
116 64
116 143
118 95
118 167
118 184
118 191
119 178
120 22
120 54
120 113
121 106
121 168
122 222
123 102
124 52
124 222
125 59
125 61
125 73
125 96
125 148
125 165
125 185
125 213
126 22
126 27
126 44
126 52
126 67
127 166
128 127
128 229
129 58
129 131
129 198
130 144
131 227
132 139
132 143
132 148
132 158
132 159
133 35
133 138
133 176
133 219
133 223
134 96
134 145
134 209
135 68
135 118
135 132
135 152
135 200
135 209
136 76
136 189
138 28
138 56
138 62
139 80
139 146
139 212
139 230
140 16
140 29
140 37
140 56
140 108
140 122
140 190
141 114
142 20
142 90
142 149
142 216
143 141
143 194
143 218
144 69
144 128
144 227
145 11
145 57
145 212
146 33
146 43
146 84
146 93
146 129
146 183
147 7
147 15
147 96
147 132
147 151
147 229
148 15
148 128
148 133
148 151
149 29
149 120
149 126
150 77
150 148
151 96
152 143
152 194
153 15
153 219
154 148
154 222
155 55
156 42
156 97
156 98
156 167
157 51
157 104
157 221
158 132
158 157
158 161
159 67
159 184
160 41
160 146
161 54
161 83
161 123
161 190
163 72
163 139
163 179
163 192
163 221
163 229
163 230
164 31
164 56
164 107
165 44
165 79
165 155
166 153
167 59
167 142
168 122
168 175
168 219
170 3
171 58
171 69
171 157
171 222
172 167
173 53
173 108
174 80
174 119
174 193
175 95
175 185
176 130
177 32
177 102
177 188
178 38
178 56
178 89
178 167
179 27
179 82
179 90
179 175
179 185
179 186
179 189
180 63
180 106
180 157
180 177
181 120
181 196
181 228
182 65
182 200
183 118
183 147
183 154
184 9
184 43
184 53
184 62
184 92
184 176
184 185
185 149
186 113
187 1
187 211
188 62
188 74
189 46
189 62
189 88
189 122
191 2
191 5
191 19
192 74
192 81
192 82
192 88
192 201
193 227
194 108
194 121
194 160
194 169
195 151
195 178
196 11
196 16
196 110
196 141
196 142
196 214
197 46
197 162
197 191
198 118
198 189
198 199
199 190
200 97
200 112
200 132
200 207
200 220
201 138
201 168
201 220
202 120
203 50
203 63
203 120
203 127
203 164
203 225
204 88
204 116
204 219
205 9
205 132
205 220
205 225
206 220
207 143
207 178
208 60
208 153
208 172
208 207
210 93
210 167
210 220
211 33
211 116
211 133
212 157
212 165
212 210
213 67
214 67
214 105
214 141
214 142
215 177
216 129
217 91
217 122
218 40
219 11
219 34
219 133
219 151
220 120
220 129
220 134
220 171
220 225
221 123
221 151
221 201
223 20
223 108
223 167
223 173
223 220
224 60
224 64
224 84
224 123
224 144
224 211
224 220
225 7
225 99
225 167
226 135
227 146
227 161
227 174
227 197
227 219
228 28
228 63
228 83
228 200
229 146
229 164
229 211
230 126
230 194
