240
240
1 89
2 117
3 35
5 31
6 39
8 22
8 221
9 74
9 234
11 67
13 229
14 117
14 204
15 29
15 149
17 155
17 230
19 81
20 1
21 225
22 155
24 130
24 158
29 199
31 117
31 147
31 156
32 153
34 129
35 71
36 156
36 197
37 5
40 23
40 76
41 157
42 158
45 237
46 39
48 73
48 212
50 41
51 21
51 240
55 42
55 124
60 180
60 232
61 47
61 211
62 2
62 32
62 69
62 73
62 84
62 133
63 108
63 130
65 105
70 129
70 137
71 19
72 4
72 118
72 145
74 117
75 197
76 208
77 96
78 115
78 237
79 35
79 167
79 210
80 193
81 22
82 145
82 147
83 16
87 163
87 185
89 110
90 34
91 37
92 79
93 52
93 66
94 87
94 89
95 11
95 102
97 221
99 186
100 3
100 125
103 2
103 212
105 20
105 98
106 36
107 46
107 123
107 168
108 91
109 8
112 85
115 24
115 27
115 150
115 240
116 60
116 83
116 121
116 188
118 81
118 172
121 190
121 199
122 169
122 198
123 193
124 54
125 219
128 94
129 37
129 169
130 172
132 77
133 195
135 49
135 61
135 72
136 83
139 36
142 209
144 110
144 199
145 76
146 6
146 154
148 83
148 102
148 137
148 140
149 39
149 111
149 220
149 232
150 180
150 209
151 227
153 25
154 116
155 104
155 130
156 190
157 158
158 122
159 39
161 55
163 10
163 185
164 233
165 101
166 85
171 104
171 118
171 140
173 150
173 158
173 186
174 15
174 159
175 12
175 30
175 184
178 88
178 179
179 188
180 171
181 141
182 191
184 100
184 160
186 14
186 114
187 148
188 83
188 121
188 134
189 221
190 2
191 20
191 108
192 85
193 200
194 36
194 163
195 14
195 124
196 126
198 11
201 58
201 77
203 52
205 84
205 180
206 16
206 66
207 228
209 237
210 55
210 137
210 147
211 238
212 28
216 140
218 161
218 183
218 232
219 80
220 87
220 217
220 224
222 94
223 190
225 149
225 212
226 99
228 182
229 35
229 183
230 185
231 61
231 117
231 215
233 24
233 159
234 188
235 35
