2500
2500
1 115
1 259
3 791
3 1278
3 2347
6 1311
7 186
9 38
11 110
12 1354
13 2124
14 823
14 2477
15 1393
18 1121
19 759
19 968
20 117
20 436
21 2077
23 2122
25 1034
25 1477
26 361
26 2194
27 1607
28 1604
29 1363
29 2456
30 1204
35 51
36 1160
36 1962
38 1229
38 1863
41 697
42 968
42 1918
42 2368
44 756
44 1393
46 2034
47 1897
48 226
49 650
49 1837
50 754
50 972
51 1069
51 1886
52 268
54 82
54 2328
55 1226
57 1944
58 2179
59 2088
61 920
62 1570
63 366
63 2161
64 446
65 334
67 1556
68 1046
68 1050
68 1221
68 1257
68 2148
69 76
69 2169
69 2288
71 1464
71 1928
74 105
75 150
76 1079
79 1601
82 2316
83 328
83 1243
84 1350
84 1559
90 246
90 1208
90 1558
91 160
91 631
91 1310
92 761
93 1652
94 2383
95 306
96 615
97 470
97 749
99 87
101 1963
103 1880
105 318
105 2074
106 1073
106 1357
107 252
107 351
108 1757
109 450
109 2401
112 1090
113 268
117 1333
118 193
118 566
119 182
119 864
120 509
120 1671
121 518
122 2238
123 2402
124 1990
125 279
125 414
127 1153
129 72
131 1323
132 1648
134 2237
136 2286
137 232
137 1312
138 359
138 2228
138 2303
139 1667
140 376
140 2016
141 801
143 1798
143 2068
144 2033
146 867
146 2226
147 435
148 747
148 1326
151 388
151 1268
154 1044
154 2359
156 1167
156 2369
157 2091
158 2219
158 2398
159 829
160 494
160 1497
160 2000
163 1792
163 2023
165 2286
167 1787
168 1278
169 615
170 1633
174 188
174 302
174 471
174 1991
174 2080
175 1603
175 1877
176 958
180 1960
181 1221
181 1232
182 767
183 1075
183 2417
185 2051
186 1257
186 2065
187 142
187 895
187 2083
188 79
188 1210
190 402
193 2313
194 662
194 1177
195 420
195 820
196 1214
196 1937
198 1815
199 656
200 2499
201 2078
203 2463
206 484
206 908
207 718
208 1342
209 1101
209 2221
209 2334
210 1256
210 2188
212 440
213 1383
215 343
215 1256
216 114
216 2462
217 323
217 2018
219 1309
222 2128
224 874
224 1862
233 1960
236 547
236 839
238 642
238 1202
238 2090
239 376
240 477
240 1349
242 1012
244 1733
246 138
249 794
251 740
252 506
254 1777
255 1108
256 402
258 2103
258 2370
259 1601
260 1253
260 2323
263 1072
264 2018
265 409
265 1846
268 1056
270 1595
270 2371
271 329
273 1068
274 942
275 1194
277 1703
278 117
282 1560
282 1604
282 2285
284 2183
287 356
287 498
287 557
287 2248
292 396
292 492
292 2063
293 82
293 921
294 799
298 303
298 1427
300 646
301 1332
305 2180
307 1787
307 2074
309 1698
311 882
311 1925
312 636
314 1817
315 1162
318 620
318 1161
319 2325
320 22
320 1806
321 1973
322 1628
323 108
323 1198
323 1347
324 1016
324 1517
325 2265
326 1752
326 1985
330 418
330 2259
332 2496
333 1318
335 1588
336 956
338 644
339 114
342 1066
343 2319
344 355
344 1441
344 1579
344 1974
345 439
345 476
346 549
347 2132
348 933
349 1111
349 1683
350 33
352 292
352 2281
355 1472
356 106
356 231
356 2392
357 447
357 766
358 274
358 1519
358 2007
359 251
360 2290
363 1809
365 1651
366 974
370 314
370 1404
372 1710
372 2050
375 56
375 315
377 891
377 1702
377 1801
377 1810
377 1932
378 245
378 330
378 1555
381 1137
383 1018
383 2339
386 1327
387 577
389 2418
391 1308
392 1355
393 1686
396 28
396 471
397 1306
398 234
398 1391
399 1133
399 2187
399 2441
400 2301
401 160
401 803
403 949
407 918
409 2309
410 1248
411 750
411 1632
411 2222
412 350
412 425
412 1487
413 1512
414 510
414 732
415 980
416 1967
419 1270
419 1531
419 2066
420 1748
420 2425
422 1858
422 2353
424 2116
427 1178
428 240
430 7
430 12
430 283
431 115
431 1536
431 1809
432 293
432 591
432 2335
433 1395
437 1838
437 1925
437 2108
438 804
438 1124
440 101
440 2476
441 1622
442 439
443 1990
444 1916
444 2433
445 834
446 584
447 1544
450 101
450 1924
452 339
452 1034
452 2204
453 2249
455 475
456 699
458 152
458 1293
458 2045
458 2490
459 1310
460 754
460 897
460 2034
461 2125
464 1224
464 1338
464 1616
464 2496
465 2302
467 1993
469 1665
470 1854
471 641
472 1484
472 1787
472 1994
474 707
474 1009
476 2214
477 1243
477 2131
479 1199
480 259
483 1306
484 650
484 1377
485 323
485 938
485 1054
487 1188
487 1465
487 1605
489 755
489 1725
489 2235
490 875
490 1686
491 2378
492 1935
493 3
493 2117
495 627
495 686
495 2384
496 198
498 390
501 2179
502 595
503 259
503 713
504 1878
506 1730
509 1357
509 2209
511 588
512 1723
513 1563
514 1257
516 1216
518 537
518 1907
519 1391
521 870
521 2049
523 28
523 2246
524 146
524 1746
525 290
525 1253
525 1744
529 1324
529 2421
530 483
530 1750
531 177
531 236
531 908
531 2127
531 2317
533 696
534 1899
534 2031
535 1280
535 1779
536 1217
536 1710
537 508
537 984
538 2032
540 118
540 1587
540 2465
543 1576
544 1178
544 2372
546 331
547 2018
547 2259
549 1188
550 2012
550 2214
551 710
552 956
552 2217
553 341
553 367
553 2439
555 1930
555 2391
556 1437
557 165
558 1218
558 2000
559 123
559 2421
561 776
561 1836
563 1037
563 1629
565 2202
566 546
570 45
573 1421
574 1406
574 1852
574 2197
575 1385
576 1658
577 310
578 2058
578 2102
582 1144
583 141
583 1007
583 1596
584 605
584 1185
584 1214
584 2288
585 506
586 1536
586 1750
588 1271
591 2416
593 1920
593 1955
593 2268
594 174
595 1019
596 233
596 429
598 390
598 1289
599 236
599 1990
600 1072
602 2349
603 1334
603 1833
604 136
604 773
605 1088
606 822
606 1384
606 1998
607 73
607 1274
608 289
608 1540
608 2446
609 928
609 1918
609 2225
611 495
611 586
611 2119
612 536
620 2324
621 872
622 1392
624 1405
625 2352
626 162
629 1052
629 1532
630 294
630 1318
632 401
633 161
633 1688
634 2359
638 1671
639 1367
640 734
640 2429
641 1856
642 677
642 810
642 1903
643 431
644 1087
644 1545
645 398
645 1290
646 1173
646 2395
647 1989
648 123
648 870
649 1553
650 876
651 502
651 1710
655 1518
655 2240
656 96
656 931
657 950
659 1108
661 747
663 1466
663 2265
665 2452
666 140
666 1147
666 1776
667 818
671 973
671 1932
672 1662
673 938
673 2157
677 567
677 639
677 854
679 297
679 1650
680 668
682 2250
683 2086
683 2377
684 417
688 159
688 990
688 1011
689 2023
690 606
690 1386
690 1704
690 1844
690 2285
691 1383
693 171
693 488
694 488
695 1955
695 2028
696 138
696 675
696 2008
696 2185
697 436
697 1857
698 1064
699 346
702 346
702 461
702 1445
703 1871
706 692
706 2344
708 358
708 1747
708 2375
709 1467
710 2373
711 36
712 681
715 1494
721 1064
721 1641
721 2411
723 1330
723 1544
724 1386
724 1638
725 1878
726 445
727 1367
727 1792
728 795
728 1182
729 1276
730 738
731 1527
732 1760
734 1230
734 1292
734 2286
735 943
736 1139
737 1439
738 353
740 263
740 1274
742 54
742 316
742 1888
742 2070
742 2382
743 1580
744 209
744 2335
745 83
746 332
746 1144
748 870
749 251
750 101
750 1084
751 1972
755 2388
756 693
757 1907
757 2481
758 1192
760 1381
762 873
762 2320
764 1514
765 118
765 426
765 1832
766 1536
766 2135
767 311
767 830
768 1416
771 1471
772 631
772 1596
772 1706
772 1989
773 114
775 896
775 2399
776 702
777 1036
778 45
778 1928
778 2209
779 643
780 1019
780 1535
781 1440
782 1613
783 665
783 1238
784 1223
785 1769
786 102
786 286
788 664
788 938
789 1196
789 1976
791 163
791 1041
794 226
794 2258
796 926
796 1954
797 16
797 582
797 1430
797 1988
799 1515
803 838
803 1389
804 1727
806 108
806 595
806 1264
806 1403
809 1290
809 2204
810 191
810 1289
812 434
812 678
812 1615
812 2399
813 2035
813 2311
814 2063
817 192
818 677
822 55
824 195
824 1601
825 1818
825 1844
825 2487
828 922
828 2474
829 529
830 56
830 2393
831 647
832 2103
834 1842
835 828
836 1484
838 2221
841 279
841 1976
841 2074
842 834
843 2179
844 803
844 1274
844 1330
846 290
846 731
849 1700
852 549
852 2204
853 2075
853 2425
856 1965
857 481
857 2320
858 2034
859 1479
859 2054
860 2105
861 1392
862 331
862 1826
862 1933
866 318
867 1552
868 915
869 57
869 1115
872 697
873 2100
874 610
874 721
874 1575
875 693
877 541
879 623
879 1479
880 504
880 1007
881 2398
882 756
884 541
886 1018
886 2293
887 1852
888 466
889 813
891 661
892 113
895 374
900 68
900 940
900 983
901 651
901 1397
901 1886
902 1969
902 2244
904 1811
904 1942
905 1228
908 2350
910 1547
912 1513
913 937
914 885
914 1416
915 1491
917 744
918 1755
919 625
921 1034
921 1600
924 2067
926 103
926 1520
929 1362
930 2204
931 358
938 110
939 248
939 1328
942 434
944 1344
946 642
947 615
947 1468
948 945
948 2172
949 225
949 2227
950 419
950 769
951 28
951 348
952 1571
952 1966
952 1995
953 490
953 1668
954 1577
958 2261
959 1256
960 1470
962 936
962 1081
964 411
964 1457
964 2240
966 2355
967 9
969 658
969 1009
969 1119
969 1155
970 18
970 1813
971 1017
976 1088
978 2254
979 1433
979 1593
979 2254
984 778
985 714
987 190
987 527
987 1237
989 483
990 209
995 2330
996 1291
997 1685
999 107
1000 688
1001 1981
1001 2377
1002 1824
1004 1723
1005 462
1005 2335
1006 1272
1006 1810
1008 714
1009 63
1011 2128
1012 1716
1012 2204
1013 736
1014 1810
1015 1213
1016 1532
1016 1833
1017 20
1019 562
1019 736
1020 1120
1024 156
1024 2473
1026 744
1026 1284
1026 1801
1027 735
1029 1479
1029 1535
1029 2076
1031 504
1033 2490
1034 580
1035 2139
1035 2388
1036 1527
1038 1228
1041 1777
1041 1843
1042 9
1042 984
1042 1994
1042 2202
1044 632
1045 1485
1047 174
1047 1066
1047 1968
1050 400
1052 495
1052 1515
1052 1970
1054 1438
1056 6
1057 166
1057 338
1059 589
1060 270
1060 2232
1061 1119
1061 1845
1061 2003
1062 176
1063 1608
1063 1734
1063 2265
1064 2475
1067 1846
1067 2258
1068 1035
1068 1115
1068 2335
1070 2163
1071 206
1072 1951
1078 292
1078 1775
1079 1947
1080 654
1081 232
1081 1225
1084 247
1084 554
1084 1679
1086 431
1088 345
1088 486
1088 1053
1089 1353
1089 1691
1089 2218
1091 5
1091 952
1091 1488
1091 1620
1091 1780
1092 711
1094 1947
1094 1963
1096 59
1096 147
1096 882
1097 1401
1101 1166
1103 2206
1104 470
1104 815
1104 2000
1107 43
1107 177
1107 612
1107 1991
1109 1722
1109 1743
1110 267
1110 560
1111 1873
1111 2342
1112 74
1112 531
1112 1437
1114 578
1114 1014
1114 1914
1115 411
1117 517
1120 2007
1122 1907
1122 2469
1123 8
1123 791
1125 2120
1126 1201
1127 974
1127 1088
1127 1096
1128 2282
1130 888
1131 1302
1132 1990
1133 1047
1133 1187
1134 1047
1134 1101
1134 1483
1134 1782
1135 418
1135 1123
1135 1585
1135 1818
1135 2160
1136 1917
1137 59
1137 243
1138 1810
1139 246
1140 1274
1141 856
1142 1625
1146 528
1146 996
1146 2317
1147 39
1147 595
1148 1706
1151 1600
1151 2209
1152 1002
1153 370
1153 1086
1155 1904
1155 2168
1156 532
1156 1651
1156 2112
1156 2439
1157 881
1157 1629
1159 2357
1161 101
1161 768
1162 1621
1164 397
1164 1487
1166 777
1166 2186
1170 1486
1171 397
1172 426
1172 2254
1173 257
1173 376
1173 831
1174 674
1177 2019
1178 1398
1180 1201
1181 1174
1181 1207
1181 1999
1181 2047
1182 1191
1184 540
1184 1202
1184 2354
1185 1914
1187 1504
1187 2458
1188 1462
1189 1537
1190 624
1190 1377
1191 1170
1192 1570
1192 1765
1197 749
1197 1343
1199 571
1199 1043
1199 1584
1200 517
1202 702
1205 859
1205 987
1205 1612
1205 1903
1207 1230
1208 956
1208 1689
1209 2144
1211 10
1211 1228
1212 168
1212 1707
1213 370
1215 80
1215 241
1215 2291
1216 1443
1217 1838
1218 1326
1220 758
1220 1081
1220 1089
1221 207
1221 1150
1223 1385
1224 594
1224 635
1224 1484
1224 2185
1225 162
1225 660
1227 407
1230 1621
1231 2419
1232 1698
1233 1342
1235 1280
1235 1301
1237 2325
1238 1764
1239 2475
1241 786
1242 2054
1243 949
1243 1926
1246 1666
1247 1810
1248 1119
1249 500
1250 1633
1251 675
1252 1378
1253 1565
1253 1603
1254 1085
1254 2131
1255 133
1255 1925
1256 295
1257 1287
1258 469
1259 2035
1259 2306
1260 500
1262 1280
1263 325
1264 956
1265 415
1267 33
1267 1877
1268 428
1268 2154
1269 1570
1273 942
1275 918
1275 2129
1275 2459
1278 538
1279 1263
1281 560
1282 2191
1283 256
1283 2372
1284 1608
1285 2088
1286 496
1286 2229
1287 2403
1288 875
1288 2176
1289 1421
1289 1700
1290 77
1290 1559
1291 1330
1292 1586
1293 1579
1294 979
1294 1359
1296 132
1296 1135
1297 2272
1301 676
1303 330
1303 1341
1304 1800
1304 2229
1305 970
1307 2012
1308 1715
1308 1757
1309 817
1311 1765
1311 1946
1311 2015
1312 1233
1313 970
1313 1826
1315 1545
1315 1871
1317 212
1317 248
1317 586
1319 1147
1319 1228
1320 839
1322 929
1322 1432
1324 2224
1325 726
1327 11
1327 451
1327 1114
1328 105
1328 232
1331 1251
1331 1444
1333 2051
1334 1344
1335 1373
1335 2196
1336 109
1337 1064
1337 1437
1339 2190
1341 1798
1342 457
1343 291
1343 2098
1346 8
1346 369
1351 2123
1352 1876
1353 61
1354 2404
1355 302
1355 1876
1355 2301
1356 180
1357 126
1357 1119
1357 1823
1358 1432
1359 565
1360 585
1361 2327
1363 2149
1364 1672
1365 665
1365 1427
1365 2113
1367 1697
1367 1908
1368 688
1368 912
1369 2396
1371 2257
1372 652
1373 939
1373 990
1374 2285
1374 2494
1375 565
1375 1373
1375 1468
1376 1052
1378 37
1378 591
1379 802
1379 1307
1380 111
1382 1510
1382 1542
1383 2042
1387 233
1387 1370
1391 1580
1392 1452
1396 2074
1397 449
1398 445
1399 1958
1399 2407
1403 2068
1404 250
1406 130
1406 1301
1409 2218
1410 991
1410 2417
1411 1098
1411 1337
1412 532
1412 1716
1412 2200
1416 1256
1418 2391
1419 1621
1420 971
1420 2192
1421 1138
1424 531
1425 72
1425 784
1425 1020
1426 719
1426 1643
1429 509
1431 743
1431 2440
1432 47
1432 1697
1433 625
1433 1715
1433 2010
1435 693
1436 1153
1436 1315
1436 1346
1438 1316
1438 1476
1439 696
1440 1408
1440 1860
1442 179
1442 1560
1445 431
1447 750
1447 1909
1448 92
1449 936
1452 1308
1454 1477
1455 210
1457 611
1458 380
1459 403
1460 111
1460 511
1460 1908
1462 264
1463 196
1463 1973
1464 2003
1464 2458
1466 127
1467 2487
1468 388
1468 2150
1469 179
1473 876
1473 992
1484 1921
1486 755
1486 1249
1486 1635
1487 985
1487 1559
1487 2028
1487 2211
1488 948
1489 154
1492 216
1494 705
1494 1357
1494 1735
1496 1598
1497 1299
1497 2152
1498 1589
1500 971
1501 414
1502 2103
1503 280
1503 922
1505 1559
1505 2213
1507 349
1508 1183
1509 1096
1510 727
1510 866
1511 728
1511 1678
1514 1322
1515 1040
1516 1493
1517 1770
1517 2399
1518 1514
1519 1692
1519 2050
1521 1516
1523 455
1523 1513
1524 716
1526 55
1526 748
1526 1239
1529 2070
1530 468
1530 807
1531 150
1531 724
1531 1769
1532 515
1533 55
1533 771
1534 1619
1535 641
1536 381
1536 2002
1537 1506
1538 588
1539 794
1540 1073
1540 2298
1540 2361
1541 1839
1542 970
1542 2009
1542 2238
1543 869
1543 2228
1548 1920
1549 261
1549 1136
1551 395
1551 1020
1551 2479
1552 1594
1552 1849
1553 2108
1559 2188
1560 1133
1560 1384
1561 1062
1561 1743
1562 2055
1562 2374
1563 1061
1564 1168
1564 1650
1565 1754
1566 2019
1567 762
1570 419
1570 473
1571 519
1572 2102
1573 1933
1575 1311
1575 2112
1577 636
1578 777
1579 57
1580 1448
1581 1945
1582 674
1583 158
1585 915
1586 726
1587 890
1587 1206
1588 1652
1590 189
1590 906
1590 1254
1590 1313
1591 2025
1593 2360
1595 800
1596 581
1596 1415
1597 2049
1598 637
1598 2085
1600 374
1600 2067
1600 2185
1602 948
1602 2096
1603 484
1605 1722
1606 1681
1609 1266
1609 1992
1612 127
1612 1929
1613 506
1613 1641
1615 459
1615 1063
1616 800
1618 2129
1620 929
1621 50
1622 261
1622 596
1627 2169
1628 1496
1628 1823
1628 2078
1629 521
1630 274
1634 1821
1634 2130
1636 192
1638 984
1640 1831
1641 965
1642 1799
1643 1956
1644 2249
1645 1045
1646 2121
1647 8
1647 24
1648 1044
1649 516
1649 2043
1650 1355
1653 1278
1654 2003
1655 1816
1656 223
1659 1591
1659 2030
1660 59
1660 1229
1660 1746
1661 381
1664 656
1664 1332
1664 1818
1665 85
1666 1862
1666 2143
1667 739
1669 230
1669 1302
1669 1553
1670 1958
1670 2078
1671 1516
1673 1305
1673 1338
1673 2196
1675 2281
1676 536
1676 1268
1677 1332
1677 2063
1678 532
1679 399
1680 811
1681 825
1681 1409
1682 2460
1684 1614
1684 2210
1685 352
1685 2160
1686 26
1686 1488
1686 1936
1687 1233
1690 2063
1693 1275
1693 1457
1695 1785
1697 834
1698 1579
1701 1628
1703 2057
1703 2213
1704 326
1704 1946
1705 267
1706 400
1707 1196
1708 725
1708 1820
1709 500
1710 86
1710 1038
1710 1270
1712 1099
1712 1394
1713 2189
1714 1095
1715 598
1716 1647
1717 1183
1717 1919
1718 670
1719 337
1720 610
1721 179
1721 1877
1722 433
1722 1158
1728 50
1728 2342
1730 1575
1730 2106
1730 2451
1731 2125
1731 2154
1732 2029
1735 1738
1736 1205
1739 1670
1739 2075
1748 696
1748 1413
1748 2247
1749 64
1749 1155
1750 2363
1757 1487
1759 765
1760 290
1760 628
1762 815
1762 1016
1764 2013
1766 1908
1768 1505
1771 80
1772 1475
1773 245
1773 1685
1774 916
1775 1166
1777 983
1777 1210
1777 1478
1779 902
1781 1800
1782 33
1784 293
1784 542
1786 1963
1786 2010
1787 653
1787 1946
1789 2229
1790 2442
1794 445
1794 1734
1794 1821
1796 546
1796 1643
1797 602
1798 2481
1799 704
1799 1471
1799 2434
1800 1664
1800 1944
1800 2398
1802 874
1802 956
1802 2178
1802 2469
1803 2172
1804 2051
1806 531
1807 1757
1809 2342
1810 579
1811 1004
1813 868
1814 208
1815 562
1816 249
1818 1081
1818 2233
1819 1138
1819 1714
1820 713
1820 1328
1821 1567
1822 1322
1823 336
1824 849
1824 1477
1827 1584
1828 1524
1828 1672
1830 1092
1831 518
1832 111
1832 1118
1833 799
1834 2388
1835 424
1835 889
1835 1935
1838 957
1838 1047
1839 622
1840 1396
1841 557
1842 970
1842 2218
1844 1175
1844 1486
1845 1564
1845 2104
1846 983
1850 1685
1850 2240
1852 2381
1853 1016
1853 2282
1854 2124
1855 286
1855 1538
1856 1256
1858 331
1858 1741
1859 2140
1860 435
1860 824
1861 863
1861 1203
1862 2319
1863 1970
1865 494
1866 443
1866 908
1868 1371
1868 2019
1870 86
1870 281
1870 687
1870 1617
1871 339
1871 1578
1872 1612
1876 943
1877 2021
1879 165
1879 1327
1880 272
1882 1000
1882 1381
1883 300
1883 1030
1884 712
1884 1378
1884 2323
1885 891
1885 1649
1886 704
1887 967
1887 1448
1888 720
1888 2086
1889 1417
1891 1950
1898 938
1898 1008
1899 864
1901 1539
1902 698
1903 2364
1904 2420
1906 306
1910 2177
1911 348
1913 1567
1914 1219
1914 2069
1915 1570
1916 465
1916 1094
1917 1698
1918 1935
1919 175
1920 1153
1921 1342
1924 208
1924 2209
1924 2291
1925 215
1925 2420
1928 1232
1928 1414
1929 1112
1930 2439
1931 1592
1931 2053
1933 1396
1934 1086
1934 2019
1935 1049
1936 335
1937 414
1937 802
1937 2058
1939 106
1939 1241
1939 2483
1940 2030
1941 426
1942 39
1943 756
1943 1638
1944 322
1944 2445
1947 1916
1948 1364
1949 1681
1949 2500
1950 2056
1954 953
1954 1291
1957 1000
1957 1877
1960 967
1960 2252
1961 958
1963 1859
1964 1309
1965 478
1967 1861
1968 236
1969 18
1971 340
1971 2214
1972 430
1972 1672
1973 1632
1973 1671
1974 1108
1974 2100
1975 52
1976 136
1980 352
1980 600
1980 2425
1988 168
1988 394
1990 110
1990 1168
1992 1527
1995 1331
1996 579
1996 2345
1997 1065
1999 603
1999 918
2001 759
2002 2325
2004 143
2005 218
2005 244
2005 993
2005 1163
2008 258
2008 995
2008 1079
2008 1240
2009 1021
2011 845
2012 316
2012 1375
2012 2375
2014 1147
2015 1813
2017 1090
2017 1341
2017 1915
2018 573
2018 844
2018 867
2019 229
2019 2319
2021 1813
2022 1216
2026 729
2027 948
2027 1188
2029 1266
2029 1589
2030 432
2030 1671
2031 1081
2032 2152
2033 1292
2034 456
2035 1723
2035 2031
2037 2209
2037 2330
2038 1252
2039 775
2039 1200
2042 1782
2044 1000
2046 1634
2046 2352
2049 1733
2050 601
2051 326
2051 1823
2052 255
2056 170
2056 2149
2057 142
2057 1069
2058 1161
2058 1343
2059 1218
2059 1956
2059 2109
2060 1855
2062 978
2063 2084
2064 302
2064 710
2064 1059
2064 1795
2064 2031
2066 1620
2067 951
2068 2279
2069 120
2069 333
2069 1430
2070 1828
2073 723
2074 1373
2074 2356
2075 2474
2078 23
2079 1730
2079 1809
2080 27
2081 406
2081 898
2081 1439
2081 2424
2082 683
2082 951
2082 1245
2082 1552
2083 1216
2085 154
2085 1576
2086 2341
2087 1113
2088 993
2089 1127
2090 1705
2091 1107
2092 1068
2093 2071
2093 2448
2095 527
2095 2283
2097 2012
2098 755
2098 1913
2101 1269
2103 1314
2107 1554
2107 2178
2109 1489
2109 2180
2112 1153
2113 646
2113 1377
2114 1319
2115 2457
2119 1058
2119 2059
2120 372
2120 1058
2122 954
2123 1183
2123 1946
2124 706
2128 102
2128 1989
2129 44
2129 1805
2130 1530
2130 2408
2131 1721
2132 1622
2134 1767
2135 23
2136 1351
2136 1434
2136 2137
2138 915
2139 518
2142 2368
2143 285
2144 700
2144 1415
2144 1675
2144 2186
2145 13
2145 394
2147 629
2147 1808
2150 1923
2151 462
2151 1157
2151 1848
2153 1366
2153 2031
2154 170
2154 1990
2155 665
2156 719
2159 12
2159 186
2159 500
2159 904
2159 1569
2160 107
2160 1413
2161 468
2162 1183
2163 1712
2163 1804
2166 834
2169 666
2169 998
2170 2390
2171 692
2173 830
2175 600
2175 2075
2176 2246
2178 151
2178 2212
2182 1478
2182 2122
2182 2312
2184 453
2184 2386
2185 744
2187 1361
2189 302
2189 1004
2189 2205
2190 2077
2190 2471
2191 1805
2192 847
2192 1600
2193 495
2194 59
2194 1198
2196 2407
2198 1257
2201 45
2202 1675
2202 2351
2203 347
2205 965
2210 1156
2210 1717
2211 734
2211 1642
2211 1936
2211 2200
2212 2230
2215 608
2215 947
2218 313
2219 1632
2220 367
2220 1639
2221 1605
2224 2103
2224 2134
2227 229
2227 1597
2228 615
2228 1064
2231 2347
2232 281
2234 1958
2235 1891
2236 1550
2237 334
2238 239
2240 1266
2241 1218
2242 1981
2242 2040
2244 868
2245 2121
2246 1038
2246 1127
2247 570
2248 1291
2248 1349
2249 2081
2250 1648
2250 1686
2250 2259
2251 169
2251 1638
2253 509
2253 760
2254 590
2255 75
2257 1025
2258 439
2259 1606
2260 110
2261 2052
2262 381
2263 154
2263 1329
2264 1937
2266 1438
2266 1518
2267 302
2267 341
2267 1417
2268 1861
2269 1553
2271 2211
2272 476
2273 346
2273 1263
2275 1490
2275 1876
2275 1931
2278 830
2278 1188
2278 1821
2284 827
2286 2052
2288 11
2288 1485
2290 1931
2292 1670
2294 311
2297 1303
2297 1391
2297 2003
2298 2363
2298 2453
2299 293
2299 2426
2300 632
2302 2475
2304 1293
2305 879
2305 1788
2306 811
2306 2035
2307 2248
2308 825
2308 2043
2308 2378
2312 420
2312 524
2312 977
2313 1721
2313 2055
2314 1507
2315 262
2315 1855
2316 2318
2318 1045
2320 227
2320 1240
2322 288
2322 1398
2324 629
2324 1745
2324 1762
2324 2288
2325 540
2325 2236
2325 2276
2327 470
2328 271
2328 1597
2329 534
2332 560
2332 2167
2333 1527
2335 1591
2336 142
2336 199
2336 692
2336 1310
2336 1377
2338 1762
2338 1913
2338 2165
2340 1478
2341 1850
2342 2008
2343 1111
2343 1574
2344 1102
2344 2470
2347 1941
2348 641
2348 1004
2348 1734
2349 727
2349 1015
2349 1322
2349 1898
2349 2270
2349 2465
2352 1481
2353 496
2353 1208
2354 1850
2355 1142
2355 2135
2357 461
2357 1452
2357 2056
2357 2272
2358 130
2359 229
2360 1854
2360 1884
2361 1021
2362 559
2363 1090
2364 110
2364 2309
2365 1607
2368 930
2368 1908
2368 2317
2369 205
2373 283
2375 1816
2376 2470
2377 37
2377 512
2378 1747
2379 550
2379 1431
2379 1847
2380 1350
2383 1065
2387 819
2388 816
2392 845
2392 1760
2394 1303
2394 2168
2395 191
2395 1480
2396 830
2396 1691
2399 2352
2401 1775
2401 1874
2401 1988
2401 2264
2402 1762
2403 946
2403 1509
2404 933
2405 1082
2405 2286
2406 581
2406 667
2406 2316
2407 1892
2411 355
2411 440
2415 1426
2416 1743
2417 1800
2418 1375
2418 2029
2420 468
2420 1046
2420 2211
2421 430
2422 1444
2423 1595
2425 490
2425 1101
2425 1588
2425 1741
2426 1529
2426 2266
2428 204
2429 582
2429 788
2430 2029
2433 833
2435 363
2435 1173
2435 1960
2435 2038
2436 208
2437 1010
2438 716
2438 2295
2438 2432
2440 200
2440 233
2442 207
2442 1604
2444 1871
2446 1673
2448 872
2449 1000
2449 2128
2450 2348
2452 405
2453 1058
2456 1946
2457 1546
2460 825
2460 2105
2463 2194
2464 373
2464 2127
2465 1784
2465 2429
2467 1479
2468 674
2469 179
2471 359
2471 915
2474 49
2474 1474
2475 2030
2478 2312
2480 18
2480 476
2480 848
2481 1970
2482 362
2483 1881
2484 1340
2485 1434
2485 2217
2486 617
2487 2088
2488 271
2489 130
2489 321
2490 469
2490 1271
2490 1453
2490 2209
2494 1335
2494 1381
2495 188
2497 1746
2497 2023
2498 923
2500 440
