250
249
4 86
5 88
5 113
8 188
10 18
12 67
12 250
13 2
13 22
13 175
14 244
15 34
16 124
17 19
17 222
19 32
19 86
20 207
23 197
25 190
26 86
26 231
26 241
27 123
30 48
30 185
33 37
34 13
34 120
34 192
37 17
37 29
38 121
40 45
42 17
42 60
43 92
44 69
45 60
46 142
46 194
46 203
47 135
47 198
48 31
48 190
49 33
50 223
51 16
54 15
56 178
58 13
59 177
59 211
61 15
62 99
62 112
62 235
63 154
65 82
67 114
67 133
69 150
70 155
71 235
72 199
73 103
74 188
75 10
75 129
76 26
76 39
77 247
80 135
83 145
83 220
85 86
86 37
88 7
88 40
88 68
88 246
89 36
90 92
90 173
91 16
91 214
91 225
91 246
92 34
92 49
92 135
94 82
94 182
94 198
94 233
94 235
95 68
95 121
95 199
96 122
97 58
99 48
100 114
101 36
101 84
102 14
104 17
104 42
104 71
105 39
106 194
107 21
107 110
107 186
107 198
108 213
110 93
111 208
112 9
113 78
113 227
114 109
115 93
115 227
116 17
117 4
117 160
119 97
119 103
119 170
121 195
122 221
123 79
123 196
128 193
129 6
130 7
130 61
131 76
131 175
132 196
135 54
135 80
135 229
136 67
138 118
139 64
140 183
140 198
141 13
141 54
141 72
143 72
143 148
147 128
148 130
148 175
149 216
150 78
151 46
152 211
153 230
154 226
155 175
158 15
158 72
158 212
158 242
159 75
159 137
159 242
162 239
163 104
164 217
165 146
165 153
167 128
168 176
170 224
171 163
171 187
173 34
174 105
175 133
175 164
175 239
178 16
178 115
179 45
180 19
184 32
185 119
186 5
188 54
188 60
189 22
190 233
191 20
193 232
194 156
195 1
197 85
197 140
198 221
199 60
199 61
201 41
201 142
204 116
204 205
205 181
206 82
206 214
207 27
207 187
208 127
210 163
211 79
212 18
213 93
215 38
215 84
215 181
216 19
218 250
224 93
227 112
229 226
229 250
231 107
232 199
233 133
234 101
235 206
239 196
239 224
240 6
240 122
240 124
242 200
242 228
243 15
245 2
245 32
245 120
246 133
247 196
248 216
