250
6181
1 7
1 15
1 18
1 53
1 59
1 69
1 72
1 82
1 84
1 95
1 121
1 122
1 159
1 160
1 197
1 204
1 227
1 229
1 232
1 239
1 242
2 12
2 21
2 25
2 32
2 41
2 42
2 45
2 64
2 73
2 84
2 90
2 105
2 140
2 145
2 186
2 212
2 223
2 236
3 29
3 46
3 48
3 54
3 72
3 78
3 92
3 119
3 140
3 152
3 174
3 178
3 180
3 202
3 221
4 5
4 11
4 22
4 46
4 64
4 65
4 72
4 73
4 81
4 94
4 124
4 134
4 136
4 160
4 162
4 166
4 168
4 190
4 191
4 205
4 206
4 208
4 213
4 231
4 249
5 13
5 18
5 41
5 56
5 57
5 90
5 98
5 99
5 121
5 135
5 144
5 156
5 160
5 161
5 170
5 172
5 180
5 181
5 195
5 225
5 242
5 246
6 8
6 32
6 34
6 45
6 49
6 50
6 52
6 55
6 56
6 72
6 82
6 101
6 102
6 114
6 118
6 119
6 128
6 131
6 152
6 159
6 165
6 178
6 179
6 186
6 217
6 225
6 229
6 234
7 2
7 15
7 37
7 40
7 42
7 53
7 55
7 72
7 80
7 88
7 97
7 103
7 109
7 141
7 145
7 150
7 152
7 153
7 159
7 174
7 183
7 185
7 196
7 200
7 206
7 217
7 223
7 226
7 232
7 238
7 241
8 1
8 4
8 21
8 37
8 44
8 85
8 96
8 105
8 106
8 111
8 113
8 116
8 124
8 131
8 143
8 145
8 165
8 167
8 202
8 208
8 211
8 214
8 217
9 1
9 6
9 11
9 47
9 50
9 63
9 86
9 96
9 97
9 111
9 125
9 133
9 147
9 159
9 165
9 170
9 179
9 183
9 188
9 189
9 198
9 210
9 212
9 232
9 237
9 243
10 2
10 27
10 29
10 53
10 65
10 72
10 77
10 88
10 94
10 104
10 105
10 117
10 122
10 128
10 134
10 135
10 141
10 145
10 157
10 158
10 164
10 177
10 193
10 197
10 206
10 212
10 229
10 247
11 14
11 16
11 33
11 57
11 58
11 69
11 75
11 77
11 85
11 86
11 105
11 115
11 119
11 122
11 126
11 139
11 154
11 171
11 175
11 176
11 177
11 192
11 206
12 13
12 17
12 53
12 62
12 65
12 67
12 75
12 100
12 104
12 106
12 111
12 115
12 120
12 126
12 144
12 150
12 159
12 203
12 207
12 242
12 243
12 247
12 248
13 11
13 19
13 24
13 30
13 31
13 73
13 81
13 92
13 100
13 103
13 104
13 105
13 131
13 138
13 162
13 164
13 173
13 187
13 190
13 215
13 223
13 225
13 226
13 232
13 245
14 2
14 9
14 15
14 20
14 25
14 34
14 40
14 62
14 66
14 108
14 116
14 127
14 134
14 136
14 141
14 144
14 147
14 154
14 156
14 174
14 176
14 190
14 208
14 225
14 229
14 231
14 248
15 3
15 33
15 68
15 92
15 93
15 102
15 109
15 117
15 122
15 123
15 125
15 128
15 132
15 137
15 140
15 146
15 177
15 197
15 226
15 242
15 243
15 244
15 245
16 1
16 5
16 9
16 11
16 18
16 20
16 56
16 62
16 82
16 91
16 97
16 105
16 114
16 117
16 134
16 135
16 145
16 147
16 159
16 165
16 172
16 198
16 204
16 212
16 218
16 231
16 242
17 11
17 22
17 35
17 37
17 54
17 58
17 70
17 79
17 84
17 87
17 106
17 115
17 119
17 127
17 131
17 135
17 165
17 167
17 178
17 188
17 198
17 199
17 217
17 222
17 228
17 240
17 250
18 1
18 40
18 45
18 47
18 64
18 65
18 67
18 70
18 71
18 73
18 76
18 83
18 97
18 105
18 122
18 126
18 129
18 133
18 143
18 148
18 160
18 166
18 180
18 201
18 202
18 204
18 207
18 210
18 213
18 220
18 224
18 242
19 7
19 22
19 31
19 36
19 41
19 52
19 57
19 61
19 69
19 76
19 80
19 81
19 100
19 101
19 109
19 141
19 145
19 159
19 160
19 170
19 177
19 180
19 183
19 194
19 199
19 202
19 218
19 222
19 227
19 230
19 241
19 243
19 246
19 247
20 10
20 12
20 17
20 28
20 36
20 39
20 40
20 46
20 65
20 86
20 92
20 97
20 117
20 118
20 127
20 135
20 151
20 158
20 159
20 167
20 171
20 177
20 193
21 19
21 46
21 47
21 71
21 90
21 101
21 128
21 133
21 148
21 151
21 160
21 201
21 224
21 229
21 235
21 239
22 31
22 38
22 44
22 48
22 49
22 50
22 52
22 55
22 116
22 119
22 125
22 132
22 140
22 145
22 147
22 149
22 157
22 158
22 164
22 166
22 187
22 188
22 207
22 214
22 218
22 219
22 220
22 236
22 243
23 18
23 32
23 44
23 58
23 65
23 77
23 97
23 119
23 135
23 139
23 170
23 176
23 183
23 188
23 199
23 202
23 217
23 235
23 244
23 247
24 11
24 13
24 14
24 26
24 39
24 49
24 62
24 64
24 74
24 88
24 97
24 100
24 103
24 112
24 113
24 118
24 128
24 134
24 142
24 153
24 154
24 155
24 176
24 178
24 186
24 194
24 202
24 208
24 218
24 229
24 237
25 5
25 8
25 9
25 29
25 38
25 41
25 42
25 48
25 49
25 61
25 67
25 68
25 79
25 83
25 98
25 102
25 128
25 151
25 175
25 176
25 181
25 187
25 193
25 204
25 225
25 243
26 1
26 27
26 34
26 52
26 54
26 76
26 77
26 78
26 92
26 97
26 108
26 117
26 131
26 132
26 143
26 159
26 167
26 171
26 198
26 201
26 216
26 240
26 241
26 244
26 245
27 20
27 22
27 28
27 34
27 44
27 51
27 55
27 61
27 63
27 90
27 93
27 101
27 102
27 128
27 139
27 146
27 161
27 162
27 173
27 175
27 181
27 185
27 186
27 196
27 200
27 205
27 227
27 237
27 239
27 248
28 4
28 20
28 35
28 37
28 42
28 48
28 68
28 86
28 100
28 109
28 115
28 119
28 120
28 124
28 139
28 143
28 147
28 154
28 169
28 189
28 211
28 236
28 246
29 4
29 13
29 41
29 51
29 59
29 62
29 64
29 76
29 90
29 93
29 110
29 111
29 115
29 119
29 120
29 135
29 137
29 139
29 149
29 153
29 154
29 155
29 161
29 167
29 177
29 184
29 187
29 188
29 195
29 197
29 220
29 221
30 6
30 9
30 17
30 26
30 37
30 46
30 48
30 60
30 62
30 70
30 83
30 92
30 102
30 110
30 111
30 120
30 123
30 126
30 133
30 142
30 146
30 172
30 185
30 191
30 195
30 212
30 213
30 223
30 227
30 231
30 234
31 1
31 6
31 36
31 49
31 60
31 65
31 83
31 89
31 135
31 187
31 202
31 203
31 230
31 234
31 240
32 7
32 22
32 26
32 29
32 48
32 58
32 59
32 75
32 81
32 83
32 104
32 111
32 119
32 125
32 136
32 147
32 155
32 162
32 165
32 177
32 182
32 185
32 187
32 199
32 213
32 215
32 218
32 224
32 247
33 5
33 7
33 17
33 35
33 56
33 73
33 74
33 75
33 96
33 143
33 153
33 173
33 175
33 177
33 186
33 228
33 231
33 236
33 238
33 239
33 244
34 17
34 19
34 44
34 46
34 77
34 82
34 88
34 94
34 111
34 112
34 138
34 146
34 185
34 190
34 193
34 209
34 223
34 237
34 249
35 2
35 5
35 10
35 33
35 64
35 74
35 75
35 94
35 97
35 100
35 110
35 111
35 127
35 164
35 165
35 167
35 182
35 206
35 207
35 213
35 215
35 237
35 243
35 244
35 246
35 248
36 37
36 38
36 71
36 76
36 87
36 121
36 125
36 159
36 168
36 170
36 172
36 175
36 180
36 184
36 190
36 207
36 209
36 212
36 214
36 215
36 220
36 241
37 6
37 23
37 26
37 43
37 75
37 88
37 97
37 102
37 118
37 126
37 153
37 175
37 180
37 185
37 211
37 222
37 235
37 237
37 244
38 14
38 15
38 16
38 28
38 69
38 72
38 81
38 96
38 110
38 117
38 124
38 154
38 163
38 167
38 184
38 245
39 5
39 10
39 14
39 19
39 27
39 36
39 37
39 38
39 66
39 75
39 87
39 112
39 122
39 123
39 128
39 135
39 155
39 162
39 171
39 182
39 193
39 199
39 202
39 217
39 218
39 223
39 224
39 227
39 246
40 22
40 25
40 37
40 46
40 61
40 68
40 69
40 70
40 83
40 96
40 99
40 102
40 105
40 116
40 134
40 135
40 139
40 164
40 196
40 206
40 219
40 232
40 234
41 5
41 7
41 13
41 23
41 30
41 33
41 42
41 43
41 83
41 92
41 100
41 152
41 158
41 162
41 164
41 170
41 195
41 200
41 202
41 211
41 218
41 247
41 249
42 10
42 15
42 21
42 25
42 43
42 51
42 57
42 62
42 81
42 93
42 96
42 117
42 124
42 141
42 145
42 159
42 163
42 165
42 169
42 179
42 203
42 204
42 205
42 217
42 219
42 220
42 225
42 235
42 239
43 18
43 23
43 25
43 26
43 30
43 55
43 56
43 61
43 92
43 96
43 115
43 168
43 171
43 172
43 173
43 181
43 183
43 197
43 199
43 214
43 216
43 222
43 234
43 238
44 4
44 15
44 22
44 23
44 28
44 38
44 39
44 41
44 51
44 52
44 53
44 56
44 57
44 70
44 82
44 92
44 94
44 126
44 130
44 133
44 134
44 136
44 137
44 141
44 153
44 159
44 167
44 176
44 195
44 214
44 241
44 243
44 248
44 249
45 11
45 29
45 32
45 47
45 82
45 100
45 104
45 123
45 126
45 140
45 150
45 155
45 161
45 162
45 164
45 165
45 180
45 189
45 205
45 212
45 214
45 226
45 228
45 247
46 1
46 8
46 12
46 21
46 29
46 37
46 61
46 78
46 82
46 86
46 91
46 95
46 97
46 109
46 116
46 122
46 132
46 140
46 154
46 171
46 172
46 176
46 177
46 184
46 185
46 198
46 200
46 233
47 5
47 9
47 25
47 64
47 69
47 80
47 91
47 93
47 116
47 122
47 127
47 160
47 165
47 178
47 194
47 201
47 202
47 220
47 227
47 238
48 10
48 11
48 13
48 24
48 29
48 39
48 41
48 43
48 55
48 56
48 59
48 74
48 77
48 82
48 92
48 95
48 104
48 106
48 111
48 126
48 133
48 148
48 159
48 162
48 163
48 177
48 179
48 180
48 199
48 205
48 211
48 214
48 218
48 223
48 231
49 13
49 16
49 17
49 19
49 30
49 36
49 67
49 68
49 94
49 99
49 113
49 126
49 140
49 145
49 164
49 166
49 179
49 180
49 220
49 236
49 243
50 3
50 16
50 19
50 29
50 33
50 34
50 67
50 72
50 73
50 92
50 112
50 121
50 125
50 136
50 140
50 154
50 155
50 164
50 166
50 174
50 175
50 187
50 208
50 218
50 246
51 27
51 36
51 38
51 39
51 57
51 75
51 104
51 127
51 130
51 134
51 141
51 158
51 160
51 166
51 172
51 180
51 183
51 211
51 217
51 225
51 228
51 246
52 5
52 9
52 27
52 32
52 42
52 50
52 53
52 55
52 60
52 68
52 69
52 75
52 77
52 82
52 83
52 87
52 93
52 98
52 104
52 123
52 125
52 126
52 130
52 136
52 166
52 169
52 180
52 181
52 184
52 187
52 189
52 200
52 201
52 206
52 208
52 233
52 237
52 250
53 6
53 7
53 15
53 25
53 30
53 60
53 75
53 78
53 87
53 97
53 100
53 108
53 119
53 132
53 150
53 155
53 161
53 169
53 205
53 208
54 7
54 10
54 17
54 48
54 68
54 88
54 107
54 144
54 150
54 168
54 170
54 174
54 176
54 188
54 189
54 193
54 241
54 242
55 2
55 3
55 5
55 8
55 9
55 15
55 30
55 46
55 65
55 74
55 98
55 101
55 106
55 122
55 129
55 144
55 153
55 169
55 191
55 194
55 195
55 228
55 237
56 8
56 17
56 29
56 40
56 42
56 49
56 97
56 100
56 101
56 102
56 123
56 145
56 146
56 150
56 155
56 164
56 216
56 231
56 237
57 5
57 20
57 24
57 26
57 28
57 31
57 42
57 44
57 45
57 59
57 62
57 66
57 89
57 94
57 98
57 114
57 123
57 130
57 131
57 144
57 163
57 169
57 188
57 196
57 205
57 218
57 237
57 248
58 13
58 22
58 34
58 59
58 65
58 114
58 120
58 125
58 127
58 133
58 134
58 144
58 165
58 184
58 188
58 198
58 218
58 225
58 233
58 235
59 2
59 5
59 11
59 12
59 44
59 45
59 67
59 73
59 78
59 86
59 112
59 122
59 147
59 162
59 171
59 198
59 211
59 215
59 222
60 8
60 20
60 22
60 25
60 30
60 31
60 39
60 56
60 64
60 66
60 74
60 76
60 102
60 123
60 125
60 130
60 132
60 139
60 158
60 166
60 177
60 185
60 194
60 196
60 230
60 236
60 240
61 24
61 38
61 39
61 67
61 70
61 74
61 81
61 91
61 99
61 103
61 107
61 111
61 128
61 151
61 159
61 162
61 166
61 180
61 204
61 243
61 246
62 29
62 40
62 69
62 74
62 76
62 102
62 112
62 122
62 141
62 143
62 148
62 158
62 168
62 181
62 203
62 206
62 218
62 222
62 224
62 233
62 234
62 237
62 249
63 3
63 8
63 10
63 25
63 28
63 34
63 41
63 61
63 68
63 82
63 85
63 116
63 123
63 145
63 152
63 188
63 207
63 224
63 228
63 230
64 29
64 32
64 33
64 52
64 70
64 86
64 91
64 99
64 103
64 105
64 114
64 123
64 147
64 161
64 167
64 185
64 187
64 192
64 202
64 208
64 231
64 237
64 243
65 2
65 14
65 29
65 40
65 42
65 53
65 113
65 117
65 123
65 126
65 131
65 136
65 157
65 160
65 161
65 175
65 179
65 184
65 187
65 197
65 204
65 223
66 30
66 36
66 38
66 41
66 46
66 52
66 64
66 70
66 73
66 109
66 112
66 124
66 136
66 140
66 164
66 168
66 200
66 207
66 212
66 232
66 241
66 248
67 24
67 31
67 32
67 35
67 42
67 45
67 62
67 69
67 75
67 76
67 82
67 114
67 116
67 117
67 126
67 128
67 130
67 138
67 144
67 145
67 154
67 159
67 205
67 225
67 228
67 229
67 237
67 243
67 250
68 6
68 17
68 24
68 28
68 46
68 54
68 55
68 59
68 60
68 67
68 70
68 76
68 81
68 86
68 99
68 104
68 105
68 129
68 130
68 135
68 137
68 152
68 155
68 159
68 174
68 178
68 179
68 188
68 192
68 193
68 195
68 201
68 212
68 214
68 231
68 232
68 237
68 238
68 244
68 249
69 5
69 17
69 24
69 37
69 45
69 60
69 62
69 76
69 91
69 96
69 105
69 108
69 128
69 129
69 146
69 152
69 153
69 169
69 171
69 174
69 177
69 201
69 202
69 214
69 231
70 18
70 24
70 25
70 44
70 55
70 58
70 61
70 79
70 88
70 97
70 102
70 106
70 112
70 123
70 128
70 138
70 139
70 170
70 182
70 186
70 189
70 194
70 214
70 216
70 232
70 235
71 3
71 7
71 11
71 15
71 31
71 36
71 51
71 56
71 62
71 65
71 72
71 91
71 97
71 113
71 127
71 150
71 159
71 180
71 185
71 188
71 195
71 198
71 200
71 209
71 213
71 228
71 235
71 238
71 241
72 2
72 3
72 33
72 56
72 61
72 81
72 86
72 88
72 102
72 115
72 175
72 186
72 189
72 190
72 201
72 207
72 225
72 235
72 237
72 245
72 246
72 247
73 4
73 19
73 23
73 27
73 32
73 42
73 48
73 49
73 53
73 54
73 55
73 57
73 63
73 76
73 77
73 92
73 95
73 97
73 98
73 105
73 107
73 117
73 123
73 125
73 128
73 136
73 143
73 146
73 163
73 169
73 171
73 175
73 187
73 192
73 212
73 222
73 233
73 245
73 246
74 15
74 29
74 33
74 35
74 38
74 53
74 72
74 82
74 85
74 106
74 110
74 115
74 121
74 149
74 151
74 176
74 187
74 189
74 191
74 202
75 2
75 17
75 19
75 31
75 32
75 36
75 37
75 43
75 50
75 56
75 89
75 112
75 118
75 123
75 134
75 167
75 170
75 174
75 197
75 211
75 220
75 231
75 249
76 5
76 20
76 44
76 53
76 57
76 68
76 89
76 99
76 100
76 102
76 105
76 131
76 147
76 162
76 168
76 191
76 196
76 198
76 204
76 222
76 229
76 235
77 1
77 12
77 20
77 25
77 44
77 62
77 67
77 87
77 131
77 139
77 145
77 149
77 163
77 181
77 194
77 202
77 240
77 244
77 246
78 12
78 22
78 26
78 45
78 74
78 77
78 101
78 107
78 114
78 115
78 121
78 141
78 167
78 168
78 170
78 192
78 196
78 199
78 201
78 203
78 234
78 249
79 16
79 32
79 44
79 53
79 76
79 87
79 115
79 119
79 122
79 126
79 140
79 175
79 187
79 226
79 228
79 246
80 4
80 24
80 28
80 32
80 33
80 41
80 63
80 64
80 65
80 66
80 67
80 90
80 102
80 104
80 110
80 118
80 119
80 120
80 121
80 130
80 151
80 154
80 161
80 174
80 188
80 199
80 200
80 201
80 209
80 213
80 226
80 230
80 233
81 17
81 70
81 71
81 94
81 98
81 99
81 113
81 116
81 157
81 164
81 215
81 221
81 228
81 230
81 232
81 244
82 13
82 16
82 17
82 23
82 26
82 29
82 30
82 36
82 44
82 45
82 55
82 65
82 68
82 78
82 84
82 85
82 88
82 90
82 100
82 122
82 123
82 148
82 166
82 168
82 185
82 221
82 226
83 9
83 13
83 41
83 55
83 62
83 76
83 77
83 79
83 86
83 90
83 113
83 126
83 133
83 146
83 150
83 158
83 182
83 189
83 204
83 215
83 232
84 10
84 11
84 22
84 23
84 32
84 40
84 53
84 89
84 101
84 102
84 103
84 104
84 107
84 139
84 140
84 165
84 176
84 182
84 195
84 197
84 198
84 210
84 221
84 233
84 234
84 240
85 6
85 40
85 41
85 55
85 60
85 69
85 75
85 79
85 83
85 86
85 91
85 99
85 101
85 119
85 125
85 148
85 150
85 162
85 163
85 174
85 176
85 180
85 206
85 217
85 219
85 222
85 223
85 248
86 37
86 43
86 44
86 58
86 83
86 84
86 94
86 114
86 120
86 145
86 150
86 164
86 165
86 167
86 176
86 182
86 191
86 197
86 201
86 202
86 210
86 233
86 234
87 12
87 16
87 25
87 30
87 32
87 46
87 51
87 53
87 63
87 68
87 71
87 91
87 94
87 97
87 104
87 125
87 127
87 132
87 144
87 148
87 188
87 193
87 207
87 209
87 211
87 229
87 250
88 5
88 9
88 13
88 15
88 18
88 32
88 34
88 58
88 59
88 82
88 110
88 119
88 126
88 132
88 138
88 148
88 154
88 160
88 161
88 170
88 175
88 193
88 199
88 206
88 211
88 212
88 214
88 217
88 222
88 230
88 232
88 242
88 248
89 6
89 7
89 17
89 25
89 41
89 49
89 78
89 86
89 93
89 98
89 111
89 116
89 129
89 146
89 157
89 170
89 175
89 190
89 194
89 198
89 200
89 204
89 206
89 224
89 226
89 228
89 249
90 5
90 23
90 30
90 48
90 62
90 63
90 88
90 94
90 98
90 103
90 115
90 122
90 126
90 139
90 141
90 149
90 167
90 172
90 176
90 197
90 209
90 215
90 233
90 242
91 70
91 93
91 103
91 117
91 122
91 123
91 136
91 137
91 144
91 175
91 178
91 185
91 193
91 194
91 195
91 197
91 198
91 204
91 209
91 212
91 218
91 230
91 234
91 238
92 4
92 46
92 67
92 81
92 85
92 127
92 133
92 134
92 138
92 151
92 157
92 160
92 168
92 188
92 201
92 206
92 210
92 214
92 236
92 246
93 8
93 18
93 24
93 25
93 39
93 40
93 41
93 55
93 72
93 82
93 108
93 112
93 117
93 134
93 166
93 175
93 191
93 199
93 200
93 202
93 234
93 248
94 6
94 10
94 14
94 28
94 36
94 72
94 104
94 111
94 151
94 152
94 156
94 165
94 170
94 172
94 211
94 212
94 214
94 235
94 237
94 242
95 7
95 13
95 21
95 40
95 41
95 50
95 66
95 70
95 73
95 87
95 89
95 94
95 100
95 101
95 102
95 106
95 123
95 137
95 141
95 161
95 172
95 178
95 185
95 189
95 192
95 198
95 218
95 223
95 224
95 227
95 233
96 2
96 28
96 35
96 45
96 57
96 69
96 74
96 87
96 92
96 108
96 110
96 149
96 156
96 157
96 161
96 163
96 179
96 185
96 187
96 192
96 194
96 200
96 204
96 226
96 246
97 6
97 8
97 10
97 20
97 24
97 39
97 43
97 44
97 50
97 51
97 68
97 77
97 87
97 101
97 107
97 108
97 132
97 133
97 145
97 152
97 154
97 162
97 164
97 182
97 206
97 217
97 226
98 7
98 13
98 19
98 24
98 51
98 54
98 55
98 59
98 69
98 77
98 83
98 104
98 105
98 145
98 159
98 161
98 162
98 167
98 183
98 195
98 201
98 230
98 247
99 17
99 22
99 27
99 37
99 45
99 48
99 66
99 77
99 95
99 110
99 120
99 158
99 161
99 162
99 165
99 213
99 246
100 27
100 36
100 47
100 48
100 75
100 76
100 82
100 85
100 99
100 104
100 128
100 150
100 169
100 176
100 186
100 200
100 204
100 208
100 226
100 230
100 231
100 240
101 12
101 13
101 27
101 29
101 31
101 38
101 76
101 81
101 93
101 106
101 112
101 124
101 138
101 148
101 152
101 165
101 174
101 183
101 187
101 201
101 206
101 225
101 235
101 245
101 248
102 2
102 24
102 30
102 32
102 44
102 50
102 51
102 64
102 71
102 76
102 100
102 118
102 137
102 148
102 153
102 158
102 181
102 191
102 204
102 205
102 210
102 214
102 229
102 241
102 247
103 2
103 3
103 6
103 15
103 16
103 70
103 84
103 105
103 134
103 147
103 150
103 154
103 156
103 170
103 172
103 183
103 185
103 195
103 237
103 241
104 62
104 72
104 73
104 78
104 88
104 103
104 124
104 125
104 130
104 141
104 146
104 157
104 158
104 167
104 173
104 174
104 185
104 196
104 202
104 223
104 232
104 248
105 3
105 13
105 16
105 22
105 30
105 31
105 38
105 44
105 68
105 72
105 78
105 81
105 91
105 92
105 119
105 130
105 136
105 143
105 166
105 186
105 188
105 207
105 214
105 236
106 4
106 10
106 21
106 41
106 50
106 64
106 72
106 99
106 110
106 123
106 124
106 140
106 152
106 161
106 165
106 167
106 171
106 178
106 182
106 188
106 196
106 212
106 222
107 9
107 20
107 25
107 28
107 30
107 39
107 53
107 54
107 57
107 69
107 77
107 85
107 100
107 116
107 150
107 153
107 160
107 161
107 167
107 191
107 205
107 224
107 232
107 234
107 240
107 245
107 246
107 249
107 250
108 5
108 12
108 37
108 47
108 48
108 71
108 73
108 77
108 86
108 90
108 94
108 109
108 131
108 149
108 156
108 161
108 179
108 191
108 209
108 210
108 211
108 212
108 221
108 225
108 228
108 244
109 10
109 26
109 30
109 33
109 36
109 45
109 49
109 57
109 71
109 74
109 87
109 92
109 100
109 121
109 123
109 137
109 170
109 172
109 173
109 185
109 190
109 198
109 199
109 205
109 216
109 230
109 245
110 8
110 16
110 21
110 28
110 33
110 34
110 41
110 53
110 57
110 64
110 79
110 92
110 119
110 123
110 129
110 139
110 152
110 162
110 169
110 199
110 205
110 206
110 210
110 219
110 222
110 225
110 243
111 26
111 29
111 31
111 34
111 38
111 40
111 45
111 47
111 48
111 58
111 68
111 78
111 82
111 89
111 101
111 102
111 105
111 124
111 129
111 138
111 144
111 153
111 162
111 169
111 184
111 185
111 190
111 199
111 206
111 213
111 218
111 231
111 232
111 235
112 11
112 18
112 21
112 43
112 59
112 99
112 109
112 111
112 118
112 119
112 140
112 142
112 164
112 168
112 173
112 180
112 182
112 210
112 224
112 236
112 246
112 249
113 12
113 15
113 22
113 24
113 51
113 63
113 64
113 67
113 73
113 109
113 110
113 131
113 133
113 189
113 201
113 202
113 208
113 214
113 232
113 237
113 240
114 9
114 15
114 24
114 25
114 30
114 43
114 56
114 60
114 75
114 103
114 106
114 133
114 137
114 143
114 150
114 152
114 155
114 165
114 168
114 170
114 171
114 173
114 175
114 204
114 214
114 223
114 233
114 247
114 249
115 7
115 17
115 25
115 59
115 61
115 63
115 96
115 117
115 120
115 125
115 135
115 138
115 139
115 145
115 154
115 163
115 176
115 179
115 205
115 214
115 215
115 221
115 224
115 226
115 243
116 1
116 4
116 5
116 7
116 18
116 22
116 31
116 37
116 45
116 50
116 57
116 58
116 61
116 86
116 91
116 93
116 99
116 118
116 119
116 120
116 133
116 137
116 141
116 143
116 144
116 145
116 161
116 179
116 189
116 204
116 211
116 216
116 227
116 229
116 243
116 248
117 13
117 17
117 19
117 29
117 55
117 60
117 95
117 104
117 123
117 142
117 143
117 178
117 184
117 185
117 201
117 202
117 208
117 209
117 220
117 226
118 3
118 6
118 24
118 25
118 36
118 37
118 39
118 81
118 87
118 105
118 121
118 131
118 133
118 141
118 149
118 153
118 171
118 172
118 183
118 186
118 192
118 217
118 235
119 25
119 55
119 64
119 71
119 78
119 81
119 86
119 104
119 107
119 156
119 159
119 162
119 184
119 195
119 201
119 211
119 224
119 225
119 231
119 232
120 5
120 14
120 15
120 34
120 37
120 55
120 65
120 80
120 100
120 108
120 131
120 135
120 138
120 139
120 141
120 147
120 150
120 151
120 156
120 157
120 163
120 164
120 173
120 184
120 204
120 208
120 228
120 229
120 242
121 4
121 13
121 26
121 53
121 54
121 55
121 61
121 63
121 75
121 77
121 98
121 122
121 131
121 138
121 184
121 186
121 193
121 195
121 206
121 211
121 239
122 6
122 10
122 23
122 27
122 37
122 45
122 46
122 49
122 50
122 56
122 76
122 99
122 102
122 116
122 119
122 124
122 133
122 161
122 167
122 182
122 213
122 223
122 226
122 239
122 241
122 244
122 247
122 248
123 8
123 20
123 21
123 33
123 35
123 38
123 39
123 42
123 50
123 59
123 64
123 84
123 101
123 103
123 118
123 127
123 129
123 133
123 134
123 135
123 143
123 158
123 175
123 191
123 192
123 205
123 215
123 218
123 224
123 226
123 233
123 248
124 3
124 15
124 17
124 60
124 61
124 62
124 73
124 74
124 85
124 86
124 89
124 93
124 100
124 102
124 106
124 109
124 117
124 163
124 168
124 173
124 230
125 42
125 45
125 54
125 81
125 84
125 105
125 138
125 164
125 173
125 187
125 188
125 198
125 208
125 210
125 219
125 229
125 234
125 244
126 3
126 7
126 10
126 21
126 39
126 40
126 41
126 69
126 71
126 85
126 87
126 93
126 94
126 109
126 110
126 129
126 146
126 166
126 178
126 188
126 191
126 193
126 202
126 203
126 206
126 229
126 233
127 6
127 22
127 33
127 58
127 60
127 65
127 87
127 118
127 124
127 128
127 132
127 139
127 145
127 147
127 168
127 184
127 186
127 194
127 197
127 208
127 225
127 226
127 228
127 231
127 233
127 246
128 7
128 26
128 34
128 35
128 94
128 98
128 129
128 134
128 150
128 151
128 157
128 190
128 200
128 202
129 7
129 26
129 38
129 60
129 77
129 80
129 85
129 87
129 97
129 109
129 111
129 115
129 120
129 148
129 152
129 157
129 159
129 189
129 196
129 198
129 201
129 204
129 206
129 211
129 220
129 227
129 234
129 244
129 249
130 2
130 7
130 11
130 22
130 36
130 54
130 55
130 61
130 62
130 80
130 84
130 96
130 102
130 113
130 121
130 127
130 132
130 152
130 170
130 173
130 174
130 204
130 207
130 208
130 238
130 242
131 26
131 27
131 30
131 36
131 47
131 51
131 58
131 62
131 65
131 68
131 74
131 81
131 87
131 100
131 122
131 125
131 138
131 143
131 147
131 151
131 156
131 171
131 176
131 183
131 200
131 209
131 211
131 233
131 235
131 248
132 4
132 12
132 14
132 16
132 32
132 41
132 73
132 78
132 88
132 89
132 109
132 110
132 124
132 126
132 127
132 136
132 144
132 151
132 154
132 156
132 168
132 169
132 198
132 203
132 215
133 47
133 58
133 59
133 61
133 67
133 77
133 81
133 98
133 113
133 115
133 130
133 136
133 140
133 143
133 144
133 151
133 197
133 207
133 219
133 222
133 224
133 240
133 242
134 7
134 20
134 23
134 24
134 40
134 46
134 54
134 55
134 77
134 100
134 112
134 115
134 119
134 120
134 126
134 138
134 146
134 166
134 168
134 174
134 177
134 178
134 187
134 188
134 228
134 240
135 14
135 19
135 30
135 52
135 56
135 59
135 100
135 106
135 133
135 143
135 166
135 180
135 182
135 196
135 231
135 238
135 245
136 1
136 8
136 16
136 22
136 26
136 48
136 79
136 88
136 119
136 134
136 153
136 156
136 157
136 183
136 192
136 193
136 207
136 223
136 231
136 244
137 15
137 20
137 21
137 34
137 42
137 54
137 59
137 67
137 70
137 76
137 82
137 87
137 114
137 117
137 145
137 167
137 175
137 181
137 188
137 193
137 196
137 210
137 218
137 220
137 227
138 10
138 15
138 30
138 39
138 51
138 56
138 60
138 72
138 73
138 86
138 89
138 90
138 91
138 111
138 112
138 134
138 135
138 146
138 155
138 156
138 159
138 160
138 161
138 172
138 179
138 181
138 199
138 221
138 246
138 249
139 3
139 14
139 19
139 24
139 28
139 30
139 38
139 43
139 48
139 55
139 60
139 65
139 76
139 79
139 85
139 101
139 115
139 116
139 122
139 135
139 172
139 187
139 190
139 196
139 207
139 213
139 232
139 245
140 3
140 5
140 10
140 18
140 43
140 60
140 67
140 74
140 76
140 102
140 113
140 117
140 133
140 134
140 135
140 136
140 144
140 148
140 161
140 172
140 176
140 179
141 2
141 3
141 4
141 6
141 40
141 53
141 67
141 72
141 76
141 79
141 83
141 94
141 96
141 99
141 105
141 108
141 113
141 124
141 142
141 166
141 179
141 184
141 203
141 214
141 232
141 243
141 249
142 6
142 21
142 29
142 38
142 49
142 52
142 61
142 79
142 87
142 88
142 97
142 104
142 107
142 119
142 157
142 168
142 178
142 204
142 218
142 222
142 236
142 247
143 8
143 35
143 57
143 58
143 72
143 90
143 92
143 145
143 182
143 213
143 222
143 228
143 242
144 5
144 7
144 9
144 23
144 39
144 48
144 55
144 72
144 75
144 83
144 88
144 111
144 137
144 153
144 154
144 181
144 182
144 200
144 205
144 208
144 228
144 229
144 237
144 239
145 16
145 29
145 43
145 49
145 56
145 58
145 61
145 70
145 75
145 76
145 90
145 91
145 104
145 106
145 107
145 108
145 114
145 115
145 120
145 128
145 132
145 133
145 138
145 142
145 163
145 191
145 195
145 201
145 203
145 205
145 208
145 212
145 216
145 234
145 238
145 239
145 248
146 38
146 60
146 66
146 97
146 102
146 112
146 120
146 131
146 139
146 142
146 144
146 148
146 170
146 171
146 186
146 189
146 200
146 206
146 208
146 211
146 217
146 221
146 229
146 235
146 244
147 18
147 32
147 49
147 50
147 60
147 64
147 65
147 102
147 105
147 115
147 125
147 136
147 155
147 167
147 179
147 183
147 193
147 196
147 214
148 4
148 7
148 16
148 23
148 39
148 42
148 56
148 60
148 66
148 71
148 75
148 79
148 100
148 106
148 117
148 123
148 124
148 126
148 147
148 158
148 173
148 174
148 178
148 179
148 181
148 186
148 201
148 231
148 245
149 1
149 4
149 36
149 44
149 51
149 53
149 60
149 67
149 75
149 78
149 85
149 86
149 103
149 106
149 110
149 115
149 117
149 121
149 122
149 126
149 127
149 142
149 144
149 151
149 152
149 162
149 163
149 182
149 183
149 186
149 188
149 201
149 214
149 218
149 221
149 222
149 227
149 235
150 3
150 20
150 23
150 40
150 44
150 45
150 72
150 79
150 80
150 82
150 90
150 96
150 110
150 116
150 137
150 146
150 153
150 171
150 173
150 188
150 219
150 236
151 5
151 6
151 7
151 24
151 25
151 27
151 40
151 43
151 51
151 52
151 62
151 75
151 78
151 82
151 88
151 95
151 108
151 138
151 145
151 146
151 155
151 157
151 170
151 172
151 173
151 176
151 187
151 191
151 199
151 207
151 209
151 226
151 244
151 249
152 12
152 18
152 23
152 30
152 38
152 43
152 65
152 66
152 68
152 87
152 93
152 94
152 113
152 123
152 149
152 160
152 163
152 168
152 197
152 199
152 221
152 226
152 232
153 1
153 7
153 11
153 14
153 19
153 25
153 43
153 44
153 45
153 52
153 61
153 80
153 87
153 94
153 95
153 99
153 101
153 108
153 122
153 125
153 129
153 149
153 169
153 177
153 187
153 196
153 199
153 202
153 225
153 237
153 238
153 244
153 248
154 9
154 18
154 20
154 48
154 57
154 70
154 83
154 89
154 90
154 99
154 107
154 118
154 122
154 125
154 129
154 134
154 142
154 181
154 182
154 193
154 226
154 234
154 238
154 242
154 249
155 3
155 4
155 10
155 13
155 14
155 30
155 36
155 45
155 63
155 66
155 76
155 82
155 93
155 122
155 126
155 131
155 149
155 157
155 163
155 165
155 169
155 176
155 187
155 191
155 209
155 216
155 225
155 234
155 241
156 23
156 24
156 28
156 46
156 49
156 59
156 82
156 84
156 102
156 117
156 136
156 138
156 141
156 154
156 155
156 164
156 169
156 171
156 186
156 189
156 204
156 211
156 212
156 229
156 241
156 246
157 1
157 4
157 16
157 25
157 26
157 39
157 42
157 58
157 63
157 86
157 88
157 89
157 95
157 99
157 101
157 167
157 168
157 182
157 205
157 223
157 227
157 228
158 15
158 20
158 35
158 38
158 47
158 64
158 81
158 91
158 130
158 143
158 149
158 164
158 166
158 171
158 172
158 193
158 214
158 217
158 219
158 224
158 229
158 231
158 234
158 247
159 4
159 17
159 33
159 53
159 55
159 58
159 62
159 68
159 117
159 119
159 133
159 137
159 164
159 176
159 177
159 189
159 202
159 211
159 224
159 231
160 8
160 9
160 11
160 12
160 22
160 32
160 40
160 45
160 63
160 72
160 79
160 87
160 95
160 103
160 107
160 109
160 113
160 128
160 141
160 142
160 150
160 178
160 179
160 183
160 185
160 214
160 249
161 16
161 22
161 30
161 55
161 62
161 81
161 89
161 96
161 112
161 116
161 120
161 142
161 152
161 179
161 181
161 213
161 231
161 232
161 233
161 235
161 236
161 246
161 250
162 5
162 6
162 17
162 29
162 49
162 56
162 58
162 68
162 78
162 86
162 124
162 133
162 135
162 141
162 156
162 173
162 175
162 177
162 183
162 192
162 204
162 211
162 233
162 248
163 6
163 17
163 55
163 57
163 74
163 77
163 84
163 90
163 93
163 98
163 112
163 118
163 133
163 143
163 187
163 188
163 195
163 205
163 230
163 234
163 239
163 242
163 243
164 13
164 32
164 45
164 49
164 57
164 60
164 77
164 82
164 91
164 118
164 132
164 143
164 144
164 168
164 177
164 178
164 207
164 218
164 223
164 224
164 243
165 9
165 11
165 41
165 45
165 57
165 65
165 75
165 103
165 123
165 135
165 155
165 166
165 172
165 177
165 178
165 195
165 222
165 236
166 3
166 4
166 17
166 33
166 36
166 49
166 50
166 52
166 53
166 74
166 83
166 107
166 129
166 134
166 150
166 174
166 205
166 234
166 243
167 5
167 10
167 13
167 17
167 28
167 34
167 36
167 44
167 51
167 56
167 63
167 78
167 81
167 83
167 90
167 94
167 97
167 129
167 149
167 152
167 181
167 189
167 191
167 195
167 205
167 207
167 222
167 225
167 226
167 227
167 229
167 232
167 244
168 29
168 58
168 67
168 70
168 72
168 84
168 111
168 112
168 117
168 121
168 122
168 126
168 129
168 156
168 170
168 192
168 194
168 203
168 211
168 215
168 221
168 224
168 236
168 240
168 243
169 9
169 19
169 21
169 38
169 53
169 67
169 76
169 79
169 95
169 100
169 108
169 111
169 141
169 161
169 164
169 168
169 182
169 189
169 197
169 209
169 210
169 213
169 233
169 242
169 248
170 9
170 31
170 41
170 44
170 53
170 61
170 105
170 115
170 116
170 129
170 140
170 142
170 159
170 180
170 185
170 195
170 200
170 216
171 1
171 2
171 40
171 44
171 61
171 66
171 74
171 84
171 99
171 101
171 104
171 109
171 118
171 122
171 144
171 151
171 153
171 159
171 165
171 182
171 186
171 198
171 207
171 208
171 217
171 233
171 234
172 19
172 29
172 33
172 38
172 52
172 63
172 80
172 85
172 91
172 100
172 136
172 140
172 159
172 182
172 187
172 190
172 194
172 199
172 205
172 226
172 250
173 1
173 25
173 34
173 41
173 43
173 58
173 87
173 90
173 93
173 97
173 113
173 115
173 126
173 127
173 136
173 139
173 141
173 142
173 152
173 166
173 168
173 194
173 203
173 224
173 228
173 234
173 245
174 5
174 7
174 18
174 25
174 28
174 32
174 41
174 49
174 50
174 66
174 69
174 75
174 79
174 83
174 103
174 105
174 119
174 126
174 130
174 136
174 147
174 151
174 167
174 181
174 182
174 185
174 191
174 215
174 224
174 237
174 243
175 1
175 6
175 11
175 18
175 21
175 23
175 42
175 45
175 72
175 73
175 94
175 97
175 110
175 129
175 157
175 178
175 184
175 186
175 200
175 213
175 235
176 14
176 23
176 27
176 36
176 39
176 43
176 61
176 62
176 72
176 85
176 118
176 120
176 131
176 141
176 143
176 149
176 158
176 177
176 179
176 180
176 186
176 198
176 217
176 250
177 8
177 14
177 18
177 20
177 23
177 56
177 62
177 74
177 78
177 88
177 91
177 104
177 106
177 109
177 110
177 115
177 156
177 163
177 168
177 172
177 180
177 193
177 204
177 210
177 220
177 235
178 1
178 15
178 30
178 60
178 64
178 73
178 86
178 94
178 96
178 103
178 106
178 108
178 131
178 143
178 144
178 155
178 175
178 196
178 206
178 229
178 243
179 23
179 27
179 49
179 57
179 73
179 105
179 117
179 126
179 156
179 161
179 165
179 177
179 186
179 188
179 196
179 198
179 214
179 218
179 236
179 248
180 4
180 13
180 59
180 63
180 70
180 76
180 77
180 97
180 99
180 109
180 158
180 166
180 181
180 188
180 195
180 222
180 230
180 238
180 245
181 3
181 11
181 19
181 20
181 36
181 47
181 60
181 65
181 68
181 82
181 90
181 94
181 98
181 119
181 132
181 151
181 156
181 158
181 170
181 174
181 176
181 219
181 233
182 18
182 41
182 44
182 49
182 52
182 53
182 59
182 72
182 76
182 88
182 95
182 101
182 109
182 115
182 123
182 137
182 143
182 144
182 173
182 211
182 212
182 215
182 227
182 228
182 237
182 241
183 5
183 8
183 21
183 23
183 35
183 57
183 60
183 64
183 65
183 83
183 88
183 100
183 107
183 111
183 112
183 119
183 135
183 155
183 161
183 167
183 171
183 197
183 231
183 238
183 244
183 248
184 4
184 12
184 15
184 16
184 22
184 30
184 43
184 70
184 79
184 86
184 93
184 102
184 106
184 107
184 114
184 118
184 131
184 135
184 137
184 146
184 157
184 164
184 169
184 179
184 193
184 196
184 237
184 247
184 250
185 3
185 6
185 11
185 15
185 21
185 22
185 30
185 36
185 51
185 54
185 58
185 68
185 75
185 76
185 87
185 92
185 101
185 102
185 104
185 105
185 130
185 133
185 135
185 150
185 154
185 166
185 168
185 169
185 180
185 210
185 218
185 220
185 228
185 243
186 15
186 30
186 34
186 44
186 53
186 62
186 71
186 76
186 78
186 79
186 82
186 105
186 115
186 117
186 119
186 122
186 140
186 150
186 151
186 160
186 180
186 181
186 182
186 193
186 194
186 195
186 201
186 203
186 210
186 220
187 4
187 7
187 17
187 31
187 36
187 52
187 53
187 54
187 69
187 78
187 84
187 89
187 91
187 92
187 102
187 104
187 106
187 108
187 112
187 122
187 176
187 180
187 185
187 202
187 212
187 213
187 214
187 215
187 220
187 228
187 233
187 243
188 1
188 4
188 20
188 28
188 30
188 50
188 66
188 72
188 85
188 92
188 127
188 134
188 162
188 197
188 206
188 211
188 247
189 1
189 25
189 28
189 32
189 38
189 43
189 44
189 61
189 89
189 100
189 113
189 133
189 137
189 141
189 146
189 149
189 193
189 196
189 200
189 211
189 221
189 233
189 243
189 249
190 5
190 12
190 14
190 18
190 19
190 23
190 42
190 47
190 51
190 52
190 55
190 57
190 69
190 97
190 117
190 124
190 138
190 146
190 149
190 161
190 174
190 195
190 211
190 212
190 223
190 227
190 242
191 4
191 7
191 8
191 42
191 46
191 49
191 78
191 101
191 112
191 122
191 132
191 137
191 154
191 159
191 161
191 185
191 196
191 198
191 206
191 207
191 212
191 213
191 214
191 218
191 228
191 231
192 20
192 23
192 26
192 40
192 44
192 57
192 59
192 68
192 77
192 80
192 105
192 108
192 111
192 118
192 128
192 129
192 158
192 160
192 167
192 170
192 185
192 187
192 191
192 202
192 203
192 231
192 232
192 236
192 240
193 7
193 35
193 39
193 55
193 71
193 88
193 89
193 94
193 103
193 105
193 107
193 114
193 116
193 118
193 126
193 133
193 134
193 145
193 151
193 180
193 186
193 188
193 198
193 202
193 207
193 208
193 215
193 217
193 220
193 222
193 249
194 13
194 22
194 28
194 34
194 69
194 77
194 87
194 94
194 102
194 113
194 114
194 127
194 153
194 166
194 223
194 228
194 237
195 11
195 18
195 30
195 35
195 41
195 51
195 96
195 129
195 144
195 152
195 160
195 174
195 177
195 193
195 194
195 240
195 247
196 35
196 43
196 57
196 69
196 75
196 84
196 101
196 102
196 126
196 149
196 156
196 161
196 171
196 174
196 185
196 187
196 205
196 207
196 213
196 214
196 217
196 218
196 227
196 232
197 5
197 9
197 13
197 14
197 15
197 21
197 25
197 48
197 64
197 83
197 94
197 137
197 145
197 150
197 159
197 161
197 173
197 179
197 182
197 228
198 6
198 10
198 12
198 17
198 25
198 42
198 50
198 87
198 105
198 107
198 123
198 125
198 134
198 147
198 149
198 163
198 168
198 185
198 189
198 195
198 214
198 216
198 230
198 232
198 250
199 24
199 25
199 35
199 49
199 62
199 74
199 99
199 102
199 103
199 119
199 125
199 149
199 155
199 157
199 166
199 170
199 171
199 195
199 200
199 226
199 232
199 234
199 243
199 245
200 38
200 46
200 54
200 58
200 65
200 75
200 86
200 87
200 89
200 111
200 115
200 120
200 138
200 139
200 143
200 166
200 169
200 182
200 192
200 207
200 219
200 226
200 233
200 236
200 237
200 250
201 19
201 22
201 29
201 37
201 60
201 71
201 73
201 75
201 94
201 98
201 101
201 103
201 119
201 139
201 140
201 159
201 161
201 162
201 170
201 173
201 180
201 181
201 200
201 213
201 226
202 29
202 56
202 57
202 61
202 66
202 101
202 102
202 126
202 141
202 142
202 153
202 180
202 182
202 192
202 194
202 195
202 209
202 213
202 226
202 229
202 234
202 239
203 4
203 13
203 14
203 21
203 31
203 32
203 33
203 35
203 42
203 45
203 65
203 68
203 74
203 82
203 117
203 128
203 132
203 139
203 144
203 171
203 180
203 183
203 187
203 189
203 190
203 196
203 198
203 208
203 212
203 214
203 223
203 232
204 20
204 23
204 32
204 46
204 56
204 77
204 78
204 89
204 115
204 127
204 132
204 167
204 174
204 195
204 196
204 218
204 229
204 244
204 250
205 4
205 6
205 19
205 30
205 44
205 50
205 66
205 72
205 99
205 109
205 129
205 130
205 133
205 135
205 158
205 169
205 172
205 178
205 183
205 193
205 213
205 222
205 245
205 246
205 247
205 250
206 1
206 18
206 21
206 26
206 33
206 34
206 49
206 72
206 84
206 90
206 107
206 112
206 117
206 147
206 150
206 153
206 158
206 178
206 181
206 188
206 191
206 210
206 212
206 219
206 226
206 227
206 230
206 233
206 236
206 250
207 7
207 16
207 21
207 32
207 53
207 60
207 71
207 76
207 81
207 83
207 134
207 135
207 164
207 169
207 174
207 177
207 178
207 181
207 192
207 208
207 216
207 217
207 218
207 233
207 250
208 28
208 41
208 43
208 47
208 63
208 67
208 73
208 89
208 106
208 114
208 137
208 138
208 140
208 164
208 185
208 197
208 200
208 214
208 223
208 226
209 3
209 14
209 40
209 58
209 60
209 74
209 82
209 83
209 89
209 95
209 111
209 129
209 142
209 148
209 157
209 164
209 169
209 180
209 204
209 214
209 218
209 233
209 241
209 243
209 245
210 3
210 34
210 39
210 80
210 99
210 112
210 123
210 132
210 156
210 164
210 168
210 182
210 231
210 240
211 15
211 17
211 23
211 59
211 94
211 95
211 104
211 107
211 126
211 131
211 137
211 145
211 159
211 166
211 171
211 172
211 186
211 188
211 194
211 207
211 229
212 12
212 42
212 46
212 52
212 73
212 76
212 77
212 90
212 97
212 112
212 117
212 123
212 131
212 167
212 172
212 192
212 194
212 209
212 213
212 219
212 230
212 231
212 244
212 246
212 249
213 7
213 28
213 31
213 32
213 44
213 49
213 60
213 68
213 76
213 82
213 96
213 99
213 101
213 114
213 125
213 129
213 143
213 144
213 153
213 154
213 171
213 173
213 175
213 177
213 183
213 184
213 189
213 198
213 200
213 201
213 204
213 215
213 236
213 245
214 21
214 28
214 49
214 52
214 57
214 84
214 89
214 104
214 105
214 120
214 142
214 153
214 161
214 181
214 182
214 192
214 194
214 204
214 209
214 227
214 235
214 246
215 11
215 23
215 33
215 39
215 53
215 78
215 83
215 106
215 123
215 127
215 140
215 146
215 151
215 155
215 179
215 183
215 195
215 196
215 197
215 220
215 226
216 2
216 12
216 18
216 31
216 35
216 46
216 53
216 71
216 77
216 99
216 107
216 112
216 114
216 131
216 142
216 153
216 173
216 187
216 188
216 205
216 206
216 208
216 213
216 219
216 220
216 223
216 224
216 226
216 230
216 238
217 7
217 43
217 47
217 67
217 70
217 72
217 80
217 93
217 95
217 104
217 105
217 111
217 127
217 135
217 141
217 150
217 154
217 163
217 174
217 182
217 240
217 242
218 6
218 16
218 21
218 30
218 49
218 57
218 85
218 86
218 90
218 93
218 108
218 114
218 115
218 119
218 123
218 124
218 128
218 141
218 148
218 152
218 157
218 163
218 177
218 180
218 188
218 189
218 209
218 239
219 1
219 18
219 23
219 39
219 53
219 77
219 91
219 92
219 98
219 108
219 111
219 114
219 117
219 135
219 155
219 162
219 164
219 187
219 199
219 202
219 203
219 211
219 216
219 237
219 241
219 246
220 1
220 16
220 18
220 28
220 37
220 38
220 44
220 53
220 55
220 56
220 57
220 65
220 74
220 79
220 94
220 102
220 127
220 146
220 159
220 160
220 171
220 177
220 193
220 195
220 199
220 203
220 248
220 249
220 250
221 8
221 28
221 31
221 47
221 60
221 62
221 64
221 71
221 76
221 79
221 91
221 97
221 101
221 108
221 112
221 126
221 151
221 172
221 179
221 186
221 192
221 195
221 201
221 226
221 240
221 241
222 13
222 15
222 26
222 27
222 33
222 45
222 46
222 56
222 60
222 82
222 89
222 97
222 106
222 119
222 127
222 204
222 214
222 224
222 226
222 237
223 8
223 13
223 21
223 48
223 57
223 79
223 90
223 100
223 144
223 148
223 154
223 160
223 189
223 213
223 217
223 231
223 236
224 37
224 50
224 97
224 114
224 127
224 141
224 144
224 149
224 156
224 158
224 160
224 167
224 170
224 181
224 188
224 199
224 205
224 208
224 209
224 213
224 214
224 215
224 227
224 230
224 236
224 245
224 246
225 8
225 27
225 56
225 61
225 84
225 86
225 110
225 118
225 123
225 126
225 137
225 160
225 161
225 171
225 175
225 178
225 185
225 191
225 210
225 212
225 220
225 228
225 230
225 232
226 1
226 3
226 4
226 42
226 45
226 49
226 59
226 68
226 72
226 91
226 94
226 114
226 131
226 133
226 146
226 156
226 158
226 161
226 167
226 177
226 199
226 233
227 10
227 20
227 48
227 56
227 64
227 71
227 93
227 103
227 110
227 112
227 114
227 115
227 152
227 155
227 166
227 169
227 171
227 185
227 195
227 202
227 204
227 208
227 211
227 219
227 221
227 239
227 250
228 6
228 24
228 32
228 34
228 42
228 43
228 55
228 58
228 81
228 95
228 116
228 126
228 134
228 169
228 177
228 183
228 208
228 220
228 222
228 227
228 229
228 235
228 237
228 239
228 245
229 2
229 11
229 24
229 35
229 75
229 83
229 90
229 93
229 94
229 98
229 99
229 118
229 159
229 164
229 168
229 192
229 224
229 234
230 14
230 25
230 39
230 59
230 61
230 72
230 152
230 158
230 182
230 188
230 189
230 191
230 193
230 196
230 204
230 222
230 224
230 236
230 239
230 240
230 244
230 248
231 1
231 7
231 11
231 13
231 17
231 30
231 32
231 58
231 64
231 95
231 96
231 98
231 102
231 111
231 147
231 149
231 154
231 160
231 173
231 178
231 180
231 184
231 191
231 202
231 221
231 233
231 242
231 245
232 24
232 28
232 32
232 40
232 69
232 83
232 85
232 94
232 100
232 114
232 117
232 122
232 125
232 141
232 145
232 155
232 158
232 166
232 167
232 168
232 181
232 190
232 198
232 206
232 222
232 224
232 230
232 235
232 236
232 238
233 24
233 29
233 32
233 33
233 38
233 83
233 106
233 110
233 116
233 129
233 131
233 134
233 168
233 172
233 230
233 235
233 236
233 243
234 6
234 14
234 22
234 25
234 43
234 50
234 58
234 63
234 66
234 70
234 78
234 85
234 97
234 116
234 119
234 128
234 143
234 149
234 153
234 163
234 164
234 168
234 175
234 203
234 221
234 231
234 248
235 1
235 6
235 12
235 19
235 23
235 29
235 42
235 53
235 55
235 59
235 75
235 79
235 94
235 108
235 109
235 113
235 134
235 139
235 142
235 149
235 151
235 160
235 195
235 204
235 207
235 214
235 226
235 239
235 242
235 249
236 6
236 19
236 28
236 42
236 46
236 54
236 57
236 61
236 75
236 77
236 79
236 122
236 139
236 151
236 155
236 168
236 176
236 178
236 181
236 182
236 210
236 211
236 214
236 219
236 222
236 225
236 229
236 232
236 247
237 21
237 32
237 46
237 55
237 60
237 95
237 109
237 113
237 138
237 139
237 149
237 153
237 156
237 167
237 168
237 180
237 183
237 186
237 203
237 230
238 2
238 8
238 16
238 19
238 34
238 71
238 76
238 78
238 81
238 93
238 97
238 107
238 122
238 127
238 130
238 132
238 150
238 170
238 180
238 190
238 195
238 199
238 206
238 214
238 225
238 229
238 230
238 246
239 1
239 4
239 15
239 16
239 19
239 26
239 30
239 32
239 37
239 77
239 84
239 122
239 126
239 160
239 167
239 180
239 185
239 191
239 195
239 196
239 203
239 238
239 248
240 4
240 35
240 41
240 42
240 43
240 44
240 45
240 48
240 60
240 64
240 67
240 73
240 75
240 83
240 111
240 116
240 122
240 144
240 158
240 176
240 194
240 206
240 217
240 219
240 241
241 6
241 22
241 27
241 28
241 48
241 62
241 67
241 93
241 95
241 97
241 98
241 108
241 111
241 122
241 127
241 142
241 147
241 154
241 157
241 167
241 185
241 189
241 193
241 219
241 220
241 226
241 236
242 5
242 9
242 18
242 29
242 30
242 31
242 40
242 43
242 50
242 51
242 87
242 92
242 114
242 129
242 134
242 147
242 154
242 156
242 170
242 183
242 190
242 195
242 197
242 200
242 240
242 245
243 8
243 16
243 19
243 27
243 37
243 41
243 60
243 71
243 83
243 100
243 102
243 116
243 126
243 127
243 138
243 142
243 145
243 148
243 153
243 169
243 192
243 209
243 220
243 231
244 3
244 6
244 12
244 35
244 39
244 46
244 55
244 65
244 69
244 75
244 92
244 108
244 111
244 124
244 130
244 131
244 135
244 164
244 173
244 190
244 223
244 234
244 239
245 13
245 25
245 27
245 32
245 36
245 54
245 66
245 67
245 68
245 82
245 86
245 89
245 102
245 141
245 171
245 181
245 193
245 197
245 206
245 225
245 238
245 241
246 4
246 21
246 25
246 36
246 37
246 41
246 70
246 80
246 82
246 83
246 87
246 107
246 112
246 114
246 128
246 158
246 178
246 203
246 206
246 217
246 222
246 243
246 250
247 4
247 7
247 8
247 10
247 18
247 66
247 69
247 74
247 91
247 96
247 113
247 146
247 155
247 157
247 159
247 178
247 182
247 201
247 210
247 224
247 230
247 238
248 25
248 26
248 27
248 34
248 36
248 43
248 45
248 48
248 66
248 73
248 80
248 82
248 91
248 95
248 108
248 120
248 124
248 130
248 143
248 153
248 160
248 165
248 169
248 173
248 180
248 220
248 233
248 243
249 11
249 17
249 19
249 29
249 46
249 62
249 63
249 81
249 98
249 99
249 106
249 127
249 141
249 145
249 148
249 159
249 169
249 184
249 197
249 202
249 212
249 218
249 226
249 229
249 233
249 243
250 22
250 55
250 66
250 69
250 73
250 90
250 102
250 109
250 118
250 121
250 127
250 128
250 132
250 137
250 141
250 143
250 147
250 152
250 153
250 156
250 168
250 169
250 171
250 179
250 186
250 192
250 199
250 202
250 221
250 233
250 241
250 249
