250
1479
1 18
1 52
1 91
1 99
1 130
1 194
1 196
2 26
2 35
2 36
2 40
2 65
2 79
2 147
2 218
3 6
3 27
3 73
3 75
3 214
4 23
4 63
4 64
4 68
4 181
4 205
4 236
5 48
5 49
5 80
5 89
5 186
5 223
6 31
6 44
6 52
6 56
6 63
6 71
6 77
6 128
6 158
6 169
6 172
7 92
7 144
7 175
7 201
7 246
8 10
8 68
8 99
9 99
9 109
9 115
9 124
9 203
10 30
10 33
10 107
10 159
10 163
10 178
10 191
10 249
11 88
11 163
11 185
11 186
11 238
12 2
12 6
12 81
12 103
12 191
13 9
13 162
13 232
14 24
14 26
14 104
14 114
14 196
14 197
14 202
15 51
15 65
15 93
15 222
15 242
16 177
16 190
16 216
17 34
17 51
17 58
17 175
18 21
18 54
18 55
18 148
18 167
18 179
18 181
18 238
19 17
19 64
19 105
19 134
20 14
20 23
20 97
20 118
20 216
20 231
21 49
21 101
21 189
21 248
22 9
22 27
22 38
22 51
22 138
22 160
22 181
22 183
22 186
23 2
23 7
23 29
23 54
23 128
24 30
24 34
24 61
24 106
24 115
24 122
24 125
24 179
24 206
25 30
25 42
25 45
25 55
25 70
25 91
25 118
25 170
26 38
26 56
26 85
26 206
26 213
27 6
27 93
27 215
27 219
27 221
28 22
28 34
28 41
28 55
28 63
28 111
28 128
28 158
28 205
28 220
28 226
29 46
29 71
29 74
29 111
29 125
29 160
29 238
30 27
30 100
30 111
30 130
30 142
30 213
31 37
31 75
31 78
31 108
31 232
32 22
32 71
32 112
32 155
33 9
33 169
33 205
33 241
33 244
33 248
34 17
34 31
34 85
34 161
34 247
35 1
35 33
35 82
35 164
35 185
35 205
35 233
36 99
36 115
36 168
36 191
37 41
38 81
38 92
38 131
38 138
38 141
38 156
38 211
39 17
39 22
39 100
39 117
39 126
39 137
39 165
39 173
39 191
39 201
40 99
40 109
40 134
41 18
41 33
41 46
41 195
41 209
42 62
42 72
42 105
42 176
42 183
42 224
43 27
43 118
43 134
43 143
43 156
43 169
43 206
43 230
43 231
44 49
44 50
44 64
44 65
44 70
44 198
45 10
45 44
45 153
45 239
45 240
46 5
46 10
46 26
46 76
46 148
46 153
46 171
46 231
47 10
47 104
47 191
47 205
47 225
47 226
47 232
48 2
48 88
48 232
49 76
49 115
49 137
49 141
49 165
49 242
49 250
50 1
50 43
50 53
50 107
50 138
50 192
51 21
51 34
51 35
51 63
51 73
51 112
51 240
51 241
52 8
52 162
53 38
53 57
53 90
53 139
53 165
53 218
53 224
53 237
54 165
54 179
54 250
55 53
55 184
56 104
56 170
57 77
57 249
58 26
58 32
58 53
58 98
58 117
58 122
58 139
58 166
58 203
58 242
58 245
59 33
59 65
59 115
59 158
59 167
59 174
59 187
59 209
60 29
60 75
60 90
60 116
61 44
61 83
61 91
61 160
61 234
62 67
62 161
63 104
63 167
63 214
63 218
64 14
64 59
64 82
64 88
64 121
64 158
64 191
64 219
65 80
65 226
66 76
66 239
67 39
67 169
67 179
67 181
68 6
68 15
68 73
68 157
68 185
68 201
68 246
69 107
69 115
69 197
69 205
69 241
70 77
70 96
70 214
71 17
71 42
71 96
71 113
71 138
71 173
71 174
71 194
71 234
71 235
71 242
72 50
72 82
72 175
72 229
72 245
73 39
73 105
73 163
74 126
74 140
74 162
74 240
75 11
75 19
75 28
75 29
75 35
75 58
75 149
75 199
75 237
75 249
76 69
76 107
76 227
77 22
77 37
77 87
77 111
77 164
77 170
77 192
77 212
78 46
78 66
78 70
78 134
78 167
78 168
78 224
79 62
79 68
79 119
79 128
79 222
79 231
80 34
80 70
80 79
80 175
80 222
81 108
81 122
81 134
81 141
81 152
82 12
82 26
82 45
82 66
82 154
82 213
82 231
83 14
83 32
83 99
83 117
83 194
83 212
83 250
84 6
84 17
84 21
84 53
84 119
84 145
84 230
84 238
85 29
85 176
85 193
85 216
85 234
86 70
86 107
86 248
87 20
87 93
88 47
88 105
88 146
88 156
88 191
88 193
89 15
89 39
89 73
89 127
89 161
89 239
90 88
90 101
90 111
90 172
90 204
91 30
91 44
91 142
91 190
91 191
91 234
92 60
92 123
92 140
92 160
92 186
92 191
92 195
92 213
92 220
92 234
92 250
93 15
93 28
93 115
93 116
93 193
93 218
94 12
94 110
94 178
94 228
94 241
95 66
95 98
95 194
95 210
96 60
96 97
96 154
96 192
96 209
96 212
97 8
97 121
97 241
98 10
98 49
98 99
98 209
98 214
98 230
98 233
99 48
99 63
99 157
99 181
99 198
100 193
100 215
101 22
101 42
101 85
101 140
101 206
102 17
102 38
102 222
103 5
103 10
103 19
103 79
103 84
103 155
104 7
104 10
104 12
104 28
104 99
104 196
105 12
105 57
105 66
105 74
105 81
105 111
105 130
105 163
105 165
105 208
105 217
105 240
105 242
106 29
106 85
106 100
106 135
106 136
107 67
107 101
107 102
107 113
107 198
107 224
108 5
108 31
108 116
108 164
108 244
109 103
109 147
109 155
110 2
110 3
110 24
110 126
111 16
111 33
111 50
111 71
111 206
112 18
112 57
112 153
112 198
112 214
112 231
112 238
112 247
113 6
113 36
113 150
114 10
114 19
114 101
114 166
115 66
115 154
115 226
116 95
116 106
116 184
116 187
116 198
117 12
117 19
117 24
117 74
117 87
117 129
117 132
117 155
118 58
118 101
118 148
118 150
118 173
118 224
118 226
119 63
119 104
119 129
119 224
120 80
120 166
120 191
121 5
121 57
121 85
121 87
121 117
121 146
122 11
122 24
122 26
122 129
123 14
123 32
123 72
123 160
123 190
123 193
123 227
123 232
123 243
123 250
124 71
124 76
124 110
124 174
124 204
124 250
125 12
125 88
125 120
125 171
126 34
126 48
126 96
126 111
126 130
127 143
127 231
128 5
128 19
128 21
128 86
128 148
128 173
128 234
129 52
129 91
129 111
129 173
129 183
130 57
130 77
130 131
130 173
130 179
130 197
130 237
130 248
131 18
131 51
131 63
131 112
132 60
132 131
132 171
132 228
132 249
133 113
133 146
133 198
134 75
134 78
134 117
134 145
134 146
134 178
134 180
134 185
134 191
135 10
135 115
135 147
135 161
135 162
136 52
136 53
136 88
136 89
136 134
136 158
136 178
136 195
136 223
136 230
137 3
137 25
137 38
137 159
137 170
137 180
137 190
137 224
137 227
138 78
138 79
138 131
138 143
138 155
138 165
138 196
138 197
139 4
139 11
139 100
139 147
139 212
140 16
140 133
140 139
140 195
140 210
141 7
141 19
141 117
141 142
141 189
141 198
142 20
142 67
142 85
142 105
142 109
142 162
143 1
143 39
143 44
143 52
143 124
143 145
143 172
143 189
143 250
144 19
144 113
144 118
144 195
144 202
144 238
145 30
145 127
145 172
145 216
146 61
146 74
146 102
146 132
146 171
146 216
146 225
146 245
147 1
147 28
147 98
147 140
147 210
148 43
148 56
148 71
148 76
148 232
148 234
148 239
149 18
149 31
149 53
149 71
149 197
149 199
149 231
149 237
150 9
150 59
150 87
150 159
150 190
150 227
151 5
151 44
151 79
151 102
151 104
151 200
151 218
152 2
152 17
152 54
152 60
152 83
152 103
152 169
152 173
153 6
153 80
153 85
153 138
153 233
153 244
153 246
154 1
154 44
154 50
154 63
154 178
154 212
154 216
155 63
155 71
155 96
155 187
155 212
156 84
156 135
156 136
156 184
156 186
156 231
157 29
157 65
157 110
157 148
157 152
157 219
158 3
158 8
158 102
158 118
158 139
158 222
158 234
159 32
159 74
159 99
159 110
159 112
159 141
159 209
159 240
160 77
160 85
160 117
160 197
160 204
160 213
161 53
161 119
161 126
161 216
162 5
162 165
162 231
162 248
163 13
163 64
163 131
163 225
164 4
164 65
164 71
164 93
164 123
164 145
164 165
164 205
164 246
165 31
165 226
166 35
166 87
166 100
166 152
166 206
167 32
167 47
167 62
167 129
167 216
167 222
167 223
168 5
168 17
168 39
168 56
168 77
168 118
168 141
168 222
168 245
169 10
169 17
169 38
169 92
169 99
169 144
169 179
169 185
169 217
170 23
170 61
170 83
170 93
170 152
170 201
171 7
171 136
171 201
171 207
172 27
172 59
172 104
172 124
172 150
172 162
173 29
173 87
173 94
173 140
173 158
173 164
173 183
173 206
174 33
174 39
174 67
174 147
174 197
175 98
175 155
176 38
176 125
176 134
176 211
177 90
177 120
177 165
177 171
177 206
177 226
177 231
177 235
178 35
178 57
178 99
178 104
178 182
178 192
178 197
178 210
178 212
178 218
179 18
179 86
179 125
179 199
179 238
180 7
180 71
180 142
180 174
180 187
180 191
180 197
180 205
180 213
180 216
180 218
181 7
181 15
181 48
181 50
181 184
181 197
181 209
181 213
181 234
182 1
182 3
182 72
182 112
182 123
182 142
182 206
182 237
182 241
183 11
183 20
183 95
183 123
183 145
183 170
183 191
183 197
183 219
183 240
184 28
184 48
184 75
184 94
184 229
185 78
185 151
185 156
185 238
185 241
186 17
186 40
186 87
186 136
186 166
186 173
186 226
187 8
187 27
187 41
187 118
187 220
187 234
188 25
188 26
188 72
188 97
188 119
188 194
188 213
188 233
189 146
189 156
189 163
189 172
189 196
190 58
190 110
190 133
190 156
190 191
191 6
191 31
191 92
191 105
191 112
191 152
192 7
192 65
192 80
192 149
192 167
192 234
192 240
193 83
193 94
193 124
194 2
194 105
194 158
194 187
194 242
195 18
195 75
195 77
195 100
195 136
195 153
195 159
196 4
196 9
196 24
196 95
196 104
196 191
197 26
197 82
197 125
197 156
198 1
198 37
198 116
198 173
199 3
199 9
199 74
199 86
199 114
199 117
199 128
199 195
199 197
200 77
200 80
200 114
200 117
200 174
200 210
200 217
201 164
201 187
201 216
201 218
202 36
202 104
202 114
202 186
202 237
203 5
203 33
203 55
203 83
203 103
203 115
203 124
203 225
203 249
204 22
204 29
204 101
204 112
204 122
204 146
204 184
204 200
205 99
205 148
205 178
205 226
206 9
206 10
206 33
206 35
206 75
206 107
206 176
206 197
207 25
207 34
207 69
207 108
207 112
207 188
208 34
208 55
208 91
208 93
208 94
208 104
208 130
208 145
208 162
208 176
208 202
209 9
209 154
209 161
209 173
209 235
210 123
211 91
211 177
211 192
211 207
211 215
211 250
212 54
212 68
212 73
212 74
212 78
212 110
212 127
212 137
212 176
212 190
212 222
213 117
213 150
213 152
213 175
213 196
214 24
214 117
214 163
214 229
215 1
215 4
215 30
215 78
215 97
215 124
215 232
216 42
216 51
216 167
217 18
217 46
217 73
217 89
217 101
217 156
217 201
217 247
218 51
218 55
218 59
218 63
218 78
218 94
218 102
219 36
219 39
219 164
219 173
219 195
219 212
219 230
220 79
220 167
220 196
220 232
221 14
221 68
221 107
221 154
222 89
222 173
222 195
222 204
222 223
222 228
222 239
223 28
223 99
223 178
223 185
223 203
223 236
224 1
224 15
224 34
224 59
224 157
224 187
224 225
225 48
225 76
225 79
225 90
225 171
225 222
225 237
225 243
226 18
226 47
227 108
227 183
227 231
228 26
228 43
228 100
228 189
228 204
229 5
229 76
229 142
229 162
229 185
230 6
230 84
230 98
230 100
230 102
230 146
230 220
231 127
231 149
231 168
231 219
232 65
232 115
232 150
232 177
232 187
232 224
233 35
233 87
233 127
233 135
233 145
233 180
233 230
234 93
234 106
234 131
234 133
234 135
234 229
235 56
235 65
235 77
235 92
235 109
235 129
235 156
235 182
235 191
235 211
235 226
235 242
236 14
236 32
236 33
236 54
236 89
236 91
236 105
236 114
236 139
236 188
236 245
237 19
237 55
237 56
237 58
237 68
237 92
237 94
237 120
237 137
237 144
237 163
237 197
237 221
238 22
238 35
238 59
238 133
238 141
239 34
239 94
239 183
239 236
240 4
240 15
240 45
240 134
240 148
240 181
240 208
240 215
240 223
241 6
241 22
241 124
241 162
241 178
241 181
241 235
242 4
242 52
242 67
242 140
242 225
243 29
243 37
243 42
243 51
243 244
243 245
244 2
244 15
244 98
245 67
245 90
245 105
245 219
245 246
246 3
246 21
246 54
246 89
246 97
246 151
246 224
246 226
246 231
247 33
247 52
247 113
247 186
247 210
248 6
248 89
248 124
248 131
248 137
248 209
249 162
249 176
249 216
249 228
250 28
250 43
250 136
250 151
250 185
250 193
250 207
