250
5076
1 6
1 44
1 83
1 97
1 98
1 101
1 106
1 117
1 144
1 150
1 167
1 173
1 176
1 178
1 194
1 196
1 224
1 237
1 238
1 240
1 243
1 244
2 8
2 21
2 37
2 48
2 53
2 60
2 72
2 99
2 130
2 136
2 137
2 140
2 176
2 192
2 218
2 236
2 240
2 247
3 17
3 43
3 50
3 84
3 91
3 96
3 112
3 114
3 121
3 124
3 140
3 147
3 177
3 180
3 181
3 187
3 189
3 193
3 201
3 209
3 222
4 25
4 33
4 46
4 62
4 65
4 114
4 133
4 139
4 165
4 168
4 173
4 174
4 187
4 188
4 195
5 28
5 29
5 68
5 74
5 75
5 79
5 86
5 95
5 96
5 98
5 103
5 115
5 127
5 135
5 140
5 153
5 183
5 203
5 237
5 241
5 244
6 4
6 14
6 17
6 28
6 30
6 44
6 45
6 52
6 79
6 93
6 113
6 115
6 118
6 124
6 134
6 148
6 149
6 152
6 153
6 154
6 161
6 176
6 188
6 200
6 201
6 216
6 227
7 44
7 51
7 67
7 101
7 115
7 122
7 158
7 176
7 180
7 185
7 190
7 201
7 205
7 206
7 208
7 217
7 224
7 241
8 9
8 58
8 70
8 75
8 97
8 117
8 123
8 132
8 134
8 144
8 169
8 206
8 227
8 233
8 246
9 29
9 54
9 71
9 79
9 88
9 102
9 113
9 118
9 122
9 143
9 148
9 153
9 155
9 157
9 166
9 168
9 170
9 173
9 192
9 196
9 211
9 215
9 236
9 237
9 248
10 17
10 26
10 27
10 35
10 40
10 65
10 83
10 92
10 116
10 128
10 139
10 149
10 154
10 164
10 180
10 185
10 190
10 195
10 203
10 206
10 211
10 217
10 219
10 233
10 242
11 8
11 31
11 72
11 80
11 83
11 93
11 107
11 108
11 120
11 139
11 157
11 159
11 165
11 169
11 171
11 227
12 5
12 18
12 22
12 55
12 61
12 81
12 82
12 90
12 94
12 118
12 122
12 132
12 150
12 161
12 169
12 173
12 175
12 221
12 232
12 249
12 250
13 2
13 15
13 32
13 45
13 51
13 66
13 69
13 79
13 92
13 110
13 116
13 129
13 134
13 146
13 151
13 158
13 186
13 221
13 224
13 234
13 239
13 243
13 246
14 7
14 11
14 12
14 17
14 19
14 22
14 35
14 40
14 61
14 63
14 68
14 88
14 90
14 91
14 97
14 108
14 110
14 120
14 125
14 184
14 185
14 186
14 210
14 219
14 226
14 230
15 11
15 23
15 57
15 62
15 66
15 101
15 131
15 137
15 140
15 161
15 209
15 210
15 233
15 235
15 243
16 13
16 33
16 67
16 75
16 78
16 106
16 121
16 128
16 157
16 181
16 182
16 183
16 184
16 197
16 200
16 203
16 214
16 240
16 245
17 5
17 8
17 23
17 102
17 116
17 125
17 142
17 170
17 187
17 188
17 192
17 198
17 204
17 206
17 219
17 223
17 229
17 232
17 236
18 4
18 31
18 41
18 44
18 61
18 64
18 70
18 79
18 85
18 95
18 117
18 134
18 164
18 166
18 180
18 192
18 217
19 1
19 5
19 24
19 36
19 62
19 66
19 72
19 80
19 109
19 123
19 124
19 130
19 133
19 135
19 148
19 166
19 177
19 186
19 192
19 202
19 203
19 225
19 234
19 247
19 250
20 15
20 25
20 46
20 67
20 75
20 93
20 95
20 96
20 116
20 118
20 129
20 131
20 143
20 145
20 172
20 176
20 184
20 189
20 239
21 67
21 83
21 94
21 143
21 148
21 149
21 150
21 170
21 209
21 212
21 225
21 244
22 12
22 14
22 18
22 21
22 30
22 51
22 60
22 72
22 74
22 75
22 94
22 95
22 103
22 133
22 174
22 184
22 198
22 200
22 235
23 18
23 27
23 46
23 98
23 109
23 110
23 112
23 114
23 116
23 117
23 125
23 135
23 142
23 153
23 182
23 200
23 212
23 218
23 228
23 245
24 16
24 27
24 48
24 49
24 59
24 85
24 114
24 117
24 135
24 168
24 186
24 188
24 189
24 209
24 213
24 230
25 3
25 19
25 27
25 74
25 82
25 100
25 105
25 110
25 131
25 148
25 158
25 169
25 174
25 175
25 197
25 204
25 205
25 232
25 236
25 237
26 13
26 20
26 37
26 42
26 51
26 57
26 66
26 73
26 96
26 102
26 117
26 120
26 144
26 148
26 155
26 156
26 166
26 179
26 194
26 195
26 200
26 202
26 228
27 15
27 94
27 110
27 116
27 117
27 120
27 124
27 131
27 132
27 139
27 155
27 157
27 177
27 178
27 195
27 197
27 214
27 220
27 248
27 250
28 9
28 30
28 41
28 85
28 104
28 108
28 115
28 119
28 153
28 165
28 171
28 194
28 200
28 202
28 247
29 32
29 50
29 69
29 77
29 86
29 94
29 123
29 169
29 175
29 183
29 195
29 247
30 2
30 9
30 37
30 56
30 75
30 85
30 121
30 134
30 138
30 143
30 159
30 161
30 172
30 173
30 178
30 202
30 206
30 207
30 224
30 229
31 16
31 18
31 34
31 50
31 51
31 61
31 72
31 74
31 91
31 94
31 103
31 130
31 131
31 148
31 172
31 185
31 187
31 210
31 225
31 233
31 243
31 245
32 39
32 61
32 93
32 97
32 111
32 113
32 119
32 124
32 134
32 152
32 163
32 192
32 205
32 214
32 220
32 230
32 243
33 28
33 32
33 36
33 39
33 45
33 50
33 54
33 55
33 79
33 91
33 92
33 114
33 115
33 116
33 139
33 152
33 154
33 157
33 165
33 167
33 179
33 185
33 236
34 2
34 8
34 12
34 37
34 55
34 67
34 72
34 85
34 90
34 96
34 100
34 125
34 140
34 144
34 169
34 184
34 194
34 195
34 197
34 203
34 247
35 3
35 4
35 28
35 46
35 68
35 70
35 76
35 83
35 95
35 127
35 133
35 146
35 147
35 170
35 195
35 232
35 245
36 39
36 55
36 60
36 71
36 79
36 84
36 88
36 98
36 111
36 113
36 158
36 159
36 164
36 169
36 188
36 202
36 203
36 208
36 232
36 238
36 250
37 36
37 38
37 73
37 86
37 88
37 102
37 111
37 133
37 141
37 176
37 220
38 2
38 4
38 7
38 25
38 43
38 47
38 52
38 56
38 90
38 133
38 157
38 161
38 174
38 177
38 184
38 197
38 200
38 209
38 241
38 244
38 250
39 10
39 22
39 26
39 62
39 92
39 97
39 99
39 104
39 107
39 110
39 117
39 121
39 130
39 145
39 148
39 165
39 170
39 179
39 181
39 182
39 201
39 212
39 214
39 228
39 245
40 9
40 55
40 60
40 61
40 68
40 98
40 103
40 111
40 117
40 120
40 123
40 133
40 140
40 148
40 157
40 163
40 194
40 196
40 208
40 218
40 245
40 246
41 38
41 53
41 67
41 85
41 94
41 96
41 98
41 125
41 133
41 136
41 137
41 141
41 166
41 184
41 237
41 245
41 247
42 11
42 59
42 68
42 70
42 89
42 100
42 108
42 121
42 127
42 148
42 150
42 195
42 203
42 232
42 245
43 1
43 3
43 5
43 22
43 49
43 51
43 59
43 80
43 91
43 107
43 137
43 157
43 165
43 166
43 172
44 3
44 6
44 8
44 9
44 11
44 18
44 23
44 30
44 31
44 40
44 52
44 71
44 80
44 84
44 108
44 119
44 122
44 124
44 150
44 166
44 171
44 173
44 176
44 198
44 200
44 203
44 237
44 238
44 244
45 6
45 10
45 19
45 20
45 39
45 40
45 43
45 70
45 73
45 77
45 90
45 113
45 129
45 131
45 146
45 153
45 166
45 183
45 226
45 228
45 233
46 60
46 66
46 79
46 98
46 116
46 117
46 141
46 167
46 176
46 179
46 189
46 218
46 222
46 228
46 242
47 4
47 7
47 14
47 53
47 68
47 75
47 78
47 82
47 83
47 87
47 98
47 99
47 105
47 109
47 111
47 113
47 121
47 126
47 136
47 138
47 157
47 160
47 172
47 173
47 177
47 179
47 208
47 212
47 222
47 227
47 230
47 233
47 234
48 12
48 16
48 21
48 33
48 40
48 53
48 67
48 77
48 78
48 105
48 112
48 118
48 119
48 135
48 137
48 146
48 149
48 158
48 161
48 169
48 170
48 196
48 216
48 219
48 247
49 40
49 73
49 75
49 110
49 113
49 145
49 154
49 158
49 189
49 191
49 200
49 203
49 214
49 226
49 227
49 229
50 2
50 5
50 7
50 16
50 28
50 36
50 91
50 101
50 128
50 131
50 138
50 141
50 156
50 161
50 164
50 183
50 194
50 215
50 231
51 2
51 10
51 14
51 16
51 24
51 50
51 65
51 67
51 75
51 88
51 106
51 121
51 129
51 156
51 172
51 173
51 187
51 197
51 212
51 238
51 242
51 250
52 7
52 18
52 26
52 41
52 59
52 84
52 104
52 117
52 120
52 122
52 149
52 163
52 172
52 177
52 179
52 186
52 203
52 216
52 218
52 224
52 226
52 238
52 241
53 32
53 33
53 42
53 58
53 62
53 63
53 69
53 74
53 106
53 122
53 137
53 140
53 156
53 177
53 187
53 209
53 221
53 238
53 243
54 5
54 6
54 14
54 19
54 21
54 43
54 72
54 76
54 94
54 115
54 131
54 134
54 174
54 182
54 184
54 185
54 190
54 198
54 227
54 242
54 247
55 2
55 13
55 37
55 73
55 82
55 101
55 105
55 112
55 131
55 149
55 157
55 158
55 162
55 171
55 199
55 204
55 216
55 244
55 247
56 1
56 12
56 63
56 67
56 78
56 83
56 94
56 117
56 136
56 152
56 176
56 186
56 188
56 200
56 220
56 227
56 230
56 248
57 44
57 53
57 63
57 65
57 82
57 83
57 86
57 95
57 105
57 111
57 117
57 148
57 158
57 159
57 160
57 174
57 192
57 201
57 222
58 41
58 51
58 70
58 73
58 95
58 98
58 109
58 119
58 146
58 160
58 185
58 209
58 210
58 212
58 217
58 226
58 240
58 249
59 5
59 7
59 33
59 38
59 48
59 64
59 68
59 79
59 84
59 87
59 90
59 93
59 96
59 97
59 146
59 165
59 170
59 177
59 185
59 210
59 213
59 219
59 228
59 235
59 249
60 4
60 11
60 55
60 75
60 78
60 81
60 82
60 110
60 129
60 133
60 138
60 142
60 143
60 153
60 188
60 207
60 215
60 239
60 247
61 8
61 35
61 54
61 57
61 69
61 72
61 76
61 84
61 107
61 113
61 115
61 123
61 127
61 128
61 132
61 133
61 143
61 146
61 157
61 173
61 196
61 204
61 224
61 230
61 233
62 3
62 28
62 29
62 42
62 44
62 50
62 135
62 137
62 141
62 144
62 157
62 165
62 172
62 173
62 208
62 212
62 215
62 221
62 223
62 226
62 239
62 246
62 247
63 2
63 5
63 21
63 34
63 38
63 89
63 130
63 158
63 164
63 184
63 187
63 206
63 225
63 227
63 235
63 248
64 2
64 20
64 39
64 71
64 81
64 92
64 103
64 109
64 115
64 123
64 127
64 131
64 150
64 244
65 5
65 7
65 15
65 37
65 38
65 53
65 56
65 67
65 78
65 100
65 112
65 114
65 117
65 132
65 143
65 162
65 183
65 194
65 202
65 223
65 232
65 248
66 5
66 14
66 25
66 26
66 28
66 35
66 37
66 45
66 64
66 71
66 109
66 111
66 113
66 128
66 130
66 134
66 154
66 175
66 197
66 198
66 228
66 242
67 8
67 23
67 29
67 35
67 41
67 110
67 148
67 171
67 184
67 203
67 212
67 217
67 224
67 231
67 233
67 239
67 249
68 10
68 35
68 48
68 65
68 74
68 80
68 98
68 102
68 126
68 132
68 164
68 171
68 174
68 179
68 188
68 198
68 206
68 208
68 239
68 242
69 4
69 17
69 44
69 47
69 49
69 59
69 60
69 63
69 73
69 80
69 84
69 89
69 108
69 134
69 147
69 148
69 176
69 187
69 188
69 192
69 201
69 202
69 204
69 217
69 221
69 222
69 223
69 226
69 236
70 30
70 38
70 48
70 69
70 73
70 92
70 93
70 96
70 111
70 112
70 123
70 130
70 131
70 136
70 187
70 192
70 247
71 23
71 48
71 52
71 72
71 75
71 82
71 108
71 117
71 156
71 163
71 171
71 178
71 192
71 216
72 1
72 3
72 14
72 25
72 27
72 30
72 31
72 54
72 65
72 66
72 67
72 90
72 97
72 98
72 105
72 111
72 127
72 131
72 147
72 153
72 165
72 189
72 201
72 203
72 210
72 224
72 225
72 243
72 250
73 3
73 5
73 9
73 23
73 32
73 46
73 47
73 78
73 87
73 102
73 107
73 111
73 120
73 129
73 130
73 154
73 164
73 175
73 197
73 213
74 16
74 17
74 62
74 65
74 99
74 100
74 101
74 137
74 157
74 159
74 206
74 215
74 221
74 224
74 232
74 234
75 2
75 10
75 26
75 32
75 38
75 54
75 58
75 77
75 87
75 108
75 111
75 124
75 127
75 130
75 137
75 142
75 149
75 150
75 152
75 161
75 180
75 198
75 208
75 211
75 238
76 29
76 51
76 53
76 57
76 70
76 81
76 92
76 123
76 138
76 139
76 151
76 155
76 158
76 167
76 170
76 184
76 187
76 190
76 192
76 215
76 231
76 238
77 7
77 13
77 14
77 23
77 40
77 42
77 69
77 75
77 92
77 95
77 120
77 122
77 165
77 169
77 175
77 178
77 185
78 6
78 23
78 59
78 92
78 120
78 128
78 131
78 133
78 138
78 141
78 157
78 174
78 177
78 179
78 184
78 187
78 189
78 193
78 216
78 230
78 241
78 247
78 248
79 6
79 24
79 30
79 35
79 36
79 44
79 58
79 64
79 67
79 132
79 143
79 147
79 150
79 156
79 170
79 175
79 185
79 188
79 192
79 193
79 194
79 202
79 226
79 238
79 248
80 1
80 2
80 6
80 22
80 33
80 53
80 68
80 77
80 90
80 98
80 106
80 112
80 116
80 132
80 134
80 138
80 144
80 156
80 186
80 190
80 209
80 217
80 223
81 14
81 67
81 70
81 101
81 104
81 120
81 149
81 165
81 167
81 171
81 173
81 183
81 186
81 198
81 202
81 217
81 221
81 222
81 225
81 226
81 235
81 246
82 23
82 33
82 39
82 50
82 56
82 57
82 59
82 92
82 127
82 141
82 154
82 166
82 183
82 214
82 225
82 230
82 241
82 250
83 6
83 18
83 39
83 45
83 55
83 68
83 99
83 103
83 155
83 169
83 195
83 200
83 205
83 215
83 216
83 240
83 246
83 247
83 249
84 6
84 10
84 17
84 24
84 31
84 40
84 47
84 60
84 80
84 108
84 111
84 115
84 124
84 127
84 130
84 154
84 157
84 168
84 170
84 171
84 187
84 189
84 207
84 220
84 239
84 246
85 12
85 23
85 48
85 57
85 73
85 75
85 80
85 101
85 120
85 134
85 149
85 160
85 172
85 214
85 215
85 216
85 223
85 234
86 23
86 29
86 30
86 66
86 92
86 99
86 110
86 112
86 121
86 127
86 152
86 153
86 202
86 209
86 226
86 227
86 245
87 29
87 40
87 41
87 46
87 60
87 94
87 98
87 99
87 100
87 105
87 115
87 131
87 134
87 146
87 159
87 165
87 172
87 183
87 187
87 195
87 201
87 203
87 207
87 246
88 9
88 14
88 16
88 21
88 29
88 32
88 35
88 49
88 58
88 61
88 117
88 147
88 151
88 156
88 157
88 166
88 175
88 178
88 190
88 200
88 209
88 226
88 242
88 246
89 39
89 60
89 79
89 110
89 111
89 112
89 121
89 161
89 163
89 182
89 184
89 186
89 197
89 199
89 221
90 13
90 17
90 38
90 54
90 58
90 101
90 114
90 129
90 151
90 154
90 157
90 159
90 172
90 173
90 178
90 192
90 196
90 204
90 207
90 213
90 223
90 227
90 237
90 248
91 1
91 12
91 16
91 26
91 47
91 51
91 64
91 75
91 83
91 86
91 105
91 118
91 120
91 127
91 129
91 141
91 161
91 162
91 176
91 181
91 184
91 186
91 189
91 193
91 211
91 222
91 237
92 14
92 21
92 24
92 35
92 37
92 40
92 43
92 50
92 51
92 90
92 100
92 111
92 132
92 166
92 201
92 208
92 223
92 234
92 241
93 13
93 14
93 17
93 21
93 22
93 35
93 49
93 55
93 86
93 109
93 119
93 134
93 137
93 147
93 151
93 158
93 166
93 179
93 185
93 189
93 206
93 210
93 232
93 244
94 36
94 45
94 52
94 120
94 151
94 152
94 164
94 179
94 182
94 191
94 204
94 215
94 218
94 235
94 239
94 241
95 22
95 47
95 59
95 65
95 73
95 82
95 90
95 91
95 104
95 120
95 124
95 137
95 146
95 151
95 163
95 188
95 198
95 203
95 211
95 242
95 246
96 8
96 16
96 20
96 33
96 39
96 40
96 48
96 51
96 64
96 76
96 105
96 112
96 121
96 127
96 132
96 134
96 153
96 175
96 179
96 195
96 203
96 216
96 247
97 22
97 31
97 33
97 37
97 52
97 59
97 80
97 81
97 86
97 87
97 88
97 90
97 133
97 176
97 180
97 192
97 193
97 197
97 198
97 208
97 217
97 238
97 243
98 1
98 14
98 35
98 75
98 106
98 108
98 114
98 133
98 140
98 158
98 160
98 166
98 179
98 199
98 208
98 212
99 12
99 25
99 36
99 42
99 58
99 60
99 96
99 101
99 103
99 139
99 158
99 167
99 174
99 178
99 182
99 192
99 193
99 202
99 219
99 231
99 238
100 19
100 33
100 44
100 97
100 115
100 131
100 148
100 162
100 204
100 215
100 243
101 2
101 24
101 76
101 91
101 93
101 96
101 105
101 125
101 128
101 132
101 144
101 157
101 166
101 168
101 188
101 209
101 213
101 220
101 221
101 223
101 228
102 13
102 21
102 29
102 31
102 39
102 43
102 46
102 48
102 56
102 57
102 96
102 101
102 105
102 121
102 138
102 160
102 165
102 168
102 175
102 182
102 183
102 218
102 221
102 234
103 15
103 51
103 56
103 70
103 83
103 135
103 136
103 156
103 158
103 161
103 165
103 176
103 205
103 214
103 218
103 219
103 225
103 230
103 236
103 242
104 15
104 28
104 61
104 65
104 159
104 160
104 161
104 168
104 175
104 195
104 214
104 237
105 5
105 35
105 43
105 46
105 52
105 64
105 71
105 73
105 121
105 123
105 131
105 147
105 162
105 194
105 217
105 237
105 239
106 4
106 23
106 27
106 40
106 41
106 44
106 55
106 64
106 73
106 80
106 81
106 128
106 138
106 145
106 151
106 157
106 162
106 171
106 177
106 205
106 206
106 215
106 219
106 228
106 231
106 248
107 12
107 19
107 45
107 58
107 74
107 140
107 145
107 152
107 161
107 171
107 178
107 182
107 198
107 199
107 201
107 205
107 226
107 228
107 233
107 234
107 246
107 248
108 4
108 21
108 42
108 44
108 56
108 59
108 63
108 80
108 83
108 97
108 104
108 109
108 120
108 129
108 143
108 145
108 158
108 210
108 211
108 212
108 227
108 237
109 33
109 81
109 97
109 132
109 166
109 169
109 184
109 194
109 209
109 214
110 3
110 45
110 60
110 80
110 153
110 161
110 181
110 205
110 228
111 8
111 13
111 22
111 26
111 38
111 42
111 44
111 53
111 65
111 75
111 83
111 125
111 126
111 130
111 169
111 188
111 198
111 199
111 221
111 237
111 248
112 6
112 39
112 47
112 54
112 64
112 98
112 99
112 106
112 107
112 108
112 131
112 146
112 150
112 152
112 155
112 217
112 223
113 2
113 12
113 47
113 51
113 62
113 78
113 83
113 88
113 94
113 104
113 130
113 132
113 144
113 148
113 157
113 173
113 183
113 184
113 189
113 192
113 200
113 210
114 9
114 12
114 14
114 28
114 30
114 49
114 74
114 77
114 84
114 88
114 112
114 113
114 133
114 141
114 174
114 184
114 187
114 198
114 199
114 204
114 239
115 2
115 16
115 26
115 33
115 39
115 45
115 62
115 68
115 77
115 88
115 97
115 99
115 105
115 122
115 139
115 156
115 160
115 164
115 165
115 194
115 197
115 201
115 206
115 245
115 247
116 11
116 12
116 24
116 28
116 40
116 48
116 50
116 56
116 70
116 79
116 103
116 115
116 134
116 150
116 159
116 161
116 189
116 198
116 224
117 11
117 17
117 18
117 24
117 31
117 32
117 33
117 57
117 64
117 68
117 70
117 73
117 92
117 94
117 95
117 101
117 104
117 118
117 130
117 156
117 162
117 175
117 189
117 205
117 223
117 246
117 247
118 14
118 18
118 26
118 90
118 91
118 122
118 183
118 184
118 186
118 192
118 193
118 197
118 208
118 229
118 235
119 7
119 22
119 40
119 41
119 63
119 65
119 76
119 84
119 97
119 112
119 122
119 126
119 129
119 142
119 144
119 156
119 163
119 172
119 173
119 184
119 199
119 209
119 215
119 220
119 225
119 233
120 17
120 22
120 23
120 28
120 34
120 37
120 39
120 45
120 55
120 56
120 68
120 75
120 77
120 85
120 115
120 121
120 140
120 156
120 175
120 212
120 243
121 4
121 5
121 36
121 41
121 54
121 65
121 83
121 86
121 90
121 106
121 138
121 156
121 159
121 167
121 187
121 192
121 203
121 213
121 216
121 217
121 234
121 247
122 2
122 28
122 33
122 51
122 52
122 55
122 58
122 72
122 77
122 83
122 106
122 114
122 116
122 118
122 123
122 131
122 136
122 140
122 143
122 147
122 148
122 159
122 169
122 173
122 179
122 198
122 204
122 227
122 240
122 248
122 250
123 6
123 9
123 23
123 41
123 100
123 105
123 109
123 111
123 112
123 117
123 138
123 139
123 140
123 152
123 153
123 165
123 174
123 175
123 183
123 226
123 247
123 249
124 1
124 15
124 17
124 25
124 30
124 48
124 67
124 79
124 82
124 83
124 104
124 105
124 110
124 132
124 143
124 149
124 167
124 180
124 188
124 208
124 221
124 242
124 250
125 4
125 8
125 14
125 22
125 42
125 49
125 62
125 76
125 96
125 121
125 133
125 143
125 163
125 224
125 232
125 239
126 8
126 10
126 19
126 30
126 76
126 87
126 88
126 95
126 101
126 107
126 109
126 113
126 128
126 140
126 143
126 166
126 189
126 207
126 230
126 235
127 1
127 19
127 57
127 81
127 92
127 97
127 114
127 128
127 142
127 148
127 158
127 180
127 192
127 194
127 235
128 6
128 40
128 86
128 112
128 119
128 122
128 151
128 159
128 177
128 182
128 205
128 206
128 217
128 226
128 239
129 3
129 43
129 68
129 140
129 141
129 144
129 151
129 153
129 185
129 188
129 193
129 197
129 208
129 214
129 217
130 8
130 17
130 23
130 51
130 61
130 62
130 70
130 84
130 116
130 125
130 160
130 187
130 203
130 207
130 215
130 221
130 244
130 250
131 30
131 64
131 72
131 73
131 80
131 108
131 122
131 133
131 149
131 159
131 174
131 185
131 197
131 216
131 223
131 235
131 241
132 5
132 41
132 45
132 55
132 58
132 97
132 130
132 150
132 154
132 175
132 205
132 225
132 238
132 246
133 1
133 8
133 32
133 41
133 56
133 71
133 75
133 80
133 81
133 91
133 93
133 113
133 117
133 152
133 159
133 176
133 199
133 244
134 3
134 34
134 69
134 72
134 75
134 76
134 81
134 96
134 101
134 107
134 118
134 120
134 133
134 135
134 150
134 159
134 173
134 174
134 184
134 187
134 207
134 215
134 250
135 5
135 35
135 66
135 87
135 93
135 94
135 105
135 119
135 124
135 125
135 152
135 158
135 160
135 178
135 181
135 205
135 209
135 243
135 246
136 7
136 22
136 23
136 27
136 42
136 60
136 64
136 69
136 85
136 96
136 111
136 126
136 134
136 186
136 190
136 199
136 224
136 250
137 11
137 18
137 26
137 51
137 55
137 59
137 81
137 84
137 96
137 99
137 115
137 117
137 124
137 139
137 150
137 161
137 162
137 169
137 170
137 172
137 173
137 179
137 204
137 227
137 228
137 231
137 239
137 249
138 6
138 8
138 14
138 22
138 29
138 55
138 78
138 81
138 93
138 97
138 116
138 126
138 136
138 146
138 174
138 177
138 180
138 192
138 214
138 224
138 232
139 3
139 4
139 20
139 42
139 54
139 65
139 73
139 79
139 81
139 104
139 118
139 120
139 174
139 194
139 201
139 228
140 1
140 6
140 45
140 57
140 84
140 99
140 100
140 105
140 107
140 109
140 115
140 118
140 120
140 127
140 137
140 146
140 147
140 150
140 154
140 157
140 179
140 186
140 204
140 211
140 212
140 230
140 246
141 8
141 26
141 34
141 69
141 81
141 82
141 95
141 101
141 123
141 124
141 177
141 180
141 189
141 191
141 201
141 210
141 211
141 224
141 233
141 235
142 4
142 6
142 11
142 20
142 23
142 24
142 34
142 42
142 73
142 78
142 82
142 98
142 104
142 111
142 124
142 127
142 140
142 151
142 155
142 182
142 197
142 203
142 216
142 227
142 231
142 236
142 237
142 245
142 246
142 247
143 21
143 26
143 29
143 44
143 49
143 57
143 88
143 106
143 117
143 137
143 150
143 163
143 167
143 174
144 1
144 2
144 9
144 17
144 37
144 42
144 52
144 67
144 68
144 97
144 114
144 130
144 139
144 142
144 145
144 190
144 198
144 201
144 229
144 231
144 237
144 241
145 10
145 20
145 39
145 57
145 59
145 70
145 110
145 137
145 157
145 158
145 160
145 161
145 205
145 213
145 217
145 231
145 237
145 245
145 248
146 28
146 36
146 63
146 65
146 87
146 93
146 96
146 101
146 117
146 127
146 131
146 140
146 182
146 191
146 205
146 206
146 240
146 242
147 3
147 8
147 12
147 17
147 21
147 24
147 32
147 39
147 81
147 100
147 106
147 116
147 133
147 140
147 158
147 159
147 161
147 174
147 175
147 185
147 188
147 190
147 205
147 211
147 214
147 221
147 244
147 248
148 6
148 19
148 25
148 34
148 36
148 73
148 88
148 90
148 91
148 106
148 112
148 115
148 146
148 166
148 177
148 194
148 200
148 205
149 42
149 74
149 94
149 96
149 102
149 104
149 121
149 123
149 125
149 136
149 142
149 148
149 204
149 226
149 229
149 243
150 3
150 5
150 12
150 22
150 27
150 45
150 47
150 49
150 51
150 52
150 55
150 60
150 82
150 90
150 91
150 92
150 123
150 148
150 149
150 160
150 194
150 199
150 227
150 245
150 246
151 1
151 24
151 36
151 44
151 47
151 48
151 57
151 61
151 66
151 72
151 94
151 95
151 101
151 119
151 144
151 145
151 156
151 173
151 194
151 246
151 249
152 18
152 22
152 33
152 46
152 73
152 89
152 97
152 108
152 120
152 143
152 145
152 163
152 175
152 182
152 183
152 200
152 228
152 229
152 233
152 238
152 242
153 16
153 36
153 47
153 50
153 52
153 74
153 98
153 102
153 115
153 119
153 134
153 141
153 165
153 178
153 192
153 198
153 208
153 211
153 212
154 3
154 22
154 24
154 27
154 43
154 55
154 59
154 62
154 66
154 76
154 88
154 90
154 115
154 131
154 140
154 145
154 148
154 150
154 153
154 166
154 172
154 183
154 196
154 215
154 226
154 234
154 242
155 9
155 14
155 25
155 49
155 54
155 63
155 81
155 108
155 111
155 129
155 139
155 150
155 151
155 159
155 170
155 172
155 190
155 192
155 200
155 208
155 209
155 218
155 220
155 231
156 7
156 26
156 27
156 65
156 87
156 103
156 133
156 134
156 135
156 138
156 139
156 142
156 148
156 151
156 163
156 172
156 187
156 190
156 203
156 240
156 248
157 7
157 25
157 68
157 73
157 74
157 79
157 80
157 82
157 83
157 93
157 101
157 186
157 213
157 216
157 221
157 222
158 7
158 26
158 31
158 51
158 62
158 75
158 82
158 87
158 100
158 121
158 137
158 153
158 160
158 164
158 168
158 178
158 216
158 222
158 229
158 242
159 14
159 17
159 24
159 52
159 85
159 90
159 104
159 115
159 116
159 153
159 155
159 165
159 169
159 174
159 203
159 214
159 228
159 241
159 245
159 249
159 250
160 11
160 23
160 27
160 72
160 80
160 85
160 120
160 123
160 146
160 168
160 171
160 173
160 174
160 176
160 213
160 218
160 226
160 229
161 5
161 10
161 18
161 19
161 46
161 64
161 73
161 88
161 106
161 122
161 134
161 136
161 139
161 144
161 154
161 175
161 189
161 206
161 215
161 223
161 245
162 11
162 14
162 22
162 37
162 62
162 72
162 82
162 88
162 99
162 135
162 137
162 156
162 172
162 194
162 211
162 221
162 226
162 227
162 233
163 8
163 15
163 25
163 30
163 35
163 36
163 38
163 40
163 42
163 45
163 59
163 118
163 121
163 142
163 160
163 176
163 180
163 236
163 238
164 19
164 26
164 36
164 38
164 52
164 54
164 78
164 114
164 116
164 131
164 134
164 139
164 143
164 144
164 160
164 186
164 196
164 221
164 228
164 232
164 233
164 234
164 249
165 14
165 16
165 18
165 51
165 90
165 93
165 98
165 99
165 134
165 139
165 152
165 180
165 194
165 216
165 230
165 234
166 4
166 40
166 44
166 53
166 98
166 129
166 136
166 148
166 169
166 177
166 183
166 201
166 238
167 26
167 30
167 50
167 121
167 124
167 125
167 128
167 140
167 144
167 146
167 147
167 153
167 155
167 157
167 168
167 171
167 219
167 236
168 12
168 13
168 15
168 17
168 21
168 22
168 26
168 31
168 40
168 44
168 45
168 49
168 52
168 57
168 68
168 72
168 77
168 84
168 87
168 90
168 97
168 119
168 121
168 129
168 158
168 162
168 169
168 194
168 200
168 224
168 226
168 231
169 7
169 18
169 22
169 23
169 27
169 41
169 45
169 85
169 121
169 133
169 167
169 208
169 213
169 215
169 217
169 220
169 222
169 241
170 3
170 13
170 36
170 68
170 69
170 70
170 93
170 96
170 100
170 112
170 128
170 182
170 220
170 227
170 241
170 247
171 2
171 6
171 9
171 38
171 44
171 47
171 62
171 90
171 94
171 103
171 109
171 120
171 129
171 141
171 155
171 163
171 173
171 178
171 185
171 193
171 196
171 206
171 211
171 212
171 219
171 222
171 226
171 250
172 51
172 56
172 58
172 60
172 90
172 100
172 105
172 121
172 152
172 161
172 180
172 191
172 205
172 229
172 248
173 7
173 35
173 52
173 57
173 67
173 74
173 77
173 81
173 104
173 113
173 121
173 122
173 125
173 129
173 132
173 141
173 164
173 176
173 178
173 199
173 236
173 237
173 241
174 3
174 10
174 23
174 24
174 28
174 34
174 41
174 51
174 55
174 56
174 83
174 87
174 89
174 93
174 139
174 143
174 145
174 154
174 157
174 162
174 170
174 187
174 190
174 198
174 219
175 13
175 32
175 35
175 60
175 66
175 97
175 100
175 146
175 147
175 152
175 167
175 174
175 180
175 196
175 203
175 211
175 236
176 5
176 19
176 25
176 50
176 55
176 90
176 101
176 102
176 113
176 118
176 124
176 128
176 132
176 147
176 201
176 210
176 218
176 225
176 232
177 1
177 15
177 25
177 29
177 30
177 40
177 49
177 69
177 70
177 80
177 90
177 114
177 128
177 129
177 146
177 180
177 181
177 205
177 232
177 235
177 239
177 250
178 17
178 19
178 21
178 23
178 54
178 58
178 73
178 75
178 82
178 91
178 114
178 118
178 122
178 126
178 196
178 212
178 214
178 219
178 222
178 228
178 231
178 244
178 246
179 10
179 17
179 22
179 53
179 70
179 76
179 101
179 157
179 171
179 213
179 219
179 237
180 40
180 54
180 57
180 66
180 69
180 81
180 101
180 114
180 139
180 148
180 149
180 171
180 175
180 186
180 191
180 199
180 202
180 211
180 220
180 221
181 5
181 35
181 48
181 53
181 71
181 80
181 83
181 101
181 118
181 120
181 123
181 133
181 148
181 163
181 189
181 194
181 214
181 230
181 243
182 2
182 10
182 15
182 29
182 35
182 43
182 45
182 52
182 56
182 72
182 105
182 112
182 113
182 118
182 119
182 126
182 141
182 145
182 173
182 212
182 226
182 232
182 240
182 244
183 10
183 31
183 33
183 43
183 48
183 66
183 67
183 70
183 71
183 79
183 81
183 83
183 91
183 115
183 137
183 149
183 153
183 157
183 171
183 188
183 192
183 202
183 222
183 231
183 233
183 237
183 241
183 249
184 7
184 14
184 21
184 34
184 42
184 81
184 88
184 91
184 101
184 108
184 123
184 131
184 145
184 162
184 163
184 189
184 194
184 198
184 207
184 225
184 239
184 240
185 5
185 35
185 94
185 104
185 148
185 149
185 153
185 155
185 168
185 174
185 187
185 240
186 3
186 22
186 39
186 52
186 58
186 69
186 76
186 85
186 114
186 115
186 198
186 233
186 234
187 6
187 9
187 57
187 72
187 105
187 106
187 176
187 191
187 203
187 250
188 5
188 24
188 30
188 32
188 52
188 75
188 84
188 104
188 105
188 113
188 117
188 133
188 151
188 156
188 172
188 187
188 204
188 210
188 224
188 233
189 5
189 13
189 30
189 46
189 54
189 75
189 78
189 81
189 88
189 99
189 104
189 107
189 109
189 110
189 138
189 159
189 163
189 165
189 167
189 169
189 198
189 200
189 211
190 20
190 32
190 36
190 66
190 80
190 93
190 102
190 106
190 116
190 120
190 123
190 132
190 139
190 150
190 151
190 161
190 170
190 173
190 180
190 191
190 212
190 218
190 232
190 241
191 7
191 9
191 23
191 24
191 45
191 52
191 56
191 57
191 75
191 80
191 84
191 101
191 106
191 123
191 158
191 172
191 193
191 195
191 198
191 200
191 202
191 245
192 5
192 11
192 25
192 29
192 57
192 88
192 119
192 125
192 138
192 142
192 147
192 154
192 164
192 211
192 212
192 218
192 225
192 241
192 242
192 247
193 36
193 53
193 66
193 72
193 92
193 94
193 105
193 106
193 108
193 130
193 138
193 145
193 166
193 176
193 177
193 232
193 236
193 241
193 242
193 247
194 4
194 10
194 16
194 18
194 46
194 72
194 84
194 88
194 122
194 132
194 145
194 151
194 156
194 166
194 173
194 184
194 192
194 199
194 213
194 216
194 221
194 230
194 233
194 239
195 1
195 3
195 12
195 15
195 18
195 24
195 38
195 64
195 92
195 95
195 122
195 141
195 175
195 206
195 217
195 223
195 228
195 240
196 1
196 4
196 18
196 19
196 21
196 25
196 29
196 54
196 75
196 77
196 85
196 94
196 99
196 106
196 111
196 114
196 145
196 166
196 167
196 198
196 221
196 222
196 243
197 16
197 37
197 87
197 119
197 139
197 146
197 158
197 180
197 195
197 220
197 225
197 226
197 242
198 6
198 25
198 26
198 31
198 45
198 81
198 106
198 109
198 135
198 146
198 151
198 163
198 212
198 236
198 242
199 26
199 43
199 58
199 64
199 77
199 81
199 91
199 103
199 128
199 137
199 139
199 145
199 148
199 151
199 155
199 168
199 179
199 192
199 222
199 224
199 246
200 1
200 17
200 22
200 39
200 47
200 57
200 82
200 92
200 146
200 160
200 161
200 167
200 168
200 194
200 197
200 201
200 205
200 217
200 232
200 233
200 236
200 242
200 247
200 248
201 6
201 12
201 30
201 43
201 51
201 57
201 63
201 69
201 70
201 108
201 130
201 156
201 159
201 176
201 200
201 208
201 217
202 1
202 39
202 77
202 79
202 110
202 111
202 119
202 122
202 152
202 153
202 172
202 191
202 197
202 241
203 3
203 4
203 8
203 16
203 34
203 52
203 71
203 82
203 87
203 88
203 101
203 108
203 137
203 165
203 182
203 197
203 206
203 214
203 221
203 228
203 234
204 6
204 15
204 33
204 54
204 70
204 71
204 80
204 96
204 111
204 114
204 118
204 130
204 147
204 154
204 175
204 184
204 202
204 241
204 243
205 1
205 30
205 68
205 69
205 82
205 83
205 93
205 129
205 133
205 138
205 145
205 152
205 162
205 223
205 225
205 229
205 231
205 235
206 14
206 15
206 27
206 34
206 56
206 63
206 68
206 81
206 86
206 114
206 121
206 127
206 137
206 140
206 145
206 147
206 182
206 191
206 194
206 198
206 210
206 214
206 228
206 243
207 11
207 16
207 31
207 34
207 35
207 37
207 40
207 92
207 97
207 116
207 132
207 136
207 158
207 169
207 173
207 176
207 213
207 231
208 15
208 24
208 39
208 41
208 43
208 48
208 54
208 57
208 70
208 83
208 86
208 94
208 105
208 125
208 145
208 178
208 183
208 199
208 237
208 246
209 20
209 21
209 26
209 27
209 33
209 52
209 66
209 70
209 75
209 76
209 81
209 92
209 97
209 133
209 151
209 157
209 180
209 181
209 203
209 212
209 233
209 239
210 15
210 40
210 66
210 67
210 88
210 118
210 126
210 154
210 166
210 187
210 196
210 203
210 209
211 10
211 13
211 20
211 24
211 44
211 47
211 69
211 74
211 92
211 99
211 101
211 103
211 119
211 137
211 153
211 162
211 170
211 176
211 181
211 203
211 215
211 222
211 223
211 227
211 232
211 234
211 237
211 238
211 239
212 2
212 16
212 17
212 18
212 27
212 28
212 33
212 43
212 58
212 59
212 72
212 73
212 100
212 108
212 117
212 124
212 125
212 130
212 135
212 139
212 141
212 170
212 191
212 209
213 37
213 58
213 68
213 79
213 87
213 89
213 112
213 130
213 143
213 146
213 163
213 164
213 165
213 173
213 202
213 206
213 214
213 229
213 237
213 239
214 22
214 23
214 26
214 54
214 55
214 77
214 84
214 86
214 87
214 93
214 103
214 107
214 115
214 158
214 174
214 188
214 192
214 194
214 204
214 205
214 208
214 221
214 222
214 223
214 244
215 1
215 20
215 27
215 35
215 55
215 88
215 98
215 114
215 122
215 165
215 167
215 175
215 197
215 199
215 220
215 249
216 23
216 37
216 40
216 45
216 68
216 70
216 104
216 114
216 124
216 137
216 141
216 185
216 187
216 193
216 198
216 205
216 227
216 237
216 242
216 244
216 249
217 16
217 41
217 49
217 52
217 61
217 62
217 67
217 78
217 90
217 115
217 130
217 149
217 182
217 187
217 195
217 209
217 231
217 246
218 19
218 35
218 49
218 66
218 71
218 78
218 91
218 107
218 113
218 116
218 121
218 124
218 139
218 146
218 152
218 172
218 181
218 188
219 2
219 6
219 8
219 10
219 21
219 36
219 76
219 83
219 89
219 122
219 134
219 140
219 143
219 198
219 209
219 211
219 215
219 216
219 218
219 223
219 225
219 227
219 228
219 234
219 242
219 248
219 250
220 4
220 31
220 40
220 41
220 47
220 78
220 89
220 91
220 96
220 126
220 131
220 141
220 169
220 188
220 193
220 201
220 218
220 233
221 6
221 10
221 14
221 26
221 30
221 49
221 53
221 63
221 67
221 106
221 107
221 109
221 128
221 142
221 168
221 209
221 219
221 223
221 224
221 233
221 235
222 2
222 4
222 10
222 18
222 29
222 31
222 41
222 49
222 88
222 101
222 104
222 112
222 132
222 138
222 149
222 174
222 202
222 210
222 217
222 220
222 223
222 224
222 248
223 15
223 20
223 24
223 40
223 47
223 71
223 76
223 82
223 111
223 143
223 150
223 159
223 163
223 176
223 189
223 190
223 200
223 207
223 213
223 219
223 227
223 242
224 3
224 6
224 9
224 35
224 59
224 67
224 80
224 83
224 95
224 107
224 121
224 135
224 136
224 140
224 141
224 149
224 156
224 175
224 180
224 193
224 194
224 215
224 226
224 234
224 245
225 27
225 30
225 35
225 62
225 64
225 68
225 70
225 86
225 102
225 116
225 131
225 138
225 141
225 150
225 154
225 165
225 173
225 179
225 193
225 196
225 204
225 206
225 207
225 214
225 227
226 7
226 11
226 13
226 43
226 49
226 53
226 59
226 118
226 123
226 140
226 141
226 151
226 172
226 173
226 202
226 208
226 216
226 228
226 240
226 244
226 247
227 21
227 36
227 45
227 55
227 58
227 61
227 69
227 73
227 103
227 122
227 128
227 133
227 137
227 153
227 162
227 163
227 201
227 206
227 211
227 218
227 220
227 241
228 17
228 20
228 23
228 32
228 46
228 53
228 72
228 96
228 107
228 118
228 120
228 136
228 152
228 153
228 198
228 203
229 23
229 43
229 49
229 59
229 94
229 97
229 101
229 103
229 104
229 107
229 127
229 129
229 136
229 138
229 142
229 178
229 182
229 194
229 199
229 204
229 214
229 219
229 227
229 235
229 238
230 2
230 7
230 21
230 32
230 61
230 63
230 64
230 70
230 74
230 90
230 118
230 123
230 133
230 143
230 164
230 168
230 169
230 210
230 237
230 243
231 7
231 14
231 18
231 20
231 57
231 72
231 78
231 83
231 104
231 152
231 173
231 176
231 189
231 199
231 246
232 29
232 33
232 91
232 141
232 145
232 181
232 213
232 226
232 229
232 243
232 250
233 3
233 21
233 43
233 45
233 46
233 58
233 61
233 62
233 71
233 86
233 89
233 100
233 103
233 104
233 118
233 121
233 129
233 134
233 153
233 164
233 166
233 178
233 186
233 202
233 203
233 212
233 216
233 217
233 225
233 229
233 238
234 2
234 8
234 12
234 16
234 25
234 29
234 38
234 57
234 61
234 70
234 72
234 117
234 124
234 136
234 139
234 145
234 162
234 175
234 181
234 192
234 232
234 246
235 2
235 3
235 7
235 16
235 21
235 36
235 61
235 67
235 98
235 110
235 121
235 122
235 128
235 133
235 138
235 156
235 168
235 170
235 177
235 181
235 184
235 193
235 196
235 199
235 217
235 241
235 250
236 15
236 23
236 25
236 47
236 50
236 54
236 61
236 67
236 75
236 87
236 93
236 108
236 112
236 123
236 179
236 190
236 201
236 202
237 6
237 19
237 23
237 37
237 71
237 79
237 96
237 98
237 107
237 117
237 121
237 130
237 135
237 138
237 186
237 204
237 210
237 211
237 218
238 15
238 41
238 49
238 59
238 97
238 117
238 121
238 134
238 168
238 192
238 194
238 235
238 237
238 241
239 2
239 10
239 13
239 17
239 20
239 31
239 35
239 36
239 53
239 55
239 61
239 91
239 100
239 112
239 124
239 149
239 191
239 196
239 198
239 205
239 207
239 217
239 218
239 221
239 236
239 241
239 244
240 4
240 6
240 9
240 26
240 35
240 42
240 44
240 49
240 59
240 72
240 87
240 112
240 132
240 141
240 146
240 152
240 165
240 170
240 185
240 187
240 188
240 201
240 208
240 212
240 238
240 246
241 21
241 22
241 34
241 53
241 62
241 63
241 83
241 107
241 112
241 117
241 123
241 130
241 132
241 140
241 163
241 170
241 176
241 180
241 201
241 206
241 210
241 220
241 222
241 243
242 18
242 36
242 49
242 61
242 70
242 72
242 75
242 81
242 83
242 86
242 92
242 98
242 99
242 110
242 115
242 128
242 134
242 147
242 196
242 206
242 233
242 235
242 247
243 3
243 29
243 35
243 37
243 47
243 60
243 92
243 111
243 162
243 185
243 191
243 202
243 212
243 235
244 4
244 23
244 32
244 38
244 42
244 73
244 97
244 102
244 109
244 117
244 127
244 160
244 165
244 197
244 217
244 236
244 246
245 3
245 10
245 15
245 16
245 21
245 45
245 60
245 63
245 67
245 69
245 74
245 76
245 90
245 97
245 108
245 120
245 122
245 127
245 128
245 135
245 142
245 143
245 147
245 163
245 165
245 168
245 187
245 196
245 198
245 209
245 214
245 221
245 241
245 244
246 4
246 25
246 52
246 60
246 91
246 98
246 102
246 121
246 122
246 128
246 137
246 155
246 156
246 181
246 207
246 218
246 219
246 228
246 231
246 234
247 15
247 17
247 33
247 35
247 57
247 83
247 106
247 159
247 170
247 172
247 174
247 183
247 187
247 192
247 219
247 220
247 238
247 240
247 243
247 245
248 4
248 10
248 17
248 18
248 25
248 61
248 67
248 75
248 96
248 109
248 114
248 116
248 117
248 150
248 154
248 156
248 158
248 163
248 171
248 178
248 222
248 223
248 232
248 240
248 250
249 12
249 44
249 51
249 57
249 82
249 95
249 98
249 113
249 119
249 132
249 140
249 148
249 212
249 225
249 231
250 5
250 12
250 13
250 14
250 28
250 37
250 44
250 50
250 52
250 58
250 79
250 86
250 93
250 114
250 121
250 142
250 146
250 150
250 161
250 175
250 181
250 185
250 189
250 192
250 193
250 200
