3000
2998
1 150
1 2079
3 256
3 1984
4 2325
5 1394
5 2251
7 525
7 2759
8 2517
11 2725
12 200
12 1412
13 2901
13 2966
14 1719
15 2488
15 2656
16 1009
16 1993
17 1785
17 1812
18 635
18 1476
19 485
21 2932
22 59
23 1100
23 1214
23 2399
23 2725
25 2194
26 762
26 1750
26 2513
27 874
33 1761
34 2095
34 2147
35 20
36 2390
37 1253
38 170
38 832
38 2837
42 528
45 1554
48 540
49 1111
53 2430
58 1745
59 1104
61 273
61 312
61 2013
61 2015
61 2147
62 1185
63 642
65 392
65 2078
67 1328
68 342
69 607
69 2360
69 2598
71 841
74 337
76 2130
77 2682
79 1084
79 2837
80 2411
81 2381
82 2295
83 469
83 2768
84 1417
86 343
87 958
87 1126
89 1409
90 469
90 516
93 1494
94 1946
95 1325
96 2604
97 775
98 1761
101 1
101 479
101 2102
103 2178
104 714
104 881
105 1626
107 116
107 203
108 1258
109 2605
112 897
113 2216
114 2920
116 489
117 682
120 1254
121 639
121 2567
121 2878
123 2566
126 407
126 906
126 1385
127 122
127 2285
129 1180
129 1251
129 2902
129 2958
130 44
135 58
135 1469
136 972
136 1514
136 2566
137 1211
138 168
139 469
140 1393
141 2273
141 2594
142 2533
144 1818
145 2654
146 324
146 2714
148 2479
149 1024
151 2667
152 1110
152 1429
152 1772
153 449
153 1875
153 2059
153 2594
154 1402
158 358
158 1494
161 704
161 1320
161 2073
165 2442
168 530
168 1033
170 2333
170 2784
172 2726
173 2038
173 2717
174 538
175 2490
176 1525
176 2751
177 2310
181 2572
184 1531
185 691
185 890
185 2485
186 34
189 2947
190 2734
191 1656
192 1286
192 2017
193 2520
194 1003
196 37
196 2770
197 473
197 949
198 887
198 1260
200 602
200 2757
201 648
204 2852
206 2674
208 606
208 1403
209 1126
209 1633
213 226
214 91
214 923
216 2454
217 380
218 1996
220 699
221 2568
222 455
222 1583
224 2672
225 1506
227 636
228 2814
229 2239
230 1335
230 1669
231 2366
232 1698
235 749
235 1082
235 2761
235 2832
238 294
238 581
238 1473
238 2928
239 629
240 2872
242 2840
245 325
245 1228
246 313
247 439
248 2254
252 1133
252 2473
253 22
253 2115
254 671
254 2129
255 2361
255 2779
256 2095
256 2154
256 2234
257 2684
258 2357
258 2567
259 553
259 1730
260 957
260 1290
260 2596
261 2275
261 2652
262 412
262 2263
264 2750
265 1205
266 1068
266 1299
266 1895
266 2825
267 2451
268 2108
269 1085
270 2189
272 383
272 1833
273 1089
273 2271
274 861
275 2670
277 2320
277 2336
279 1488
281 2737
282 1073
282 1303
282 1571
282 1739
283 1936
284 1284
285 1176
288 54
289 1460
291 2818
292 871
293 384
293 751
294 2912
295 2026
295 2987
296 1777
297 1173
298 2190
300 107
300 985
300 2244
302 756
302 1124
303 972
303 1164
303 1608
304 165
304 1733
304 2348
305 2944
306 860
307 1494
308 2269
309 2411
310 440
310 1306
311 925
312 1669
313 608
313 2857
314 520
314 1250
314 1947
315 40
315 1783
315 1846
316 2349
318 170
318 1941
318 2113
319 1193
319 2578
321 1287
321 2441
321 2825
324 1542
324 2412
325 448
326 2401
327 218
328 603
330 198
334 47
334 823
335 396
335 637
336 2135
337 677
337 2612
338 389
339 2237
340 424
340 1457
343 2786
345 2959
345 2975
347 402
348 2229
351 1456
352 2760
353 2828
354 2114
355 1454
355 1691
356 644
356 761
358 551
358 2372
359 1662
360 726
361 665
361 1850
361 2845
362 1237
363 784
363 1532
363 1678
365 2838
366 2913
367 1180
368 820
370 2703
371 511
371 2765
372 1686
373 25
374 134
376 1140
377 328
380 1377
382 801
383 2057
384 1514
384 2002
386 2367
387 266
388 1260
388 1895
388 2675
391 365
391 1338
391 1384
393 1695
396 1222
396 2062
397 270
397 958
398 1784
398 1853
400 403
400 2947
402 1009
402 2156
403 476
404 265
404 2377
406 69
406 1349
407 1180
408 2265
409 30
409 2667
411 795
412 327
412 2658
418 1806
419 2071
419 2398
419 2549
420 2814
421 1269
422 2710
425 515
425 1611
426 86
428 585
428 2845
432 527
432 2920
433 2442
436 2387
438 596
438 611
440 383
441 1369
444 179
445 1858
447 2427
448 910
448 2093
449 1048
449 2149
449 2511
449 2685
451 184
451 1007
451 1915
452 1711
454 1746
455 2738
456 1472
457 729
457 805
457 838
457 2673
458 364
459 1970
460 2305
461 1130
462 455
462 752
462 1332
462 2875
463 932
463 1509
464 1361
469 76
472 398
472 445
472 1684
474 41
476 2114
477 1851
478 2479
479 610
480 884
481 2601
484 1489
485 2593
486 1839
487 1841
487 2983
488 767
489 795
489 1420
490 1661
491 783
491 1235
491 2032
491 2452
492 2395
493 150
494 511
494 1041
496 512
497 83
497 1231
498 133
498 2713
499 61
500 712
502 195
502 1359
502 2076
503 383
504 1778
505 597
505 2174
506 879
506 2533
508 1178
509 1861
509 2428
510 1752
512 2396
513 1322
513 2114
517 1978
518 2376
519 1805
521 2058
521 2930
525 1039
527 1223
527 2076
527 2917
528 272
529 2915
531 1276
533 2143
534 242
534 765
535 237
535 2868
535 2897
536 262
537 447
537 1001
537 1582
537 2878
537 2969
538 2043
540 1269
540 1632
542 662
542 761
542 2053
544 2826
544 2896
545 518
545 1612
546 1752
546 1806
547 18
547 1620
548 2908
549 2668
551 31
552 2196
553 682
554 1526
554 2736
555 610
557 2274
558 56
559 2108
560 590
560 2831
561 133
561 948
562 317
563 708
563 2168
563 2589
564 484
565 2923
569 76
570 1059
571 1222
572 977
572 2538
573 392
573 1914
573 2617
575 2306
576 1188
576 2199
578 44
578 1001
580 354
581 288
583 977
584 926
584 1473
585 2076
586 1433
586 2433
588 1639
588 1995
589 472
589 2808
591 2829
593 2825
596 2300
598 1999
599 625
600 2934
601 558
601 1987
601 2068
602 2289
602 2892
603 2899
605 1624
605 2362
607 618
609 1736
609 2150
609 2794
610 1465
610 1918
611 1097
611 1860
612 1199
615 1423
615 2659
619 1599
619 1893
620 2745
621 1530
622 1152
622 2162
622 2188
624 2776
624 2937
628 258
628 610
629 799
630 1971
630 2829
632 1133
632 2776
633 2501
634 548
634 899
634 1838
637 4
638 2821
638 2901
639 2284
643 372
647 2393
654 1678
654 2497
655 460
656 610
656 1660
658 517
660 1184
660 1520
661 204
661 1682
661 2949
662 2260
667 661
668 1807
668 2344
671 1164
673 1007
674 56
674 1421
674 1673
675 1726
675 2192
678 950
678 2330
679 241
679 1435
679 2530
680 2675
680 2701
681 1304
681 1982
681 2883
682 1100
683 2706
684 611
688 1046
690 692
692 138
692 1910
693 2406
695 290
695 326
695 1004
695 2566
695 2926
696 1178
696 2164
697 747
697 1775
697 2423
698 192
699 627
700 2948
701 2053
702 184
703 906
703 2047
705 2127
708 195
708 2694
708 2813
709 648
709 1299
709 2947
710 2596
714 667
714 1112
714 2288
715 2126
716 829
718 2482
719 1580
719 1945
720 1997
721 2257
721 2428
722 1424
723 553
724 1243
727 678
728 74
729 1814
729 2020
730 1691
733 1218
738 810
738 1590
739 2165
740 966
743 1515
744 714
746 600
748 833
748 1948
753 956
754 1376
756 648
758 156
759 150
759 727
760 513
760 2520
761 2016
763 1319
764 418
766 1195
766 1284
767 1655
768 395
768 1048
770 532
770 642
770 2198
770 2215
771 488
771 1829
772 710
774 783
776 2533
778 1477
778 1794
780 2638
780 2763
783 1286
783 1692
785 159
789 2192
789 2433
791 2333
792 1356
793 678
797 473
797 1710
798 526
798 1489
800 1417
802 2585
803 797
806 2171
807 1166
809 1870
810 2958
811 1271
811 1289
811 1570
812 274
812 1328
812 2897
814 2222
816 1724
817 178
821 864
823 1276
824 1769
825 1420
826 2141
826 2694
828 1495
828 2033
829 2530
831 1596
832 2650
833 2052
834 932
835 1639
836 2128
837 494
837 881
837 1251
838 2427
841 261
841 2351
841 2714
842 512
842 2859
843 2475
843 2603
847 1309
848 460
848 687
848 1892
848 2116
850 2718
853 1012
853 2980
854 969
854 1398
859 1719
860 337
860 1405
860 2201
861 833
863 115
863 1054
866 1354
868 2430
870 1741
870 2673
872 1953
872 2551
872 2782
874 2056
874 2112
875 56
875 508
876 655
876 1032
877 1434
877 2608
878 755
880 2703
882 831
882 1187
885 1841
885 1935
886 2693
887 742
889 255
890 2574
891 2225
891 2898
892 2288
893 216
894 729
894 881
895 870
895 1583
896 741
897 948
897 1026
898 1875
899 551
900 508
900 1484
900 1543
901 1034
901 1212
901 2516
904 733
904 1668
906 2193
907 552
907 1738
912 416
913 1567
914 937
914 2555
915 1706
915 1755
915 2383
916 145
916 2127
916 2681
918 518
918 1873
918 2435
919 1481
919 2428
920 10
920 505
920 2620
921 71
921 2766
922 1402
924 405
924 2502
927 646
930 814
932 1774
932 2164
934 1152
934 1759
935 490
935 959
936 297
936 1472
937 1527
937 1995
938 2280
939 1882
940 2809
942 2983
944 2236
944 2721
946 1884
947 1585
948 2448
949 512
949 1174
950 242
956 262
957 2034
957 2338
958 1277
960 617
961 1058
962 1674
963 2236
965 2667
966 1018
967 835
968 219
968 728
968 983
969 1197
969 1635
969 2493
970 2127
970 2598
972 2345
973 808
975 711
975 971
979 2589
981 467
982 1095
982 1928
982 2485
984 1198
984 2130
985 2609
986 6
986 2575
988 935
988 1008
989 69
990 41
991 18
991 1156
991 1458
992 1590
992 2268
994 2159
994 2356
994 2858
995 1696
998 2204
999 2594
1000 857
1001 114
1002 767
1005 1384
1007 826
1010 2385
1011 334
1011 2437
1011 2949
1012 1932
1015 441
1016 775
1019 46
1019 867
1019 1684
1019 1982
1020 33
1020 55
1020 2660
1021 2247
1023 1418
1023 1995
1024 1367
1025 903
1026 158
1028 1
1029 1652
1029 2559
1029 2740
1030 1337
1031 1069
1031 2932
1032 2072
1033 347
1033 1644
1033 1888
1034 1931
1035 951
1035 2074
1036 436
1036 813
1036 2354
1037 55
1037 752
1040 1461
1043 390
1043 2920
1044 2445
1045 2095
1045 2170
1047 688
1047 2553
1048 2291
1048 2370
1050 245
1051 124
1051 544
1051 760
1052 2159
1052 2963
1057 127
1057 2928
1063 2285
1066 1099
1066 2020
1068 1475
1068 1750
1069 1635
1069 2568
1070 2841
1071 810
1071 1614
1071 2482
1073 1754
1075 651
1075 907
1079 205
1079 318
1080 214
1080 381
1082 1250
1083 1910
1085 1282
1087 757
1088 2810
1089 317
1089 607
1089 991
1089 1697
1090 1019
1091 297
1092 2124
1093 496
1096 2424
1098 698
1098 1538
1099 1790
1099 2943
1101 1716
1102 1176
1102 2261
1103 822
1104 839
1104 2421
1105 296
1106 2568
1107 1660
1112 2528
1114 484
1114 2540
1115 2130
1115 2157
1116 313
1117 359
1118 2307
1118 2562
1119 774
1120 86
1120 1324
1120 1581
1121 1273
1122 364
1123 974
1123 1062
1123 2386
1124 682
1124 1543
1126 1843
1126 2864
1127 2754
1128 880
1128 1330
1130 440
1130 2125
1130 2272
1132 480
1134 80
1135 770
1135 1234
1137 1305
1138 119
1139 1414
1139 2874
1140 1156
1140 2311
1141 2029
1141 2603
1142 1121
1142 2549
1143 1683
1143 1762
1144 778
1145 250
1145 2603
1147 1831
1149 2740
1150 2661
1151 1063
1153 215
1153 2542
1154 1425
1155 919
1156 40
1156 1782
1156 2090
1158 1956
1159 2631
1160 400
1160 1387
1160 1737
1161 7
1162 962
1164 2267
1169 53
1172 823
1172 1289
1173 2139
1173 2394
1173 2775
1174 1689
1174 2572
1176 802
1176 2053
1176 2255
1179 2639
1180 196
1180 1906
1181 1078
1184 1031
1184 2692
1188 744
1189 1077
1189 1587
1190 795
1191 836
1192 638
1192 1747
1194 1048
1194 2008
1195 2851
1198 842
1198 2393
1199 271
1199 1050
1200 261
1200 1357
1200 1899
1201 1099
1201 1562
1202 583
1203 744
1203 1959
1204 2429
1207 1885
1207 2574
1208 1238
1208 1718
1209 238
1209 2039
1210 1101
1210 2228
1212 455
1212 633
1213 1264
1213 1892
1213 2389
1215 1645
1218 2689
1219 798
1219 2374
1222 1659
1223 2860
1224 2279
1226 1354
1228 122
1228 2832
1232 103
1232 1725
1234 2524
1235 405
1235 499
1237 984
1237 2358
1237 2378
1238 2961
1240 1075
1240 2255
1241 2756
1242 13
1242 2495
1243 2049
1245 264
1248 1504
1248 1947
1250 1280
1250 2511
1251 2579
1252 604
1252 1141
1253 2524
1255 341
1255 1166
1256 921
1257 1584
1257 2789
1258 599
1260 891
1261 927
1261 1733
1262 458
1262 1609
1263 2475
1265 11
1265 124
1265 839
1267 1270
1269 229
1270 2960
1272 2266
1273 1812
1273 1864
1275 853
1275 859
1275 1932
1280 598
1281 2898
1283 2211
1284 16
1288 174
1288 1167
1289 2607
1290 293
1290 1427
1291 550
1291 868
1291 1315
1294 940
1294 1622
1297 1611
1298 996
1298 2709
1300 2192
1301 1880
1302 1945
1303 2146
1304 1646
1304 2987
1305 2995
1310 417
1314 2407
1315 1616
1318 2459
1318 2805
1319 1828
1319 2594
1320 891
1320 1129
1320 2804
1322 1060
1322 1913
1323 2016
1325 1490
1325 2659
1325 2776
1330 841
1336 2495
1337 1966
1338 1986
1339 1007
1340 622
1340 1621
1341 1965
1342 1559
1343 39
1343 798
1345 2918
1347 1189
1349 602
1349 1487
1350 348
1350 992
1351 2749
1357 1060
1357 1813
1359 2155
1359 2413
1361 383
1361 941
1362 299
1362 1666
1364 2874
1365 463
1366 2205
1369 403
1369 536
1370 726
1370 979
1370 2226
1371 1198
1371 1439
1373 314
1373 2607
1374 1081
1378 302
1378 1012
1379 1327
1380 992
1382 211
1385 54
1385 678
1387 2621
1389 2827
1390 319
1391 2233
1392 475
1393 2620
1394 1154
1394 2973
1398 1035
1399 2350
1399 2889
1405 644
1405 1248
1405 2916
1409 1637
1411 2128
1412 755
1412 2401
1413 864
1413 2444
1415 1842
1416 57
1417 1430
1419 724
1420 158
1421 262
1421 1545
1422 486
1423 1629
1423 2757
1425 1190
1425 1551
1426 447
1428 521
1428 2566
1431 1881
1431 2601
1431 2974
1432 1095
1432 1415
1432 2738
1433 1662
1433 2345
1434 1690
1437 2617
1438 2748
1440 1245
1440 1861
1442 862
1442 2664
1444 243
1445 804
1448 891
1449 1807
1449 2199
1450 79
1450 1997
1450 2871
1451 263
1451 1785
1451 2420
1453 1717
1453 2719
1455 463
1455 1178
1455 1432
1460 2353
1461 87
1462 2237
1462 2262
1462 2665
1465 509
1468 192
1469 2090
1470 2340
1472 313
1472 495
1472 1861
1475 1004
1475 1840
1476 259
1477 2296
1480 865
1486 176
1486 880
1487 723
1487 1134
1489 660
1491 929
1491 1224
1494 937
1494 1033
1495 27
1495 2950
1496 1123
1496 1991
1497 81
1499 1922
1501 2752
1502 34
1503 658
1503 856
1503 1365
1506 130
1507 139
1507 799
1507 1325
1507 2779
1508 1992
1508 2189
1509 1018
1509 1428
1510 97
1510 704
1510 1339
1510 1440
1511 2354
1513 196
1513 1682
1513 2399
1516 436
1516 1542
1516 2464
1517 741
1517 873
1517 1132
1518 818
1519 2125
1519 2677
1520 541
1522 7
1523 59
1525 1454
1526 125
1526 1585
1529 1526
1530 724
1530 1062
1532 401
1535 2386
1536 1007
1537 626
1537 848
1538 425
1539 171
1541 2155
1543 919
1543 2733
1544 2572
1545 1199
1545 2991
1546 2701
1549 2185
1551 143
1551 2447
1553 1968
1554 1200
1555 854
1555 1766
1556 1241
1556 1936
1556 2096
1557 1005
1559 1066
1559 1600
1559 2284
1560 1832
1560 2111
1563 1174
1567 1300
1568 1529
1568 2616
1568 2899
1569 505
1570 445
1570 730
1571 1148
1571 2879
1572 1112
1572 2093
1573 2072
1573 2711
1575 1963
1576 635
1577 752
1577 909
1581 1657
1582 1584
1582 2216
1583 129
1584 996
1584 1150
1585 606
1589 175
1589 530
1593 605
1593 1529
1594 1390
1595 1680
1597 72
1598 2837
1600 204
1600 1564
1602 2438
1603 324
1603 957
1608 2007
1609 1786
1611 583
1614 1552
1614 1958
1614 2164
1615 933
1616 658
1616 897
1616 2546
1616 2891
1618 1977
1620 1661
1620 2760
1621 717
1622 794
1623 1190
1623 1585
1627 659
1627 1411
1628 80
1628 2179
1628 2333
1630 324
1630 1482
1631 692
1632 240
1632 1807
1635 185
1635 463
1635 1330
1636 1132
1636 1601
1638 1234
1639 785
1639 2693
1640 2477
1640 2953
1643 522
1643 1142
1645 1712
1646 880
1646 1013
1647 635
1648 2670
1650 1418
1651 259
1653 591
1653 1057
1654 1789
1654 2334
1655 1085
1655 2912
1659 76
1660 630
1661 2086
1661 2795
1662 2516
1663 231
1663 2863
1664 195
1664 1115
1664 2288
1665 915
1665 1512
1665 2399
1666 350
1666 687
1666 2089
1667 552
1667 1245
1668 2788
1669 1645
1670 1127
1670 2430
1672 1654
1673 77
1674 188
1674 2267
1676 458
1676 1653
1677 7
1677 1279
1678 2857
1679 1285
1681 306
1685 676
1686 2851
1687 1511
1688 572
1688 2755
1689 2399
1692 2652
1692 2707
1693 213
1693 1234
1693 1726
1695 1626
1700 417
1700 1032
1701 1163
1702 11
1702 424
1702 430
1703 2946
1704 1503
1705 1299
1707 2713
1708 2768
1710 210
1710 413
1711 1434
1711 2448
1711 2578
1712 406
1713 1817
1714 705
1714 888
1717 1224
1719 1930
1720 99
1720 1900
1722 982
1723 2460
1723 2464
1724 2060
1726 818
1727 327
1728 1874
1732 1426
1732 1547
1733 118
1733 881
1733 1553
1734 1136
1734 2899
1735 993
1735 2873
1738 772
1739 2993
1742 2443
1743 462
1743 1775
1743 2313
1744 1956
1744 2836
1746 2677
1747 268
1751 2246
1752 459
1752 1061
1754 1193
1754 2470
1754 2873
1754 2876
1755 2880
1756 125
1756 925
1756 1574
1756 2682
1757 267
1758 492
1759 645
1761 1595
1761 2447
1761 2636
1761 2975
1762 1025
1764 1133
1765 2071
1765 2093
1766 1298
1766 2403
1766 2498
1767 925
1767 2820
1770 2378
1771 853
1771 1377
1772 1425
1773 2175
1774 1182
1775 2505
1776 1657
1778 2849
1779 2770
1781 2704
1782 2295
1784 1851
1784 2140
1784 2542
1785 181
1785 650
1786 1239
1786 2690
1787 1705
1789 2955
1791 2598
1792 2087
1792 2255
1793 714
1793 2996
1795 426
1795 2625
1800 1814
1802 2033
1803 1449
1805 1243
1806 2179
1807 457
1808 1590
1809 1269
1811 436
1811 1758
1811 2841
1811 2861
1814 1906
1814 2499
1817 2796
1819 460
1819 2207
1820 1427
1821 302
1823 1249
1823 1954
1824 2714
1825 285
1825 2120
1829 1414
1830 2143
1831 29
1831 1033
1832 1186
1832 1610
1834 1956
1835 1279
1835 1736
1836 734
1836 2288
1838 2073
1839 335
1839 1473
1840 1065
1840 2075
1841 57
1842 1092
1843 1785
1844 1087
1844 2820
1845 2485
1846 1521
1848 709
1849 66
1850 992
1850 1492
1850 1910
1851 2979
1852 2355
1852 2529
1854 2666
1856 452
1856 933
1857 1561
1857 2650
1859 1576
1860 76
1860 1686
1860 2690
1861 2088
1863 1056
1863 1429
1864 1137
1864 2594
1864 2789
1865 1831
1866 327
1866 2871
1867 511
1870 682
1871 2645
1873 2238
1875 855
1877 1480
1879 2627
1880 2245
1881 1394
1881 1817
1881 2897
1882 398
1882 2028
1883 1991
1885 693
1886 563
1886 1703
1886 2676
1887 1332
1887 2406
1888 1448
1888 1943
1889 13
1891 562
1891 1779
1894 2567
1898 2529
1899 2427
1902 781
1902 2860
1903 442
1904 2619
1905 897
1905 1830
1906 594
1906 2360
1906 2952
1907 1748
1908 567
1908 1188
1910 1775
1911 2713
1911 2716
1912 2641
1913 710
1913 2095
1913 2958
1914 1518
1914 2777
1916 2062
1917 2382
1919 1091
1923 806
1924 286
1924 328
1926 528
1927 522
1928 100
1928 1256
1928 2030
1929 417
1930 1114
1930 1152
1930 2190
1931 24
1936 236
1937 1554
1937 1774
1937 2267
1939 1764
1939 1966
1940 1513
1943 2658
1944 692
1945 1764
1946 2222
1946 2478
1947 1662
1950 1449
1950 1549
1951 1418
1955 875
1957 1834
1959 303
1960 2885
1960 2886
1963 1057
1964 829
1964 2112
1964 2565
1965 1199
1965 1474
1966 1564
1970 538
1971 1203
1971 1321
1973 2125
1973 2144
1974 1233
1974 2997
1975 1169
1976 722
1977 1537
1978 1290
1980 1438
1980 2711
1981 837
1981 1527
1986 1163
1987 1488
1988 904
1988 2736
1989 1143
1989 2236
1992 1505
1992 1667
1993 1249
1993 1270
1993 2252
1993 2993
1996 234
1996 552
1997 1193
1997 2065
1997 2746
1997 2837
1998 336
1998 751
1998 888
1999 650
2000 6
2000 1600
2003 1634
2005 698
2005 1967
2005 2132
2006 3000
2007 446
2008 2638
2009 885
2009 2641
2010 943
2010 1721
2010 2032
2011 2294
2012 1457
2014 2096
2014 2105
2015 2016
2016 2650
2017 2648
2018 999
2018 2568
2018 2882
2019 2313
2019 2712
2020 519
2022 218
2022 682
2022 962
2023 2939
2028 175
2028 248
2029 206
2029 1925
2029 2840
2030 1800
2031 1641
2031 2517
2032 2410
2033 1228
2034 947
2034 1401
2034 2183
2035 2111
2035 2529
2036 484
2037 1081
2038 632
2043 856
2045 2106
2048 1979
2051 383
2051 1569
2052 1168
2053 567
2057 157
2057 1227
2059 1922
2060 2367
2060 2903
2062 59
2063 2576
2066 624
2066 1860
2067 803
2068 980
2068 2979
2069 1521
2069 2903
2070 2138
2072 2424
2074 2318
2077 752
2078 190
2078 1516
2079 1697
2079 1923
2083 84
2083 2652
2086 2043
2087 1101
2088 1452
2090 729
2090 2095
2090 2715
2091 2031
2091 2341
2092 979
2093 790
2093 1044
2094 437
2096 357
2097 1821
2097 2067
2097 2461
2098 561
2098 897
2098 2836
2099 607
2100 555
2100 1363
2101 981
2102 2170
2106 187
2107 486
2108 2390
2109 2603
2111 312
2112 351
2112 629
2113 1145
2117 722
2118 1976
2119 709
2119 2514
2120 751
2120 2527
2123 1085
2125 170
2125 1620
2127 41
2127 1083
2127 1225
2129 11
2130 1799
2130 2815
2130 2877
2131 1419
2131 2208
2133 1462
2133 2149
2135 2167
2136 1214
2138 295
2139 808
2140 1988
2141 209
2142 2043
2142 2165
2142 2837
2143 2730
2145 1670
2146 1301
2147 2195
2147 2767
2148 407
2150 2123
2151 1618
2152 467
2153 1920
2154 1840
2155 2572
2158 1539
2159 876
2160 2080
2161 1170
2162 44
2162 1793
2163 531
2163 2903
2164 2650
2165 567
2166 2837
2166 2863
2166 2966
2167 2855
2168 2146
2172 752
2174 605
2175 287
2175 687
2176 97
2176 1814
2177 1538
2178 2476
2178 2884
2182 974
2186 21
2186 1957
2187 2022
2188 2913
2190 213
2190 1740
2196 336
2197 2325
2197 2527
2198 23
2198 826
2199 302
2201 1088
2201 1276
2201 2985
2202 1032
2203 500
2203 2319
2203 2828
2204 1846
2206 306
2207 403
2208 487
2208 684
2208 2515
2209 73
2209 1603
2210 1823
2210 2628
2213 2070
2213 2355
2214 973
2215 1406
2216 2490
2218 981
2218 1255
2219 1970
2220 2575
2221 1877
2222 2007
2223 1246
2223 2669
2225 1977
2226 1418
2227 2237
2229 2721
2230 2523
2232 1902
2233 1547
2233 2182
2237 851
2240 935
2242 2293
2242 2843
2244 97
2244 1736
2246 436
2246 974
2246 1831
2248 88
2249 927
2249 1766
2249 2593
2250 1633
2250 2752
2251 1554
2253 399
2253 412
2254 1654
2255 862
2255 1762
2255 2414
2257 1090
2257 2327
2258 1396
2259 1366
2262 805
2264 1568
2264 1589
2266 995
2266 1689
2267 82
2272 1488
2272 2018
2272 2077
2274 1344
2274 1456
2274 2031
2275 547
2276 1249
2276 2815
2278 2435
2278 2914
2279 1020
2279 2313
2280 2603
2281 1699
2283 2120
2283 2716
2284 128
2284 1840
2285 682
2285 2243
2286 927
2288 1378
2289 2123
2290 928
2290 2861
2291 1073
2291 2529
2293 2356
2294 403
2295 441
2297 1430
2298 2850
2301 1761
2302 1200
2302 2511
2303 1319
2306 2994
2307 564
2309 2879
2310 854
2310 2620
2311 2437
2313 2418
2315 1494
2317 627
2318 2391
2318 2975
2319 1962
2321 806
2322 32
2322 724
2324 1221
2325 52
2325 1086
2326 208
2326 403
2326 2930
2327 2900
2328 2010
2331 363
2332 1286
2333 808
2335 2680
2336 1383
2336 1613
2336 2494
2337 2011
2337 2195
2337 2584
2339 1314
2339 2998
2340 770
2342 19
2342 542
2342 1821
2343 25
2343 1173
2344 1808
2344 1941
2347 252
2349 2622
2350 2640
2350 2932
2353 1395
2354 1495
2354 1963
2356 2047
2359 2066
2359 2922
2360 2093
2361 912
2362 1589
2363 1717
2365 932
2365 2535
2366 170
2366 2451
2368 774
2369 1898
2370 1024
2370 1715
2370 2934
2371 2677
2372 161
2372 286
2372 295
2372 1416
2372 1676
2373 122
2373 2426
2373 2861
2373 2918
2375 196
2376 737
2378 1490
2378 2497
2379 253
2380 2584
2382 91
2382 913
2386 1937
2387 688
2389 1500
2389 2341
2389 2806
2390 2400
2392 370
2395 1536
2396 646
2396 1450
2397 2141
2397 2614
2399 864
2399 1872
2399 2435
2402 1969
2403 1408
2405 1905
2405 2101
2406 336
2406 401
2406 586
2407 1514
2408 2437
2409 1998
2410 2471
2410 2749
2411 1279
2411 2550
2412 260
2412 598
2413 757
2414 393
2414 1062
2415 1419
2415 2605
2418 2013
2418 2427
2419 212
2419 1465
2419 1510
2420 3
2420 2492
2422 2026
2423 2888
2424 243
2424 291
2424 2166
2427 424
2427 2737
2427 2887
2428 187
2428 1725
2428 1858
2428 2493
2428 2841
2429 518
2434 157
2434 657
2434 669
2435 1758
2435 2910
2436 96
2436 1565
2437 2552
2438 1183
2440 1154
2441 1096
2443 821
2443 2289
2444 1086
2444 1911
2446 2338
2446 2421
2446 2792
2448 2890
2450 44
2450 1158
2450 1628
2450 2591
2451 172
2451 2556
2454 1253
2454 2716
2455 2699
2456 2881
2460 1658
2461 947
2462 840
2464 570
2464 701
2464 1607
2465 2048
2468 876
2470 2827
2472 802
2474 683
2474 1226
2475 157
2475 775
2476 149
2476 2167
2477 1221
2479 1148
2481 805
2481 2780
2485 277
2485 2339
2485 2563
2485 2677
2486 397
2486 2983
2488 1923
2489 1311
2490 1437
2491 1215
2492 2923
2494 754
2495 1634
2496 2420
2498 915
2499 117
2499 2001
2499 2676
2500 768
2501 1359
2502 416
2504 810
2504 1380
2504 1926
2504 2168
2505 138
2505 2385
2507 728
2508 461
2509 800
2510 1866
2510 2292
2510 2323
2511 1516
2511 2480
2512 2409
2512 2800
2513 1042
2513 1424
2513 2515
2514 2196
2515 1056
2515 1795
2515 2003
2516 2066
2518 2429
2519 2051
2520 1756
2521 1479
2524 463
2525 437
2525 505
2525 711
2527 482
2528 742
2531 163
2533 979
2533 2681
2536 191
2538 590
2538 2933
2542 265
2542 2139
2544 462
2544 692
2544 1348
2546 1579
2547 2575
2548 2929
2549 1465
2551 1375
2551 1520
2551 1611
2552 931
2552 2379
2555 924
2555 1240
2556 677
2556 2610
2557 1743
2559 135
2559 2384
2560 2977
2561 449
2562 1730
2563 1905
2563 2826
2564 2130
2564 2204
2565 2712
2568 1238
2568 2653
2571 1216
2572 1127
2572 1575
2573 137
2574 2166
2575 909
2575 920
2575 1172
2577 57
2577 141
2579 1394
2580 2788
2583 463
2583 2222
2584 2129
2584 2615
2584 2958
2586 1980
2589 2866
2590 46
2592 472
2593 2566
2594 2469
2596 253
2596 342
2597 1550
2599 1775
2599 2478
2600 869
2600 2018
2601 1491
2602 1351
2604 1173
2605 1899
2606 1142
2606 1515
2606 2501
2607 2952
2610 481
2610 1751
2610 2750
2611 2816
2612 1097
2612 1432
2614 364
2615 1334
2616 106
2616 1390
2618 1721
2618 2663
2619 320
2620 1247
2620 1593
2620 2458
2624 380
2624 1948
2626 348
2626 886
2626 1048
2628 2704
2631 566
2634 2347
2636 987
2636 2715
2637 1608
2641 895
2641 2384
2643 2555
2644 2434
2644 2862
2645 795
2645 1367
2648 765
2650 2180
2651 120
2654 2110
2656 142
2656 2007
2656 2357
2657 190
2657 413
2658 617
2661 739
2661 1776
2661 1830
2663 194
2663 2677
2664 372
2664 1519
2664 2858
2666 1333
2668 1057
2668 2089
2669 756
2670 726
2670 2263
2671 1268
2671 1723
2674 1620
2675 488
2675 878
2675 2092
2677 1378
2677 2210
2680 1915
2680 2936
2681 2049
2683 2176
2686 1728
2688 1129
2689 2380
2689 2748
2690 2065
2691 747
2692 670
2693 1193
2694 1780
2697 945
2698 280
2698 1548
2698 1854
2698 2327
2698 2815
2699 2970
2701 373
2702 236
2702 1055
2703 2500
2704 1920
2705 728
2705 1805
2706 1651
2709 1450
2709 1541
2711 1381
2711 2075
2711 2953
2713 1951
2714 2816
2715 464
2718 2205
2719 2170
2721 678
2721 2456
2722 2956
2723 2232
2724 2542
2725 1184
2725 1291
2725 1838
2726 127
2726 2241
2727 522
2727 1410
2727 1415
2727 1637
2728 76
2728 594
2731 39
2731 2436
2733 1820
2734 2244
2735 106
2735 857
2736 2074
2736 2117
2738 41
2743 56
2745 33
2747 1940
2748 1323
2748 1455
2749 336
2749 1559
2749 2056
2750 401
2751 53
2751 459
2751 1279
2751 1378
2752 656
2752 770
2752 2984
2754 833
2757 2711
2759 1541
2759 2090
2759 2111
2759 2774
2764 297
2764 612
2764 2003
2765 1433
2766 790
2766 2662
2768 1619
2769 46
2770 1647
2772 2006
2773 884
2775 1810
2777 2973
2778 1929
2780 2070
2781 894
2782 2156
2783 930
2786 1088
2789 60
2789 2660
2791 467
2792 334
2794 1906
2794 1928
2794 2263
2796 295
2797 1421
2798 1370
2798 2373
2801 2452
2803 126
2804 1524
2804 2691
2806 2235
2806 2852
2807 2624
2808 2960
2809 1417
2811 2682
2812 786
2813 609
2813 1722
2815 219
2815 750
2816 220
2816 1331
2817 2449
2818 104
2819 1789
2819 1920
2819 2828
2821 488
2821 2088
2822 1778
2824 17
2825 1401
2826 659
2826 2310
2826 2615
2827 818
2828 1735
2828 2651
2829 1282
2829 2718
2831 381
2831 1210
2831 1331
2831 2576
2832 2597
2833 465
2833 1708
2833 2664
2835 2629
2837 2630
2837 2774
2837 2994
2841 203
2841 1183
2842 548
2843 924
2845 1594
2846 766
2846 994
2846 1398
2847 673
2847 1353
2847 1472
2848 2312
2850 2440
2851 2594
2853 1806
2854 546
2856 1721
2857 2185
2858 1043
2858 2142
2858 2690
2859 1232
2860 489
2860 839
2860 2338
2861 1724
2863 1373
2864 1248
2867 2815
2868 2615
2868 2927
2870 2263
2872 593
2872 2963
2873 1207
2873 1557
2875 891
2875 1014
2875 1660
2875 2201
2875 2711
2877 768
2877 1590
2877 2823
2878 1574
2879 1342
2879 1553
2879 1604
2879 2347
2881 2357
2882 21
2883 1598
2883 2689
2887 1807
2888 1267
2889 501
2889 2781
2891 2368
2892 1613
2893 239
2893 1922
2894 2203
2894 2222
2895 1513
2895 2516
2896 1950
2896 2959
2899 1328
2903 439
2904 1862
2905 2174
2906 1538
2908 1839
2908 1941
2909 2089
2912 2078
2913 1371
2914 501
2916 1736
2917 1432
2917 2430
2918 2343
2920 1065
2920 2767
2921 984
2921 1874
2921 2626
2923 452
2924 232
2924 361
2924 675
2925 702
2925 1327
2925 1457
2927 1656
2929 552
2929 2127
2930 554
2930 846
2930 2513
2931 910
2933 454
2935 1278
2936 2419
2936 2855
2937 2846
2938 1113
2939 1165
2940 1162
2942 1113
2943 41
2943 592
2943 1628
2944 674
2945 443
2945 453
2945 1478
2946 1230
2946 2797
2946 2842
2947 824
2947 2605
2948 198
2948 1314
2950 105
2952 1378
2954 1449
2958 225
2958 2524
2959 1499
2959 1651
2960 177
2960 2482
2964 1815
2964 2800
2966 1174
2966 2269
2967 1896
2969 1561
2970 1355
2971 1485
2971 2607
2973 547
2973 2126
2976 124
2977 509
2977 606
2978 39
2978 854
2979 2101
2980 594
2981 855
2982 5
2982 862
2983 208
2984 199
2985 781
2987 1751
2989 866
2989 2319
2990 976
2992 2459
2992 2779
2993 2058
2994 832
2995 1965
2996 770
2996 2256
2996 2634
2996 2715
2996 2721
2998 2175
2999 493
2999 1326
2999 2850
3000 25
3000 1761
