30
206
1 2
1 6
1 8
1 10
1 12
1 18
1 19
1 24
1 27
2 4
2 12
2 15
2 17
2 24
3 2
3 10
3 11
3 15
3 19
3 22
3 23
4 7
4 14
4 20
4 22
4 27
4 28
4 29
5 2
5 8
5 9
5 16
5 18
5 20
5 27
6 1
6 3
6 5
6 7
6 8
6 10
6 11
6 21
6 28
6 30
7 28
8 1
8 3
8 4
8 10
8 12
8 17
8 20
9 7
9 8
9 13
9 16
9 18
9 19
9 24
9 26
10 4
10 6
10 13
10 14
10 21
10 22
10 24
10 26
11 2
11 3
11 5
11 7
11 9
11 24
11 25
11 29
12 5
12 8
12 9
12 23
13 1
13 2
13 9
13 11
13 14
13 17
13 22
13 26
13 29
14 2
14 6
14 12
14 20
14 21
14 28
15 7
15 13
15 17
15 19
15 23
15 27
15 30
16 5
16 7
16 8
16 10
16 19
16 23
16 25
16 26
16 29
17 1
17 7
17 8
17 13
17 19
17 20
18 3
18 4
18 7
18 11
18 13
18 26
19 7
19 11
19 16
19 17
19 25
19 28
20 3
20 14
20 15
20 21
20 22
20 28
20 29
20 30
21 7
21 13
21 18
21 22
21 25
21 27
21 28
22 2
22 8
22 10
22 17
22 19
22 23
22 29
22 30
23 2
23 7
23 11
23 19
23 25
24 1
24 6
24 13
24 14
24 18
24 19
24 30
25 1
25 8
25 9
25 17
25 18
26 3
26 7
26 9
26 11
26 14
26 15
26 20
26 29
26 30
27 13
27 16
27 17
27 22
27 25
27 26
27 28
28 2
28 4
28 5
28 6
28 17
28 24
28 25
29 6
29 15
29 16
29 19
29 23
29 27
30 2
30 4
30 7
30 11
30 13
30 14
30 15
