30
228
1 4
1 17
1 19
1 25
1 26
2 4
2 9
2 10
2 12
2 14
2 15
2 17
2 19
2 20
2 21
2 23
2 29
3 2
3 4
3 12
3 18
3 20
3 25
3 28
3 29
4 2
4 10
4 12
4 14
4 27
5 3
5 8
5 17
5 18
5 23
5 26
5 28
5 29
6 14
6 17
6 18
6 24
6 28
6 29
7 1
7 2
7 3
7 5
7 6
7 11
7 12
7 13
7 15
7 29
8 2
8 3
8 9
8 10
8 13
8 16
8 18
8 30
9 4
9 6
9 11
9 16
9 20
9 27
9 28
9 29
10 2
10 5
10 11
10 13
10 19
10 21
10 28
11 3
11 5
11 6
11 16
11 20
12 7
12 8
12 13
12 15
12 21
12 24
12 26
12 27
12 29
12 30
13 5
13 8
13 11
13 12
13 19
13 28
14 3
14 5
14 7
14 13
14 17
14 22
15 3
15 4
15 11
15 19
15 23
15 28
15 29
16 3
16 5
16 7
16 9
16 11
16 22
16 29
17 2
17 3
17 10
17 12
17 13
17 14
17 15
17 21
17 22
17 25
17 26
18 1
18 5
18 11
18 13
18 14
18 16
18 23
18 26
19 8
19 11
19 22
19 23
19 24
19 25
20 4
20 7
20 11
20 19
21 2
21 4
21 11
21 12
21 14
21 15
21 18
21 20
21 22
21 23
21 29
22 4
22 5
22 8
22 10
22 11
22 15
22 19
22 26
23 1
23 2
23 19
23 21
23 24
23 25
23 27
23 28
23 30
24 5
24 13
24 18
24 21
24 23
25 4
25 12
25 20
25 24
25 27
25 29
26 10
26 12
26 20
26 24
26 27
26 29
27 3
27 4
27 8
27 9
27 15
27 20
27 21
27 23
27 24
27 28
27 30
28 1
28 15
28 17
28 19
28 20
29 6
29 15
29 18
29 19
29 20
29 22
29 24
29 28
30 3
30 4
30 9
30 10
30 11
30 15
30 19
30 20
30 24
30 25
30 26
30 28
