3750
3750
1 2464
3 1765
4 3336
6 473
7 370
7 927
9 1309
9 2124
10 3700
11 2034
13 1380
14 1007
15 749
17 811
19 1213
23 2045
25 2150
26 43
26 866
26 1867
26 3660
30 3717
33 3658
34 2017
34 2904
34 3333
35 490
36 1944
36 2308
36 2607
38 2048
38 2873
39 2588
40 685
42 2510
43 1505
45 801
46 897
46 2127
47 1952
47 2224
48 626
48 3276
49 2925
49 3441
50 2639
52 2211
52 2626
52 3099
53 3674
55 250
55 1055
57 2639
58 2398
59 1741
60 2587
61 18
61 1205
61 2018
61 2473
61 2866
61 3087
62 78
64 1686
64 2917
65 141
66 1321
67 148
67 1922
70 576
71 379
71 1808
73 1041
73 3365
74 1402
74 3618
74 3711
75 170
76 3061
77 1282
80 507
81 779
83 1408
84 1613
85 762
86 677
86 3093
87 3194
89 1349
91 3039
93 310
93 909
94 2938
94 2954
95 867
96 373
97 1899
98 200
98 778
98 1299
99 788
99 1540
99 1973
99 2900
101 2701
102 1935
104 621
105 2814
107 223
107 644
110 106
110 556
111 3356
113 1334
114 961
116 632
116 1075
116 1295
116 2054
116 2853
119 1853
120 1489
121 1626
122 1174
123 1563
123 1909
123 2338
124 410
124 1670
126 2800
127 785
127 1740
127 3636
128 814
128 2481
129 408
129 603
129 3036
132 1919
134 757
134 2220
135 1672
137 384
138 376
138 735
138 3221
139 284
140 1175
140 1547
140 2274
141 1718
143 2235
143 3074
144 2224
145 1394
145 2996
146 2173
147 637
148 2434
148 2632
149 1608
149 2923
150 3315
150 3748
153 1283
153 1287
155 952
157 860
157 2911
160 2193
160 2704
161 2652
163 1216
164 638
164 1136
164 1156
164 3529
165 3201
170 812
170 2483
171 233
171 3345
172 2257
174 1396
176 3665
179 2437
179 3462
180 146
180 862
180 2739
180 3148
181 139
182 603
182 1729
183 540
183 2885
184 2527
185 343
186 240
186 3224
187 46
187 3426
188 58
188 3127
190 3330
191 2198
193 3274
194 1301
194 3065
197 274
198 1756
198 2884
199 1479
199 2362
201 839
206 808
207 3124
208 1210
209 3466
210 2109
213 2000
214 2675
217 2418
218 396
218 1384
218 2869
219 577
219 2445
220 2782
221 1803
222 472
223 3406
224 527
224 3636
225 2904
228 931
231 2294
232 2639
234 1948
235 1412
236 2913
239 2281
242 584
243 471
243 1462
244 15
244 2059
244 3056
246 2393
246 2902
249 1480
249 3207
250 2331
250 3733
251 2885
251 3198
254 2077
255 3685
256 1438
256 1549
257 482
259 3488
259 3716
260 1263
260 1663
261 3174
262 1988
264 2654
267 1994
268 1484
268 2875
271 1118
272 473
274 74
275 2581
276 147
276 3192
277 2753
278 3500
279 1916
280 3029
283 1541
283 2119
284 388
285 631
286 999
286 1102
287 3522
288 1927
288 2351
290 742
294 73
295 1077
298 1007
299 26
299 177
299 253
299 441
300 2881
301 79
301 2536
301 3611
302 1825
302 3087
302 3467
303 509
303 3147
304 1210
306 1585
308 1270
308 2588
309 525
312 3292
313 2808
316 567
316 2857
316 3413
320 1160
320 1816
321 498
321 3638
322 155
322 3240
323 1765
323 2519
325 1181
326 2035
328 693
328 722
328 3659
329 650
330 401
331 2365
333 711
333 1752
333 2079
334 2056
335 2590
336 3470
337 1901
338 1417
341 562
344 925
346 2737
347 1244
347 2785
347 2951
348 1701
348 2540
352 3154
353 804
353 1805
354 773
354 3145
355 1636
355 2367
356 2297
358 447
358 2517
359 954
359 3047
359 3615
359 3672
359 3708
360 50
360 644
360 693
361 596
362 1112
364 579
365 1032
365 1814
366 312
368 3008
369 598
372 1975
373 473
373 2394
374 120
374 336
374 2061
375 3394
378 2132
380 1591
381 700
381 1451
382 3405
383 450
384 172
384 913
384 3025
384 3712
385 2833
386 1895
387 3369
388 2436
389 1428
389 3585
390 1489
390 1583
392 95
393 373
393 391
397 867
399 1116
400 1622
401 895
403 779
403 3398
403 3483
404 569
404 3255
405 1993
406 2400
406 2482
410 171
411 3278
412 807
412 1519
412 2236
413 1268
413 1572
413 2519
414 2232
415 3404
416 2145
416 3523
419 662
420 1605
420 2655
422 1895
425 1188
426 63
426 2784
429 202
429 1278
429 1282
431 2662
431 2667
434 2939
435 2651
437 781
437 1519
437 2056
438 1484
438 2329
438 2867
439 1427
439 2001
440 1832
442 615
443 2232
445 1415
447 3153
447 3694
449 102
449 1844
449 2376
450 1285
450 1355
450 2176
451 2255
452 1082
455 871
455 2916
455 3519
457 140
458 2199
459 1245
460 880
460 2648
460 2657
461 1045
461 1337
462 1628
464 3351
465 925
465 1051
465 1530
466 7
466 3524
467 1024
467 1044
469 3204
474 2805
474 2866
478 39
480 2029
481 3055
483 3407
484 352
488 1833
489 93
490 2832
494 648
494 2372
495 3383
497 206
498 3401
500 2336
505 1201
508 2600
510 494
512 772
514 1040
515 815
516 1154
517 1756
521 3660
522 53
522 3196
522 3632
523 236
525 719
525 1172
525 1669
525 3256
529 1522
530 1093
530 1965
532 62
532 1524
532 2076
533 2469
536 1686
537 877
538 564
538 2755
539 1647
540 1455
541 1555
541 2088
541 3298
542 3663
542 3694
543 152
543 778
543 1378
544 1976
544 3296
546 610
549 757
549 1550
551 3259
552 3377
553 3232
553 3284
554 2406
554 3715
555 1717
555 3615
556 3651
557 944
558 696
558 2193
562 473
562 1055
563 98
563 1617
563 2286
567 793
567 1043
567 2388
567 3234
568 2333
570 3025
571 856
571 2286
572 309
572 1522
573 227
574 2159
576 2007
577 178
580 2805
583 451
583 794
583 1683
585 753
585 2464
588 1533
589 2529
590 2560
590 2803
592 3716
593 788
595 1078
596 600
597 824
597 1223
597 2580
598 1062
598 2974
599 852
599 3081
605 3318
605 3454
606 955
606 2496
608 1269
608 2408
609 684
609 1275
609 1758
609 2062
611 971
612 785
614 1155
615 1699
616 3154
617 956
617 3637
619 2190
621 2432
622 1704
625 20
625 521
625 633
625 2375
626 50
626 655
626 769
627 3347
628 675
629 2550
629 2952
630 1900
630 2130
631 3224
631 3633
632 1011
632 1540
634 2501
639 1647
640 192
640 930
641 638
642 46
644 1707
646 3092
647 2872
647 3124
648 2631
651 1395
651 2591
653 472
653 3506
654 1463
654 1724
654 2322
656 137
656 1763
658 3063
661 1117
664 2480
665 481
665 1889
666 2817
669 1696
669 2006
670 116
670 691
670 2634
671 2648
672 327
673 2463
674 1581
674 3596
675 154
675 1771
676 1562
677 715
678 185
682 2357
682 2602
683 1251
683 1881
685 1318
687 1773
689 722
691 2126
691 3178
692 576
693 2685
693 3406
694 3062
695 2956
696 80
697 3748
698 338
699 687
701 355
701 3323
704 939
706 943
709 316
709 2812
711 1585
712 2952
713 2465
714 3599
715 869
715 1769
717 3472
718 1567
718 2272
719 1836
719 3675
721 1521
721 2205
721 2377
722 763
722 3487
724 2250
724 3674
725 228
727 1571
731 625
731 2150
733 91
733 1631
737 965
738 906
738 2537
739 312
741 877
741 2606
741 3421
742 2546
742 2786
745 489
747 1311
747 2509
747 2783
748 2177
749 2408
749 2925
752 1167
755 1152
757 320
757 1974
758 67
758 1527
762 3215
763 845
763 1418
764 1636
764 2453
764 3321
767 3069
768 21
768 204
768 658
768 3556
770 56
770 2173
770 3086
772 401
772 3490
773 561
773 1069
774 706
774 2473
775 1640
776 121
776 1501
778 12
781 2399
782 2037
784 672
784 1951
785 876
785 2180
785 3578
789 1606
791 908
791 1214
791 2869
793 1336
795 2516
797 995
797 3600
798 969
798 1988
800 460
802 3309
803 154
804 1634
804 2507
805 2200
806 3015
807 2178
807 2565
807 2691
807 3347
808 1038
808 3011
808 3258
812 2498
813 2534
813 2892
813 3653
814 1681
816 3363
816 3538
819 847
820 18
821 1615
821 2506
822 1635
826 468
826 1142
827 1321
827 3232
828 1558
828 2636
829 413
829 3213
830 298
830 1709
832 3250
832 3506
833 1878
835 1372
836 2199
837 395
838 709
838 1495
840 1737
840 1899
841 3115
842 2086
844 589
845 420
845 1243
845 3353
846 3304
847 738
848 633
848 1302
849 1108
850 73
850 2585
851 3560
854 317
855 1913
856 3561
857 72
857 923
857 3331
858 1863
859 3566
860 2233
861 356
861 3294
863 1646
864 3097
867 451
868 1094
868 3060
869 1056
869 2324
869 2990
871 180
872 7
872 327
875 1060
876 2680
876 3641
879 1286
881 2023
881 3470
884 1393
884 3136
885 1564
885 3252
885 3405
887 583
888 122
888 665
888 2461
888 2590
891 1079
892 275
893 2396
894 792
895 1592
895 2021
895 3197
896 1925
896 3624
897 3041
899 2144
900 1890
900 2787
901 1532
902 3207
902 3315
905 342
905 3310
907 614
907 705
907 2275
907 3484
907 3605
908 1346
909 485
909 3576
911 305
911 1720
912 508
912 1379
914 311
915 1400
915 1880
916 2089
916 2149
917 2811
926 752
926 3040
927 297
928 1808
929 576
930 1115
932 2888
932 3363
933 1860
935 2011
935 2727
936 2432
937 1350
939 923
939 3418
940 1400
941 1386
941 3599
942 3500
943 3370
944 699
946 3676
947 432
948 1624
948 2216
949 3680
953 798
954 541
954 1799
954 2152
955 2738
956 2095
957 2846
958 2657
961 2214
961 2366
961 2796
962 388
962 2849
963 33
964 5
964 474
966 1418
968 2781
971 1420
971 2297
971 3121
972 901
972 933
972 1611
975 935
975 1712
975 1787
975 2457
976 558
976 2980
977 3391
978 1755
979 122
981 2392
981 3313
984 2709
987 2394
987 2897
988 2922
989 1500
990 3734
991 1082
991 2862
993 460
995 718
995 1201
996 559
996 2270
998 1246
998 1753
998 2394
998 2672
999 794
1000 66
1001 1657
1004 1635
1004 2116
1004 2568
1005 549
1005 1824
1007 620
1012 945
1014 512
1014 1946
1014 2254
1014 3468
1015 1561
1016 2166
1016 2354
1017 775
1018 1043
1019 3624
1021 422
1021 2269
1023 3510
1024 897
1025 757
1026 1692
1027 1143
1028 683
1029 3352
1032 76
1032 1454
1033 1054
1034 2884
1035 2905
1038 663
1038 2693
1038 3532
1041 1944
1042 1575
1042 3521
1043 2964
1045 861
1045 1132
1048 307
1048 595
1048 1374
1048 2729
1049 3000
1051 1813
1054 1217
1054 2071
1054 2340
1055 531
1057 2948
1060 676
1060 1935
1061 2838
1063 1810
1063 2244
1064 2125
1064 2127
1065 1071
1065 2787
1066 147
1073 1227
1073 1884
1073 3612
1075 3067
1075 3292
1075 3394
1077 600
1080 213
1081 2207
1081 3550
1082 415
1082 2264
1083 1393
1086 748
1088 686
1088 697
1089 203
1089 2452
1091 1019
1094 2959
1096 2929
1097 1035
1097 1875
1097 2167
1097 3737
1098 2825
1100 1157
1101 1609
1101 1806
1101 2134
1102 812
1102 1770
1102 2415
1103 616
1103 3401
1104 2381
1105 2849
1106 2253
1106 2275
1107 2146
1107 2481
1110 1882
1112 1376
1114 1131
1115 2232
1118 2390
1119 1954
1119 3172
1120 1023
1122 2816
1122 3069
1123 2171
1123 2884
1125 713
1127 3139
1128 448
1128 3452
1131 373
1131 554
1131 3159
1132 345
1133 2088
1142 1545
1142 1986
1144 1469
1145 732
1146 135
1147 1193
1147 3498
1148 1014
1148 1636
1149 416
1149 1334
1150 1360
1150 3133
1151 2807
1152 937
1152 3685
1154 1500
1155 564
1156 3576
1157 100
1159 76
1159 2481
1159 3150
1159 3264
1160 3569
1161 720
1162 1773
1162 1967
1162 2857
1163 2890
1164 3646
1169 42
1173 395
1173 1774
1173 3711
1174 1050
1176 2828
1176 2931
1178 296
1178 851
1179 1728
1181 534
1182 3186
1183 2245
1183 2419
1183 3701
1185 1186
1185 2534
1186 2580
1187 3382
1188 1133
1188 2055
1189 1715
1190 1897
1191 2002
1192 25
1192 1464
1192 3078
1193 2800
1194 299
1195 880
1198 574
1198 1657
1198 2672
1199 3272
1201 2125
1203 3169
1204 905
1205 2312
1206 932
1206 3735
1207 785
1207 2218
1207 2557
1208 1411
1209 1185
1209 3475
1210 2294
1211 1926
1211 2540
1213 1133
1213 2793
1215 200
1215 1847
1216 287
1216 521
1217 572
1218 2827
1219 324
1219 1804
1219 3001
1220 3732
1226 642
1227 2208
1227 2436
1227 3702
1229 1244
1229 2543
1230 2478
1230 3425
1231 1049
1232 1921
1234 1254
1234 1375
1235 1236
1235 2486
1236 1541
1237 3496
1238 1117
1238 1433
1238 1654
1239 774
1239 3333
1240 3281
1241 3175
1243 519
1243 1885
1244 1817
1244 3222
1245 894
1246 96
1246 3020
1249 486
1251 1741
1251 2192
1252 2287
1253 457
1253 2604
1254 3694
1256 263
1256 1668
1256 2794
1257 505
1257 1763
1258 1128
1259 3083
1261 62
1261 3102
1262 3641
1264 1461
1264 1536
1264 3443
1266 3508
1268 2930
1268 3583
1268 3654
1269 487
1269 2714
1269 3505
1270 2146
1271 379
1271 414
1273 1703
1273 3113
1276 386
1277 190
1278 1526
1279 2549
1279 3674
1280 1693
1281 497
1281 785
1282 3699
1283 161
1284 3742
1285 2078
1288 1912
1288 2442
1289 3131
1291 3441
1292 412
1292 1254
1292 2957
1293 1336
1294 1091
1295 1433
1295 1826
1296 2873
1299 1655
1300 1872
1301 3098
1302 800
1303 513
1303 2336
1305 2048
1306 779
1307 817
1307 2354
1309 502
1309 2871
1310 2465
1311 2591
1313 6
1317 1050
1317 2039
1318 1124
1319 2820
1320 1453
1323 1950
1328 3741
1330 350
1330 514
1330 1900
1331 624
1332 605
1332 892
1332 1906
1333 654
1333 1414
1334 794
1334 1441
1334 2781
1336 2173
1338 818
1338 1783
1338 3227
1339 3337
1339 3708
1340 2061
1340 2757
1341 2923
1342 554
1344 2175
1346 2534
1348 1719
1349 254
1350 124
1351 1006
1351 3690
1352 503
1353 1531
1353 1587
1353 1904
1354 2180
1355 2338
1355 2403
1356 428
1356 2855
1362 496
1362 1011
1364 1985
1364 2422
1366 2161
1371 791
1372 637
1372 1371
1373 87
1373 1007
1373 3114
1374 295
1374 2107
1375 2024
1375 2883
1377 1419
1381 191
1383 2257
1383 3678
1384 2563
1385 738
1386 155
1386 770
1389 1325
1390 39
1390 754
1390 2067
1391 2553
1391 3049
1391 3718
1392 605
1392 1691
1392 3392
1394 1297
1395 796
1395 936
1395 2022
1397 151
1397 2827
1398 694
1399 999
1399 1919
1400 509
1401 199
1401 2577
1403 1292
1403 3498
1404 2039
1404 3205
1405 2598
1408 1451
1410 334
1410 2221
1412 790
1412 2383
1413 3320
1415 39
1419 2614
1420 920
1421 686
1421 2722
1423 2495
1424 2874
1424 3402
1424 3724
1425 1400
1426 2978
1427 1139
1428 3263
1429 1023
1430 895
1431 624
1433 1287
1434 2552
1436 657
1438 917
1441 529
1441 3741
1442 1718
1443 1024
1443 2903
1444 3518
1445 620
1446 1731
1447 582
1447 2013
1448 1328
1448 1550
1449 3243
1449 3655
1450 1005
1451 3732
1452 1026
1452 3149
1453 743
1453 2090
1454 851
1454 3069
1455 752
1455 900
1455 1052
1455 2283
1456 1464
1457 1821
1458 420
1458 759
1458 821
1458 1420
1460 1290
1460 1394
1467 1867
1468 3409
1470 2032
1470 2522
1470 3250
1471 632
1471 1486
1472 1567
1473 2651
1475 1640
1475 2835
1476 1097
1476 2240
1478 3711
1479 2240
1480 322
1480 2755
1480 2950
1482 228
1482 1668
1486 443
1486 1027
1489 23
1490 3560
1492 2072
1493 2386
1496 705
1497 1333
1497 2211
1498 320
1498 1284
1498 2630
1499 389
1502 539
1503 1836
1504 75
1508 176
1509 1102
1509 1873
1510 1011
1510 3316
1511 550
1511 779
1511 2537
1512 1370
1512 1942
1512 3056
1512 3241
1512 3478
1513 2542
1514 1677
1515 945
1515 1737
1517 3333
1517 3564
1517 3696
1518 1731
1520 470
1520 1072
1520 1580
1521 624
1521 1575
1521 2331
1522 1264
1522 1623
1523 578
1524 179
1524 593
1525 2207
1526 436
1526 3368
1527 585
1528 1414
1531 336
1531 1761
1532 2248
1533 497
1533 788
1535 2284
1536 2189
1536 2495
1537 605
1539 1745
1539 1814
1539 3220
1540 1133
1540 2933
1540 3423
1541 1671
1543 1693
1544 1439
1547 1889
1548 3390
1549 1900
1550 191
1553 1755
1553 2887
1557 2218
1557 3621
1559 1147
1559 2069
1559 3282
1562 1136
1562 1413
1563 1184
1565 3550
1566 224
1566 1644
1567 448
1568 902
1568 2439
1568 3665
1569 2906
1569 3469
1570 3658
1574 1997
1577 674
1577 1418
1577 2057
1577 3216
1580 3138
1580 3362
1581 2125
1585 2791
1586 3554
1587 1051
1587 2968
1587 3424
1589 3165
1589 3747
1590 178
1591 1943
1592 3271
1593 3250
1595 766
1595 3154
1596 2901
1600 571
1602 2165
1602 2191
1604 1950
1605 571
1605 2751
1606 692
1606 1961
1611 383
1612 1776
1615 596
1615 1757
1616 812
1616 3702
1619 938
1619 2259
1621 2620
1621 3551
1622 2798
1623 952
1624 677
1624 2778
1625 463
1626 1963
1629 2097
1630 98
1631 1166
1631 2702
1632 1409
1632 2551
1633 1006
1635 458
1635 3198
1636 563
1638 3397
1638 3736
1639 2277
1639 2474
1640 2328
1642 3626
1643 2898
1646 2153
1649 525
1649 2886
1650 708
1650 1373
1652 1123
1652 3503
1653 927
1653 1985
1655 3119
1657 1514
1658 148
1658 510
1658 1670
1659 144
1659 3485
1660 151
1666 1136
1669 666
1669 1515
1672 535
1673 2782
1674 3283
1675 664
1675 1140
1675 2028
1675 2879
1676 1171
1681 1031
1681 1928
1682 3146
1683 553
1683 743
1683 1958
1683 2309
1683 3716
1685 971
1685 1726
1685 2014
1685 3434
1686 2024
1686 3354
1687 668
1689 261
1689 2245
1689 2524
1690 349
1690 1244
1690 2685
1690 3193
1691 640
1692 2287
1693 2560
1697 1223
1697 2758
1698 3298
1700 1682
1700 3292
1702 108
1702 2632
1703 2270
1709 682
1709 2165
1709 3175
1711 490
1711 1319
1711 1508
1711 1514
1712 2717
1716 1114
1716 3592
1717 3264
1717 3626
1718 565
1718 2357
1722 287
1722 2746
1723 526
1725 3339
1726 2869
1729 1388
1729 2349
1730 1124
1730 1563
1732 1267
1732 3244
1733 1228
1734 1367
1739 100
1739 1911
1740 1795
1741 2264
1743 1105
1746 1171
1747 2398
1749 1015
1749 2984
1750 2178
1751 2307
1753 1196
1754 2964
1754 2975
1758 73
1759 1312
1759 1860
1759 2282
1760 1067
1762 2629
1762 3648
1763 2856
1764 310
1765 1208
1766 2270
1767 3053
1770 1609
1770 3392
1772 1055
1772 2436
1772 3113
1773 551
1773 1117
1775 121
1775 557
1775 1652
1777 461
1777 2801
1781 1908
1781 2590
1783 1433
1784 1221
1785 938
1785 1487
1787 566
1789 335
1789 3074
1791 3080
1792 808
1793 2153
1794 852
1796 3438
1797 2261
1798 560
1798 1225
1799 264
1799 2332
1799 2805
1800 1435
1801 479
1802 1971
1803 536
1803 3067
1807 745
1809 2694
1811 3294
1812 2422
1813 3179
1816 357
1816 3515
1819 2048
1822 2208
1823 375
1823 1634
1823 2885
1823 3213
1824 2029
1825 944
1825 1480
1825 2392
1825 3059
1827 328
1828 2434
1829 522
1829 2781
1830 753
1830 1398
1830 2375
1834 3225
1836 1810
1841 2340
1842 1096
1842 2374
1843 1632
1843 2638
1844 3411
1845 212
1845 3453
1847 1951
1848 579
1850 498
1851 3398
1853 519
1853 1367
1854 862
1855 2880
1856 159
1857 3004
1858 2091
1858 3558
1860 1142
1860 1585
1860 2276
1860 2740
1861 616
1862 1366
1863 960
1863 1928
1864 726
1865 14
1865 513
1866 170
1868 419
1871 1065
1871 1125
1871 2485
1872 1764
1873 2817
1875 1466
1876 742
1877 1032
1877 1298
1878 1085
1879 163
1879 1237
1881 894
1881 1514
1881 3573
1883 2485
1885 1628
1886 200
1886 2944
1887 852
1887 3446
1888 1058
1888 3654
1889 890
1890 2612
1892 60
1892 696
1892 2785
1892 3031
1893 964
1893 1470
1894 1113
1894 3631
1895 1925
1895 2673
1895 3481
1897 295
1897 2006
1898 587
1898 1508
1899 1718
1900 2932
1902 459
1902 3056
1904 1813
1905 614
1907 1552
1907 2189
1907 2224
1908 770
1912 1097
1912 1980
1915 290
1915 538
1915 1981
1915 2113
1918 3361
1920 1824
1921 94
1922 1133
1923 3436
1925 1927
1927 374
1927 2174
1930 3210
1931 2059
1933 2191
1933 2614
1935 3446
1936 1320
1938 1611
1939 381
1941 628
1945 434
1946 1397
1946 2574
1947 331
1947 680
1947 1060
1947 2022
1948 2407
1948 2921
1949 2147
1952 3042
1954 1341
1954 1532
1954 1790
1954 2973
1954 3620
1955 3659
1956 1402
1958 2297
1960 1786
1961 315
1961 553
1961 3148
1962 3491
1963 619
1966 2373
1967 1169
1967 3211
1970 2503
1971 283
1971 2735
1971 3069
1971 3461
1973 3708
1974 316
1974 873
1975 632
1976 866
1976 3298
1978 1749
1979 2083
1979 2799
1979 3672
1981 3205
1983 2843
1984 2234
1984 2990
1985 1027
1986 1346
1986 1754
1987 341
1987 2636
1990 2213
1992 2639
1993 2850
1994 3487
1995 2791
1995 2964
1995 3136
1996 3439
1998 1924
2001 1314
2002 3285
2004 61
2005 909
2006 741
2007 1778
2008 3294
2009 775
2009 845
2012 2871
2013 1486
2015 1625
2016 3643
2017 491
2019 82
2019 2818
2021 611
2021 1567
2021 2076
2024 928
2024 1286
2026 3282
2027 3400
2028 3111
2030 1813
2032 3129
2033 3146
2034 144
2036 3724
2037 447
2039 2153
2039 3430
2040 3287
2041 625
2041 2167
2042 1182
2043 1836
2044 992
2044 2103
2045 390
2047 475
2048 1806
2048 2461
2049 622
2049 3530
2053 1305
2056 1379
2058 369
2058 1604
2059 2910
2059 3326
2061 190
2061 2706
2061 3006
2061 3160
2062 319
2064 1739
2064 3390
2067 2198
2067 2436
2068 2433
2068 3180
2069 589
2070 736
2071 1388
2071 2551
2071 3267
2072 3017
2074 1493
2077 2220
2078 484
2079 1909
2080 3482
2081 275
2081 834
2082 1520
2083 562
2083 1117
2083 3262
2084 1225
2084 2064
2085 3039
2086 142
2087 1776
2088 975
2088 3021
2089 2116
2089 3352
2091 2882
2091 3236
2092 3635
2092 3664
2093 863
2094 450
2094 2106
2095 922
2095 1708
2095 3069
2097 207
2097 3025
2100 2204
2102 2382
2103 1905
2105 12
2105 3503
2106 2567
2106 3437
2107 493
2107 1043
2107 3597
2109 3124
2110 2881
2111 3280
2113 985
2114 713
2117 891
2117 3668
2118 2786
2118 3164
2119 2817
2120 189
2120 1598
2120 3237
2121 3181
2122 3020
2123 1541
2124 245
2124 2227
2125 533
2125 1603
2125 2335
2126 3527
2127 2780
2128 139
2130 916
2131 1530
2131 2682
2132 2065
2133 2642
2134 1280
2135 917
2135 1939
2135 2423
2135 3482
2136 23
2136 3050
2139 280
2139 2386
2140 2132
2142 1265
2142 2308
2142 3709
2143 2036
2144 534
2149 4
2156 993
2156 3461
2156 3588
2157 339
2157 2785
2157 3537
2158 848
2158 2919
2161 1053
2165 397
2165 450
2165 3043
2166 196
2167 2155
2167 3232
2167 3277
2169 57
2170 164
2171 892
2171 3413
2172 3156
2176 3528
2177 3659
2179 3510
2180 3393
2181 2213
2181 3202
2182 2961
2183 760
2185 365
2185 2249
2185 3563
2187 2539
2188 3357
2188 3592
2189 186
2190 692
2190 2080
2191 3222
2192 1005
2193 1460
2194 2455
2194 3648
2196 119
2197 3656
2197 3675
2199 1793
2203 1920
2203 2647
2203 2901
2203 3359
2204 1769
2206 1538
2207 1386
2207 3293
2210 2456
2210 3030
2211 2622
2211 3662
2213 1841
2215 442
2217 174
2219 3216
2223 3492
2224 897
2224 2283
2225 2254
2226 696
2226 1968
2226 2784
2227 3172
2229 840
2229 1940
2231 1398
2231 2897
2231 2980
2232 317
2232 570
2232 3197
2233 11
2233 1378
2233 3299
2234 773
2234 3071
2235 1078
2235 1998
2236 78
2237 2390
2238 867
2238 3694
2239 527
2239 578
2240 2688
2241 920
2243 128
2246 1048
2249 13
2250 1260
2250 2903
2252 2944
2253 1114
2253 3142
2255 1343
2255 2971
2259 3735
2260 684
2260 1510
2260 1710
2260 2484
2260 3176
2260 3652
2262 891
2269 955
2269 1698
2269 2746
2270 1441
2271 1471
2271 2151
2273 527
2274 18
2274 139
2274 945
2274 3566
2276 404
2276 1185
2278 1291
2278 3532
2279 2939
2280 1675
2280 3595
2281 643
2281 3428
2282 945
2285 186
2285 3571
2290 3680
2291 1699
2292 960
2292 1203
2292 2336
2292 2512
2294 1429
2294 2593
2296 141
2297 1261
2297 2324
2299 3163
2300 217
2300 1783
2301 1612
2302 680
2303 2400
2305 843
2305 1375
2310 1384
2310 3393
2311 1790
2314 934
2316 1990
2321 1911
2322 1395
2322 1845
2322 2368
2324 1322
2325 208
2326 1957
2327 3032
2329 3037
2330 526
2331 3293
2333 3614
2334 313
2334 3084
2335 1422
2336 1900
2336 2176
2336 2856
2339 103
2341 2959
2342 2109
2345 547
2346 551
2346 1266
2347 1335
2352 968
2352 1350
2354 228
2354 1248
2354 1500
2355 35
2355 1974
2355 2207
2355 2836
2356 1572
2357 1053
2357 1885
2358 2588
2361 766
2362 694
2362 2541
2363 1732
2364 2154
2366 1353
2367 1604
2368 521
2368 724
2368 2193
2369 2432
2370 3380
2373 2038
2374 252
2374 2147
2375 3409
2376 3364
2378 202
2378 1485
2379 1442
2379 2429
2380 2766
2381 2598
2382 2709
2383 2478
2384 1821
2385 2829
2386 2445
2388 224
2388 921
2388 1534
2389 2954
2390 3357
2392 3412
2393 3295
2394 2026
2395 3618
2396 2429
2397 3026
2398 2583
2400 2278
2402 1699
2403 2387
2403 2771
2404 2472
2409 1498
2409 2165
2410 2612
2410 2708
2415 536
2415 1148
2416 3169
2419 1807
2419 1842
2420 3533
2421 2209
2422 206
2422 945
2423 1555
2424 834
2426 734
2427 2840
2428 1893
2428 3364
2429 3460
2430 104
2430 2884
2430 3251
2431 1705
2431 2323
2432 2390
2434 995
2435 838
2435 3661
2436 1782
2437 2705
2440 327
2440 3312
2440 3401
2441 2252
2441 2420
2442 2015
2444 632
2445 724
2445 1204
2446 2610
2447 2210
2448 2191
2448 3686
2450 131
2450 1430
2452 3019
2455 539
2455 3296
2456 1174
2456 2315
2456 3235
2456 3612
2457 2109
2458 2870
2460 302
2461 1606
2461 1811
2462 1884
2462 1951
2464 2672
2464 3040
2465 288
2465 627
2465 1406
2467 389
2467 1646
2469 1265
2469 2756
2471 495
2471 2335
2474 1029
2474 1193
2475 1384
2476 1363
2476 3327
2477 3663
2478 2060
2479 2281
2480 2160
2483 1825
2483 3129
2483 3594
2484 2424
2484 2839
2486 1793
2489 2756
2489 2904
2490 2024
2491 2076
2492 730
2493 938
2494 2163
2496 1887
2499 1199
2501 2712
2502 2651
2502 3276
2504 244
2508 1481
2508 2753
2509 2175
2509 3632
2511 491
2512 2528
2513 1313
2513 3033
2514 1568
2515 1582
2515 1929
2515 2315
2516 1062
2517 1507
2520 2591
2521 695
2521 731
2521 3527
2522 2112
2523 1076
2525 1206
2525 2553
2526 100
2526 1103
2526 2254
2528 254
2528 1575
2530 2512
2530 2653
2530 3550
2531 1591
2531 2215
2534 322
2536 311
2537 1129
2538 2579
2539 1881
2540 1922
2541 962
2541 1824
2541 2362
2542 1174
2544 2398
2545 1139
2546 2638
2547 2324
2547 2818
2548 1544
2548 2801
2550 1195
2550 2861
2551 664
2553 3208
2554 3203
2555 708
2556 791
2556 2035
2557 2067
2559 3024
2560 16
2562 2492
2562 2785
2562 3527
2562 3605
2563 103
2563 1148
2564 1388
2566 1650
2567 1756
2568 1588
2569 408
2569 712
2569 1743
2569 3151
2571 2427
2573 1620
2573 3147
2574 2146
2576 793
2579 1149
2579 2093
2580 3395
2585 166
2585 259
2585 1622
2586 3101
2587 2699
2589 252
2589 372
2591 3010
2592 26
2592 1175
2593 3675
2594 214
2595 87
2595 1307
2595 1656
2595 2224
2598 237
2598 3403
2599 914
2600 1776
2601 1686
2602 2878
2603 2435
2604 1199
2604 3678
2609 88
2609 280
2609 3494
2610 432
2610 755
2610 768
2611 1605
2611 1678
2611 3164
2612 1058
2614 1610
2614 3503
2615 714
2616 1788
2616 2715
2616 3490
2617 1118
2617 2274
2617 2550
2618 1378
2618 1741
2620 1872
2620 3483
2622 2629
2624 74
2625 196
2625 3292
2626 88
2628 831
2629 3611
2630 1638
2630 2975
2632 1517
2634 3703
2635 3000
2638 119
2638 946
2638 2989
2639 978
2639 1563
2639 1868
2639 1882
2640 315
2641 1049
2641 3450
2643 2097
2643 2627
2644 137
2644 310
2645 236
2645 3050
2645 3410
2648 2828
2650 917
2650 1134
2650 3349
2652 1357
2653 1957
2654 1939
2655 2849
2655 3259
2657 3505
2659 297
2659 950
2659 3359
2660 2610
2662 1012
2664 537
2665 3410
2666 3655
2667 755
2668 1885
2668 3618
2670 1000
2671 2599
2672 2380
2672 2423
2673 1817
2673 2335
2674 790
2674 1247
2679 2582
2680 3606
2682 1720
2683 1634
2683 2557
2685 1823
2685 2044
2689 3279
2690 196
2690 2923
2691 1901
2692 141
2694 3705
2695 2837
2698 2880
2699 671
2699 2024
2702 2262
2703 741
2703 2265
2703 2933
2704 835
2705 83
2705 1009
2706 258
2706 1129
2706 2926
2707 410
2707 1111
2708 3221
2709 624
2709 3710
2710 2878
2710 3388
2711 3175
2713 2484
2713 3456
2714 2022
2715 359
2715 2692
2716 270
2716 3142
2716 3645
2717 3311
2718 3612
2719 642
2720 151
2720 3057
2721 1407
2722 847
2722 888
2722 1414
2723 509
2724 1856
2725 1553
2726 1668
2726 1810
2729 1483
2730 797
2731 758
2731 1852
2732 123
2733 3169
2736 1096
2738 3378
2739 2376
2740 364
2740 2419
2740 3406
2741 1450
2741 2950
2742 1081
2745 1653
2745 3555
2746 1511
2746 3342
2747 1915
2748 2131
2748 2141
2751 2120
2752 450
2752 2801
2753 1452
2754 1417
2754 2311
2757 1930
2757 3643
2759 2068
2759 2362
2760 3741
2762 16
2763 1124
2764 1204
2766 1586
2767 333
2768 2324
2768 3424
2769 3276
2772 263
2774 835
2774 1926
2774 2167
2778 2030
2778 2359
2779 888
2779 2133
2781 3719
2782 932
2783 2299
2783 2647
2786 2031
2787 1155
2787 1544
2787 1747
2789 1131
2789 2040
2790 846
2790 2386
2791 2293
2794 954
2797 3516
2798 1836
2798 3691
2799 3149
2800 2500
2800 3080
2803 1158
2804 436
2804 2232
2805 375
2810 291
2810 2925
2811 1128
2812 188
2813 108
2814 2011
2816 190
2816 2210
2817 895
2817 3299
2818 882
2818 2179
2819 818
2819 3545
2821 3302
2822 3489
2824 269
2824 1410
2826 425
2828 2633
2829 705
2829 753
2829 2944
2830 509
2830 1136
2830 1612
2832 2425
2832 2736
2832 2987
2834 1096
2838 698
2838 811
2839 190
2839 761
2840 3718
2843 3238
2847 2154
2848 533
2848 559
2848 1319
2848 2607
2851 403
2852 988
2852 1339
2852 2594
2852 2634
2853 231
2853 598
2853 2859
2854 3013
2856 790
2858 1390
2858 3719
2859 2947
2861 3242
2863 417
2863 2578
2864 556
2865 480
2865 2174
2866 773
2867 3563
2869 3618
2870 2091
2872 1761
2872 2321
2872 3044
2874 2523
2875 929
2875 2223
2875 3545
2878 1048
2878 2847
2879 2554
2880 838
2882 137
2884 299
2885 427
2885 2213
2886 282
2886 2788
2887 1633
2888 1822
2889 340
2889 980
2889 2088
2889 3550
2890 3155
2892 2022
2893 1395
2894 1668
2895 2194
2895 2484
2895 3726
2896 3150
2899 3421
2900 2823
2904 3573
2905 2259
2906 3477
2908 44
2909 436
2909 3181
2910 718
2911 3318
2913 2463
2916 686
2916 743
2916 3191
2916 3447
2917 1879
2917 3108
2919 128
2919 1600
2920 314
2921 586
2921 3234
2922 1161
2922 3265
2925 1930
2926 529
2926 1445
2929 843
2930 1518
2930 3202
2933 687
2933 764
2933 800
2934 575
2934 1103
2934 1609
2935 1062
2935 2401
2936 1119
2936 1435
2937 465
2937 1748
2938 63
2938 99
2940 3631
2946 1465
2947 418
2947 703
2947 719
2947 2363
2949 457
2949 2207
2951 279
2953 191
2954 2873
2956 1036
2957 3374
2958 675
2959 962
2959 2783
2960 296
2960 3715
2962 3644
2963 2665
2965 1668
2965 2459
2966 3733
2968 2509
2969 423
2969 3223
2970 2890
2970 3589
2971 751
2971 2390
2973 837
2974 2501
2974 3518
2977 205
2977 2232
2978 2800
2979 2264
2979 2818
2979 3494
2980 1352
2983 2713
2984 2849
2984 3488
2986 2578
2988 2750
2990 2627
2991 1668
2991 2025
2991 2103
2993 2644
2994 3221
2995 2920
2997 620
2997 1206
2997 1732
2997 3182
3001 1436
3002 3238
3002 3436
3003 472
3003 1601
3003 3563
3004 2435
3005 2538
3006 3590
3007 17
3007 1139
3007 1287
3008 42
3008 1620
3008 2242
3008 3502
3009 1607
3009 3483
3010 1958
3010 3646
3014 1509
3016 1655
3016 3061
3018 1942
3018 2338
3022 2645
3024 1867
3024 2510
3024 3233
3024 3668
3027 3079
3027 3549
3028 481
3030 3326
3032 2881
3033 1871
3034 1815
3035 1933
3036 2023
3037 2091
3039 1438
3039 1658
3044 1459
3045 3615
3046 3283
3047 1637
3047 2062
3048 2701
3048 2931
3049 256
3049 735
3050 3317
3050 3612
3051 1382
3051 1405
3051 2120
3052 740
3052 752
3055 1866
3056 30
3056 1605
3056 1933
3058 1460
3058 1538
3059 2569
3060 608
3060 3621
3061 1265
3062 889
3062 3594
3063 1431
3068 2715
3069 2008
3070 2059
3071 1042
3072 361
3073 1818
3075 691
3075 978
3075 3145
3076 2996
3077 483
3079 3376
3082 1081
3082 1770
3083 2611
3085 288
3085 1953
3087 2261
3087 2979
3087 3590
3089 3498
3090 1325
3091 2676
3094 2641
3094 2972
3095 957
3096 2231
3097 1316
3097 2248
3097 3254
3099 542
3099 2968
3100 1965
3102 1234
3104 2119
3105 2861
3106 85
3107 896
3107 2541
3107 3446
3108 2297
3109 247
3109 3705
3110 2503
3111 525
3112 1747
3112 2492
3113 2801
3113 2950
3116 342
3116 570
3117 304
3118 3669
3119 30
3120 1354
3120 2160
3121 288
3121 3422
3124 933
3124 2402
3125 70
3125 3717
3126 1747
3127 1511
3127 3199
3129 2850
3130 1304
3130 1453
3131 2642
3131 2985
3132 1973
3132 2091
3133 1670
3133 1948
3134 453
3135 2211
3136 1602
3137 3014
3139 1503
3140 631
3142 125
3142 1088
3142 1813
3143 4
3143 1814
3147 94
3147 3637
3148 2871
3149 3467
3151 282
3151 1424
3153 834
3154 3607
3156 91
3157 3259
3159 1405
3160 368
3160 2290
3161 101
3161 2298
3162 179
3162 235
3162 811
3162 3327
3162 3392
3163 2101
3164 547
3165 274
3165 2738
3167 1576
3167 1601
3167 2181
3168 1112
3168 3046
3169 126
3169 851
3169 1478
3169 3343
3170 1842
3170 1856
3173 773
3173 2801
3174 194
3174 3089
3175 3001
3176 71
3176 1162
3179 161
3180 3412
3182 2883
3183 2111
3184 180
3185 261
3185 2881
3186 465
3187 1801
3187 1861
3188 567
3189 2737
3189 3477
3189 3530
3190 1752
3190 2090
3190 3173
3193 3716
3194 3205
3195 1084
3195 3114
3207 2007
3207 2020
3212 3098
3214 2946
3215 2896
3216 170
3217 1499
3217 3572
3218 1561
3218 1853
3219 802
3220 689
3220 772
3220 883
3220 2615
3221 1630
3221 2522
3221 3426
3222 2933
3224 1406
3224 1743
3225 19
3226 807
3228 138
3228 2763
3229 1502
3229 2941
3231 1971
3231 3221
3232 2508
3233 1296
3235 467
3235 3223
3237 830
3237 2228
3237 3020
3238 832
3240 2318
3243 1404
3245 1000
3246 32
3246 362
3247 2215
3248 3582
3251 2735
3255 1554
3256 1563
3257 2612
3259 1693
3260 363
3261 1504
3263 828
3266 410
3266 2653
3266 3294
3266 3524
3268 1628
3269 2733
3270 362
3270 1783
3270 2110
3270 2335
3270 2663
3271 3208
3273 1504
3278 1730
3278 3279
3279 1892
3281 3433
3283 1440
3284 3721
3286 1670
3286 1794
3287 662
3287 1928
3288 1910
3290 3201
3292 496
3292 2199
3293 2870
3294 3275
3295 1180
3297 67
3297 3466
3300 949
3300 1274
3302 1007
3303 3384
3304 504
3306 3465
3307 1880
3308 123
3308 938
3308 1362
3308 1974
3308 2609
3309 971
3309 2396
3310 1768
3310 2952
3311 669
3311 1159
3311 1566
3311 2405
3313 503
3315 2011
3316 3247
3317 3673
3319 933
3322 3709
3323 2143
3324 171
3328 1165
3328 3070
3329 3213
3330 2451
3332 2495
3334 3332
3335 378
3335 3024
3335 3729
3336 2176
3337 3619
3340 815
3340 1967
3340 3642
3343 164
3343 281
3343 1648
3344 863
3344 1006
3344 2041
3345 834
3346 999
3346 1444
3347 3706
3348 1309
3348 1664
3351 1418
3352 1027
3352 2106
3353 1853
3353 2449
3354 1209
3355 1735
3355 2037
3357 1503
3357 2726
3357 2814
3359 609
3359 664
3359 2983
3361 1506
3361 2703
3362 106
3364 1225
3364 2832
3364 3068
3365 1720
3366 558
3366 2128
3366 2831
3367 985
3367 1210
3368 1656
3368 2108
3369 3053
3370 3484
3372 1108
3372 1308
3372 2220
3372 2508
3375 1978
3375 2974
3379 273
3381 519
3384 637
3384 1854
3384 2138
3384 2715
3386 1978
3387 2769
3387 3558
3389 2891
3391 666
3392 341
3392 1135
3392 2814
3395 3416
3396 679
3396 2060
3397 2005
3398 2923
3399 243
3400 2365
3400 3357
3400 3664
3401 49
3401 101
3401 2126
3402 290
3403 2354
3404 1244
3405 2307
3407 3379
3408 651
3408 3532
3412 91
3415 1086
3415 3262
3416 2136
3417 1847
3421 328
3422 1279
3425 444
3425 2853
3426 851
3427 2952
3429 660
3430 3038
3432 3159
3433 335
3434 2161
3434 3209
3435 1009
3437 3551
3439 2548
3441 3019
3441 3401
3442 208
3445 435
3446 1416
3449 725
3449 1169
3450 188
3450 1373
3452 3617
3452 3691
3454 1064
3454 1524
3454 1713
3454 2534
3455 410
3455 3420
3456 1720
3458 1086
3459 504
3460 935
3460 1381
3461 3031
3462 1217
3464 2908
3464 3163
3467 2569
3467 2793
3467 2968
3468 3634
3470 2396
3472 2062
3473 466
3473 1928
3473 3684
3474 89
3474 1467
3477 190
3478 1181
3480 3527
3481 1024
3481 3717
3483 12
3483 2275
3483 2529
3484 1532
3485 996
3485 2456
3486 1464
3487 744
3487 2807
3488 2057
3490 1209
3491 3432
3492 3674
3493 3494
3497 592
3498 135
3499 1249
3499 1755
3499 3705
3500 2139
3501 3240
3502 1760
3502 2552
3503 2056
3505 3571
3509 818
3509 917
3512 1204
3512 3091
3517 2
3517 879
3518 2084
3519 2203
3520 787
3520 937
3520 2192
3521 1140
3522 2283
3522 2906
3523 1971
3524 149
3524 3463
3524 3547
3525 794
3526 767
3526 2043
3527 2189
3527 2437
3529 3704
3531 1645
3533 3248
3537 3306
3538 157
3538 2517
3539 3713
3541 165
3542 1130
3543 541
3543 3323
3546 3275
3548 4
3548 3508
3549 3544
3550 2095
3555 1958
3556 3482
3559 3718
3563 263
3563 703
3563 1400
3564 1717
3565 334
3566 48
3567 3607
3568 974
3568 1503
3570 2632
3572 2739
3574 2380
3575 1845
3576 323
3576 1233
3578 330
3581 229
3581 1616
3581 2143
3582 597
3582 1685
3582 2733
3583 2517
3584 2077
3586 199
3588 947
3588 2078
3591 393
3593 144
3593 727
3597 82
3598 1224
3598 1435
3599 1977
3599 3514
3600 1591
3601 677
3601 1244
3601 1264
3601 2118
3603 2374
3605 74
3605 990
3606 1661
3607 3535
3608 295
3608 600
3608 2670
3608 3560
3609 480
3610 1440
3611 1830
3612 153
3613 2258
3615 135
3615 238
3616 331
3616 1301
3616 2465
3616 2969
3618 3039
3619 3628
3620 288
3620 1066
3620 1163
3621 1037
3621 2952
3621 3086
3622 1653
3623 1502
3625 3196
3628 1131
3629 1062
3630 1223
3631 3662
3632 2046
3632 2735
3633 1782
3634 108
3634 1298
3636 857
3636 1082
3636 3056
3636 3096
3637 119
3637 2358
3640 1048
3641 1779
3644 2461
3644 2535
3646 1555
3648 3197
3651 333
3652 2795
3653 2449
3653 2569
3654 1607
3654 1922
3654 1964
3655 415
3655 2296
3655 3031
3656 3266
3657 787
3657 2637
3657 3528
3658 998
3661 3630
3662 1984
3663 495
3666 1490
3667 2057
3667 3701
3668 844
3668 946
3670 2066
3670 3459
3672 2992
3673 1226
3674 350
3676 416
3676 3502
3676 3503
3678 242
3679 1461
3679 1742
3683 536
3684 248
3685 1279
3685 2759
3686 40
3686 509
3687 3526
3692 1740
3694 25
3694 2144
3694 3038
3694 3456
3696 783
3696 1862
3697 671
3697 917
3697 2799
3699 2674
3699 3012
3700 225
3701 847
3701 1625
3702 1479
3702 2542
3703 3191
3704 3599
3705 1129
3705 2973
3710 410
3710 747
3711 716
3711 3489
3712 330
3712 1043
3712 1299
3713 317
3713 3614
3715 1825
3717 1342
3717 2022
3719 1439
3720 53
3722 3661
3722 3732
3723 972
3723 2121
3723 3288
3724 1587
3728 175
3728 1200
3730 1594
3732 37
3732 2320
3732 2626
3732 3645
3733 2462
3734 2602
3737 254
3743 1716
3746 2262
3747 3073
3748 446
3748 1250
3749 951
3750 726
3750 1389
3750 2274
