40
185
1 4
1 11
1 15
2 15
2 28
3 16
3 21
3 30
3 34
4 18
4 21
4 22
4 38
4 40
5 1
5 3
5 10
5 22
5 30
5 36
5 39
6 8
6 13
6 14
6 15
6 21
6 29
7 4
7 12
7 21
7 22
7 24
7 34
8 11
8 30
8 31
9 13
9 29
9 34
10 2
10 31
10 37
10 38
11 35
12 1
12 20
12 22
12 27
12 31
12 35
12 40
13 12
13 32
13 40
14 1
14 7
14 20
14 36
15 22
15 37
16 28
16 33
16 40
17 31
17 33
18 13
18 28
18 37
18 39
19 2
19 25
19 28
19 30
19 35
20 18
20 19
20 33
21 1
21 3
21 5
21 8
21 38
22 5
22 20
22 29
22 30
22 33
22 39
23 29
23 40
24 12
24 14
24 19
24 20
24 25
24 29
25 16
25 23
25 27
25 37
25 38
25 40
26 7
26 10
26 20
26 23
26 24
26 29
26 30
26 33
27 28
27 31
27 37
28 4
28 8
28 34
28 35
28 38
29 2
29 5
29 9
29 10
29 18
29 20
29 33
29 39
29 40
30 4
30 9
30 21
30 22
30 23
31 9
31 24
31 26
31 28
31 32
31 35
31 38
32 3
32 12
32 15
32 23
32 29
32 30
32 39
33 1
33 2
33 34
33 35
33 36
33 37
34 35
34 36
35 3
35 5
35 7
35 12
35 16
35 21
35 27
35 31
36 4
36 6
36 10
36 13
36 24
36 25
37 2
37 17
37 18
37 19
37 21
37 36
38 13
38 15
38 32
38 39
39 10
39 15
40 8
40 10
40 14
40 18
40 24
