4500
4500
1 178
1 498
1 537
1 1549
1 2877
2 822
3 2879
3 4214
4 1209
4 1378
4 2328
5 322
5 1915
7 209
7 2638
8 1983
9 4022
10 1769
11 2375
11 3329
13 3865
14 160
14 722
14 1391
15 1488
15 3636
16 208
17 162
17 3706
18 4101
19 2678
20 4201
21 2112
22 4383
23 1191
23 1373
28 3804
29 3731
31 605
32 3368
34 586
34 3397
35 2743
35 2965
37 93
37 4440
39 2454
39 4360
40 661
40 2708
42 332
42 2695
42 3954
45 288
46 3224
47 2395
50 1778
53 2302
53 3046
53 3888
53 4217
54 2771
55 3296
55 3493
56 263
56 3591
58 19
58 693
58 4263
59 2736
60 583
62 325
65 3953
68 1536
68 4490
69 1163
73 4489
74 262
74 1090
78 3180
80 78
82 1591
84 238
86 3712
87 254
88 3205
88 4043
89 604
89 3942
90 1903
90 2062
91 3918
92 4215
93 1710
93 2272
94 1097
95 2404
96 175
97 664
97 1938
98 3141
99 4346
100 1681
100 3227
102 3306
104 24
104 691
104 3050
105 2974
106 1215
106 3129
108 4201
109 1809
111 1282
112 4115
113 670
113 1337
113 1585
113 1789
113 4456
114 1577
115 1530
117 1075
117 2402
119 3224
119 3594
122 517
122 1379
123 1057
123 1403
128 1219
129 1246
130 267
132 1570
132 1838
133 663
133 3732
134 2790
134 4265
137 747
137 1030
137 3484
138 3890
139 3002
143 1065
143 1165
143 2023
144 1311
145 4288
147 491
149 484
149 1150
150 2743
150 2911
151 673
151 2667
151 4039
153 1037
153 2373
154 3639
156 2912
156 3053
157 452
157 3744
157 4274
159 1607
161 2832
162 3070
164 1658
165 1091
166 95
166 1954
166 3769
166 3770
167 310
169 3362
169 4274
171 3400
172 925
172 3902
174 4469
175 1563
176 2456
177 2358
181 611
181 642
181 1629
182 4306
183 2027
184 2647
185 3931
186 714
189 2138
189 2810
189 3304
189 3673
190 171
190 2651
190 4497
191 1544
193 4266
194 524
194 903
195 2606
198 640
198 4092
199 4120
201 544
202 2375
203 1811
204 2158
204 2381
204 3737
205 1034
205 2891
207 3476
209 4193
210 1117
210 2800
211 1921
211 2081
211 2287
211 2333
213 382
213 928
213 2312
214 2678
215 1469
215 3138
216 557
216 1568
219 2012
220 2948
220 3374
220 4168
223 4362
224 1743
227 1453
229 4431
230 1106
231 3677
231 4132
232 1368
232 1576
232 4313
233 3384
234 807
234 2990
235 108
235 597
235 1575
236 2208
238 2335
238 3425
239 553
239 1331
239 3052
240 871
244 1272
244 1583
246 4430
249 4450
250 1729
251 2090
254 2401
259 607
259 2609
261 1547
261 2258
263 626
263 1348
268 1664
268 2812
271 602
271 1373
271 2421
273 2310
273 2708
276 3881
277 1114
278 2506
278 3962
280 3502
280 4170
282 4258
283 2496
284 99
285 2311
288 2351
290 2882
291 3229
292 144
292 3504
293 3699
295 1576
296 3672
297 2986
298 3871
301 183
301 500
301 1458
302 2872
302 3317
304 1111
306 952
306 1608
306 3450
307 2311
309 1884
309 3262
310 252
310 4031
311 3678
312 1848
313 1725
313 3446
317 699
317 1115
317 3711
320 267
322 1911
322 2044
322 3161
324 1864
325 3864
326 1042
327 1495
327 2805
329 3106
330 1333
331 1899
332 389
332 471
332 615
332 3458
333 2674
333 3888
336 411
336 1219
336 1385
339 2530
340 3300
341 2031
342 2077
343 1736
343 3752
344 1525
344 2435
346 2112
346 2858
347 2812
349 602
349 1525
351 1644
353 3271
356 3651
357 3856
359 28
360 431
360 1850
365 1425
365 3145
366 3660
368 4268
370 230
370 1449
371 1391
371 1771
373 2330
376 3635
378 2993
378 3358
378 4225
379 530
379 2095
381 2783
388 4327
389 3582
390 3674
391 1468
391 3646
393 2455
394 2685
396 764
397 776
399 2593
399 3577
400 1561
400 3028
402 410
402 1614
404 4460
405 2279
405 4121
406 2748
411 3420
412 2622
415 4155
418 2694
418 2915
419 1569
420 885
420 4107
421 2467
423 1367
424 1946
424 3157
425 389
426 3682
427 1290
427 2831
429 786
429 1782
429 3467
430 2815
432 209
434 1285
436 829
436 1873
437 3022
438 4200
439 3287
440 4395
441 2589
441 3301
441 3348
442 1231
443 3286
444 1008
444 1637
444 3375
444 4073
445 3727
446 97
446 2501
449 215
452 682
452 1577
453 1025
453 2872
453 3484
454 2856
454 3368
454 4021
455 3758
456 1901
458 4105
459 1496
460 3911
462 1800
463 3614
465 1298
466 1072
466 2386
466 3707
468 1263
471 182
472 4235
473 1227
475 1167
475 1184
475 2047
475 2885
476 214
480 1771
481 628
481 2934
483 4124
485 4034
488 3363
488 3944
489 2792
493 385
493 897
494 688
494 4047
496 349
496 3712
497 893
497 3373
498 3302
500 1956
500 4462
503 192
504 11
504 2691
505 150
509 2945
509 3546
510 808
511 968
511 2990
512 734
513 785
514 704
514 2091
515 1430
515 1750
515 3815
516 2420
516 2888
517 1465
517 2125
518 237
518 3180
520 88
520 715
520 3044
520 3436
521 3061
521 3413
522 1124
523 2424
523 3598
524 1560
524 4076
525 848
528 133
528 1374
528 2366
528 3212
528 3928
529 1255
530 1677
533 1617
534 3242
535 1207
535 2094
536 1747
538 2619
538 2875
538 3245
539 3969
540 424
540 514
540 2094
541 374
544 3163
544 3864
547 2410
549 4236
553 1584
553 1743
554 2073
554 2110
554 3233
555 2188
555 2702
555 3233
556 3373
557 4279
558 2965
558 3587
559 2676
560 2852
562 2484
563 2654
564 3412
568 3747
568 3950
569 3077
569 4461
573 3128
574 1786
575 459
576 1393
579 2776
580 570
580 910
581 793
581 1234
581 1402
581 1483
581 2587
582 656
583 2737
584 1738
585 1474
585 2983
587 3144
588 876
588 3577
589 4165
591 900
591 3170
593 802
594 1439
595 36
596 1769
597 148
597 1911
597 2519
597 2637
599 1703
600 282
600 2711
603 2947
604 21
604 1353
605 532
607 403
608 769
608 2285
609 2951
609 3009
611 2838
613 2850
615 1694
618 1723
620 2074
621 2969
621 3486
621 3540
622 3971
624 3781
629 304
629 1267
629 4261
631 2344
631 3124
632 438
632 4223
633 1246
634 496
635 734
635 3146
636 2556
637 898
637 2139
638 2894
639 2765
640 1912
642 852
643 1609
643 3133
643 4197
644 2651
645 1350
645 2926
647 950
648 2004
649 819
649 1907
651 1027
653 283
653 4144
654 3711
659 2317
660 1601
660 2531
661 582
661 2634
662 1011
662 1290
662 1518
662 2830
663 2346
667 66
667 481
667 649
667 1148
667 1868
669 3422
672 3494
673 690
674 1675
674 3134
676 380
677 87
679 4343
684 637
684 2468
685 2418
685 4010
687 1210
688 1532
689 4217
690 125
691 984
691 2695
691 3042
692 1025
692 2140
695 2653
695 3884
696 341
696 390
699 577
700 3662
701 1644
702 1642
702 1670
703 568
703 4196
705 1450
707 3081
709 2053
709 4197
710 757
711 3906
711 4303
718 506
718 2517
719 772
723 2638
725 3293
726 1480
727 2188
728 787
728 2620
729 1829
729 3369
730 1138
730 3317
731 4267
732 796
732 1583
733 3779
734 2662
735 3011
736 3060
741 3576
742 2562
743 249
743 4185
744 751
744 1991
744 2471
745 1064
746 740
746 2151
747 3404
747 3862
748 1733
748 2635
748 2856
751 2734
751 3182
752 4263
758 2123
761 1689
762 3324
766 965
766 3367
767 915
767 1092
767 2144
768 1913
768 2334
769 3684
772 3953
773 2216
774 965
775 755
775 938
776 262
778 2603
779 4177
782 3116
782 3381
785 630
786 4344
787 1443
788 1200
788 2642
789 1000
789 1279
789 3953
792 582
793 3846
793 4372
794 2175
795 565
796 1174
796 2455
797 3337
797 3605
798 1240
800 24
801 3484
803 2657
804 60
804 3498
806 3527
807 1306
808 3256
808 3748
809 301
809 3240
811 2847
811 3449
811 4492
813 1607
813 3366
814 868
814 4320
815 305
815 3227
816 233
817 1865
819 1754
821 2861
824 389
825 246
825 427
826 809
826 1739
827 2541
828 1250
829 1690
829 3196
829 4471
830 1760
830 2049
830 3112
832 3056
832 3548
832 4288
833 4174
834 1277
837 3363
838 1110
838 3876
840 763
840 1940
840 1975
840 2867
841 1623
842 1625
843 2918
846 366
846 3441
847 1867
848 1258
848 2666
848 4026
849 3198
850 2143
852 2965
852 3722
852 3830
854 914
854 3700
855 249
855 858
855 2160
857 265
857 1881
857 3771
858 1348
859 4086
860 164
860 2892
860 3619
861 635
861 1861
863 1469
863 1728
863 3747
864 483
865 2701
866 2279
867 2876
868 1506
869 311
869 2300
869 2468
869 3942
870 685
870 1898
871 1289
872 1669
872 4375
873 1091
873 3480
874 4390
875 4105
877 70
877 125
878 1862
879 2437
879 3324
879 3712
880 2187
881 458
882 67
883 3017
884 2211
885 1786
885 3401
887 199
889 283
890 3604
891 1511
892 2122
894 2052
896 2383
896 3840
897 2376
898 3986
900 2326
900 4016
902 1543
902 2211
903 2658
904 353
905 1304
907 1136
907 1538
908 3221
910 2343
910 2581
911 4242
913 368
914 3105
916 1388
918 2186
918 2871
918 3473
920 650
922 603
922 858
922 1997
925 1925
925 2220
925 2736
926 2569
926 3817
926 4357
928 1566
929 1036
932 2318
934 1305
935 1288
935 1376
936 4118
937 1633
937 1868
938 2325
939 4125
940 1886
940 3657
942 563
943 246
943 3297
944 349
945 198
946 2122
947 4054
948 1767
949 1168
949 1694
951 1392
952 1314
952 3826
954 1554
954 3127
958 1461
959 2586
959 2635
959 4330
961 1337
962 1809
962 2976
963 1870
963 3596
964 1756
964 4448
965 273
965 2742
965 2798
967 1068
967 1124
967 3694
969 324
969 2005
970 2041
971 3921
972 1089
974 1779
975 2321
979 4330
982 1536
982 3396
983 3840
983 3990
983 4268
985 4145
986 2970
989 4027
992 1718
992 2356
993 1581
994 144
994 829
995 3884
996 1549
996 1734
996 4491
998 407
998 4068
1001 2675
1002 107
1003 1192
1006 4372
1006 4411
1007 13
1007 562
1010 880
1011 1735
1011 4083
1015 3121
1015 3494
1015 3699
1016 3967
1017 312
1018 3019
1019 1318
1023 1698
1025 2300
1030 277
1032 557
1033 352
1033 976
1034 3243
1035 1077
1035 4452
1037 1503
1038 2161
1040 2705
1040 4073
1041 2565
1042 41
1044 209
1045 4332
1046 2313
1046 3995
1049 3833
1050 3669
1052 2951
1052 3016
1053 2007
1055 2460
1055 3265
1056 4337
1058 420
1059 2846
1061 3441
1062 3445
1064 1444
1064 3358
1068 849
1068 3559
1069 1386
1069 1424
1070 1113
1070 2022
1073 543
1074 972
1074 1479
1074 4071
1076 1169
1076 1254
1077 3384
1082 306
1082 2428
1082 4212
1083 2388
1086 962
1091 3677
1092 4364
1095 530
1095 4184
1096 128
1096 253
1098 2731
1099 3120
1100 537
1100 1986
1100 2233
1101 1407
1102 110
1102 1827
1104 1999
1104 3356
1105 34
1105 308
1105 538
1106 977
1107 934
1110 281
1110 1486
1111 2850
1113 3776
1113 4041
1114 153
1114 4288
1115 1553
1116 1512
1116 2012
1116 2571
1116 2790
1117 2581
1117 4192
1118 1195
1119 1712
1119 3994
1123 4074
1125 303
1128 4225
1129 1845
1129 3240
1129 3567
1129 3839
1129 3892
1130 663
1130 2322
1131 2448
1131 3189
1134 1070
1134 1878
1135 215
1136 3868
1136 3929
1137 1392
1137 3924
1139 11
1139 825
1140 2424
1140 2633
1141 3514
1142 1792
1144 595
1145 2453
1146 116
1146 2398
1147 144
1152 2007
1152 2391
1153 2660
1154 557
1154 3259
1154 3909
1155 19
1155 3615
1156 1640
1158 220
1158 2067
1160 655
1160 2502
1161 2133
1161 2947
1162 2998
1164 1798
1167 2279
1167 2539
1168 2050
1169 2643
1169 2955
1170 4043
1172 126
1172 2267
1173 4448
1174 3117
1176 1657
1176 1843
1177 1973
1180 3387
1181 200
1182 819
1182 1442
1182 3518
1185 585
1185 2564
1187 1419
1187 2172
1191 2022
1191 3454
1194 696
1194 2053
1194 2918
1194 3136
1195 1027
1195 2452
1196 2438
1196 3969
1198 2543
1199 222
1201 1954
1203 1212
1203 1795
1204 2334
1205 3307
1206 1353
1206 2737
1206 3306
1207 33
1209 2523
1217 71
1217 786
1217 2654
1218 1821
1220 782
1220 3910
1222 845
1223 1371
1224 1546
1225 4384
1227 3439
1228 452
1229 4351
1231 3026
1232 859
1232 1202
1233 2031
1234 475
1236 1127
1236 3004
1237 3211
1238 926
1239 2961
1240 219
1242 682
1243 2673
1243 3064
1246 1039
1246 1298
1247 253
1248 693
1248 4382
1250 2704
1250 3103
1251 4059
1251 4489
1253 303
1253 394
1254 1234
1254 1650
1254 3923
1256 2502
1256 2880
1257 964
1257 1409
1257 1469
1257 2762
1258 2848
1260 882
1261 1432
1264 3047
1264 3614
1266 4338
1267 4113
1269 1656
1269 2175
1270 792
1270 891
1271 1885
1273 3969
1274 3843
1274 4021
1276 2378
1277 1024
1278 944
1278 3801
1281 2526
1281 3585
1282 1952
1282 3528
1283 3473
1284 296
1287 1122
1288 3042
1288 3107
1290 450
1290 2142
1292 871
1293 3064
1294 980
1295 225
1295 2270
1298 3010
1298 3719
1299 3793
1300 2077
1300 4414
1302 394
1302 1712
1303 1663
1304 2429
1304 4204
1305 3900
1306 1744
1308 1874
1309 2536
1310 424
1311 1019
1312 3159
1313 868
1315 1714
1315 3783
1316 392
1316 3332
1317 1231
1317 2380
1317 3967
1317 4395
1321 614
1321 2840
1321 4077
1322 1453
1323 2653
1324 384
1324 2603
1328 226
1328 3816
1329 3187
1333 3263
1334 4424
1335 665
1335 4268
1336 1429
1336 1822
1337 1098
1338 1496
1339 330
1339 1974
1339 2769
1340 2678
1341 4283
1342 938
1342 3791
1342 4470
1343 3180
1344 3392
1345 3921
1346 2558
1347 584
1348 1243
1351 3213
1352 2678
1353 911
1359 293
1362 3191
1363 521
1364 1014
1365 4436
1367 1006
1367 1708
1367 3736
1368 392
1368 578
1371 1546
1371 2158
1376 4434
1381 2228
1382 3205
1385 362
1386 965
1386 1886
1386 3593
1387 3148
1388 4020
1388 4174
1390 3402
1390 3998
1391 3793
1392 3934
1393 1427
1395 4380
1397 700
1397 787
1398 1667
1398 2715
1398 4013
1400 400
1400 548
1401 2572
1403 3301
1404 1722
1405 406
1405 2922
1406 3474
1407 44
1407 848
1407 1881
1410 1972
1411 4276
1411 4317
1412 3233
1413 2085
1415 1904
1415 3319
1416 929
1417 85
1417 1360
1417 1799
1421 2267
1422 2195
1424 3537
1425 2700
1428 459
1429 2028
1429 3170
1429 3366
1432 2475
1433 352
1433 1378
1434 4174
1435 3528
1437 3131
1440 3017
1441 1101
1444 585
1444 2970
1446 3613
1446 3840
1447 3029
1448 1175
1449 4105
1450 3781
1451 3555
1453 1014
1454 1637
1454 2401
1455 1112
1455 1642
1458 1046
1458 2223
1458 2680
1459 602
1459 2969
1462 54
1464 2365
1464 2421
1465 1566
1468 3730
1468 4231
1469 1382
1469 1718
1470 1735
1470 2157
1471 957
1473 2990
1474 682
1478 1333
1478 1683
1479 3815
1480 613
1480 825
1481 3653
1482 1247
1482 3786
1486 1537
1488 882
1488 2695
1492 3368
1495 3057
1495 4161
1497 233
1498 61
1498 2936
1499 941
1499 3991
1499 4472
1500 4313
1501 1059
1501 3639
1502 4450
1503 1788
1503 3230
1503 4039
1504 174
1504 829
1504 2959
1505 483
1506 1496
1506 3778
1508 4034
1510 1816
1510 1973
1515 3789
1516 1609
1519 2199
1520 1875
1521 2940
1521 3452
1522 2553
1523 3348
1524 662
1524 2929
1526 2125
1527 873
1527 3740
1529 3766
1531 3216
1534 1692
1535 1844
1535 3981
1536 18
1538 850
1538 1474
1540 3683
1542 4339
1544 35
1545 1901
1547 1563
1547 1953
1548 1379
1550 216
1552 3263
1554 3686
1555 3308
1557 2202
1561 2870
1562 961
1563 3009
1563 3240
1564 3346
1566 690
1568 2481
1569 290
1569 1757
1570 834
1571 1922
1571 2514
1571 3052
1572 2764
1572 4078
1574 3243
1575 1311
1575 1927
1577 405
1577 701
1577 1076
1579 2808
1579 3349
1580 711
1582 1485
1583 2137
1583 2724
1583 3630
1584 4029
1586 196
1588 2218
1588 2773
1594 798
1594 3816
1596 2234
1598 433
1598 4453
1599 2315
1600 2724
1600 3875
1602 148
1602 1084
1603 2196
1606 1560
1606 4189
1607 163
1607 4016
1608 2605
1608 2962
1609 1558
1611 3214
1611 3652
1611 4305
1613 3695
1615 3317
1616 2244
1617 351
1617 3183
1618 2597
1619 444
1619 3439
1620 815
1621 386
1621 516
1621 963
1621 1972
1621 4138
1622 1912
1622 3099
1624 2130
1624 2863
1626 3112
1627 498
1627 1280
1628 3417
1628 3671
1630 4374
1631 1280
1631 1381
1632 1691
1632 2691
1633 4352
1636 222
1637 825
1639 2053
1643 1088
1643 2433
1643 2478
1644 2539
1644 3018
1645 4492
1646 1803
1647 364
1648 647
1648 808
1648 2268
1650 2133
1651 3724
1652 2378
1655 3147
1656 1205
1656 2556
1657 3775
1658 2387
1659 321
1659 813
1660 4460
1662 2148
1662 2357
1662 4106
1664 2962
1665 62
1668 554
1668 1600
1668 1746
1668 2361
1668 2844
1669 2413
1670 3442
1673 3988
1673 4127
1675 481
1675 3758
1676 631
1679 1431
1680 842
1681 425
1681 1948
1681 3351
1683 2455
1683 4331
1684 628
1685 486
1685 2141
1685 3160
1688 3671
1694 3361
1695 891
1695 3639
1699 2117
1700 1603
1701 228
1701 2482
1703 1010
1703 1074
1703 3700
1704 862
1704 1576
1706 1497
1707 2586
1707 3883
1708 4122
1709 4254
1710 162
1711 1344
1711 1606
1711 2160
1712 1269
1712 3690
1712 4211
1714 3113
1714 3423
1717 1769
1718 3885
1721 1895
1722 552
1722 788
1722 4298
1725 937
1725 1935
1728 1684
1731 948
1733 534
1734 4029
1735 2887
1737 2379
1738 1347
1739 802
1740 3797
1741 3013
1742 3117
1742 3739
1744 3088
1744 4223
1744 4379
1745 203
1747 4328
1750 3713
1753 2103
1753 4194
1754 2958
1754 3111
1756 589
1756 622
1756 4185
1757 283
1760 549
1763 3725
1764 2654
1769 2898
1769 3195
1770 681
1770 1057
1773 221
1773 658
1773 4203
1774 389
1774 2047
1775 1288
1776 2710
1778 44
1779 1258
1779 2684
1780 1821
1781 1093
1781 2722
1783 110
1783 136
1783 1281
1786 70
1787 1661
1787 2951
1787 3455
1788 3230
1789 1552
1789 3141
1790 3071
1791 1561
1791 1751
1791 2721
1795 3549
1796 12
1797 939
1797 2904
1797 3326
1798 1972
1799 3639
1800 801
1800 2190
1800 2962
1801 1109
1801 1410
1804 1313
1805 2956
1806 224
1812 2647
1815 2915
1818 1544
1819 1357
1821 2176
1822 3076
1823 462
1823 1757
1823 2488
1823 2674
1823 4267
1825 466
1826 1676
1826 3283
1826 3870
1827 1658
1828 1774
1828 2955
1828 3914
1829 1410
1829 2289
1830 3969
1831 108
1832 531
1834 1712
1835 1244
1835 1490
1840 250
1841 3634
1842 2212
1842 3358
1843 126
1845 1551
1845 3700
1845 4177
1848 2391
1848 3494
1849 29
1849 983
1853 320
1854 387
1854 1044
1854 1302
1854 4052
1857 2586
1857 2626
1858 352
1858 2779
1859 587
1861 763
1861 921
1862 2285
1867 2155
1867 2604
1867 2831
1867 3092
1869 1070
1870 1579
1870 1634
1870 3666
1871 1605
1871 4079
1871 4156
1873 1497
1874 1078
1874 1338
1877 329
1877 1098
1877 2035
1877 3057
1879 550
1880 3696
1881 1661
1882 1622
1883 2909
1883 3708
1884 2401
1886 1576
1887 4402
1888 907
1888 2929
1889 315
1889 2159
1889 2490
1889 3152
1890 1830
1891 1209
1891 4102
1893 1839
1893 2500
1893 3768
1893 4490
1895 3923
1896 3435
1897 2355
1897 2764
1899 3426
1900 2972
1902 1062
1902 3991
1904 3687
1905 2752
1905 3368
1906 3001
1909 168
1909 1764
1909 4314
1910 1746
1911 1380
1911 1885
1911 3389
1912 1033
1913 1588
1914 1826
1915 2304
1916 522
1919 258
1919 3260
1920 1032
1921 933
1922 1570
1923 3670
1924 495
1925 1519
1925 3112
1927 3607
1928 679
1931 1504
1931 4148
1931 4180
1932 512
1932 826
1932 992
1935 732
1937 2787
1938 256
1938 2860
1938 3677
1939 1573
1941 1991
1944 1375
1944 2660
1945 704
1946 3801
1947 653
1947 2510
1948 1471
1948 3183
1952 2972
1955 1864
1955 2425
1957 258
1957 1109
1957 1592
1958 1521
1959 2217
1962 1074
1964 2163
1968 439
1968 685
1968 1819
1968 4280
1969 438
1969 1844
1970 298
1971 817
1971 2368
1972 289
1972 1462
1974 1736
1974 2554
1975 1869
1975 2340
1976 407
1977 2194
1977 4447
1980 2615
1982 3811
1983 732
1986 735
1987 118
1989 2920
1991 355
1992 2406
1994 766
1994 1551
1994 2299
1995 311
1995 2925
1996 236
1996 615
1996 1307
1998 1660
1999 1381
2000 175
2000 1561
2000 1928
2002 4
2002 4306
2003 3194
2003 4127
2004 1864
2007 4215
2009 1460
2011 4462
2013 3597
2013 4251
2014 321
2015 337
2015 1075
2015 2577
2018 1184
2018 1306
2018 2581
2019 983
2019 3862
2020 2868
2020 3618
2020 3738
2021 2508
2021 2771
2021 3695
2022 2394
2022 3677
2023 2415
2026 3916
2027 529
2028 554
2029 1164
2030 3670
2032 844
2033 3239
2038 2528
2039 1622
2039 2579
2040 4478
2041 1533
2041 3149
2041 3168
2043 2489
2043 4208
2044 824
2045 1937
2045 2310
2046 531
2046 3202
2046 3405
2046 3805
2047 1227
2052 251
2054 820
2055 4296
2056 1862
2058 1752
2059 2740
2060 80
2060 1191
2061 137
2061 2146
2061 2498
2065 2175
2066 47
2066 1873
2066 2038
2068 1509
2068 1585
2068 2129
2069 3030
2071 1842
2072 3056
2073 3037
2073 3700
2074 2386
2074 3405
2078 2258
2081 1473
2081 1560
2081 3043
2084 20
2084 693
2085 543
2085 2227
2087 1274
2088 4007
2089 44
2089 2581
2091 175
2091 1636
2091 4490
2094 496
2096 1459
2097 392
2097 2567
2098 888
2098 1667
2099 1560
2099 3035
2099 3882
2099 4202
2100 2547
2102 1761
2102 3475
2103 200
2105 936
2106 3106
2106 3306
2106 4420
2107 2551
2108 2263
2108 4031
2110 2400
2111 1226
2111 2558
2112 3918
2113 1168
2113 2923
2114 2260
2114 3183
2115 1456
2115 3133
2115 4348
2116 138
2117 1482
2118 20
2120 4164
2121 939
2121 1893
2123 671
2123 3067
2123 3375
2125 2189
2125 2546
2125 4276
2126 3149
2126 3505
2127 15
2131 4
2132 1257
2132 2733
2132 2788
2135 3028
2137 1967
2140 2785
2142 3858
2145 228
2145 1168
2145 1905
2145 3180
2145 3305
2147 1187
2149 151
2149 637
2149 2539
2150 1416
2150 2006
2151 1470
2151 1941
2151 2318
2151 4252
2152 3006
2153 914
2153 3948
2153 4482
2154 4167
2155 4240
2157 659
2157 2173
2159 3060
2159 4055
2161 924
2161 2625
2165 4239
2166 229
2166 236
2167 2908
2168 983
2168 1248
2170 1416
2170 3776
2172 1869
2172 2107
2172 2550
2172 4435
2173 419
2173 2651
2174 3474
2174 4001
2176 2687
2177 303
2180 721
2180 1089
2181 2062
2181 3373
2183 3671
2184 66
2184 701
2184 1645
2184 2371
2186 1583
2186 2995
2186 4291
2187 234
2187 1207
2188 1754
2188 2196
2188 2976
2188 3255
2190 1654
2191 2824
2192 965
2192 3372
2193 433
2193 2738
2195 1860
2196 1776
2196 3846
2197 2152
2199 3213
2201 2758
2202 864
2205 2765
2205 3531
2208 971
2208 4103
2209 2218
2210 156
2211 297
2211 2222
2212 2095
2213 1463
2213 2386
2218 778
2218 3147
2219 3187
2221 45
2221 3260
2221 3998
2221 4041
2222 2699
2222 3034
2224 1714
2225 349
2225 782
2225 1198
2226 1302
2226 1540
2226 2754
2227 1530
2227 1548
2227 1737
2227 2752
2227 4496
2228 845
2228 1489
2228 2748
2230 800
2230 3781
2233 1321
2234 267
2235 1865
2235 2216
2236 2632
2237 733
2237 3230
2238 1502
2238 1584
2238 2194
2238 2927
2238 4043
2241 1889
2241 3563
2241 4476
2243 2091
2243 4360
2244 962
2245 2576
2247 3156
2248 683
2249 3485
2250 605
2251 4302
2253 93
2253 1617
2253 4446
2257 2943
2258 1924
2258 3333
2259 1086
2265 1980
2265 3446
2266 2983
2267 75
2267 923
2267 2380
2267 4239
2268 2935
2268 2973
2269 1137
2270 885
2270 3139
2271 2705
2273 369
2274 1096
2275 542
2275 3785
2275 4135
2276 4372
2277 1291
2280 2639
2280 3662
2283 3896
2287 851
2287 1498
2287 2377
2290 391
2290 3526
2291 177
2292 18
2294 4455
2296 3867
2297 941
2297 2403
2298 2794
2299 3241
2300 2985
2301 2643
2302 243
2303 1177
2303 3733
2304 3537
2305 840
2305 3129
2306 2177
2306 2493
2310 3608
2311 4208
2312 1301
2314 295
2314 2531
2315 976
2316 2760
2316 4286
2317 2670
2318 1633
2318 4405
2319 2487
2322 1524
2322 3270
2324 129
2325 1456
2325 2645
2326 580
2326 3920
2326 4022
2327 159
2327 1033
2327 1369
2327 3144
2332 396
2333 1438
2333 3498
2334 1007
2335 1155
2335 1772
2335 2734
2335 3875
2339 415
2339 2105
2340 897
2341 1324
2341 3230
2341 3617
2341 3982
2343 2882
2345 39
2345 105
2347 395
2347 3689
2348 4012
2349 572
2349 2409
2349 3652
2349 4426
2350 1072
2350 2925
2351 244
2352 3170
2353 2092
2353 3993
2354 1280
2354 1341
2354 1831
2354 4244
2355 2764
2359 1084
2360 638
2362 3888
2363 175
2363 3358
2364 632
2364 3931
2365 342
2365 590
2365 1048
2366 1055
2368 3095
2370 701
2370 1560
2370 2119
2371 3056
2373 2870
2374 368
2374 3453
2375 4066
2375 4318
2376 123
2377 1571
2377 3374
2377 3487
2378 4215
2380 2086
2380 2805
2382 3800
2383 756
2384 1685
2386 2095
2387 2880
2387 3034
2388 3339
2389 1004
2389 2612
2390 329
2391 229
2394 892
2394 964
2394 2450
2400 305
2400 1780
2401 2953
2405 3756
2409 3930
2409 4424
2412 3367
2412 3573
2413 3623
2413 3782
2415 3254
2416 133
2416 1576
2418 3661
2419 11
2419 829
2419 2376
2420 1440
2421 3128
2422 250
2422 3954
2424 2631
2426 2831
2429 593
2430 779
2430 1186
2430 2886
2431 2325
2432 685
2433 2901
2435 24
2435 2484
2435 2657
2435 2849
2437 2064
2438 1012
2439 70
2439 3880
2440 715
2442 4344
2443 1876
2444 543
2444 2409
2444 4215
2448 1586
2449 1958
2450 3411
2450 4122
2452 3593
2452 4331
2453 653
2455 2389
2456 3196
2457 3093
2458 2385
2458 4327
2459 350
2459 606
2459 3964
2460 559
2460 2463
2464 1162
2464 3223
2465 3783
2465 4431
2466 813
2467 2464
2472 247
2473 234
2476 462
2477 555
2480 2905
2480 3678
2481 3828
2482 3339
2485 744
2485 1370
2485 2429
2485 3138
2485 3392
2485 4498
2486 734
2486 1562
2486 3833
2489 968
2490 1553
2490 3720
2491 1993
2493 1770
2495 4151
2495 4343
2496 584
2496 3346
2497 3862
2499 841
2502 2561
2503 4236
2504 1972
2504 3158
2505 198
2505 3203
2506 597
2506 1610
2507 976
2509 2652
2509 3634
2510 1414
2512 582
2512 3989
2514 811
2516 2686
2516 3535
2518 4444
2519 2992
2520 3585
2521 1470
2521 4113
2522 4191
2526 271
2526 3286
2527 2178
2529 3407
2530 511
2530 898
2530 2525
2531 1993
2532 1
2535 468
2535 750
2535 2650
2537 693
2539 1184
2539 1229
2541 2261
2542 1919
2542 3850
2543 3419
2544 1608
2544 2075
2544 3937
2545 2983
2548 1269
2548 2482
2548 3067
2549 2508
2550 2660
2551 4142
2552 4281
2553 2919
2554 686
2555 9
2555 746
2555 1876
2559 3509
2561 3093
2562 3653
2563 2363
2563 3219
2563 3916
2564 693
2564 4008
2566 1454
2567 2498
2568 1632
2569 1645
2571 3264
2572 4276
2574 980
2574 1222
2574 1429
2574 4205
2576 1519
2577 3553
2578 256
2580 10
2580 1723
2583 90
2585 857
2585 1805
2585 2368
2587 3719
2588 3134
2589 3832
2591 553
2591 3213
2592 3904
2593 3106
2596 2075
2597 36
2597 216
2599 1015
2599 3724
2600 41
2600 2272
2600 3975
2604 3808
2605 2201
2607 1303
2607 1796
2608 710
2609 262
2609 3902
2610 3077
2615 2502
2615 3762
2617 2309
2617 2403
2618 1796
2618 3323
2619 386
2621 149
2623 1635
2624 3014
2624 4255
2625 2971
2627 2112
2628 124
2628 1856
2629 2937
2635 1102
2635 1338
2635 3828
2637 1921
2639 1217
2640 3973
2645 1073
2646 1040
2647 1564
2647 3276
2648 928
2649 1324
2649 3947
2650 3424
2650 4010
2651 1590
2652 2301
2652 3372
2652 4166
2654 1159
2654 2411
2655 459
2655 537
2656 1098
2657 4209
2660 622
2661 837
2662 1022
2662 2197
2663 68
2665 2558
2665 3716
2666 2892
2667 1977
2671 1833
2674 1495
2675 2998
2676 266
2677 530
2677 3754
2681 382
2681 698
2681 3082
2681 4156
2683 872
2683 1835
2683 2807
2684 1110
2686 428
2688 1001
2689 1689
2689 1875
2689 2999
2689 4103
2692 1252
2692 1714
2692 2766
2692 4417
2693 1250
2694 2918
2696 170
2697 1024
2697 1124
2697 1731
2698 73
2698 1246
2698 3604
2698 3938
2700 1253
2700 2222
2702 1772
2702 3443
2702 4271
2708 4454
2710 4033
2714 4043
2715 1461
2715 2634
2715 3929
2716 564
2716 3357
2719 1666
2719 2676
2720 3197
2720 4338
2721 2901
2721 3405
2722 765
2722 866
2722 3616
2723 996
2723 4002
2726 460
2727 2752
2729 1122
2729 1363
2729 1898
2730 813
2731 4257
2733 522
2733 853
2734 1274
2734 4485
2735 4219
2738 1327
2739 186
2739 1385
2739 2299
2739 3323
2740 1801
2740 1935
2740 2011
2740 2844
2741 4477
2743 2454
2744 2419
2745 2352
2747 2995
2747 4332
2748 2188
2750 2781
2751 889
2753 3827
2754 303
2754 3748
2756 570
2756 1180
2757 1036
2757 1159
2758 1096
2758 2023
2759 3812
2762 4075
2763 2909
2764 2451
2764 3079
2766 4227
2767 180
2769 2127
2771 4313
2773 3475
2773 3580
2775 1017
2775 3198
2780 1416
2781 1721
2782 3813
2783 3752
2783 3851
2786 3774
2786 4252
2788 61
2789 209
2789 2745
2791 4079
2794 1405
2795 4026
2796 3141
2797 1848
2797 2392
2798 235
2798 2125
2804 1211
2805 3229
2806 3780
2808 2592
2809 175
2810 1763
2811 3099
2812 1699
2813 233
2813 2552
2813 3222
2814 1859
2814 2336
2815 3886
2817 3735
2819 541
2819 4048
2820 598
2821 2429
2822 238
2822 4092
2823 141
2823 2106
2823 3836
2825 307
2825 2197
2829 4145
2830 1736
2830 2825
2831 1223
2832 3876
2838 379
2839 1547
2839 1827
2839 4276
2841 1099
2842 1186
2842 4462
2844 686
2844 2283
2846 3546
2848 3073
2849 2134
2849 3628
2850 2757
2850 3855
2851 1762
2851 4134
2854 3294
2855 2290
2856 3287
2857 1011
2857 3361
2858 3874
2861 3352
2862 34
2862 4407
2863 4198
2864 886
2865 1922
2865 4329
2866 2905
2868 2923
2869 4458
2870 540
2871 3789
2871 4114
2871 4290
2871 4327
2872 1961
2874 828
2874 2711
2876 431
2876 2963
2876 3800
2878 1929
2878 3008
2880 1773
2881 2209
2884 1597
2884 2780
2886 2898
2887 1951
2888 981
2888 2932
2889 3134
2891 4
2891 631
2891 2658
2891 4040
2892 573
2892 2942
2894 102
2894 3505
2894 3831
2895 2085
2897 739
2897 3930
2898 514
2898 3895
2899 3454
2900 2897
2901 1903
2901 3914
2902 3379
2903 699
2903 1675
2904 4074
2907 3250
2907 4362
2908 3855
2908 4134
2909 1602
2910 1273
2910 2169
2910 3476
2911 2510
2912 315
2913 921
2915 3459
2916 1284
2916 2811
2916 4493
2917 1514
2917 2602
2920 973
2922 406
2922 835
2923 1726
2923 3316
2924 3826
2925 3032
2926 560
2928 2751
2928 3374
2929 4346
2930 1897
2931 3040
2932 408
2932 2889
2934 1208
2934 3250
2935 386
2935 1790
2935 2880
2937 2856
2938 3810
2939 962
2941 3470
2941 4044
2943 717
2945 3546
2945 4430
2947 1983
2949 1727
2949 3922
2950 1486
2952 3887
2952 4239
2954 2414
2956 3942
2959 1206
2959 3953
2960 226
2960 3330
2962 1386
2963 240
2963 321
2964 2209
2965 1207
2965 3458
2966 1224
2968 3335
2969 2038
2970 3264
2970 3539
2974 4096
2975 220
2975 3379
2976 931
2976 1973
2976 2399
2977 1744
2978 119
2979 2128
2980 1947
2980 2413
2981 261
2981 2036
2983 4386
2984 2755
2984 2766
2984 3969
2985 1397
2987 2949
2988 4139
2989 1785
2991 655
2991 3955
2993 1819
2994 312
2995 787
2995 4294
2998 1337
2998 2707
2999 2209
2999 2852
2999 3407
3000 842
3000 3065
3000 3087
3004 2200
3004 3769
3005 1597
3006 4339
3007 1054
3007 3521
3008 943
3010 1548
3010 3865
3012 4050
3013 3107
3013 3219
3014 592
3019 2506
3019 4047
3020 1571
3021 2331
3021 3589
3022 3587
3025 1628
3026 1700
3026 3249
3027 1589
3027 3730
3027 4430
3029 2935
3030 776
3030 2304
3030 2670
3030 4132
3030 4190
3031 241
3032 588
3032 1157
3032 3102
3036 1199
3036 2365
3036 4272
3037 2033
3037 3812
3040 4102
3041 862
3043 3701
3044 29
3044 124
3044 3379
3044 4424
3047 1800
3047 3849
3048 1472
3048 2379
3049 870
3050 1856
3050 2236
3050 4353
3051 4455
3052 3855
3053 1980
3055 501
3056 4437
3057 2288
3058 2018
3060 1514
3062 1704
3062 2162
3062 4259
3063 2616
3064 3574
3065 4473
3066 624
3067 568
3068 1110
3068 2074
3068 2879
3071 1086
3071 2129
3072 270
3072 795
3072 2088
3072 4344
3073 2394
3075 4489
3076 1117
3076 2168
3077 3079
3077 3730
3080 560
3080 1024
3081 1535
3081 2716
3081 4261
3082 310
3083 875
3083 4156
3084 663
3086 411
3086 958
3087 552
3088 2122
3089 678
3090 474
3091 956
3094 825
3095 1629
3095 2555
3097 1118
3097 1798
3099 2578
3100 1736
3100 3377
3102 568
3102 2617
3104 4134
3105 348
3105 754
3107 2561
3107 3824
3108 737
3108 2498
3110 3496
3110 4052
3112 1327
3112 2864
3114 3499
3115 721
3115 1180
3117 670
3117 1490
3118 51
3119 3646
3120 42
3120 411
3120 2310
3120 3240
3121 438
3121 2820
3122 601
3122 867
3122 2147
3123 1400
3123 1757
3126 78
3127 490
3127 2993
3128 936
3128 1685
3129 618
3129 957
3130 2022
3130 2875
3134 1678
3135 36
3135 3319
3137 2467
3139 3046
3140 2501
3141 563
3141 1216
3141 2605
3142 2510
3142 2971
3144 269
3146 1369
3146 1928
3147 1915
3147 3933
3147 4000
3149 2528
3149 3764
3151 4096
3152 2281
3152 3098
3154 956
3156 2025
3157 702
3159 3245
3160 2737
3161 50
3161 676
3161 2804
3161 3094
3162 2086
3163 1656
3164 1761
3165 1464
3166 999
3167 4234
3168 161
3168 386
3168 2178
3171 124
3171 2852
3171 3504
3172 3101
3173 1862
3174 2634
3176 1696
3176 3646
3176 3986
3177 4001
3179 791
3181 4203
3182 1479
3182 2593
3183 1379
3183 2196
3183 2355
3184 1122
3185 401
3185 569
3187 3033
3188 73
3188 2787
3190 501
3190 3848
3192 2170
3193 409
3193 3106
3194 227
3195 2414
3195 2908
3196 576
3196 1090
3199 1373
3200 874
3200 967
3200 2782
3202 77
3202 1108
3202 4313
3205 1692
3206 418
3207 1085
3207 3781
3207 3821
3208 1332
3208 1624
3208 2158
3210 2253
3212 2149
3213 1923
3213 1989
3213 4161
3214 1944
3214 3222
3214 3962
3215 750
3218 782
3219 3525
3221 4269
3222 1707
3223 4151
3224 1706
3224 1717
3224 2671
3225 1116
3228 2207
3230 1567
3230 1965
3230 3844
3231 4355
3232 22
3232 3738
3233 1618
3233 2767
3233 4347
3234 1618
3234 4367
3236 323
3236 3582
3237 477
3237 2239
3239 2286
3239 2825
3242 332
3243 3723
3245 3763
3245 3953
3247 3663
3247 3771
3248 432
3248 1346
3250 3217
3251 4202
3252 3673
3257 1507
3258 980
3259 2776
3261 184
3262 176
3262 1458
3264 1907
3264 2033
3266 3019
3267 1606
3269 3718
3271 1239
3271 2607
3274 977
3276 1433
3276 1565
3281 2293
3282 1302
3282 2106
3282 3322
3282 4052
3284 3657
3286 3345
3287 4145
3289 136
3289 4492
3290 3349
3291 1109
3292 1605
3293 404
3293 3942
3295 644
3298 1945
3299 2037
3299 4051
3300 4111
3303 746
3308 1006
3308 2944
3309 2492
3310 2130
3311 3394
3313 3332
3314 747
3315 3716
3316 77
3317 852
3317 951
3317 1323
3317 1522
3318 2112
3318 3751
3319 1484
3319 1696
3320 672
3321 801
3321 4223
3322 1957
3323 2752
3325 1931
3326 1353
3327 2361
3327 2689
3329 2364
3330 186
3330 3091
3331 2195
3332 1412
3332 2695
3333 2067
3334 2137
3334 2530
3334 2675
3334 3755
3335 1765
3335 2240
3336 887
3337 3516
3339 94
3339 2165
3339 3600
3340 4022
3341 1896
3341 2214
3341 3918
3343 270
3345 174
3346 1287
3346 4109
3351 2582
3351 4130
3352 342
3352 460
3352 510
3352 860
3352 4478
3355 401
3355 4091
3359 1917
3359 3454
3359 3800
3360 2877
3365 3094
3365 3807
3366 1959
3367 1638
3367 2025
3368 2653
3368 3640
3370 575
3371 1070
3374 1502
3374 2213
3375 3125
3376 603
3376 2834
3376 4451
3378 2842
3379 3257
3381 4036
3382 1665
3382 2459
3383 3096
3386 1048
3386 2586
3387 1003
3387 2634
3388 3171
3388 3196
3390 42
3390 3586
3390 4269
3391 3732
3392 1669
3392 3945
3393 28
3393 2891
3395 937
3395 3547
3396 1234
3396 1967
3396 1988
3396 3412
3397 1695
3402 861
3403 1081
3403 3288
3403 3796
3404 188
3404 895
3404 4129
3405 3676
3407 2724
3408 2682
3409 1903
3412 3380
3414 3162
3414 3702
3414 4369
3415 998
3417 496
3417 2633
3417 2740
3418 2670
3421 2446
3424 684
3425 4350
3427 1801
3427 2313
3428 2042
3429 3957
3431 2811
3432 501
3432 1768
3433 173
3433 3184
3434 3216
3434 3925
3436 746
3438 77
3438 963
3438 3987
3439 1879
3440 3146
3441 3962
3443 4292
3444 1704
3446 739
3446 938
3446 2316
3446 2774
3447 2355
3449 2160
3450 3024
3451 1491
3453 2590
3453 2723
3453 3834
3454 1517
3454 3648
3454 4057
3456 678
3456 1820
3457 2912
3459 2881
3460 157
3461 2039
3462 2228
3462 4028
3463 355
3465 954
3465 3530
3468 2326
3468 3320
3469 1466
3470 2133
3470 2761
3471 2865
3472 2335
3474 497
3474 3810
3476 1171
3476 2982
3478 3404
3479 1288
3480 3558
3480 3724
3481 1560
3481 2417
3481 4280
3482 28
3482 821
3482 4218
3483 3668
3484 59
3488 714
3491 88
3491 545
3491 3321
3492 2567
3493 3675
3494 563
3495 300
3498 2061
3498 3409
3499 842
3500 307
3500 1630
3507 2624
3508 3359
3509 1192
3510 681
3510 1769
3511 2232
3512 1993
3512 2263
3513 3380
3513 3786
3514 78
3514 321
3514 3844
3516 37
3516 1447
3517 489
3517 2430
3518 2062
3518 2959
3522 2689
3524 4477
3525 2042
3526 4329
3528 3609
3532 2404
3532 3655
3533 3006
3533 4041
3534 2965
3534 4195
3537 1308
3538 1687
3539 793
3539 2921
3541 2547
3542 2116
3543 1111
3544 48
3544 1480
3544 4227
3545 1484
3547 2131
3548 3175
3549 2422
3551 856
3552 1282
3552 3321
3553 3776
3555 2531
3555 4286
3558 98
3559 1977
3560 3145
3561 429
3564 1720
3564 1735
3565 195
3565 4078
3566 1278
3566 1290
3566 2086
3568 231
3568 3571
3569 1381
3572 4399
3573 4054
3574 1188
3575 2656
3575 2987
3575 3859
3576 493
3579 1608
3580 2332
3581 2919
3582 3254
3586 1145
3586 1193
3586 4101
3588 2441
3588 2890
3588 4065
3588 4370
3589 2424
3591 1933
3591 2169
3592 84
3595 2269
3596 2449
3598 1306
3598 3803
3599 4400
3603 2080
3606 3723
3608 1192
3608 2145
3609 2020
3609 2518
3609 2808
3609 4323
3610 1486
3611 4431
3614 739
3614 2633
3615 4157
3616 972
3617 638
3617 2641
3618 662
3618 2749
3619 878
3619 3038
3619 4481
3620 4071
3623 530
3623 2679
3623 3415
3624 2327
3628 526
3628 3136
3631 3789
3633 982
3637 3776
3640 1252
3640 3165
3641 1279
3642 2399
3642 2410
3643 3238
3644 2701
3645 191
3645 721
3646 360
3646 1997
3646 2449
3647 314
3647 2542
3647 3553
3648 3067
3648 4020
3649 978
3649 1587
3649 1597
3649 2944
3650 2951
3650 4028
3652 21
3653 3765
3655 1713
3655 4389
3658 1567
3658 1877
3658 3031
3659 3066
3661 3396
3661 4040
3662 1992
3664 3025
3668 2607
3669 3509
3670 231
3670 1298
3671 4126
3672 4368
3673 2921
3674 3935
3676 2102
3678 3652
3678 4120
3680 3245
3681 232
3682 1980
3684 3014
3685 1869
3685 3024
3686 2586
3689 456
3691 1403
3692 1977
3692 3914
3693 1310
3695 1200
3696 1161
3696 3838
3696 4183
3697 2772
3698 2160
3698 4204
3702 1946
3702 3982
3702 4162
3703 3859
3704 1443
3704 3219
3706 14
3706 432
3706 449
3707 1440
3708 2745
3708 4012
3709 2826
3710 878
3710 889
3710 1769
3710 1991
3710 2306
3714 4151
3716 854
3718 99
3719 2080
3720 567
3720 1607
3720 1942
3720 3792
3721 3206
3722 1586
3724 1516
3726 4177
3727 696
3727 4395
3728 668
3728 1084
3730 1453
3730 2145
3730 2607
3733 1717
3733 4192
3734 3641
3734 4221
3736 3375
3737 1531
3737 3527
3738 2900
3741 838
3747 3570
3749 725
3750 3346
3752 1873
3752 2332
3752 4462
3753 1041
3753 2711
3753 4475
3754 301
3755 3894
3756 2682
3758 3272
3759 531
3759 3634
3760 2386
3762 789
3762 1937
3762 4495
3764 1098
3764 2886
3764 2915
3765 766
3767 2193
3767 3580
3768 571
3768 677
3769 4409
3771 767
3771 2672
3772 2129
3775 3061
3777 1193
3778 4366
3780 3941
3781 1527
3782 191
3782 1568
3782 2789
3782 4303
3783 2622
3785 1135
3785 2867
3786 797
3787 2144
3787 3685
3787 4321
3788 837
3788 2939
3789 272
3790 1484
3791 474
3791 3153
3792 1242
3792 2573
3794 1118
3795 4083
3796 2667
3797 416
3797 1175
3797 3099
3799 2987
3800 903
3801 1954
3803 2086
3804 2615
3804 2675
3804 4137
3805 1118
3806 4357
3807 856
3808 457
3809 449
3809 3344
3809 4322
3810 54
3810 1864
3812 3282
3813 2981
3814 1645
3814 3515
3815 704
3815 3545
3818 7
3818 1802
3818 3340
3821 1812
3821 3188
3822 1572
3822 1583
3824 2790
3824 3380
3830 11
3830 2972
3831 332
3833 3333
3833 3474
3833 3681
3834 599
3834 1455
3835 377
3835 820
3835 2398
3836 371
3837 47
3837 2854
3843 938
3844 4483
3845 764
3845 1657
3845 3299
3847 1118
3854 1008
3854 3769
3855 2528
3856 868
3857 3816
3858 3818
3861 759
3861 1872
3861 4335
3862 2578
3862 4223
3864 1279
3864 1770
3864 3429
3865 137
3866 3813
3867 821
3869 1594
3869 2099
3869 2452
3869 3476
3870 134
3873 3366
3875 1072
3876 2532
3876 3020
3880 3232
3882 3151
3885 1081
3885 4246
3886 2939
3889 2689
3890 48
3891 1617
3891 2703
3893 363
3896 560
3896 751
3896 3129
3898 165
3898 1817
3899 506
3900 3689
3902 1572
3902 4065
3902 4151
3906 1467
3906 2777
3906 3645
3907 2653
3907 2978
3908 2918
3909 2702
3909 2708
3911 1742
3911 2592
3912 3294
3914 3940
3916 2118
3916 4065
3917 1210
3917 2349
3917 3387
3918 110
3919 3740
3920 1409
3920 2605
3924 2588
3924 4132
3926 3692
3926 3798
3927 2344
3931 2843
3932 4277
3934 2683
3936 1996
3936 3852
3941 2136
3943 729
3943 3386
3943 3924
3944 3522
3944 3785
3945 4130
3945 4326
3946 2016
3947 2442
3948 645
3948 2179
3949 794
3949 2062
3950 2408
3950 2473
3952 134
3952 416
3954 4208
3955 2307
3961 209
3961 3079
3962 3575
3963 2972
3964 1580
3964 2658
3964 4411
3965 2138
3966 3660
3967 684
3967 873
3968 241
3969 1685
3969 3322
3970 1202
3970 3681
3971 3683
3972 2150
3972 2597
3973 2261
3974 816
3975 278
3976 1355
3979 76
3981 1924
3982 426
3982 4348
3983 177
3984 2640
3984 3372
3987 530
3987 4463
3988 1321
3990 249
3991 1692
3991 3248
3993 246
3994 3790
3995 71
3996 1558
3996 1889
3998 174
3998 1872
3998 2478
3999 1771
4000 2847
4000 2992
4002 3872
4003 520
4005 2786
4005 3363
4005 3369
4006 3330
4007 938
4007 1359
4009 4440
4011 1897
4012 3801
4013 3748
4015 1104
4015 2601
4016 3268
4019 648
4019 4463
4020 886
4021 2747
4023 669
4025 3853
4025 4410
4027 1622
4027 1745
4028 88
4028 1198
4028 4217
4028 4240
4029 380
4029 3240
4029 4052
4031 2602
4034 3209
4035 507
4038 2038
4039 2973
4040 1520
4040 3627
4043 1326
4043 1516
4043 1793
4043 3163
4043 3835
4044 2076
4044 4209
4046 438
4046 3987
4049 1484
4051 1438
4052 1973
4052 2303
4052 3141
4055 3114
4056 3325
4056 4150
4057 3803
4058 514
4060 346
4060 675
4061 989
4061 1934
4061 3978
4062 196
4062 1453
4063 1909
4063 2947
4065 102
4065 3548
4066 1964
4066 3354
4069 961
4072 2983
4073 2288
4074 3782
4075 1912
4077 917
4079 2317
4079 3652
4080 3400
4081 3397
4082 539
4082 619
4082 3909
4083 151
4083 2777
4084 420
4084 2915
4086 4464
4087 150
4088 4166
4089 1256
4092 1157
4093 2778
4094 163
4095 1633
4097 450
4099 2233
4101 4394
4102 297
4102 1593
4103 4250
4105 4145
4108 1288
4111 3674
4112 943
4114 1569
4115 2042
4116 404
4117 2905
4117 4450
4118 466
4118 1861
4118 1968
4119 563
4120 3499
4122 1078
4124 4244
4125 343
4126 4185
4127 3288
4128 3314
4132 136
4133 3173
4135 32
4135 2328
4136 123
4137 1743
4137 2819
4137 3427
4138 1809
4140 637
4140 681
4141 4161
4142 2730
4145 1351
4146 418
4147 4099
4149 2560
4149 3550
4150 868
4150 2878
4154 168
4154 169
4154 190
4154 3322
4155 3747
4156 2421
4157 4064
4158 2012
4158 3086
4159 586
4161 216
4161 1763
4161 3709
4163 1021
4163 1381
4163 2304
4164 3067
4165 64
4165 500
4165 1709
4169 1312
4169 1795
4169 4466
4171 3626
4174 258
4176 1691
4176 4225
4179 1149
4180 4190
4182 2867
4185 2453
4186 1321
4187 2308
4187 4173
4189 1544
4189 3412
4190 1330
4190 1980
4190 2044
4191 978
4192 281
4193 544
4193 2135
4194 348
4194 457
4194 1209
4194 2917
4196 3551
4198 1291
4198 3137
4199 536
4199 1563
4203 1389
4203 2806
4203 4195
4204 2883
4206 2789
4208 94
4208 1933
4209 3268
4210 1676
4212 1704
4213 2393
4214 402
4214 4151
4215 1163
4215 3611
4217 4118
4217 4421
4218 1166
4222 2757
4222 3994
4222 4274
4225 1282
4226 359
4226 1566
4228 1289
4229 1248
4230 4036
4231 1866
4231 2793
4234 316
4234 1440
4235 360
4237 282
4238 844
4238 2571
4239 3033
4240 775
4240 1176
4241 2542
4242 2056
4243 1360
4244 2607
4245 3144
4246 3407
4248 693
4248 3385
4250 242
4252 536
4253 2774
4253 4399
4255 3380
4256 473
4256 810
4258 3777
4259 3253
4260 2532
4262 2328
4262 3596
4265 4116
4267 3173
4268 208
4268 682
4268 1706
4269 1349
4270 889
4270 1612
4270 3862
4271 4317
4273 1963
4273 2600
4274 3388
4276 1654
4277 12
4277 2583
4278 2007
4279 178
4279 3938
4280 3773
4281 628
4282 63
4282 2811
4282 3690
4282 4336
4283 730
4284 3788
4286 370
4287 3818
4288 3429
4289 1143
4289 3128
4290 1801
4291 157
4291 218
4291 1025
4291 3766
4292 448
4292 554
4292 3066
4293 1805
4295 1879
4297 2745
4301 2200
4301 2836
4302 3125
4302 3428
4302 3514
4303 1157
4303 1451
4303 2006
4304 1991
4304 4385
4305 423
4305 491
4305 1614
4306 1149
4306 3392
4311 2558
4311 3727
4312 3765
4313 573
4313 2462
4314 4454
4315 1160
4316 1612
4318 2368
4320 2568
4320 3318
4321 325
4322 1916
4324 319
4326 1694
4329 453
4329 1209
4329 3059
4333 847
4334 3671
4338 2598
4338 3512
4339 1400
4339 3496
4339 3648
4340 3212
4341 3195
4344 1677
4345 1654
4345 2435
4345 2835
4346 2339
4346 3095
4347 569
4348 1225
4348 2358
4348 3293
4349 1696
4349 2304
4350 1386
4350 2090
4351 2525
4351 3527
4351 3762
4352 2543
4354 1285
4354 4206
4355 1767
4355 3823
4358 4372
4359 77
4359 4215
4360 808
4361 38
4362 2772
4363 3323
4363 4126
4364 4059
4368 2548
4369 2951
4370 380
4370 3629
4371 3059
4372 3072
4373 3582
4374 840
4376 2128
4377 941
4379 149
4380 2981
4380 4168
4382 1825
4383 1909
4383 3823
4385 1604
4386 1405
4386 2223
4387 2162
4388 2518
4389 4040
4390 878
4390 3666
4393 3687
4394 2690
4395 3169
4396 501
4398 1037
4399 633
4401 989
4403 676
4403 751
4403 1251
4403 2311
4403 3174
4403 4295
4404 1521
4404 2613
4405 3132
4405 3952
4405 4317
4406 595
4406 2859
4407 3676
4410 612
4410 1925
4411 3753
4412 736
4413 2039
4416 3245
4417 4241
4418 483
4419 1341
4420 470
4420 4413
4422 1966
4423 2853
4424 3161
4426 220
4427 601
4427 3741
4428 1472
4431 35
4431 2534
4432 14
4432 2426
4433 3929
4434 775
4435 2288
4438 4412
4440 2586
4441 2239
4444 3215
4445 3798
4446 2019
4448 389
4448 1025
4448 3950
4449 1781
4449 3686
4450 1913
4454 2297
4454 3536
4455 2437
4455 3884
4456 89
4456 3725
4457 1813
4461 3691
4462 348
4464 2363
4465 2173
4466 3769
4467 213
4467 353
4469 3834
4472 476
4472 3462
4474 3643
4475 2263
4475 2293
4476 262
4476 1278
4477 496
4477 3928
4478 169
4478 3125
4478 4228
4479 4247
4480 2435
4481 4415
4483 1486
4484 686
4489 640
4489 3012
4489 3601
4489 3846
4492 1877
4492 3504
4494 4108
4495 943
4497 270
4498 1502
4500 2172
