500
7876
1 25
1 40
1 56
1 116
1 150
1 174
1 194
1 201
1 216
1 291
1 388
1 405
2 25
2 88
2 100
2 129
2 134
2 156
2 219
2 228
2 331
2 392
2 393
2 454
2 483
2 492
3 22
3 47
3 108
3 121
3 139
3 211
3 232
3 301
3 314
3 378
3 385
3 431
3 467
3 499
4 8
4 14
4 35
4 72
4 83
4 166
4 176
4 208
4 221
4 303
4 309
4 315
4 346
4 367
4 384
4 414
4 496
5 1
5 18
5 25
5 132
5 147
5 162
5 197
5 259
5 263
5 281
5 360
5 378
5 382
5 386
5 450
5 456
5 466
5 479
5 498
6 29
6 88
6 114
6 162
6 170
6 172
6 173
6 185
6 207
6 210
6 303
6 315
6 328
6 332
6 346
6 374
6 387
6 426
6 443
6 451
7 28
7 103
7 322
7 392
7 464
8 6
8 13
8 19
8 36
8 52
8 62
8 97
8 99
8 102
8 165
8 247
8 334
8 368
8 372
8 383
8 453
8 456
8 481
9 36
9 88
9 90
9 101
9 181
9 197
9 198
9 223
9 245
9 302
9 303
9 364
9 369
9 453
9 469
9 499
10 33
10 80
10 86
10 89
10 105
10 140
10 165
10 231
10 247
10 260
10 291
10 315
10 330
10 404
10 415
10 417
10 428
10 500
11 19
11 25
11 28
11 38
11 39
11 103
11 116
11 122
11 133
11 149
11 187
11 200
11 251
11 269
11 288
11 348
11 350
11 368
11 398
11 407
11 465
11 500
12 59
12 88
12 98
12 113
12 122
12 123
12 156
12 158
12 159
12 210
12 220
12 270
12 293
12 363
12 380
12 405
12 412
12 475
12 492
13 17
13 49
13 68
13 70
13 78
13 126
13 127
13 170
13 249
13 271
13 283
13 305
13 378
13 381
13 389
13 474
14 17
14 67
14 98
14 161
14 226
14 227
14 239
14 267
14 293
14 330
14 358
14 415
14 447
15 13
15 32
15 36
15 135
15 222
15 241
15 270
15 274
15 285
15 296
15 350
15 388
15 433
15 444
15 460
15 489
16 10
16 38
16 50
16 125
16 161
16 259
16 264
16 280
16 299
16 354
16 376
16 383
16 404
16 455
16 491
16 500
17 54
17 72
17 96
17 105
17 131
17 139
17 147
17 186
17 204
17 243
17 253
17 284
17 331
17 385
17 414
17 427
17 434
17 478
17 490
17 492
18 51
18 79
18 145
18 219
18 324
18 337
18 373
18 446
18 474
18 499
19 43
19 57
19 83
19 109
19 132
19 143
19 222
19 233
19 259
19 297
19 323
19 457
19 470
19 492
19 494
20 3
20 10
20 92
20 115
20 124
20 187
20 215
20 241
20 261
20 273
20 348
20 386
20 491
21 6
21 31
21 46
21 107
21 129
21 210
21 323
21 333
21 340
21 342
21 366
21 381
21 388
21 421
21 458
21 469
22 93
22 108
22 138
22 174
22 220
22 226
22 234
22 266
22 317
22 339
22 379
22 412
22 419
22 458
22 485
23 63
23 71
23 112
23 143
23 175
23 201
23 241
23 248
23 294
23 349
23 396
23 408
23 420
23 425
23 495
24 50
24 65
24 109
24 129
24 137
24 151
24 280
24 405
24 417
24 433
25 32
25 46
25 152
25 153
25 214
25 215
25 250
25 303
25 324
25 327
25 353
25 380
25 394
25 428
25 458
26 16
26 20
26 21
26 24
26 38
26 47
26 51
26 84
26 102
26 130
26 141
26 149
26 158
26 163
26 191
26 206
26 211
26 241
26 247
26 282
26 314
26 367
26 392
26 408
26 418
26 431
26 432
26 434
26 441
26 464
27 22
27 33
27 39
27 89
27 121
27 129
27 184
27 225
27 281
27 300
27 302
27 305
27 309
27 336
27 344
27 348
27 395
27 413
27 474
27 484
28 14
28 61
28 62
28 208
28 215
28 274
28 297
28 327
28 329
28 332
28 366
28 391
28 487
29 13
29 39
29 65
29 81
29 86
29 88
29 96
29 109
29 130
29 158
29 193
29 319
29 361
29 406
29 412
29 425
29 439
29 472
29 496
30 2
30 58
30 60
30 81
30 83
30 96
30 166
30 178
30 222
30 255
30 262
30 274
30 283
30 294
30 375
30 411
30 421
30 423
30 428
30 447
30 456
30 470
30 480
31 26
31 28
31 156
31 162
31 206
31 217
31 221
31 251
31 306
31 314
31 336
31 384
31 452
31 465
31 467
31 491
31 496
32 14
32 47
32 50
32 94
32 135
32 176
32 187
32 199
32 253
32 289
32 359
32 454
32 465
32 474
33 63
33 157
33 201
33 266
33 373
33 375
33 424
33 436
33 467
33 482
34 31
34 91
34 125
34 204
34 214
34 262
34 274
34 296
34 351
34 387
34 488
34 491
35 28
35 39
35 98
35 207
35 210
35 218
35 276
35 337
35 358
35 466
35 490
35 496
36 49
36 98
36 146
36 177
36 209
36 304
36 353
36 367
36 398
36 425
36 464
36 473
36 499
37 3
37 12
37 154
37 165
37 182
37 190
37 242
37 249
37 278
37 309
37 359
37 396
37 425
37 445
37 447
37 449
37 454
37 484
38 28
38 37
38 46
38 86
38 89
38 146
38 155
38 157
38 179
38 241
38 265
38 303
38 305
38 346
38 373
38 404
38 413
38 426
38 429
38 455
38 485
39 53
39 93
39 128
39 132
39 244
39 255
39 256
39 344
39 398
39 408
39 418
39 421
39 448
39 492
40 29
40 49
40 86
40 95
40 194
40 207
40 223
40 236
40 351
40 365
40 371
40 391
40 430
40 457
40 468
41 35
41 88
41 186
41 210
41 218
41 247
41 289
41 353
41 383
41 391
41 408
41 426
41 478
41 482
41 492
42 19
42 24
42 25
42 27
42 30
42 41
42 49
42 65
42 69
42 84
42 104
42 164
42 170
42 189
42 235
42 298
42 329
42 379
42 395
42 475
43 7
43 31
43 126
43 128
43 156
43 181
43 218
43 278
43 304
43 324
43 362
43 384
43 406
43 476
43 488
44 11
44 112
44 167
44 209
44 239
44 275
44 303
44 326
44 329
44 411
44 413
44 424
44 452
44 455
44 466
44 468
44 481
44 489
44 496
45 17
45 28
45 31
45 93
45 99
45 168
45 175
45 176
45 206
45 207
45 267
45 286
45 323
45 371
45 378
46 80
46 88
46 112
46 120
46 167
46 184
46 226
46 287
46 299
46 301
46 328
46 368
46 397
46 407
46 410
46 457
47 2
47 30
47 31
47 71
47 110
47 162
47 195
47 234
47 237
47 320
47 417
47 448
48 2
48 3
48 72
48 106
48 107
48 230
48 321
48 420
48 432
48 456
48 500
49 3
49 23
49 44
49 116
49 143
49 200
49 215
49 224
49 229
49 262
49 337
49 380
49 490
50 5
50 7
50 21
50 22
50 37
50 63
50 70
50 107
50 166
50 179
50 181
50 276
50 319
50 328
50 462
50 465
51 2
51 36
51 69
51 166
51 189
51 222
51 362
51 461
51 475
52 87
52 140
52 158
52 218
52 253
52 265
52 290
52 298
52 302
52 337
52 358
52 380
52 393
52 398
52 451
52 467
53 50
53 59
53 66
53 80
53 86
53 117
53 123
53 137
53 142
53 143
53 149
53 163
53 211
53 235
53 296
53 331
53 347
53 389
53 391
53 394
53 411
53 437
53 484
53 488
54 47
54 103
54 120
54 124
54 141
54 164
54 167
54 255
54 302
54 470
55 63
55 116
55 138
55 190
55 222
55 239
55 307
55 335
55 379
55 395
55 401
55 443
55 465
55 468
55 489
56 16
56 92
56 95
56 102
56 160
56 182
56 183
56 187
56 223
56 246
56 318
56 320
56 337
56 400
56 436
56 466
57 8
57 56
57 59
57 121
57 138
57 207
57 242
57 252
57 286
57 340
57 370
57 371
57 402
57 422
57 455
57 496
58 6
58 29
58 80
58 165
58 171
58 177
58 181
58 183
58 193
58 251
58 356
58 378
58 401
58 420
58 436
58 495
59 21
59 31
59 50
59 91
59 162
59 211
59 213
59 258
59 373
59 386
59 439
59 481
60 26
60 42
60 43
60 55
60 68
60 91
60 92
60 125
60 154
60 172
60 235
60 395
60 399
60 406
60 491
61 9
61 14
61 62
61 65
61 83
61 133
61 200
61 355
61 360
61 369
61 380
61 468
62 54
62 85
62 121
62 143
62 195
62 240
62 249
62 277
62 290
62 307
62 308
62 351
62 354
62 371
62 421
62 424
62 447
62 458
62 495
63 16
63 26
63 45
63 46
63 78
63 79
63 174
63 212
63 286
63 293
63 331
63 363
63 424
64 38
64 76
64 137
64 180
64 185
64 196
64 225
64 313
64 326
64 416
64 426
64 462
64 475
64 477
65 2
65 29
65 60
65 87
65 100
65 258
65 287
65 357
65 360
65 428
65 469
65 495
66 28
66 215
66 217
66 286
66 287
66 329
66 389
66 394
66 452
66 494
66 495
67 27
67 34
67 92
67 115
67 138
67 149
67 294
67 306
67 312
67 345
67 358
67 412
67 413
67 422
67 460
67 478
67 493
68 85
68 114
68 131
68 166
68 244
68 245
68 265
68 279
68 360
68 379
68 470
69 35
69 51
69 64
69 81
69 82
69 99
69 105
69 125
69 137
69 190
69 193
69 258
69 261
69 272
69 297
69 328
69 335
69 373
69 385
69 390
69 394
69 479
70 13
70 14
70 20
70 38
70 56
70 76
70 91
70 161
70 205
70 206
70 207
70 209
70 235
70 308
70 329
70 387
70 423
70 448
70 465
70 499
71 47
71 109
71 150
71 189
71 241
71 256
71 261
71 287
71 307
71 309
71 316
71 376
71 422
72 14
72 39
72 120
72 121
72 179
72 307
72 327
72 363
72 409
72 430
72 444
72 491
73 50
73 69
73 94
73 132
73 170
73 230
73 256
73 266
73 271
73 307
73 323
73 386
73 433
73 452
74 4
74 23
74 51
74 57
74 92
74 98
74 123
74 172
74 177
74 264
74 344
74 446
74 447
74 466
75 13
75 21
75 30
75 52
75 63
75 138
75 181
75 211
75 237
75 246
75 296
75 326
75 384
75 417
75 434
75 451
76 61
76 70
76 74
76 106
76 131
76 205
76 246
76 296
76 335
76 402
76 431
76 443
76 451
76 470
77 4
77 9
77 11
77 41
77 66
77 112
77 148
77 155
77 160
77 166
77 198
77 248
77 288
77 293
77 300
77 379
77 410
77 484
77 494
78 9
78 51
78 102
78 166
78 169
78 176
78 201
78 287
78 324
78 330
78 347
78 387
78 392
79 43
79 51
79 53
79 82
79 90
79 101
79 115
79 123
79 138
79 154
79 167
79 235
79 237
79 272
79 279
79 349
79 365
79 391
79 392
79 393
79 403
79 434
79 438
79 442
79 489
80 31
80 39
80 49
80 55
80 90
80 108
80 115
80 239
80 283
80 319
80 325
80 336
80 375
80 382
80 410
80 435
80 464
80 465
80 487
81 40
81 42
81 49
81 85
81 89
81 90
81 108
81 178
81 195
81 315
81 330
81 345
81 358
81 385
81 461
81 482
82 19
82 58
82 72
82 202
82 209
82 222
82 318
82 350
82 369
82 382
82 396
82 459
82 497
83 21
83 43
83 52
83 69
83 74
83 116
83 157
83 171
83 204
83 211
83 243
83 282
83 306
83 316
83 326
83 341
83 420
83 443
83 487
84 5
84 64
84 122
84 155
84 249
84 285
84 290
84 299
84 337
84 382
84 390
84 402
85 7
85 14
85 48
85 54
85 65
85 71
85 78
85 93
85 103
85 108
85 360
85 365
85 366
85 373
85 375
85 384
85 385
85 396
85 490
86 12
86 18
86 39
86 106
86 115
86 117
86 205
86 248
86 263
86 324
86 342
86 375
86 384
86 389
86 456
86 491
87 4
87 7
87 67
87 107
87 122
87 208
87 217
87 232
87 235
87 283
87 293
87 297
87 385
87 474
87 477
87 492
87 495
88 31
88 32
88 45
88 73
88 106
88 116
88 240
88 277
88 285
88 292
88 358
88 384
88 414
88 417
88 458
88 474
89 1
89 31
89 94
89 109
89 122
89 170
89 218
89 279
89 292
89 304
89 409
89 411
89 446
89 449
89 485
90 27
90 28
90 91
90 186
90 205
90 240
90 249
90 253
90 304
90 332
90 366
90 372
90 402
90 419
90 431
90 444
90 476
91 14
91 53
91 69
91 108
91 164
91 184
91 205
91 213
91 228
91 270
91 277
91 304
91 307
91 366
91 412
91 436
91 456
91 470
91 489
92 29
92 76
92 165
92 197
92 203
92 235
92 461
93 7
93 22
93 26
93 117
93 128
93 162
93 182
93 187
93 297
93 307
93 315
93 328
93 410
93 461
93 468
94 60
94 80
94 132
94 219
94 229
94 272
94 280
94 289
94 294
94 388
94 475
95 3
95 38
95 106
95 175
95 227
95 246
95 291
95 294
95 320
95 335
95 340
95 383
95 405
95 439
95 441
95 442
96 143
96 226
96 250
96 295
96 298
96 349
96 364
96 380
96 430
96 434
96 437
96 439
96 445
96 476
97 42
97 72
97 80
97 85
97 138
97 159
97 170
97 223
97 234
97 305
97 311
97 318
97 319
97 364
97 431
97 482
97 489
98 6
98 22
98 24
98 32
98 69
98 131
98 149
98 174
98 190
98 218
98 225
98 227
98 243
98 248
98 270
98 335
98 338
98 470
99 34
99 77
99 81
99 125
99 141
99 157
99 181
99 273
99 283
99 285
99 294
99 299
99 307
99 385
99 446
99 466
99 480
100 2
100 9
100 87
100 125
100 146
100 159
100 177
100 181
100 188
100 219
100 235
100 263
100 276
100 352
100 360
100 426
101 7
101 12
101 37
101 47
101 71
101 103
101 117
101 130
101 141
101 162
101 175
101 185
101 239
101 260
101 281
101 328
101 348
101 362
101 451
101 461
101 488
102 2
102 11
102 32
102 33
102 42
102 71
102 76
102 201
102 214
102 223
102 225
102 267
102 288
102 392
102 472
103 4
103 27
103 91
103 158
103 161
103 173
103 203
103 205
103 243
103 260
103 294
103 305
103 317
103 363
103 453
103 470
103 476
104 1
104 30
104 47
104 67
104 79
104 95
104 119
104 132
104 134
104 142
104 157
104 158
104 184
104 246
104 318
104 330
104 361
104 371
104 399
104 416
104 426
104 464
104 476
104 492
105 72
105 134
105 136
105 176
105 195
105 203
105 297
105 305
105 310
105 329
105 351
105 408
105 425
105 438
105 442
105 480
105 482
105 500
106 44
106 57
106 66
106 100
106 164
106 178
106 185
106 274
106 378
106 382
106 422
106 435
106 466
107 5
107 11
107 24
107 37
107 39
107 139
107 148
107 152
107 185
107 191
107 201
107 217
107 235
107 289
107 294
107 299
107 340
107 350
107 436
107 437
107 454
108 37
108 112
108 115
108 122
108 137
108 143
108 164
108 185
108 231
108 345
108 384
108 395
108 438
108 481
108 490
109 80
109 175
109 200
109 220
109 312
109 371
109 395
109 451
110 19
110 27
110 46
110 52
110 72
110 82
110 103
110 126
110 137
110 157
110 185
110 204
110 218
110 222
110 224
110 226
110 341
110 346
110 370
110 400
110 436
111 30
111 86
111 89
111 96
111 105
111 198
111 257
111 263
111 271
111 285
111 384
111 392
111 469
111 483
111 495
111 497
112 25
112 98
112 230
112 243
112 342
112 386
112 416
112 444
112 494
112 499
113 36
113 97
113 105
113 133
113 134
113 174
113 216
113 218
113 232
113 289
113 302
113 310
113 355
113 366
113 370
113 422
113 444
113 454
113 477
114 13
114 74
114 90
114 104
114 117
114 136
114 141
114 148
114 171
114 174
114 203
114 222
114 230
114 235
114 291
114 322
114 349
114 368
114 386
114 402
114 411
114 452
115 36
115 52
115 71
115 96
115 105
115 187
115 192
115 216
115 275
115 317
115 350
115 390
115 391
115 413
116 17
116 31
116 156
116 202
116 218
116 247
116 252
116 334
116 342
116 353
116 389
116 399
116 411
116 437
116 469
116 475
116 491
116 494
117 111
117 125
117 149
117 169
117 175
117 180
117 209
117 211
117 321
117 372
117 395
117 425
117 429
117 452
117 465
117 475
118 16
118 59
118 81
118 93
118 101
118 102
118 107
118 147
118 148
118 238
118 255
118 262
118 282
118 309
118 386
118 430
118 432
118 441
118 451
119 7
119 18
119 82
119 84
119 89
119 102
119 111
119 128
119 184
119 247
119 248
119 300
119 336
119 480
119 494
119 500
120 8
120 47
120 65
120 87
120 89
120 127
120 132
120 179
120 228
120 235
120 238
120 252
120 253
120 256
120 410
120 467
120 482
121 21
121 88
121 116
121 136
121 165
121 212
121 271
121 313
121 340
121 428
122 31
122 55
122 159
122 205
122 249
122 274
122 329
122 376
122 407
122 427
122 445
123 8
123 135
123 172
123 173
123 231
123 234
123 280
123 286
123 318
123 357
123 374
123 388
123 408
123 412
123 437
123 453
123 465
123 468
123 497
123 500
124 117
124 118
124 142
124 176
124 194
124 201
124 293
124 299
124 346
124 347
124 355
124 366
124 386
124 418
124 469
124 474
124 498
125 19
125 47
125 51
125 62
125 165
125 167
125 192
125 249
125 264
125 265
125 267
125 272
125 294
125 311
125 325
125 334
125 347
125 352
125 370
125 385
125 398
125 481
126 1
126 14
126 25
126 33
126 76
126 88
126 123
126 232
126 274
126 297
126 304
126 324
126 371
126 373
126 392
126 393
126 413
126 428
126 441
127 20
127 88
127 106
127 172
127 205
127 206
127 218
127 224
127 303
127 346
127 427
127 450
127 468
127 487
128 42
128 50
128 58
128 66
128 69
128 139
128 202
128 216
128 234
128 240
128 241
128 245
128 246
128 310
128 329
128 366
128 372
128 402
128 412
128 428
128 435
128 447
128 460
128 465
128 475
128 492
128 495
129 15
129 22
129 104
129 136
129 142
129 146
129 263
129 315
129 371
130 9
130 57
130 89
130 148
130 289
130 295
130 326
130 348
130 356
130 366
130 370
130 453
131 67
131 101
131 106
131 139
131 169
131 240
131 254
131 264
131 273
131 284
131 307
131 313
131 326
131 362
131 381
131 387
131 427
132 41
132 61
132 63
132 69
132 175
132 176
132 185
132 192
132 229
132 250
132 251
132 329
132 358
132 398
132 444
133 32
133 43
133 64
133 93
133 152
133 172
133 193
133 310
133 380
133 434
134 42
134 111
134 133
134 147
134 156
134 277
134 311
134 328
134 329
134 443
134 444
134 452
134 474
135 16
135 48
135 70
135 114
135 156
135 170
135 263
135 280
135 297
135 356
135 417
135 468
135 490
136 104
136 175
136 176
136 177
136 187
136 214
136 279
136 281
136 368
136 448
136 469
137 16
137 169
137 368
137 374
137 385
137 431
137 463
138 30
138 59
138 63
138 111
138 122
138 126
138 168
138 200
138 201
138 208
138 220
138 259
138 267
138 325
138 354
138 371
138 453
138 465
139 49
139 118
139 201
139 252
139 280
139 298
139 301
139 352
139 367
139 403
139 469
139 479
139 488
140 34
140 37
140 57
140 89
140 188
140 210
140 219
140 225
140 262
140 267
140 284
140 285
140 301
140 335
140 342
140 413
140 448
140 460
140 496
141 16
141 80
141 82
141 95
141 123
141 127
141 152
141 167
141 193
141 198
141 215
141 244
141 246
141 254
141 300
141 324
141 340
141 371
141 405
141 435
142 53
142 61
142 128
142 175
142 178
142 181
142 210
142 213
142 228
142 267
142 289
142 307
142 435
142 437
142 439
142 447
142 458
142 462
143 5
143 15
143 61
143 77
143 99
143 117
143 127
143 128
143 191
143 212
143 220
143 286
143 361
143 366
143 368
143 371
143 406
143 475
144 13
144 16
144 47
144 61
144 65
144 73
144 110
144 153
144 213
144 270
144 316
144 342
144 445
144 494
145 6
145 15
145 21
145 107
145 118
145 126
145 147
145 163
145 186
145 205
145 216
145 226
145 254
145 292
145 307
145 445
145 457
145 465
146 2
146 37
146 46
146 95
146 102
146 155
146 164
146 184
146 218
146 307
146 314
146 315
146 362
146 499
147 98
147 123
147 137
147 138
147 143
147 161
147 163
147 209
147 345
147 381
147 433
147 482
148 16
148 20
148 28
148 94
148 137
148 173
148 187
148 205
148 222
148 228
148 231
148 237
148 295
148 409
148 438
149 78
149 79
149 89
149 135
149 188
149 289
149 297
149 307
149 330
149 350
149 366
149 384
149 401
149 499
150 29
150 62
150 92
150 101
150 122
150 144
150 159
150 161
150 257
150 342
150 361
150 390
150 393
150 447
150 467
150 479
151 15
151 40
151 42
151 67
151 72
151 75
151 119
151 148
151 166
151 191
151 202
151 239
151 399
151 412
151 472
151 476
151 480
152 2
152 8
152 47
152 76
152 132
152 138
152 155
152 162
152 238
152 239
152 245
152 320
152 333
152 352
152 491
153 20
153 31
153 32
153 97
153 117
153 147
153 148
153 167
153 258
153 276
153 303
153 309
153 352
153 385
153 391
153 406
153 435
153 445
153 458
153 490
154 3
154 21
154 41
154 56
154 62
154 104
154 147
154 153
154 202
154 219
154 225
154 243
154 278
154 300
154 359
154 363
154 396
154 412
154 482
155 45
155 91
155 99
155 186
155 226
155 287
155 311
155 326
155 374
155 412
155 434
156 2
156 9
156 50
156 51
156 86
156 120
156 139
156 160
156 195
156 214
156 311
156 357
156 416
156 424
156 478
156 493
157 26
157 34
157 39
157 64
157 106
157 112
157 195
157 228
157 230
157 242
157 257
157 292
157 350
157 365
157 376
157 400
157 453
158 13
158 70
158 90
158 105
158 127
158 133
158 204
158 216
158 221
158 242
158 277
158 321
158 323
158 379
158 380
158 396
158 424
158 470
159 47
159 48
159 54
159 88
159 117
159 179
159 183
159 217
159 252
159 265
159 271
159 315
159 350
159 402
159 420
159 441
159 442
159 474
159 481
159 491
159 498
160 33
160 48
160 52
160 55
160 104
160 113
160 152
160 200
160 215
160 239
160 252
160 312
160 349
160 405
160 407
160 428
160 434
160 500
161 23
161 52
161 53
161 66
161 69
161 88
161 101
161 109
161 121
161 131
161 208
161 253
161 269
161 315
161 325
161 343
161 356
161 359
161 399
161 434
161 472
161 491
162 9
162 49
162 65
162 71
162 118
162 152
162 184
162 251
162 263
162 304
162 351
162 395
162 396
162 426
162 455
162 494
162 499
163 39
163 77
163 106
163 107
163 122
163 130
163 196
163 202
163 234
163 236
163 309
163 337
163 368
163 413
163 421
163 463
163 481
163 491
164 66
164 132
164 166
164 186
164 196
164 245
164 264
164 266
164 281
164 284
164 305
164 310
164 372
164 384
164 410
164 411
164 418
165 14
165 57
165 82
165 120
165 143
165 221
165 257
165 277
165 333
165 450
165 462
165 475
166 9
166 31
166 61
166 69
166 78
166 87
166 99
166 124
166 136
166 148
166 153
166 167
166 179
166 201
166 202
166 205
166 232
166 252
166 306
166 310
166 405
166 438
166 449
167 22
167 43
167 55
167 57
167 83
167 185
167 188
167 207
167 213
167 264
167 268
167 279
167 280
167 396
167 417
167 448
168 19
168 81
168 85
168 87
168 98
168 153
168 159
168 160
168 183
168 188
168 205
168 235
168 240
168 272
168 298
168 301
168 350
168 430
169 4
169 74
169 83
169 87
169 91
169 119
169 139
169 272
169 279
169 284
169 292
169 301
169 314
169 338
169 375
169 405
169 451
169 469
169 500
170 19
170 22
170 76
170 85
170 260
170 297
170 343
170 388
170 417
170 432
171 42
171 57
171 113
171 157
171 209
171 227
171 315
171 346
171 350
171 375
171 423
171 447
171 456
171 460
172 1
172 8
172 57
172 71
172 115
172 130
172 144
172 156
172 283
172 285
172 291
172 307
172 352
172 361
172 396
172 426
172 438
172 441
172 474
173 9
173 17
173 24
173 29
173 62
173 63
173 78
173 142
173 148
173 176
173 183
173 194
173 238
173 241
173 259
173 275
173 277
173 292
173 293
173 329
173 364
173 373
173 415
173 423
173 449
174 5
174 76
174 88
174 98
174 104
174 123
174 134
174 159
174 176
174 200
174 224
174 268
174 283
174 328
174 347
174 387
174 389
174 453
174 475
174 485
175 1
175 17
175 117
175 147
175 157
175 171
175 196
175 244
175 288
175 296
175 316
175 425
175 432
175 477
175 481
176 13
176 83
176 101
176 102
176 110
176 117
176 279
176 289
176 357
176 378
176 402
176 420
176 424
176 443
176 495
177 13
177 120
177 133
177 186
177 210
177 256
177 265
177 268
177 282
177 310
177 379
177 382
177 383
177 407
177 446
177 454
177 487
177 493
178 10
178 72
178 108
178 140
178 143
178 188
178 236
178 275
178 281
178 372
178 374
178 377
178 408
178 412
178 420
179 53
179 124
179 162
179 210
179 217
179 240
179 266
179 432
180 27
180 85
180 97
180 108
180 175
180 265
180 279
180 295
180 304
180 326
180 331
180 385
180 481
180 482
180 487
181 57
181 130
181 161
181 200
181 223
181 230
181 237
181 240
181 269
181 289
181 313
181 366
181 388
181 471
181 477
181 496
182 25
182 41
182 66
182 74
182 106
182 109
182 130
182 180
182 195
182 201
182 261
182 277
182 295
182 298
182 328
182 330
182 418
182 485
183 53
183 169
183 187
183 188
183 199
183 272
183 289
183 298
183 306
183 343
183 375
183 415
184 6
184 45
184 76
184 154
184 214
184 230
184 314
184 336
184 348
184 446
184 451
184 460
184 476
185 1
185 13
185 49
185 79
185 114
185 116
185 136
185 141
185 171
185 237
185 332
185 390
185 393
186 29
186 54
186 70
186 84
186 117
186 158
186 162
186 224
186 244
186 259
186 276
186 303
186 338
186 339
186 364
186 372
186 377
186 444
186 459
186 466
186 474
187 3
187 15
187 16
187 96
187 130
187 134
187 204
187 306
187 325
187 371
187 399
187 417
187 474
188 74
188 97
188 98
188 172
188 219
188 269
188 305
188 336
188 337
188 343
188 365
188 376
189 17
189 19
189 44
189 109
189 167
189 170
189 182
189 202
189 390
189 393
189 394
189 407
189 445
189 455
189 464
189 467
189 474
190 11
190 14
190 39
190 44
190 309
190 315
190 319
190 327
190 377
190 405
190 411
190 417
191 13
191 38
191 61
191 81
191 110
191 151
191 164
191 168
191 289
191 390
192 27
192 44
192 52
192 57
192 75
192 159
192 170
192 209
192 215
192 236
192 258
192 298
192 357
192 398
192 471
193 53
193 59
193 62
193 66
193 70
193 167
193 205
193 215
193 218
193 221
193 283
193 305
193 357
193 400
193 423
193 472
193 489
194 5
194 6
194 52
194 77
194 87
194 144
194 178
194 244
194 269
194 308
194 336
194 355
194 378
194 458
194 459
194 467
194 486
195 13
195 49
195 55
195 60
195 110
195 115
195 130
195 180
195 247
195 253
195 263
195 273
195 286
195 333
195 343
195 377
195 386
195 459
195 485
195 489
196 8
196 25
196 45
196 75
196 86
196 121
196 135
196 141
196 176
196 183
196 212
196 213
196 273
196 278
196 322
196 347
196 377
196 424
196 437
196 459
196 486
196 488
196 491
197 2
197 21
197 54
197 122
197 123
197 199
197 299
197 308
197 310
197 370
197 471
197 475
197 484
197 487
198 13
198 15
198 103
198 156
198 214
198 281
198 295
198 352
198 432
199 25
199 37
199 122
199 147
199 164
199 230
199 235
199 252
199 264
199 307
199 312
199 362
199 363
199 401
199 473
200 49
200 126
200 153
200 159
200 218
200 254
200 259
200 266
200 278
200 282
200 292
200 326
200 338
200 358
200 364
201 19
201 31
201 94
201 126
201 130
201 166
201 177
201 181
201 216
201 282
201 315
201 432
201 439
201 475
201 483
201 498
202 16
202 21
202 39
202 101
202 125
202 170
202 203
202 260
202 265
202 271
202 278
202 294
202 301
202 322
202 384
203 8
203 23
203 24
203 61
203 90
203 106
203 111
203 126
203 167
203 290
203 312
203 323
203 351
203 357
203 429
204 62
204 106
204 121
204 130
204 156
204 197
204 238
204 240
204 354
204 370
204 403
204 412
204 479
204 482
204 483
204 493
205 77
205 101
205 123
205 155
205 194
205 211
205 234
205 286
205 338
205 365
205 373
205 463
205 485
206 15
206 60
206 72
206 94
206 151
206 157
206 178
206 194
206 198
206 212
206 231
206 293
206 332
206 361
206 443
207 20
207 138
207 153
207 163
207 356
207 471
208 61
208 81
208 114
208 168
208 187
208 199
208 209
208 241
208 264
208 330
208 333
208 341
208 378
208 433
209 4
209 31
209 48
209 90
209 200
209 204
209 287
209 452
209 495
210 97
210 112
210 136
210 187
210 197
210 306
210 327
210 383
210 417
210 436
210 468
210 487
211 34
211 39
211 93
211 107
211 145
211 175
211 228
211 236
211 288
211 297
211 321
211 327
211 353
211 370
211 371
211 380
211 412
211 413
211 449
211 483
212 14
212 64
212 131
212 143
212 187
212 262
212 283
212 298
212 329
212 374
212 434
212 448
213 8
213 10
213 38
213 89
213 110
213 281
213 318
213 358
213 377
213 381
213 390
213 449
213 482
214 20
214 69
214 81
214 85
214 92
214 165
214 170
214 189
214 217
214 256
214 316
214 324
214 337
214 356
214 400
214 409
214 432
214 435
214 466
215 14
215 47
215 63
215 67
215 81
215 109
215 110
215 185
215 193
215 314
215 361
215 377
215 484
216 37
216 133
216 150
216 161
216 177
216 183
216 305
216 331
216 338
216 367
216 387
216 468
216 497
217 34
217 162
217 197
217 233
217 292
217 306
217 310
217 335
217 403
217 425
217 430
217 451
217 458
218 3
218 74
218 134
218 153
218 160
218 187
218 231
218 241
218 383
218 424
218 456
218 467
219 10
219 44
219 83
219 97
219 110
219 135
219 161
219 164
219 227
219 234
219 256
219 277
219 283
219 286
219 287
219 341
219 372
219 425
219 481
220 50
220 62
220 93
220 111
220 130
220 179
220 186
220 334
220 344
220 363
220 397
220 399
220 401
220 445
220 475
220 487
221 14
221 41
221 48
221 75
221 83
221 236
221 239
221 252
221 257
221 267
221 271
221 288
221 345
221 403
221 446
221 478
221 499
222 101
222 113
222 132
222 157
222 204
222 215
222 262
222 266
222 277
222 363
222 432
222 500
223 36
223 45
223 54
223 76
223 107
223 142
223 177
223 246
223 254
223 263
223 283
223 350
223 404
223 422
223 443
224 21
224 22
224 29
224 43
224 46
224 50
224 63
224 84
224 127
224 247
224 248
224 304
224 317
224 326
224 335
224 381
224 385
224 410
224 441
224 442
224 468
225 8
225 15
225 27
225 30
225 73
225 75
225 87
225 106
225 139
225 185
225 192
225 243
225 279
225 319
225 400
226 56
226 117
226 155
226 193
226 263
226 301
226 391
226 408
226 433
226 450
226 496
227 5
227 27
227 112
227 165
227 202
227 225
227 253
227 254
227 283
227 298
227 300
227 320
227 339
227 356
227 414
227 429
227 461
227 492
228 71
228 134
228 142
228 185
228 235
228 240
228 267
228 346
228 352
228 362
228 434
228 437
229 22
229 51
229 68
229 83
229 128
229 130
229 141
229 195
229 283
229 288
229 300
229 367
229 388
229 429
230 19
230 118
230 125
230 131
230 182
230 199
230 211
230 308
230 313
230 356
230 375
230 416
230 481
231 86
231 139
231 148
231 168
231 218
231 224
231 275
231 287
231 302
231 322
231 336
231 347
231 418
231 429
231 432
231 461
231 468
232 6
232 24
232 27
232 93
232 115
232 172
232 185
232 210
232 231
232 262
232 274
232 308
232 334
232 378
232 425
232 456
232 465
232 488
232 493
233 120
233 131
233 144
233 257
233 321
233 364
233 399
233 454
233 479
233 486
234 31
234 87
234 91
234 148
234 166
234 182
234 188
234 209
234 231
234 244
234 337
234 344
234 370
234 419
234 456
234 475
235 21
235 104
235 105
235 108
235 112
235 155
235 207
235 250
235 314
235 464
235 466
235 482
235 490
236 41
236 54
236 112
236 140
236 216
236 273
236 291
236 313
236 336
236 376
236 406
236 431
236 468
236 470
236 474
237 1
237 17
237 36
237 62
237 63
237 65
237 108
237 116
237 165
237 169
237 179
237 199
237 208
237 211
237 242
237 264
237 272
237 282
237 310
237 324
237 339
237 400
237 410
237 440
237 467
237 479
238 18
238 89
238 97
238 166
238 233
238 241
238 263
238 278
238 295
238 338
238 352
238 380
238 473
239 77
239 127
239 178
239 248
239 269
239 319
239 401
239 403
239 438
239 455
239 482
240 52
240 62
240 71
240 93
240 132
240 142
240 179
240 181
240 239
240 250
240 308
240 316
240 371
240 412
240 429
241 39
241 49
241 102
241 106
241 134
241 144
241 167
241 211
241 217
241 231
241 243
241 259
241 286
241 367
241 408
241 441
241 451
241 483
242 3
242 63
242 139
242 186
242 216
242 217
242 218
242 245
242 326
242 428
242 465
242 477
242 496
243 6
243 14
243 55
243 56
243 62
243 69
243 98
243 146
243 173
243 231
243 240
243 260
243 266
243 285
243 337
243 346
243 374
243 395
244 26
244 79
244 88
244 110
244 130
244 151
244 167
244 364
244 385
244 466
244 468
245 48
245 100
245 118
245 228
245 256
245 290
245 360
245 378
245 415
245 442
245 446
245 492
246 2
246 16
246 48
246 53
246 85
246 117
246 163
246 166
246 173
246 188
246 241
246 279
246 281
246 313
246 373
246 451
247 2
247 30
247 32
247 36
247 52
247 73
247 82
247 196
247 253
247 273
247 284
247 351
247 468
248 67
248 90
248 97
248 222
248 241
248 254
248 273
248 323
248 402
248 410
248 427
248 466
248 479
248 491
248 495
249 4
249 7
249 9
249 99
249 107
249 129
249 145
249 219
249 269
249 287
249 298
249 314
249 466
249 469
250 25
250 71
250 99
250 186
250 229
250 232
250 239
250 263
250 276
250 381
250 412
250 430
251 10
251 20
251 33
251 72
251 88
251 151
251 171
251 172
251 191
251 233
251 238
251 262
251 289
251 335
251 393
251 419
251 455
251 482
251 490
251 492
252 29
252 66
252 139
252 155
252 158
252 159
252 176
252 223
252 266
252 269
252 305
252 350
252 448
252 454
252 479
253 16
253 24
253 83
253 130
253 149
253 168
253 286
253 308
253 310
253 334
253 342
253 384
253 456
253 494
254 14
254 44
254 88
254 120
254 178
254 264
254 302
254 388
254 408
254 439
254 468
255 12
255 54
255 67
255 135
255 208
255 248
255 279
255 320
255 357
255 388
255 402
255 418
255 427
255 466
256 25
256 27
256 29
256 31
256 50
256 96
256 170
256 299
256 307
256 322
256 329
256 358
256 463
256 491
257 20
257 106
257 107
257 111
257 137
257 141
257 155
257 159
257 185
257 198
257 240
257 244
257 284
257 295
257 310
257 335
257 342
257 346
257 375
257 413
257 422
257 427
257 475
257 490
258 18
258 47
258 128
258 139
258 205
258 240
258 259
258 279
258 284
258 319
258 364
258 375
258 380
258 480
258 486
258 487
258 488
258 492
259 106
259 134
259 139
259 203
259 230
259 273
259 300
259 355
259 389
259 410
259 442
259 492
260 112
260 122
260 156
260 189
260 194
260 197
260 213
260 221
260 225
260 246
260 317
260 321
260 362
260 376
260 392
260 413
260 433
261 1
261 8
261 15
261 28
261 47
261 93
261 104
261 118
261 140
261 168
261 201
261 204
261 224
261 264
261 269
261 322
261 324
261 330
261 411
261 422
261 434
261 449
261 465
261 468
261 476
262 21
262 23
262 31
262 33
262 34
262 75
262 176
262 215
262 281
262 306
262 324
262 329
262 347
262 387
262 412
262 465
262 472
263 23
263 30
263 50
263 93
263 111
263 189
263 205
263 305
263 320
263 373
263 377
263 388
263 452
264 12
264 101
264 143
264 155
264 186
264 227
264 240
264 244
264 268
264 316
264 332
264 373
264 375
264 428
264 463
265 13
265 37
265 48
265 56
265 126
265 238
265 341
265 457
265 480
265 484
266 7
266 34
266 37
266 64
266 91
266 125
266 132
266 139
266 260
266 264
266 286
266 313
266 360
266 430
266 498
267 16
267 69
267 108
267 136
267 138
267 191
267 252
267 294
267 370
267 398
267 475
268 5
268 7
268 29
268 119
268 161
268 180
268 199
268 210
268 223
268 261
268 283
268 291
268 307
268 356
268 358
268 372
268 391
268 403
268 406
269 63
269 109
269 130
269 131
269 218
269 221
269 286
269 293
269 325
269 390
269 463
269 474
269 495
270 15
270 90
270 98
270 102
270 107
270 158
270 190
270 204
270 229
270 249
270 275
270 276
270 383
270 402
270 440
270 477
270 495
271 8
271 27
271 33
271 57
271 68
271 90
271 142
271 194
271 199
271 209
271 226
271 229
271 270
271 301
271 362
271 433
271 471
271 490
272 12
272 81
272 87
272 88
272 120
272 141
272 201
272 378
272 412
272 430
272 460
273 30
273 64
273 100
273 106
273 116
273 120
273 142
273 145
273 172
273 173
273 212
273 319
273 337
273 339
273 353
273 371
273 410
273 425
273 440
273 441
273 452
273 475
273 498
274 13
274 38
274 102
274 178
274 188
274 228
274 264
274 279
274 296
274 305
274 407
274 425
274 429
274 445
274 454
274 463
274 486
275 60
275 191
275 328
275 352
275 380
275 420
275 441
275 467
275 478
275 487
276 42
276 62
276 177
276 252
276 258
276 283
276 299
276 304
276 308
276 316
276 332
276 361
276 372
276 391
277 15
277 26
277 98
277 158
277 189
277 218
277 260
277 330
277 342
277 356
277 360
277 378
277 391
277 424
277 433
277 460
277 488
278 33
278 59
278 61
278 85
278 103
278 106
278 112
278 228
278 238
278 264
278 285
278 340
278 416
278 449
278 467
278 485
278 495
279 7
279 52
279 62
279 84
279 113
279 118
279 127
279 139
279 148
279 150
279 173
279 200
279 251
279 269
279 356
279 363
279 429
279 448
280 40
280 48
280 72
280 111
280 143
280 145
280 174
280 199
280 225
280 229
280 260
280 261
280 268
280 336
280 387
280 403
280 410
280 415
280 434
280 476
281 70
281 122
281 206
281 214
281 250
281 272
281 284
281 303
281 335
282 166
282 192
282 196
282 198
282 226
282 231
282 242
282 244
282 250
282 262
282 286
282 289
282 320
282 371
282 422
282 444
283 4
283 11
283 41
283 109
283 146
283 149
283 161
283 224
283 247
283 258
283 274
283 304
283 380
283 460
284 6
284 44
284 47
284 101
284 104
284 112
284 166
284 193
284 217
284 220
284 288
284 296
284 419
284 422
284 445
284 447
285 9
285 80
285 113
285 126
285 133
285 156
285 162
285 163
285 164
285 168
285 178
285 185
285 191
285 334
285 365
285 372
285 375
285 387
285 397
285 401
286 25
286 28
286 79
286 125
286 139
286 147
286 234
286 280
286 402
286 450
287 36
287 75
287 94
287 110
287 154
287 163
287 238
287 248
287 265
287 289
287 332
287 361
287 367
287 376
287 387
287 421
287 439
287 447
287 454
287 482
287 484
287 487
288 7
288 33
288 51
288 82
288 177
288 202
288 211
288 243
288 257
288 264
288 276
288 304
288 309
288 405
288 408
288 424
288 464
289 6
289 25
289 36
289 49
289 51
289 58
289 75
289 80
289 185
289 187
289 194
289 254
289 264
289 265
289 315
289 362
289 375
289 398
289 401
289 418
290 11
290 41
290 58
290 67
290 94
290 99
290 123
290 160
290 314
290 329
290 355
290 429
290 447
290 474
290 480
291 47
291 147
291 185
291 209
291 239
291 241
291 305
291 334
291 338
291 395
291 417
291 434
291 496
292 40
292 58
292 63
292 74
292 111
292 128
292 141
292 152
292 154
292 159
292 164
292 184
292 193
292 195
292 242
292 289
292 295
292 365
292 372
292 376
292 457
292 471
292 483
293 61
293 66
293 83
293 157
293 204
293 238
293 250
293 338
293 358
293 364
293 412
293 424
293 446
294 30
294 45
294 89
294 217
294 225
294 264
294 324
294 352
294 375
294 390
294 409
294 433
295 4
295 14
295 45
295 74
295 90
295 93
295 117
295 228
295 237
295 260
295 299
295 300
295 304
295 313
295 344
295 401
296 4
296 96
296 160
296 176
296 180
296 192
296 204
296 213
296 262
296 351
296 366
296 410
296 412
296 428
296 431
297 55
297 106
297 122
297 171
297 195
297 277
297 299
297 300
297 354
297 380
297 381
297 412
297 463
297 489
298 51
298 66
298 107
298 116
298 182
298 196
298 219
298 230
298 278
298 323
298 337
298 365
298 376
298 444
298 463
298 473
299 36
299 71
299 116
299 123
299 144
299 148
299 185
299 196
299 197
299 198
299 226
299 228
299 315
299 319
299 322
299 325
299 334
299 338
299 363
299 364
299 366
299 380
299 384
299 393
299 426
300 31
300 41
300 86
300 88
300 90
300 106
300 125
300 169
300 179
300 234
300 246
300 252
300 287
300 315
300 481
300 482
301 16
301 25
301 134
301 186
301 255
301 258
301 274
301 281
301 289
301 313
301 359
301 473
302 22
302 95
302 99
302 125
302 150
302 195
302 219
302 220
302 230
302 253
302 260
302 299
302 340
302 342
302 378
302 406
302 409
303 40
303 59
303 64
303 199
303 259
303 319
303 341
303 412
303 414
303 471
303 489
304 73
304 82
304 125
304 129
304 131
304 150
304 173
304 230
304 240
304 269
304 292
304 334
304 340
304 373
304 375
304 411
304 413
304 434
304 465
304 474
304 491
305 12
305 23
305 64
305 90
305 117
305 142
305 151
305 174
305 191
305 193
305 205
305 277
305 279
305 283
305 288
305 323
305 326
305 349
305 382
305 384
305 386
305 454
305 497
306 54
306 76
306 90
306 92
306 98
306 114
306 200
306 244
306 265
306 310
306 339
306 351
306 354
306 394
306 434
306 461
306 475
306 486
306 491
307 32
307 35
307 67
307 75
307 98
307 100
307 108
307 121
307 155
307 162
307 229
307 231
307 266
307 268
307 286
307 321
307 324
307 333
307 336
307 366
307 385
307 392
307 410
307 440
308 6
308 10
308 70
308 108
308 114
308 130
308 135
308 137
308 167
308 172
308 196
308 203
308 205
308 212
308 220
308 241
308 270
308 344
308 360
308 387
308 451
308 475
309 55
309 248
309 296
309 337
309 354
309 433
309 442
309 445
309 476
310 44
310 94
310 107
310 189
310 265
310 280
310 289
310 296
310 379
310 381
310 395
310 399
310 468
310 480
311 5
311 17
311 43
311 74
311 90
311 135
311 161
311 178
311 231
311 239
311 261
311 282
311 288
311 299
311 340
311 368
311 401
311 434
311 437
312 11
312 23
312 30
312 42
312 68
312 75
312 98
312 203
312 302
312 320
312 391
312 442
312 445
312 446
312 447
312 466
312 477
313 61
313 69
313 87
313 104
313 122
313 123
313 130
313 275
313 283
313 294
313 391
313 454
313 477
313 499
314 11
314 24
314 25
314 52
314 59
314 164
314 208
314 226
314 264
314 272
314 287
314 325
314 346
314 378
314 381
314 427
314 477
314 498
315 18
315 103
315 130
315 168
315 182
315 185
315 198
315 212
315 214
315 242
315 316
315 331
315 354
315 423
315 434
315 442
315 455
315 470
315 475
315 485
315 499
316 3
316 71
316 85
316 105
316 117
316 122
316 180
316 222
316 226
316 242
316 268
316 285
316 315
316 341
316 362
316 388
316 422
316 436
316 453
316 490
317 54
317 100
317 124
317 162
317 240
317 295
317 364
317 365
317 394
317 407
317 429
317 467
317 474
317 482
318 6
318 19
318 50
318 55
318 109
318 111
318 156
318 220
318 341
318 344
318 350
318 383
318 389
318 431
318 433
318 441
318 457
318 484
318 495
318 499
319 17
319 40
319 69
319 110
319 201
319 236
319 291
319 305
319 330
319 344
319 457
319 493
319 499
320 9
320 13
320 21
320 45
320 93
320 154
320 163
320 206
320 211
320 227
320 230
320 261
320 263
320 275
320 276
320 306
320 369
320 379
320 442
320 499
321 98
321 105
321 138
321 173
321 201
321 219
321 227
321 238
321 244
321 275
321 331
321 341
321 355
321 397
321 398
321 466
321 469
321 470
321 481
322 19
322 44
322 79
322 92
322 93
322 99
322 168
322 192
322 200
322 219
322 279
322 282
322 296
322 341
322 355
322 364
322 430
322 439
322 490
323 1
323 7
323 27
323 35
323 80
323 102
323 112
323 124
323 149
323 161
323 187
323 234
323 283
323 288
323 325
323 348
323 385
323 398
323 426
323 448
323 493
324 10
324 39
324 41
324 75
324 93
324 138
324 192
324 289
324 342
325 16
325 29
325 140
325 154
325 176
325 178
325 221
325 227
325 341
325 385
325 468
325 485
326 8
326 36
326 51
326 52
326 122
326 206
326 274
326 286
326 374
326 407
326 443
326 495
327 18
327 31
327 72
327 103
327 117
327 119
327 197
327 207
327 217
327 269
327 307
327 330
327 334
327 347
327 353
327 473
327 493
328 54
328 57
328 69
328 89
328 258
328 263
328 305
328 309
328 314
328 363
328 376
328 379
328 393
328 412
328 439
328 468
328 484
329 2
329 3
329 35
329 78
329 196
329 319
329 321
329 360
329 386
329 411
329 415
329 428
329 446
329 458
329 471
329 482
330 70
330 106
330 137
330 143
330 180
330 185
330 276
330 286
330 291
330 345
330 412
330 432
330 449
330 489
331 26
331 56
331 59
331 69
331 114
331 155
331 207
331 219
331 241
331 255
331 283
331 293
331 302
331 326
331 360
331 450
331 467
331 496
332 14
332 20
332 35
332 39
332 89
332 95
332 110
332 148
332 168
332 224
332 274
332 310
332 383
332 387
332 440
332 467
332 488
332 494
333 141
333 157
333 162
333 189
333 192
333 205
333 210
333 279
333 282
333 318
333 381
333 392
333 417
333 430
333 435
333 456
333 491
334 21
334 22
334 40
334 68
334 145
334 146
334 167
334 198
334 201
334 222
334 251
334 273
334 303
334 314
334 365
334 402
334 415
334 420
334 467
334 473
335 16
335 27
335 50
335 66
335 109
335 116
335 123
335 142
335 233
335 275
335 318
335 370
335 420
335 443
335 482
335 490
336 22
336 97
336 122
336 143
336 192
336 311
336 348
336 386
336 408
336 436
336 461
337 60
337 186
337 196
337 211
337 220
337 229
337 280
337 368
337 433
337 435
337 469
337 500
338 37
338 98
338 124
338 155
338 193
338 227
338 260
338 283
338 313
338 324
338 326
338 396
338 438
338 452
338 462
338 471
338 472
338 489
339 11
339 37
339 49
339 60
339 150
339 182
339 242
339 260
339 294
339 328
339 343
339 353
339 357
339 369
339 414
339 422
339 442
339 469
339 500
340 120
340 162
340 193
340 227
340 240
340 317
340 375
340 382
340 384
340 396
340 453
340 476
341 5
341 16
341 84
341 90
341 92
341 160
341 176
341 182
341 185
341 200
341 206
341 238
341 254
341 306
341 307
341 327
341 328
341 351
341 382
341 434
341 491
342 28
342 30
342 42
342 45
342 47
342 92
342 196
342 216
342 242
342 260
342 270
342 335
342 347
342 355
342 360
342 440
342 472
342 499
343 34
343 61
343 64
343 103
343 114
343 121
343 143
343 193
343 219
343 267
343 353
343 379
343 425
343 438
343 492
344 19
344 20
344 26
344 42
344 60
344 108
344 110
344 116
344 172
344 174
344 187
344 219
344 269
344 281
344 374
344 379
344 392
344 396
344 466
344 485
345 40
345 65
345 88
345 91
345 97
345 163
345 221
345 264
345 310
345 324
345 371
345 439
345 478
345 498
346 4
346 50
346 58
346 63
346 95
346 111
346 145
346 155
346 156
346 180
346 260
346 275
346 325
346 329
346 334
346 357
346 413
346 456
346 463
346 478
346 490
346 496
347 26
347 29
347 115
347 120
347 166
347 199
347 212
347 232
347 249
347 285
347 326
347 355
347 401
347 406
347 433
347 436
347 474
348 7
348 8
348 14
348 25
348 97
348 112
348 191
348 225
348 241
348 279
348 309
348 324
348 328
348 349
348 367
348 401
348 430
348 469
348 474
348 484
348 489
348 495
348 497
349 21
349 130
349 131
349 181
349 193
349 312
349 315
349 383
349 404
349 424
349 427
349 459
349 473
349 485
349 499
349 500
350 45
350 70
350 78
350 87
350 144
350 159
350 167
350 182
350 267
350 299
350 322
350 347
350 409
350 452
350 454
350 478
350 481
350 483
350 498
351 3
351 5
351 8
351 24
351 100
351 163
351 174
351 238
351 259
351 286
351 318
351 340
351 378
351 393
351 405
351 460
351 482
351 500
352 22
352 33
352 200
352 215
352 217
352 266
352 270
352 273
352 283
352 292
352 297
352 311
352 357
352 429
352 438
353 49
353 58
353 69
353 180
353 188
353 240
353 314
353 368
353 383
353 417
353 472
353 494
354 6
354 47
354 99
354 135
354 164
354 213
354 215
354 227
354 231
354 308
354 358
354 476
355 10
355 42
355 55
355 64
355 67
355 81
355 105
355 115
355 171
355 183
355 228
355 249
355 280
355 372
355 382
355 449
355 469
356 11
356 86
356 98
356 101
356 142
356 180
356 185
356 225
356 281
356 318
356 355
356 360
357 4
357 8
357 20
357 64
357 138
357 146
357 161
357 185
357 192
357 250
357 251
357 345
357 353
357 465
357 477
357 498
357 499
358 32
358 43
358 145
358 146
358 174
358 179
358 180
358 184
358 200
358 229
358 254
358 260
358 289
358 381
358 412
359 28
359 152
359 164
359 199
359 208
359 212
359 231
359 236
359 249
359 255
359 260
359 280
359 282
359 295
359 482
360 124
360 182
360 276
360 278
360 354
360 500
361 27
361 83
361 122
361 135
361 138
361 240
361 249
361 253
361 362
361 379
361 382
361 388
361 407
361 419
361 425
361 452
362 8
362 18
362 28
362 32
362 36
362 103
362 114
362 124
362 150
362 170
362 195
362 347
362 361
362 377
362 396
362 406
362 409
362 418
362 431
362 485
363 28
363 31
363 40
363 111
363 120
363 128
363 138
363 176
363 212
363 239
363 313
363 331
363 388
363 401
363 418
363 458
363 464
364 34
364 37
364 42
364 148
364 155
364 186
364 227
364 331
364 357
364 386
364 389
364 412
364 484
365 61
365 139
365 193
365 202
365 203
365 240
365 260
365 265
365 291
365 381
365 448
365 452
365 467
365 470
365 474
365 484
366 9
366 50
366 53
366 112
366 136
366 184
366 240
366 309
366 348
366 349
366 362
366 415
366 494
366 498
367 12
367 50
367 93
367 182
367 243
367 255
367 263
367 335
367 366
367 391
367 409
367 416
367 433
367 434
367 435
367 454
368 90
368 198
368 252
368 270
368 309
368 333
368 349
368 350
368 369
368 382
368 430
368 456
368 459
369 32
369 88
369 123
369 196
369 235
369 274
369 289
369 307
369 351
369 375
369 388
369 406
369 471
369 491
370 15
370 37
370 63
370 96
370 199
370 204
370 222
370 232
370 252
370 313
370 326
370 382
370 402
370 451
370 499
371 7
371 10
371 14
371 22
371 87
371 103
371 117
371 122
371 132
371 144
371 158
371 183
371 200
371 312
371 333
371 387
371 490
371 493
372 125
372 177
372 190
372 248
372 270
372 303
372 315
372 334
372 430
372 447
372 450
372 463
372 474
373 5
373 8
373 120
373 180
373 182
373 185
373 235
373 254
373 256
373 299
373 343
373 350
373 372
373 381
373 386
373 402
373 407
373 408
373 410
373 436
373 479
374 8
374 46
374 129
374 134
374 139
374 166
374 273
374 312
374 330
374 421
374 489
375 48
375 121
375 131
375 180
375 190
375 195
375 202
375 222
375 230
375 317
375 340
375 390
375 455
375 468
375 474
376 70
376 93
376 114
376 133
376 212
376 217
376 224
376 233
376 269
376 280
376 334
376 365
376 446
376 469
376 490
376 497
377 1
377 39
377 168
377 198
377 202
377 206
377 280
377 286
377 292
377 295
377 299
377 305
377 327
377 335
377 405
377 447
377 478
378 33
378 148
378 171
378 172
378 179
378 236
378 281
378 336
378 340
378 369
378 386
378 393
378 446
378 455
378 473
379 7
379 36
379 59
379 67
379 74
379 148
379 206
379 217
379 239
379 240
379 241
379 261
379 262
379 347
379 363
379 383
379 457
379 481
380 1
380 136
380 162
380 163
380 168
380 190
380 250
380 270
380 276
380 297
380 315
380 328
380 337
380 362
380 394
381 11
381 19
381 34
381 127
381 141
381 156
381 211
381 232
381 233
381 252
381 302
381 313
381 322
381 341
381 387
381 401
381 410
381 414
381 463
381 467
381 477
381 478
382 3
382 51
382 115
382 119
382 148
382 198
382 221
382 245
382 255
382 299
382 304
382 337
382 378
382 424
382 430
383 31
383 79
383 106
383 144
383 182
383 197
383 204
383 211
383 221
383 265
383 266
383 277
383 295
383 329
383 360
383 398
383 416
383 435
383 460
383 465
383 476
384 6
384 24
384 99
384 106
384 133
384 314
384 329
384 330
384 367
384 386
384 392
384 409
384 417
384 436
384 458
384 469
384 472
385 34
385 52
385 67
385 77
385 91
385 106
385 192
385 214
385 259
385 260
385 383
385 412
385 419
385 420
385 438
385 496
386 14
386 39
386 57
386 74
386 85
386 139
386 257
386 271
386 307
386 344
386 363
386 394
386 419
386 445
386 500
387 59
387 66
387 109
387 125
387 134
387 137
387 156
387 167
387 223
387 229
387 232
387 240
387 263
387 284
387 399
387 467
387 485
387 486
388 26
388 93
388 135
388 155
388 198
388 201
388 280
388 342
388 389
388 439
389 26
389 58
389 60
389 94
389 100
389 120
389 141
389 226
389 249
389 338
389 447
389 454
389 463
389 484
390 14
390 16
390 46
390 71
390 80
390 101
390 138
390 176
390 199
390 235
390 261
390 276
390 420
390 432
390 456
390 471
390 486
390 492
390 500
391 14
391 118
391 142
391 162
391 164
391 216
391 223
391 225
391 245
391 255
391 264
391 309
391 352
391 355
391 358
391 363
391 370
391 399
391 452
391 457
392 13
392 139
392 160
392 161
392 194
392 255
392 265
392 272
392 274
392 334
392 429
392 465
392 494
393 101
393 104
393 137
393 150
393 198
393 204
393 217
393 226
393 233
393 281
393 307
393 363
393 400
393 463
393 469
393 491
394 37
394 57
394 58
394 69
394 71
394 80
394 95
394 125
394 155
394 178
394 347
394 350
394 452
394 459
394 467
394 488
395 12
395 24
395 114
395 117
395 147
395 148
395 162
395 220
395 268
395 282
395 307
395 348
395 367
395 423
395 447
396 72
396 91
396 94
396 108
396 172
396 233
396 249
396 305
396 368
396 384
396 401
396 403
396 406
397 64
397 109
397 116
397 120
397 129
397 130
397 131
397 140
397 177
397 221
397 235
397 271
397 308
397 327
397 356
397 425
397 426
397 444
397 450
397 472
398 18
398 38
398 76
398 89
398 118
398 123
398 141
398 148
398 192
398 258
398 274
398 282
398 303
398 311
398 333
398 362
398 385
398 399
398 406
398 423
398 453
398 475
398 487
399 141
399 159
399 167
399 219
399 222
399 229
399 326
399 332
399 351
399 355
399 372
399 383
399 405
399 416
399 496
400 9
400 34
400 53
400 72
400 96
400 160
400 162
400 165
400 197
400 223
400 277
400 302
400 327
400 344
400 366
401 18
401 25
401 87
401 124
401 130
401 148
401 167
401 251
401 336
401 357
401 386
401 419
401 436
401 457
402 14
402 33
402 45
402 60
402 66
402 96
402 103
402 136
402 150
402 261
402 275
402 294
402 317
402 323
402 324
402 367
402 384
402 422
403 31
403 39
403 53
403 78
403 84
403 121
403 162
403 225
403 260
403 280
403 328
403 340
403 362
403 420
403 444
403 482
404 15
404 22
404 84
404 89
404 98
404 159
404 235
404 238
404 422
404 423
404 444
404 446
405 10
405 19
405 64
405 75
405 78
405 83
405 176
405 225
405 287
405 330
405 333
405 345
405 363
405 416
405 437
405 474
405 499
406 21
406 24
406 55
406 81
406 128
406 152
406 153
406 162
406 220
406 243
406 253
406 322
406 325
406 329
406 375
406 403
406 422
406 427
406 442
406 454
406 468
406 487
407 21
407 59
407 68
407 118
407 126
407 134
407 146
407 188
407 235
407 240
407 251
407 275
407 328
407 413
407 428
407 464
408 54
408 91
408 107
408 119
408 130
408 174
408 210
408 222
408 225
408 254
408 255
408 275
408 290
408 317
408 399
408 421
408 430
408 458
409 44
409 54
409 124
409 161
409 169
409 170
409 263
409 329
409 332
409 420
409 436
409 487
410 61
410 110
410 118
410 196
410 273
410 274
410 286
410 299
410 328
410 348
410 355
410 389
410 401
410 435
411 20
411 37
411 58
411 81
411 85
411 217
411 222
411 265
411 270
411 307
411 321
411 330
411 364
411 365
411 369
411 375
411 425
411 445
411 465
412 3
412 82
412 97
412 108
412 144
412 197
412 216
412 223
412 389
412 391
412 396
412 413
412 420
412 436
413 37
413 65
413 74
413 81
413 88
413 97
413 120
413 193
413 220
413 254
413 275
413 339
413 409
413 479
413 497
414 40
414 63
414 86
414 93
414 145
414 228
414 298
414 300
414 364
414 371
414 373
414 399
414 403
414 411
414 413
414 427
414 439
414 442
414 443
414 449
415 16
415 17
415 24
415 53
415 85
415 87
415 126
415 208
415 303
415 317
415 370
415 395
415 396
415 430
415 471
416 27
416 56
416 75
416 85
416 119
416 120
416 124
416 143
416 199
416 208
416 286
416 338
416 404
416 415
416 443
416 447
416 496
417 27
417 29
417 42
417 43
417 59
417 68
417 117
417 164
417 216
417 272
417 290
417 358
417 388
417 403
417 409
417 466
418 21
418 22
418 23
418 93
418 137
418 150
418 161
418 186
418 191
418 260
418 279
418 298
418 309
418 327
418 347
418 359
418 426
419 3
419 28
419 86
419 114
419 129
419 133
419 140
419 143
419 164
419 206
419 210
419 254
419 265
419 275
419 294
419 333
419 388
419 391
419 393
419 411
419 421
419 481
419 484
420 9
420 36
420 45
420 148
420 184
420 205
420 223
420 227
420 233
420 236
420 253
420 260
420 277
420 324
420 357
420 394
420 397
420 403
420 468
421 18
421 38
421 76
421 101
421 128
421 192
421 229
421 400
421 412
421 425
421 470
421 473
421 489
422 53
422 83
422 103
422 115
422 121
422 144
422 150
422 186
422 243
422 247
422 333
422 335
422 402
422 414
422 421
422 452
423 39
423 106
423 119
423 173
423 209
423 254
423 262
423 291
423 357
423 467
424 49
424 108
424 113
424 123
424 153
424 222
424 262
424 347
424 384
425 25
425 42
425 60
425 84
425 102
425 162
425 237
425 256
425 269
425 300
425 334
425 346
425 347
425 349
425 375
425 395
425 453
425 463
425 465
426 66
426 70
426 94
426 112
426 113
426 149
426 158
426 163
426 240
426 261
426 310
426 365
426 381
426 458
426 460
426 486
427 8
427 56
427 149
427 203
427 215
427 224
427 252
427 332
427 340
427 362
427 403
427 409
427 419
427 426
428 89
428 146
428 159
428 217
428 252
428 322
428 334
428 431
429 5
429 18
429 22
429 33
429 85
429 92
429 120
429 223
429 224
429 233
429 257
429 491
430 70
430 110
430 177
430 178
430 218
430 250
430 265
430 274
430 315
430 409
430 412
430 473
431 87
431 218
431 252
431 336
431 418
431 475
432 3
432 42
432 65
432 148
432 216
432 378
432 416
432 428
432 430
432 434
432 463
432 494
433 35
433 49
433 94
433 95
433 114
433 120
433 125
433 129
433 147
433 196
433 267
433 269
433 290
433 352
433 374
433 407
433 418
433 426
433 463
434 39
434 58
434 94
434 122
434 123
434 149
434 185
434 195
434 230
434 250
434 271
434 290
434 366
434 393
434 461
434 462
434 475
434 476
434 477
434 485
435 36
435 88
435 133
435 145
435 151
435 158
435 182
435 193
435 342
435 354
435 369
435 498
436 52
436 183
436 186
436 208
436 211
436 217
436 249
436 287
436 299
436 325
436 392
437 2
437 18
437 49
437 58
437 77
437 199
437 224
437 246
437 263
437 285
437 304
437 351
437 372
437 417
437 441
437 447
437 453
437 490
438 2
438 23
438 46
438 96
438 134
438 136
438 236
438 250
438 258
438 279
438 358
438 442
438 470
439 29
439 31
439 68
439 120
439 167
439 172
439 174
439 188
439 208
439 223
439 226
439 246
439 259
439 300
439 304
439 327
439 365
439 366
439 402
439 430
439 483
440 14
440 27
440 38
440 43
440 129
440 143
440 158
440 219
440 392
440 423
440 483
440 498
441 47
441 68
441 90
441 103
441 139
441 166
441 192
441 271
441 280
441 317
441 323
441 346
441 364
441 376
442 27
442 92
442 102
442 125
442 138
442 140
442 198
442 203
442 208
442 234
442 271
442 272
442 279
442 299
442 400
442 413
442 477
442 490
443 7
443 12
443 25
443 30
443 54
443 107
443 118
443 189
443 259
443 308
443 333
443 353
443 460
444 113
444 159
444 295
444 301
444 316
444 385
444 459
444 488
445 11
445 30
445 77
445 83
445 92
445 103
445 111
445 117
445 161
445 180
445 364
445 368
445 399
445 400
445 464
445 481
445 486
446 14
446 31
446 114
446 143
446 209
446 210
446 256
446 289
446 361
446 364
446 378
446 432
446 436
446 475
447 3
447 8
447 75
447 81
447 136
447 181
447 265
447 270
447 313
447 336
447 338
447 368
447 372
447 388
447 389
447 418
447 435
447 491
448 56
448 70
448 169
448 180
448 192
448 201
448 220
448 222
448 238
448 425
448 446
448 449
449 24
449 34
449 44
449 75
449 155
449 168
449 177
449 253
449 311
449 330
449 334
449 342
449 469
450 54
450 60
450 151
450 194
450 227
450 243
450 255
450 258
450 285
450 315
450 382
450 389
450 461
451 23
451 28
451 71
451 80
451 82
451 91
451 95
451 103
451 105
451 111
451 142
451 148
451 248
451 255
451 257
451 291
451 317
451 329
451 336
451 360
451 406
451 413
451 464
452 17
452 18
452 43
452 97
452 122
452 133
452 134
452 142
452 155
452 163
452 167
452 196
452 242
452 270
452 298
452 350
452 365
452 388
452 461
452 474
453 4
453 14
453 39
453 45
453 151
453 156
453 171
453 185
453 241
453 280
453 286
453 297
453 310
453 334
453 350
453 416
453 472
453 481
453 485
454 17
454 64
454 69
454 75
454 113
454 146
454 188
454 192
454 229
454 268
454 275
454 290
454 297
454 319
454 358
454 381
454 382
454 402
454 403
454 487
455 23
455 52
455 58
455 91
455 175
455 231
455 261
455 290
455 318
455 350
455 390
455 398
455 406
455 423
455 475
456 46
456 71
456 97
456 101
456 126
456 155
456 168
456 182
456 192
456 257
456 296
456 333
456 357
456 364
456 500
457 41
457 53
457 58
457 68
457 70
457 129
457 140
457 198
457 240
457 345
457 356
457 377
457 379
458 56
458 65
458 97
458 149
458 161
458 213
458 282
458 290
458 311
458 383
458 384
458 392
458 398
458 421
459 12
459 19
459 67
459 76
459 147
459 175
459 186
459 189
459 232
459 293
459 302
459 325
459 330
459 336
459 447
459 468
460 12
460 64
460 90
460 95
460 158
460 173
460 175
460 191
460 195
460 216
460 244
460 269
460 280
460 294
460 299
460 357
460 363
460 370
460 372
460 429
460 481
461 9
461 17
461 39
461 54
461 97
461 169
461 334
461 394
461 400
461 405
461 423
461 462
462 24
462 25
462 83
462 95
462 96
462 120
462 201
462 203
462 229
462 232
462 244
462 304
462 305
462 319
462 320
462 370
462 393
462 438
462 454
462 464
462 466
463 16
463 55
463 80
463 90
463 132
463 199
463 216
463 217
463 218
463 220
463 295
463 332
463 355
463 421
463 460
463 493
464 10
464 39
464 67
464 88
464 124
464 130
464 163
464 177
464 303
464 406
464 434
464 445
464 470
465 41
465 50
465 128
465 154
465 172
465 188
465 204
465 273
465 304
465 341
465 373
465 397
465 434
465 482
466 14
466 26
466 54
466 80
466 100
466 113
466 128
466 147
466 175
466 211
466 223
466 250
466 268
466 288
466 303
466 316
466 347
466 357
467 63
467 68
467 91
467 132
467 179
467 184
467 199
467 227
467 286
467 303
467 330
467 353
467 415
467 464
468 78
468 114
468 130
468 131
468 144
468 173
468 176
468 181
468 200
468 264
468 314
468 372
468 377
468 410
468 417
468 449
468 456
468 459
468 466
469 74
469 81
469 99
469 134
469 157
469 190
469 200
469 222
469 238
469 259
469 287
469 382
469 385
469 428
469 429
469 435
470 6
470 11
470 14
470 42
470 63
470 109
470 129
470 158
470 228
470 244
470 283
470 303
470 327
470 353
470 413
471 19
471 59
471 148
471 150
471 197
471 216
471 268
471 277
471 278
471 343
471 383
471 423
471 463
471 478
471 479
471 494
472 6
472 25
472 28
472 92
472 141
472 202
472 262
472 281
472 291
472 300
472 365
472 403
472 408
472 429
472 431
472 436
472 483
472 492
472 499
473 46
473 57
473 76
473 121
473 180
473 249
473 279
473 281
473 286
473 323
473 328
473 333
473 383
473 490
474 11
474 32
474 60
474 80
474 115
474 122
474 157
474 196
474 199
474 208
474 223
474 233
474 248
474 251
474 262
474 278
474 317
474 367
474 434
474 470
475 3
475 30
475 68
475 83
475 304
475 340
475 411
475 498
475 499
475 500
476 3
476 45
476 48
476 54
476 69
476 136
476 158
476 175
476 247
476 249
476 343
476 353
476 363
476 378
476 386
476 427
476 475
476 491
477 42
477 106
477 113
477 123
477 147
477 184
477 211
477 214
477 223
477 244
477 254
477 261
477 272
477 337
477 377
477 383
477 389
477 398
477 408
477 435
477 448
477 466
478 7
478 12
478 131
478 239
478 250
478 323
478 338
478 381
478 382
478 486
479 6
479 123
479 157
479 241
479 258
479 272
479 324
479 355
479 383
479 384
479 389
479 433
480 122
480 150
480 163
480 275
480 313
480 340
480 372
480 378
480 401
480 431
480 436
480 483
481 36
481 63
481 64
481 113
481 114
481 245
481 248
481 257
481 271
481 273
481 365
481 366
481 380
481 399
481 426
481 454
481 457
481 466
482 10
482 20
482 103
482 112
482 122
482 130
482 144
482 152
482 189
482 239
482 244
482 277
482 311
482 328
482 422
482 458
482 463
482 464
482 465
483 29
483 62
483 73
483 92
483 157
483 195
483 277
483 303
483 334
483 336
483 340
483 341
483 352
483 365
483 436
484 80
484 87
484 91
484 161
484 207
484 219
484 226
484 285
484 286
484 298
484 322
484 362
484 467
484 492
485 5
485 45
485 49
485 65
485 212
485 215
485 248
485 295
485 316
485 318
485 354
485 363
485 441
485 457
485 480
485 497
486 16
486 47
486 156
486 188
486 201
486 221
486 302
486 330
486 454
486 499
487 32
487 44
487 81
487 105
487 117
487 134
487 159
487 175
487 211
487 215
487 220
487 224
487 253
487 264
487 288
487 304
487 362
487 384
487 400
487 404
487 466
487 500
488 145
488 146
488 172
488 174
488 181
488 223
488 231
488 249
488 298
488 299
488 355
488 387
488 406
488 428
488 440
488 477
489 11
489 54
489 112
489 119
489 125
489 216
489 246
489 264
489 268
489 277
489 279
489 319
489 348
489 361
489 367
489 412
489 452
489 484
489 496
490 83
490 96
490 133
490 135
490 137
490 153
490 159
490 203
490 257
490 277
490 326
490 332
490 447
490 448
490 461
490 478
490 496
491 45
491 76
491 107
491 117
491 162
491 183
491 196
491 206
491 280
491 296
491 314
491 453
491 497
492 5
492 117
492 160
492 196
492 219
492 263
492 305
492 362
492 403
492 430
492 462
493 39
493 76
493 87
493 94
493 154
493 178
493 223
493 287
493 300
493 345
493 381
493 448
493 449
493 467
493 472
493 478
494 37
494 38
494 48
494 56
494 67
494 76
494 97
494 99
494 134
494 137
494 162
494 183
494 191
494 201
494 264
494 275
494 295
494 327
494 378
494 495
495 27
495 93
495 123
495 142
495 166
495 308
495 315
495 319
495 320
495 322
495 415
495 431
495 459
495 485
496 6
496 18
496 32
496 77
496 86
496 88
496 129
496 140
496 149
496 191
496 219
496 239
496 240
496 247
496 297
496 299
496 312
496 372
496 440
496 445
496 478
497 16
497 62
497 88
497 185
497 190
497 250
497 273
497 309
497 331
497 332
497 371
497 416
497 423
497 435
497 476
498 56
498 142
498 157
498 214
498 217
498 243
498 287
498 324
498 351
498 388
498 422
498 497
499 39
499 175
499 189
499 228
499 241
499 249
499 250
499 271
499 281
499 320
499 325
499 385
499 494
500 51
500 71
500 96
500 134
500 136
500 175
500 178
500 182
500 212
500 231
500 274
500 279
500 356
500 367
500 376
500 382
500 459
