500
499
1 313
1 457
3 131
3 392
5 43
5 44
5 393
5 499
6 312
6 354
8 157
8 203
8 366
9 266
10 342
12 73
12 194
12 411
13 146
14 141
14 300
14 483
16 237
17 424
17 431
19 379
21 423
23 250
28 223
28 428
30 50
31 404
35 402
35 457
37 90
40 162
40 280
40 340
41 46
41 453
42 415
42 451
43 20
43 339
43 470
47 39
49 304
50 280
50 354
51 250
53 162
53 376
54 294
55 206
55 456
57 59
59 105
59 435
60 67
61 382
61 492
64 3
64 426
65 203
66 336
66 465
68 52
68 220
70 60
75 97
75 324
76 337
76 485
79 22
79 169
79 216
79 395
82 217
83 91
85 332
87 24
87 312
88 390
90 161
91 120
91 350
91 402
92 40
93 124
95 62
95 89
97 192
98 452
98 462
99 254
101 440
104 56
104 479
105 464
106 25
106 217
107 57
107 377
108 442
109 155
111 354
113 466
114 33
115 212
116 252
116 461
117 268
117 324
118 225
118 375
118 454
121 104
121 195
122 403
124 386
124 488
125 217
127 370
127 459
128 41
128 421
129 17
130 85
130 215
133 170
134 266
134 337
135 336
137 60
137 358
137 447
137 474
140 180
140 338
141 304
142 228
142 370
144 341
145 410
146 45
146 200
146 330
146 336
147 90
147 382
147 498
148 131
149 497
150 206
151 310
152 353
153 332
154 280
157 108
158 101
158 115
158 454
159 170
160 71
161 275
161 310
162 444
164 84
164 280
164 351
166 399
172 222
172 456
172 490
175 245
176 405
176 481
179 95
180 253
180 254
180 298
181 100
181 223
181 446
182 469
183 171
183 371
184 90
185 112
188 263
188 454
189 75
189 257
189 321
189 353
190 35
190 407
191 3
191 417
192 12
192 470
194 114
196 416
198 58
198 425
199 115
199 460
200 270
201 11
202 262
202 335
203 401
204 400
205 383
205 429
209 104
211 84
211 485
213 70
213 79
213 172
214 16
214 403
219 46
219 417
220 227
220 260
222 60
222 221
222 275
223 114
223 455
224 215
225 376
227 87
228 448
229 127
229 143
230 432
233 340
233 440
234 191
235 32
235 137
235 418
236 434
237 153
237 168
238 481
240 155
240 443
240 489
242 199
243 10
243 322
243 413
244 47
245 438
245 497
246 187
247 347
251 41
251 212
251 255
253 388
254 49
254 79
255 290
256 33
258 400
258 487
259 13
259 235
259 303
260 50
261 44
261 186
262 33
262 278
262 398
264 165
267 14
268 223
270 108
271 11
274 151
275 3
275 57
276 15
276 498
277 390
279 471
280 432
281 10
282 127
283 152
284 239
284 334
284 458
286 125
288 475
289 273
290 129
290 362
291 363
291 476
291 484
292 100
292 226
294 417
296 204
297 227
297 396
297 465
298 134
301 224
303 176
303 326
303 405
306 383
307 11
307 30
310 339
310 348
310 471
312 408
313 271
313 398
314 156
315 131
315 241
317 401
318 40
318 330
319 182
319 307
322 82
322 127
323 326
324 153
326 56
326 174
326 418
327 257
328 300
329 20
329 156
330 371
331 212
332 93
334 28
334 29
335 381
339 14
340 284
341 105
341 184
343 4
344 176
346 152
350 357
352 304
353 125
355 463
358 80
359 54
359 302
360 46
360 306
360 397
361 218
361 256
362 140
363 370
365 13
365 41
365 460
366 137
366 193
367 18
367 97
367 359
368 373
369 334
370 114
370 450
371 95
371 291
373 428
375 8
379 175
379 235
379 302
379 435
381 124
381 162
382 377
383 131
384 249
386 413
389 39
390 475
392 342
395 372
396 407
397 479
398 167
398 432
399 381
400 107
401 241
401 252
401 405
402 304
405 298
406 158
406 160
407 207
407 287
408 226
408 252
408 301
409 98
411 290
413 303
414 288
416 486
418 70
418 169
419 440
423 377
425 77
425 251
426 25
427 32
427 413
428 267
429 95
429 215
429 282
431 207
431 311
433 430
434 165
437 414
439 354
439 429
441 328
441 483
443 316
446 184
446 375
447 223
448 292
451 11
451 407
452 401
455 124
456 325
457 202
457 347
457 413
459 330
460 378
461 378
463 109
463 421
464 132
465 70
465 92
466 317
466 359
468 200
469 247
471 188
471 396
474 3
474 126
474 459
475 267
477 417
478 330
480 276
483 149
486 441
488 127
488 215
490 442
491 94
491 239
493 351
494 322
497 78
497 114
498 239
498 352
498 451
499 361
500 157
