50
145
1 12
1 50
2 14
2 15
2 26
2 33
2 39
2 45
3 17
3 22
3 42
4 34
5 25
5 44
6 20
7 12
7 27
7 32
7 38
8 7
8 44
8 49
9 33
10 23
10 29
10 37
10 48
11 4
11 7
11 40
11 44
12 17
12 24
12 28
12 46
13 45
14 9
15 8
15 18
16 30
17 3
17 23
17 38
17 46
18 15
18 36
19 2
19 29
19 43
19 44
19 49
20 9
20 11
20 18
20 30
21 14
21 43
22 3
22 16
23 22
23 33
23 38
24 13
24 21
24 29
24 33
24 34
24 47
25 12
25 24
25 46
26 3
26 13
26 34
26 43
27 5
27 10
27 14
27 20
27 36
28 6
28 47
29 20
29 22
29 30
30 7
31 8
31 14
31 16
31 17
32 1
32 7
32 41
33 14
33 19
33 44
33 46
34 10
34 39
35 17
35 25
35 30
36 5
36 18
36 21
37 10
37 23
37 36
38 15
38 17
39 5
39 8
39 13
39 20
39 33
39 48
40 19
40 30
40 49
41 36
41 42
42 6
42 39
42 46
43 3
43 12
43 31
44 3
44 27
44 28
44 33
45 26
45 49
46 7
46 14
46 34
47 14
47 29
48 7
48 29
49 5
49 10
49 21
49 22
50 38
