50
321
1 5
1 10
1 14
1 22
1 47
1 48
2 11
2 25
2 26
2 29
2 41
2 44
2 45
3 7
3 26
3 27
3 39
3 41
3 49
4 6
4 33
4 39
4 49
5 3
5 11
5 16
6 23
6 26
6 41
6 46
7 5
7 8
7 9
7 22
7 26
7 30
7 45
8 5
8 10
8 23
8 24
8 29
8 30
8 36
8 45
9 2
9 12
9 22
9 26
9 34
9 36
9 37
9 40
9 45
9 47
9 49
10 8
10 14
10 27
10 29
10 31
11 14
11 15
11 21
11 32
11 38
11 43
11 44
11 46
11 49
12 2
12 4
12 9
12 20
12 29
12 40
13 3
13 8
13 9
13 11
13 19
14 1
14 16
14 20
14 46
15 8
15 12
15 18
15 20
15 43
15 46
15 47
15 48
15 49
16 4
16 5
16 8
16 13
16 21
16 33
16 35
16 36
16 47
17 4
17 6
17 13
17 36
17 39
18 2
18 17
18 22
18 28
18 30
18 34
18 38
18 42
18 48
19 7
19 14
19 23
19 46
19 50
20 8
20 9
20 13
20 23
20 24
20 32
20 39
21 11
21 19
21 20
21 23
21 26
21 28
21 31
21 36
21 41
22 11
22 21
22 23
22 24
22 26
22 41
22 44
22 45
22 48
23 2
23 6
23 12
23 14
23 30
23 33
24 4
24 6
24 9
24 26
24 35
24 46
25 4
25 7
25 13
25 17
25 21
25 45
26 16
26 27
26 29
26 32
26 36
26 38
26 43
27 3
27 10
27 12
27 33
27 34
27 35
27 46
27 48
27 49
28 10
28 16
28 23
28 25
28 49
29 2
29 18
29 20
29 26
29 34
29 36
29 42
29 50
30 1
30 2
30 11
30 19
30 50
31 5
31 14
31 39
31 41
31 46
31 50
32 1
32 8
32 17
32 20
32 45
33 13
33 37
33 44
34 1
34 7
34 11
34 20
34 24
34 33
34 45
35 11
35 12
35 32
35 33
35 38
36 4
36 16
37 1
37 4
37 6
37 10
37 13
37 22
37 39
37 42
37 45
37 50
38 2
38 5
38 7
38 16
38 20
38 23
38 32
38 35
38 44
39 3
39 12
39 15
39 46
40 11
40 16
40 23
40 28
40 32
40 39
41 9
41 11
41 17
41 29
42 5
42 16
42 21
42 26
42 29
42 44
42 45
43 1
43 4
43 6
43 23
43 26
43 27
43 40
43 44
44 7
44 9
44 15
44 20
44 21
44 30
44 42
45 3
45 11
45 21
45 23
45 26
45 37
45 48
46 31
46 41
47 5
47 6
47 8
47 14
47 16
47 18
47 23
47 38
47 50
48 3
48 13
48 15
48 19
48 20
48 24
48 33
48 46
49 11
49 23
49 28
49 33
49 48
50 1
50 10
50 12
50 22
50 23
50 36
50 38
50 47
