60
120
1 6
3 1
3 29
3 46
3 58
4 56
4 59
5 31
5 55
5 60
6 15
6 59
7 36
7 50
8 3
8 38
8 56
9 13
9 33
9 46
11 19
12 5
12 44
12 45
12 59
14 57
15 33
15 55
16 21
17 23
17 26
17 39
17 43
18 5
18 34
18 35
18 38
18 59
20 9
20 48
21 39
21 41
21 55
23 27
23 44
24 1
24 12
24 15
26 22
26 60
27 3
27 24
27 46
28 22
28 43
29 19
29 25
29 40
29 47
29 54
29 58
29 60
30 23
30 46
31 30
32 17
32 20
32 53
33 13
34 12
34 33
34 42
35 28
37 3
37 12
37 41
37 45
37 48
38 5
38 15
38 34
39 29
39 50
42 5
42 49
43 36
43 60
44 3
44 6
44 37
44 48
44 58
45 13
45 14
46 7
46 45
47 45
49 16
49 33
49 45
50 13
50 28
50 46
51 17
51 18
51 24
51 37
52 8
52 12
52 15
52 53
53 10
53 23
54 8
54 21
55 27
55 52
56 37
58 30
60 47
