60
285
1 2
1 3
1 9
1 29
1 40
2 15
2 18
2 25
2 38
2 41
2 53
3 17
3 35
3 39
3 50
3 51
3 59
4 10
4 18
4 23
4 27
4 50
4 54
5 22
5 28
5 31
5 44
5 54
6 3
6 7
6 41
6 53
7 4
7 11
7 30
7 37
7 50
7 52
7 59
8 40
8 48
8 56
9 1
9 25
9 37
9 47
9 56
10 42
10 46
10 51
10 55
11 1
11 20
11 50
12 16
12 22
12 38
12 46
13 14
13 22
13 52
13 56
13 60
14 20
14 50
14 55
15 5
15 19
15 24
15 34
15 40
15 54
15 55
16 19
16 32
16 42
16 48
16 49
17 4
17 8
17 16
17 23
17 47
17 49
18 6
18 33
18 55
18 58
18 59
19 7
19 10
20 1
20 33
20 37
20 45
20 47
21 11
21 19
21 42
21 44
21 45
22 4
22 7
22 16
22 25
22 34
22 44
22 47
22 50
23 4
23 7
23 9
23 11
23 36
23 44
23 50
24 21
24 35
24 42
24 45
25 5
25 14
25 18
25 33
26 7
26 38
26 41
26 48
26 58
27 2
27 21
27 32
27 43
27 49
28 7
28 16
28 26
28 37
29 40
30 1
30 13
30 16
30 21
30 29
30 35
30 38
30 48
30 57
31 6
31 24
32 11
32 38
32 43
32 50
32 51
33 26
33 41
33 45
33 55
34 10
34 18
34 22
34 30
34 36
35 31
35 37
35 51
36 10
36 16
36 24
36 29
36 46
36 54
37 3
37 33
37 40
38 1
38 7
38 18
38 29
38 35
38 47
38 55
39 27
39 37
39 42
39 44
39 50
39 54
40 5
40 10
40 12
40 54
40 56
40 59
41 39
41 44
41 56
41 59
42 5
42 13
42 37
42 41
42 50
42 59
43 12
43 20
43 27
43 60
44 20
44 33
44 35
44 40
44 56
45 12
45 16
45 28
46 8
46 26
46 45
46 57
46 58
47 37
47 46
48 3
48 13
48 17
48 18
48 32
48 58
49 7
49 31
49 36
49 59
50 5
50 22
50 23
50 28
50 33
50 35
50 54
51 4
51 23
51 46
52 5
52 16
52 26
52 30
52 31
52 42
54 1
54 7
54 13
54 40
54 45
54 55
54 58
55 2
55 10
55 16
55 23
55 26
55 44
56 8
56 11
56 52
57 4
57 8
57 18
57 50
58 10
58 19
58 28
58 55
58 56
59 6
59 8
59 19
59 27
59 45
59 46
59 60
60 9
60 24
60 54
