70
138
2 28
3 1
4 7
4 38
4 65
5 10
5 18
5 31
6 19
6 48
7 62
8 24
8 67
8 70
9 5
9 19
9 59
10 37
11 4
11 21
12 18
12 33
12 57
13 33
13 67
14 10
14 40
15 21
15 38
15 47
16 20
17 24
17 42
18 1
18 12
18 31
19 45
19 46
19 62
20 12
20 31
20 69
22 38
23 26
23 31
25 9
25 20
27 6
27 64
27 69
28 4
29 10
29 55
30 1
30 9
30 37
30 39
30 41
31 34
31 41
31 48
31 70
33 42
33 64
34 4
34 39
34 59
35 8
35 28
35 31
36 1
36 20
36 42
37 51
38 12
38 44
39 57
39 61
40 13
40 22
41 11
41 35
41 57
41 62
42 51
42 68
43 62
43 65
44 31
44 40
46 5
47 35
48 38
48 53
48 55
49 34
49 65
50 51
51 30
51 41
52 16
52 51
52 60
53 31
53 41
53 63
57 21
57 52
58 16
58 49
58 70
60 19
60 40
61 2
61 34
61 41
62 4
62 64
62 70
63 41
64 1
64 30
64 55
64 68
64 69
64 70
66 51
67 20
67 44
68 4
68 15
68 17
68 41
69 28
69 50
69 52
70 44
70 68
