70
336
1 37
1 46
1 61
2 4
2 36
2 59
2 61
3 7
3 14
3 34
3 52
3 54
3 55
3 58
3 62
4 9
4 24
4 26
4 33
4 35
4 54
5 2
5 3
5 9
5 18
5 37
5 40
5 44
5 45
5 48
5 55
5 67
6 17
6 19
6 42
6 46
6 55
7 3
7 4
7 5
7 8
7 19
7 56
7 57
7 58
8 48
9 31
9 59
10 11
10 20
10 21
10 32
10 44
10 56
11 23
12 4
12 40
12 57
13 1
13 23
13 25
13 59
13 68
13 69
14 5
14 10
14 16
14 20
14 33
14 36
14 44
14 70
15 5
15 16
15 20
15 21
15 35
15 36
15 44
16 14
16 30
16 40
16 42
16 56
16 57
17 66
18 8
18 9
18 15
19 26
19 34
19 50
19 54
20 48
20 54
21 12
21 55
21 61
21 65
21 69
22 4
22 39
22 50
22 55
23 13
23 14
23 15
23 17
23 22
23 38
23 62
24 6
24 13
24 38
24 56
24 70
25 32
25 42
25 43
25 44
25 45
25 50
25 53
25 55
25 70
27 33
27 39
28 37
28 68
29 2
29 4
29 10
29 16
29 28
29 43
29 44
30 13
30 17
30 19
30 49
30 61
30 66
31 6
31 15
31 19
31 22
31 48
32 10
32 14
32 15
32 58
33 3
33 35
33 48
33 53
33 58
34 17
34 25
34 46
34 51
35 38
35 43
35 50
35 56
35 58
35 60
35 64
35 70
36 24
36 29
36 46
37 1
37 12
37 23
37 39
37 46
37 49
38 8
38 31
38 34
38 39
38 46
38 51
38 56
38 70
39 19
39 22
39 50
39 56
39 61
40 32
40 33
40 49
40 63
40 67
41 11
41 18
41 28
41 37
41 42
41 44
41 59
41 67
42 5
42 26
42 29
42 32
42 47
42 59
42 67
43 1
43 8
43 12
43 23
43 38
43 46
43 60
44 13
44 14
45 3
45 16
45 21
45 24
45 27
45 41
45 47
45 49
46 14
46 19
46 41
46 61
47 3
47 11
47 17
47 23
47 37
47 61
48 51
48 55
48 59
49 4
49 13
49 17
49 21
49 44
49 51
50 36
50 67
51 11
51 21
51 31
51 48
51 62
52 5
52 6
52 28
52 32
52 61
52 62
53 2
53 13
53 21
53 24
53 58
54 12
54 19
54 21
54 25
54 30
54 47
54 50
54 59
54 61
55 10
55 26
55 32
56 2
56 9
56 55
56 57
57 9
57 19
57 26
57 45
57 49
58 22
58 49
58 53
59 22
59 66
59 69
60 14
60 38
60 42
60 53
60 58
60 61
61 7
61 47
61 51
61 57
61 68
62 4
62 5
62 9
62 21
62 25
62 29
62 38
62 44
62 50
63 9
63 25
64 10
64 22
64 25
64 43
64 45
65 9
65 19
65 45
65 50
65 59
66 40
66 42
67 40
68 5
68 24
68 45
69 15
69 28
69 67
70 22
70 39
70 52
70 64
