70
464
1 8
1 9
1 10
1 16
1 18
1 26
1 41
1 56
1 59
2 30
2 51
3 4
3 15
3 16
3 43
3 49
3 50
3 54
3 57
4 2
4 7
4 11
4 24
4 26
4 30
4 67
5 1
5 10
5 12
5 17
5 23
5 27
5 35
5 70
6 4
6 7
6 18
6 42
6 59
6 66
7 1
7 9
7 19
7 22
7 35
7 42
7 49
8 1
8 14
8 20
8 39
8 59
8 62
9 11
9 17
9 21
9 33
9 37
9 43
10 4
10 17
10 25
10 29
10 56
10 58
10 62
10 65
11 26
11 34
11 70
12 17
12 23
13 10
13 15
13 22
13 26
13 32
13 70
14 1
14 16
14 54
14 67
15 4
15 9
15 11
15 25
15 38
15 61
16 4
16 12
16 13
16 23
16 26
16 28
16 32
16 38
16 49
16 53
16 57
16 60
16 62
17 4
17 5
17 10
17 21
17 23
17 32
17 38
17 48
17 57
18 1
18 5
18 15
18 20
18 37
18 50
18 60
19 11
19 16
19 32
19 50
19 57
19 65
20 2
20 9
20 28
20 32
20 47
20 65
21 24
21 30
21 34
21 39
21 53
21 70
22 9
22 31
22 39
22 41
22 57
22 70
23 2
23 15
23 28
23 35
23 61
23 64
23 69
24 1
24 15
24 16
24 33
24 52
24 56
24 70
25 3
25 12
25 26
25 42
26 32
26 34
26 41
26 44
26 53
26 55
26 69
27 12
27 37
27 40
27 48
28 10
28 31
28 34
28 43
28 53
28 58
29 11
29 37
29 53
29 58
30 12
30 13
30 29
30 47
30 68
30 70
31 2
31 5
31 12
31 14
31 27
31 36
31 47
31 50
31 68
32 3
32 22
32 23
32 25
32 31
32 36
32 53
32 57
33 1
33 30
34 3
34 6
34 8
34 17
34 27
34 31
34 37
34 48
34 51
34 53
34 58
34 61
34 68
34 69
35 15
35 16
35 29
35 37
35 45
35 51
35 54
35 63
35 66
36 5
36 7
36 15
36 19
36 27
36 42
36 44
36 66
37 29
37 33
37 34
37 44
38 4
38 34
38 64
39 7
39 16
39 23
39 46
39 57
39 67
40 14
40 17
40 22
40 27
40 36
40 65
41 1
41 10
41 11
41 30
41 37
41 54
41 60
42 1
42 70
43 11
43 25
43 31
43 36
43 40
43 54
43 67
43 70
44 8
44 14
44 20
44 23
44 40
44 43
44 53
44 54
44 56
44 64
44 67
45 4
45 20
45 27
45 33
45 39
45 54
45 60
46 18
46 19
46 35
46 50
46 55
46 56
46 68
47 10
47 18
47 27
47 43
47 44
47 53
47 70
48 16
48 22
48 39
48 56
49 14
49 17
49 29
49 38
49 47
49 57
49 60
49 62
49 64
50 1
50 14
50 24
50 28
50 37
50 38
50 40
50 51
50 58
50 59
50 60
51 5
51 12
51 21
51 46
52 23
52 31
52 40
52 51
52 64
52 68
52 69
52 70
53 1
53 18
53 39
53 44
53 52
53 57
53 64
54 18
54 24
54 27
54 28
54 30
54 36
54 38
54 40
54 58
54 60
55 25
55 49
55 68
56 8
56 18
56 43
56 62
57 2
57 15
57 29
57 67
58 9
58 13
58 23
58 33
58 49
58 54
58 67
59 16
59 22
59 30
59 32
59 40
59 43
59 53
59 65
60 2
60 4
60 10
60 14
60 15
60 18
60 19
60 20
60 30
60 35
60 36
60 38
60 59
61 8
61 14
61 18
61 47
61 65
61 66
61 67
62 2
62 17
62 24
62 26
62 28
62 45
62 58
62 61
63 16
63 20
63 22
63 31
63 46
63 47
63 56
63 62
64 4
64 9
64 15
64 31
64 45
65 1
65 14
65 26
65 29
65 36
65 70
66 6
66 26
66 29
66 31
66 40
66 65
67 35
67 42
67 64
68 19
68 30
68 42
68 55
68 63
68 65
69 4
69 8
69 13
69 21
69 25
69 34
69 41
69 56
69 61
70 4
70 19
70 43
70 48
70 53
70 54
70 57
70 60
70 66
70 67
