70
528
1 7
1 11
1 14
1 15
1 60
2 9
2 10
2 38
2 43
2 44
2 48
2 62
2 63
2 64
3 4
3 8
3 26
3 38
3 48
3 55
4 50
4 60
5 2
5 3
5 7
5 13
5 27
5 31
5 38
5 39
5 63
6 4
6 7
6 13
6 22
6 35
6 45
6 49
6 58
6 69
7 21
7 31
7 41
7 45
7 49
7 58
8 20
8 32
8 34
8 48
8 49
8 51
8 65
9 1
9 14
9 19
9 31
9 33
9 35
9 45
9 47
9 52
9 58
9 59
9 70
10 34
10 40
11 1
11 20
11 31
11 54
12 5
12 19
12 24
12 25
12 27
12 32
12 48
12 57
12 60
12 63
12 65
12 70
13 17
13 34
13 49
13 52
13 57
13 62
13 65
14 6
14 10
14 11
14 33
14 41
14 59
14 67
15 1
15 3
15 7
15 27
15 30
15 31
15 35
15 37
15 40
15 55
15 63
16 25
16 53
17 10
17 12
17 19
17 20
17 34
17 52
17 55
17 57
17 64
18 4
18 7
18 21
18 34
18 44
18 60
18 70
19 24
19 30
19 34
19 35
19 40
19 42
19 49
19 70
20 15
20 24
20 30
20 31
20 34
20 42
20 50
20 58
20 61
20 70
21 13
21 22
21 32
21 34
21 36
21 44
21 48
21 51
21 52
21 67
22 19
22 21
22 56
22 62
23 4
23 6
23 13
23 15
23 31
23 36
23 41
23 42
23 50
23 66
24 2
24 6
24 22
24 34
24 38
24 40
24 46
24 48
25 10
25 15
25 17
25 37
25 51
25 58
25 63
25 69
26 13
26 16
26 17
26 30
26 45
26 48
26 50
26 55
26 58
26 69
27 2
27 3
27 7
27 11
27 22
27 34
27 39
27 42
27 47
27 51
28 6
28 12
28 13
28 19
28 41
28 49
28 62
29 5
29 6
29 7
29 13
29 19
29 23
29 32
29 34
29 45
29 48
29 62
30 12
30 22
30 31
30 35
30 37
30 48
30 56
30 66
31 14
31 16
31 27
31 66
31 67
32 21
32 45
32 69
32 70
33 8
33 9
33 22
33 40
33 44
33 57
33 67
33 68
34 4
34 8
34 22
34 42
34 64
35 25
35 30
35 31
35 32
35 36
35 50
35 58
35 69
36 6
36 8
36 9
36 10
36 11
36 17
36 27
36 28
36 35
36 58
36 60
36 68
37 1
37 2
37 3
37 23
37 26
37 29
37 30
37 42
37 43
37 55
38 2
38 3
38 16
38 31
38 32
38 45
38 50
38 55
39 2
39 4
39 13
39 18
39 24
39 26
39 35
39 50
39 55
39 59
39 67
39 68
40 2
40 12
40 15
40 17
40 18
40 27
40 30
40 45
40 57
40 63
40 65
41 6
41 35
41 36
41 49
41 53
41 67
41 68
42 30
42 34
42 40
42 46
43 7
43 14
43 17
43 42
43 49
43 61
43 69
44 2
44 9
44 30
44 38
44 56
44 64
44 70
45 5
45 6
45 17
45 24
45 38
45 39
45 51
45 70
46 11
46 13
46 36
46 45
46 49
47 3
47 29
47 41
47 55
47 57
48 17
48 22
48 29
48 40
48 53
48 59
49 45
49 66
50 1
50 6
50 31
50 33
50 51
50 57
50 59
51 10
51 16
51 23
51 37
51 42
51 57
51 68
52 4
52 14
52 19
52 24
52 30
52 37
52 40
52 46
52 47
52 48
53 6
53 9
53 13
53 28
53 34
53 42
53 44
53 62
54 2
54 19
54 27
54 31
54 41
54 43
54 55
54 69
55 5
55 10
55 21
55 37
55 41
55 54
55 57
55 62
55 66
55 68
56 1
56 3
56 11
56 13
56 15
56 40
56 51
57 12
57 14
57 19
57 33
57 60
57 61
57 62
57 67
57 70
58 4
58 22
58 47
58 60
59 9
59 13
59 15
59 17
59 18
59 38
59 54
59 60
59 70
60 10
60 11
60 12
60 24
60 31
60 36
60 50
60 65
60 66
61 10
61 12
61 16
61 18
61 21
61 41
61 51
61 57
62 5
62 19
62 27
62 31
62 37
62 42
62 43
62 44
62 49
62 54
62 59
62 63
62 66
63 2
63 6
63 13
63 25
63 29
63 37
63 40
63 64
63 70
64 15
64 22
64 25
64 32
64 38
64 55
64 69
65 5
65 21
65 44
65 57
65 67
66 10
66 14
66 22
66 25
66 35
66 43
66 46
66 48
66 68
66 69
67 5
67 44
67 66
67 69
67 70
68 24
68 30
68 34
68 36
68 42
68 52
68 64
68 70
69 17
69 28
69 32
69 35
69 47
69 56
70 1
70 8
70 12
70 33
70 39
