750
4478
1 151
1 633
1 642
1 720
2 13
2 111
2 258
2 355
2 413
3 91
3 216
3 580
3 711
3 715
4 12
4 137
4 288
4 391
4 551
4 659
5 191
5 356
5 439
5 594
5 657
5 662
5 729
6 281
6 413
7 75
7 187
7 380
7 535
7 615
7 683
8 24
8 44
8 741
9 204
9 275
9 325
9 370
9 398
9 406
9 522
9 568
9 653
9 655
10 91
10 325
10 634
11 226
11 353
11 373
11 431
11 634
12 153
12 178
12 201
12 287
12 372
12 391
12 586
12 646
12 710
13 315
13 336
13 475
13 492
13 597
13 638
13 727
14 5
14 75
14 97
14 331
14 509
14 619
14 644
14 710
15 408
15 664
15 666
16 150
16 288
16 604
16 665
17 161
17 279
17 700
18 5
18 92
18 129
18 173
18 201
18 397
18 574
19 149
19 154
19 173
19 205
19 244
19 259
19 267
19 421
19 634
19 667
19 746
20 93
20 128
20 200
20 273
20 428
20 483
20 535
20 621
20 699
21 390
21 432
21 454
21 473
22 217
22 301
22 389
22 408
22 441
22 482
22 505
22 563
22 609
22 697
23 245
23 449
23 594
24 141
24 475
24 566
24 602
25 178
25 377
25 412
25 432
25 486
25 508
25 695
26 164
26 175
26 217
26 244
26 256
26 328
26 434
26 486
27 49
27 56
27 73
27 287
28 7
28 183
28 651
28 672
29 173
29 178
29 422
29 512
29 659
29 671
29 717
30 91
30 119
30 159
30 208
30 400
30 578
30 646
30 746
31 231
31 340
31 429
31 435
31 483
31 489
32 46
32 162
32 275
32 501
32 531
33 5
33 232
33 260
33 318
33 419
33 562
33 567
33 745
34 67
34 151
34 224
34 244
34 305
34 413
34 453
34 548
34 629
35 247
35 261
35 270
35 355
35 569
35 627
36 327
37 47
37 252
37 557
37 638
38 53
38 200
38 300
38 410
38 460
38 492
38 650
38 668
38 710
39 65
39 266
39 277
39 309
39 356
39 478
39 553
39 696
39 735
40 295
40 364
40 440
40 552
40 728
41 14
41 43
41 51
41 83
41 442
41 608
41 739
42 95
42 464
42 570
42 691
43 36
43 86
43 144
43 154
43 196
43 362
43 365
43 409
43 559
43 608
43 654
44 42
44 57
44 311
44 332
44 368
44 537
44 723
44 744
45 2
45 37
45 139
45 288
45 438
45 600
45 721
46 60
46 79
46 108
46 202
46 306
46 368
46 372
46 490
47 94
47 123
47 277
47 508
47 547
47 647
47 688
48 229
48 268
48 654
49 61
49 87
49 240
49 281
49 314
49 387
49 439
49 458
49 469
50 7
50 17
50 207
50 336
50 490
50 594
51 39
51 151
51 171
51 488
51 516
51 532
52 45
52 176
52 361
52 371
52 434
52 498
52 508
52 528
52 673
52 730
53 118
53 292
53 371
53 413
53 626
53 682
53 730
54 52
54 202
54 623
54 701
55 100
55 310
55 370
55 417
55 459
55 496
56 32
56 505
56 517
56 538
56 685
57 39
57 345
57 476
58 75
58 96
58 113
58 135
58 650
59 1
59 2
59 61
59 129
59 140
59 368
59 400
59 522
59 619
59 642
59 666
59 706
60 115
60 213
60 380
60 527
61 278
61 497
61 546
62 404
62 406
62 522
62 599
62 656
63 62
63 155
63 335
63 375
63 419
63 660
64 42
64 105
64 151
64 508
64 552
64 591
64 639
64 643
64 730
65 84
65 92
65 164
65 278
65 493
65 552
65 646
65 655
65 678
66 10
66 170
66 248
66 485
66 703
66 731
66 737
67 171
67 377
67 685
68 102
68 122
68 227
68 247
68 397
68 425
69 188
69 324
69 413
69 528
69 570
69 702
70 413
70 502
70 521
70 547
70 560
70 735
70 737
71 3
71 161
72 260
72 342
73 128
73 177
73 226
73 563
73 570
73 650
74 41
74 83
74 158
74 236
74 295
74 501
74 727
75 339
75 370
75 506
76 15
76 162
76 319
76 345
76 502
76 542
76 602
76 614
77 169
77 171
77 457
77 493
78 155
78 190
78 215
78 232
78 342
78 414
78 448
78 614
78 693
79 125
79 253
79 268
79 374
79 375
79 435
79 659
79 670
79 674
79 691
79 703
80 36
80 76
80 223
80 288
80 297
80 298
80 421
80 502
80 508
81 36
81 254
81 267
81 488
81 555
81 584
81 635
81 647
81 686
82 17
82 115
82 295
82 569
82 599
82 718
83 106
83 207
83 388
84 102
84 135
84 184
84 255
84 309
84 579
84 616
84 659
84 702
85 19
85 178
85 299
85 429
85 450
85 482
85 503
85 643
85 683
86 6
86 147
86 225
86 256
87 35
87 80
87 143
87 374
87 391
87 502
87 539
88 347
89 105
89 177
89 355
89 524
89 541
89 592
90 67
90 642
90 646
90 730
90 747
91 387
91 391
91 426
91 510
91 656
91 669
91 686
92 159
92 194
92 479
92 573
92 611
92 637
92 646
93 72
93 347
93 393
94 212
94 308
94 339
94 542
94 599
94 631
94 676
95 88
95 423
95 477
95 581
95 596
95 605
95 664
95 724
95 732
96 85
96 174
96 292
96 335
96 388
96 502
96 523
97 191
97 445
97 474
97 622
97 714
98 273
98 483
98 717
99 172
99 236
99 669
99 736
99 738
99 739
100 67
100 202
100 307
100 461
100 483
100 501
100 707
100 736
101 138
101 356
101 372
101 486
102 66
102 108
102 195
102 222
102 471
102 522
102 549
102 577
102 631
102 724
103 100
103 131
103 145
103 578
104 106
104 181
104 325
104 334
104 540
104 667
105 46
105 291
105 326
105 536
105 646
105 684
106 127
106 192
106 202
106 226
106 368
106 416
106 443
106 501
106 603
106 611
107 97
107 204
107 438
107 664
108 19
108 170
108 582
108 704
109 23
109 400
109 482
109 526
109 704
109 710
110 2
110 70
110 170
110 180
111 26
111 82
111 304
111 565
112 48
112 492
112 543
113 239
113 261
113 518
113 553
113 643
114 2
114 66
114 277
114 417
114 556
114 564
114 621
115 56
115 121
115 432
115 649
115 720
116 20
116 192
116 519
117 70
117 220
117 332
117 458
117 517
118 34
118 43
118 105
118 192
118 402
118 426
118 488
118 497
118 644
119 149
119 343
119 362
119 409
119 490
119 556
119 610
119 685
120 23
120 92
120 351
120 523
120 737
121 8
121 37
121 240
121 525
121 549
121 661
121 684
122 105
122 303
122 334
122 364
122 508
122 716
123 27
123 74
123 84
123 181
123 362
123 486
123 514
123 587
123 630
123 656
123 697
123 722
124 432
124 449
124 607
124 654
125 253
125 402
125 416
125 461
125 538
125 583
125 601
125 625
126 293
126 516
126 681
127 52
127 142
127 214
127 326
127 564
127 636
127 663
127 670
128 81
128 88
128 396
128 404
128 538
129 208
129 225
129 285
129 308
129 381
129 477
129 658
129 717
130 129
130 194
130 263
130 284
130 326
130 517
130 704
131 85
131 245
131 268
131 365
131 582
132 5
132 104
132 274
132 608
132 727
133 113
133 170
134 30
134 276
134 278
134 363
134 545
135 60
135 230
135 594
135 622
135 647
136 3
136 38
136 58
136 214
136 734
137 63
137 313
138 114
138 200
138 228
138 241
138 374
138 385
138 574
139 42
139 121
139 160
139 200
139 238
139 252
139 276
139 401
139 461
139 573
139 613
139 645
139 694
140 195
140 548
140 637
140 699
141 30
141 422
141 469
141 651
141 720
141 747
142 67
142 561
142 735
143 16
143 58
143 401
143 566
143 620
143 652
144 203
144 499
144 547
144 645
145 15
145 510
145 646
145 658
145 668
145 750
146 319
146 695
147 6
147 139
147 206
147 267
147 613
147 702
148 38
148 96
148 178
148 189
148 247
148 566
148 571
148 744
148 747
149 16
149 45
149 179
149 296
149 435
149 520
149 552
149 702
150 44
150 96
150 276
150 344
150 357
150 433
150 512
150 719
150 737
150 746
151 4
151 57
151 63
151 99
151 304
151 391
151 464
151 496
151 549
151 646
151 692
151 743
152 198
152 239
152 367
152 433
153 16
153 99
153 307
153 312
153 481
153 700
154 142
154 395
154 519
154 560
155 152
155 242
155 459
155 613
155 614
155 713
156 252
156 300
156 315
156 391
156 487
156 502
156 710
157 187
157 194
157 348
157 381
157 417
157 462
157 489
157 495
157 510
157 554
157 630
157 711
158 202
159 53
159 177
159 350
159 365
159 664
160 64
160 689
161 144
161 239
161 285
161 330
161 553
161 666
162 68
162 193
162 299
162 341
162 489
162 691
162 714
163 47
163 68
163 90
163 295
163 452
163 478
163 509
163 539
163 641
164 147
164 157
164 275
164 284
164 570
164 622
165 143
165 228
165 453
165 603
166 44
166 68
166 282
166 313
166 361
166 379
166 639
167 122
167 255
167 363
167 365
167 477
167 498
167 499
167 574
167 623
167 650
168 223
168 258
168 400
168 487
168 629
169 146
169 210
169 453
169 505
169 533
169 580
169 708
169 732
170 30
170 164
170 183
170 224
170 247
170 301
170 412
170 526
171 46
171 287
171 350
171 358
171 433
171 465
171 668
172 28
172 200
172 208
172 221
172 331
172 384
172 426
172 463
173 47
173 465
173 484
173 588
173 602
174 68
174 319
174 326
174 368
175 93
175 384
175 594
175 720
176 65
176 72
176 127
176 303
176 363
176 407
176 433
176 730
177 9
177 54
177 78
177 122
177 133
177 150
177 319
177 429
177 452
177 498
177 713
178 55
178 259
178 450
178 678
179 74
179 296
179 609
180 55
180 187
180 214
180 317
180 659
180 677
180 715
181 91
181 116
181 246
181 326
181 341
181 582
183 48
183 475
183 609
183 726
184 152
184 413
184 434
184 657
184 716
185 345
185 432
185 534
185 572
185 688
185 719
186 241
186 257
186 521
186 527
186 615
186 669
187 194
187 290
187 502
188 73
188 232
188 273
188 357
188 395
188 427
188 492
188 527
188 560
188 602
188 625
189 256
189 734
190 41
190 95
190 129
190 417
190 534
190 578
190 605
190 706
191 49
191 96
191 458
191 627
192 400
193 15
193 233
193 256
193 503
193 513
193 554
193 705
193 708
193 734
194 102
194 383
194 679
195 86
195 225
195 250
195 400
195 636
196 199
196 615
196 659
196 721
197 97
197 619
197 665
198 70
198 91
198 463
198 651
198 655
199 6
199 76
199 308
199 444
199 527
199 585
199 729
200 234
200 410
200 724
201 33
201 113
201 149
201 303
201 322
202 121
202 184
202 189
202 211
202 739
203 66
203 221
203 574
203 639
203 691
204 28
204 62
204 88
204 340
204 657
204 672
204 749
205 137
205 293
205 610
206 54
206 109
206 127
206 235
207 4
207 374
207 481
207 709
208 170
208 531
208 569
209 183
209 559
209 573
209 608
210 213
210 342
210 509
210 548
210 556
210 665
210 735
211 104
211 133
211 274
211 329
211 642
212 369
212 626
213 16
213 55
213 144
213 529
213 633
214 30
214 152
214 394
214 639
215 94
215 288
215 458
215 463
215 499
215 503
215 592
215 605
215 670
215 740
216 11
216 116
216 244
216 322
216 724
217 64
217 124
217 175
217 525
217 630
218 228
218 285
218 348
218 409
218 455
218 634
218 672
218 688
219 97
219 214
219 342
219 601
219 634
220 104
220 264
220 286
220 377
220 621
221 68
221 242
221 309
221 478
222 178
222 230
222 297
222 373
222 375
222 513
222 577
222 638
222 641
222 669
222 738
223 116
223 304
223 510
223 534
224 328
224 381
224 385
224 431
224 658
224 719
225 15
225 39
225 48
225 214
225 536
226 199
226 200
226 296
227 23
227 168
227 233
227 305
227 414
227 582
228 253
228 298
228 382
228 492
228 567
229 354
229 371
229 482
229 572
229 714
229 746
230 1
230 251
230 430
230 453
230 487
230 501
230 590
230 625
230 744
231 52
231 392
231 503
231 570
231 571
231 718
232 41
232 68
232 96
232 98
232 456
232 463
232 516
232 519
232 537
232 643
233 94
233 142
233 192
233 396
233 515
234 60
234 106
234 430
234 662
235 53
235 66
235 122
235 124
235 369
235 441
235 604
235 679
235 688
236 91
236 153
236 231
236 246
236 255
236 470
236 488
237 129
237 363
237 639
237 649
238 159
238 181
238 309
238 409
238 512
238 630
239 340
239 389
239 439
239 632
240 50
240 91
240 279
241 71
241 72
241 203
241 212
241 254
241 402
241 590
241 621
241 632
241 698
242 76
242 100
242 541
242 650
243 81
243 312
243 448
243 613
243 615
243 632
244 57
244 68
244 324
244 620
245 70
245 249
245 254
245 399
245 461
245 475
245 504
245 623
245 643
245 710
245 735
246 229
246 563
247 491
247 498
247 583
248 194
248 298
248 332
248 476
249 104
249 161
249 257
249 319
249 450
249 739
250 217
250 357
250 743
251 87
251 166
251 545
251 719
251 722
252 201
252 307
252 318
252 354
252 367
252 416
252 625
253 281
253 291
253 340
253 357
253 495
253 610
253 642
254 65
254 186
254 281
254 571
255 206
255 247
255 408
255 438
255 512
255 577
255 604
255 687
255 724
256 28
256 31
256 103
256 121
256 144
256 200
256 337
256 462
256 635
256 655
256 738
257 147
257 319
257 425
257 568
257 645
258 19
258 80
258 96
258 133
258 200
258 203
258 318
258 390
258 437
258 444
258 490
258 562
258 604
259 4
259 562
259 574
259 662
259 701
260 108
260 180
260 320
260 336
260 401
260 409
260 491
260 667
261 9
261 98
261 141
261 263
261 461
261 493
261 599
261 631
261 725
262 462
262 600
263 152
263 201
263 286
263 631
264 72
264 131
264 138
264 280
264 453
264 678
264 705
265 109
265 331
265 426
265 455
265 467
265 482
265 557
265 611
265 695
265 699
266 7
266 99
266 246
266 421
266 650
267 149
267 423
267 430
267 509
267 605
267 620
267 689
268 5
268 141
268 428
268 451
268 567
269 9
269 257
269 299
269 509
269 543
269 590
269 695
269 705
270 184
270 458
270 487
270 543
270 650
270 698
271 396
271 473
271 614
271 714
272 27
272 175
272 380
272 383
272 421
272 446
272 584
273 16
273 171
273 464
273 495
273 496
273 536
273 581
273 651
273 660
273 702
274 44
274 84
274 313
274 345
274 504
274 541
275 49
275 215
275 250
275 300
275 451
275 547
275 612
276 377
276 414
276 689
277 52
277 332
277 362
277 482
278 30
278 274
278 518
278 519
278 697
278 730
279 72
279 88
279 91
279 258
279 295
279 386
279 511
279 561
279 733
280 73
280 207
280 246
280 496
280 517
280 535
280 683
281 187
281 193
281 370
281 374
281 436
281 651
282 132
282 185
282 584
282 642
282 654
282 747
283 56
283 535
283 722
284 224
284 648
284 681
285 407
285 466
285 559
285 588
286 56
286 127
286 398
286 523
286 535
286 627
286 679
287 231
287 262
287 459
287 563
287 593
287 672
288 36
288 92
288 242
288 295
288 527
288 581
288 596
288 730
289 71
289 157
289 473
289 690
290 59
290 103
290 154
290 249
290 471
291 3
291 180
291 257
291 270
291 353
291 381
291 406
291 613
291 668
292 3
292 225
292 498
292 662
292 680
293 102
293 191
293 216
293 670
294 498
295 65
295 170
295 305
295 312
295 435
295 513
295 634
296 35
296 136
296 352
296 408
296 453
297 240
297 337
297 393
297 409
297 528
297 608
298 78
298 223
298 378
298 399
298 428
298 455
299 157
299 675
300 15
300 46
300 293
300 330
300 440
300 447
300 533
301 162
301 333
301 394
301 420
301 476
301 556
302 3
302 117
302 179
302 186
302 274
302 280
302 398
302 486
302 527
302 542
302 560
303 48
303 146
303 194
303 218
303 571
304 163
304 305
304 404
304 598
304 632
305 63
305 284
305 457
305 542
305 581
305 673
306 61
306 68
306 222
306 352
306 441
306 593
306 701
307 7
307 460
307 537
307 590
307 750
308 17
308 170
308 183
308 233
308 283
308 358
308 511
308 554
308 570
309 134
309 153
309 224
309 381
309 742
310 292
310 547
310 561
310 614
311 135
311 647
311 683
311 710
312 372
312 406
312 503
312 564
312 626
312 731
312 741
313 127
313 228
313 338
313 409
313 573
314 73
314 163
314 193
314 435
314 510
314 584
314 607
314 646
315 75
315 151
315 294
315 351
315 406
315 540
315 600
315 681
316 45
316 94
316 102
316 136
316 150
316 151
316 268
316 270
316 410
316 605
316 645
316 679
317 341
317 361
317 453
317 460
317 523
317 644
317 667
318 290
318 371
318 392
318 427
318 587
318 707
319 41
319 79
319 100
319 126
319 187
319 200
319 288
319 327
319 350
319 548
319 550
319 717
320 158
320 462
320 579
320 676
320 748
321 4
321 14
321 128
321 266
321 407
321 414
321 445
321 596
322 81
322 84
322 170
322 337
322 550
322 610
322 641
322 711
323 18
323 104
323 169
323 627
323 707
323 748
324 206
324 215
325 42
325 409
325 639
325 743
326 146
326 276
327 31
327 126
327 147
327 253
327 310
327 352
327 391
327 422
327 605
328 178
328 249
328 262
328 482
329 48
329 82
329 401
329 452
329 519
329 540
329 620
330 56
330 103
330 173
330 200
330 579
330 674
331 20
331 136
331 199
331 229
331 347
331 381
331 398
331 498
331 600
332 141
332 161
332 228
332 490
332 508
333 88
333 166
333 346
333 429
333 502
333 630
333 694
334 53
334 73
334 221
334 230
334 503
334 513
335 164
335 716
336 155
336 401
336 419
336 542
336 715
336 725
337 182
337 462
337 501
337 506
337 517
337 682
337 701
338 45
338 68
338 157
338 236
338 696
338 731
339 91
339 156
339 180
339 296
339 483
339 620
339 622
340 50
340 101
340 122
340 338
340 436
340 521
340 597
340 621
340 662
340 668
340 690
340 699
341 92
341 119
341 141
341 330
341 431
341 540
341 665
342 107
342 166
342 400
342 595
343 62
343 124
343 389
343 395
343 415
343 450
343 587
343 628
344 18
344 65
344 142
344 183
344 214
344 305
344 361
344 537
344 693
345 92
345 220
346 34
346 340
346 539
346 557
347 508
347 638
348 470
348 512
349 62
349 313
349 527
349 594
349 690
350 92
350 364
350 624
351 23
351 91
351 137
351 190
351 267
351 337
351 353
351 552
351 582
352 73
352 263
352 265
352 288
352 423
352 446
352 500
352 687
352 728
353 92
353 356
353 421
353 484
354 40
354 70
354 71
354 104
354 723
354 728
355 145
355 186
355 213
355 266
355 287
355 567
355 641
355 650
355 739
356 302
356 505
356 570
356 620
356 717
357 1
357 55
357 338
358 55
358 221
358 371
358 569
359 55
359 333
359 401
359 480
359 612
359 629
359 688
360 63
360 97
360 104
360 126
360 138
360 158
360 185
360 257
360 390
360 621
360 655
360 673
360 706
360 719
361 360
361 685
361 686
361 733
361 747
362 4
362 43
362 151
362 312
362 460
362 468
363 192
363 620
364 38
364 540
364 671
364 734
365 175
365 335
365 591
365 596
365 692
365 729
365 744
366 64
366 153
366 201
366 311
366 524
366 557
367 10
367 95
367 523
367 541
368 17
368 42
368 108
368 110
368 577
368 678
369 26
369 207
369 301
369 556
370 52
370 281
370 432
370 553
370 579
370 597
370 676
370 711
371 66
371 69
371 78
371 137
371 163
371 221
372 3
372 81
372 85
372 177
372 446
372 729
373 56
373 176
373 687
374 199
374 422
374 451
374 628
375 119
375 182
375 353
375 358
375 500
376 110
376 214
376 228
376 248
376 258
376 385
376 397
376 506
376 521
376 633
377 85
377 193
377 386
377 600
377 682
377 736
378 34
378 85
378 243
378 355
378 440
378 737
379 136
379 261
379 491
379 532
380 82
380 122
380 251
380 366
380 429
380 471
380 638
380 651
381 140
381 152
381 199
381 300
381 350
381 392
381 496
382 215
382 243
382 311
382 566
382 634
382 701
382 707
383 202
383 220
383 295
383 505
383 697
383 705
383 743
384 188
385 214
385 425
385 602
385 665
385 744
386 67
386 117
386 403
386 414
386 606
386 657
386 734
387 8
387 52
387 184
387 187
387 300
387 306
387 590
387 653
387 750
388 61
388 127
388 134
388 193
388 250
388 419
388 654
388 662
389 126
389 334
389 622
389 631
389 677
389 713
390 383
390 476
390 745
391 50
391 102
391 160
391 385
391 610
391 638
391 697
391 713
392 122
392 160
392 404
392 405
392 434
392 441
392 577
392 711
392 726
393 477
394 64
394 134
394 222
394 350
394 749
395 52
395 217
395 245
395 486
395 493
395 673
396 30
396 123
396 412
396 579
396 591
396 693
397 385
397 527
397 676
398 137
398 230
398 299
398 406
398 460
398 679
399 30
399 203
399 279
399 287
399 428
399 471
399 750
400 15
400 47
400 173
400 244
400 269
400 307
400 624
400 653
401 504
401 603
401 613
401 730
402 52
402 60
402 296
402 390
402 473
403 74
403 77
403 92
403 433
403 478
403 706
404 118
404 152
404 193
404 292
404 340
404 411
405 79
405 517
405 545
405 557
406 265
406 409
406 469
407 90
407 378
407 491
407 655
407 663
408 269
408 303
408 385
408 524
408 652
409 84
409 94
409 547
410 40
410 41
410 52
410 591
410 598
410 681
411 114
411 320
411 386
411 487
411 625
412 214
412 238
412 313
412 465
412 493
412 494
412 529
413 144
413 151
413 160
413 218
413 728
414 36
414 56
414 89
414 469
414 543
415 139
415 170
415 596
415 722
416 58
416 86
416 131
416 261
416 482
416 671
416 692
417 130
417 288
417 429
417 480
417 573
417 612
417 692
418 111
418 157
418 254
418 375
418 382
418 395
418 438
418 470
418 703
419 153
419 186
419 748
420 132
420 141
420 196
420 511
420 641
420 648
420 723
421 178
421 359
421 396
421 483
422 35
422 85
422 159
422 197
422 227
422 257
422 378
422 445
422 557
423 2
423 3
423 97
423 271
423 613
423 641
424 137
424 166
424 210
424 350
424 384
424 542
424 670
424 688
424 734
424 737
425 62
425 91
425 153
425 245
425 293
425 423
425 636
426 5
426 17
426 116
426 361
426 369
426 433
426 502
426 622
427 246
427 384
427 497
427 503
427 592
428 108
428 110
428 162
428 256
428 457
429 36
429 177
429 451
429 558
429 593
430 24
430 107
430 501
430 579
430 634
431 84
431 117
431 259
431 267
431 311
431 685
432 270
432 341
432 416
432 425
432 521
432 705
433 97
433 314
433 505
433 585
433 676
433 683
433 698
434 27
434 145
434 169
435 9
435 270
435 280
435 419
435 469
435 657
436 91
436 376
436 398
436 462
436 466
436 496
436 708
437 118
437 267
437 473
437 527
437 694
437 746
438 27
438 99
438 330
439 159
439 296
439 309
439 357
439 495
440 128
440 489
440 591
440 599
441 379
441 382
441 386
441 412
441 577
441 598
441 624
442 62
442 296
442 322
442 443
442 527
442 659
443 71
443 94
443 113
443 160
443 208
443 399
443 445
444 59
444 187
444 360
444 467
444 555
444 637
444 746
445 160
445 534
445 732
446 195
446 292
446 550
446 674
447 153
447 498
447 551
447 560
447 703
447 745
448 30
448 48
448 129
448 183
448 323
448 351
448 749
449 164
449 170
449 368
449 385
449 396
449 429
449 536
449 725
450 24
450 78
450 243
450 352
450 488
450 591
450 634
450 688
450 692
451 225
451 262
451 334
452 90
452 113
452 140
452 301
452 672
453 11
453 35
453 94
453 169
453 300
453 341
453 471
453 580
453 684
453 739
454 26
454 122
454 366
454 393
454 406
454 409
454 743
455 241
455 350
455 634
456 21
456 35
456 158
456 250
456 269
457 178
457 282
457 325
457 554
457 737
458 326
458 362
458 600
458 659
459 101
459 165
459 207
459 489
459 623
459 662
460 95
460 116
460 194
460 284
460 494
460 523
461 291
462 93
462 283
462 744
463 174
463 198
463 307
463 417
463 444
463 470
463 567
463 584
463 585
463 711
464 37
464 69
464 283
464 507
464 539
464 585
465 249
465 386
466 326
466 459
466 491
466 550
466 658
466 749
467 63
467 433
467 447
467 462
467 531
467 566
467 630
468 25
468 51
468 84
468 111
468 134
468 165
468 389
468 566
469 184
469 205
469 213
469 288
469 410
469 525
470 12
470 49
470 149
470 344
470 356
470 522
470 570
470 695
470 699
470 746
471 376
471 519
471 656
472 23
472 208
472 218
472 473
472 520
473 124
473 236
473 284
473 471
473 700
473 736
474 246
474 300
474 571
474 592
474 672
474 735
475 261
475 582
475 619
475 623
475 665
475 680
476 11
476 267
476 285
476 319
476 436
476 529
476 596
476 610
476 648
476 728
477 284
477 361
477 479
477 532
478 199
478 280
478 523
479 3
479 61
479 103
479 564
480 151
480 611
480 701
481 458
481 487
481 622
482 166
482 300
482 328
482 745
483 34
483 43
483 177
483 178
483 323
484 5
484 44
484 193
484 198
484 223
484 307
484 440
484 696
485 77
485 107
485 149
485 218
485 399
485 503
485 574
486 241
486 248
486 380
486 563
487 306
487 321
487 439
487 515
487 538
487 545
487 603
487 614
487 632
487 666
488 8
488 73
488 195
488 520
488 597
489 101
489 125
489 226
489 364
489 388
489 663
490 32
490 50
490 249
490 446
490 520
490 606
491 104
491 168
491 412
491 428
491 573
492 31
492 180
492 264
492 278
492 371
492 474
492 654
493 241
493 321
493 557
493 704
494 317
494 391
494 609
494 649
494 715
495 104
495 196
495 217
495 291
495 352
495 681
496 209
496 305
496 329
496 445
496 446
496 519
496 605
497 173
497 225
497 325
497 344
497 426
497 734
498 30
498 218
498 314
498 355
498 373
498 591
498 603
498 670
498 676
499 108
499 136
499 219
499 689
500 25
500 305
500 324
500 487
500 548
501 120
501 363
501 692
501 712
501 735
502 33
502 139
502 392
502 474
502 497
502 510
502 615
502 638
503 213
503 332
503 639
504 38
504 229
504 617
505 97
505 413
505 448
505 495
505 639
505 658
505 726
506 213
506 334
506 587
506 704
507 19
507 192
507 350
507 365
507 532
507 636
507 750
508 194
508 420
509 1
509 59
509 290
509 352
509 395
509 568
509 606
510 74
510 111
510 124
510 211
510 312
510 368
510 372
510 572
510 612
511 125
511 481
511 499
511 557
511 684
511 737
512 176
512 494
512 518
512 648
512 669
513 41
513 115
513 374
513 537
513 661
514 79
514 111
514 144
514 238
514 254
514 351
514 474
515 100
515 106
515 175
515 178
515 331
515 383
515 404
515 486
515 621
515 704
516 77
516 192
516 215
516 250
516 463
516 662
516 702
517 102
517 126
517 188
517 633
517 660
518 58
518 118
518 230
518 289
518 369
518 538
518 580
518 651
518 736
519 11
519 64
519 69
519 71
520 59
520 167
520 344
520 521
520 660
521 42
521 50
521 61
521 238
521 393
521 518
521 733
522 54
522 124
522 215
522 716
523 58
523 185
523 347
523 488
523 504
523 551
523 654
523 701
523 740
524 47
524 53
524 206
524 223
524 367
524 370
524 563
524 719
524 744
525 156
525 176
525 435
525 491
525 498
526 105
526 264
526 373
526 606
526 607
526 667
526 713
526 726
526 728
527 161
527 404
527 446
527 486
527 520
527 601
527 658
527 739
528 110
528 288
528 535
528 735
529 6
529 42
529 197
529 198
529 225
529 239
529 256
529 436
529 498
529 589
529 722
529 738
530 59
530 141
530 270
530 536
530 563
530 581
530 637
530 688
530 743
531 58
531 535
531 609
532 43
532 68
532 254
532 313
532 382
532 393
532 415
532 611
533 158
533 179
533 493
533 538
534 335
534 400
534 513
534 526
534 536
534 601
534 625
534 630
534 722
535 4
535 153
535 173
535 529
535 574
535 605
535 735
536 47
536 82
536 129
536 467
536 569
537 98
537 185
537 592
537 604
537 613
537 639
537 672
537 690
538 166
538 194
538 271
538 292
538 320
538 370
538 389
538 613
538 734
538 745
539 3
539 436
539 568
539 647
539 674
540 138
540 142
540 209
540 274
540 314
540 332
540 435
540 640
540 670
540 678
541 73
541 84
541 157
541 344
541 395
541 446
541 461
541 596
541 602
541 633
541 702
541 746
542 435
542 580
543 24
543 71
543 143
543 146
543 249
543 498
543 631
543 660
544 158
544 171
544 237
544 611
544 702
544 741
545 70
545 205
545 271
545 345
545 461
546 30
546 113
546 133
546 232
546 361
546 542
546 575
546 607
546 616
546 657
546 707
547 105
547 145
547 232
547 273
547 296
547 316
547 318
547 415
547 612
547 668
548 138
548 341
548 433
548 564
548 632
549 67
549 77
549 103
549 221
549 273
549 497
549 514
549 562
549 705
549 727
550 19
550 222
550 282
550 283
550 378
550 471
551 19
551 47
551 148
551 163
551 175
551 338
551 450
551 731
552 65
552 141
552 275
552 363
552 685
552 692
553 13
553 32
553 41
553 42
553 44
553 73
553 137
553 222
553 269
553 446
553 469
553 683
553 695
554 94
554 197
554 454
554 600
554 636
555 49
555 160
555 177
555 248
555 375
555 646
556 2
556 46
556 515
556 555
556 635
556 637
557 180
557 429
557 470
557 652
557 705
558 118
558 502
558 513
559 5
559 35
559 128
559 208
559 330
559 341
559 466
559 471
559 526
559 555
559 576
560 19
560 35
560 69
560 106
560 295
560 378
560 432
560 454
560 498
560 622
560 657
561 267
561 549
561 731
562 69
562 143
562 156
562 280
562 339
562 416
563 198
563 250
563 311
564 45
564 58
564 106
564 273
564 418
564 451
564 522
564 553
564 559
564 562
565 97
565 435
565 446
565 481
566 11
566 19
566 165
566 350
566 352
566 503
566 707
567 101
567 102
567 178
567 204
567 225
567 342
567 453
567 572
568 96
568 163
568 275
568 350
568 354
568 417
568 711
569 66
569 156
569 184
569 266
569 352
569 463
569 519
569 600
569 701
570 79
570 312
570 394
570 581
571 92
571 112
571 283
571 341
571 647
572 169
572 193
572 395
572 598
573 313
573 365
573 655
574 39
574 279
574 292
574 324
574 406
574 434
574 651
574 693
574 728
575 266
575 281
575 469
575 627
575 638
576 36
576 128
576 148
576 286
576 322
576 344
576 552
576 630
576 680
577 81
577 120
577 156
577 251
577 264
577 396
577 504
578 58
578 97
578 107
578 179
578 193
578 365
578 378
578 459
578 475
578 667
579 30
579 125
579 188
579 333
579 492
579 512
580 30
580 217
580 402
580 491
580 552
580 646
580 664
580 690
580 732
580 738
581 216
581 411
581 503
581 612
581 613
581 644
581 689
582 9
582 128
582 216
582 247
582 250
582 310
582 339
582 354
582 355
582 367
583 164
583 493
583 641
583 750
584 220
584 228
584 349
584 368
584 708
585 15
585 551
585 688
586 39
586 316
586 339
586 567
586 652
586 710
587 9
587 25
587 422
587 534
587 663
588 159
588 300
588 694
588 729
589 32
589 176
589 194
589 433
589 471
589 538
589 555
589 572
589 582
589 646
589 650
589 718
589 721
590 143
590 175
590 366
590 465
591 155
591 339
591 346
591 425
591 492
591 538
591 553
591 617
591 725
591 745
592 165
592 210
592 279
592 293
592 501
593 119
593 195
593 203
593 657
593 718
594 195
594 488
594 634
595 47
595 221
595 327
595 415
595 473
595 526
595 528
595 680
596 138
596 524
597 7
597 27
597 88
597 133
597 253
597 355
597 534
597 547
597 616
597 653
598 104
598 216
598 232
598 583
599 22
599 137
599 138
599 142
599 204
599 514
599 611
600 65
600 99
600 344
600 362
600 675
601 29
601 35
601 354
601 362
601 496
601 659
601 711
602 14
602 251
602 261
602 280
602 465
602 698
602 742
602 745
603 7
603 246
603 367
603 470
603 572
603 684
603 690
604 246
604 269
604 300
604 331
604 366
604 381
605 62
605 120
605 189
605 402
606 111
606 126
606 166
606 292
606 377
606 569
606 608
606 676
606 731
607 238
607 482
607 707
607 720
608 142
608 195
608 320
609 25
609 195
609 233
609 269
609 448
609 670
610 130
610 135
610 454
610 698
610 727
611 196
611 205
611 287
611 315
611 533
612 73
612 206
612 370
612 535
613 187
613 208
613 281
613 647
614 48
614 495
614 583
615 75
615 86
615 129
615 162
615 186
615 310
615 349
615 388
615 411
615 510
615 549
616 290
616 394
616 462
616 463
616 484
617 322
617 534
618 17
618 47
618 109
618 188
618 285
618 294
618 325
618 357
618 418
618 512
618 609
618 622
618 668
618 746
619 9
619 31
619 183
619 202
619 244
619 488
619 732
620 71
620 378
620 547
620 648
621 55
621 282
621 632
622 323
622 345
622 497
622 541
622 550
622 617
622 637
622 745
623 178
624 172
624 217
624 314
624 441
624 637
625 36
625 92
625 135
625 231
625 573
626 157
626 176
626 339
626 635
627 83
627 153
627 376
627 464
627 554
627 573
627 601
628 2
628 54
628 63
628 108
628 114
628 267
628 652
628 749
629 46
629 161
629 281
629 372
629 402
629 431
629 509
629 637
630 150
630 192
630 231
630 307
630 430
630 740
631 154
631 268
631 273
631 431
631 526
632 6
632 191
632 218
632 237
632 263
632 324
632 452
632 473
632 692
632 704
633 117
633 392
633 551
633 563
633 644
634 9
634 97
634 312
634 346
634 500
634 575
635 7
635 25
635 126
635 155
635 246
635 339
636 7
636 62
636 226
636 275
636 279
636 343
636 476
636 711
637 67
637 97
637 264
637 357
637 517
637 555
637 591
638 34
638 36
638 355
638 587
638 648
639 23
639 143
639 161
639 180
639 537
639 554
639 719
640 22
640 41
640 66
640 326
640 370
640 392
640 477
640 547
640 672
641 69
641 225
641 248
641 348
641 360
641 385
641 516
641 682
642 216
642 221
642 306
642 341
642 526
643 199
643 221
643 332
643 405
643 572
643 617
644 98
644 259
644 370
644 372
644 385
644 734
645 245
645 465
645 511
645 629
646 235
646 285
646 632
646 661
646 663
646 743
647 22
647 94
647 411
648 42
648 371
648 517
648 519
648 566
648 606
648 627
648 723
649 145
649 349
650 56
650 158
650 231
650 465
651 167
651 182
651 214
651 734
652 21
652 129
652 287
652 506
652 519
652 521
652 622
653 162
653 350
653 608
653 697
654 46
654 47
654 154
654 481
654 506
654 558
655 57
655 99
655 112
655 148
655 306
655 329
656 47
656 87
656 136
656 174
656 200
656 488
656 711
657 252
657 398
657 505
657 625
657 677
657 703
658 194
658 416
658 485
658 544
658 660
658 673
658 735
659 82
659 231
659 390
659 461
659 512
659 519
659 563
660 61
660 214
660 366
660 618
660 671
661 136
661 507
661 662
661 692
662 57
662 243
662 336
662 511
662 513
663 51
663 441
663 453
663 537
663 573
664 218
664 312
664 447
664 469
664 473
664 550
664 599
665 24
665 351
665 443
665 653
666 126
666 189
666 337
666 346
666 433
666 663
668 2
668 205
668 366
668 375
668 525
668 549
668 591
669 126
669 243
669 436
669 557
669 565
669 647
669 739
670 143
670 290
670 447
670 642
671 12
671 157
671 415
671 457
671 709
672 205
672 272
672 328
672 409
672 485
672 500
672 524
672 583
672 738
673 45
673 174
673 203
673 277
673 441
673 447
674 22
674 173
674 184
674 218
674 337
674 354
674 443
674 495
674 700
675 91
675 160
675 268
675 330
675 476
675 528
675 561
675 565
675 656
676 7
676 117
676 197
676 289
676 557
677 51
677 159
677 427
677 516
677 541
677 573
677 661
678 152
678 219
678 327
678 540
678 577
678 701
678 736
678 739
678 745
679 34
679 178
679 212
679 334
679 367
679 417
679 509
679 648
680 248
680 457
680 492
680 696
680 750
681 286
681 532
681 610
681 664
681 693
682 37
682 180
682 322
682 397
682 447
683 60
683 154
683 320
683 343
683 660
684 35
684 364
684 498
684 591
685 602
685 660
686 58
686 198
686 216
686 381
686 433
686 447
686 504
686 628
686 666
686 737
687 281
687 318
687 338
687 559
687 692
688 167
688 335
689 44
689 453
689 489
689 618
690 8
690 95
690 518
691 14
691 35
691 148
691 174
691 211
691 291
691 367
691 519
692 240
692 248
692 456
692 497
692 745
693 176
693 181
693 559
693 596
694 41
694 212
694 371
694 440
694 501
694 713
694 718
695 205
695 214
695 323
695 400
695 442
695 651
696 70
696 121
696 159
696 236
696 453
696 486
696 499
697 355
697 362
698 84
698 179
698 335
698 482
698 559
698 614
698 684
699 86
699 573
699 631
700 28
700 322
700 456
700 475
700 544
701 28
701 218
701 398
701 426
701 531
701 549
701 671
702 196
702 237
702 303
702 330
702 358
702 388
702 585
703 125
703 207
703 327
703 469
704 15
704 73
704 129
704 201
704 250
704 460
704 617
704 640
704 657
705 42
705 134
705 252
705 525
705 599
706 32
706 173
706 431
706 506
706 684
706 732
707 299
707 333
707 336
707 427
707 581
707 601
708 66
708 78
708 107
708 184
708 241
708 252
708 385
709 118
709 147
709 296
709 727
710 93
710 190
710 319
710 428
710 522
710 595
710 653
711 123
711 172
711 422
711 514
711 515
711 661
711 685
712 313
712 351
712 356
713 100
713 227
713 255
713 266
713 380
713 407
714 51
714 55
714 178
714 371
714 525
714 552
714 575
715 93
715 672
715 673
715 737
716 172
716 385
716 395
716 454
716 481
716 749
717 100
717 369
717 372
717 468
717 504
717 591
718 110
718 191
718 280
718 300
718 555
719 174
719 219
719 239
719 322
719 348
719 460
719 594
720 86
720 371
720 443
720 550
721 212
721 427
721 439
721 540
722 420
722 537
722 545
723 324
723 338
723 354
723 382
723 416
723 584
724 10
724 74
724 79
724 139
724 183
724 189
724 356
724 375
724 519
724 526
724 544
724 546
724 589
724 631
725 143
725 358
725 367
725 625
725 732
726 90
726 164
726 218
726 245
726 426
726 592
726 650
726 674
727 206
727 420
727 544
727 556
727 693
728 18
728 211
728 381
728 471
728 485
728 532
728 641
729 43
729 103
729 177
729 246
729 266
729 285
729 454
729 511
729 647
730 3
730 73
730 77
730 434
730 506
730 650
730 701
731 410
731 542
731 544
732 11
732 433
732 474
733 306
733 370
733 380
733 646
734 259
734 320
734 327
734 372
734 374
734 420
734 511
734 574
734 602
734 626
734 639
734 661
735 129
735 163
735 291
735 514
736 613
736 690
736 745
737 129
737 434
737 451
737 673
738 66
738 68
738 78
738 152
738 265
738 538
738 695
738 706
738 742
739 249
739 389
739 413
739 421
739 455
739 553
740 202
740 332
740 396
740 604
740 665
741 334
741 380
741 386
741 479
741 526
741 711
742 179
742 196
742 367
742 448
742 562
742 615
743 41
743 114
743 143
743 424
743 457
743 638
743 646
744 345
744 418
744 469
744 547
744 587
744 696
745 71
745 83
745 85
745 134
745 189
745 312
745 388
745 507
745 516
745 577
745 684
746 209
746 224
746 343
746 344
746 396
746 617
746 703
747 199
747 320
747 370
747 581
747 630
747 651
747 657
748 116
748 135
748 248
748 343
748 376
748 427
748 566
748 700
749 94
749 483
749 529
749 625
749 739
750 103
750 132
750 262
750 297
750 348
750 610
750 679
