750
11897
1 8
1 48
1 74
1 145
1 180
1 234
1 279
1 377
1 425
1 476
1 524
1 531
1 567
1 636
1 638
2 99
2 104
2 203
2 239
2 263
2 412
2 431
2 463
2 503
2 539
2 559
2 566
2 578
2 595
2 646
2 661
3 52
3 134
3 136
3 152
3 153
3 164
3 190
3 200
3 228
3 239
3 262
3 342
3 385
3 490
3 673
3 690
3 715
3 721
4 77
4 121
4 217
4 235
4 241
4 258
4 402
4 403
4 433
4 493
4 528
4 531
4 575
4 590
4 663
4 671
4 688
4 744
5 114
5 141
5 190
5 314
5 320
5 486
5 548
5 549
5 568
5 582
5 613
5 619
5 646
6 40
6 118
6 121
6 232
6 293
6 413
6 428
6 496
6 581
6 721
7 34
7 108
7 112
7 144
7 216
7 243
7 261
7 270
7 273
7 317
7 456
7 530
7 570
7 572
7 629
7 673
7 714
7 748
8 41
8 129
8 174
8 242
8 279
8 285
8 305
8 395
8 419
8 459
8 491
8 569
8 599
8 618
8 666
8 686
8 718
9 29
9 127
9 203
9 240
9 243
9 296
9 451
9 472
9 477
9 619
9 661
9 726
10 16
10 68
10 81
10 107
10 212
10 224
10 265
10 271
10 418
10 504
10 545
10 578
10 593
10 611
10 621
10 731
11 4
11 83
11 142
11 183
11 292
11 310
11 492
11 500
11 526
11 649
11 678
11 679
11 737
12 43
12 94
12 101
12 105
12 106
12 150
12 193
12 231
12 264
12 304
12 391
12 443
12 511
12 544
12 593
12 627
12 678
12 699
12 739
13 130
13 179
13 284
13 303
13 415
13 430
13 495
13 548
13 577
13 682
13 685
14 117
14 132
14 177
14 183
14 186
14 208
14 276
14 286
14 303
14 326
14 392
14 421
14 458
14 485
14 504
14 523
14 589
14 595
14 637
14 638
14 645
14 647
14 712
14 737
15 57
15 74
15 124
15 147
15 169
15 270
15 279
15 290
15 331
15 349
15 355
15 376
15 380
15 417
15 421
15 461
15 465
15 523
15 569
15 588
15 640
15 660
15 684
15 699
16 49
16 130
16 172
16 185
16 187
16 207
16 262
16 284
16 285
16 290
16 456
16 509
16 533
16 542
16 583
16 619
16 670
16 672
16 742
17 54
17 61
17 62
17 105
17 165
17 183
17 236
17 295
17 304
17 385
17 398
17 462
17 531
17 539
17 548
17 673
17 697
17 710
17 725
18 82
18 95
18 151
18 214
18 363
18 518
18 528
18 549
18 557
18 593
18 615
18 637
18 699
18 727
19 59
19 92
19 99
19 144
19 172
19 309
19 317
19 327
19 351
19 413
19 456
19 634
20 44
20 66
20 74
20 101
20 108
20 205
20 211
20 216
20 230
20 284
20 296
20 299
20 343
20 382
20 403
20 415
20 519
20 526
20 576
20 635
21 76
21 119
21 283
21 288
21 292
21 452
21 494
21 531
21 565
21 599
22 75
22 85
22 112
22 125
22 135
22 158
22 297
22 428
22 504
22 523
22 537
22 557
22 592
22 677
22 696
22 708
22 735
23 35
23 75
23 242
23 255
23 324
23 388
23 457
23 508
23 510
23 543
23 546
23 715
24 111
24 182
24 228
24 254
24 296
24 349
24 361
24 396
24 475
24 567
24 602
24 656
24 720
25 56
25 166
25 207
25 209
25 270
25 326
25 334
25 440
25 455
25 600
25 652
25 717
25 733
26 28
26 45
26 92
26 115
26 353
26 400
26 421
26 482
26 513
26 534
26 588
26 596
26 628
26 651
27 98
27 140
27 166
27 170
27 279
27 319
27 332
27 345
27 373
27 387
27 391
27 421
27 490
27 550
27 610
27 697
27 720
28 102
28 115
28 138
28 246
28 254
28 311
28 317
28 322
28 413
28 474
28 507
28 527
28 560
28 627
28 654
28 662
28 686
29 1
29 27
29 138
29 224
29 257
29 281
29 284
29 300
29 313
29 328
29 344
29 533
29 623
29 686
29 696
29 718
29 733
29 742
30 42
30 100
30 120
30 193
30 241
30 272
30 346
30 400
30 442
30 445
30 547
30 629
30 718
31 8
31 76
31 105
31 131
31 168
31 181
31 206
31 220
31 231
31 339
31 340
31 375
31 388
31 441
31 462
31 505
31 540
31 689
32 16
32 44
32 62
32 66
32 135
32 197
32 245
32 291
32 296
32 343
32 424
32 490
33 25
33 36
33 121
33 254
33 263
33 265
33 318
33 328
33 391
33 406
33 442
33 449
33 471
33 527
33 621
33 652
33 662
33 720
34 38
34 162
34 190
34 225
34 268
34 332
34 411
34 451
34 488
34 494
34 517
34 545
34 591
34 649
34 695
34 725
35 49
35 64
35 76
35 182
35 211
35 223
35 236
35 301
35 317
35 415
35 539
35 546
35 717
36 10
36 84
36 105
36 109
36 187
36 223
36 268
36 358
36 391
36 413
36 589
36 592
36 620
36 664
36 713
36 718
37 58
37 112
37 120
37 163
37 235
37 294
37 360
37 393
37 414
37 438
37 512
37 540
37 548
37 718
38 7
38 124
38 142
38 193
38 285
38 392
38 427
38 462
38 552
38 562
38 565
38 615
38 618
38 658
38 702
39 98
39 171
39 209
39 300
39 323
39 329
39 386
39 401
39 408
39 420
39 441
39 451
39 512
39 553
39 585
39 635
39 648
39 719
40 51
40 77
40 283
40 366
40 415
40 483
40 503
40 504
40 526
40 570
40 624
40 652
40 662
40 663
40 696
41 113
41 138
41 146
41 178
41 200
41 246
41 253
41 295
41 366
41 569
41 595
41 621
41 656
41 701
41 709
42 9
42 49
42 52
42 234
42 304
42 320
42 401
42 471
42 542
42 545
42 566
42 604
42 638
42 663
43 13
43 29
43 79
43 148
43 152
43 154
43 157
43 163
43 168
43 187
43 209
43 290
43 325
43 335
43 379
43 407
43 409
43 433
43 446
43 480
43 491
43 516
43 548
43 558
43 628
43 732
44 109
44 148
44 224
44 260
44 374
44 444
44 514
44 516
44 555
44 585
44 625
44 644
44 662
44 701
44 706
45 100
45 134
45 191
45 199
45 220
45 380
45 597
45 634
45 663
45 682
46 1
46 135
46 143
46 145
46 238
46 275
46 276
46 406
46 455
46 668
46 681
46 717
47 3
47 23
47 53
47 83
47 128
47 146
47 244
47 268
47 428
47 430
47 482
47 489
47 598
47 642
47 704
48 13
48 54
48 139
48 170
48 173
48 240
48 284
48 296
48 306
48 390
48 428
48 482
48 517
48 642
48 653
48 693
49 15
49 30
49 255
49 292
49 339
49 349
49 434
49 449
49 509
50 13
50 33
50 45
50 52
50 105
50 174
50 190
50 213
50 244
50 265
50 303
50 345
50 496
50 510
50 511
51 62
51 194
51 266
51 278
51 292
51 318
51 322
51 337
51 388
51 401
51 409
51 433
51 436
51 468
51 544
51 606
51 636
52 23
52 72
52 75
52 90
52 123
52 136
52 226
52 228
52 308
52 312
52 322
52 581
52 596
52 614
52 654
53 148
53 184
53 290
53 326
53 409
53 527
53 545
53 625
53 662
53 674
53 713
54 32
54 47
54 61
54 99
54 238
54 290
54 314
54 325
54 349
54 356
54 448
54 454
54 472
54 549
54 560
54 598
54 602
54 614
54 629
54 656
54 660
54 684
54 748
55 85
55 135
55 154
55 210
55 229
55 288
55 323
55 357
55 364
55 412
55 421
55 495
55 607
55 740
55 748
56 16
56 153
56 182
56 331
56 345
56 372
56 393
56 421
56 424
56 434
56 437
56 447
57 23
57 54
57 72
57 87
57 92
57 190
57 211
57 237
57 315
57 347
57 425
57 449
57 550
57 585
57 715
58 67
58 69
58 77
58 109
58 194
58 201
58 231
58 232
58 331
58 344
58 376
58 377
58 465
58 489
58 501
58 521
58 535
58 706
58 714
59 32
59 97
59 105
59 214
59 231
59 293
59 334
59 353
59 355
59 404
59 475
59 596
59 684
59 688
60 53
60 98
60 276
60 429
60 535
60 629
60 729
60 739
61 114
61 176
61 191
61 192
61 209
61 301
61 385
61 392
61 393
61 465
61 481
61 483
61 517
61 559
61 603
61 657
61 730
62 46
62 51
62 71
62 171
62 187
62 235
62 283
62 293
62 367
62 553
62 601
62 620
62 687
63 72
63 266
63 277
63 316
63 416
63 500
63 520
63 527
63 587
63 594
63 699
63 731
64 24
64 72
64 151
64 245
64 384
64 446
64 478
64 508
64 539
64 541
64 609
64 649
64 682
64 695
64 705
64 716
64 737
64 749
64 750
65 47
65 52
65 81
65 131
65 178
65 179
65 206
65 282
65 307
65 312
65 376
65 381
65 493
65 510
65 550
65 598
65 615
65 698
65 707
65 727
66 23
66 46
66 78
66 93
66 98
66 108
66 148
66 152
66 238
66 302
66 464
66 512
66 604
66 647
66 699
67 106
67 158
67 170
67 203
67 227
67 290
67 352
67 365
67 383
67 393
67 514
67 590
67 594
67 688
67 698
68 39
68 59
68 162
68 236
68 295
68 321
68 351
68 363
68 405
68 434
68 446
68 447
68 519
68 561
68 573
68 592
68 629
68 726
69 8
69 109
69 179
69 214
69 230
69 321
69 435
69 462
69 485
69 565
69 592
69 654
69 660
69 724
70 97
70 105
70 234
70 318
70 451
70 469
70 474
70 671
70 694
70 719
71 48
71 94
71 189
71 217
71 293
71 332
71 354
71 418
71 492
71 627
71 646
71 657
71 673
71 720
72 19
72 56
72 153
72 250
72 296
72 391
72 412
72 541
72 598
72 658
72 705
73 120
73 129
73 137
73 164
73 197
73 275
73 292
73 346
73 596
73 611
73 652
73 711
74 2
74 32
74 70
74 109
74 173
74 197
74 209
74 211
74 261
74 285
74 352
74 368
74 385
74 419
74 479
74 518
74 568
74 616
74 618
74 622
74 727
74 739
75 3
75 193
75 216
75 225
75 236
75 305
75 410
75 420
75 448
75 560
75 564
75 655
76 5
76 29
76 61
76 137
76 325
76 434
76 498
76 547
76 601
76 626
76 635
76 661
76 738
77 9
77 130
77 164
77 196
77 329
77 383
77 430
77 472
77 552
77 625
77 643
77 666
77 667
77 677
77 716
77 720
78 52
78 69
78 181
78 190
78 204
78 220
78 291
78 363
78 412
78 414
78 416
78 427
78 440
78 466
78 609
78 614
78 658
78 699
79 14
79 38
79 70
79 150
79 168
79 206
79 221
79 304
79 327
79 338
79 346
79 503
79 540
79 557
79 623
80 50
80 132
80 142
80 190
80 216
80 305
80 368
80 403
80 411
80 422
80 511
80 532
80 536
80 567
80 577
80 617
80 745
81 28
81 45
81 102
81 164
81 171
81 211
81 232
81 238
81 395
81 535
81 571
81 667
81 685
81 701
82 63
82 81
82 115
82 121
82 209
82 214
82 370
82 385
82 427
82 467
82 491
82 493
82 499
82 514
82 543
82 564
82 649
82 712
83 268
83 270
83 403
83 443
83 448
83 459
83 491
83 503
83 530
84 45
84 138
84 160
84 200
84 215
84 238
84 267
84 307
84 327
84 437
84 444
84 466
84 553
84 567
84 590
84 657
84 724
84 734
84 738
84 750
85 16
85 49
85 129
85 147
85 179
85 211
85 293
85 304
85 412
85 452
85 500
85 502
85 509
85 536
85 735
86 26
86 46
86 212
86 254
86 286
86 300
86 314
86 326
86 337
86 344
86 413
86 429
86 516
86 530
86 557
86 629
86 672
86 674
87 18
87 29
87 79
87 81
87 95
87 141
87 364
87 368
87 447
87 476
87 492
87 516
87 617
87 643
87 667
87 734
88 27
88 44
88 113
88 177
88 228
88 258
88 270
88 398
88 409
88 499
88 597
88 690
88 728
89 66
89 129
89 130
89 246
89 253
89 294
89 350
89 351
89 373
89 391
89 539
89 551
89 606
89 668
89 739
90 77
90 79
90 197
90 290
90 294
90 333
90 491
90 597
90 611
90 704
90 738
91 23
91 32
91 55
91 64
91 96
91 108
91 163
91 217
91 250
91 254
91 283
91 363
91 423
91 437
91 548
91 554
91 571
91 591
91 688
92 22
92 159
92 214
92 220
92 351
92 362
92 404
92 412
92 453
92 617
92 672
92 730
93 8
93 39
93 116
93 133
93 183
93 187
93 312
93 388
93 435
93 453
93 468
93 586
93 636
93 645
93 661
93 671
93 684
93 691
93 694
93 746
94 35
94 91
94 141
94 201
94 310
94 340
94 379
94 414
94 418
94 427
94 472
94 488
94 505
94 523
94 546
94 581
94 584
94 657
94 685
95 103
95 106
95 126
95 139
95 237
95 263
95 319
95 396
95 495
95 527
95 577
95 604
95 622
95 713
96 33
96 130
96 142
96 165
96 182
96 210
96 253
96 287
96 426
96 456
96 480
96 537
96 551
96 561
96 603
96 651
97 27
97 35
97 38
97 70
97 195
97 217
97 355
97 369
97 393
97 473
97 481
97 524
97 718
98 44
98 52
98 103
98 111
98 131
98 189
98 203
98 205
98 252
98 267
98 336
98 461
98 503
98 515
98 546
98 597
98 630
98 636
98 737
98 744
99 41
99 77
99 108
99 170
99 188
99 233
99 254
99 258
99 278
99 288
99 292
99 326
99 452
99 497
99 567
99 575
99 685
99 703
99 733
99 742
100 19
100 97
100 109
100 117
100 219
100 281
100 287
100 330
100 362
100 434
100 442
100 454
100 535
100 597
100 659
101 61
101 123
101 191
101 223
101 254
101 292
101 305
101 361
101 509
101 523
101 571
101 708
102 29
102 39
102 70
102 93
102 104
102 151
102 182
102 201
102 213
102 269
102 292
102 296
102 343
102 375
102 396
102 439
102 502
102 516
102 566
102 626
102 641
103 9
103 99
103 108
103 131
103 270
103 287
103 348
103 378
103 402
103 461
103 496
103 639
103 684
104 29
104 35
104 46
104 47
104 97
104 250
104 266
104 319
104 322
104 437
104 530
104 550
104 553
104 638
104 671
105 140
105 225
105 302
105 518
105 532
105 620
105 623
105 651
105 689
106 83
106 102
106 111
106 174
106 189
106 195
106 242
106 493
106 510
106 580
106 602
106 667
106 674
107 68
107 69
107 79
107 91
107 99
107 114
107 120
107 254
107 281
107 320
107 337
107 396
107 511
107 522
107 545
107 624
107 632
107 702
107 741
107 749
108 72
108 83
108 116
108 119
108 189
108 198
108 285
108 308
108 311
108 403
108 493
108 509
108 616
108 646
108 648
108 700
108 707
108 729
108 737
109 52
109 65
109 106
109 145
109 318
109 372
109 476
109 525
109 686
109 717
109 720
110 6
110 71
110 250
110 330
110 440
110 448
110 523
110 675
110 711
110 740
111 29
111 58
111 105
111 106
111 220
111 234
111 274
111 282
111 300
111 353
111 372
111 391
111 408
111 427
111 555
111 581
111 592
111 618
111 706
112 3
112 23
112 25
112 37
112 55
112 61
112 107
112 136
112 221
112 223
112 363
112 415
112 424
112 446
112 522
112 523
112 616
112 685
113 50
113 161
113 239
113 283
113 285
113 414
113 421
113 422
113 448
113 460
113 491
113 512
113 522
113 535
113 627
113 680
113 700
113 735
114 126
114 151
114 180
114 217
114 273
114 360
114 448
115 19
115 64
115 151
115 210
115 358
115 483
115 517
115 600
115 690
115 733
116 13
116 14
116 16
116 75
116 110
116 188
116 248
116 308
116 324
116 348
116 401
116 473
116 476
116 509
116 533
116 682
116 698
116 707
116 717
117 77
117 92
117 150
117 179
117 189
117 209
117 254
117 272
117 375
117 450
117 574
117 580
118 36
118 68
118 91
118 99
118 103
118 141
118 148
118 159
118 171
118 172
118 178
118 246
118 279
118 281
118 294
118 299
118 301
118 305
118 320
118 393
118 548
118 663
119 35
119 146
119 220
119 296
119 322
119 325
119 418
119 471
119 480
119 559
119 683
119 730
120 15
120 109
120 204
120 223
120 297
120 303
120 335
120 349
120 365
120 420
120 481
120 531
120 562
120 594
120 595
120 627
120 632
120 648
120 682
121 1
121 30
121 80
121 101
121 110
121 245
121 246
121 255
121 339
121 409
121 516
121 617
121 622
121 641
121 655
121 668
121 672
121 685
121 708
121 746
121 748
122 129
122 217
122 226
122 257
122 265
122 458
122 540
122 552
122 575
122 576
122 629
123 54
123 180
123 228
123 234
123 334
123 358
123 527
123 583
123 619
123 641
123 694
124 22
124 139
124 269
124 336
124 367
124 427
124 453
124 640
124 701
124 717
125 106
125 108
125 131
125 297
125 395
125 478
125 545
125 557
125 601
125 638
125 663
125 724
125 726
126 1
126 81
126 83
126 92
126 120
126 221
126 284
126 319
126 341
126 360
126 424
126 444
126 501
126 505
126 525
126 541
126 542
126 560
126 572
126 648
126 670
127 13
127 118
127 125
127 212
127 251
127 258
127 282
127 326
127 340
127 407
127 458
127 635
127 677
127 681
128 14
128 17
128 60
128 188
128 197
128 240
128 249
128 309
128 314
128 359
128 367
128 410
128 434
128 449
128 455
128 519
128 560
128 575
128 595
128 622
128 648
128 742
129 9
129 24
129 90
129 180
129 197
129 233
129 263
129 308
129 364
129 368
129 484
129 522
129 523
129 528
129 549
129 563
129 585
129 622
129 639
129 641
129 643
129 679
129 708
130 11
130 117
130 163
130 279
130 385
130 395
130 431
130 432
130 484
130 513
130 598
130 620
130 654
130 675
130 679
130 682
130 684
130 705
131 14
131 40
131 69
131 106
131 187
131 220
131 227
131 247
131 309
131 357
131 372
131 387
131 426
131 449
131 524
131 538
131 642
131 698
132 31
132 40
132 74
132 91
132 167
132 234
132 298
132 320
132 418
132 473
132 508
132 521
132 527
132 541
132 548
132 557
132 563
132 580
132 695
133 34
133 79
133 140
133 187
133 212
133 215
133 221
133 233
133 343
133 393
133 425
133 447
133 452
133 478
133 485
133 532
133 596
133 609
133 610
133 634
133 660
133 695
133 696
133 704
134 38
134 66
134 78
134 82
134 100
134 132
134 241
134 286
134 316
134 333
134 361
134 380
134 384
134 477
134 479
134 490
134 536
134 659
134 687
135 65
135 72
135 198
135 203
135 209
135 218
135 231
135 253
135 309
135 348
135 373
135 470
135 485
135 566
135 746
136 17
136 86
136 147
136 223
136 241
136 405
136 419
136 428
136 475
136 504
136 649
136 670
136 685
137 19
137 118
137 206
137 292
137 341
137 407
137 418
137 419
137 457
137 469
137 501
137 550
137 620
137 631
137 673
137 744
138 1
138 47
138 70
138 107
138 139
138 168
138 176
138 242
138 335
138 412
138 468
138 540
138 542
138 630
138 641
138 666
138 672
138 699
138 732
139 10
139 61
139 75
139 94
139 98
139 106
139 156
139 175
139 253
139 291
139 295
139 303
139 363
139 384
139 406
139 489
139 509
139 514
140 27
140 29
140 36
140 44
140 84
140 104
140 106
140 155
140 168
140 216
140 217
140 348
140 398
140 427
140 455
140 530
140 538
140 588
140 702
140 749
141 89
141 111
141 137
141 154
141 210
141 259
141 260
141 269
141 312
141 352
141 518
141 525
141 680
141 742
141 745
142 151
142 202
142 308
142 344
142 367
142 372
142 392
142 456
142 558
142 586
142 655
142 720
143 12
143 30
143 94
143 191
143 312
143 332
143 488
143 543
144 33
144 46
144 94
144 98
144 138
144 190
144 202
144 242
144 258
144 282
144 289
144 293
144 303
144 320
144 333
144 357
144 516
144 522
144 546
144 696
144 720
144 723
145 25
145 91
145 97
145 137
145 157
145 182
145 212
145 221
145 229
145 234
145 302
145 312
145 327
145 340
145 346
145 462
145 463
145 478
145 520
145 542
145 561
145 580
145 582
145 588
145 595
145 612
145 676
145 716
146 105
146 220
146 244
146 247
146 258
146 286
146 308
146 350
146 381
146 397
146 418
146 427
146 465
146 470
146 499
146 672
146 688
147 48
147 63
147 65
147 67
147 81
147 101
147 123
147 172
147 201
147 287
147 294
147 328
147 341
147 389
147 416
147 477
147 500
147 507
147 539
147 551
147 668
147 679
148 6
148 44
148 68
148 118
148 152
148 153
148 294
148 338
148 404
148 520
148 531
148 590
148 685
148 705
148 725
148 744
149 25
149 32
149 42
149 44
149 49
149 184
149 194
149 202
149 283
149 328
149 351
149 363
149 391
149 425
149 443
149 550
149 552
149 563
149 576
149 583
149 596
149 643
149 646
149 702
149 728
150 126
150 129
150 294
150 405
150 431
150 484
150 511
150 549
150 640
150 719
150 742
151 1
151 30
151 43
151 78
151 80
151 142
151 254
151 261
151 278
151 285
151 360
151 450
151 463
151 479
151 563
151 573
151 713
152 9
152 18
152 64
152 103
152 109
152 146
152 222
152 305
152 347
152 359
152 405
152 413
152 437
152 505
152 551
152 586
152 627
152 640
152 648
152 672
152 725
153 117
153 178
153 277
153 319
153 394
153 406
153 422
153 459
153 480
153 612
153 652
153 684
153 703
154 60
154 63
154 146
154 199
154 254
154 312
154 358
154 367
154 397
154 400
154 403
154 568
154 605
154 619
154 651
154 654
155 7
155 52
155 55
155 64
155 119
155 152
155 174
155 267
155 331
155 374
155 457
155 500
155 545
155 595
155 612
155 660
155 685
155 689
155 714
156 10
156 136
156 378
156 391
156 401
156 457
156 462
156 487
156 496
156 506
156 585
156 609
156 647
156 676
156 721
157 35
157 127
157 145
157 204
157 219
157 228
157 283
157 300
157 349
157 382
157 433
157 483
157 624
157 632
157 680
157 685
157 694
157 713
157 728
157 732
158 44
158 117
158 241
158 324
158 330
158 381
158 398
158 418
158 472
158 525
158 554
158 557
158 562
158 596
158 613
158 621
158 643
158 647
158 660
158 674
158 680
158 697
159 122
159 181
159 190
159 197
159 222
159 351
159 471
159 478
159 546
159 561
159 677
159 689
159 696
159 698
159 715
160 9
160 56
160 233
160 269
160 337
160 355
160 409
160 517
160 528
161 54
161 141
161 205
161 253
161 266
161 322
161 331
161 361
161 369
161 375
161 383
161 396
161 498
161 524
161 564
161 600
161 635
161 637
161 713
161 726
162 9
162 19
162 43
162 101
162 103
162 136
162 163
162 402
162 410
162 420
162 496
162 560
162 641
162 643
162 659
162 690
162 747
163 81
163 88
163 143
163 150
163 209
163 218
163 289
163 336
163 403
163 416
163 537
163 542
163 583
163 607
163 665
163 669
164 25
164 70
164 209
164 210
164 318
164 515
164 539
164 587
164 589
164 634
165 85
165 113
165 143
165 156
165 172
165 176
165 183
165 210
165 292
165 314
165 368
165 388
165 398
165 468
165 513
165 626
165 708
165 730
165 734
165 739
165 740
166 181
166 271
166 292
166 314
166 453
166 471
166 476
166 501
166 507
166 508
166 528
166 551
166 588
166 606
166 678
166 720
167 2
167 20
167 29
167 42
167 132
167 205
167 298
167 313
167 322
167 340
167 409
167 472
167 519
167 566
167 600
167 622
167 662
168 24
168 48
168 115
168 206
168 249
168 267
168 300
168 328
168 406
168 448
168 491
168 537
168 705
169 19
169 109
169 138
169 177
169 213
169 378
169 387
169 417
169 424
169 454
169 466
169 478
169 501
169 545
169 580
169 627
169 737
170 10
170 15
170 116
170 169
170 212
170 221
170 251
170 304
170 342
170 343
170 355
170 373
170 386
170 454
170 461
170 524
170 535
170 579
170 613
170 637
170 653
170 676
170 679
170 689
170 741
171 17
171 19
171 73
171 257
171 263
171 287
171 288
171 316
171 359
171 372
171 382
171 409
171 444
171 453
171 472
171 521
171 557
171 575
171 616
171 618
171 717
171 730
171 744
172 6
172 85
172 130
172 174
172 216
172 224
172 322
172 391
172 460
172 471
172 476
172 552
172 725
173 61
173 265
173 344
173 377
173 392
173 398
173 432
173 461
173 464
173 612
173 639
173 653
173 722
173 732
173 741
174 11
174 30
174 41
174 110
174 190
174 195
174 266
174 274
174 276
174 342
174 413
174 455
174 482
174 525
174 578
174 623
174 675
174 727
175 20
175 22
175 56
175 69
175 129
175 266
175 278
175 381
175 428
175 472
175 602
175 658
176 27
176 50
176 57
176 84
176 171
176 191
176 225
176 250
176 340
176 404
176 449
176 458
176 514
176 544
176 615
176 634
176 637
176 714
177 8
177 70
177 113
177 372
177 521
177 568
177 587
177 614
177 622
177 635
177 698
177 706
178 9
178 22
178 57
178 58
178 91
178 127
178 260
178 271
178 282
178 352
178 458
178 466
178 542
178 592
178 645
178 716
178 722
179 79
179 225
179 233
179 240
179 456
179 609
179 690
180 33
180 112
180 144
180 159
180 198
180 202
180 218
180 255
180 265
180 268
180 346
180 498
180 519
180 591
180 652
180 658
180 661
180 708
180 750
181 64
181 79
181 146
181 157
181 210
181 297
181 326
181 329
181 399
181 492
181 537
181 546
181 568
181 569
181 610
181 635
181 748
182 19
182 36
182 120
182 222
182 227
182 278
182 360
182 476
182 589
183 76
183 119
183 242
183 248
183 510
183 518
183 566
183 573
183 582
183 630
183 739
184 60
184 136
184 211
184 314
184 330
184 540
184 543
184 566
184 587
184 722
185 1
185 72
185 92
185 131
185 177
185 193
185 252
185 300
185 506
185 512
185 550
185 575
185 577
185 598
185 618
185 653
185 662
185 744
186 7
186 107
186 118
186 119
186 121
186 189
186 240
186 251
186 277
186 295
186 373
186 380
186 520
186 524
186 565
186 645
186 677
187 112
187 138
187 203
187 228
187 267
187 275
187 299
187 452
187 485
187 530
187 626
187 644
187 718
187 736
188 62
188 65
188 146
188 182
188 205
188 266
188 267
188 281
188 289
188 319
188 386
188 410
188 561
188 647
188 656
188 667
188 744
189 5
189 16
189 38
189 41
189 56
189 132
189 167
189 186
189 201
189 388
189 459
189 468
189 571
189 654
189 727
190 12
190 20
190 23
190 38
190 76
190 84
190 95
190 182
190 346
190 467
190 538
190 569
190 596
190 672
190 717
191 41
191 83
191 142
191 268
191 273
191 349
191 396
191 399
191 401
191 496
191 572
191 605
192 56
192 94
192 119
192 160
192 358
192 386
192 450
192 480
192 489
192 614
192 632
192 645
192 657
193 1
193 21
193 38
193 82
193 181
193 185
193 304
193 313
193 342
193 356
193 457
193 539
193 615
193 651
193 669
193 677
193 704
194 8
194 43
194 84
194 93
194 152
194 175
194 205
194 214
194 234
194 290
194 330
194 376
194 405
194 412
194 492
194 496
194 531
194 532
194 534
194 545
194 551
194 572
194 600
194 614
194 631
195 165
195 256
195 295
195 321
195 368
195 434
195 457
195 480
195 496
195 557
196 80
196 187
196 209
196 253
196 286
196 364
196 443
196 619
196 657
196 694
196 713
196 746
197 151
197 182
197 252
197 256
197 329
197 389
197 526
197 588
198 94
198 116
198 162
198 189
198 232
198 237
198 241
198 265
198 358
198 378
198 417
198 516
198 569
198 627
198 656
198 663
198 740
198 744
199 134
199 272
199 319
199 321
199 370
199 482
199 509
199 658
199 691
199 727
200 2
200 32
200 67
200 87
200 123
200 152
200 153
200 195
200 233
200 255
200 276
200 284
200 289
200 310
200 352
200 485
200 490
200 535
200 605
200 637
200 648
200 661
200 682
200 699
200 721
201 68
201 75
201 127
201 141
201 197
201 296
201 327
201 365
201 386
201 408
201 414
201 439
201 483
201 509
201 530
201 537
201 578
201 628
201 643
201 669
201 679
201 701
201 703
202 2
202 223
202 316
202 375
202 400
202 463
202 520
202 542
202 628
203 22
203 104
203 232
203 297
203 314
203 394
203 711
204 30
204 81
204 136
204 152
204 257
204 307
204 354
204 366
204 427
204 434
204 447
204 490
204 544
204 576
204 589
204 629
204 738
204 739
205 57
205 82
205 125
205 154
205 160
205 165
205 230
205 291
205 346
205 353
205 354
205 370
205 455
205 581
205 596
205 617
205 635
205 702
205 711
206 40
206 81
206 146
206 158
206 271
206 300
206 305
206 344
206 360
206 394
206 460
206 516
206 550
206 561
206 721
206 733
207 51
207 110
207 130
207 141
207 144
207 170
207 215
207 361
207 384
207 392
207 430
207 577
207 579
207 630
207 682
207 696
207 730
208 62
208 180
208 194
208 230
208 269
208 283
208 354
208 355
208 387
208 411
208 424
208 525
208 553
208 557
208 612
208 638
208 712
208 735
209 27
209 50
209 96
209 145
209 233
209 241
209 289
209 389
209 400
209 412
209 433
209 456
209 457
209 466
209 467
209 473
209 628
209 678
210 40
210 106
210 152
210 233
210 234
210 279
210 307
210 374
210 446
210 483
210 493
210 550
210 666
210 703
211 15
211 22
211 104
211 107
211 177
211 210
211 238
211 342
211 406
211 437
211 461
211 579
211 660
211 669
211 725
212 16
212 91
212 112
212 156
212 168
212 227
212 322
212 357
212 378
212 428
212 474
212 507
212 538
212 559
212 652
212 682
212 740
213 5
213 21
213 115
213 275
213 330
213 351
213 424
213 457
213 463
213 530
213 663
213 686
213 698
213 727
214 24
214 27
214 121
214 122
214 167
214 184
214 326
214 383
214 411
214 725
215 64
215 84
215 96
215 200
215 203
215 218
215 235
215 285
215 314
215 377
215 398
215 417
215 488
215 551
215 559
215 628
215 659
215 707
215 727
216 18
216 21
216 28
216 123
216 174
216 230
216 256
216 266
216 307
216 339
216 365
216 367
216 419
216 496
216 592
216 666
216 705
216 749
217 56
217 98
217 105
217 127
217 202
217 222
217 260
217 286
217 357
217 408
217 439
217 497
217 528
217 531
217 581
217 663
217 671
217 715
218 74
218 111
218 137
218 141
218 222
218 293
218 396
218 406
218 408
218 453
218 469
218 474
218 478
218 479
218 482
218 528
218 549
218 550
218 632
218 663
218 678
218 699
218 705
218 714
218 734
219 84
219 86
219 165
219 174
219 229
219 397
219 433
219 436
219 470
219 510
219 548
219 591
219 612
219 736
219 748
220 18
220 36
220 124
220 130
220 211
220 242
220 306
220 323
220 369
220 398
220 406
220 453
220 553
220 588
220 646
220 685
220 726
220 743
221 12
221 156
221 216
221 238
221 398
221 442
221 462
221 561
221 634
221 651
221 700
221 726
222 23
222 24
222 82
222 145
222 201
222 325
222 337
222 499
222 579
222 607
222 684
222 695
223 50
223 59
223 99
223 141
223 297
223 310
223 417
223 448
223 477
223 505
223 544
223 625
223 690
224 8
224 41
224 45
224 58
224 63
224 71
224 83
224 101
224 113
224 146
224 177
224 188
224 223
224 255
224 271
224 281
224 297
224 299
224 322
224 368
224 421
224 429
224 454
224 655
224 676
224 725
224 748
225 22
225 123
225 144
225 149
225 152
225 159
225 173
225 176
225 235
225 245
225 279
225 305
225 485
225 510
225 518
225 622
225 638
225 658
225 682
225 690
225 701
225 717
226 81
226 123
226 231
226 295
226 309
226 330
226 354
226 387
226 389
226 390
226 470
226 505
226 540
226 550
226 573
226 601
226 603
226 663
227 49
227 59
227 195
227 196
227 285
227 327
227 362
227 426
227 435
227 454
227 525
227 565
227 735
228 81
228 98
228 250
228 385
228 429
228 480
228 521
228 714
229 31
229 58
229 94
229 150
229 222
229 274
229 298
229 355
229 359
229 365
229 423
229 425
229 430
229 455
229 491
229 537
229 553
229 574
229 622
229 635
229 671
229 688
230 75
230 106
230 171
230 266
230 325
230 452
230 487
230 498
230 704
231 2
231 52
231 77
231 89
231 94
231 144
231 300
231 325
231 328
231 336
231 423
231 435
231 537
231 573
231 589
231 634
231 643
231 648
231 685
231 701
232 70
232 81
232 112
232 152
232 163
232 208
232 225
232 329
232 360
232 443
232 517
232 532
232 654
232 727
232 744
233 54
233 83
233 252
233 264
233 284
233 395
233 405
233 426
233 453
233 454
233 671
233 684
234 23
234 54
234 62
234 135
234 153
234 178
234 249
234 257
234 266
234 281
234 315
234 328
234 351
234 385
234 453
234 504
234 519
234 660
234 684
234 695
235 99
235 111
235 350
235 358
235 372
235 390
235 552
235 595
235 718
236 21
236 378
236 443
236 460
236 626
236 666
236 675
236 725
236 739
237 9
237 56
237 165
237 197
237 231
237 280
237 368
237 372
237 382
237 433
237 445
237 492
237 533
237 577
237 609
237 714
237 732
237 745
237 746
238 2
238 44
238 67
238 92
238 120
238 139
238 260
238 317
238 335
238 546
238 569
238 631
238 633
238 731
239 6
239 32
239 88
239 92
239 206
239 263
239 314
239 338
239 407
239 426
239 522
239 534
239 563
239 580
239 589
239 661
239 673
239 678
239 734
240 26
240 43
240 51
240 68
240 165
240 254
240 340
240 409
240 561
240 585
240 617
240 682
240 706
240 718
241 6
241 15
241 20
241 25
241 69
241 70
241 128
241 129
241 142
241 144
241 174
241 197
241 415
241 454
241 497
241 608
241 672
242 3
242 12
242 89
242 100
242 200
242 225
242 237
242 362
242 568
242 592
242 605
242 622
242 701
242 706
242 746
243 18
243 93
243 121
243 276
243 284
243 331
243 464
243 481
243 543
243 562
243 563
243 674
244 6
244 7
244 8
244 72
244 80
244 97
244 191
244 203
244 239
244 295
244 310
244 315
244 398
244 399
244 540
244 580
244 591
244 728
244 740
245 46
245 115
245 164
245 231
245 337
245 386
245 469
245 490
245 540
245 602
245 654
246 8
246 39
246 48
246 59
246 79
246 130
246 134
246 163
246 201
246 207
246 265
246 275
246 415
246 464
246 519
246 533
246 587
246 649
246 663
246 717
247 34
247 90
247 181
247 233
247 243
247 280
247 328
247 352
247 370
247 444
247 515
247 584
247 592
247 653
248 68
248 78
248 253
248 463
248 495
248 569
248 581
248 588
248 624
248 724
249 47
249 107
249 154
249 205
249 312
249 326
249 391
249 517
249 646
249 692
249 719
249 734
250 136
250 191
250 279
250 378
250 400
250 442
250 464
250 493
250 522
250 569
250 700
251 25
251 64
251 167
251 243
251 375
251 454
251 465
251 510
251 564
251 689
251 710
251 745
251 748
252 200
252 373
252 393
252 404
252 432
252 457
252 631
252 650
252 679
252 684
253 20
253 33
253 38
253 75
253 85
253 112
253 117
253 143
253 262
253 265
253 280
253 312
253 345
253 382
253 427
253 561
253 577
253 578
253 604
253 613
253 701
254 19
254 22
254 62
254 65
254 74
254 147
254 189
254 249
254 259
254 284
254 298
254 315
254 409
254 539
254 576
254 602
254 639
254 641
254 660
254 677
254 683
255 3
255 68
255 119
255 136
255 212
255 253
255 277
255 396
255 404
255 431
255 442
255 483
255 564
255 739
256 3
256 170
256 176
256 214
256 235
256 237
256 249
256 267
256 293
256 300
256 403
256 444
256 526
256 530
256 576
256 594
256 642
256 646
256 664
256 679
257 5
257 18
257 26
257 61
257 87
257 103
257 184
257 215
257 248
257 286
257 324
257 329
257 335
257 340
257 414
257 418
257 440
257 454
257 497
257 525
257 583
257 737
258 79
258 121
258 145
258 189
258 337
258 338
258 343
258 346
258 351
258 492
258 522
258 542
258 556
258 624
258 638
258 733
259 31
259 36
259 45
259 74
259 106
259 200
259 238
259 294
259 378
259 386
259 396
259 417
259 490
259 503
259 591
259 594
259 687
259 697
260 10
260 58
260 184
260 226
260 254
260 257
260 316
260 351
260 393
260 435
260 519
260 637
260 658
260 686
260 690
260 730
261 84
261 131
261 184
261 284
261 376
261 414
261 433
261 459
261 477
261 589
261 640
261 665
261 667
261 730
261 747
262 8
262 37
262 95
262 132
262 221
262 391
262 409
262 420
262 464
262 492
262 506
262 516
262 525
262 678
262 684
262 741
263 4
263 75
263 123
263 150
263 176
263 185
263 240
263 275
263 289
263 327
263 339
263 360
263 452
263 494
263 584
263 639
263 685
263 716
263 722
264 21
264 124
264 158
264 183
264 203
264 207
264 284
264 286
264 351
264 361
264 414
264 601
264 668
264 702
264 708
265 28
265 37
265 70
265 240
265 301
265 332
265 365
265 467
265 477
265 508
265 521
265 583
265 607
265 648
265 697
266 5
266 63
266 95
266 174
266 187
266 204
266 256
266 353
266 426
266 549
266 557
266 636
266 661
267 34
267 35
267 186
267 228
267 270
267 494
267 513
267 534
267 538
267 638
267 745
268 51
268 71
268 83
268 84
268 95
268 103
268 110
268 123
268 239
268 243
268 264
268 404
268 415
268 418
268 434
268 435
268 451
268 504
268 624
268 640
268 666
268 691
269 7
269 48
269 63
269 83
269 178
269 195
269 208
269 220
269 256
269 337
269 371
269 415
269 444
269 466
269 527
269 585
269 594
269 627
269 637
269 657
269 658
269 661
269 690
269 702
270 14
270 61
270 70
270 138
270 142
270 189
270 282
270 311
270 418
270 444
270 459
270 511
270 532
270 588
270 653
270 723
270 748
271 41
271 160
271 178
271 191
271 199
271 208
271 311
271 416
271 479
271 481
271 532
271 537
271 543
271 616
271 720
272 110
272 133
272 306
272 337
272 404
272 444
272 515
272 536
272 546
272 551
272 557
272 611
272 705
272 714
273 150
273 182
273 186
273 358
273 389
273 515
273 570
273 598
273 663
273 712
273 735
274 94
274 168
274 169
274 192
274 222
274 229
274 231
274 318
274 322
274 335
274 342
274 345
274 347
274 461
274 663
274 668
274 722
275 5
275 31
275 211
275 222
275 249
275 305
275 338
275 390
275 496
275 541
275 587
275 629
275 700
276 38
276 50
276 60
276 217
276 229
276 286
276 392
276 410
276 421
276 444
276 504
276 516
276 575
276 660
277 10
277 16
277 26
277 32
277 102
277 151
277 160
277 170
277 182
277 252
277 254
277 271
277 276
277 321
277 341
277 368
277 411
277 450
277 567
277 571
277 612
277 650
277 653
277 666
277 679
277 696
278 83
278 147
278 149
278 164
278 202
278 221
278 351
278 412
278 633
278 748
279 44
279 68
279 136
279 185
279 224
279 246
279 252
279 282
279 322
279 363
279 445
279 462
279 486
279 530
279 677
279 710
279 715
279 738
280 16
280 76
280 160
280 207
280 244
280 505
280 633
280 642
280 677
281 14
281 35
281 93
281 123
281 260
281 261
281 263
281 284
281 297
281 305
281 340
281 433
281 559
281 585
281 599
281 631
282 69
282 88
282 153
282 246
282 255
282 280
282 296
282 328
282 365
282 381
282 588
282 727
282 735
283 1
283 120
283 147
283 150
283 151
283 254
283 350
283 413
283 447
283 496
283 525
283 543
283 600
283 603
283 604
283 661
283 662
283 694
284 86
284 163
284 174
284 207
284 356
284 409
284 417
284 419
284 446
284 458
284 467
284 508
284 554
284 562
284 569
284 618
284 623
284 690
284 734
285 23
285 122
285 155
285 180
285 232
285 294
285 295
285 314
285 385
285 475
285 515
285 533
285 541
285 566
285 587
285 647
285 668
285 723
286 68
286 85
286 88
286 133
286 309
286 328
286 331
286 448
286 611
286 675
286 679
286 725
287 35
287 46
287 91
287 113
287 125
287 441
287 475
287 518
287 539
287 593
287 627
287 659
287 668
287 683
287 701
288 5
288 114
288 159
288 172
288 221
288 270
288 340
288 341
288 377
288 453
288 509
288 511
288 536
288 560
288 607
288 633
288 683
288 728
289 61
289 63
289 116
289 132
289 171
289 223
289 321
289 361
289 392
289 475
289 556
289 639
289 723
290 91
290 102
290 182
290 389
290 402
290 404
290 413
290 433
290 545
290 568
290 592
290 597
290 600
290 645
290 690
290 726
291 60
291 133
291 172
291 175
291 225
291 250
291 314
291 389
291 425
291 467
291 481
291 588
291 589
291 608
291 622
292 21
292 41
292 48
292 53
292 94
292 96
292 171
292 201
292 243
292 358
292 417
292 425
292 518
292 532
292 573
292 595
292 642
292 650
292 672
292 738
292 745
293 16
293 24
293 75
293 110
293 116
293 153
293 207
293 210
293 235
293 261
293 278
293 291
293 433
293 462
293 470
293 482
293 645
293 677
293 691
293 707
294 22
294 150
294 195
294 289
294 316
294 326
294 432
294 483
294 634
294 640
294 665
294 669
294 684
294 694
294 697
294 704
295 37
295 71
295 107
295 177
295 246
295 257
295 294
295 327
295 485
295 522
295 526
295 556
295 612
295 644
295 704
295 743
296 11
296 33
296 86
296 93
296 117
296 167
296 194
296 301
296 323
296 371
296 446
296 472
296 561
296 611
296 668
297 9
297 17
297 18
297 57
297 102
297 117
297 204
297 361
297 374
297 412
297 457
297 491
297 547
297 587
297 589
297 626
297 681
297 691
297 698
298 10
298 134
298 195
298 230
298 237
298 348
298 379
298 395
298 407
298 425
298 430
298 469
298 483
298 496
298 497
298 554
298 617
298 644
298 646
298 656
298 698
298 749
299 11
299 64
299 146
299 180
299 218
299 239
299 336
299 430
299 461
299 490
299 497
299 520
299 614
299 632
299 728
300 74
300 87
300 120
300 132
300 214
300 240
300 263
300 294
300 306
300 367
300 412
300 436
300 445
300 480
300 541
300 546
300 595
300 616
300 698
300 699
301 155
301 210
301 225
301 234
301 237
301 251
301 300
301 368
301 457
301 466
301 492
301 528
301 547
301 658
301 686
301 722
302 56
302 89
302 92
302 119
302 222
302 266
302 337
302 369
302 392
302 470
302 508
302 560
302 564
302 640
302 661
302 719
302 736
302 737
303 52
303 64
303 159
303 231
303 234
303 238
303 239
303 302
303 315
303 317
303 360
303 476
303 510
303 696
304 89
304 146
304 185
304 265
304 307
304 331
304 340
304 352
304 382
304 390
304 475
304 527
304 569
304 597
304 621
304 741
305 5
305 26
305 58
305 64
305 162
305 181
305 221
305 225
305 299
305 300
305 314
305 407
305 443
305 452
305 480
305 488
305 493
305 511
305 570
305 609
305 620
305 649
305 680
305 683
306 11
306 89
306 103
306 124
306 128
306 141
306 147
306 177
306 223
306 246
306 386
306 438
306 456
306 461
306 570
306 629
306 663
307 37
307 52
307 80
307 81
307 142
307 179
307 226
307 292
307 357
307 360
307 387
307 404
307 409
307 417
307 581
307 591
307 600
307 616
307 655
307 700
307 750
308 46
308 59
308 61
308 76
308 161
308 187
308 271
308 287
308 358
308 374
308 377
308 382
308 383
308 535
308 563
308 567
308 580
308 619
308 676
308 695
308 724
309 8
309 11
309 23
309 59
309 85
309 92
309 109
309 111
309 122
309 148
309 175
309 177
309 227
309 261
309 294
309 301
309 308
309 337
309 415
309 426
309 428
309 433
309 531
309 545
309 546
309 572
309 586
309 587
309 663
310 46
310 102
310 162
310 183
310 186
310 217
310 239
310 278
310 302
310 312
310 321
310 342
310 378
310 416
310 694
310 708
310 719
311 22
311 23
311 44
311 54
311 57
311 81
311 125
311 128
311 146
311 232
311 285
311 336
311 379
311 383
311 392
311 482
311 513
311 548
311 549
311 573
311 657
311 673
311 691
312 11
312 30
312 149
312 201
312 216
312 238
312 259
312 286
312 297
312 383
312 402
312 431
312 483
312 500
312 607
312 645
312 691
312 715
312 727
313 12
313 80
313 85
313 199
313 231
313 240
313 266
313 272
313 447
313 608
313 646
313 654
313 690
314 16
314 36
314 72
314 79
314 105
314 144
314 152
314 277
314 302
314 323
314 457
314 481
314 509
314 514
314 520
314 691
315 81
315 116
315 117
315 123
315 238
315 266
315 286
315 293
315 354
315 370
315 396
315 429
315 444
315 447
315 554
315 599
316 54
316 67
316 89
316 90
316 103
316 198
316 206
316 237
316 320
316 405
316 458
316 466
316 504
316 591
316 618
316 667
316 671
316 726
316 749
317 7
317 102
317 233
317 259
317 269
317 277
317 323
317 378
317 381
317 382
317 394
317 473
317 511
317 516
317 633
317 683
318 23
318 57
318 97
318 146
318 157
318 233
318 251
318 292
318 325
318 407
318 424
318 539
318 568
318 592
318 612
318 654
319 3
319 65
319 66
319 88
319 101
319 116
319 125
319 187
319 235
319 239
319 246
319 270
319 293
319 307
319 434
319 435
319 484
319 568
319 572
319 623
319 669
319 724
319 739
320 38
320 130
320 155
320 210
320 315
320 323
320 400
320 459
320 500
320 502
320 557
320 584
320 586
320 610
321 1
321 15
321 31
321 61
321 166
321 171
321 190
321 253
321 368
321 377
321 381
321 386
321 395
321 523
321 554
321 631
321 648
321 655
321 728
321 742
321 744
322 122
322 179
322 191
322 221
322 231
322 236
322 252
322 332
322 336
322 344
322 377
322 461
322 468
322 575
323 69
323 143
323 208
323 210
323 392
323 413
323 419
323 443
323 478
323 558
323 595
323 637
323 660
323 742
324 94
324 131
324 181
324 229
324 370
324 383
324 477
324 485
324 506
324 508
324 512
324 513
324 587
324 636
324 638
324 738
325 65
325 74
325 196
325 205
325 238
325 245
325 389
325 430
325 462
325 480
325 489
325 622
325 629
325 735
325 743
326 33
326 157
326 184
326 242
326 246
326 267
326 283
326 310
326 331
326 338
326 343
326 389
326 413
326 449
326 524
326 535
326 645
326 703
327 155
327 241
327 243
327 293
327 306
327 358
327 375
327 411
327 434
327 480
327 492
327 548
327 689
327 708
327 710
327 747
328 85
328 128
328 213
328 349
328 371
328 376
328 453
328 518
328 524
328 533
328 542
328 686
328 691
328 725
328 728
328 731
328 738
329 103
329 111
329 119
329 157
329 178
329 247
329 420
329 506
329 544
329 565
329 575
329 589
329 614
329 653
330 24
330 65
330 66
330 116
330 192
330 212
330 299
330 358
330 365
330 369
330 414
330 503
330 533
330 640
331 15
331 31
331 61
331 71
331 74
331 187
331 234
331 288
331 292
331 319
331 410
331 413
331 488
331 497
331 504
331 508
331 537
331 545
331 626
331 678
331 687
331 741
332 42
332 81
332 87
332 167
332 196
332 199
332 279
332 336
332 366
332 473
332 608
332 617
332 679
332 680
332 694
332 709
332 736
332 750
333 21
333 70
333 133
333 166
333 211
333 224
333 230
333 233
333 254
333 260
333 416
333 418
333 423
333 427
333 478
334 1
334 58
334 72
334 87
334 197
334 241
334 308
334 328
334 397
334 422
334 495
334 534
334 697
334 732
335 34
335 40
335 85
335 180
335 210
335 211
335 215
335 268
335 279
335 284
335 307
335 514
335 692
335 731
335 741
336 107
336 116
336 137
336 193
336 197
336 339
336 412
336 417
336 534
336 585
336 642
336 653
337 11
337 25
337 30
337 49
337 85
337 91
337 94
337 107
337 211
337 457
337 469
337 478
337 528
337 678
338 32
338 78
338 93
338 116
338 122
338 325
338 383
338 475
338 516
338 543
338 556
338 570
338 580
339 1
339 113
339 114
339 264
339 280
339 341
339 389
339 396
339 477
339 640
339 656
339 668
339 669
339 675
339 691
339 703
339 713
340 50
340 163
340 224
340 312
340 316
340 365
340 454
340 510
340 524
340 534
340 586
340 611
340 666
341 1
341 42
341 169
341 174
341 182
341 309
341 315
341 529
341 532
341 549
341 633
341 689
341 706
341 731
342 8
342 68
342 155
342 182
342 288
342 541
342 616
342 628
342 648
342 720
342 740
342 743
343 7
343 50
343 65
343 72
343 245
343 475
343 477
343 553
343 621
343 638
343 682
343 683
343 689
343 693
343 709
344 114
344 151
344 214
344 232
344 362
344 394
344 397
344 441
344 464
344 489
344 493
344 517
344 519
344 528
344 572
344 651
344 691
344 729
344 737
345 10
345 18
345 97
345 138
345 186
345 215
345 318
345 388
345 487
345 513
345 524
345 586
345 590
345 722
345 727
345 731
346 55
346 114
346 196
346 278
346 307
346 585
346 586
346 620
346 625
346 659
346 669
347 42
347 113
347 135
347 223
347 242
347 321
347 336
347 365
347 418
347 449
347 479
347 517
347 520
347 540
347 608
347 634
347 636
347 642
347 669
348 12
348 33
348 43
348 144
348 173
348 206
348 258
348 261
348 328
348 358
348 382
348 451
348 462
348 628
348 636
348 637
348 678
348 705
348 706
349 14
349 88
349 99
349 110
349 149
349 218
349 237
349 242
349 243
349 285
349 297
349 315
349 344
349 381
349 501
349 658
349 671
349 716
350 47
350 51
350 84
350 166
350 232
350 236
350 277
350 290
350 304
350 489
350 494
350 515
350 537
350 611
350 692
350 719
350 741
351 28
351 34
351 42
351 172
351 212
351 228
351 235
351 284
351 294
351 300
351 418
351 419
351 420
351 518
351 704
351 706
352 40
352 55
352 102
352 118
352 125
352 142
352 182
352 295
352 305
352 342
352 408
352 440
352 467
352 535
352 550
352 611
353 5
353 47
353 66
353 132
353 163
353 279
353 333
353 387
353 448
353 489
353 509
353 513
353 523
353 610
353 673
353 726
354 4
354 193
354 298
354 345
354 394
354 515
354 568
354 583
354 625
354 642
354 701
354 744
355 153
355 217
355 338
355 376
355 380
355 394
355 473
355 475
355 490
355 510
355 517
355 543
355 574
355 605
355 617
356 114
356 240
356 277
356 278
356 281
356 387
356 394
356 496
356 522
356 562
356 612
356 649
356 691
356 716
357 77
357 108
357 154
357 177
357 213
357 225
357 375
357 394
357 572
357 575
357 605
357 636
357 700
358 116
358 207
358 208
358 212
358 280
358 355
358 403
358 423
358 433
358 531
358 585
358 745
359 92
359 147
359 156
359 165
359 259
359 327
359 331
359 332
359 448
359 511
359 523
359 609
360 36
360 51
360 55
360 56
360 92
360 96
360 154
360 200
360 207
360 227
360 281
360 402
360 447
360 506
360 538
360 571
360 587
360 645
360 746
361 8
361 63
361 96
361 235
361 250
361 260
361 261
361 355
361 372
361 397
361 468
361 489
361 541
361 553
361 562
361 586
361 612
361 675
361 686
361 698
361 701
361 735
362 52
362 89
362 135
362 147
362 260
362 330
362 335
362 365
362 406
362 426
362 437
362 532
362 582
362 691
362 722
362 746
363 49
363 103
363 157
363 179
363 300
363 329
363 331
363 461
363 479
363 483
363 489
363 684
363 745
364 18
364 21
364 29
364 52
364 77
364 104
364 149
364 187
364 232
364 273
364 287
364 288
364 336
364 370
364 383
364 458
364 493
364 567
364 577
364 621
364 667
364 684
364 693
364 710
364 721
364 727
364 731
365 58
365 77
365 86
365 135
365 268
365 352
365 367
365 370
365 389
365 395
365 403
365 424
365 478
365 480
365 491
365 498
365 506
365 519
365 644
366 48
366 58
366 104
366 144
366 162
366 172
366 177
366 203
366 290
366 297
366 321
366 394
366 478
366 482
366 559
366 641
366 717
367 5
367 62
367 138
367 178
367 257
367 258
367 260
367 313
367 375
367 404
367 507
367 595
367 613
367 657
367 682
367 692
367 736
368 9
368 35
368 60
368 85
368 205
368 235
368 249
368 342
368 483
368 513
368 533
368 549
368 550
368 586
368 590
368 677
369 43
369 109
369 222
369 249
369 304
369 334
369 353
369 412
369 467
369 469
369 561
369 643
370 65
370 125
370 199
370 220
370 358
370 372
370 384
370 401
370 412
370 476
370 581
370 588
370 673
371 61
371 188
371 191
371 220
371 230
371 245
371 337
371 391
371 407
371 514
371 585
371 652
371 669
371 700
372 25
372 54
372 88
372 97
372 244
372 285
372 329
372 358
372 454
372 567
372 658
372 664
372 688
372 693
372 725
373 74
373 185
373 202
373 207
373 227
373 403
373 460
373 484
373 499
373 537
373 584
373 602
373 717
374 63
374 223
374 233
374 252
374 256
374 333
374 369
374 494
374 529
374 572
374 600
374 625
374 646
374 681
374 689
374 750
375 70
375 74
375 118
375 122
375 179
375 194
375 219
375 313
375 323
375 462
375 497
375 545
375 557
375 558
375 563
375 574
375 651
375 677
375 739
376 135
376 210
376 359
376 366
376 434
376 440
376 482
376 497
376 554
376 666
377 103
377 112
377 120
377 126
377 129
377 135
377 237
377 250
377 316
377 345
377 356
377 366
377 452
377 477
377 495
377 523
377 546
377 598
377 621
377 622
377 643
377 644
377 649
377 654
377 666
377 749
378 26
378 98
378 136
378 184
378 210
378 267
378 272
378 306
378 369
378 409
378 417
378 418
378 463
378 494
378 534
378 551
378 574
378 611
378 613
378 662
378 686
378 722
378 743
378 745
379 7
379 50
379 132
379 169
379 171
379 183
379 198
379 276
379 288
379 353
379 366
379 380
379 382
379 460
379 542
379 589
379 709
379 724
379 729
379 733
379 739
380 20
380 179
380 246
380 371
380 433
380 474
380 533
380 591
380 728
381 96
381 155
381 157
381 223
381 287
381 375
381 532
381 552
381 562
381 647
381 694
381 705
381 713
382 11
382 38
382 138
382 225
382 280
382 305
382 332
382 427
382 477
382 523
382 538
382 566
382 738
383 27
383 53
383 138
383 213
383 313
383 317
383 353
383 410
383 417
383 421
383 437
383 439
383 462
383 475
383 552
383 721
383 723
384 59
384 103
384 120
384 233
384 262
384 461
384 516
384 527
384 563
384 635
385 25
385 26
385 72
385 99
385 206
385 259
385 290
385 339
385 422
385 475
385 497
385 558
385 646
385 671
385 691
386 172
386 276
386 348
386 364
386 537
386 545
386 551
386 596
386 613
386 669
387 15
387 112
387 134
387 140
387 142
387 143
387 165
387 173
387 205
387 257
387 304
387 335
387 380
387 398
387 423
387 541
387 585
387 593
387 747
388 289
388 335
388 345
388 348
388 349
388 452
388 473
388 584
388 674
389 65
389 221
389 241
389 259
389 363
389 399
389 491
389 590
389 602
389 612
390 13
390 83
390 160
390 178
390 185
390 194
390 210
390 264
390 306
390 396
390 437
390 448
390 475
390 583
390 714
391 3
391 186
391 192
391 219
391 291
391 376
391 475
391 478
391 483
391 557
391 558
391 575
391 661
391 692
391 693
391 704
391 720
392 33
392 81
392 175
392 233
392 265
392 342
392 357
392 380
392 399
392 434
392 455
392 498
392 500
392 593
392 627
392 639
392 719
392 721
393 7
393 24
393 29
393 89
393 142
393 145
393 154
393 173
393 195
393 226
393 296
393 342
393 374
393 383
393 418
393 453
393 495
393 511
393 536
393 555
393 570
393 605
393 620
394 40
394 100
394 140
394 238
394 256
394 261
394 399
394 422
394 441
394 446
394 459
394 492
394 541
394 603
394 683
394 737
395 162
395 196
395 199
395 314
395 348
395 364
395 393
395 409
395 482
395 549
395 575
395 646
395 693
396 130
396 294
396 403
396 447
396 449
396 555
396 675
397 77
397 78
397 191
397 233
397 278
397 284
397 346
397 362
397 408
397 433
397 528
397 534
397 560
397 569
397 692
397 695
397 700
398 94
398 108
398 134
398 163
398 278
398 294
398 299
398 355
398 426
398 435
398 474
398 527
398 590
398 636
398 690
399 15
399 105
399 121
399 350
399 372
399 482
399 542
399 624
400 20
400 68
400 127
400 175
400 177
400 211
400 224
400 279
400 315
400 364
400 536
400 556
400 613
400 621
400 631
400 658
400 705
401 32
401 73
401 116
401 149
401 313
401 345
401 355
401 375
401 376
401 451
401 545
401 689
402 7
402 22
402 189
402 194
402 303
402 354
402 525
402 537
402 567
403 51
403 185
403 192
403 194
403 222
403 314
403 423
403 438
403 542
403 552
403 579
403 614
403 693
403 709
403 743
404 11
404 61
404 137
404 196
404 295
404 321
404 359
404 360
404 393
404 422
404 431
404 463
404 599
404 625
404 638
404 706
404 708
405 19
405 140
405 241
405 262
405 410
405 420
405 536
405 584
405 649
405 675
405 678
406 52
406 61
406 196
406 231
406 244
406 382
406 436
406 514
406 632
406 639
406 723
406 729
407 53
407 56
407 89
407 113
407 135
407 189
407 215
407 324
407 332
407 343
407 417
407 437
407 443
407 470
407 489
407 544
407 555
407 556
407 623
407 653
407 734
408 33
408 57
408 219
408 251
408 302
408 335
408 340
408 362
408 377
408 418
408 431
408 497
408 514
408 531
408 597
408 724
409 4
409 20
409 43
409 50
409 225
409 231
409 256
409 317
409 412
409 483
409 530
409 604
409 623
409 633
409 645
409 672
409 676
409 709
410 13
410 18
410 65
410 86
410 97
410 174
410 179
410 183
410 279
410 417
410 595
410 605
410 647
410 658
410 688
411 56
411 141
411 277
411 287
411 289
411 297
411 339
411 346
411 383
411 399
411 466
411 502
411 638
411 655
411 728
412 71
412 95
412 121
412 122
412 185
412 212
412 250
412 362
412 429
412 544
412 554
412 560
412 590
412 657
412 704
413 97
413 117
413 315
413 442
413 465
413 471
413 660
413 705
414 38
414 70
414 121
414 125
414 140
414 202
414 237
414 298
414 319
414 363
414 397
414 399
414 428
414 563
414 565
414 624
414 722
415 4
415 11
415 14
415 77
415 116
415 132
415 168
415 173
415 178
415 228
415 229
415 283
415 529
415 548
415 569
415 613
415 674
415 699
415 702
415 734
416 40
416 44
416 102
416 130
416 132
416 199
416 281
416 294
416 366
416 367
416 543
416 569
416 572
416 587
416 740
417 12
417 188
417 192
417 196
417 198
417 263
417 347
417 490
417 502
417 507
417 521
417 555
417 596
417 612
417 701
418 46
418 113
418 119
418 290
418 298
418 312
418 323
418 339
418 406
418 422
418 557
418 589
418 595
418 624
418 685
418 689
418 732
419 18
419 49
419 82
419 114
419 242
419 347
419 425
419 473
419 558
419 582
419 603
419 616
419 632
419 647
419 652
419 672
420 16
420 51
420 84
420 315
420 374
420 393
420 402
420 439
420 455
420 481
420 511
420 565
420 588
420 593
420 596
420 648
420 701
420 722
421 8
421 145
421 187
421 207
421 218
421 281
421 291
421 363
421 492
421 521
421 551
421 623
421 630
421 647
421 661
421 745
422 47
422 127
422 167
422 173
422 229
422 242
422 337
422 375
422 423
422 439
422 461
422 476
422 525
422 579
422 604
422 687
423 19
423 66
423 200
423 207
423 367
423 372
423 383
423 417
423 453
423 455
423 522
423 613
423 737
423 739
424 62
424 117
424 157
424 206
424 214
424 221
424 256
424 312
424 351
424 460
424 478
424 502
424 578
424 592
424 613
424 652
424 713
424 733
425 28
425 29
425 78
425 98
425 103
425 445
425 517
425 519
425 528
425 545
425 551
425 616
425 656
426 17
426 117
426 124
426 131
426 197
426 269
426 367
426 382
426 458
426 480
426 518
426 537
426 594
426 629
426 640
426 646
426 721
426 737
427 6
427 12
427 16
427 51
427 68
427 73
427 86
427 182
427 301
427 305
427 340
427 388
427 397
427 420
427 507
427 526
427 554
427 615
427 666
427 680
427 700
427 727
428 77
428 102
428 164
428 201
428 224
428 235
428 279
428 280
428 287
428 397
428 477
428 486
428 526
428 594
429 66
429 195
429 214
429 242
429 248
429 265
429 283
429 302
429 328
429 355
429 405
429 418
429 482
429 497
429 508
429 561
429 608
430 37
430 74
430 90
430 140
430 147
430 211
430 227
430 297
430 301
430 321
430 323
430 486
430 578
430 615
430 616
431 24
431 95
431 126
431 209
431 238
431 354
431 376
431 406
431 535
431 581
431 633
431 636
431 677
431 696
431 704
431 716
431 732
432 55
432 66
432 122
432 169
432 188
432 227
432 232
432 250
432 251
432 304
432 416
432 421
432 464
432 479
432 512
432 567
432 627
432 688
433 5
433 64
433 67
433 69
433 76
433 95
433 103
433 266
433 269
433 278
433 305
433 491
433 495
433 573
433 665
433 718
434 15
434 81
434 119
434 160
434 227
434 240
434 249
434 259
434 324
434 360
434 373
434 428
434 455
434 480
434 687
434 746
434 747
435 29
435 32
435 103
435 110
435 232
435 270
435 279
435 300
435 310
435 335
435 370
435 415
435 472
435 494
435 521
435 531
435 556
435 557
435 558
435 745
435 746
436 37
436 44
436 91
436 126
436 320
436 355
436 396
436 457
436 515
436 600
436 624
436 670
436 679
436 708
436 743
437 38
437 65
437 120
437 279
437 367
437 392
437 509
437 510
437 715
437 717
437 733
438 26
438 38
438 119
438 279
438 313
438 347
438 555
438 601
438 703
438 712
438 720
439 335
439 366
439 622
439 676
439 686
440 2
440 124
440 143
440 170
440 234
440 247
440 305
440 349
440 448
440 496
440 501
440 584
440 615
440 691
440 716
440 723
441 3
441 90
441 133
441 140
441 161
441 168
441 171
441 206
441 210
441 259
441 322
441 386
441 412
441 426
441 429
441 447
441 478
441 510
441 517
441 520
441 594
441 600
441 601
441 619
441 661
442 6
442 51
442 107
442 145
442 220
442 256
442 363
442 649
442 680
442 699
442 706
442 748
443 16
443 47
443 70
443 163
443 186
443 266
443 410
443 419
443 521
443 557
443 587
443 674
443 710
444 12
444 217
444 256
444 352
444 407
444 414
444 466
444 508
444 572
444 604
444 629
444 664
444 667
444 697
445 22
445 24
445 51
445 61
445 68
445 174
445 232
445 263
445 287
445 319
445 343
445 348
445 365
445 386
445 417
445 447
445 455
445 505
445 531
445 541
445 558
445 632
445 647
445 671
445 731
446 23
446 37
446 101
446 108
446 140
446 168
446 203
446 224
446 302
446 348
446 374
446 409
446 426
446 462
446 503
446 538
446 657
447 30
447 61
447 141
447 192
447 242
447 292
447 481
447 503
447 545
447 624
447 719
447 723
448 10
448 52
448 87
448 104
448 139
448 203
448 306
448 419
448 486
448 499
448 510
448 520
448 536
448 542
448 569
448 583
448 607
448 635
448 655
448 729
449 10
449 44
449 47
449 131
449 132
449 260
449 308
449 397
449 408
449 420
449 462
449 536
449 561
449 570
449 649
450 60
450 71
450 126
450 257
450 271
450 396
450 424
450 589
450 649
450 669
450 725
451 31
451 90
451 116
451 191
451 209
451 271
451 277
451 289
451 328
451 342
451 446
451 475
451 491
451 549
451 562
451 626
451 650
451 694
451 705
451 712
451 719
451 720
451 732
452 3
452 37
452 52
452 76
452 113
452 210
452 233
452 236
452 367
452 369
452 599
452 686
453 3
453 80
453 92
453 105
453 133
453 195
453 239
453 310
453 324
453 384
453 473
453 498
453 504
453 590
454 116
454 212
454 255
454 402
454 420
454 422
454 424
454 474
454 586
454 595
454 615
454 639
454 698
454 712
455 18
455 63
455 126
455 170
455 174
455 176
455 178
455 271
455 273
455 326
455 380
455 454
455 460
455 471
455 551
455 559
455 661
455 728
456 26
456 82
456 85
456 165
456 168
456 219
456 249
456 311
456 375
456 452
456 460
456 473
456 477
456 523
456 527
456 565
456 606
456 616
456 627
456 669
456 687
456 699
456 747
457 73
457 84
457 126
457 139
457 267
457 269
457 280
457 321
457 414
457 418
457 471
457 482
457 666
457 695
457 707
457 750
458 33
458 58
458 129
458 274
458 345
458 428
458 430
458 443
458 445
458 566
458 640
459 51
459 162
459 181
459 200
459 393
459 404
459 501
459 586
459 589
459 609
459 644
459 675
459 683
459 701
459 738
460 54
460 76
460 158
460 256
460 298
460 371
460 450
460 469
460 477
460 479
460 490
460 517
460 564
460 585
460 724
460 749
461 32
461 119
461 157
461 170
461 173
461 215
461 220
461 228
461 334
461 377
461 424
461 472
461 474
461 476
461 509
461 532
461 534
461 592
461 603
462 33
462 38
462 123
462 140
462 186
462 202
462 219
462 231
462 324
462 356
462 475
462 489
462 535
462 557
462 639
462 648
462 650
462 698
463 38
463 122
463 146
463 162
463 166
463 183
463 226
463 243
463 309
463 326
463 352
463 357
463 359
463 447
463 640
463 670
463 675
463 676
463 680
463 709
464 2
464 51
464 106
464 164
464 184
464 215
464 286
464 357
464 410
464 424
464 484
464 521
464 532
464 545
464 596
464 708
464 723
464 744
465 37
465 43
465 193
465 253
465 292
465 383
465 441
465 475
465 502
465 648
465 670
465 706
465 707
466 25
466 136
466 171
466 179
466 378
466 396
466 489
466 549
466 555
466 572
466 601
466 650
466 685
467 19
467 82
467 131
467 139
467 209
467 250
467 525
467 548
467 557
467 567
467 587
467 593
467 600
467 644
468 47
468 90
468 115
468 163
468 181
468 186
468 190
468 205
468 219
468 277
468 286
468 291
468 370
468 407
468 425
468 446
468 474
468 599
468 607
468 627
468 734
469 57
469 69
469 121
469 165
469 251
469 366
469 390
469 401
469 405
469 538
469 542
469 565
469 626
469 633
469 671
469 677
469 717
470 35
470 57
470 162
470 229
470 277
470 313
470 321
470 339
470 383
470 395
470 416
470 564
470 583
470 641
470 707
470 722
471 51
471 55
471 81
471 105
471 124
471 140
471 154
471 246
471 326
471 510
471 541
471 557
472 73
472 181
472 198
472 221
472 371
472 374
472 382
472 411
472 421
472 468
472 560
472 705
472 724
473 10
473 14
473 55
473 171
473 248
473 276
473 530
473 585
473 594
473 616
473 679
474 18
474 112
474 129
474 248
474 265
474 344
474 375
474 395
474 403
474 414
474 452
474 518
474 563
474 620
474 647
474 703
475 31
475 51
475 88
475 111
475 113
475 154
475 263
475 352
475 385
475 404
475 496
475 499
475 503
475 578
475 605
475 606
475 726
476 33
476 106
476 168
476 228
476 256
476 329
476 381
476 439
476 454
476 497
476 526
476 594
476 651
476 665
476 744
477 21
477 60
477 122
477 154
477 235
477 329
477 396
477 517
477 522
477 525
477 605
477 655
477 683
477 693
477 706
477 729
478 29
478 42
478 45
478 62
478 72
478 152
478 222
478 269
478 326
478 360
478 361
478 365
478 447
478 498
478 501
479 45
479 71
479 94
479 126
479 168
479 186
479 248
479 268
479 292
479 485
479 523
479 642
479 712
479 726
480 11
480 18
480 174
480 203
480 271
480 478
480 579
480 674
481 10
481 20
481 26
481 38
481 45
481 160
481 169
481 187
481 213
481 248
481 334
481 401
481 416
481 453
481 483
481 650
481 681
481 707
482 60
482 107
482 147
482 164
482 173
482 181
482 248
482 256
482 288
482 328
482 495
482 521
482 531
482 545
482 554
482 563
482 604
482 609
482 671
482 677
483 35
483 55
483 69
483 292
483 412
483 480
483 560
483 585
483 593
483 609
483 640
483 687
484 48
484 105
484 185
484 363
484 418
484 447
484 465
484 509
484 654
484 698
484 707
484 714
484 721
485 25
485 30
485 46
485 100
485 201
485 336
485 351
485 461
485 602
485 652
485 730
485 739
486 27
486 29
486 130
486 174
486 196
486 213
486 297
486 341
486 396
486 405
486 460
486 465
486 566
486 586
486 589
486 599
486 621
486 714
486 725
487 54
487 90
487 191
487 252
487 254
487 415
487 420
487 444
487 455
487 460
487 540
487 582
487 591
487 615
487 672
487 700
487 708
488 175
488 221
488 248
488 259
488 331
488 359
488 407
488 449
488 464
488 523
488 524
488 561
488 636
488 696
488 739
489 13
489 73
489 174
489 222
489 253
489 258
489 324
489 329
489 386
489 528
489 576
489 610
489 616
489 705
489 714
490 7
490 18
490 51
490 104
490 203
490 246
490 347
490 393
490 485
490 513
490 618
490 656
490 676
490 728
490 750
491 86
491 196
491 217
491 239
491 262
491 313
491 340
491 390
491 409
491 436
491 497
491 524
491 540
491 552
491 594
491 625
491 679
491 707
492 86
492 170
492 186
492 189
492 312
492 466
492 478
492 575
492 621
492 662
492 718
493 73
493 74
493 268
493 278
493 307
493 447
493 460
493 499
493 520
493 629
493 713
494 20
494 68
494 82
494 222
494 224
494 240
494 251
494 326
494 341
494 367
494 487
494 498
494 514
494 554
495 8
495 24
495 55
495 62
495 83
495 99
495 100
495 149
495 153
495 182
495 191
495 215
495 224
495 279
495 487
495 570
495 609
495 639
495 646
496 19
496 116
496 162
496 188
496 234
496 264
496 273
496 290
496 296
496 300
496 328
496 330
496 375
496 525
496 576
496 681
496 740
497 14
497 172
497 173
497 182
497 336
497 364
497 387
497 427
497 437
497 580
497 682
498 36
498 47
498 55
498 70
498 123
498 259
498 289
498 293
498 382
498 438
498 474
498 523
498 524
498 564
498 640
498 645
498 649
498 674
499 28
499 144
499 269
499 277
499 287
499 305
499 313
499 322
499 359
499 362
499 364
499 383
499 434
499 511
499 526
499 571
499 672
499 678
499 728
500 116
500 157
500 170
500 193
500 246
500 320
500 364
500 432
500 481
500 493
500 519
500 541
500 567
500 718
501 27
501 239
501 277
501 345
501 377
501 451
501 460
501 490
501 497
501 531
501 597
501 657
501 660
501 708
501 719
502 2
502 19
502 48
502 119
502 128
502 140
502 160
502 209
502 240
502 271
502 319
502 347
502 383
502 412
502 453
502 464
502 510
502 613
502 740
503 94
503 206
503 231
503 337
503 352
503 489
503 584
503 646
503 682
503 729
503 746
504 57
504 111
504 139
504 143
504 208
504 226
504 234
504 314
504 390
504 464
504 495
504 502
504 525
504 586
504 661
504 699
504 744
505 21
505 62
505 215
505 242
505 268
505 295
505 333
505 342
505 456
505 487
505 493
505 502
505 537
505 597
505 673
505 750
506 22
506 29
506 99
506 125
506 149
506 185
506 190
506 197
506 271
506 291
506 368
506 466
506 542
506 618
506 702
506 719
506 740
507 19
507 33
507 39
507 84
507 194
507 355
507 392
507 430
507 565
507 585
507 646
507 652
507 659
507 666
507 730
507 732
508 6
508 140
508 161
508 251
508 254
508 320
508 673
508 716
508 720
509 57
509 117
509 184
509 236
509 242
509 267
509 320
509 403
509 431
509 437
509 441
509 464
509 486
509 555
509 578
509 699
509 729
510 25
510 34
510 65
510 69
510 137
510 146
510 158
510 209
510 227
510 256
510 266
510 275
510 345
510 369
510 401
510 453
510 516
510 527
510 574
510 615
510 635
510 648
510 659
510 686
511 31
511 36
511 107
511 146
511 175
511 223
511 260
511 296
511 340
511 363
511 438
511 449
511 456
511 465
511 476
511 499
511 500
511 505
511 555
511 620
511 629
511 735
512 24
512 69
512 92
512 178
512 251
512 264
512 322
512 355
512 442
512 472
512 506
512 508
512 544
512 559
512 597
512 607
512 672
513 75
513 188
513 193
513 205
513 218
513 221
513 349
513 368
513 377
513 466
513 473
513 479
513 490
513 521
513 562
513 580
513 730
514 59
514 111
514 145
514 193
514 205
514 276
514 287
514 296
514 335
514 375
514 390
514 463
514 499
514 517
514 595
514 611
514 696
514 706
514 744
515 24
515 25
515 57
515 63
515 211
515 242
515 283
515 316
515 332
515 352
515 388
515 491
515 502
515 535
515 569
515 594
515 613
515 636
515 673
515 746
516 67
516 320
516 382
516 420
516 557
516 560
516 591
516 613
516 623
516 657
516 671
516 686
516 706
516 734
517 35
517 45
517 77
517 109
517 118
517 188
517 286
517 299
517 313
517 325
517 350
517 381
517 397
517 562
517 616
517 641
517 749
518 79
518 96
518 117
518 267
518 332
518 344
518 354
518 370
518 379
518 383
518 409
518 476
518 547
518 715
518 717
518 720
519 237
519 256
519 295
519 477
519 484
519 510
519 545
519 674
520 58
520 61
520 102
520 121
520 137
520 166
520 184
520 295
520 394
520 511
520 542
520 581
520 596
520 599
520 620
520 667
520 703
520 719
520 722
520 731
520 740
520 743
521 50
521 102
521 119
521 176
521 194
521 295
521 298
521 311
521 319
521 359
521 382
521 460
521 484
521 499
521 674
521 734
522 114
522 239
522 262
522 367
522 492
522 496
522 552
522 562
522 677
523 17
523 24
523 73
523 87
523 117
523 230
523 249
523 293
523 295
523 327
523 368
523 384
523 402
523 409
523 470
523 518
523 541
523 697
523 722
523 736
523 745
524 143
524 167
524 171
524 208
524 276
524 292
524 306
524 397
524 418
524 505
524 570
524 609
524 622
524 657
524 662
524 669
524 700
524 719
525 62
525 114
525 145
525 187
525 200
525 202
525 217
525 239
525 248
525 257
525 285
525 321
525 428
525 436
525 458
525 495
525 522
525 580
525 597
525 712
526 17
526 20
526 32
526 282
526 335
526 369
526 374
526 464
526 476
526 534
526 539
526 564
526 596
526 658
526 732
527 13
527 41
527 59
527 135
527 143
527 205
527 247
527 308
527 389
527 390
527 436
527 546
527 665
527 745
528 101
528 185
528 205
528 282
528 356
528 366
528 371
528 379
528 415
528 422
528 431
528 462
528 560
528 608
528 656
528 732
529 33
529 70
529 118
529 125
529 232
529 276
529 281
529 354
529 554
529 622
529 649
529 653
529 723
530 31
530 117
530 120
530 256
530 267
530 277
530 341
530 368
530 378
530 467
530 556
530 591
530 640
531 28
531 107
531 148
531 175
531 247
531 344
531 438
531 537
531 559
531 569
531 589
531 688
531 716
531 738
532 84
532 115
532 131
532 142
532 281
532 313
532 408
532 447
532 665
532 670
532 673
532 709
532 732
532 744
533 5
533 31
533 91
533 131
533 145
533 188
533 249
533 286
533 291
533 314
533 322
533 376
533 389
533 428
533 468
533 493
533 495
533 518
533 554
533 571
533 575
533 603
533 634
533 648
533 660
533 744
534 163
534 239
534 243
534 386
534 421
534 455
534 478
534 490
534 528
534 547
534 651
534 714
534 744
535 13
535 60
535 73
535 182
535 265
535 304
535 333
535 375
535 542
535 687
536 54
536 68
536 106
536 111
536 147
536 151
536 157
536 158
536 182
536 207
536 259
536 278
536 521
536 550
536 600
536 636
537 58
537 69
537 152
537 160
537 163
537 164
537 197
537 207
537 265
537 276
537 316
537 424
537 459
537 559
537 567
537 589
537 661
537 716
538 14
538 219
538 235
538 240
538 264
538 280
538 351
538 367
538 371
538 385
538 524
538 602
538 637
538 671
539 53
539 75
539 124
539 192
539 220
539 266
539 270
539 283
539 303
539 340
539 349
539 421
539 428
539 440
539 451
539 494
539 517
539 578
539 657
539 727
539 746
540 38
540 49
540 93
540 199
540 243
540 256
540 292
540 293
540 339
540 345
540 357
540 395
540 458
540 460
540 507
540 510
540 516
540 576
540 644
540 721
541 21
541 42
541 48
541 100
541 122
541 127
541 199
541 261
541 339
541 455
541 462
541 482
541 567
541 570
541 685
541 721
542 79
542 104
542 105
542 131
542 134
542 137
542 148
542 171
542 173
542 228
542 284
542 301
542 324
542 351
542 358
542 484
542 493
542 503
542 517
542 539
542 604
542 637
542 642
542 646
542 664
542 704
543 24
543 67
543 88
543 108
543 228
543 239
543 264
543 448
543 526
543 533
543 580
543 639
543 697
543 729
544 32
544 162
544 230
544 239
544 275
544 302
544 377
544 500
544 590
544 595
544 695
545 166
545 192
545 213
545 258
545 310
545 317
545 327
545 368
545 416
545 425
545 430
545 468
545 551
545 576
545 690
546 63
546 66
546 104
546 182
546 187
546 277
546 328
546 466
546 474
546 491
546 594
546 658
546 687
546 729
547 36
547 145
547 152
547 179
547 323
547 385
547 444
547 445
547 495
547 523
547 527
547 548
547 642
547 656
547 680
547 687
547 695
547 714
548 10
548 175
548 194
548 199
548 454
548 535
548 558
548 573
548 584
548 641
548 665
548 683
549 17
549 58
549 84
549 89
549 174
549 181
549 312
549 330
549 335
549 419
549 458
549 534
549 546
549 592
549 623
549 690
549 693
549 716
549 734
550 136
550 152
550 198
550 287
550 356
550 360
550 423
550 429
550 469
550 497
550 749
551 35
551 66
551 70
551 89
551 92
551 120
551 132
551 228
551 249
551 289
551 341
551 407
551 438
551 525
551 529
551 732
552 122
552 162
552 309
552 321
552 410
552 521
552 537
552 565
552 600
552 630
552 738
552 743
553 142
553 229
553 264
553 278
553 386
553 421
553 488
553 501
553 513
553 536
553 544
553 612
553 668
553 686
553 728
553 749
554 5
554 63
554 115
554 132
554 170
554 195
554 226
554 237
554 258
554 374
554 465
554 535
554 537
554 570
554 577
554 658
554 669
554 672
554 689
554 717
555 85
555 96
555 204
555 238
555 271
555 278
555 297
555 481
555 577
555 603
555 642
555 673
555 717
555 740
556 40
556 104
556 109
556 115
556 118
556 157
556 244
556 245
556 246
556 301
556 358
556 384
556 414
556 472
556 501
556 508
556 514
556 531
556 652
556 683
556 730
556 742
557 17
557 64
557 72
557 156
557 214
557 267
557 287
557 574
557 683
557 695
557 720
558 78
558 99
558 101
558 113
558 161
558 231
558 251
558 262
558 350
558 354
558 372
558 391
558 400
558 406
558 530
558 611
558 625
559 16
559 68
559 127
559 186
559 204
559 246
559 262
559 328
559 427
559 516
559 561
559 589
559 616
559 623
559 652
559 714
560 55
560 66
560 75
560 239
560 248
560 281
560 382
560 487
560 657
561 18
561 41
561 46
561 76
561 124
561 395
561 452
561 453
561 488
561 495
561 498
561 519
561 715
561 741
562 27
562 32
562 46
562 72
562 97
562 114
562 138
562 253
562 374
562 379
562 427
562 503
562 527
562 545
562 628
562 639
562 685
563 6
563 72
563 89
563 141
563 232
563 298
563 301
563 335
563 385
563 422
563 441
563 443
563 489
563 520
563 642
564 24
564 41
564 86
564 131
564 194
564 235
564 306
564 308
564 325
564 335
564 436
564 453
564 463
564 464
564 501
564 578
564 589
564 652
564 669
564 726
565 62
565 154
565 218
565 232
565 349
565 401
565 413
565 441
565 466
565 474
565 482
565 501
565 542
565 573
565 595
565 600
565 604
565 606
565 611
565 669
565 679
565 707
565 726
566 27
566 40
566 184
566 206
566 243
566 313
566 406
566 430
566 547
566 587
566 675
566 692
566 703
567 77
567 120
567 158
567 222
567 342
567 436
567 540
567 547
567 572
567 590
567 624
567 633
567 637
567 655
567 674
568 83
568 117
568 163
568 196
568 213
568 310
568 363
568 424
568 431
568 436
568 439
568 553
568 607
568 668
568 672
568 678
568 698
568 749
569 71
569 187
569 296
569 313
569 359
569 363
569 403
569 426
569 509
570 110
570 139
570 178
570 180
570 318
570 415
570 421
570 425
570 449
570 515
570 599
570 689
570 726
570 728
571 5
571 9
571 34
571 75
571 93
571 162
571 172
571 295
571 324
571 414
571 418
571 456
571 459
571 481
571 534
571 564
571 604
571 634
571 718
571 745
572 20
572 201
572 206
572 301
572 312
572 319
572 384
572 390
572 405
572 440
572 594
572 598
572 682
573 36
573 86
573 111
573 142
573 173
573 300
573 329
573 436
573 509
573 589
573 596
573 624
573 640
573 647
573 661
573 677
574 51
574 104
574 141
574 178
574 180
574 250
574 298
574 313
574 405
574 436
574 486
574 508
574 535
574 538
574 564
574 573
574 598
574 615
574 625
574 654
574 733
575 61
575 85
575 139
575 144
575 193
575 226
575 242
575 294
575 397
575 483
575 539
575 566
575 581
575 662
575 711
576 2
576 39
576 216
576 251
576 260
576 288
576 291
576 314
576 457
576 523
576 698
576 711
577 19
577 80
577 98
577 147
577 163
577 333
577 340
577 395
577 511
577 523
577 566
577 582
577 606
578 141
578 251
578 305
578 338
578 370
578 416
578 469
578 538
578 574
578 588
578 614
578 731
578 747
579 21
579 22
579 35
579 74
579 75
579 114
579 246
579 335
579 404
579 408
579 441
579 554
579 555
579 602
579 619
579 658
579 707
580 12
580 13
580 21
580 45
580 47
580 85
580 89
580 180
580 201
580 240
580 249
580 266
580 295
580 311
580 330
580 350
580 419
580 433
580 445
580 449
580 456
580 516
580 581
580 657
580 666
580 696
581 25
581 37
581 85
581 92
581 128
581 162
581 176
581 264
581 423
581 424
581 601
581 655
581 690
581 731
582 34
582 57
582 83
582 142
582 163
582 209
582 234
582 278
582 286
582 315
582 324
582 428
582 512
582 552
582 591
582 701
582 708
583 77
583 183
583 390
583 521
583 573
583 621
583 643
583 684
583 689
583 719
584 49
584 53
584 215
584 245
584 284
584 379
584 405
584 447
584 526
584 658
584 672
584 695
584 701
585 60
585 77
585 112
585 189
585 245
585 275
585 314
585 368
585 385
585 462
585 495
585 733
586 94
586 101
586 117
586 140
586 176
586 205
586 210
586 216
586 224
586 237
586 314
586 370
586 455
586 515
586 528
586 574
586 631
586 634
586 663
586 675
586 719
586 744
587 141
587 231
587 382
587 393
587 515
587 516
587 526
587 556
587 589
587 694
587 738
588 6
588 63
588 70
588 89
588 200
588 205
588 405
588 454
588 481
588 483
588 495
588 544
588 585
588 636
588 637
588 699
588 701
589 17
589 100
589 152
589 176
589 288
589 343
589 364
589 409
589 460
589 474
589 604
589 618
590 67
590 107
590 136
590 223
590 276
590 291
590 307
590 509
590 514
590 543
590 561
590 588
590 591
590 594
590 663
590 700
591 52
591 71
591 95
591 102
591 109
591 155
591 297
591 332
591 335
591 396
591 454
591 524
591 532
591 570
591 625
591 728
592 155
592 195
592 290
592 299
592 424
592 427
592 467
592 533
592 585
592 617
593 23
593 158
593 161
593 169
593 182
593 217
593 257
593 299
593 354
593 437
593 511
593 668
593 675
593 679
593 688
593 750
594 18
594 38
594 68
594 79
594 178
594 201
594 214
594 244
594 485
594 512
594 561
594 685
594 691
594 730
595 333
595 378
595 459
595 476
595 499
595 501
595 513
595 554
595 659
595 693
596 66
596 75
596 107
596 158
596 166
596 245
596 277
596 379
596 396
596 524
596 635
596 648
596 688
596 691
596 694
597 113
597 142
597 159
597 175
597 236
597 255
597 261
597 285
597 296
597 372
597 380
597 455
597 479
597 482
597 572
597 580
597 637
597 690
597 700
597 736
597 738
598 5
598 11
598 15
598 42
598 77
598 85
598 154
598 191
598 222
598 224
598 256
598 322
598 324
598 338
598 389
598 398
598 421
598 453
598 497
598 551
599 39
599 74
599 145
599 150
599 238
599 350
599 384
599 506
599 563
599 670
600 133
600 189
600 195
600 202
600 296
600 340
600 376
600 660
600 693
600 711
601 9
601 17
601 22
601 33
601 46
601 112
601 126
601 236
601 314
601 352
601 381
601 398
601 445
601 464
601 466
601 472
601 504
601 619
601 629
601 660
601 700
601 741
602 17
602 47
602 81
602 83
602 141
602 166
602 180
602 257
602 259
602 267
602 280
602 331
602 339
602 385
602 507
602 680
602 695
602 702
602 705
603 9
603 14
603 82
603 92
603 168
603 171
603 228
603 298
603 302
603 313
603 476
603 532
603 557
603 572
603 575
603 614
603 742
604 3
604 54
604 160
604 207
604 263
604 289
604 393
604 412
604 415
604 475
604 489
604 500
604 509
604 610
604 623
604 641
605 38
605 44
605 65
605 74
605 198
605 225
605 256
605 332
605 362
605 385
605 400
605 495
605 582
605 642
605 647
606 12
606 27
606 37
606 44
606 179
606 218
606 230
606 231
606 246
606 292
606 311
606 320
606 344
606 468
606 502
606 525
606 560
606 571
606 585
606 593
607 158
607 287
607 290
607 354
607 449
607 485
607 545
607 550
607 573
608 6
608 9
608 43
608 68
608 92
608 119
608 147
608 159
608 180
608 193
608 224
608 250
608 287
608 353
609 24
609 37
609 77
609 128
609 158
609 273
609 297
609 299
609 367
609 369
609 399
609 471
610 32
610 45
610 121
610 177
610 192
610 218
610 321
610 358
610 371
610 388
610 436
610 502
610 555
610 559
610 580
610 651
611 8
611 174
611 215
611 237
611 251
611 278
611 290
611 307
611 396
611 405
611 424
611 540
611 557
611 595
611 640
611 685
611 692
611 729
611 736
612 8
612 23
612 36
612 91
612 94
612 156
612 174
612 180
612 209
612 243
612 265
612 508
612 613
612 636
612 696
613 28
613 180
613 196
613 263
613 316
613 342
613 348
613 450
613 605
613 614
613 618
613 731
614 112
614 120
614 144
614 373
614 405
614 416
614 469
614 486
614 531
614 534
614 538
614 609
614 611
614 627
615 22
615 51
615 65
615 77
615 78
615 95
615 168
615 232
615 393
615 410
615 550
615 628
616 57
616 112
616 181
616 281
616 284
616 295
616 332
616 407
616 422
616 436
616 479
616 497
616 666
616 676
616 697
616 729
617 36
617 128
617 159
617 250
617 324
617 402
617 403
617 415
617 461
617 477
617 551
617 598
617 662
617 692
617 730
618 138
618 163
618 180
618 285
618 335
618 442
618 517
618 546
618 549
618 559
618 588
618 597
618 609
618 656
618 657
618 693
619 77
619 117
619 160
619 163
619 209
619 280
619 286
619 343
619 347
619 367
619 441
619 447
619 499
619 500
619 502
619 517
619 541
619 569
619 578
619 604
619 611
619 644
619 672
619 673
619 716
620 5
620 20
620 43
620 117
620 143
620 151
620 152
620 156
620 220
620 249
620 298
620 303
620 309
620 365
620 386
620 431
620 493
620 525
620 533
620 564
620 575
620 639
620 642
621 82
621 344
621 349
621 377
621 401
621 409
621 421
621 488
621 571
621 607
621 644
621 649
621 653
621 682
621 686
621 694
622 58
622 169
622 182
622 185
622 212
622 216
622 304
622 326
622 332
622 384
622 412
622 437
622 480
622 528
622 580
622 599
622 614
622 650
622 750
623 25
623 73
623 77
623 97
623 104
623 152
623 183
623 234
623 303
623 335
623 340
623 395
623 433
623 499
623 565
623 586
623 609
623 727
623 746
624 16
624 87
624 140
624 185
624 199
624 359
624 395
624 399
624 401
624 449
624 492
624 508
624 511
624 542
624 544
624 568
624 574
624 599
624 629
624 681
624 711
624 713
624 724
624 738
625 123
625 231
625 252
625 359
625 380
625 474
625 591
625 606
625 657
625 668
625 679
625 700
626 4
626 156
626 187
626 243
626 253
626 390
626 469
626 561
626 570
626 743
627 53
627 161
627 178
627 220
627 236
627 257
627 297
627 540
627 544
627 607
627 641
627 657
627 676
627 691
627 698
627 730
627 733
627 750
628 16
628 46
628 83
628 95
628 141
628 209
628 325
628 326
628 405
628 461
628 474
628 502
628 528
628 550
628 632
628 640
628 674
628 679
629 5
629 59
629 99
629 107
629 152
629 246
629 260
629 303
629 324
629 362
629 404
629 406
629 452
629 475
629 505
629 570
629 617
630 60
630 159
630 176
630 186
630 208
630 255
630 303
630 323
630 611
630 618
630 692
631 18
631 33
631 140
631 147
631 182
631 215
631 272
631 321
631 360
631 386
631 464
631 581
631 626
631 656
632 63
632 82
632 190
632 230
632 475
632 618
632 657
632 691
632 725
633 116
633 122
633 127
633 156
633 163
633 180
633 181
633 239
633 272
633 390
633 403
633 423
633 516
633 664
633 668
633 723
633 749
634 160
634 223
634 248
634 292
634 300
634 312
634 336
634 354
634 398
634 435
634 476
634 487
634 537
634 543
634 577
634 626
634 669
634 672
635 50
635 62
635 127
635 156
635 193
635 212
635 264
635 290
635 298
635 332
635 439
635 481
635 631
635 700
635 735
635 749
636 6
636 110
636 112
636 198
636 201
636 224
636 267
636 312
636 319
636 479
636 481
636 508
636 526
636 578
636 591
636 673
636 679
636 718
637 38
637 44
637 182
637 184
637 215
637 258
637 278
637 343
637 363
637 385
637 495
637 498
637 523
637 558
637 650
637 680
637 686
637 694
638 41
638 77
638 104
638 143
638 171
638 180
638 230
638 274
638 306
638 398
638 427
638 441
638 485
638 489
638 494
638 503
638 548
638 554
638 572
638 607
638 711
638 736
639 113
639 156
639 215
639 343
639 367
639 431
639 445
639 448
639 460
639 524
639 563
639 654
639 679
639 704
640 11
640 106
640 123
640 170
640 253
640 270
640 391
640 456
640 544
640 602
640 639
640 657
640 718
640 722
640 728
641 63
641 72
641 149
641 207
641 286
641 310
641 314
641 326
641 378
641 382
641 489
641 527
641 538
641 555
641 565
641 573
641 576
641 613
641 635
641 686
642 24
642 48
642 64
642 162
642 229
642 260
642 272
642 316
642 317
642 325
642 344
642 500
642 581
642 644
642 691
642 701
642 738
643 24
643 104
643 134
643 166
643 191
643 211
643 250
643 272
643 283
643 297
643 366
643 378
643 389
643 413
643 503
643 538
643 599
643 613
643 663
643 699
643 726
644 20
644 70
644 93
644 255
644 306
644 434
644 442
644 449
644 466
644 597
644 618
644 640
645 59
645 110
645 164
645 263
645 294
645 402
645 413
645 486
645 553
645 559
645 561
645 570
645 591
645 632
645 646
645 666
645 667
645 677
645 695
645 734
645 746
646 25
646 57
646 61
646 175
646 184
646 192
646 261
646 262
646 286
646 297
646 301
646 312
646 360
646 369
646 380
646 385
646 514
646 619
646 638
646 707
646 733
647 36
647 55
647 146
647 304
647 342
647 375
647 383
647 445
647 451
647 458
647 461
647 471
647 574
647 583
648 170
648 187
648 343
648 401
648 430
648 457
648 548
648 562
648 569
648 578
648 610
648 679
648 727
648 742
649 5
649 6
649 19
649 67
649 97
649 141
649 201
649 311
649 365
649 368
649 378
649 416
649 465
649 545
649 562
649 580
649 604
649 638
649 672
649 724
649 740
650 87
650 238
650 292
650 309
650 326
650 344
650 367
650 404
650 446
650 539
650 585
650 596
650 643
650 723
650 733
651 90
651 112
651 148
651 171
651 233
651 236
651 273
651 305
651 382
651 472
651 591
651 594
651 613
652 64
652 70
652 111
652 174
652 188
652 288
652 399
652 405
652 435
652 447
652 478
652 485
652 487
652 607
652 707
652 716
652 717
653 1
653 51
653 106
653 113
653 232
653 345
653 388
653 391
653 463
653 496
653 566
653 576
653 580
653 664
653 673
653 679
653 687
654 31
654 80
654 115
654 202
654 224
654 265
654 279
654 461
654 500
654 628
655 102
655 208
655 272
655 313
655 382
655 411
655 450
655 518
655 537
655 638
655 642
655 651
655 748
656 35
656 41
656 80
656 87
656 232
656 280
656 312
656 341
656 373
656 415
656 470
656 555
656 610
656 634
656 648
656 649
656 705
657 7
657 54
657 79
657 218
657 271
657 281
657 354
657 389
657 424
657 450
657 457
657 479
657 490
657 532
657 661
657 670
658 36
658 58
658 151
658 159
658 206
658 227
658 247
658 314
658 408
658 466
658 640
658 673
659 6
659 7
659 23
659 57
659 60
659 99
659 339
659 361
659 406
659 444
659 555
659 572
659 631
660 72
660 108
660 125
660 134
660 231
660 271
660 283
660 292
660 324
660 383
660 418
660 429
660 478
660 526
660 582
660 628
660 664
661 143
661 166
661 189
661 216
661 309
661 312
661 366
661 381
661 445
661 505
661 614
661 623
661 653
661 674
662 76
662 134
662 157
662 185
662 197
662 223
662 250
662 272
662 299
662 496
662 597
662 677
662 700
662 713
663 38
663 54
663 67
663 76
663 129
663 216
663 227
663 276
663 280
663 297
663 387
663 396
663 399
663 583
663 722
664 29
664 35
664 60
664 199
664 636
664 651
664 673
664 689
665 31
665 64
665 70
665 80
665 122
665 175
665 185
665 214
665 263
665 277
665 280
665 289
665 347
665 400
665 501
665 529
665 614
665 649
665 673
665 732
665 749
666 82
666 88
666 179
666 221
666 227
666 281
666 337
666 417
666 456
666 472
666 518
666 648
666 670
666 748
667 13
667 74
667 155
667 169
667 182
667 306
667 360
667 364
667 468
667 531
667 583
667 620
667 672
668 19
668 68
668 69
668 74
668 81
668 130
668 201
668 246
668 255
668 277
668 371
668 404
668 437
668 443
668 450
668 488
668 501
668 503
668 518
668 528
668 561
668 587
668 625
668 664
669 3
669 17
669 73
669 130
669 153
669 326
669 355
669 365
669 478
669 490
669 525
669 541
670 4
670 52
670 71
670 205
670 222
670 295
670 342
670 387
670 399
670 444
670 482
670 497
670 519
670 576
670 578
670 641
670 673
671 14
671 100
671 230
671 305
671 406
671 443
671 530
671 552
671 618
671 621
671 656
671 678
671 705
671 738
672 54
672 104
672 116
672 204
672 208
672 223
672 228
672 283
672 452
672 492
672 504
672 507
672 573
672 640
672 665
672 667
672 700
673 141
673 204
673 250
673 282
673 284
673 292
673 300
673 314
673 428
673 436
673 437
673 451
673 473
673 479
673 502
673 532
673 618
673 680
673 690
673 725
674 18
674 90
674 118
674 185
674 189
674 419
674 477
674 572
674 610
674 693
674 730
674 736
675 29
675 167
675 188
675 266
675 280
675 308
675 506
675 530
675 673
675 677
675 746
676 143
676 144
676 191
676 215
676 305
676 309
676 326
676 332
676 342
676 489
676 564
676 625
677 135
677 140
677 151
677 176
677 183
677 184
677 225
677 246
677 303
677 427
677 536
677 570
677 681
678 6
678 94
678 101
678 132
678 165
678 205
678 270
678 277
678 284
678 380
678 414
678 483
678 670
678 682
678 685
679 48
679 58
679 92
679 177
679 277
679 284
679 314
679 351
679 369
679 440
679 515
679 528
679 555
679 559
679 627
679 750
680 57
680 316
680 328
680 349
680 373
680 385
680 409
680 429
680 445
680 455
680 543
680 547
680 554
680 595
680 640
681 25
681 55
681 92
681 169
681 289
681 321
681 361
681 393
681 408
681 542
681 558
681 635
681 679
681 697
681 701
681 739
682 70
682 143
682 199
682 204
682 236
682 270
682 291
682 303
682 317
682 368
682 383
682 497
682 547
682 568
682 575
682 588
682 708
682 727
682 733
682 745
683 39
683 46
683 110
683 201
683 231
683 233
683 265
683 432
683 527
683 567
683 578
683 600
683 625
683 632
683 644
683 652
683 696
684 7
684 35
684 123
684 233
684 234
684 269
684 315
684 336
684 433
684 460
684 509
684 549
684 564
684 591
684 639
684 697
684 709
684 748
685 6
685 102
685 105
685 171
685 216
685 345
685 385
685 474
685 490
685 534
685 542
685 545
685 625
685 686
685 736
685 743
686 28
686 50
686 161
686 176
686 195
686 210
686 229
686 239
686 242
686 288
686 322
686 325
686 337
686 341
686 400
686 419
686 475
686 697
686 709
686 729
687 56
687 76
687 78
687 80
687 94
687 164
687 190
687 219
687 243
687 344
687 360
687 375
687 403
687 415
687 416
687 483
687 590
687 625
687 641
687 743
688 119
688 189
688 223
688 282
688 320
688 433
688 474
688 528
688 537
689 18
689 25
689 55
689 72
689 81
689 142
689 161
689 180
689 309
689 343
689 367
689 396
689 399
689 415
689 454
689 455
689 466
689 555
689 560
689 573
689 575
689 669
689 674
689 697
689 744
690 46
690 59
690 131
690 200
690 218
690 294
690 297
690 351
690 380
690 405
690 414
690 428
690 463
690 539
690 567
690 575
690 645
690 664
690 673
690 747
691 32
691 67
691 148
691 159
691 204
691 236
691 243
691 283
691 326
691 352
691 371
691 372
691 469
691 517
691 571
691 735
692 13
692 55
692 124
692 190
692 408
692 445
692 468
692 479
692 482
692 518
692 613
692 621
692 675
692 696
692 698
692 748
693 24
693 81
693 102
693 170
693 173
693 284
693 286
693 410
693 438
693 440
693 532
693 543
693 669
693 674
693 714
693 723
694 128
694 159
694 269
694 349
694 388
694 414
694 431
694 453
694 486
694 514
694 527
694 540
694 558
694 610
694 706
694 722
694 726
695 5
695 10
695 20
695 45
695 81
695 176
695 179
695 182
695 299
695 310
695 400
695 460
695 502
695 570
695 619
695 721
695 729
696 39
696 45
696 52
696 84
696 117
696 204
696 293
696 295
696 390
696 402
696 454
696 528
696 564
696 610
696 640
696 685
697 20
697 25
697 129
697 198
697 400
697 427
697 472
697 534
697 556
697 559
697 740
698 40
698 110
698 135
698 157
698 301
698 328
698 362
698 480
698 490
698 582
698 585
698 598
698 746
698 747
699 95
699 101
699 114
699 136
699 224
699 249
699 296
699 436
699 544
699 546
699 556
699 594
699 726
699 742
700 33
700 49
700 132
700 136
700 184
700 200
700 219
700 283
700 304
700 358
700 470
700 524
700 529
700 539
700 598
700 658
700 680
700 697
700 713
700 728
701 67
701 69
701 73
701 86
701 114
701 134
701 161
701 166
701 233
701 246
701 295
701 325
701 351
701 367
701 377
701 412
701 418
701 460
701 472
701 496
701 533
701 568
701 667
702 73
702 134
702 179
702 185
702 208
702 241
702 243
702 250
702 274
702 279
702 300
702 337
702 366
702 406
702 466
702 584
702 592
702 606
702 615
702 684
703 28
703 75
703 98
703 99
703 104
703 125
703 137
703 147
703 176
703 197
703 205
703 236
703 317
703 319
703 334
703 365
703 391
703 395
703 444
703 461
703 479
703 512
703 580
703 586
703 612
703 636
703 675
703 699
703 733
703 747
703 750
704 36
704 93
704 120
704 124
704 128
704 298
704 349
704 351
704 352
704 364
704 384
704 561
704 606
704 667
704 677
704 735
705 10
705 13
705 15
705 30
705 45
705 87
705 143
705 149
705 178
705 198
705 281
705 302
705 488
705 490
706 63
706 80
706 137
706 225
706 320
706 410
706 438
706 450
706 485
706 519
706 551
706 580
706 644
706 677
706 687
707 13
707 101
707 211
707 223
707 286
707 313
707 439
707 466
707 498
707 531
707 578
707 579
707 629
707 677
707 691
707 696
708 105
708 179
708 204
708 222
708 241
708 293
708 310
708 335
708 399
708 514
708 590
708 596
708 600
708 680
709 16
709 32
709 81
709 144
709 148
709 179
709 219
709 225
709 289
709 358
709 406
709 438
709 552
709 564
710 8
710 16
710 36
710 139
710 148
710 157
710 187
710 215
710 241
710 264
710 273
710 310
710 311
710 360
710 440
710 486
710 571
710 636
710 712
711 16
711 34
711 37
711 78
711 131
711 165
711 207
711 245
711 251
711 254
711 363
711 375
711 445
711 515
711 521
711 550
711 553
711 614
711 617
711 725
712 21
712 174
712 221
712 299
712 327
712 404
712 493
712 517
712 568
712 678
712 694
713 73
713 214
713 231
713 279
713 286
713 454
713 505
713 531
713 553
714 88
714 99
714 238
714 242
714 302
714 310
714 323
714 413
714 434
714 511
714 528
714 552
714 561
714 636
714 686
714 703
714 715
714 746
715 24
715 37
715 300
715 447
715 531
715 542
715 563
715 586
715 639
715 651
715 667
716 86
716 194
716 374
716 439
716 471
716 602
716 711
717 11
717 48
717 116
717 152
717 205
717 362
717 400
717 401
717 523
717 620
717 637
717 648
718 2
718 90
718 94
718 180
718 250
718 281
718 306
718 348
718 474
718 476
718 534
718 615
718 725
719 87
719 146
719 194
719 204
719 325
719 388
719 395
719 473
719 515
719 588
719 590
719 630
719 658
719 667
720 53
720 55
720 92
720 97
720 207
720 239
720 240
720 424
720 431
720 443
720 458
720 503
720 504
720 526
720 531
720 538
720 595
720 615
720 676
720 697
720 726
721 60
721 92
721 197
721 200
721 220
721 315
721 353
721 376
721 537
721 553
721 556
721 573
721 580
721 633
721 637
721 678
721 691
721 698
721 727
721 736
722 40
722 45
722 55
722 146
722 252
722 287
722 301
722 336
722 370
722 463
722 497
722 577
722 624
722 700
723 54
723 59
723 99
723 113
723 198
723 217
723 276
723 292
723 545
723 612
723 678
723 709
723 724
723 726
723 747
724 323
724 378
724 393
724 456
724 529
724 532
724 568
724 610
724 611
724 688
724 721
725 53
725 284
725 330
725 396
725 414
725 420
725 453
725 459
725 463
725 485
725 495
725 511
725 535
725 550
725 696
725 721
726 13
726 93
726 106
726 199
726 222
726 272
726 295
726 300
726 336
726 389
726 395
726 425
726 439
726 460
726 475
726 512
726 531
726 598
726 694
726 734
727 7
727 92
727 108
727 129
727 131
727 143
727 152
727 165
727 209
727 224
727 250
727 267
727 323
727 397
727 398
727 411
727 436
727 684
728 65
728 80
728 132
728 152
728 351
728 462
728 484
728 541
728 597
728 653
728 674
728 680
728 723
729 37
729 103
729 208
729 256
729 267
729 276
729 290
729 364
729 369
729 393
729 407
729 444
729 449
729 455
729 492
729 537
729 584
729 599
729 623
729 711
730 12
730 152
730 207
730 325
730 333
730 373
730 385
730 502
730 503
730 549
730 656
730 657
730 697
730 707
730 716
731 39
731 78
731 186
731 266
731 325
731 331
731 371
731 449
731 488
731 519
731 628
731 641
731 646
731 662
731 730
732 13
732 16
732 67
732 108
732 128
732 211
732 215
732 256
732 262
732 458
732 465
732 566
732 653
732 667
733 120
733 148
733 187
733 262
733 285
733 314
733 331
733 363
733 443
733 491
733 494
733 533
733 552
733 572
733 586
733 651
733 662
733 676
734 28
734 83
734 149
734 169
734 180
734 274
734 275
734 355
734 380
734 382
734 415
734 419
734 446
734 498
734 558
734 678
734 722
734 749
735 30
735 41
735 50
735 209
735 277
735 278
735 317
735 401
735 413
735 524
735 567
735 594
736 9
736 199
736 211
736 222
736 299
736 323
736 385
736 462
736 464
736 688
736 691
737 35
737 138
737 249
737 282
737 284
737 308
737 332
737 453
737 499
737 515
737 562
737 564
737 571
737 603
737 689
737 719
738 35
738 87
738 129
738 165
738 255
738 379
738 386
738 453
738 495
738 662
738 704
739 1
739 7
739 14
739 52
739 54
739 58
739 135
739 136
739 178
739 256
739 263
739 326
739 482
739 515
739 532
739 579
739 607
739 637
739 646
739 713
740 36
740 77
740 97
740 101
740 181
740 229
740 243
740 285
740 293
740 309
740 488
740 541
740 544
740 558
740 600
740 625
740 631
740 663
740 726
741 17
741 50
741 140
741 161
741 178
741 221
741 228
741 247
741 253
741 295
741 305
741 356
741 374
741 421
741 433
741 480
741 521
741 634
741 635
741 674
741 677
741 680
741 718
741 732
742 103
742 173
742 231
742 271
742 276
742 282
742 312
742 374
742 406
742 425
742 432
742 468
742 473
742 531
742 557
742 613
742 623
742 647
742 673
742 706
742 720
742 727
742 728
743 7
743 27
743 169
743 183
743 228
743 259
743 266
743 302
743 510
743 551
743 684
743 686
743 700
743 750
744 78
744 110
744 117
744 162
744 167
744 169
744 214
744 320
744 332
744 355
744 366
744 420
744 520
744 536
744 586
744 613
744 617
744 638
744 667
744 704
745 77
745 147
745 243
745 257
745 279
745 380
745 397
745 456
745 463
745 477
745 541
745 688
745 708
745 712
745 721
745 730
746 73
746 115
746 120
746 160
746 193
746 372
746 423
746 440
746 470
746 498
746 515
746 594
746 627
746 632
746 691
746 732
747 41
747 46
747 51
747 73
747 83
747 104
747 220
747 235
747 253
747 333
747 361
747 382
747 386
747 501
747 506
747 546
747 549
747 550
747 588
747 646
748 93
748 306
748 339
748 422
748 451
748 499
748 537
748 545
748 556
748 562
748 579
748 606
749 11
749 30
749 65
749 66
749 117
749 214
749 249
749 308
749 346
749 378
749 503
749 532
749 584
749 586
749 631
750 67
750 128
750 130
750 162
750 181
750 210
750 276
750 393
750 430
750 447
750 464
750 555
750 587
750 662
750 717
750 731
750 740
