80
310
1 17
1 77
2 33
2 34
2 35
2 39
2 70
2 73
3 22
3 44
3 49
3 60
3 71
4 11
4 22
4 30
4 64
5 20
5 32
6 4
6 20
6 32
6 33
7 18
7 62
7 63
7 66
7 69
8 1
8 5
8 20
8 50
8 65
8 76
10 5
10 8
10 17
10 79
11 14
11 18
11 26
11 29
11 40
11 55
11 58
13 28
13 64
13 65
14 30
14 46
15 26
15 50
15 58
15 69
16 32
16 51
16 55
16 79
17 24
17 25
17 26
17 59
18 47
18 76
19 10
19 20
19 21
19 35
19 40
19 60
20 29
20 57
20 77
21 10
21 14
21 28
21 57
22 18
23 26
23 33
24 33
25 7
25 42
25 53
25 58
25 66
26 19
26 44
27 20
27 49
27 54
27 66
28 13
28 39
28 55
29 12
29 37
29 48
29 72
30 8
30 38
31 26
31 50
31 57
31 58
31 73
32 31
32 50
32 52
32 74
33 15
33 42
33 78
34 45
34 58
35 64
35 72
36 3
36 15
36 22
36 51
36 65
37 2
37 11
37 16
37 28
37 51
37 69
38 4
38 10
38 12
38 13
38 32
38 37
38 43
38 49
38 71
39 4
39 13
39 26
39 28
39 71
40 61
40 70
41 23
41 31
41 34
41 43
41 78
42 27
42 39
42 69
43 31
43 42
44 53
44 65
44 67
44 74
45 25
45 38
45 46
45 52
45 77
46 23
46 28
46 47
46 59
46 75
47 41
47 42
47 43
47 53
47 80
48 13
48 46
48 50
48 66
48 75
49 1
49 30
49 35
49 65
50 32
50 33
50 38
50 63
51 1
51 8
51 13
51 17
51 61
51 62
51 77
51 79
52 21
52 26
52 29
52 30
52 35
52 44
52 45
52 55
52 61
52 74
52 76
53 38
54 9
54 19
55 29
55 58
56 24
56 54
56 63
56 65
56 76
57 14
57 24
57 30
57 31
57 34
57 40
57 43
57 49
57 80
58 5
58 14
58 60
58 71
59 26
59 62
60 6
60 18
60 34
60 42
60 67
61 9
61 48
61 50
61 69
61 75
62 17
62 24
62 71
63 20
63 43
63 44
63 75
64 15
65 14
65 27
65 54
66 10
66 12
66 13
66 30
66 38
67 29
67 31
67 57
68 6
68 32
68 46
69 31
69 35
69 41
70 34
70 35
70 75
71 21
71 32
71 45
71 57
71 69
71 73
71 80
72 6
72 8
72 73
72 80
73 16
73 46
73 47
73 62
73 70
74 28
74 77
74 80
75 4
75 40
75 56
75 78
76 25
76 26
76 27
76 41
76 45
76 51
77 42
78 29
78 37
78 47
78 55
78 66
78 69
79 18
79 35
79 46
79 80
80 21
80 38
