1000
7977
1 118
1 456
1 636
1 757
1 977
2 68
2 173
2 246
2 261
2 447
2 644
2 876
2 960
2 991
2 997
3 118
3 141
3 425
3 525
3 647
3 664
4 29
4 370
4 528
4 682
4 683
4 741
4 787
5 223
5 287
5 312
5 340
5 361
5 565
5 721
5 862
5 941
5 997
6 75
6 219
6 329
6 340
6 351
6 667
7 139
7 251
7 439
7 584
7 615
7 630
7 657
7 975
8 259
8 271
8 431
8 634
8 681
8 762
8 931
8 940
9 14
9 77
9 172
9 236
9 358
9 385
9 542
9 590
9 647
9 662
9 691
9 790
9 853
9 885
10 49
10 565
10 686
10 923
10 966
11 485
11 701
11 709
11 881
12 446
12 525
12 562
12 568
12 750
12 832
12 833
12 837
13 286
13 347
13 392
13 608
13 658
13 926
14 326
14 422
14 502
14 626
14 753
14 791
14 811
15 18
15 50
15 65
15 101
15 767
15 792
15 802
15 902
15 982
15 995
16 79
16 217
16 308
16 712
16 750
16 932
16 941
17 297
17 329
17 371
17 634
17 711
17 856
18 207
18 413
18 587
18 613
18 879
18 882
19 157
19 222
19 234
19 543
19 671
19 962
20 268
20 392
20 441
20 867
20 873
20 996
21 500
21 792
21 896
21 926
22 54
22 190
22 281
22 293
22 552
22 873
23 221
23 377
23 407
23 442
23 451
23 458
23 509
23 552
23 561
23 742
23 832
23 964
23 967
23 968
24 83
24 125
24 279
24 401
24 442
24 590
24 594
24 659
24 796
24 834
24 965
24 967
24 983
25 254
25 854
25 972
26 4
26 341
26 649
26 697
26 785
26 978
26 984
27 256
27 329
27 513
27 575
27 651
27 681
27 694
27 820
28 1
28 38
28 42
28 43
28 213
28 215
28 523
28 558
28 643
28 717
28 720
28 853
28 918
29 85
29 144
29 198
29 224
29 282
29 372
29 376
29 382
29 622
29 680
29 729
29 852
30 23
30 126
30 367
30 838
30 859
31 298
31 589
31 610
31 676
31 866
32 402
32 408
32 635
33 49
33 59
33 68
33 136
33 310
33 475
33 866
33 921
34 163
34 277
35 112
35 154
35 250
35 274
35 313
35 544
35 546
35 590
35 652
35 667
35 755
35 788
35 803
35 893
36 97
36 228
36 399
36 411
36 533
36 725
36 796
36 826
37 78
37 628
37 630
37 662
37 689
37 830
38 134
38 196
38 757
38 846
39 409
39 537
39 806
39 812
39 827
39 942
40 284
40 477
40 551
40 781
40 859
40 870
40 915
41 22
41 38
41 49
41 302
41 305
41 344
41 396
41 427
41 516
41 577
41 660
41 777
42 103
42 176
42 296
42 409
42 422
42 617
42 632
42 640
42 732
42 931
42 968
43 30
43 37
43 161
43 309
43 401
43 411
43 644
43 670
43 792
43 884
44 75
44 139
44 244
44 334
44 348
44 392
44 493
44 600
44 718
44 861
44 885
45 132
45 287
45 851
45 852
45 935
46 14
46 443
46 623
46 686
46 711
46 970
47 487
47 605
47 965
48 275
48 278
48 306
48 396
48 441
48 459
48 714
48 749
48 825
49 35
49 252
49 310
49 313
49 423
49 471
49 628
49 721
49 970
49 974
49 996
50 78
50 203
50 220
50 500
50 513
50 585
50 729
50 858
50 938
50 974
51 67
51 549
51 605
51 675
51 730
51 833
51 848
51 906
52 131
52 303
52 314
52 351
52 522
52 560
52 614
52 761
52 794
52 941
52 951
53 64
53 367
53 537
53 614
53 878
54 74
54 350
54 541
54 894
55 175
55 311
55 856
55 857
55 912
55 942
56 136
56 345
56 379
56 556
56 675
56 745
56 826
56 848
56 883
57 272
57 637
57 743
57 886
57 980
58 136
58 348
58 791
59 139
59 227
59 277
59 295
59 298
59 373
59 376
59 384
59 568
59 572
59 580
60 150
60 174
60 412
60 498
60 528
60 552
60 744
60 808
60 942
61 83
61 95
61 207
61 326
61 528
61 569
61 599
61 617
61 657
61 672
61 754
61 776
61 823
61 998
62 91
62 305
62 360
62 485
62 889
62 917
62 919
62 940
62 984
63 195
63 210
63 256
63 391
63 438
63 502
63 802
63 833
63 854
64 87
64 363
64 405
64 534
64 585
64 639
64 788
64 852
64 976
65 13
65 62
66 50
66 69
66 213
66 581
66 641
66 673
66 791
66 862
67 262
67 320
67 358
67 487
67 523
67 600
67 733
67 797
67 936
68 26
68 60
68 512
68 567
68 893
68 941
69 115
69 506
70 185
70 436
70 656
70 841
70 945
71 415
71 716
71 733
71 782
71 838
71 995
72 150
72 357
72 417
72 577
72 820
72 890
73 234
73 426
73 544
73 578
73 770
73 843
73 950
73 994
73 995
74 331
74 804
74 811
74 821
74 823
74 974
74 977
75 403
75 541
75 774
75 974
75 979
76 97
76 256
76 324
76 449
76 586
76 703
76 957
76 959
77 87
77 294
78 45
78 111
78 180
78 237
78 352
78 359
78 393
78 552
79 65
79 115
79 121
79 132
79 264
79 362
79 617
79 692
80 107
80 322
80 342
80 506
80 534
80 573
80 624
80 691
81 113
81 272
81 439
81 664
81 845
81 860
81 889
81 897
81 923
82 181
82 432
82 571
82 745
82 747
82 890
82 948
82 979
82 988
83 73
83 77
83 145
83 199
83 233
83 273
83 394
83 603
83 715
83 897
83 962
84 6
84 196
84 276
84 310
84 312
84 365
84 566
84 596
84 604
84 817
84 880
85 13
85 145
85 205
85 232
85 450
85 547
85 559
85 652
85 668
85 725
85 760
85 797
86 161
86 191
86 380
86 440
86 630
86 873
86 920
86 957
87 191
87 262
87 357
87 449
87 464
87 565
87 668
87 906
88 78
88 140
88 261
88 340
88 491
88 912
89 23
89 70
89 121
89 471
89 803
89 910
90 151
90 192
90 394
90 483
90 633
90 826
90 915
90 956
91 15
91 113
91 204
91 335
91 372
91 407
91 435
91 480
91 528
91 832
91 921
92 285
92 287
92 732
92 780
93 22
93 157
93 304
93 380
93 389
93 521
93 522
93 629
93 633
93 702
93 781
94 70
94 351
94 387
94 401
94 603
94 776
94 819
95 291
95 445
95 491
95 714
95 923
96 127
96 376
96 539
96 862
97 76
97 89
97 150
97 155
97 240
97 247
97 286
97 357
97 599
97 852
97 877
97 884
97 915
98 5
98 243
98 476
98 685
98 819
99 103
99 109
99 258
99 316
99 409
99 413
99 431
99 510
99 592
100 380
100 482
100 651
100 764
100 874
101 22
101 287
101 825
101 997
102 551
102 697
102 706
102 881
102 935
102 960
102 994
103 147
103 193
103 332
103 451
103 851
104 81
104 105
104 401
104 424
104 685
104 713
104 797
104 872
104 879
105 185
105 351
105 383
105 533
105 760
105 796
106 22
106 265
106 343
106 361
106 459
106 475
106 677
106 703
106 707
106 893
106 917
107 109
107 322
107 343
107 416
107 504
107 507
107 523
107 593
107 684
107 723
107 942
108 25
108 61
108 295
108 449
108 476
108 587
108 792
108 923
108 978
109 28
109 89
109 168
109 199
109 336
109 376
109 421
109 743
109 755
110 26
110 170
110 402
110 439
110 460
110 511
110 819
110 968
111 97
111 330
111 411
111 419
111 471
111 623
111 627
111 797
111 862
112 113
112 229
112 343
112 478
112 536
112 636
112 791
113 201
113 204
113 285
113 414
113 698
113 736
113 844
113 889
113 926
114 210
114 274
114 319
114 344
114 533
114 593
114 646
114 694
114 839
114 864
114 892
114 900
114 987
115 83
115 92
115 174
115 462
115 843
115 938
116 49
116 350
116 423
116 498
116 648
116 672
116 720
116 789
116 879
117 179
117 196
117 441
117 530
117 625
117 970
118 27
118 59
118 299
118 383
118 478
118 568
118 628
118 721
118 831
118 866
119 39
119 56
119 99
119 110
119 432
119 494
119 581
119 618
120 54
120 731
120 879
120 932
121 98
121 104
121 254
121 398
121 521
121 646
121 705
121 918
121 995
122 113
122 127
122 350
122 411
122 423
122 492
122 604
122 719
122 826
123 21
123 39
123 116
123 347
123 430
123 600
123 617
123 658
123 751
123 994
124 7
124 202
124 348
124 463
124 575
124 756
124 832
124 873
125 86
125 107
125 461
125 565
125 655
125 699
125 727
125 914
126 8
126 9
126 178
126 184
126 196
126 205
126 220
126 223
126 347
126 434
126 536
126 631
126 662
126 722
126 848
127 404
127 410
127 444
127 549
127 689
127 835
128 72
128 119
128 165
128 215
128 269
128 332
128 370
128 752
129 99
129 161
129 316
129 480
129 493
129 595
129 612
130 58
130 228
130 324
130 356
130 474
130 481
130 508
130 530
130 722
130 751
130 796
130 849
130 959
131 84
131 151
131 389
131 461
131 475
131 510
131 574
131 615
131 685
131 691
131 717
131 837
132 152
132 286
132 330
132 615
132 776
132 838
133 334
133 709
133 821
133 949
134 31
134 172
134 193
134 301
134 401
134 474
134 637
134 915
135 20
135 174
135 342
135 434
135 636
136 731
136 890
136 956
137 57
137 363
137 519
137 578
137 672
137 690
137 921
138 356
138 389
138 602
138 740
138 865
138 943
138 966
139 66
139 296
139 308
139 353
139 362
139 416
139 424
139 744
139 870
139 880
140 81
140 158
140 175
140 201
140 386
140 491
140 895
141 83
141 158
141 359
141 627
141 651
141 798
141 817
141 904
142 203
142 338
142 673
142 804
142 876
142 951
143 428
143 448
143 652
143 826
144 99
144 178
144 359
144 368
144 645
144 776
144 895
144 941
145 149
145 428
145 548
145 637
145 642
145 667
145 744
145 775
145 784
145 869
145 906
145 982
146 6
146 124
146 184
146 325
146 415
146 465
146 620
146 843
146 891
146 987
147 29
147 155
147 157
147 264
147 324
147 359
147 490
147 615
147 840
148 101
148 131
148 422
148 538
148 669
148 953
148 957
148 959
149 603
149 774
149 831
150 31
150 234
150 339
150 420
150 436
150 527
150 583
150 595
150 664
150 699
150 803
150 892
150 968
151 83
151 138
151 353
151 469
151 784
151 999
152 175
152 496
152 799
152 875
153 86
153 97
153 303
153 319
153 402
153 489
153 957
153 995
154 82
154 163
154 384
154 574
154 632
154 810
154 896
155 40
155 61
155 152
155 166
155 240
155 271
155 272
155 421
155 592
155 683
155 758
155 852
155 884
155 962
155 991
156 19
156 127
156 220
156 243
156 377
156 436
156 695
156 737
156 938
157 197
157 297
157 380
157 438
157 545
157 715
157 834
157 923
157 942
158 57
158 66
158 103
158 124
158 722
159 86
159 231
159 273
159 309
159 682
159 821
159 857
159 881
159 984
160 130
160 193
160 319
160 631
160 695
160 771
160 869
160 889
160 892
160 990
161 151
161 376
161 597
161 790
161 974
162 240
162 366
162 428
162 623
162 780
162 892
163 28
163 127
163 640
163 813
164 6
164 295
164 307
164 323
164 379
164 417
164 715
164 783
165 40
165 48
165 121
165 240
165 514
165 520
165 598
165 656
165 751
165 954
166 228
166 321
166 376
167 6
167 148
167 197
167 215
167 367
167 677
167 773
167 781
167 930
168 276
168 595
168 659
168 669
168 714
168 914
169 318
169 585
169 758
169 882
169 943
169 987
170 239
170 255
170 319
170 946
171 203
171 269
171 789
171 925
171 981
172 116
172 409
172 500
172 566
172 621
172 626
172 665
172 870
172 898
172 900
172 974
173 88
173 156
173 195
173 293
173 307
173 454
173 457
173 496
173 676
173 884
173 932
173 981
174 28
174 35
174 193
174 361
174 370
174 535
174 546
174 583
174 608
174 773
174 944
174 949
175 309
175 428
175 556
175 566
175 786
175 799
175 818
176 487
176 488
176 576
176 658
176 659
176 668
176 799
176 981
177 238
177 511
177 711
177 929
178 927
179 78
179 322
179 399
179 423
179 574
179 630
179 632
179 818
180 140
180 226
180 239
180 246
180 296
180 348
180 371
180 429
180 434
180 470
180 614
180 630
180 665
180 822
180 981
181 2
181 39
181 51
181 103
181 198
181 375
181 462
181 480
181 528
181 683
181 770
181 921
182 270
182 299
182 304
182 385
182 548
182 555
182 622
182 668
183 479
183 492
183 594
183 712
183 953
184 18
184 63
184 223
184 440
184 461
184 465
184 521
184 527
184 685
184 727
184 911
185 33
185 38
185 183
185 559
185 604
186 128
186 138
186 343
186 359
186 477
186 916
186 980
187 342
187 385
187 389
187 438
187 463
187 871
187 888
187 910
188 69
188 139
188 252
188 590
188 766
188 904
189 76
189 110
189 245
189 319
189 377
189 417
189 740
189 971
190 302
190 329
190 360
190 557
190 561
190 572
190 680
190 861
190 903
190 908
190 914
190 921
190 925
191 310
191 441
191 621
191 818
191 933
192 29
192 174
192 284
193 134
193 156
193 307
193 678
193 762
194 89
194 370
194 555
194 657
194 713
194 795
194 845
194 856
195 95
195 157
195 475
195 630
195 723
195 733
195 873
195 888
195 990
196 134
196 269
196 714
196 770
196 919
197 120
197 135
197 201
197 630
197 710
198 114
198 274
198 276
198 353
198 367
198 464
198 522
198 624
198 721
198 871
198 899
199 10
199 246
199 299
199 373
199 385
199 732
199 761
199 941
200 41
200 158
200 232
200 300
200 344
200 352
200 438
200 454
200 514
200 639
200 908
201 153
201 225
201 854
202 1
202 52
202 122
202 477
202 498
202 589
202 603
202 673
202 731
202 752
202 845
203 18
203 263
203 425
203 488
203 519
203 655
203 657
203 975
204 25
204 56
204 179
204 456
204 580
204 591
204 763
205 216
205 236
205 245
205 459
205 483
205 740
205 805
205 884
205 982
206 105
206 210
206 425
206 506
206 609
206 762
206 892
207 548
207 723
207 837
208 144
208 298
208 306
208 336
208 380
208 500
208 598
208 631
208 728
208 738
209 18
209 25
209 548
209 585
209 591
209 894
210 913
211 22
211 68
211 207
211 347
211 382
211 431
211 432
211 642
211 652
212 38
212 578
212 603
212 747
212 754
212 827
212 831
212 882
213 455
213 624
213 779
214 153
214 256
214 326
214 543
214 561
214 843
214 937
215 51
215 415
215 420
215 423
215 603
215 673
215 702
215 829
215 976
216 46
216 68
216 71
216 86
216 237
216 355
216 380
216 524
216 766
216 907
216 915
216 952
217 263
217 297
217 321
217 374
217 648
218 151
218 163
218 178
218 304
218 455
218 853
218 976
219 12
219 314
219 528
219 676
219 680
219 755
219 888
220 52
220 183
220 244
220 899
221 2
221 15
221 278
221 633
221 836
221 942
222 212
222 234
222 309
222 319
222 552
222 605
222 607
222 675
222 776
223 315
223 352
223 514
223 721
223 724
223 731
223 918
223 929
224 99
224 105
224 223
224 327
224 345
224 417
224 716
224 768
224 974
224 997
225 378
225 413
225 510
225 750
225 898
225 946
226 127
226 208
226 349
226 690
226 784
226 858
227 72
227 595
227 603
227 700
227 840
227 846
227 869
228 60
228 127
228 441
228 463
228 576
228 884
228 935
229 31
229 76
229 98
229 124
229 181
229 194
229 198
229 412
229 499
229 547
229 726
229 733
230 10
230 235
230 358
230 516
230 657
230 859
230 862
230 872
230 981
231 61
231 67
231 102
231 169
231 273
231 348
231 365
231 558
231 636
231 647
231 789
231 958
232 75
232 122
232 442
232 612
232 752
232 935
232 950
233 129
233 222
233 272
233 381
233 419
233 421
233 447
233 568
233 622
233 726
233 817
234 100
234 211
234 294
234 364
234 369
234 387
234 595
234 613
235 172
235 293
235 299
235 382
235 424
235 486
235 530
235 685
235 759
235 940
235 974
235 977
236 101
236 286
236 443
237 108
237 120
237 336
237 506
238 178
238 223
238 224
238 286
238 301
238 347
238 374
238 391
238 442
238 547
238 578
238 717
238 798
238 808
239 141
239 352
239 454
240 30
240 56
240 218
240 303
240 389
240 465
240 481
240 532
240 756
240 801
240 919
240 953
241 216
241 269
241 363
241 397
241 714
242 249
242 317
242 462
242 526
242 596
242 664
242 672
242 863
242 938
242 978
243 45
243 131
243 147
243 315
243 357
243 696
243 899
244 310
244 368
244 378
244 420
244 533
245 140
245 380
245 520
245 591
245 630
245 649
245 689
245 732
245 754
245 794
245 901
246 5
246 56
246 160
246 673
246 761
246 899
247 4
247 183
247 221
247 331
247 356
247 411
247 711
247 723
247 730
247 748
247 957
248 10
248 71
248 138
248 162
248 220
248 403
248 533
248 567
248 669
248 719
248 890
249 84
249 110
249 168
249 210
249 329
249 464
249 648
249 671
249 812
250 162
250 236
250 555
250 704
250 783
251 244
251 295
251 314
251 526
251 609
251 678
251 720
251 723
251 734
251 884
252 90
252 111
252 259
252 687
252 730
252 734
252 810
252 938
253 28
253 224
253 261
253 262
253 385
253 456
253 673
253 790
253 809
253 846
253 898
253 955
254 8
254 355
254 419
254 557
254 677
254 726
254 782
255 1
255 65
255 301
255 304
255 414
255 620
255 651
255 731
255 845
255 846
255 917
256 9
256 100
256 122
256 139
256 403
256 798
257 5
257 617
257 650
257 735
257 840
257 995
258 187
258 193
258 366
258 584
258 742
259 114
259 240
259 405
259 428
259 501
259 517
259 543
259 567
259 629
259 645
259 783
260 189
260 241
260 547
260 608
260 618
260 795
260 997
261 13
261 389
261 501
261 715
261 762
261 905
262 243
262 527
262 585
262 733
262 800
262 884
262 894
263 131
263 164
263 194
263 425
263 433
263 485
263 588
263 719
263 931
263 933
263 964
264 69
264 191
264 436
264 542
264 609
264 705
264 714
265 4
265 104
265 111
265 184
265 229
265 264
265 289
265 377
265 388
265 470
265 524
265 605
265 696
265 730
265 850
265 926
266 650
266 750
266 976
267 31
267 135
267 225
267 292
267 372
267 446
267 654
267 667
267 747
267 808
267 822
267 849
267 1000
268 61
268 159
268 243
268 271
268 316
268 366
268 470
268 549
268 679
268 824
269 172
269 187
269 272
269 359
269 400
269 562
269 603
269 696
269 850
270 22
270 153
270 208
270 248
270 437
270 561
270 699
270 714
271 55
271 303
271 549
271 570
271 821
271 832
272 81
272 209
272 288
272 421
272 516
272 645
272 818
272 982
273 450
273 553
273 585
273 743
273 775
273 860
273 921
273 944
273 953
274 16
274 357
274 497
274 548
274 777
274 918
274 924
275 94
275 410
275 473
275 498
275 565
275 567
275 697
275 819
275 847
275 851
275 857
275 899
275 973
276 271
276 279
276 300
276 403
276 583
276 723
276 938
276 993
277 523
277 990
278 192
278 279
278 504
278 539
278 634
278 649
278 758
278 792
278 958
278 984
279 69
279 79
279 222
279 262
279 278
279 491
279 741
280 90
280 118
280 256
280 456
280 505
280 529
280 685
280 875
281 143
281 288
281 408
281 465
281 634
281 636
281 699
281 799
281 805
281 918
282 170
282 263
282 298
282 796
282 962
283 45
283 116
283 276
283 347
283 630
283 756
283 806
283 856
283 888
284 123
284 182
284 381
284 637
284 697
284 960
285 61
285 233
285 242
285 294
285 307
285 343
285 662
285 779
285 833
285 914
285 932
285 954
286 73
286 252
286 441
286 518
286 680
286 747
286 770
287 121
287 297
287 345
287 353
287 357
287 393
287 467
287 485
287 560
287 660
287 727
287 939
288 160
288 203
288 243
288 311
288 368
288 497
288 629
288 652
288 784
288 880
288 952
288 960
289 1
289 157
289 303
289 551
289 561
289 699
289 748
289 900
289 977
290 49
290 59
290 80
290 86
290 163
290 177
290 455
290 467
290 578
290 599
290 687
290 885
291 43
291 106
291 114
291 621
291 757
291 835
291 942
292 167
292 266
292 321
292 355
292 921
292 935
292 995
293 151
293 313
293 332
293 369
293 665
293 778
293 879
293 957
294 241
294 333
294 645
294 693
294 725
294 904
294 960
295 33
295 342
295 740
295 808
295 887
296 41
296 244
296 387
296 405
296 407
296 579
296 614
296 622
296 626
296 671
296 822
296 887
297 64
297 224
297 462
297 806
298 369
298 380
298 721
298 726
298 747
298 823
298 842
298 873
299 4
299 141
299 249
299 302
299 308
299 342
299 361
299 394
299 728
299 737
299 773
299 795
299 867
299 877
300 70
300 244
300 441
300 444
300 510
300 542
300 581
300 624
300 800
301 375
301 502
301 765
302 50
302 191
302 601
302 786
303 335
303 366
303 473
303 495
303 602
303 693
303 819
303 836
303 896
304 16
304 78
304 218
304 267
304 343
304 436
304 600
304 985
305 19
305 72
305 94
305 205
305 285
305 488
305 944
305 946
305 953
305 978
306 60
306 225
306 310
306 407
306 506
306 564
306 673
306 720
306 730
306 746
306 767
307 98
307 472
307 590
307 592
307 640
307 725
307 755
307 771
307 813
307 989
308 9
308 120
308 258
308 359
308 381
308 431
309 161
309 183
309 204
309 406
309 547
309 818
309 838
310 268
310 477
310 582
310 622
310 701
310 824
311 177
311 246
311 566
311 834
312 355
312 453
312 469
312 479
312 485
312 556
312 640
312 663
312 721
312 872
312 903
312 931
313 139
313 156
313 223
313 285
313 835
313 928
313 942
313 988
314 241
314 292
314 806
314 975
314 993
315 289
315 369
315 669
315 671
315 903
316 136
316 312
316 413
316 511
316 523
316 726
316 844
316 923
316 926
316 958
316 967
316 979
316 991
317 320
317 422
317 436
317 641
317 694
317 732
317 972
318 103
318 128
318 234
318 585
318 759
318 764
319 513
319 729
319 759
320 104
320 155
320 377
320 393
320 437
320 467
320 660
320 720
321 104
321 134
321 253
321 288
321 329
321 543
321 682
322 211
322 394
322 494
322 514
322 705
322 772
322 803
322 874
322 880
323 150
323 339
323 493
323 548
323 562
323 728
323 734
323 941
323 984
323 988
324 9
324 198
324 309
324 513
324 571
324 989
325 33
325 139
325 142
325 149
325 215
325 223
325 327
325 752
325 757
325 991
326 123
326 380
326 420
326 433
326 508
326 520
326 524
326 741
326 979
327 96
327 200
327 412
327 592
327 622
327 636
327 915
327 967
327 973
328 299
328 569
328 616
328 823
329 316
329 339
329 343
329 441
329 531
329 733
329 763
329 826
330 58
330 118
330 133
330 571
330 859
330 922
330 956
331 127
331 154
331 387
331 527
331 707
331 757
331 917
332 16
332 173
332 433
332 443
332 481
332 521
332 731
332 925
332 935
333 158
333 392
333 424
333 590
333 603
333 638
333 661
333 849
333 869
334 24
334 132
334 217
334 320
334 358
334 363
334 392
334 473
334 541
334 561
334 720
334 758
334 786
335 268
335 334
335 433
335 933
336 57
336 220
336 274
336 373
337 50
337 81
337 165
337 186
337 295
337 505
337 525
337 633
337 686
337 703
337 790
337 805
337 940
338 82
338 337
338 352
338 548
338 925
339 5
339 355
339 735
339 777
339 791
339 792
339 876
340 269
340 293
340 335
340 464
340 630
340 865
340 938
341 27
341 394
341 396
341 468
341 476
341 715
341 771
342 308
342 445
342 460
342 467
342 658
342 946
343 183
343 222
343 261
343 330
343 359
343 402
343 513
343 540
343 651
343 765
343 801
344 271
344 276
344 375
344 403
344 444
344 752
344 773
344 845
344 856
344 884
344 985
344 995
345 34
345 117
345 248
345 399
345 438
345 447
345 523
345 576
345 644
345 654
345 842
345 897
345 922
346 162
346 327
346 383
346 414
346 470
347 262
347 377
347 630
347 752
347 999
348 88
348 133
348 192
348 301
348 388
348 742
349 7
349 15
349 175
349 324
349 339
349 359
349 563
349 692
350 29
350 30
350 139
350 160
350 194
350 226
350 391
350 401
350 474
350 842
350 939
351 464
351 572
351 623
351 649
351 802
352 26
352 45
352 108
352 515
352 535
352 600
352 853
352 882
352 896
353 289
353 345
353 352
353 484
353 642
353 742
353 949
354 142
354 494
354 550
354 633
354 830
355 258
355 371
355 607
355 619
355 638
355 763
356 2
356 249
356 466
356 528
356 722
356 936
356 970
357 229
357 409
357 447
357 448
357 720
357 774
357 781
357 885
357 895
358 91
358 129
358 266
358 336
358 477
358 487
358 521
358 722
358 724
358 892
358 895
358 900
359 34
359 208
359 405
359 443
359 450
359 862
359 875
359 897
360 33
360 161
360 326
360 472
360 536
360 752
360 759
360 833
361 123
361 214
361 558
361 657
362 323
362 385
362 387
362 538
362 776
362 946
363 215
363 409
363 685
363 724
364 126
364 251
364 310
364 401
364 587
364 687
365 229
365 354
365 378
365 416
365 437
365 655
365 767
365 835
365 910
365 965
366 14
366 32
366 34
366 120
366 143
366 480
366 483
366 660
366 684
366 773
366 803
367 74
367 253
367 526
367 583
367 865
367 873
368 40
368 56
368 116
368 140
368 145
368 168
368 235
368 306
368 405
369 166
369 272
369 317
369 808
369 811
369 857
369 989
369 1000
370 61
370 85
370 130
370 202
370 480
370 518
370 528
370 536
370 600
370 615
370 673
370 818
370 835
370 876
370 879
370 911
371 22
371 335
371 336
371 368
371 406
371 472
371 544
371 668
371 710
371 729
371 757
372 14
372 53
372 182
372 232
372 371
372 436
372 500
372 587
372 760
372 908
373 260
373 287
373 304
373 340
373 359
373 507
373 916
374 268
374 495
374 589
374 767
375 247
375 298
375 710
375 946
376 64
376 135
376 690
376 705
376 708
376 854
376 878
376 944
376 959
377 57
377 81
377 99
377 127
377 160
377 190
377 228
377 399
377 404
377 906
377 920
377 981
377 997
378 81
378 131
378 262
378 476
378 647
378 784
378 848
378 953
378 991
379 113
379 207
379 409
379 534
379 785
379 1000
380 14
380 94
380 123
380 282
380 586
380 743
380 773
381 31
381 138
381 267
381 410
381 539
381 546
381 567
381 612
381 705
381 764
381 807
382 19
382 78
382 391
382 399
382 412
382 483
382 818
382 892
383 278
383 333
383 854
383 884
383 945
384 185
384 273
384 443
384 598
385 308
385 374
385 686
385 911
386 200
386 265
386 500
386 540
386 613
386 866
386 887
386 900
386 991
387 4
387 90
387 149
387 165
387 178
387 318
387 361
387 464
387 611
387 629
387 766
387 840
387 898
388 7
388 228
388 263
388 357
388 374
388 672
388 690
388 719
388 939
389 69
389 223
389 357
389 367
389 408
390 33
390 534
390 647
390 671
390 765
390 935
391 383
391 386
391 468
391 533
391 554
391 571
391 697
391 699
391 763
391 802
391 816
391 832
391 863
391 969
392 269
392 369
392 370
392 676
392 835
392 998
393 16
393 33
393 128
393 219
393 581
393 607
393 659
394 112
394 216
394 365
394 444
394 500
395 143
395 154
395 345
395 379
395 478
395 492
395 548
395 736
395 831
395 913
396 105
396 463
396 650
396 651
396 745
396 891
396 919
397 62
397 260
397 460
397 496
397 650
398 134
398 352
398 519
398 740
398 773
398 848
398 869
399 120
399 364
399 542
399 668
399 846
400 28
400 42
400 279
400 401
400 634
400 729
400 969
401 90
401 148
401 220
401 465
401 470
401 524
401 556
401 650
401 776
401 839
401 858
401 869
401 875
402 158
402 193
402 313
402 414
402 512
402 561
402 562
402 689
402 698
402 756
402 963
403 55
403 61
403 205
403 248
403 346
403 370
403 514
403 655
403 991
404 19
404 875
404 974
405 18
405 178
405 507
405 537
405 631
405 923
406 10
406 164
406 458
406 522
406 761
406 826
406 834
406 897
406 974
407 58
407 100
407 186
407 192
407 264
407 429
407 586
407 598
407 754
408 70
408 180
408 604
408 740
408 807
409 449
409 486
409 535
409 573
409 645
409 743
409 815
410 442
410 656
410 698
410 729
410 845
410 857
411 275
411 459
411 657
411 811
412 5
412 164
412 214
412 442
412 583
412 690
412 697
412 716
413 348
413 363
413 398
413 664
413 667
413 675
414 272
414 393
414 678
414 687
414 804
414 926
415 57
415 103
415 162
415 164
415 212
415 275
415 725
415 736
415 852
416 138
416 286
416 592
416 624
416 631
416 662
416 789
416 800
417 45
417 69
417 205
417 249
417 340
417 479
417 580
417 610
417 747
417 902
417 958
418 13
418 24
418 25
418 64
418 476
418 512
418 569
418 688
418 714
418 853
418 877
418 961
419 47
419 57
419 59
419 147
419 250
419 295
419 333
419 894
419 923
420 108
420 233
420 317
420 423
420 466
420 552
420 696
420 923
420 979
421 177
421 245
421 393
421 435
421 504
421 611
421 980
422 402
423 133
423 290
423 664
423 679
423 690
423 772
423 795
423 837
423 878
423 923
423 953
423 996
424 75
424 155
424 327
424 501
424 522
424 731
424 829
424 911
424 922
425 35
425 474
425 577
425 579
425 771
425 894
425 939
426 104
426 257
426 342
426 373
426 574
426 621
426 707
426 774
426 938
426 966
427 72
427 74
427 83
427 90
427 135
427 262
427 290
427 377
427 447
427 490
427 491
427 507
427 704
427 967
428 178
428 214
428 371
428 447
428 473
428 526
428 637
428 712
429 452
429 647
430 64
430 160
430 292
430 349
430 541
430 727
431 37
431 146
431 212
431 245
431 344
431 377
431 800
431 871
431 949
431 971
432 29
432 82
432 297
432 399
432 455
432 532
432 712
433 306
433 354
433 684
434 24
434 99
434 170
434 271
434 772
434 975
435 106
435 386
435 661
435 726
435 832
435 975
436 155
436 184
436 211
436 581
436 642
436 736
436 928
436 962
437 316
437 616
437 701
437 766
437 869
437 966
437 980
438 72
438 117
438 162
438 177
438 188
438 189
438 459
438 487
438 537
438 642
438 683
438 697
439 18
439 23
439 42
439 72
439 107
439 462
439 735
439 870
439 940
440 46
440 447
440 554
440 784
440 817
440 960
441 66
441 148
441 190
441 338
441 439
441 453
441 478
441 679
441 944
442 64
442 322
442 425
442 624
442 651
443 1
443 203
443 334
443 437
443 482
443 827
444 64
444 130
444 310
444 356
444 405
444 475
444 545
444 613
444 647
444 684
444 742
444 755
444 837
444 859
444 903
444 982
445 91
445 383
445 453
445 478
445 512
445 698
445 700
445 703
445 727
445 767
445 772
445 776
445 944
446 53
446 95
446 110
446 127
446 273
446 348
446 442
446 960
447 50
447 105
447 946
447 998
448 27
448 57
448 64
448 300
448 393
448 567
448 763
448 831
448 912
448 972
449 142
449 261
449 282
449 285
449 328
449 363
449 385
449 418
449 498
449 745
449 813
449 834
450 162
450 264
450 364
450 454
450 625
450 647
450 658
451 82
451 269
451 293
451 366
451 384
451 677
451 718
451 778
451 903
451 960
452 16
452 72
452 734
452 806
452 840
452 888
453 14
453 307
453 393
453 517
453 540
453 637
453 722
453 727
453 877
453 997
454 238
454 332
454 489
454 499
454 578
454 635
454 767
454 797
454 899
454 923
455 28
455 162
455 232
455 288
455 438
455 447
455 535
455 653
455 662
456 56
456 128
456 297
456 423
456 539
456 555
456 730
456 862
457 178
457 396
457 431
457 515
457 844
457 860
457 897
458 12
458 42
458 51
458 52
458 129
458 149
458 189
458 560
458 589
458 831
458 914
459 114
459 499
459 574
459 586
459 594
459 926
459 982
460 13
460 100
460 140
460 246
460 439
460 672
460 676
460 695
460 743
460 773
460 918
460 992
461 214
461 325
461 632
461 641
461 886
462 20
462 102
462 363
462 538
462 702
462 707
462 722
462 786
462 847
463 22
463 243
463 453
463 606
463 672
463 724
463 732
463 925
463 943
464 93
464 374
464 410
464 424
464 574
464 700
465 58
465 136
465 178
465 217
465 294
465 471
465 600
465 653
465 866
465 952
466 151
466 349
466 436
466 729
466 934
466 996
467 173
467 551
467 858
467 896
467 959
468 266
468 464
468 470
468 559
468 595
469 239
469 443
469 472
469 576
469 698
469 715
469 788
469 870
469 993
470 172
470 182
470 475
470 766
470 781
470 809
470 941
470 997
471 89
471 416
471 468
471 561
471 733
471 820
471 883
471 915
471 920
471 932
471 935
471 979
472 112
472 113
472 189
472 219
472 278
472 465
472 673
472 868
472 885
472 908
473 93
473 138
473 146
473 148
473 223
473 229
473 232
473 254
473 633
473 683
473 759
474 106
474 178
474 187
474 213
474 221
474 228
474 546
474 676
474 682
474 823
474 956
475 401
475 495
475 548
475 570
476 71
476 226
476 413
476 429
476 466
476 512
476 551
476 623
476 690
476 693
476 811
476 821
476 827
476 925
477 45
477 244
477 478
477 595
477 601
477 720
478 96
478 153
478 214
478 430
478 451
478 480
478 646
478 734
478 834
478 894
479 184
479 356
479 407
479 443
479 529
479 648
479 723
479 773
479 864
479 909
479 924
479 929
480 1
480 26
480 63
480 275
480 360
480 638
480 660
480 737
480 924
480 942
480 993
481 106
481 242
481 400
481 859
481 977
482 45
482 447
482 724
482 841
482 854
482 869
483 52
483 118
483 195
483 460
483 641
483 676
483 743
483 875
484 108
484 189
484 327
484 503
484 540
484 619
484 630
484 791
484 891
484 918
484 957
485 120
485 136
485 557
485 562
485 642
485 664
485 751
485 848
485 890
486 150
486 155
486 238
486 260
486 354
486 525
486 676
486 943
487 95
487 138
487 167
487 172
487 321
487 450
487 453
488 13
488 119
488 561
488 585
488 924
489 183
489 276
489 277
489 363
489 435
489 440
489 453
490 45
490 70
490 419
490 713
490 855
490 947
491 8
491 173
491 183
491 243
491 492
491 584
491 597
491 888
492 92
492 136
492 297
492 404
492 514
492 737
492 929
492 943
493 41
493 56
493 282
493 706
493 815
494 6
494 56
494 235
494 369
494 408
494 411
494 436
494 463
494 483
494 696
494 886
494 942
494 948
495 9
495 30
495 99
495 200
495 258
495 323
495 559
495 665
495 914
496 160
496 257
496 375
496 438
496 560
496 664
496 831
496 931
496 952
497 20
497 77
497 212
497 242
497 312
497 332
497 457
497 564
498 497
498 592
498 721
498 757
498 773
499 230
499 320
499 487
499 609
499 624
499 663
499 895
499 952
500 16
500 327
500 357
500 443
500 723
500 755
501 90
501 139
501 275
501 305
501 407
501 467
501 471
501 486
501 631
501 783
501 788
501 851
502 395
502 540
502 595
502 846
502 944
502 989
503 174
503 218
503 382
503 465
503 563
504 482
504 515
504 535
505 153
505 188
505 294
505 344
505 410
505 470
505 629
505 971
506 2
506 33
506 118
506 125
506 273
506 347
506 382
506 422
506 441
506 741
506 748
506 837
506 937
506 956
506 960
507 65
507 118
507 142
507 159
507 162
507 342
507 361
507 504
507 606
507 682
507 913
508 521
508 590
508 679
508 958
509 306
509 702
509 860
509 939
510 88
510 94
510 98
510 140
510 684
510 765
511 40
511 116
511 191
511 335
511 520
511 560
511 701
512 89
512 179
512 217
512 466
512 472
512 936
512 944
512 969
513 25
513 262
513 265
513 493
513 548
513 706
513 818
513 922
513 929
513 949
513 971
514 86
514 157
514 512
514 540
514 663
514 688
514 735
515 28
515 36
515 50
515 114
515 157
515 192
515 382
515 508
515 583
515 651
516 30
516 69
516 96
516 231
516 514
516 537
517 2
517 129
517 151
517 177
517 189
517 580
517 648
517 658
517 750
517 844
517 879
517 990
518 28
518 97
518 153
518 226
518 311
518 399
518 434
518 482
518 485
518 539
518 596
518 840
518 954
519 74
519 177
519 203
519 267
519 320
519 415
519 485
519 580
519 709
519 777
519 850
519 933
520 762
520 888
521 122
521 357
521 547
521 724
521 876
521 970
521 978
522 470
522 573
522 764
522 840
522 998
523 46
523 102
523 158
523 649
523 782
524 67
524 134
524 179
524 184
524 342
524 612
524 674
524 713
524 761
524 790
525 55
525 275
525 349
525 393
525 404
525 653
525 707
525 732
525 835
525 862
526 91
526 133
526 248
526 520
526 571
526 619
527 216
527 256
527 258
527 439
527 561
527 588
527 596
527 663
527 802
527 982
528 1
528 879
528 954
528 955
529 177
529 248
529 308
529 509
529 632
529 711
529 782
529 963
530 134
530 504
530 584
530 648
530 751
530 776
530 835
530 915
531 109
531 371
531 486
531 538
531 542
531 567
531 598
531 680
531 704
531 715
531 801
531 999
532 56
532 66
532 280
532 282
532 453
532 523
532 541
532 704
532 799
532 843
532 888
532 910
533 375
533 626
533 699
533 746
533 787
533 802
533 898
534 147
534 184
534 226
534 287
534 318
534 347
534 356
534 392
534 535
534 583
534 588
534 804
534 889
534 957
535 193
535 228
535 369
535 386
535 539
535 565
535 851
536 209
536 304
536 387
536 441
536 802
536 814
537 17
537 75
537 132
537 286
537 540
537 712
537 760
537 868
537 962
538 109
538 252
538 361
538 395
538 435
538 445
538 489
538 528
538 534
538 744
539 218
539 281
539 321
539 439
539 448
539 586
539 607
539 625
539 870
539 958
539 998
540 101
540 110
540 153
540 174
540 206
540 213
540 307
540 344
540 811
540 911
541 97
541 158
541 197
541 251
541 360
541 521
541 523
541 552
541 571
541 581
541 620
541 715
541 754
541 832
542 162
542 257
542 477
542 578
542 589
542 693
542 829
543 21
543 171
543 298
543 309
543 563
543 617
543 728
543 906
543 988
544 59
544 306
544 475
544 582
544 670
544 763
544 785
544 839
544 849
544 906
545 265
545 389
545 687
545 706
545 727
545 728
545 913
545 920
546 5
546 262
546 275
546 430
546 517
546 618
546 771
546 850
546 865
546 903
546 994
547 39
547 50
547 121
547 184
547 236
547 335
547 360
547 465
547 504
547 831
547 867
547 895
548 263
548 311
548 337
548 369
548 621
548 829
548 990
548 992
549 14
549 54
549 325
549 825
549 868
550 32
550 36
550 192
550 222
550 291
550 346
550 635
550 685
550 812
550 845
551 5
551 255
551 278
551 369
551 395
551 540
551 555
551 662
551 680
551 713
551 924
551 943
551 983
552 21
552 441
552 484
552 660
552 684
552 696
553 121
553 262
553 850
553 929
554 26
554 82
554 239
554 246
554 470
554 551
554 804
554 888
554 907
554 995
555 20
555 241
555 321
555 432
555 697
555 738
555 902
556 186
556 238
556 250
556 287
556 494
556 516
556 637
556 658
556 741
557 69
557 238
557 318
557 461
557 505
557 514
557 533
557 634
557 706
557 917
557 936
558 35
558 377
558 408
558 420
558 423
558 434
558 455
558 611
559 87
559 553
559 580
559 845
559 914
560 99
560 211
560 233
560 354
560 465
560 618
560 702
560 934
561 355
561 441
561 508
561 603
561 675
561 726
561 765
561 891
561 939
562 26
562 346
562 370
562 794
562 999
563 51
563 297
563 299
563 304
563 306
563 313
563 483
563 559
563 599
563 607
563 730
563 986
564 61
564 74
564 434
564 448
564 614
564 760
564 772
564 844
565 135
565 447
565 552
565 806
565 928
566 68
566 164
566 258
566 353
566 366
566 527
566 528
566 669
566 672
566 758
567 74
567 259
567 296
567 407
567 589
567 595
567 649
567 852
567 905
568 38
568 92
568 245
568 468
568 567
568 581
568 815
568 925
568 994
569 64
569 95
569 143
569 308
569 368
569 509
569 548
569 608
569 628
569 820
570 64
570 109
570 144
570 181
570 355
570 561
570 659
570 680
570 760
570 793
570 836
571 137
571 168
571 504
571 550
571 561
571 626
571 964
572 99
572 149
572 150
572 291
572 307
572 352
572 400
572 403
572 853
572 987
573 68
573 98
573 215
573 453
573 680
573 700
574 65
574 103
574 112
574 264
574 301
574 327
574 471
574 487
574 545
574 546
574 849
574 930
574 997
575 81
575 188
575 373
575 605
575 610
575 708
576 36
576 93
576 190
576 191
576 274
576 642
576 703
576 930
577 2
577 83
577 114
577 250
577 277
577 378
577 467
577 491
577 616
577 624
577 704
577 782
577 842
577 878
577 924
577 941
578 122
578 138
578 300
578 405
578 462
578 635
578 682
578 706
578 936
579 87
579 191
579 217
579 279
579 372
579 569
579 637
579 686
579 737
579 860
580 2
580 15
580 102
580 124
580 278
580 416
580 437
580 514
580 548
580 728
580 742
580 986
581 68
581 240
581 348
581 600
581 654
581 808
581 962
582 8
582 113
582 204
582 445
582 555
582 576
582 614
583 157
583 168
583 216
583 246
583 253
583 476
583 560
583 584
583 619
583 693
583 752
583 763
583 811
583 835
583 977
584 61
584 430
584 616
584 639
584 788
584 996
585 431
585 602
585 638
585 890
585 940
585 972
586 58
586 107
586 403
586 464
586 551
586 607
586 641
586 678
587 68
587 100
587 163
587 270
587 459
587 598
587 604
587 606
587 813
588 113
588 127
588 291
588 365
588 520
588 538
588 568
588 749
588 767
588 833
588 955
589 35
589 96
589 100
589 126
589 191
589 233
589 261
589 460
589 591
589 599
589 770
590 1
590 271
590 289
590 443
590 459
590 878
590 983
591 362
591 664
591 715
592 125
592 191
592 204
592 293
592 330
592 680
592 694
592 999
593 16
593 37
593 74
593 261
593 286
593 426
593 446
593 497
593 542
593 601
593 651
593 767
594 61
594 397
594 414
594 635
594 636
594 712
594 752
594 904
594 971
595 31
595 35
595 110
595 179
595 475
595 504
595 794
595 921
596 39
596 224
596 236
596 270
596 312
596 323
596 325
596 328
596 694
596 764
596 946
597 126
597 718
597 737
597 953
598 373
598 485
598 885
599 145
599 160
599 297
599 363
599 458
599 460
599 531
599 641
599 680
599 918
600 524
600 644
600 872
600 990
601 6
601 29
601 94
601 99
601 388
601 452
601 511
601 552
601 558
601 573
601 916
601 924
602 95
602 113
602 146
602 320
602 359
602 488
602 568
602 878
603 317
604 194
604 292
604 301
604 434
604 625
604 759
604 805
604 949
604 967
605 149
605 232
605 239
605 528
605 560
605 587
605 604
605 794
605 909
606 9
606 75
606 92
606 119
606 447
606 851
606 895
606 929
607 87
607 439
607 724
608 169
608 204
608 621
609 90
609 138
609 172
609 250
609 341
609 376
609 381
609 466
609 683
609 866
609 945
609 965
610 369
610 411
610 415
610 447
610 512
610 774
610 827
610 901
610 927
610 941
611 95
611 127
611 431
611 664
611 710
611 982
612 36
612 195
612 197
612 351
612 589
612 608
612 659
612 801
612 874
612 993
613 90
613 177
613 258
613 493
613 639
613 991
614 146
614 644
614 898
614 956
615 33
615 158
615 170
615 252
615 258
615 541
615 574
615 737
616 141
616 387
616 580
616 615
616 644
616 674
616 841
616 886
617 185
617 238
617 364
617 419
617 494
617 589
617 641
617 752
617 760
617 803
617 851
617 873
617 881
618 58
618 62
618 266
618 368
618 536
618 664
618 751
618 763
618 855
618 884
618 922
619 366
619 462
619 770
619 968
619 994
620 56
620 130
620 204
620 253
620 308
620 442
620 461
620 500
620 693
620 741
621 9
621 110
621 153
621 178
621 263
621 510
621 624
621 817
621 876
621 881
621 915
622 34
622 75
622 295
622 338
622 348
622 463
622 552
622 671
622 763
622 973
623 112
623 180
623 407
623 447
623 596
623 767
623 900
623 921
623 984
624 276
624 421
624 659
624 759
624 865
624 935
625 70
625 105
625 237
625 530
625 647
625 662
625 691
625 864
625 898
625 912
626 2
626 138
626 154
626 165
626 289
626 320
626 328
626 364
626 566
626 674
627 246
627 519
627 781
627 984
628 76
628 156
628 253
628 399
628 606
628 794
628 809
629 59
629 271
629 326
629 331
629 835
629 867
629 984
630 137
630 180
630 494
630 591
630 734
630 788
630 818
630 897
630 964
631 34
631 71
631 97
631 138
631 162
631 726
631 738
631 751
631 821
631 927
632 252
632 607
632 747
632 912
632 932
633 318
634 304
634 479
634 492
634 593
634 695
634 754
634 756
634 778
634 786
634 845
634 926
635 48
635 83
635 260
635 304
635 510
635 553
635 561
635 652
635 968
636 137
636 267
636 292
636 346
636 442
636 491
636 588
636 746
636 811
636 834
636 879
636 962
637 281
637 285
637 313
637 354
637 467
637 601
637 642
637 936
638 48
638 58
638 60
638 157
638 207
638 243
638 348
638 462
638 603
638 704
638 756
638 784
638 790
638 847
638 923
639 154
639 163
639 195
639 219
639 333
639 402
639 467
639 688
639 737
639 914
640 47
640 49
640 316
640 402
640 725
641 19
641 37
641 63
641 297
641 522
641 798
641 804
642 172
642 631
642 700
642 789
642 893
642 944
643 213
643 297
643 309
643 363
643 529
643 670
643 671
643 844
644 142
644 310
644 488
644 505
644 649
644 697
644 825
645 33
645 157
645 324
645 456
645 560
645 594
645 905
645 956
645 981
646 62
646 88
646 96
646 519
646 896
647 34
647 57
647 198
647 559
647 586
647 591
647 630
647 657
647 792
647 995
648 146
648 159
648 239
648 499
648 521
648 612
648 752
649 45
649 240
649 255
649 727
649 931
649 942
649 986
650 289
650 423
650 456
650 569
650 652
650 831
651 197
651 412
651 625
651 637
651 723
651 792
651 833
652 122
652 136
652 183
652 349
652 460
652 497
652 546
652 773
652 869
653 123
653 428
653 633
653 669
653 698
653 799
653 884
654 293
654 384
654 425
654 461
654 554
654 770
655 50
655 282
655 398
655 828
655 883
655 941
656 41
656 124
656 506
656 686
656 794
656 922
657 100
657 324
657 566
657 580
657 763
658 8
658 70
658 87
658 101
658 132
658 419
658 681
658 820
658 918
658 940
659 117
659 188
659 452
659 681
659 784
659 841
660 477
660 576
660 683
660 729
660 989
661 52
661 89
661 404
661 439
661 598
661 638
661 753
661 857
662 74
662 541
662 686
662 743
663 307
663 451
663 832
663 888
664 4
664 200
664 343
664 365
664 399
664 536
664 546
664 632
664 671
664 893
665 50
665 105
665 352
665 438
665 483
665 522
665 801
665 920
666 79
666 266
666 319
666 379
666 459
666 742
666 800
666 914
667 278
667 383
667 553
667 570
667 634
667 742
667 814
667 854
667 897
667 911
667 991
668 232
668 377
668 407
668 574
668 686
668 781
668 783
669 86
669 146
669 325
669 413
669 415
669 492
669 546
669 883
670 271
670 291
670 355
670 357
670 402
670 721
670 775
670 855
670 948
671 95
671 154
671 209
671 371
671 570
671 589
672 364
672 502
672 557
672 669
672 678
672 717
672 811
672 833
672 843
672 866
672 870
672 950
672 997
673 14
673 90
673 325
673 424
673 715
673 777
673 977
674 87
674 169
674 180
674 322
674 508
674 647
674 649
674 747
674 770
674 874
675 179
675 323
675 436
675 534
675 594
675 631
675 843
675 876
676 341
676 366
676 489
676 663
676 814
676 907
676 910
677 4
677 117
677 176
677 294
677 461
677 483
677 891
677 969
678 25
678 132
678 177
678 218
678 449
678 597
678 692
678 696
678 770
678 832
678 838
678 854
678 896
679 45
679 236
679 434
679 501
679 503
679 598
679 610
679 924
679 970
680 15
680 56
680 221
680 420
680 454
680 616
680 685
680 717
680 868
680 998
681 276
681 320
681 336
681 341
681 441
681 478
681 496
681 792
682 3
682 365
682 386
682 442
682 532
682 537
682 600
682 744
683 12
683 147
683 195
683 242
683 380
683 443
683 584
683 879
683 966
683 989
684 62
684 101
684 147
684 317
684 368
684 439
684 621
684 663
684 846
684 934
685 37
686 72
686 186
686 248
686 583
686 584
686 669
686 709
686 893
686 927
687 85
687 100
687 112
687 114
687 285
687 337
687 349
687 464
687 526
687 548
687 555
687 567
687 685
687 731
687 747
687 756
687 810
687 976
688 90
688 116
688 135
688 515
688 589
688 641
688 742
688 769
688 953
689 554
689 720
689 724
689 785
689 887
690 1
690 240
690 261
690 412
690 425
690 435
690 506
690 649
690 657
690 661
690 674
690 881
691 80
691 173
691 338
691 444
691 459
691 563
691 714
691 723
691 724
691 816
691 984
692 62
692 104
692 245
692 346
692 495
692 572
692 607
692 746
692 916
693 21
693 262
693 361
693 708
693 716
693 873
694 55
694 118
694 211
694 241
694 256
694 296
694 330
694 399
694 488
694 497
694 868
694 890
695 31
695 35
695 100
695 161
695 249
696 122
696 789
696 819
696 971
696 996
697 35
697 126
697 642
698 10
698 15
698 427
698 629
698 760
698 889
698 892
699 18
699 19
699 455
699 543
699 558
699 644
699 784
699 814
699 869
700 8
700 375
700 402
700 436
700 471
700 570
700 693
700 772
700 806
700 932
701 178
701 205
701 228
701 361
701 429
701 545
702 75
702 207
702 267
702 291
702 481
702 671
702 691
702 746
702 888
702 951
703 157
703 254
703 330
703 415
703 428
703 535
703 928
704 2
704 94
704 325
704 367
704 407
704 544
704 664
704 713
705 159
705 408
705 582
705 768
705 809
705 860
706 8
706 49
706 127
706 196
706 345
706 432
706 541
706 580
706 967
707 34
707 185
707 294
707 326
707 341
707 448
707 503
707 814
708 6
708 44
708 277
708 500
708 524
708 713
709 1
709 249
709 607
709 621
709 640
709 675
709 702
709 829
710 241
710 373
710 395
710 538
710 598
710 616
710 683
710 714
710 720
710 894
710 947
711 21
711 125
711 261
711 488
711 607
711 631
711 962
712 53
712 55
712 302
712 503
712 586
712 597
712 614
712 661
712 669
712 677
712 917
712 992
713 97
713 280
713 315
713 627
713 821
713 957
714 64
714 74
714 89
714 188
714 252
714 273
714 407
714 449
714 495
714 496
714 711
714 767
714 804
714 844
714 845
714 975
714 996
715 62
715 83
715 168
715 181
715 372
715 782
715 989
716 2
716 457
716 663
716 762
716 766
716 786
716 998
717 142
717 181
717 270
717 293
717 298
717 416
717 470
717 608
717 618
717 810
717 895
717 983
718 248
718 411
718 600
718 635
718 721
718 731
719 185
719 383
719 446
719 460
719 516
719 648
719 695
719 928
720 123
720 202
720 391
720 818
720 939
721 373
721 526
721 528
721 616
721 743
721 899
722 390
722 431
722 469
722 496
722 580
722 647
722 933
722 971
723 59
723 270
723 274
723 320
723 351
723 581
723 592
723 610
723 832
723 943
724 346
724 351
724 367
724 486
724 687
724 759
724 760
725 63
725 322
725 552
725 616
725 637
725 652
726 14
726 85
726 101
726 265
726 481
726 508
726 546
726 568
726 739
726 761
726 870
726 909
727 244
727 323
727 769
727 780
727 872
727 930
727 932
727 942
727 953
728 205
728 218
728 219
728 412
728 613
728 714
728 811
729 108
729 140
729 417
729 464
729 575
729 875
730 112
730 123
730 216
730 334
730 398
730 405
730 459
730 481
730 490
730 694
730 719
730 997
731 18
731 613
731 734
732 20
732 25
732 261
732 328
732 353
732 431
732 465
732 891
732 907
733 25
733 50
733 94
733 175
733 506
733 614
733 943
734 31
734 115
734 143
734 218
734 408
734 451
734 620
734 825
734 862
735 74
735 129
735 183
735 317
735 340
735 410
735 808
736 118
736 460
736 586
736 594
736 668
736 889
736 976
737 385
737 599
737 666
737 725
737 769
738 76
738 102
738 232
738 722
738 920
739 306
739 594
739 651
739 964
740 347
740 862
741 10
741 22
741 69
741 167
741 219
741 232
741 352
741 632
741 785
741 908
742 9
742 137
742 303
742 376
742 562
742 566
742 599
742 712
742 877
743 58
743 65
743 161
743 383
743 454
743 484
743 596
744 89
744 179
744 288
744 325
744 432
744 483
744 617
744 722
744 770
744 773
744 808
745 30
745 247
745 306
745 350
745 364
745 427
745 476
745 579
745 595
745 617
745 717
745 912
746 74
746 189
746 404
746 418
747 61
747 83
747 90
747 175
747 371
747 446
747 456
747 506
747 528
747 594
747 883
747 948
747 954
748 114
748 169
748 201
748 490
748 737
748 750
748 830
749 9
749 294
749 478
749 506
749 594
749 835
749 858
750 135
750 180
750 395
751 18
751 110
751 182
751 468
751 811
751 874
752 63
752 391
752 420
752 508
752 537
752 620
752 848
753 26
753 61
753 216
753 257
753 498
753 824
753 825
754 808
754 921
755 96
755 109
755 299
755 573
755 800
755 904
756 11
756 72
756 135
756 276
756 518
756 612
756 669
756 679
756 957
756 996
757 73
757 91
757 224
757 242
757 276
757 391
757 443
757 640
757 705
757 864
758 508
758 570
758 690
758 898
759 132
759 184
759 519
759 660
759 698
759 713
759 902
760 160
760 640
760 784
760 789
760 828
760 886
760 946
761 102
761 108
761 140
761 489
761 494
761 720
761 780
761 955
762 13
762 294
762 378
762 413
762 577
762 776
762 937
762 975
763 53
763 128
763 668
763 796
763 839
763 924
764 225
764 275
764 284
764 615
764 644
764 652
764 821
764 890
764 895
764 945
764 982
765 237
765 351
765 458
765 543
765 640
765 742
765 780
765 917
765 991
766 49
766 113
766 128
766 253
766 309
766 313
766 586
766 602
766 662
766 830
767 294
767 305
767 315
767 424
767 607
767 625
767 643
767 835
767 990
768 145
768 675
768 944
769 15
769 242
769 289
769 310
769 974
770 30
770 506
770 553
771 49
771 207
771 611
771 779
771 883
771 982
772 129
772 325
772 415
772 828
772 913
773 274
773 276
773 408
773 464
773 469
773 553
773 624
773 899
773 965
774 119
774 154
774 230
774 357
774 633
774 683
774 699
775 68
775 596
775 623
775 625
775 658
775 759
775 819
775 909
775 913
776 180
776 216
776 628
776 641
776 815
776 829
777 48
777 408
777 600
777 739
777 800
778 13
778 143
778 181
778 512
778 615
778 835
779 158
779 210
779 222
779 451
779 632
779 648
779 651
779 873
780 369
780 499
780 513
780 530
780 538
780 559
780 689
781 69
781 76
781 191
781 266
781 368
781 414
781 423
781 509
781 584
781 616
781 889
782 125
782 159
782 405
783 27
783 253
783 255
783 267
783 431
783 432
783 802
784 263
784 413
784 418
785 75
785 141
785 322
785 666
785 805
785 823
785 965
786 55
786 230
786 234
786 291
786 538
786 680
786 915
786 994
787 114
787 139
787 241
787 296
787 316
787 318
787 333
787 400
787 499
787 568
787 875
787 987
788 77
788 122
788 265
788 551
788 698
788 809
788 828
788 877
788 913
788 969
789 70
789 334
789 450
789 821
789 849
789 892
790 45
790 82
790 101
790 107
790 208
790 224
790 397
790 403
790 508
790 569
790 682
790 740
791 42
791 434
791 506
791 814
791 835
791 942
792 222
792 297
792 333
792 393
792 429
792 533
792 807
792 852
793 76
793 144
793 310
793 464
793 488
793 499
793 553
793 682
793 734
793 813
794 247
794 254
794 609
794 640
794 675
794 988
795 177
795 249
795 312
795 445
795 605
795 761
796 184
796 265
796 437
796 473
796 683
796 947
797 164
797 270
797 293
797 392
797 442
797 463
797 512
797 522
797 601
797 699
797 719
797 819
797 956
797 990
798 77
798 179
798 341
798 454
798 901
799 42
799 370
799 432
799 434
799 455
799 459
799 460
799 610
799 637
799 671
799 690
799 695
800 83
800 576
800 623
800 706
800 734
800 774
801 210
801 387
801 539
801 628
801 653
801 762
801 782
801 815
801 882
802 42
802 433
802 478
802 568
802 574
802 755
802 814
802 852
803 40
803 123
803 171
803 420
803 433
803 527
803 539
803 707
803 975
804 126
804 128
804 367
804 431
804 828
804 841
804 842
805 197
805 305
805 586
805 637
805 751
806 163
806 254
806 330
806 337
806 365
806 576
806 617
806 732
806 828
807 33
807 204
807 268
807 310
807 438
807 462
807 471
807 513
807 555
807 559
807 638
807 754
807 769
807 817
807 886
807 958
808 53
808 116
808 141
808 297
808 370
808 383
808 395
808 397
808 487
808 497
808 511
808 528
808 736
808 764
808 994
809 71
809 307
809 510
809 561
809 814
809 852
809 971
810 115
810 203
810 210
810 231
810 458
810 565
810 653
810 732
810 738
810 889
811 66
811 174
811 175
811 241
811 243
811 256
811 302
811 375
811 484
811 559
811 671
811 931
812 302
812 439
812 623
812 694
812 901
812 912
813 41
813 85
813 160
813 233
813 291
813 398
813 687
813 926
814 326
814 502
814 528
814 654
814 709
814 731
814 944
815 122
815 430
815 551
815 663
816 51
816 152
816 292
816 374
816 403
816 541
816 701
816 802
817 53
817 209
817 240
817 500
817 577
817 830
817 970
818 398
818 767
818 843
819 57
819 254
819 309
819 354
819 568
819 737
819 821
819 924
819 941
819 957
819 960
820 45
820 120
820 139
820 211
820 467
820 714
820 821
820 841
820 967
821 112
821 123
821 165
821 327
821 744
821 950
822 80
822 113
822 636
822 637
822 698
822 711
822 935
822 974
823 327
823 350
823 499
823 818
823 820
823 845
823 1000
824 367
824 418
824 504
825 199
825 275
825 634
825 985
826 122
826 143
826 303
826 331
826 593
826 666
826 844
826 933
826 936
826 998
827 4
827 18
827 96
827 118
827 392
827 409
827 486
827 492
827 518
827 645
827 950
828 50
828 160
828 290
828 315
828 438
828 482
828 666
828 667
828 690
828 691
828 844
828 999
829 159
829 186
829 251
829 544
829 565
830 125
830 218
830 220
830 297
830 303
830 364
830 499
830 517
830 533
830 552
830 681
830 748
830 871
830 985
831 325
831 451
831 595
831 778
831 855
831 892
832 49
832 268
832 296
832 340
832 379
832 617
832 659
832 784
832 904
832 982
833 119
833 141
833 202
833 218
833 366
833 412
833 417
833 650
833 725
833 810
833 827
833 837
833 890
833 978
834 204
834 241
834 300
834 347
834 418
834 550
834 646
834 665
834 687
834 862
834 882
834 926
834 969
835 12
835 137
835 333
835 859
835 887
836 144
836 320
836 364
836 380
836 478
836 606
836 758
836 919
836 970
837 58
837 109
837 128
837 443
837 495
837 619
837 750
838 26
838 95
838 210
838 287
838 333
838 421
838 630
838 760
839 79
839 153
839 250
839 333
839 555
839 970
839 990
840 159
840 205
840 242
840 296
840 415
840 428
840 492
840 538
840 595
840 599
840 832
840 866
840 976
841 220
841 450
841 648
841 700
841 736
842 86
842 215
842 287
842 325
842 595
842 774
842 957
843 32
843 58
843 132
843 192
843 206
843 214
843 479
843 490
843 641
843 678
843 727
843 946
844 114
844 144
844 201
844 211
844 358
844 434
844 616
844 693
844 733
844 739
845 107
845 259
845 601
845 647
845 830
845 935
846 336
846 378
846 447
846 621
846 849
846 954
846 955
847 489
847 591
847 669
847 697
847 756
847 782
848 9
848 30
848 53
848 91
848 208
848 226
848 350
848 387
848 457
848 735
848 821
848 972
849 98
849 297
849 454
849 503
849 659
849 679
849 828
850 137
850 217
850 740
850 762
850 843
851 236
851 283
851 350
851 538
851 736
851 792
851 896
851 976
852 14
852 20
852 139
852 199
852 280
852 381
853 34
853 37
853 133
853 150
853 158
853 319
853 476
853 519
853 726
853 779
853 831
854 259
854 278
854 330
854 341
854 360
854 381
854 542
854 552
854 580
854 628
854 790
854 895
854 915
854 929
855 267
855 647
855 717
855 720
855 958
856 28
856 269
856 308
856 569
856 608
856 648
856 834
856 909
857 25
857 126
857 135
857 457
857 478
857 610
857 632
858 198
858 264
858 395
858 510
858 600
858 733
858 940
859 161
859 162
859 243
859 363
859 452
859 595
859 600
859 672
859 726
859 930
860 400
860 457
860 495
860 543
860 866
861 62
861 94
861 95
861 363
861 407
861 618
861 693
862 120
862 223
862 230
862 368
862 396
862 580
862 684
863 625
863 741
863 771
863 844
863 866
863 874
863 967
864 57
864 301
864 389
864 409
864 430
864 540
864 550
864 562
864 700
864 771
864 950
864 969
865 2
865 14
865 71
865 143
865 209
865 277
865 436
865 502
865 520
865 638
865 651
865 655
865 685
865 805
865 810
865 825
866 27
866 46
866 169
866 192
866 324
866 562
866 681
866 711
866 807
866 950
867 3
867 105
867 161
867 222
867 365
867 445
867 498
867 603
867 859
867 899
867 950
868 513
868 601
868 738
868 877
868 882
868 898
869 44
869 168
869 418
869 449
869 912
869 953
869 965
870 32
870 76
870 103
870 150
870 271
870 338
870 445
870 586
870 600
870 629
870 652
871 2
871 358
871 378
871 418
871 486
871 883
871 947
871 954
872 4
872 96
872 112
872 194
872 250
872 603
872 835
872 932
872 937
872 954
872 987
873 55
873 60
873 88
873 146
873 312
873 666
873 682
873 723
873 774
873 794
873 967
873 996
874 117
874 349
874 391
874 545
874 549
874 552
874 829
874 995
875 252
875 256
875 443
875 585
875 597
876 93
876 266
876 345
876 403
876 454
876 668
876 716
877 14
877 44
877 70
877 484
877 550
877 592
877 674
877 691
877 731
877 770
877 822
877 921
878 50
878 54
878 163
878 472
878 563
878 592
878 609
878 966
879 11
879 425
879 810
879 922
879 935
879 999
880 152
880 172
880 224
880 263
880 361
880 373
880 382
880 556
880 877
880 928
881 112
881 236
881 258
881 630
881 688
881 702
881 857
881 860
881 907
882 44
882 46
882 62
882 170
882 316
882 518
882 710
882 713
882 788
883 7
883 168
883 227
883 229
883 289
883 296
883 427
883 440
883 523
883 630
884 143
884 192
884 256
884 290
884 452
884 467
884 596
884 690
884 817
884 859
885 6
885 297
885 345
885 377
885 428
885 451
885 742
885 834
886 68
886 169
886 184
886 187
886 275
886 283
886 318
886 423
886 957
886 990
887 66
887 77
887 113
887 140
887 703
887 758
887 775
887 804
888 89
888 193
888 233
888 492
888 554
888 563
889 197
889 211
889 259
889 334
889 553
889 703
889 788
889 943
890 72
890 125
890 412
890 499
890 876
890 927
890 983
891 42
891 191
891 207
891 226
891 563
891 622
891 892
892 217
892 692
892 963
893 95
893 141
893 247
893 618
893 622
893 796
893 802
893 840
894 46
894 49
894 51
894 634
894 844
895 20
895 153
895 470
895 511
895 590
895 728
895 779
895 784
895 802
895 805
896 79
896 290
896 305
896 355
896 448
896 566
896 599
896 649
896 726
896 851
896 878
896 912
897 19
897 104
897 157
897 390
897 391
897 392
897 457
897 777
897 815
897 866
898 157
898 386
898 608
898 623
898 755
898 817
899 182
899 326
899 512
899 515
899 516
899 553
899 587
899 604
899 795
900 46
900 150
900 152
900 191
900 220
900 309
900 351
900 524
900 578
900 589
900 713
900 724
900 922
901 118
901 305
901 347
901 511
901 591
901 823
901 924
901 947
901 956
902 162
902 839
902 953
902 960
903 122
903 390
903 530
903 899
903 956
903 981
903 984
904 29
904 218
904 251
904 329
904 377
904 446
904 915
904 943
905 267
905 351
905 569
905 585
905 618
905 673
905 707
906 68
906 179
906 182
906 546
906 724
906 862
907 67
907 212
907 641
907 678
908 122
908 191
908 219
908 313
908 334
908 429
908 517
908 835
908 965
909 139
909 159
909 375
909 446
909 535
909 622
909 696
909 830
910 66
910 245
910 284
910 505
910 745
910 855
910 891
910 920
911 62
911 63
911 113
911 328
911 375
911 447
911 606
911 779
911 948
911 980
912 31
912 321
912 379
912 512
912 527
912 551
912 589
912 637
912 667
912 748
912 934
913 247
913 853
914 329
914 477
914 585
914 646
914 739
914 793
914 860
914 977
915 4
915 69
915 317
915 483
915 557
915 591
915 787
915 814
915 834
916 287
916 297
916 458
916 551
916 613
916 641
916 994
917 59
917 86
917 220
917 404
917 522
917 571
917 746
917 777
917 954
917 995
918 6
918 316
918 519
918 535
918 688
918 771
918 804
918 906
918 923
918 924
919 9
919 87
919 122
919 217
919 393
919 401
919 430
919 511
919 778
919 803
919 847
919 931
919 959
920 68
920 183
920 462
920 489
920 790
921 16
921 55
921 279
921 291
921 354
921 388
921 469
921 833
922 29
922 31
922 302
922 409
922 418
922 559
922 870
922 972
923 82
923 165
923 332
923 699
923 766
923 801
923 864
924 85
924 89
924 345
924 531
924 811
924 882
924 938
925 73
925 86
925 88
925 113
925 635
925 786
925 880
925 893
925 905
926 115
926 319
926 383
926 528
926 549
926 655
926 791
927 136
927 192
927 315
927 496
927 520
927 577
927 591
927 636
927 895
927 961
927 986
927 991
928 139
928 371
928 402
928 622
928 811
928 911
928 916
929 108
929 324
929 398
929 471
929 528
929 925
929 958
930 210
930 247
930 329
930 382
930 586
930 605
930 616
930 770
930 815
930 858
930 950
930 966
931 37
931 79
931 383
931 429
931 530
931 537
931 596
931 609
931 724
931 800
931 906
931 915
932 174
932 265
932 538
932 604
932 606
932 702
933 90
933 285
933 290
933 307
933 457
933 471
933 600
933 682
934 8
934 66
934 107
934 162
934 334
934 528
934 558
934 732
934 745
934 809
934 993
935 27
935 84
935 161
935 245
935 507
935 813
935 877
935 922
935 950
936 183
936 393
936 432
936 462
936 524
936 781
936 952
937 58
937 59
937 142
937 241
937 734
938 45
938 137
938 154
938 447
938 542
938 649
938 711
938 835
938 842
938 853
939 132
939 223
939 622
939 654
939 822
940 211
940 259
940 438
940 628
940 640
940 664
940 699
940 833
940 857
940 972
941 2
941 131
941 249
941 252
941 327
941 425
941 559
941 666
941 669
941 948
942 275
942 397
942 437
942 455
942 468
942 611
942 662
942 696
942 727
942 757
943 158
943 407
943 430
943 657
943 704
943 749
943 791
943 818
944 117
944 152
944 252
944 256
944 357
944 464
944 528
944 545
944 564
944 689
944 958
945 227
945 481
945 529
945 746
945 784
945 851
945 928
946 426
946 513
946 542
946 860
947 121
947 349
947 645
947 881
948 208
948 365
948 422
948 544
948 652
948 744
948 997
949 56
949 298
949 619
949 657
949 849
949 851
949 852
949 910
950 210
950 332
950 594
950 637
950 828
950 930
950 960
951 24
951 79
951 169
951 283
951 380
951 606
951 616
951 640
951 651
951 652
951 775
951 981
952 197
952 269
952 490
952 574
952 575
952 644
952 755
952 911
952 934
953 255
953 452
953 579
953 626
953 697
953 726
953 894
953 929
954 183
954 348
954 419
954 554
954 572
954 708
954 737
954 749
954 768
954 944
954 949
954 976
955 151
955 160
955 180
955 678
955 969
955 970
956 82
956 89
956 606
956 735
956 801
956 805
956 820
957 101
957 110
957 199
957 347
957 460
957 665
957 982
958 195
958 302
958 405
958 503
958 785
959 87
959 203
959 441
959 504
959 569
959 825
959 996
960 37
960 173
960 292
960 356
960 373
960 465
960 546
960 644
960 677
960 902
960 970
960 985
961 89
961 133
961 216
961 369
961 399
961 425
961 427
961 434
961 601
961 753
961 985
962 107
962 198
962 597
962 689
962 704
962 857
962 884
962 913
962 952
963 274
963 461
963 485
963 507
963 783
964 50
964 429
964 520
964 538
964 581
964 717
964 718
964 932
965 16
965 46
965 189
965 336
965 538
965 693
965 851
965 949
965 956
966 200
966 389
966 419
966 424
966 513
966 645
966 746
966 935
966 965
967 441
967 735
967 867
968 448
968 555
968 790
968 812
968 820
968 823
968 895
968 991
969 108
969 184
969 189
969 196
969 263
969 354
969 623
969 659
969 799
970 328
970 423
970 564
970 618
970 988
971 38
971 627
971 684
971 705
971 894
971 897
972 124
972 237
972 462
972 519
972 628
972 707
972 887
973 55
973 108
973 138
973 203
973 270
973 351
973 354
973 509
973 548
973 649
973 672
973 715
973 769
973 810
973 846
974 44
974 144
974 186
974 215
974 944
975 183
975 632
975 695
975 744
975 747
975 926
976 167
976 195
976 222
976 356
976 519
976 777
976 844
976 863
976 947
977 60
977 405
977 828
977 911
978 237
978 557
978 597
978 820
978 879
979 165
979 300
979 332
979 355
979 482
979 514
979 530
979 560
979 668
979 707
980 96
980 196
980 259
980 746
981 30
981 166
981 417
981 451
981 698
981 789
981 940
982 135
982 238
982 390
982 457
982 656
982 845
983 397
983 723
983 823
983 835
984 44
984 57
984 80
984 329
984 390
984 415
984 561
984 574
984 610
984 704
984 804
984 922
985 51
985 118
985 207
985 251
985 410
985 465
985 540
985 622
985 679
985 686
985 845
985 858
985 944
986 97
986 281
986 488
986 571
986 645
986 646
986 768
986 905
987 50
987 262
987 671
987 677
987 743
987 755
987 775
988 698
988 730
988 783
989 27
989 93
989 368
989 652
989 838
990 555
990 630
990 643
990 762
990 785
990 998
991 242
991 444
991 493
991 772
991 863
991 877
991 893
991 925
991 979
992 97
992 612
992 639
992 723
992 767
992 853
992 970
993 39
993 104
993 181
993 191
993 204
993 218
993 270
993 465
993 654
993 683
993 717
994 52
994 140
994 207
994 501
994 503
994 610
994 638
994 963
995 39
995 61
995 148
995 159
995 581
995 592
995 617
995 736
995 737
996 182
996 232
996 355
996 394
996 560
996 561
996 605
996 715
996 722
996 781
996 848
996 921
996 992
997 100
997 224
997 286
997 387
997 590
997 687
997 723
997 805
997 879
997 894
997 936
997 971
997 977
998 73
998 124
998 224
998 316
998 322
998 399
998 549
998 574
998 604
998 617
998 741
998 780
998 814
999 148
999 309
999 324
999 390
999 401
999 497
999 786
1000 671
1000 894
1000 916
1000 957
1000 985
