1000
5981
1 13
1 19
1 281
1 289
1 356
1 849
1 935
2 109
2 174
2 357
2 645
2 657
2 734
2 788
2 809
2 863
2 903
2 946
2 983
3 92
3 94
3 158
3 228
3 351
3 553
3 717
3 770
3 894
3 967
4 73
4 262
4 352
4 547
5 198
5 565
5 779
6 149
6 300
6 620
6 885
6 939
6 986
7 236
7 504
7 607
7 841
7 933
8 27
8 276
8 279
8 564
9 119
9 153
9 248
9 357
9 385
9 620
9 839
10 39
10 57
10 205
10 353
10 372
10 422
10 449
10 476
10 596
10 637
10 647
10 652
10 965
11 118
11 421
11 642
12 4
12 128
12 451
12 500
12 553
12 610
12 727
12 786
13 39
13 163
13 171
13 434
13 437
13 817
14 186
14 209
14 508
14 721
14 813
15 507
15 508
15 683
15 778
15 824
15 975
16 356
16 385
16 717
17 38
17 427
17 668
17 785
17 805
18 66
18 170
18 593
19 430
19 796
19 902
19 909
20 149
20 162
20 261
20 319
20 366
20 398
20 450
20 586
20 604
20 631
20 657
21 6
21 53
21 538
21 604
21 683
22 64
22 103
22 283
22 400
22 803
22 857
22 863
23 10
23 11
23 476
23 866
23 930
24 237
24 281
24 371
24 463
24 759
24 867
24 926
25 11
25 232
25 277
25 384
25 479
25 838
25 980
26 256
26 319
26 341
26 490
26 804
26 938
26 950
27 347
27 500
27 656
27 977
28 100
28 158
28 328
28 373
28 395
28 972
29 78
29 326
29 504
29 598
29 618
29 725
29 752
29 772
29 903
30 292
30 364
31 11
31 246
31 341
31 526
31 577
31 679
31 713
31 804
31 954
31 959
31 999
32 177
32 322
32 394
32 581
32 701
32 841
32 862
32 899
33 70
33 79
33 156
33 186
33 187
33 438
33 866
34 96
34 160
34 474
34 847
34 860
34 870
34 936
35 114
35 227
35 320
35 420
35 541
35 613
35 664
35 760
35 884
35 970
36 196
36 201
36 520
36 536
36 603
36 679
36 849
37 199
37 444
37 576
37 672
37 773
37 818
38 105
38 158
38 237
38 970
38 983
39 20
39 366
39 449
39 641
39 995
40 80
40 108
40 285
40 871
40 919
41 247
41 285
41 360
41 664
42 275
42 292
42 331
42 644
42 683
42 787
42 849
43 4
43 200
43 448
43 669
43 927
44 81
44 604
44 985
45 166
45 361
45 574
45 742
46 368
46 385
46 441
46 500
46 667
47 11
47 114
47 220
47 438
47 498
47 859
47 903
47 913
47 930
48 318
48 548
48 619
48 836
48 953
48 963
49 329
49 448
49 520
49 529
49 588
49 682
49 841
49 864
49 986
50 569
50 786
51 94
51 186
51 268
51 655
51 869
51 892
52 228
52 274
52 304
52 362
52 662
52 882
52 920
53 111
53 146
53 351
53 406
53 476
53 479
53 505
53 668
53 799
53 921
53 963
54 15
54 188
54 321
54 330
54 448
54 741
55 144
55 236
55 271
55 512
55 792
55 872
56 342
56 383
56 498
56 946
57 33
57 69
57 86
57 652
57 704
57 773
57 885
57 955
57 967
58 31
58 71
58 99
58 114
58 218
58 273
58 325
58 416
58 436
58 513
58 608
58 674
58 778
59 252
59 693
59 795
59 820
60 10
60 113
60 353
60 571
60 780
60 792
60 873
61 764
61 809
62 167
62 195
62 317
62 595
62 607
62 688
62 695
62 731
62 856
63 133
63 135
63 164
63 362
63 365
64 258
64 280
64 348
64 832
65 100
65 871
65 907
66 54
66 137
66 173
66 188
66 254
66 551
66 947
67 574
67 852
68 839
68 859
68 940
69 100
69 279
69 597
69 769
70 255
70 358
70 484
70 691
70 860
70 879
71 212
71 343
71 446
71 612
71 668
71 734
71 934
71 970
71 989
72 313
72 492
72 642
72 816
72 834
72 984
73 76
73 79
73 336
73 381
73 439
73 480
73 546
73 560
73 758
73 951
73 986
74 117
74 466
74 745
74 863
74 890
75 128
75 379
76 193
76 337
76 468
76 469
76 713
76 723
76 905
77 130
77 288
77 831
78 360
78 466
78 883
79 64
79 409
80 162
80 307
80 358
80 446
80 477
80 752
80 785
80 823
80 873
80 908
81 91
81 137
81 271
81 306
81 328
81 352
81 492
82 380
82 446
82 561
82 778
82 826
82 844
82 856
83 77
83 82
83 634
83 663
84 186
85 35
85 631
85 701
85 959
85 988
86 218
86 236
86 258
86 696
86 966
87 229
87 351
87 518
87 524
87 751
88 161
88 696
89 305
89 397
90 142
90 528
90 742
90 931
90 978
91 194
91 318
91 489
91 495
91 583
91 790
91 889
91 928
92 278
92 468
93 52
93 312
93 451
93 551
93 612
93 648
94 547
94 607
94 980
95 134
95 338
95 528
95 758
96 88
96 269
96 538
96 555
96 567
96 783
96 871
96 991
97 260
97 751
97 818
98 93
98 325
98 400
98 697
98 864
98 980
99 14
99 59
99 68
99 127
99 643
99 811
99 860
99 931
99 950
100 339
100 484
100 554
100 897
101 254
101 634
101 812
101 986
102 135
102 163
102 398
102 424
102 606
103 250
103 258
103 349
103 453
103 669
103 764
104 170
104 347
104 502
104 601
104 662
104 871
104 990
105 92
105 95
105 208
105 677
105 823
105 864
106 32
106 188
106 231
106 308
106 708
106 937
106 958
107 67
107 674
107 750
107 769
107 773
107 796
108 195
108 558
109 127
109 183
109 383
109 704
109 925
109 975
109 995
110 477
110 538
110 622
110 889
110 914
111 56
111 139
111 245
111 501
111 844
111 911
112 376
112 430
112 568
112 653
112 771
113 108
113 567
113 632
113 696
113 758
113 765
113 866
113 882
113 991
114 184
114 494
114 521
114 610
114 776
114 888
115 237
115 292
115 352
115 499
115 982
115 984
116 97
116 164
116 177
116 740
116 986
117 43
117 308
117 437
117 520
117 559
118 154
118 263
118 266
118 377
118 400
118 490
118 683
118 721
119 43
119 128
119 436
119 474
119 478
119 732
120 192
120 319
120 354
120 375
120 502
120 545
120 546
120 599
120 621
120 741
121 8
121 342
121 421
121 472
121 503
121 809
121 995
122 212
122 452
122 707
123 71
123 148
123 499
123 778
123 989
124 834
124 860
125 18
125 129
125 458
125 757
126 437
126 438
126 560
126 967
126 1000
127 462
127 485
127 672
127 768
127 789
128 277
128 343
128 562
128 676
128 795
128 918
129 29
129 152
129 181
129 223
129 236
129 390
129 685
129 709
129 823
129 832
129 860
129 925
130 231
130 613
130 731
130 739
131 123
131 242
131 546
131 576
131 811
131 908
132 72
132 86
132 254
132 369
132 502
132 559
132 736
132 860
132 968
133 368
133 743
134 461
134 505
134 590
134 677
135 1
135 521
135 753
135 808
135 873
136 267
137 36
137 47
137 55
137 139
137 147
137 282
137 493
137 548
137 549
137 813
138 70
138 227
138 292
138 345
138 363
138 724
138 900
139 356
139 405
139 468
139 615
139 700
139 901
139 904
140 54
140 492
140 665
140 666
140 797
140 888
141 313
141 319
141 335
141 590
141 651
141 724
141 764
141 777
142 37
142 135
142 172
142 176
142 285
142 873
143 11
143 81
143 209
143 577
143 669
144 2
144 27
144 633
144 867
145 281
145 379
145 550
145 927
145 998
146 493
146 552
146 694
146 799
146 819
146 982
146 1000
147 59
147 92
147 155
147 189
147 215
147 219
147 300
147 352
147 404
147 435
147 468
147 594
147 607
147 712
147 857
147 878
147 996
148 107
148 186
148 283
148 663
148 776
149 8
149 192
149 255
149 342
149 589
149 687
149 709
149 778
151 50
151 591
151 597
151 681
152 102
152 200
152 537
152 648
152 666
152 718
152 942
152 988
153 8
153 592
153 761
153 821
154 232
154 496
154 870
154 910
155 60
155 63
155 90
155 181
155 247
155 252
155 350
155 405
155 500
155 524
155 676
155 870
156 114
156 596
157 24
157 54
157 311
157 503
157 674
157 740
157 908
158 389
158 412
158 424
158 557
159 130
159 220
159 395
159 715
159 815
159 981
160 199
160 235
160 236
160 544
160 566
160 722
160 790
160 856
160 867
161 406
161 470
161 724
161 890
162 157
162 420
162 600
162 678
162 679
162 747
163 535
163 674
163 692
163 785
164 653
164 833
165 172
165 397
165 420
165 676
166 320
166 666
166 817
166 1000
167 281
167 378
167 501
167 541
167 781
167 800
167 886
168 87
168 119
168 137
168 337
168 443
168 455
168 473
168 590
168 622
168 765
168 922
169 146
169 477
169 705
169 793
169 842
169 872
170 638
170 661
170 864
170 874
170 940
170 979
170 992
170 996
171 21
171 89
171 104
171 342
172 142
173 102
173 209
173 424
173 511
173 751
173 901
173 904
173 996
174 2
174 371
174 514
174 628
174 903
175 85
175 113
175 138
175 224
175 317
175 672
175 701
175 843
175 865
175 901
175 966
176 274
176 299
176 348
176 448
176 467
176 486
176 579
176 649
176 848
176 985
176 994
177 105
177 361
177 903
178 102
178 900
178 947
178 990
179 26
179 77
179 234
179 291
179 707
179 889
180 46
180 55
180 208
180 226
180 384
180 513
180 536
180 633
180 724
180 734
180 872
181 51
181 453
181 577
181 789
181 864
182 300
182 373
182 473
182 614
182 760
182 964
183 303
183 667
183 679
183 683
183 757
183 909
184 144
184 174
184 265
184 273
184 337
184 563
184 730
184 931
184 944
185 275
185 340
185 496
185 517
185 596
185 762
185 791
185 798
185 999
186 12
186 137
186 197
186 204
186 250
186 496
186 533
186 541
186 672
186 708
187 48
187 66
187 165
187 342
187 765
187 960
187 988
188 124
188 125
188 144
188 511
188 544
188 678
188 733
188 788
188 964
189 39
189 115
189 163
189 222
189 303
189 355
189 396
189 423
189 625
190 64
190 100
190 281
190 388
190 411
190 595
190 754
190 953
191 156
191 215
191 254
191 410
191 446
191 583
191 766
191 794
191 817
191 840
191 869
192 208
192 343
192 466
192 663
193 31
193 106
193 430
193 483
193 795
194 141
194 284
194 331
194 702
194 890
194 926
195 308
195 671
195 711
196 96
196 209
196 243
196 267
196 273
196 589
196 625
196 780
197 11
197 28
197 194
197 474
197 490
197 583
197 666
197 830
197 901
198 41
198 130
198 251
198 270
198 357
198 500
198 589
198 618
198 751
199 74
199 93
199 105
199 190
199 215
199 269
199 353
199 396
199 484
199 912
199 993
200 97
200 640
200 653
200 812
200 897
201 168
201 219
201 335
201 451
201 775
202 111
202 216
202 384
202 518
202 650
202 835
202 912
203 180
203 589
203 821
203 833
203 887
204 138
204 481
204 692
205 40
205 75
205 95
205 152
205 385
205 643
205 825
205 920
206 191
206 304
206 464
206 696
206 820
206 868
206 875
206 949
207 90
207 182
207 414
207 937
208 22
208 580
208 599
208 613
208 670
208 760
208 904
209 190
209 217
209 226
209 392
209 458
209 846
209 852
209 854
210 62
210 279
210 294
210 885
211 137
211 585
211 757
211 815
211 973
212 460
212 519
212 775
212 808
212 965
213 56
213 885
214 22
214 115
214 390
214 567
214 644
214 669
214 683
214 742
214 899
214 933
215 47
215 228
215 406
215 692
215 759
215 898
216 256
216 336
216 347
216 478
216 600
216 726
217 129
217 131
217 142
217 266
217 318
217 377
217 399
217 515
217 550
217 556
217 643
218 254
218 469
218 516
218 766
218 900
219 46
219 125
219 304
219 657
219 774
219 967
220 6
220 14
220 43
220 265
220 347
220 446
220 628
220 763
221 67
221 116
221 240
221 987
222 124
222 278
222 307
222 500
222 559
222 638
222 672
222 861
222 949
223 39
223 402
223 445
223 698
223 705
223 861
223 878
224 64
224 100
224 681
225 159
225 524
225 798
225 969
226 399
226 465
226 697
226 741
226 801
226 962
227 330
227 659
227 674
227 814
227 852
228 67
228 153
228 163
228 386
228 617
228 631
229 28
229 411
229 454
229 542
229 586
229 665
229 786
229 819
229 860
229 878
229 960
230 169
230 215
230 382
230 419
230 720
230 921
230 953
231 31
231 282
231 703
231 745
231 794
232 255
232 476
232 511
232 771
232 795
232 810
233 153
233 213
233 709
233 837
233 992
234 163
234 444
234 628
234 792
235 40
235 87
235 515
235 538
235 629
235 636
235 822
235 916
236 165
236 177
236 403
236 502
236 601
236 893
236 971
237 126
237 306
237 507
237 629
237 679
237 716
237 750
237 783
237 786
238 70
238 650
238 927
239 92
239 712
239 777
239 927
239 977
240 525
240 621
240 721
240 726
240 736
240 853
240 959
241 126
241 272
241 896
242 167
242 252
242 315
242 437
242 576
242 742
242 764
243 492
243 822
243 869
243 875
243 908
243 979
244 58
244 178
244 357
244 467
244 715
244 721
244 808
244 810
245 77
245 380
245 645
245 672
246 1
246 245
246 442
246 704
246 825
246 922
247 20
247 121
247 262
247 691
247 847
248 231
248 268
248 315
248 326
248 737
249 119
249 214
249 285
249 309
249 312
249 543
250 160
250 523
250 643
250 827
250 871
250 918
250 962
251 33
251 322
251 567
251 728
251 860
251 868
252 172
252 451
252 549
252 606
252 729
252 833
253 6
253 179
253 229
253 245
253 334
253 497
253 804
253 828
253 899
253 962
254 100
254 207
254 484
254 689
254 965
255 105
255 414
255 472
255 551
255 607
255 686
255 698
255 727
255 788
256 226
256 409
256 633
256 965
257 57
257 444
257 533
257 573
257 637
257 761
257 772
257 931
258 31
258 163
258 177
258 194
258 484
258 492
259 40
259 326
259 968
260 104
260 565
260 656
260 723
260 819
261 143
261 282
261 516
261 811
261 822
262 212
262 572
263 79
263 109
263 127
263 298
263 343
263 713
263 896
263 927
264 87
264 776
264 933
264 990
265 236
265 450
265 592
265 885
265 913
266 362
266 409
266 503
266 672
266 775
266 802
266 875
267 81
267 532
267 591
267 654
267 655
267 667
267 690
267 792
268 137
268 241
268 358
268 421
268 631
268 746
268 917
268 950
268 965
269 17
269 448
269 881
269 967
270 209
270 265
270 338
270 412
270 486
270 814
271 57
271 65
271 141
271 422
271 585
271 840
271 865
271 928
271 987
272 191
272 315
272 465
272 491
272 503
272 664
272 760
272 939
273 1
273 24
273 61
273 82
273 422
273 479
273 588
273 638
273 641
273 779
273 840
273 850
273 928
274 120
274 394
274 499
274 580
274 822
275 26
275 453
275 620
275 727
276 16
276 45
276 47
276 227
276 252
276 346
276 654
276 753
276 966
277 282
277 309
277 331
277 353
277 757
277 926
277 932
278 21
278 76
278 259
278 505
278 574
278 831
278 921
278 967
279 50
279 280
279 378
279 380
279 595
279 657
279 970
280 279
280 569
280 971
281 208
281 286
281 466
281 826
281 871
282 337
282 394
282 436
282 497
282 520
282 824
282 903
283 143
283 310
283 313
283 463
283 509
283 727
283 960
283 986
284 32
284 36
284 81
284 214
284 521
284 582
284 690
284 971
285 61
285 114
285 115
285 227
285 268
285 490
285 584
285 686
286 60
286 141
286 824
286 880
287 42
287 365
287 792
287 857
288 93
288 200
288 685
288 954
289 47
289 462
289 550
289 578
289 736
290 43
290 98
290 395
290 444
290 582
290 597
290 600
290 626
290 649
290 654
290 740
291 46
291 114
291 177
291 208
291 484
291 499
291 503
291 731
292 106
292 471
292 666
292 884
293 220
293 246
293 304
293 338
293 648
293 658
293 765
293 856
294 178
294 346
294 435
294 499
294 660
295 191
295 560
295 626
296 56
296 149
296 311
296 379
296 491
296 567
296 679
296 813
296 833
296 978
297 40
297 450
297 478
297 611
297 617
297 938
298 386
298 652
298 890
298 921
299 267
299 438
299 492
299 686
299 785
300 89
300 133
300 156
300 205
300 237
300 526
300 791
300 877
301 237
301 290
301 394
301 765
301 913
302 178
302 215
302 258
302 290
302 459
302 604
302 615
302 625
302 675
302 784
302 806
303 392
303 732
303 757
304 153
304 211
304 250
304 272
304 335
304 397
304 449
304 703
304 872
305 1
305 279
305 454
305 647
305 799
305 852
306 30
306 63
306 183
306 228
306 276
306 549
306 629
306 818
307 269
307 323
307 326
307 729
307 769
307 812
307 843
307 894
308 21
308 163
308 302
308 527
308 607
308 636
308 687
309 46
309 564
309 595
309 688
309 912
310 16
310 147
310 303
310 327
310 338
310 968
310 972
311 230
311 294
311 372
311 457
311 467
311 491
311 700
311 745
312 89
312 137
312 229
312 458
312 612
312 634
312 770
312 850
312 934
312 938
313 152
313 284
313 387
313 479
313 495
313 613
313 617
313 633
313 765
313 806
313 865
314 45
314 237
314 385
314 588
314 630
315 27
315 200
315 781
315 836
315 886
316 136
316 250
316 368
316 425
316 657
316 717
316 981
317 67
317 378
317 982
318 22
318 377
318 514
318 765
318 959
318 965
319 70
319 110
319 575
319 593
319 638
319 734
319 811
319 851
319 924
320 277
320 341
320 399
320 599
320 621
320 950
320 990
321 554
321 656
321 956
321 982
322 356
322 533
322 549
322 554
322 598
322 921
322 939
323 344
323 457
323 668
323 673
323 829
324 180
324 443
324 451
324 740
325 33
325 43
325 194
325 201
325 371
325 373
325 815
325 874
326 8
326 56
326 617
326 763
326 894
326 994
327 115
327 194
327 368
327 394
327 425
327 469
327 515
327 524
327 905
328 4
328 345
328 936
329 60
329 659
329 798
329 834
329 905
330 69
330 91
330 601
330 671
330 771
331 77
331 89
331 112
331 156
331 344
331 514
331 611
331 622
331 849
331 864
331 909
332 127
332 130
332 310
332 608
332 730
332 865
332 926
333 49
333 123
333 337
333 464
333 538
333 542
333 575
333 609
333 734
333 803
333 911
333 968
333 975
334 28
334 105
334 189
334 369
334 618
334 898
335 284
335 502
335 587
335 651
335 750
336 122
336 151
336 302
336 345
336 459
337 24
337 113
337 167
337 299
337 479
337 487
337 511
337 650
337 679
337 771
337 832
338 95
338 141
338 171
338 199
338 459
338 557
338 990
339 74
339 200
339 673
339 736
339 966
340 96
340 378
340 729
341 13
341 186
341 408
341 511
341 968
342 68
342 213
342 379
342 787
342 793
343 92
343 95
343 197
343 515
343 606
343 621
343 669
344 780
344 844
345 109
345 181
345 239
345 277
346 51
346 377
346 468
346 627
346 653
346 836
346 937
346 950
347 514
347 647
347 671
347 896
348 129
348 805
348 835
348 843
348 850
349 61
349 84
349 441
349 825
349 993
350 49
350 182
350 257
350 354
350 371
350 491
350 614
350 668
350 808
351 12
351 607
351 773
351 887
352 94
352 261
352 286
352 455
352 916
352 953
353 377
353 752
353 764
354 713
354 801
354 871
354 954
355 783
355 814
355 873
355 1000
356 33
356 112
356 316
356 368
356 439
356 595
356 623
356 643
356 845
357 81
357 250
357 327
357 514
357 766
357 824
358 155
358 289
358 439
358 614
358 771
358 779
358 803
358 839
359 91
359 232
359 268
359 308
359 320
359 328
359 402
359 448
359 512
359 621
359 823
360 484
360 556
360 589
360 676
360 704
361 217
361 669
361 769
361 868
361 903
361 927
361 938
362 37
362 288
362 330
362 513
362 897
363 44
363 50
363 736
364 90
364 120
364 781
364 802
364 914
365 117
365 139
365 310
365 817
366 83
366 157
366 324
366 346
366 373
366 574
367 99
367 241
367 647
367 778
368 20
368 99
368 133
368 161
368 220
368 534
368 575
368 587
368 667
368 714
368 776
369 141
369 265
369 658
369 868
370 126
370 508
370 513
370 529
370 600
371 568
371 631
371 727
371 845
371 865
371 942
372 23
372 276
372 297
373 103
373 407
373 449
373 580
373 729
373 737
373 985
374 111
374 229
374 242
374 493
374 941
375 139
375 589
375 733
375 943
376 51
376 77
376 200
376 395
376 424
376 629
376 657
376 725
376 745
376 992
377 67
377 158
377 629
377 773
378 233
378 270
378 291
378 469
378 500
378 545
378 706
378 709
378 785
378 828
378 899
379 177
379 237
379 771
380 39
380 212
380 414
380 540
380 569
380 685
380 989
381 65
381 296
381 360
381 376
381 577
382 45
382 351
382 447
382 842
383 100
383 103
383 197
383 260
383 303
383 724
384 67
384 111
384 129
384 354
384 440
384 446
384 547
384 982
385 25
385 118
385 248
385 961
386 54
386 132
386 542
386 836
386 963
387 92
387 385
387 394
387 425
387 443
387 472
387 475
387 751
388 77
388 269
388 334
388 764
388 937
389 165
389 207
389 382
389 864
390 33
390 136
390 199
390 307
390 644
390 894
390 913
391 123
391 139
391 151
391 189
391 347
391 456
391 804
391 808
391 864
391 897
392 119
392 152
392 219
392 294
392 663
392 725
392 767
392 917
392 952
392 971
393 162
393 258
393 482
393 494
393 551
393 555
393 729
393 873
393 912
394 36
394 355
394 449
394 661
394 790
394 847
395 78
395 227
395 633
395 664
395 854
396 99
396 230
396 263
396 387
396 870
397 3
397 39
397 162
397 251
397 259
397 271
397 386
397 449
397 635
397 638
397 648
397 830
398 33
398 72
398 115
398 471
398 484
398 529
398 814
399 66
399 168
399 194
399 206
399 388
399 727
399 777
399 798
399 873
399 949
400 85
400 361
400 364
400 372
400 445
400 457
400 814
400 965
401 96
401 373
401 394
401 424
401 651
401 877
402 84
402 315
402 440
402 667
402 886
403 236
403 466
403 628
403 668
403 741
403 895
404 8
404 361
404 637
404 722
404 760
404 962
404 987
405 105
405 236
405 274
405 423
405 588
405 669
405 992
406 6
406 25
406 112
406 239
406 910
407 74
407 298
407 485
407 546
407 955
408 475
408 818
408 868
408 923
408 971
409 617
409 684
409 883
410 115
410 394
410 474
410 479
410 506
410 568
410 791
410 876
410 881
410 904
411 56
411 120
411 246
411 323
411 349
411 627
411 755
411 841
411 844
411 873
411 940
412 134
412 149
412 227
412 417
412 508
412 775
412 985
413 26
413 159
413 287
413 367
413 791
414 366
414 647
414 751
414 807
415 21
415 707
416 155
416 210
416 438
416 509
417 60
417 176
417 238
417 269
417 314
417 546
417 571
417 665
417 790
418 281
418 327
418 578
418 682
418 756
418 945
419 12
419 86
419 437
419 524
419 550
419 597
419 906
419 931
420 66
420 229
420 404
420 440
420 472
420 678
421 13
421 240
421 348
421 579
422 248
422 286
422 397
422 539
422 540
422 691
422 707
422 891
422 905
422 954
423 125
423 277
423 449
423 572
423 633
423 861
424 73
424 346
424 632
424 709
424 752
425 17
425 56
425 221
425 225
425 355
425 532
425 556
425 733
425 901
425 937
425 952
425 967
426 362
426 798
427 81
427 567
427 643
427 653
427 785
427 804
428 34
428 47
428 59
428 85
428 345
428 457
428 523
428 641
428 854
428 951
429 60
429 286
429 568
429 701
429 716
429 761
430 5
430 185
430 276
430 396
430 523
430 588
430 595
430 724
430 866
431 144
431 189
431 321
431 322
431 343
431 637
431 640
431 769
432 67
432 288
432 342
432 380
432 383
432 403
432 834
432 987
433 25
433 159
433 332
433 414
433 748
433 789
433 828
433 982
434 92
434 112
434 129
434 285
434 294
434 316
434 859
434 965
435 139
435 188
435 325
435 360
435 457
435 622
435 918
436 13
436 144
436 461
436 877
436 899
436 970
437 93
437 202
437 633
438 537
438 592
438 745
438 777
439 162
439 333
439 589
439 834
439 970
440 100
440 154
440 410
440 425
440 524
440 558
440 942
440 968
441 84
441 149
441 465
441 481
441 487
441 564
442 97
442 386
442 825
442 943
443 105
443 282
443 283
443 305
443 527
443 563
443 601
443 974
444 210
444 342
444 378
444 530
444 757
444 944
445 43
445 134
445 306
445 364
445 664
445 729
445 883
446 101
446 138
446 146
446 327
446 509
446 620
446 803
446 929
447 56
447 233
447 351
447 471
447 632
447 884
447 911
448 174
448 395
448 501
448 696
448 927
449 136
449 204
449 369
449 556
449 583
449 626
449 675
450 112
450 311
450 418
450 674
450 699
450 872
450 956
451 115
451 378
451 643
451 718
451 758
451 900
451 917
452 118
452 210
452 286
452 370
453 141
453 438
453 700
453 806
453 841
454 42
454 58
454 405
454 480
454 554
454 791
454 950
455 156
455 346
455 514
455 997
456 196
456 210
456 251
456 472
456 496
456 522
456 539
456 621
456 673
456 696
457 259
457 274
457 301
457 562
457 582
457 755
457 780
457 895
458 14
458 15
458 73
458 409
458 763
458 823
459 579
459 615
459 832
459 982
460 4
460 51
460 127
460 231
460 262
460 453
460 646
460 827
461 88
461 199
461 383
461 447
461 905
462 379
462 388
462 622
463 203
463 458
463 591
463 811
463 900
464 50
464 142
464 341
464 432
464 482
464 616
464 806
464 833
464 878
464 880
465 1
465 11
465 13
465 91
465 407
465 416
465 421
465 567
465 704
465 805
466 154
466 184
466 220
466 300
466 521
466 897
466 967
467 62
467 195
467 228
467 307
467 345
467 670
467 903
468 128
468 488
469 97
469 140
469 328
469 568
469 753
470 394
470 399
470 457
470 938
471 112
471 166
471 236
471 244
472 86
472 158
472 300
472 566
472 694
472 739
472 811
472 989
472 994
473 41
473 195
473 265
473 362
473 430
473 773
474 226
474 486
474 588
474 634
474 636
474 710
474 737
474 845
474 916
474 945
474 984
475 50
475 172
475 191
475 194
475 287
475 331
475 623
475 920
476 319
476 333
476 366
476 907
477 228
477 319
477 548
477 594
477 597
477 686
477 908
477 916
478 6
478 292
478 369
478 742
478 894
478 981
479 135
479 176
479 215
479 525
479 731
480 19
480 91
480 307
480 337
480 660
480 662
480 791
480 903
480 927
481 138
481 313
481 451
481 479
481 720
481 741
482 116
482 378
482 404
482 477
482 666
482 737
482 803
482 805
482 820
482 908
482 919
483 202
483 203
483 271
483 480
483 705
484 17
484 54
484 159
484 591
484 995
485 119
485 410
485 716
485 722
485 824
486 81
486 233
486 363
486 466
486 504
486 506
486 624
486 820
486 833
487 72
487 237
487 444
487 876
487 914
487 932
487 965
488 37
488 103
488 170
488 270
488 288
488 382
488 946
489 111
489 551
489 604
489 730
489 937
489 940
490 618
490 729
490 794
490 827
490 840
491 248
491 334
491 600
491 811
491 869
492 132
492 897
493 289
493 388
493 465
493 585
493 600
493 602
493 788
493 913
493 967
494 86
494 798
495 285
495 503
495 587
495 872
495 950
496 131
496 213
496 374
496 525
496 546
496 997
497 402
497 424
497 816
498 154
498 200
498 788
498 998
499 42
499 280
499 376
499 391
499 408
499 525
499 563
499 634
499 675
499 745
499 832
499 993
500 4
500 124
500 368
500 496
500 898
500 940
500 947
500 963
501 157
501 194
501 260
501 443
501 527
501 581
501 583
501 631
502 156
502 232
502 261
502 714
502 961
503 151
503 202
503 972
504 57
504 335
504 442
504 870
504 957
505 416
505 428
505 581
506 458
506 589
506 639
507 47
507 246
507 247
507 414
507 783
508 37
508 50
508 60
508 405
509 24
509 71
509 228
509 557
509 946
509 996
510 13
510 283
511 285
511 325
511 326
511 389
511 703
511 710
511 869
511 872
511 877
511 946
512 331
513 178
513 497
513 628
513 658
513 787
513 826
513 839
513 929
513 975
514 4
514 7
514 50
514 240
514 302
514 415
514 437
514 533
514 919
515 411
515 527
515 571
515 653
515 698
515 964
516 137
516 178
516 887
516 974
517 78
517 184
517 297
517 373
517 716
517 770
517 852
518 134
518 530
518 586
518 688
518 918
518 953
519 27
519 112
519 173
519 210
519 554
519 797
519 868
519 926
519 940
520 95
520 152
520 350
520 389
520 650
521 381
521 391
521 405
521 564
521 673
521 683
521 745
521 974
522 114
522 222
522 287
522 519
522 765
522 866
523 131
523 201
523 323
523 325
523 484
523 579
523 628
524 101
524 177
524 237
524 502
524 547
524 662
525 242
525 335
525 359
525 373
525 453
526 42
526 59
526 69
526 105
526 152
526 410
526 418
526 439
526 587
526 593
526 919
527 19
527 127
527 195
527 307
527 657
527 809
528 86
528 131
528 329
528 629
528 741
528 952
528 969
529 148
529 193
529 292
529 295
529 491
529 590
529 629
529 701
529 759
529 835
529 896
529 932
530 34
530 168
530 207
530 382
530 454
530 583
530 936
530 972
530 996
531 239
531 339
531 510
531 704
531 767
531 778
531 993
532 66
532 420
532 499
532 675
532 895
533 62
533 133
533 188
533 313
533 345
533 622
533 642
533 954
534 117
534 316
535 31
535 68
535 163
535 257
535 390
535 663
535 860
535 867
536 193
536 416
536 578
536 631
536 823
537 18
537 331
537 362
537 955
537 960
538 8
538 186
538 233
538 254
538 438
538 648
538 759
538 872
538 954
539 150
539 244
539 299
539 426
539 522
539 579
539 992
540 417
540 527
540 966
541 421
541 433
541 436
541 438
541 441
542 142
542 291
542 537
542 648
542 910
542 911
542 962
543 90
543 198
543 548
543 942
544 195
544 266
544 445
544 456
544 460
544 559
544 630
544 688
545 261
545 854
545 914
546 155
546 205
546 339
546 548
546 649
547 26
547 200
547 573
547 829
547 871
547 919
548 82
548 429
548 486
548 558
548 614
548 712
548 723
548 758
548 793
548 818
549 28
549 223
549 282
549 602
549 761
550 177
550 267
550 551
550 639
550 689
550 860
550 888
550 894
550 957
551 22
551 76
551 125
551 601
551 690
551 890
551 950
552 407
552 467
552 544
552 580
553 26
553 379
553 488
553 551
553 857
553 954
554 2
554 85
554 230
554 408
554 855
555 8
555 140
555 208
555 453
555 470
555 847
555 848
556 101
556 307
556 331
556 484
556 551
556 597
556 898
557 519
557 745
557 894
558 74
558 213
558 480
558 613
558 713
558 795
558 812
558 916
559 262
559 277
559 396
559 448
559 532
559 589
559 622
559 714
559 723
559 791
559 920
560 63
560 114
560 117
560 137
560 187
560 233
561 12
561 227
561 465
561 684
561 885
562 167
562 266
562 331
562 400
562 789
562 972
563 133
563 331
563 830
564 82
564 228
564 435
564 510
564 776
565 336
565 389
565 398
565 820
565 870
566 39
566 56
566 117
566 292
566 400
566 597
566 656
567 81
567 233
567 270
567 459
567 499
567 646
567 717
567 786
567 805
568 47
568 155
568 212
568 376
568 381
568 760
568 829
568 979
569 65
569 146
569 164
569 229
569 841
569 905
569 922
570 29
570 165
570 443
570 812
570 916
570 921
571 271
571 304
571 427
571 645
572 11
572 109
572 153
572 377
572 805
573 192
573 242
573 481
573 581
573 727
574 279
574 451
574 474
574 685
575 132
575 157
575 408
575 525
575 527
575 599
576 17
576 70
576 216
576 252
576 365
576 806
577 43
577 328
577 348
577 435
577 642
577 885
577 979
578 186
578 530
578 912
579 48
579 83
579 141
579 172
579 286
579 468
579 930
579 1000
580 88
580 122
580 423
580 437
580 904
580 948
581 8
581 281
581 405
581 505
581 508
581 906
582 15
582 107
582 178
582 289
582 385
582 432
582 617
582 780
582 782
582 865
582 911
582 944
583 510
583 666
583 767
584 15
584 156
584 437
584 503
584 579
584 708
584 774
585 70
585 191
585 368
585 578
585 616
585 786
585 875
585 897
586 15
586 89
586 295
586 376
586 388
586 846
586 847
586 937
587 136
587 235
587 275
587 781
587 926
587 928
588 95
588 179
588 253
588 348
588 420
588 482
588 491
589 205
589 909
590 156
590 167
590 222
590 333
590 352
590 552
590 720
590 790
590 866
591 80
591 149
591 160
591 261
591 572
591 603
592 73
592 540
593 176
593 235
593 292
593 353
593 481
593 728
593 796
593 910
594 447
594 533
594 708
594 853
595 338
595 492
595 524
595 549
595 561
595 708
595 935
595 941
596 22
596 327
596 543
596 685
596 934
597 95
597 264
597 766
598 30
598 102
598 106
598 378
598 440
598 517
598 917
599 133
599 301
599 705
600 143
600 343
600 843
600 893
600 971
601 352
601 412
601 544
601 592
601 701
601 708
601 712
601 784
601 824
601 936
602 75
602 107
602 128
602 368
602 627
603 16
603 55
603 150
603 210
603 305
603 524
603 751
605 66
605 94
605 223
605 325
605 523
605 570
605 632
605 669
605 835
605 959
605 986
606 13
606 80
606 370
606 638
606 719
606 734
606 782
606 877
607 196
607 200
607 634
607 707
607 912
607 922
608 24
608 200
608 493
608 566
608 574
608 640
608 659
608 684
609 32
609 198
609 462
609 811
610 203
610 348
610 581
610 716
610 943
610 994
611 27
611 382
611 596
611 766
611 845
611 915
612 17
612 462
612 594
612 704
613 56
614 36
614 161
614 211
614 247
614 497
614 756
614 765
614 830
614 861
615 37
615 387
615 475
615 581
615 677
615 838
615 883
616 102
616 215
616 311
616 414
616 645
617 354
617 410
617 592
617 805
617 863
617 930
618 438
619 759
619 974
620 9
620 10
620 45
620 494
620 562
620 578
620 647
620 801
621 41
621 53
621 85
621 105
622 244
622 282
622 341
622 364
622 448
622 686
623 123
623 200
623 380
623 399
623 463
623 562
623 732
623 929
623 934
624 243
624 319
624 579
624 779
624 913
625 242
625 356
625 587
625 636
626 117
626 584
627 71
627 272
627 360
627 598
627 745
627 806
628 31
628 389
628 586
628 694
628 718
629 175
629 280
629 281
629 757
629 919
630 822
630 946
631 35
631 289
631 692
631 734
631 926
632 468
632 518
632 600
633 105
633 191
633 398
633 458
633 489
633 578
633 782
634 51
634 53
634 196
634 244
634 297
634 307
634 314
634 811
634 944
634 999
635 424
635 482
635 487
635 495
635 498
635 595
636 181
636 260
636 482
636 612
636 703
636 815
637 62
637 107
637 185
637 470
637 730
638 534
638 610
638 688
638 714
638 795
638 841
638 855
638 914
639 48
639 262
639 377
639 417
639 419
640 90
640 511
640 691
640 757
640 940
641 59
641 242
641 720
641 930
641 961
641 984
642 7
642 345
642 464
643 363
643 428
643 441
643 444
643 531
643 572
643 599
643 735
643 998
644 26
644 227
644 262
644 515
644 762
645 20
645 129
645 157
645 261
645 316
645 503
645 614
645 996
646 65
646 211
646 567
646 678
646 894
646 933
646 946
646 991
647 385
647 746
647 827
647 836
647 876
647 977
648 410
648 849
648 920
649 223
650 132
650 221
650 320
650 476
650 744
650 778
650 781
651 359
651 557
651 999
652 190
652 230
652 350
652 494
652 613
653 284
653 294
653 319
653 394
653 433
653 539
653 586
653 594
653 783
653 815
653 842
654 107
654 431
654 672
654 813
654 898
655 103
655 616
655 718
656 194
656 351
656 616
656 835
657 156
657 331
657 348
657 525
657 904
658 714
658 926
658 935
659 144
659 209
659 230
659 460
659 685
660 240
660 308
660 363
660 791
660 948
661 75
661 77
661 172
661 226
661 465
661 472
661 657
661 727
661 763
662 125
662 343
662 874
662 975
663 486
663 489
663 618
663 816
663 931
663 957
664 638
664 902
664 912
665 246
665 294
665 343
665 528
665 530
665 794
665 915
666 96
666 378
666 544
666 867
667 5
667 234
667 480
667 483
667 751
667 781
667 804
667 933
667 994
668 234
668 339
668 399
668 529
668 536
668 899
669 10
669 266
669 322
669 650
670 57
670 573
670 788
671 12
671 308
671 758
671 972
672 98
672 197
672 345
672 388
672 733
672 986
673 10
673 46
673 65
673 111
673 289
673 456
673 476
673 496
673 523
673 541
673 973
674 121
674 165
674 448
675 73
675 193
675 269
675 467
675 570
675 798
675 858
675 944
676 496
676 512
676 575
676 770
676 788
676 845
676 960
676 975
677 52
677 207
677 448
677 928
678 93
678 267
678 374
678 564
678 655
678 662
678 833
678 915
678 962
679 22
679 136
679 340
679 625
679 911
680 35
680 351
680 447
680 508
680 654
680 724
680 895
681 282
681 405
681 439
681 543
682 56
682 271
682 364
682 427
682 646
682 665
682 830
683 96
683 125
683 236
683 335
683 424
683 459
683 477
683 703
683 739
683 830
683 904
684 89
684 476
684 523
684 541
684 575
684 856
685 62
685 369
686 90
686 367
686 462
686 484
686 496
686 766
686 868
686 875
687 122
687 475
687 784
687 802
688 20
688 117
688 174
688 201
688 339
688 383
688 630
688 924
689 163
689 300
689 335
689 486
689 536
689 622
689 849
689 875
690 335
690 371
690 485
690 515
691 183
691 312
692 419
692 463
692 542
692 670
692 1000
693 10
693 122
693 189
693 483
693 885
694 176
694 575
694 618
694 966
695 422
695 468
695 631
695 761
695 788
696 255
696 366
696 858
696 935
697 236
697 488
697 896
698 441
698 722
698 861
698 950
699 88
699 156
699 253
699 303
699 357
699 584
699 911
700 100
700 155
700 853
700 954
701 98
701 140
701 333
701 461
701 501
701 577
701 783
701 887
701 917
702 11
702 106
702 279
702 465
702 474
702 611
702 728
702 731
702 850
702 882
702 988
703 483
703 834
703 848
703 875
704 325
705 203
705 257
705 348
705 784
705 786
705 834
705 848
706 16
706 176
706 220
706 251
706 459
706 501
706 577
706 655
706 665
706 841
706 921
707 252
707 561
707 820
708 97
708 473
708 693
708 795
708 813
708 994
709 58
709 131
709 367
709 592
709 681
709 687
709 798
709 919
709 953
709 983
710 317
710 835
711 460
711 811
711 816
711 870
712 147
712 273
712 366
712 371
712 474
712 505
713 151
713 344
713 390
713 650
713 699
713 854
713 862
714 98
714 186
714 326
714 674
714 938
715 44
715 280
715 340
715 371
715 379
715 498
715 746
715 816
716 123
716 520
716 609
716 672
716 690
716 937
717 74
717 272
717 443
717 627
717 702
717 754
717 770
717 941
718 108
718 213
718 274
718 296
718 400
718 440
718 567
718 583
718 613
718 641
718 723
718 803
718 899
718 920
719 194
719 348
719 702
719 798
719 970
720 1
720 54
720 199
720 608
720 774
720 925
720 971
721 163
721 906
722 242
722 407
722 872
723 80
723 173
723 202
723 484
723 727
723 800
723 996
724 110
724 250
724 402
724 776
724 795
724 898
725 121
725 487
725 906
725 914
726 31
726 323
726 762
727 17
727 131
727 593
728 68
728 260
728 641
728 694
728 800
729 241
729 255
729 388
729 585
730 85
730 182
730 743
730 845
731 12
731 47
731 283
731 299
731 356
731 373
731 448
731 480
731 601
731 619
731 762
731 815
732 34
732 297
732 495
732 528
732 669
732 671
732 706
732 909
732 954
733 45
733 88
733 90
733 449
733 633
733 655
734 293
734 389
734 410
734 671
734 680
734 910
735 968
736 310
736 483
737 512
737 522
737 549
737 559
737 634
737 678
737 747
737 822
738 116
738 164
738 260
738 269
738 323
738 427
738 535
739 155
739 428
739 815
739 874
739 943
740 178
740 425
740 592
740 602
740 663
740 717
740 963
741 44
741 250
741 494
741 611
741 627
741 772
741 854
741 882
742 268
742 281
742 615
742 680
742 778
742 842
742 846
743 9
743 719
744 108
744 535
744 609
744 891
745 63
745 214
745 246
745 458
745 574
745 730
745 777
745 893
745 946
745 969
746 53
746 73
746 486
747 149
747 164
747 327
747 462
747 497
747 550
748 267
748 306
748 314
748 482
748 522
748 981
749 79
749 283
749 740
749 821
749 891
750 19
750 230
750 280
750 539
750 549
750 662
750 675
750 953
751 4
751 71
751 490
751 783
751 828
751 838
751 919
751 975
752 85
752 144
752 308
752 327
752 592
752 743
752 912
752 937
753 43
754 14
754 818
754 901
755 140
755 312
755 429
755 495
755 611
756 110
756 206
756 309
756 447
756 498
756 510
756 534
756 738
757 432
757 436
757 539
757 859
758 13
758 167
758 205
758 457
758 780
759 52
759 489
759 828
759 934
760 53
760 109
760 528
760 637
760 640
760 776
760 799
761 117
761 519
761 666
762 302
762 304
762 351
762 685
763 7
763 108
763 437
763 606
763 609
763 752
763 834
764 190
764 710
764 779
764 863
765 454
765 463
765 620
765 754
766 516
766 553
766 774
766 987
766 1000
767 227
767 272
767 364
767 742
767 921
768 132
768 306
768 325
768 674
768 758
768 764
769 801
769 890
770 8
770 921
770 990
771 295
771 344
771 528
771 654
771 729
771 941
772 21
772 51
772 202
772 479
772 626
773 25
773 152
773 206
773 363
773 450
774 200
774 230
774 286
774 307
774 310
774 387
774 407
774 455
774 568
774 742
774 785
774 823
774 871
775 268
775 341
775 605
775 809
775 881
775 927
776 17
776 401
776 513
777 70
777 352
778 94
778 196
778 200
778 256
778 471
778 660
778 679
778 929
779 328
779 344
779 471
779 472
779 504
779 593
779 806
780 303
780 327
780 368
780 439
780 829
780 897
780 930
781 37
781 67
781 404
781 427
781 454
781 569
781 613
781 804
781 829
781 846
781 871
781 929
782 296
783 203
783 747
783 793
783 881
784 120
784 126
784 262
784 433
785 128
785 484
785 866
785 902
786 121
786 261
786 319
786 326
786 592
786 640
786 866
787 363
787 396
787 459
787 680
788 176
788 205
788 461
788 621
788 622
788 713
788 743
788 991
789 55
789 168
789 434
789 561
789 724
789 726
789 761
789 958
790 1
790 35
790 534
790 759
790 846
790 939
791 161
791 183
791 405
791 434
791 595
791 669
792 458
792 519
792 772
792 802
792 890
793 314
793 347
793 481
793 561
793 711
793 888
794 45
794 82
794 88
794 396
794 498
794 671
795 132
795 222
795 248
795 413
795 566
795 685
795 736
795 930
796 12
796 127
796 288
796 305
797 36
797 182
797 372
797 559
797 702
797 752
797 754
797 792
798 338
798 450
798 475
798 476
798 523
798 546
798 663
798 956
799 49
799 150
799 412
799 540
799 1000
800 409
800 587
800 693
801 155
801 188
801 223
801 351
801 541
801 594
801 812
802 41
802 158
802 160
802 773
803 255
803 343
803 978
804 261
804 519
804 655
805 193
805 250
805 365
805 390
805 556
805 738
805 983
806 68
806 331
806 398
806 506
806 599
806 776
806 843
806 913
808 11
808 156
808 355
808 398
808 574
808 658
808 717
808 737
808 759
808 798
808 889
808 991
809 54
809 143
809 243
809 459
810 4
810 195
810 360
811 55
811 510
811 612
811 798
811 826
811 906
812 315
812 836
812 934
813 258
813 823
813 878
813 934
813 960
813 961
814 43
814 90
814 815
814 895
814 901
815 402
815 470
815 845
815 973
816 221
816 383
816 891
816 974
816 1000
817 84
817 103
817 116
817 437
818 8
818 291
818 611
818 1000
819 222
819 293
819 575
819 682
820 26
820 268
820 446
820 763
820 858
821 187
821 360
821 400
821 428
821 521
821 541
821 546
821 756
821 765
821 781
821 952
821 995
822 365
822 591
822 700
822 722
822 905
823 135
823 370
823 654
823 691
824 146
824 272
824 674
824 851
825 235
825 263
825 604
825 949
826 41
826 195
826 321
826 388
826 409
826 423
827 126
827 217
827 286
827 365
827 370
827 406
828 229
828 251
828 293
828 557
828 864
829 56
829 353
829 428
829 772
830 240
830 316
830 412
830 420
830 596
830 635
831 15
831 20
831 74
831 260
831 518
831 536
831 606
831 610
831 732
832 15
832 220
832 252
832 819
832 828
833 81
833 235
833 493
833 554
833 653
833 687
833 899
834 262
834 277
834 292
834 423
834 504
834 535
834 781
835 10
835 169
835 580
835 830
835 900
835 929
836 184
836 189
836 490
836 554
836 560
836 631
836 668
836 669
837 317
837 412
837 599
837 616
837 650
837 655
837 785
837 793
837 884
837 989
838 87
838 104
838 332
838 474
838 923
839 66
839 80
839 146
839 406
839 414
839 466
839 596
839 603
839 693
839 989
840 394
840 912
840 933
840 974
841 74
841 331
841 926
842 158
842 655
843 159
843 331
843 815
843 863
843 879
843 999
844 224
844 455
844 479
844 574
844 644
845 697
846 172
846 349
846 414
846 441
846 474
846 754
847 119
847 134
847 320
847 458
847 534
847 801
847 811
847 969
848 180
848 260
848 282
848 384
848 720
849 265
849 324
849 497
849 518
849 957
850 63
850 279
850 333
850 418
850 815
850 848
850 885
851 303
851 317
851 359
851 389
851 508
851 569
851 706
851 707
851 777
851 880
852 418
852 658
852 712
852 724
853 27
853 184
853 206
853 400
853 572
853 617
853 826
853 962
854 81
854 882
854 912
854 932
855 21
855 395
855 548
855 872
856 34
856 132
856 184
856 202
856 232
856 243
856 754
856 925
856 932
857 58
857 114
857 128
857 249
857 332
858 38
858 209
858 237
858 290
858 708
858 762
858 954
859 16
859 226
859 268
859 569
861 41
861 224
861 340
861 407
861 728
861 763
861 786
862 9
862 283
862 436
862 866
863 24
863 304
863 511
863 741
863 945
864 9
864 477
864 483
864 490
864 916
865 455
865 820
866 83
866 102
866 182
866 578
867 75
867 425
867 540
867 568
867 608
867 694
867 894
868 95
868 125
868 640
868 957
869 139
869 724
870 29
870 129
870 161
870 624
870 752
870 760
870 850
870 888
871 88
871 138
871 333
871 686
871 835
871 914
871 921
872 67
872 174
872 205
872 410
873 704
873 976
874 174
874 234
874 468
874 505
874 576
874 686
874 820
874 821
874 973
875 339
875 405
875 786
875 909
876 13
876 323
876 388
876 415
876 482
876 563
876 685
876 884
877 125
877 394
877 411
877 522
877 590
877 731
877 739
877 849
878 16
878 347
878 380
878 431
878 513
878 691
878 737
879 207
879 293
879 298
879 519
879 576
879 619
879 1000
880 340
880 436
881 142
881 258
881 282
881 337
881 375
881 461
881 687
881 819
881 1000
882 191
882 481
882 744
883 36
883 210
883 466
883 522
883 560
883 819
883 849
883 953
884 211
884 467
884 678
885 224
885 692
886 164
886 174
886 253
886 954
886 999
887 250
887 275
887 367
887 523
887 724
887 774
887 787
888 134
888 154
888 177
888 186
888 365
888 577
888 625
888 697
889 127
889 227
889 467
889 502
889 607
889 733
890 310
890 831
890 833
890 836
891 45
891 183
891 317
891 479
891 500
891 712
891 758
892 146
892 210
892 254
892 287
892 388
892 643
893 426
893 446
893 485
893 624
893 773
894 54
894 117
894 411
894 478
894 523
895 228
895 287
895 404
895 469
895 786
895 877
895 950
896 1
896 234
896 284
896 317
896 720
896 887
896 944
897 73
897 182
897 192
897 508
897 581
897 714
897 771
898 112
898 255
898 296
898 370
898 388
898 848
898 952
899 421
899 492
899 536
899 694
899 745
899 815
900 253
900 365
900 399
900 688
900 691
900 773
900 783
900 827
900 952
901 185
901 455
901 574
901 948
902 202
902 239
902 324
902 469
902 525
902 528
902 624
902 665
902 711
902 756
902 772
902 818
902 973
903 678
903 981
904 88
904 190
904 287
904 296
904 450
904 709
904 712
905 76
905 202
905 214
905 261
905 605
905 712
905 754
905 836
905 876
906 195
906 240
906 595
906 606
906 610
906 788
906 989
906 997
907 138
907 162
907 219
907 326
908 80
908 92
908 153
908 302
908 433
908 473
908 636
908 681
908 705
908 982
909 35
909 54
909 225
909 293
909 850
910 434
910 898
910 911
911 177
911 229
911 413
911 522
911 862
912 39
912 216
912 262
912 467
912 834
912 853
912 949
912 991
913 103
913 168
913 180
913 267
913 330
913 467
913 602
913 653
913 984
914 302
914 351
914 354
914 456
914 478
914 671
914 722
914 840
914 939
914 944
915 362
915 600
915 601
915 716
915 795
915 922
916 23
916 85
916 128
916 495
917 397
917 678
917 958
918 83
918 91
918 256
918 351
918 381
918 425
918 576
919 272
919 282
919 603
919 650
919 850
919 876
920 84
920 199
920 306
920 438
920 467
920 502
920 753
920 994
921 45
921 136
921 291
921 340
921 380
921 391
922 60
922 171
922 208
922 522
922 588
922 726
922 776
923 295
923 391
924 6
924 154
924 157
924 187
924 421
924 698
924 707
924 716
924 753
925 414
925 498
925 705
925 854
926 6
926 591
927 416
927 624
927 696
927 853
928 323
928 417
928 468
928 951
929 192
929 458
929 495
929 887
929 943
929 974
930 41
930 241
930 539
930 552
930 654
931 41
931 48
931 82
931 125
931 310
931 574
932 137
932 345
932 360
932 870
933 77
933 406
933 596
933 825
933 949
933 999
934 140
934 530
934 992
935 263
935 505
935 773
936 33
936 338
936 402
936 587
937 224
937 278
937 332
937 679
937 681
937 694
937 696
937 945
937 949
938 453
938 819
938 933
938 995
939 9
939 10
939 156
939 831
939 991
940 399
940 525
940 661
940 705
941 31
941 82
941 489
941 500
941 590
941 600
941 951
942 121
942 141
942 271
942 288
942 528
942 638
942 832
942 918
943 81
943 98
943 337
943 410
943 542
943 692
943 880
944 351
944 369
944 376
944 381
944 421
944 461
944 487
944 488
944 758
944 857
944 924
944 991
945 209
945 526
945 535
945 582
945 933
946 92
946 235
946 267
946 348
946 783
946 836
946 919
947 309
947 461
947 626
947 969
948 273
948 522
948 776
948 868
949 109
949 117
949 153
949 156
949 226
949 702
949 703
949 807
949 818
949 838
949 965
949 993
950 124
950 306
950 646
950 669
950 676
950 710
950 762
950 804
950 805
950 831
951 89
951 240
951 255
951 356
952 25
952 39
952 194
952 288
952 567
952 915
952 947
952 985
952 994
953 288
953 372
953 503
954 130
954 171
954 328
954 549
954 561
954 567
954 872
955 426
955 505
955 521
955 608
956 454
956 587
956 802
956 877
956 963
957 164
957 188
957 305
957 324
957 806
958 98
958 165
958 172
958 227
958 444
958 612
958 753
958 890
958 926
959 489
959 588
959 703
959 706
959 710
960 25
960 256
960 807
961 275
961 297
961 325
961 403
961 485
961 570
961 611
961 756
962 56
962 261
962 793
962 819
963 32
963 85
963 258
963 265
963 294
963 349
963 474
963 871
963 965
964 60
964 317
964 345
964 512
964 571
964 633
964 798
964 810
965 112
965 218
965 317
965 369
965 557
965 941
966 2
966 11
966 29
966 218
966 575
966 922
967 260
967 536
967 546
967 647
967 748
968 11
968 32
968 133
968 243
968 306
968 427
968 608
968 634
968 778
968 975
969 373
969 731
969 975
970 71
970 256
970 481
970 486
970 506
970 712
971 401
971 584
971 642
971 689
971 725
971 800
972 263
972 294
972 346
972 593
972 639
973 104
973 263
973 494
973 596
973 645
973 683
974 389
974 440
974 491
974 690
974 926
975 380
975 446
975 465
975 473
975 617
975 621
975 761
975 951
976 236
976 377
976 550
976 618
976 740
976 742
976 773
976 944
977 207
977 324
977 462
977 732
977 888
977 954
978 133
978 157
978 547
978 832
978 920
979 193
979 203
979 224
979 326
979 469
979 508
979 591
979 957
980 131
980 321
980 502
980 787
981 471
981 770
982 26
982 129
982 230
982 521
982 757
982 865
982 887
982 921
983 126
983 263
983 275
983 388
983 817
983 967
984 73
984 337
984 701
984 708
985 199
985 243
985 291
985 417
985 843
985 999
986 54
986 580
986 597
987 53
987 60
987 331
987 427
987 445
987 614
987 666
988 3
988 160
988 720
988 794
988 825
989 41
989 46
989 87
989 133
989 300
989 333
989 418
989 638
989 833
989 924
989 950
990 222
990 841
991 42
991 109
991 220
991 247
991 462
992 227
992 738
992 774
993 477
993 688
993 701
993 723
993 801
993 880
993 906
994 38
994 337
994 482
994 661
994 701
994 921
995 314
995 405
995 496
995 572
995 755
995 817
996 19
996 203
996 249
996 272
996 432
996 457
996 486
996 533
996 706
996 769
996 787
996 814
996 899
996 962
997 778
997 875
997 880
998 2
998 49
998 130
998 321
998 619
998 808
998 845
998 942
999 13
999 62
999 305
999 335
999 390
999 676
999 787
1000 78
1000 96
1000 177
1000 210
1000 279
1000 422
