100
99
2 19
5 20
8 56
8 67
11 17
11 86
12 5
12 41
13 93
14 86
16 24
19 32
20 22
20 54
22 98
23 73
23 92
24 6
25 47
26 24
26 46
26 54
26 83
27 3
27 21
28 10
31 46
32 80
34 36
34 89
35 3
35 4
35 16
35 36
37 9
37 23
38 5
42 100
43 25
45 47
46 58
46 70
47 42
48 13
49 18
49 24
50 26
51 9
51 24
51 93
51 97
52 93
53 67
55 82
56 47
58 7
60 30
61 41
61 57
61 62
62 34
63 22
63 77
64 36
66 41
66 46
67 13
67 20
67 97
68 44
70 67
71 48
72 100
73 25
73 50
73 97
74 5
74 86
75 6
75 99
76 8
77 79
79 44
79 90
81 11
85 45
85 82
87 66
88 12
90 17
92 47
92 70
95 35
96 67
97 18
97 45
97 54
98 67
100 14
