100
856
1 9
1 65
1 75
1 76
1 89
2 4
2 16
2 20
2 22
2 30
2 46
2 47
2 49
2 71
2 99
3 17
3 19
3 21
3 24
3 28
3 29
3 37
3 42
3 60
3 75
4 21
4 26
4 73
4 76
5 14
5 23
5 44
5 49
5 66
5 92
6 13
6 41
6 43
6 58
6 63
6 73
6 81
6 83
6 85
6 95
7 16
7 17
7 33
7 35
7 48
7 52
7 65
7 69
7 71
7 73
7 76
8 9
8 15
8 17
8 28
8 30
9 17
9 22
9 23
9 33
9 75
9 88
9 97
10 57
10 71
10 95
11 1
11 14
11 25
11 29
11 35
11 36
11 68
12 2
12 5
12 21
12 37
12 43
12 44
12 59
12 68
12 76
13 1
13 9
13 17
13 32
13 33
13 46
13 51
13 73
13 75
13 94
13 96
14 3
14 13
14 15
14 25
14 48
14 52
14 97
15 14
15 39
15 44
15 55
15 64
15 67
15 76
15 78
15 79
15 89
16 18
16 90
17 5
17 20
17 49
17 54
17 73
17 85
17 94
18 5
18 23
18 24
18 32
18 51
18 52
18 70
18 87
18 90
19 18
19 40
19 45
19 65
19 69
19 99
20 4
20 8
20 44
20 49
20 55
20 73
20 84
20 100
21 4
21 11
21 15
21 24
21 47
21 55
21 65
21 66
21 68
22 7
22 12
22 28
22 29
22 32
22 47
22 50
22 62
22 64
22 70
22 78
23 10
23 34
23 48
23 51
23 59
23 94
23 97
24 16
24 25
24 68
24 76
24 85
24 93
25 1
25 14
25 17
25 26
25 51
25 54
25 55
25 91
25 94
26 3
26 10
26 15
26 24
26 37
26 43
26 78
26 83
26 87
26 92
26 94
26 100
27 11
27 51
27 58
27 85
27 86
28 11
28 42
28 75
28 77
28 82
28 83
28 85
28 91
28 100
29 34
29 35
29 65
29 69
29 83
29 84
29 87
29 100
30 2
30 4
30 7
30 8
30 10
30 27
30 37
30 46
30 47
30 48
30 49
30 59
30 65
30 68
30 72
30 76
30 92
31 4
31 7
31 18
31 21
31 22
31 42
31 44
31 66
31 68
31 83
31 95
32 60
32 61
32 65
32 87
33 20
33 22
33 29
33 41
33 61
33 64
33 77
33 90
34 10
34 11
34 28
34 33
34 35
34 39
34 44
34 61
34 64
34 98
35 3
35 21
35 25
35 46
35 60
35 74
35 88
35 99
36 2
36 42
36 48
36 61
36 63
36 84
36 90
36 91
36 96
37 4
37 9
37 18
37 24
37 25
37 26
37 34
37 36
37 38
37 43
37 63
37 89
37 100
38 3
38 22
38 66
38 75
38 90
39 1
39 4
39 11
39 13
39 27
39 37
39 41
39 42
39 47
39 49
39 65
39 98
40 11
40 14
40 47
40 57
40 60
40 65
40 68
40 92
41 13
41 17
41 37
41 39
41 45
41 50
41 57
41 59
41 72
41 76
41 77
41 89
41 91
42 3
42 12
42 21
42 36
42 59
42 64
42 71
42 93
42 94
43 34
43 38
43 40
43 68
43 77
43 93
43 94
44 14
44 16
44 26
44 60
44 73
44 78
44 82
44 88
45 30
45 37
45 53
45 66
45 67
45 78
46 22
46 36
46 50
46 55
46 59
46 68
46 84
47 3
47 26
47 33
47 36
47 69
48 13
48 19
48 30
48 36
48 41
48 47
48 65
48 67
48 68
48 82
48 86
48 92
48 94
49 20
49 28
49 33
49 43
49 72
50 12
50 20
50 29
50 35
50 42
50 69
50 75
50 76
50 81
50 94
50 99
51 31
51 42
51 43
51 58
51 60
51 65
51 76
51 80
51 90
51 98
51 99
52 14
52 27
52 35
52 41
52 65
52 87
53 9
53 18
53 21
53 34
53 35
53 41
53 43
53 54
53 59
53 61
53 63
53 91
53 92
54 15
54 28
54 41
54 47
54 65
54 69
54 71
54 92
54 95
55 7
55 13
55 17
55 30
55 66
56 11
56 28
56 84
57 13
57 24
57 46
57 48
57 54
57 62
58 4
58 5
58 19
58 38
58 83
58 91
59 1
59 13
59 19
59 28
59 29
59 33
59 45
59 50
59 79
59 82
60 16
60 26
60 57
60 73
60 83
60 89
61 23
61 58
61 59
61 64
61 65
61 67
61 80
61 83
61 91
61 97
62 27
62 35
62 55
62 58
62 59
62 68
62 70
62 96
62 98
63 3
63 12
63 32
63 47
63 52
63 94
64 1
64 15
64 69
64 83
65 7
65 8
65 23
65 26
65 27
65 33
65 38
65 50
65 73
65 79
65 97
66 1
66 3
66 4
66 5
66 11
66 18
66 29
66 33
66 35
66 39
66 41
66 58
66 59
66 60
66 70
66 77
66 89
66 93
66 98
67 14
67 36
68 4
68 6
68 24
68 31
68 35
68 36
68 37
68 42
68 55
68 56
68 76
68 78
68 84
68 87
69 2
69 30
69 39
69 50
69 51
69 53
69 54
69 58
69 61
69 63
69 68
69 95
70 12
70 13
70 14
70 18
70 25
70 33
70 35
70 68
70 73
70 84
71 2
71 8
71 15
71 18
71 25
71 28
71 50
71 58
71 70
71 72
71 98
72 12
72 17
72 26
72 32
72 34
72 50
72 94
72 98
73 9
73 19
73 48
73 67
73 70
73 71
73 84
73 95
74 13
74 21
74 24
74 27
74 29
74 32
74 49
74 51
74 52
74 53
74 73
74 77
74 91
74 92
75 4
75 19
75 21
75 32
75 38
75 62
75 77
75 84
75 100
76 15
76 18
76 22
76 46
76 49
76 51
76 53
76 67
76 69
76 73
76 84
76 85
76 92
76 95
77 21
77 39
77 49
77 51
77 57
77 64
77 68
77 86
77 97
78 17
78 24
78 28
78 30
78 53
78 63
78 65
78 83
78 88
79 7
79 26
79 45
79 50
79 63
79 67
79 70
79 95
80 13
80 64
80 69
80 76
81 2
81 5
81 7
81 12
81 16
81 21
81 31
81 36
81 65
81 78
81 96
82 32
82 50
82 55
82 70
82 76
82 96
83 1
83 2
83 4
83 7
83 10
83 27
83 60
83 69
83 73
83 82
83 94
83 96
84 9
84 18
84 41
84 46
84 62
84 70
84 74
84 91
84 93
84 96
85 5
85 19
85 40
85 47
85 70
85 81
85 91
85 98
85 100
86 26
86 28
86 35
86 59
86 63
86 68
86 76
86 91
87 3
87 5
87 21
87 36
87 48
87 49
87 60
87 75
87 76
87 84
88 2
88 26
88 34
88 53
88 72
88 76
88 95
89 18
89 27
89 48
89 58
89 66
89 70
89 95
90 10
90 12
90 18
90 72
91 4
91 14
91 19
91 31
91 61
91 69
91 74
91 77
91 82
91 85
92 19
92 25
92 32
92 40
92 42
92 49
92 62
92 67
92 84
92 85
93 37
93 59
93 64
93 69
93 80
93 81
93 91
93 96
94 13
94 17
94 41
94 43
94 48
94 56
94 57
94 63
94 64
94 77
94 82
94 84
94 86
94 97
95 12
95 13
95 23
95 52
95 58
95 59
95 63
95 72
95 76
95 92
95 100
96 14
96 35
96 36
96 54
96 61
96 71
96 76
96 89
97 3
97 23
97 27
97 60
97 67
97 80
97 88
97 89
98 17
98 28
98 35
98 36
98 44
98 53
98 58
98 77
98 85
98 86
98 87
98 92
99 10
99 30
99 35
99 61
99 69
99 83
99 84
99 92
100 13
100 26
100 30
100 72
100 98
