110
641
1 31
1 40
1 52
1 69
2 40
2 56
3 10
3 46
3 67
3 70
3 108
4 14
4 24
4 53
4 62
4 88
4 94
4 98
5 14
5 28
5 35
5 51
5 53
5 55
5 79
5 98
5 102
5 107
6 64
6 99
7 20
7 37
7 62
8 70
8 74
8 82
8 85
8 91
8 92
8 108
9 17
9 23
9 27
9 53
9 67
9 84
9 85
9 88
9 98
9 105
10 3
10 4
10 50
10 53
10 62
10 76
10 78
11 22
11 24
11 38
11 51
11 75
12 4
12 32
12 37
12 49
12 68
12 81
13 36
13 68
13 79
13 85
13 107
14 10
14 22
14 34
14 36
14 41
14 65
14 70
14 96
15 44
15 72
15 84
15 86
15 89
15 104
16 1
16 10
16 59
16 63
16 67
16 105
16 108
17 47
17 51
17 57
17 58
17 83
18 43
18 74
18 86
18 101
19 6
19 26
20 24
20 52
20 65
20 98
21 10
21 57
21 82
22 19
22 28
22 39
22 56
22 61
22 81
22 84
23 2
23 24
23 26
23 56
24 5
24 13
24 14
24 25
24 48
24 56
24 68
24 76
24 95
25 2
25 62
25 81
25 82
25 105
25 107
26 48
26 79
26 85
26 94
26 104
27 17
27 34
27 65
27 86
27 105
28 4
28 9
28 63
29 13
29 41
29 62
29 96
30 2
30 8
30 20
30 39
30 59
30 72
30 96
30 110
31 24
31 44
31 47
31 50
31 52
31 105
32 60
32 61
32 63
32 73
32 77
32 98
33 11
33 20
33 24
33 48
33 67
33 77
33 81
34 10
34 45
34 54
34 55
34 56
34 66
34 83
34 86
34 97
35 6
35 37
35 46
35 48
35 50
35 64
35 103
36 19
36 21
36 23
36 66
36 104
37 29
37 36
37 43
37 44
37 47
37 66
37 68
37 79
37 95
38 16
38 31
38 47
38 85
39 12
39 29
39 65
39 77
40 54
40 59
40 63
40 92
40 97
40 109
41 7
41 14
41 30
41 55
41 87
42 6
42 33
42 47
42 50
42 60
42 67
42 99
43 5
43 67
43 91
44 14
44 30
44 36
44 38
44 50
44 60
44 79
45 13
45 16
45 27
45 32
45 102
46 19
46 29
46 33
46 38
46 59
46 66
46 72
46 93
47 11
47 92
47 103
48 5
48 10
48 57
48 91
48 93
49 23
49 30
49 53
49 59
49 107
50 18
50 26
50 28
50 75
50 78
50 86
50 96
51 83
51 104
52 27
52 28
52 30
52 38
52 62
52 66
52 71
52 110
53 30
53 47
53 75
53 91
53 99
53 103
54 73
54 95
54 99
55 34
55 48
55 49
55 51
55 66
55 108
56 18
56 26
56 39
56 101
57 23
57 39
57 62
57 66
57 76
57 77
57 99
58 17
58 22
58 24
58 84
58 88
58 97
58 101
58 110
59 100
59 108
60 23
60 29
60 77
60 80
60 95
60 96
60 106
61 40
61 68
61 74
61 90
61 110
62 12
62 23
62 39
62 57
62 79
63 22
63 24
63 76
63 79
63 81
63 84
63 97
63 100
63 105
64 30
64 49
65 34
65 66
65 70
66 45
66 46
66 63
66 72
66 110
67 10
67 21
67 32
67 63
67 84
67 87
67 100
67 102
68 4
68 8
68 13
68 74
68 75
68 91
68 102
69 10
69 14
69 54
69 56
69 63
69 70
69 74
69 80
70 4
70 10
70 20
70 25
70 34
70 35
70 40
70 41
70 51
70 66
70 88
71 17
71 41
71 52
71 77
71 82
71 110
72 7
72 19
72 22
72 47
73 14
73 21
73 52
73 100
73 110
74 27
74 43
74 51
74 57
75 78
75 84
75 85
76 6
76 14
76 23
76 28
76 45
76 107
76 109
77 5
77 7
77 10
77 19
77 73
77 82
78 8
78 12
78 37
78 71
78 84
78 93
79 42
79 44
79 62
79 69
79 81
79 90
79 107
80 7
80 50
80 98
80 99
80 101
80 104
80 108
81 7
81 8
81 9
81 37
81 41
81 45
81 62
81 94
81 97
82 33
82 47
82 75
82 98
82 105
83 43
83 44
83 55
83 69
83 75
83 78
83 82
83 94
84 39
84 49
84 66
84 69
84 70
84 91
84 92
84 103
85 21
85 38
85 46
85 93
85 104
85 109
86 21
86 36
86 65
86 76
86 80
86 96
87 55
87 81
87 102
88 22
88 23
88 28
88 33
88 44
88 47
88 59
88 60
88 89
88 96
88 106
89 10
89 26
89 36
89 44
89 62
89 80
89 86
89 106
90 3
90 39
90 48
90 66
90 108
91 31
91 33
91 37
91 51
91 77
91 79
91 94
92 23
92 51
92 93
92 98
92 109
93 1
93 8
93 24
93 39
93 78
93 91
93 94
94 62
94 64
94 86
94 95
94 103
94 105
95 15
95 17
95 53
95 59
95 64
95 68
95 83
96 3
96 50
96 76
96 100
97 20
97 43
97 49
97 54
98 3
98 23
98 34
98 42
98 71
99 24
99 31
99 37
99 44
99 55
99 82
99 86
99 97
100 11
100 58
100 62
100 76
100 79
101 24
101 59
101 64
101 76
102 5
102 31
102 49
102 62
102 86
102 89
102 97
103 14
103 48
103 61
103 101
103 105
104 3
104 7
104 8
104 24
104 31
104 50
104 75
104 86
104 106
105 14
105 45
105 64
105 76
105 87
105 96
105 101
105 103
105 107
106 1
106 11
106 32
106 33
106 38
106 46
106 90
106 103
107 54
107 56
107 67
108 81
108 98
109 15
109 56
109 83
109 85
109 97
109 101
109 103
109 105
110 3
110 10
110 49
110 53
110 71
110 77
110 90
