120
823
1 4
1 40
1 41
1 44
2 19
2 29
2 37
2 74
2 110
3 5
3 17
3 39
3 50
3 58
3 101
3 109
4 20
4 24
4 61
4 88
4 100
4 117
5 81
6 4
6 19
6 25
6 39
6 43
6 47
6 51
6 56
6 57
6 69
6 76
6 78
6 91
6 97
6 100
6 104
6 113
7 15
7 30
7 34
7 39
7 54
7 77
7 84
8 4
8 17
8 21
8 23
8 38
8 49
9 20
9 23
9 25
9 45
9 52
9 67
9 100
9 103
9 105
10 21
10 39
10 53
10 76
10 83
10 103
11 1
11 6
11 14
11 27
11 50
11 57
11 72
11 85
11 92
12 7
12 17
12 23
12 64
12 99
14 35
14 47
14 63
14 81
14 97
15 13
15 21
15 35
15 46
15 59
15 60
15 107
16 4
16 27
16 33
16 36
16 65
16 88
16 92
16 93
16 95
16 118
17 21
17 28
17 36
17 50
17 70
17 80
17 82
17 89
17 92
17 95
17 101
18 38
18 64
18 67
18 68
18 112
18 116
19 5
19 14
19 31
19 32
19 79
19 80
19 85
19 86
19 117
19 118
20 2
20 10
20 30
20 52
20 72
21 33
21 36
21 76
21 111
21 113
21 114
22 2
22 19
22 100
22 117
23 12
23 16
23 35
23 52
23 53
23 59
23 60
23 78
23 87
23 95
23 106
24 42
24 101
24 105
24 114
25 31
25 63
25 64
25 80
25 92
25 93
25 101
25 104
25 107
25 112
26 3
26 10
26 34
26 59
26 65
26 89
26 92
26 99
26 101
26 116
26 119
27 11
27 15
27 19
27 26
27 31
27 44
27 61
27 91
27 100
27 120
28 5
28 14
28 16
28 19
28 26
28 27
28 29
28 68
28 77
28 82
28 99
28 109
28 114
29 14
29 31
29 32
29 93
30 11
30 29
30 83
30 106
31 15
31 42
31 78
32 6
32 64
32 112
33 1
33 3
33 11
33 14
33 66
33 114
34 17
34 18
34 19
34 48
34 59
34 72
34 76
34 82
34 99
34 100
35 26
35 75
35 78
35 80
35 101
35 105
36 16
36 28
36 35
36 87
36 88
36 104
36 114
37 48
37 52
37 111
38 23
38 55
38 72
38 104
38 109
38 111
39 29
39 40
39 46
39 59
39 96
40 5
40 13
40 27
40 70
40 71
40 86
40 101
41 1
41 5
41 8
41 18
41 22
41 57
41 64
41 84
42 14
42 34
42 85
42 94
42 95
42 99
42 109
42 111
42 120
43 13
43 57
43 69
43 70
43 74
43 88
43 89
43 91
44 21
44 32
44 35
44 56
44 83
44 90
44 110
44 118
45 22
45 41
45 47
45 50
45 51
45 84
45 102
45 103
45 115
45 118
46 47
46 67
46 79
46 80
46 86
46 109
46 119
47 11
47 48
47 65
47 67
47 90
47 106
47 111
48 27
48 65
48 67
48 71
48 75
48 83
48 115
49 5
49 6
49 70
49 76
49 102
49 107
49 115
49 118
49 120
50 1
50 12
50 54
50 67
50 81
50 83
50 104
50 119
51 2
51 10
51 27
51 74
51 103
52 66
52 68
52 76
52 85
52 92
52 120
53 13
53 14
53 33
53 49
53 57
53 71
53 74
53 91
53 93
53 101
54 34
54 111
54 119
55 5
55 6
55 16
55 37
55 53
55 59
55 75
55 79
56 5
56 17
56 33
56 49
56 72
56 76
56 117
57 8
57 16
57 25
57 27
57 63
58 8
58 16
58 20
58 41
58 45
58 46
58 120
59 40
59 47
60 34
60 66
60 80
60 95
60 105
60 115
60 117
61 3
61 11
61 15
61 18
61 75
61 77
61 79
61 100
61 109
62 3
62 31
62 33
62 40
62 54
62 71
62 80
62 81
63 4
63 43
63 54
63 68
63 74
63 107
64 20
64 38
64 58
64 89
64 106
65 18
65 77
65 95
65 109
66 32
66 33
66 78
66 82
66 110
67 27
67 30
67 47
67 57
67 61
67 78
68 15
68 20
68 48
68 63
68 81
68 104
69 10
69 51
69 59
69 64
69 70
69 98
69 110
70 11
70 20
70 95
70 112
70 116
71 12
71 55
71 77
71 120
72 44
72 84
72 93
72 99
72 120
73 4
73 5
73 17
73 31
73 42
73 68
73 84
73 105
74 4
74 18
74 25
74 29
74 39
74 42
74 72
74 75
74 85
74 107
75 2
75 3
75 12
75 43
75 63
75 67
75 81
75 82
75 98
75 117
76 24
76 34
76 73
76 75
76 89
76 93
77 10
77 33
77 36
77 63
77 65
77 70
77 109
78 12
78 26
78 79
78 101
78 103
78 104
78 108
78 110
78 115
78 119
79 14
79 22
79 26
79 31
79 74
79 91
79 107
79 118
80 16
80 26
80 55
80 68
80 69
80 76
80 85
80 117
81 27
81 35
81 41
81 67
81 71
81 79
81 80
81 92
81 94
81 109
82 20
82 97
83 2
83 12
83 35
83 45
83 58
84 2
84 23
84 73
84 88
84 91
84 94
84 111
85 5
85 23
85 45
86 40
86 51
86 66
86 68
86 78
86 85
87 27
87 44
87 53
87 54
87 66
87 80
87 81
87 118
88 3
88 7
88 89
89 10
89 42
89 48
89 61
89 96
89 118
90 14
90 18
90 40
90 48
90 111
91 7
91 23
91 37
91 39
91 65
91 69
91 108
92 32
92 64
92 82
92 112
93 29
93 33
93 42
93 59
93 85
93 115
94 16
94 38
94 43
94 54
94 76
94 116
95 9
95 13
95 49
96 14
96 32
96 43
96 49
96 53
96 57
96 72
96 73
96 75
96 91
96 102
96 117
96 120
97 40
97 58
97 78
97 79
97 93
97 102
97 104
97 107
97 108
98 8
98 16
98 43
98 62
98 64
98 74
98 85
99 40
99 45
99 52
99 72
99 77
99 84
99 86
99 100
99 104
99 108
100 34
100 39
100 43
100 68
100 81
100 111
100 112
100 117
101 67
101 72
101 74
101 83
101 110
102 12
102 27
102 76
102 89
102 93
102 99
103 28
103 37
103 39
103 52
103 82
103 84
103 98
103 105
103 115
103 116
104 32
104 35
104 61
104 96
104 98
104 120
105 2
105 24
105 36
105 40
105 56
105 64
105 77
105 86
105 95
105 109
106 1
106 19
106 29
106 30
106 33
106 40
106 52
106 64
106 89
107 6
107 53
107 55
107 100
108 9
108 13
108 29
108 74
108 80
108 83
108 88
109 5
109 19
109 40
109 61
109 71
109 80
109 89
109 94
110 4
110 8
110 14
110 15
110 40
110 50
110 55
110 63
110 91
110 109
110 112
110 115
111 22
111 36
111 45
111 59
111 66
111 83
111 106
111 116
112 13
112 48
112 62
112 76
112 88
112 110
113 10
113 37
113 44
113 50
113 84
113 109
113 118
114 14
114 60
114 85
114 88
115 9
115 29
115 34
115 56
115 63
115 69
115 81
116 35
116 43
116 56
116 62
116 74
116 95
116 114
117 7
117 24
117 29
117 32
117 43
117 44
117 57
117 69
117 75
117 85
117 93
117 99
117 107
118 20
118 26
118 27
118 75
119 38
119 69
119 75
119 81
119 88
119 113
120 5
120 35
120 54
120 63
120 83
120 87
120 98
120 114
120 118
