120
118
2 51
3 76
3 119
4 37
4 38
5 50
5 115
6 84
7 35
11 69
11 113
12 104
12 110
14 81
15 68
16 51
16 87
17 6
18 22
19 76
19 107
20 32
20 34
21 78
24 9
24 59
25 107
26 112
31 88
33 5
33 13
34 44
35 60
37 4
37 23
37 24
37 112
38 96
40 97
41 20
41 101
42 74
44 2
46 109
47 86
47 120
49 38
50 32
51 15
52 102
53 30
53 86
53 88
56 27
56 76
57 42
59 107
60 13
60 111
62 4
62 35
62 65
63 99
64 56
65 48
65 74
65 112
66 87
67 65
67 90
68 55
68 85
69 35
69 54
69 91
70 10
70 53
71 75
71 77
71 98
72 64
74 115
76 55
76 60
77 88
79 92
80 64
81 40
84 93
85 67
85 74
85 86
86 5
87 4
87 59
93 59
94 44
95 96
96 29
97 58
97 96
98 22
98 59
99 88
100 66
105 6
105 33
105 50
106 114
107 62
110 109
111 119
114 22
116 5
116 69
117 65
118 64
120 63
