1250
4987
1 76
1 91
1 130
1 136
1 248
1 289
1 355
1 1199
2 523
2 1210
3 230
3 236
3 840
3 897
4 11
4 320
4 352
4 555
4 612
5 7
5 18
5 142
5 162
5 217
5 238
5 386
5 540
6 77
6 139
6 467
6 1146
7 458
7 556
7 577
7 859
8 322
8 670
8 765
8 965
8 991
8 1240
9 252
9 309
9 327
9 340
9 409
9 1138
10 192
10 912
11 170
11 194
11 222
11 625
11 676
11 902
11 1042
12 263
12 1051
12 1219
13 277
13 420
13 488
14 536
14 650
14 1084
15 67
15 343
15 943
15 1008
15 1072
16 104
16 201
16 434
16 450
16 635
17 180
17 856
17 1041
18 42
18 231
18 308
18 645
18 1093
19 47
19 455
19 709
19 749
19 989
20 7
20 553
20 1180
20 1203
20 1246
21 208
21 773
21 797
21 1077
21 1124
21 1219
22 685
23 231
23 314
24 178
24 212
24 603
24 740
24 903
25 442
25 500
25 1023
26 680
27 1
27 577
27 666
28 79
29 737
30 258
30 356
30 423
30 1027
30 1082
31 920
31 952
32 240
32 530
32 983
33 797
33 1024
33 1162
33 1202
34 559
35 341
35 501
35 746
35 1095
36 111
36 509
36 715
36 868
36 1144
36 1182
36 1212
37 22
37 250
37 718
38 336
38 400
38 412
38 442
39 2
39 189
39 251
39 766
39 1115
39 1184
39 1205
40 436
40 578
40 733
40 746
40 998
40 1057
40 1158
41 332
41 341
41 490
41 1092
41 1123
42 60
42 692
42 994
43 316
43 581
44 30
44 805
45 131
45 161
45 212
45 441
45 867
45 1123
46 306
46 1092
46 1133
47 63
47 211
47 434
47 564
47 797
48 187
48 454
48 1170
49 191
49 467
49 1091
50 316
50 317
50 766
50 844
50 1132
51 15
51 681
51 717
52 93
52 197
52 322
52 446
52 974
53 369
53 411
53 808
53 942
53 984
54 37
54 270
54 464
54 866
54 960
54 991
54 1203
55 730
56 623
56 1163
56 1173
57 34
57 411
57 485
57 1064
57 1076
57 1154
58 208
58 320
58 337
58 1099
59 380
59 496
59 764
59 796
59 807
59 1192
61 195
61 675
61 861
61 907
62 43
62 154
62 677
62 823
62 1250
63 448
63 1004
64 414
64 518
64 524
64 744
64 812
64 823
64 830
65 39
65 260
65 531
65 746
65 906
65 1074
65 1173
66 359
66 787
66 931
66 1147
66 1201
67 182
67 192
67 907
68 549
69 27
69 37
69 56
69 223
69 688
69 825
69 997
70 331
70 552
70 761
70 838
70 933
70 996
70 1143
70 1202
70 1246
71 554
71 944
72 169
72 943
73 152
73 1219
74 357
74 431
74 847
74 921
74 1150
74 1198
75 604
75 632
75 751
75 1110
76 110
76 148
76 200
76 1077
76 1151
77 53
77 349
77 583
77 812
78 168
78 301
78 527
78 768
78 1166
79 87
79 270
79 1034
80 157
80 333
80 954
80 1031
81 228
81 771
81 835
81 920
81 958
81 1165
81 1246
82 254
82 355
82 627
82 680
82 740
82 827
82 1002
83 601
83 831
83 861
84 117
84 235
84 792
84 864
84 1098
85 142
85 166
85 407
85 454
85 465
85 633
85 646
86 12
86 369
86 531
86 601
86 1222
87 1036
87 1055
87 1127
88 413
89 357
89 677
89 684
89 883
89 999
90 110
90 128
90 497
90 1203
91 630
91 693
91 1011
91 1183
92 54
92 83
92 384
92 1148
93 57
93 390
93 487
93 771
93 817
93 1244
94 303
94 728
95 637
95 908
96 730
97 47
97 63
97 458
97 894
97 936
97 1030
97 1039
98 127
98 145
98 214
98 612
98 619
98 855
99 503
99 578
99 1134
100 734
100 820
100 1098
100 1124
101 371
101 442
101 502
101 586
101 1075
101 1210
101 1241
102 3
102 229
102 619
102 665
102 773
102 839
102 1039
103 22
103 667
103 683
103 766
103 1099
104 228
104 869
104 881
105 541
105 686
105 781
105 886
105 1025
105 1165
105 1219
106 19
106 652
106 710
106 964
106 1150
107 246
107 431
107 852
107 979
108 136
108 391
108 448
109 958
110 87
110 858
110 1168
111 235
111 1192
112 79
112 705
112 751
113 264
113 274
113 652
113 875
113 986
113 1079
114 125
114 313
114 494
114 781
114 821
114 1026
115 184
115 248
115 275
115 607
115 726
115 1244
116 355
116 1080
116 1152
117 492
117 535
117 591
117 969
117 1012
117 1061
118 209
118 413
118 1062
119 334
119 786
119 811
119 884
120 463
120 721
120 1160
121 1106
122 259
122 294
122 978
122 1216
123 836
123 958
124 27
124 42
124 57
124 493
124 642
124 744
125 235
125 238
125 457
126 211
126 492
126 508
126 915
126 1027
126 1145
127 131
127 905
127 977
128 8
128 413
128 543
128 545
128 1171
128 1241
129 546
129 909
130 54
130 885
130 1142
131 506
131 676
131 775
131 1074
132 288
132 521
132 531
132 683
132 753
132 803
132 1160
133 386
134 3
134 144
134 973
134 1147
135 48
135 49
135 321
135 522
135 797
136 213
136 651
136 673
136 729
136 876
136 1103
136 1220
137 31
137 213
137 395
137 885
137 897
138 321
138 428
138 1220
139 71
139 432
139 612
139 643
139 865
139 969
140 571
140 743
140 840
140 883
140 1172
141 145
141 309
141 965
141 1237
142 71
142 289
142 1012
143 168
143 491
143 1103
143 1130
143 1214
144 266
145 121
145 497
145 1030
145 1110
146 468
146 532
146 551
146 841
146 985
146 1081
147 55
147 57
147 558
147 614
147 1015
148 608
148 767
148 780
148 983
148 1030
148 1127
149 356
149 652
149 667
149 1157
149 1174
150 1108
151 5
151 15
151 314
151 339
151 715
151 908
152 240
152 517
152 664
152 933
152 1184
152 1245
153 301
153 307
153 356
153 499
153 542
153 994
154 43
154 76
154 1043
155 129
155 384
155 515
155 795
155 900
156 158
156 439
156 461
156 509
156 573
156 924
156 1066
157 44
157 476
157 1127
158 815
158 843
158 1069
158 1244
159 75
159 205
159 774
159 1068
159 1219
160 200
160 793
161 219
161 662
161 968
162 115
162 850
162 1102
163 51
163 348
163 405
163 486
163 794
163 986
163 1054
163 1150
164 450
164 548
164 904
165 130
165 322
165 529
165 581
165 1106
166 244
166 342
166 978
166 1007
166 1109
167 772
167 1249
168 274
168 336
168 518
168 544
168 994
168 1051
168 1132
169 590
169 651
170 590
170 788
170 1018
171 724
171 871
171 1206
172 365
172 388
172 829
172 851
172 878
172 944
172 1014
173 127
173 328
173 351
173 719
174 164
174 184
174 330
175 15
175 409
175 712
175 1049
175 1094
175 1109
175 1139
176 74
176 642
176 683
176 766
176 818
176 878
177 193
177 556
177 1005
178 348
178 694
178 907
179 466
179 530
179 851
179 1174
180 493
181 1202
182 564
182 577
183 227
183 566
183 970
183 990
184 223
184 314
184 492
184 908
184 1093
184 1104
185 119
185 308
185 543
185 649
186 396
186 561
186 812
186 1021
187 186
187 291
187 298
187 372
187 659
187 1024
188 83
188 178
188 734
188 1002
188 1009
189 146
189 424
189 715
190 943
191 42
191 109
191 262
191 782
191 967
191 1009
191 1031
191 1141
191 1168
192 679
192 793
192 988
192 1219
193 301
193 568
193 719
193 1117
194 463
194 1044
194 1079
195 111
195 345
195 479
196 639
196 882
196 1001
196 1043
197 461
197 755
197 813
197 830
197 849
197 893
198 7
198 656
198 820
198 1157
198 1182
199 246
199 544
199 952
200 5
200 189
200 222
200 330
200 802
200 879
200 1225
201 91
201 397
201 607
202 74
202 146
202 176
202 234
202 767
202 1181
203 74
203 804
203 1035
203 1110
204 6
204 407
204 614
204 1120
204 1179
205 26
205 86
205 92
205 453
205 1018
206 196
206 776
206 1027
206 1070
207 117
207 303
207 391
207 530
207 922
207 993
207 999
207 1134
208 805
210 36
210 211
210 1098
211 320
211 963
211 1038
212 205
212 582
213 448
213 634
213 859
213 1039
214 3
214 477
214 596
214 697
214 1108
215 29
215 70
215 990
216 243
216 781
216 793
217 87
218 30
218 59
218 199
218 240
218 666
219 43
219 453
219 546
219 958
220 11
220 346
220 932
220 1248
221 7
221 258
221 812
222 5
222 534
222 589
222 592
222 721
222 790
222 997
223 201
223 226
223 392
223 463
224 19
224 46
225 1044
225 1128
226 317
226 582
227 42
228 109
228 303
228 389
228 484
228 542
228 563
228 596
228 997
228 1150
229 230
229 355
229 583
229 658
229 668
229 729
230 391
230 537
230 701
231 142
231 217
231 252
231 651
231 1044
231 1103
232 82
232 144
232 501
232 694
233 220
233 557
233 828
233 1029
233 1057
234 39
234 644
234 761
234 1155
235 636
235 682
236 62
236 93
236 471
236 581
236 794
236 1155
236 1203
236 1230
237 259
237 838
237 1184
238 344
239 14
239 290
240 22
240 314
240 444
240 643
240 917
241 215
241 435
241 1214
242 208
242 290
242 334
242 335
242 373
242 509
242 539
242 1030
242 1054
243 403
243 426
243 658
243 809
243 878
243 887
243 967
244 529
244 598
244 942
244 1091
245 26
245 226
245 694
246 50
246 169
246 369
246 505
246 654
246 812
246 846
246 951
247 145
247 643
247 1060
248 7
248 67
248 687
249 595
249 830
250 80
250 637
250 867
250 925
250 965
251 197
251 636
251 1098
252 961
253 293
253 479
253 628
253 1163
254 211
254 402
254 770
254 783
255 74
255 103
255 191
255 240
255 851
255 913
256 220
256 1056
257 51
257 211
257 360
257 451
257 588
257 652
257 752
257 857
257 858
257 1218
258 178
258 636
258 1131
258 1246
259 53
259 722
260 147
260 286
260 517
260 932
261 310
261 500
261 576
261 848
261 851
261 1005
261 1151
262 458
263 946
263 1219
264 162
264 835
264 1237
265 480
265 551
265 1014
265 1184
266 78
266 118
266 392
266 622
266 712
266 845
267 216
267 372
267 706
267 737
267 817
267 1181
267 1220
268 169
268 572
268 1076
268 1203
268 1222
269 102
269 117
269 120
269 399
269 575
270 265
270 699
271 985
271 1204
272 15
272 380
272 397
272 970
273 85
273 252
273 615
273 851
273 878
273 1042
274 313
274 377
274 798
274 1192
275 849
275 1042
275 1224
276 28
276 454
276 790
276 1090
277 216
277 416
277 1007
277 1207
278 17
278 225
278 265
279 1084
279 1137
280 259
280 348
280 733
281 116
281 372
281 879
281 891
282 90
282 683
282 772
283 99
283 478
283 1015
284 113
284 338
284 465
284 727
284 750
284 866
284 883
285 273
285 1238
286 577
286 822
286 849
286 987
286 1060
287 528
287 671
288 165
288 602
288 604
288 1027
289 361
289 512
289 513
289 564
289 651
289 783
289 933
289 1056
290 460
290 1076
290 1211
291 343
291 411
291 520
291 574
292 848
292 1126
293 318
293 1042
294 3
294 605
294 716
295 458
295 530
295 759
295 769
295 922
296 40
296 125
296 230
296 355
296 846
296 1247
297 700
297 1075
298 99
298 360
298 548
298 739
298 822
299 7
299 54
299 118
299 727
301 940
302 327
302 754
302 1163
303 827
303 879
304 247
304 275
304 823
304 853
304 872
305 238
305 268
305 482
305 1248
306 114
306 161
306 585
306 1058
307 219
307 254
307 1116
307 1204
307 1215
308 793
308 861
309 39
309 239
309 638
309 726
309 871
310 398
310 868
310 1078
310 1205
310 1211
311 632
311 688
312 114
312 590
312 943
313 112
313 1059
315 83
315 116
315 249
315 1157
316 957
317 387
317 559
317 1143
317 1234
318 124
318 223
318 651
319 634
319 1129
320 265
320 521
320 674
320 770
320 833
321 74
321 101
321 153
321 287
321 436
321 881
321 1171
323 87
323 247
323 1045
323 1160
323 1244
324 178
324 643
324 954
325 317
325 701
325 1201
326 635
326 818
327 249
327 316
327 532
327 817
327 866
327 923
328 161
328 1061
328 1173
329 53
329 942
329 1004
331 470
331 480
331 912
332 861
332 954
332 1054
332 1145
333 139
333 654
333 726
333 916
334 215
334 417
335 228
335 229
335 426
335 513
335 757
336 628
336 937
337 316
337 431
337 1146
337 1170
339 18
339 714
339 869
339 1011
339 1064
339 1201
340 171
340 997
340 1236
341 631
341 805
341 1064
341 1114
341 1233
342 419
342 685
342 843
342 1008
342 1164
343 55
343 1111
343 1173
344 577
344 710
344 969
344 1077
344 1158
344 1178
345 242
345 558
345 623
345 658
345 669
345 831
345 886
345 1103
346 791
346 809
346 898
346 1039
347 170
347 408
347 598
347 768
347 1048
348 126
348 681
348 972
348 1132
348 1188
348 1191
349 236
349 831
349 1221
350 181
350 509
350 529
351 325
351 698
351 856
351 886
352 139
352 567
352 732
352 802
352 1005
353 296
353 324
353 518
353 591
353 1000
353 1175
354 341
354 491
354 576
354 695
354 709
354 784
354 855
355 59
355 806
355 1231
356 84
356 1108
357 229
357 772
358 362
358 702
358 746
359 130
359 371
359 601
359 862
359 881
359 997
360 56
360 589
360 1024
360 1125
361 46
361 751
361 814
362 467
362 969
362 993
362 1053
363 75
363 105
363 243
363 279
363 531
363 805
363 905
364 175
365 657
366 176
366 277
366 690
366 734
367 45
367 99
367 103
367 187
367 496
367 1048
367 1154
368 659
368 795
368 1014
369 626
369 1042
371 402
371 814
371 902
371 967
371 1149
372 773
372 1036
372 1159
373 24
373 205
373 324
373 484
373 526
373 714
374 564
374 617
374 851
374 1045
375 156
375 202
375 346
375 561
375 738
375 1235
376 182
376 655
376 923
377 245
377 270
377 299
377 397
377 849
377 938
378 36
378 161
378 207
378 319
378 464
378 489
378 671
378 712
378 804
378 1113
379 87
379 277
379 371
379 827
379 873
379 995
380 948
381 18
381 401
381 407
381 443
381 606
381 740
381 1072
382 216
382 406
382 468
382 772
382 859
383 956
383 1089
384 99
384 690
384 692
384 1169
384 1214
385 553
385 626
386 951
387 494
387 565
388 131
388 447
389 108
389 885
389 900
390 593
390 666
391 526
391 708
391 722
391 754
391 890
392 1074
392 1196
392 1225
394 427
394 474
394 623
394 678
394 1223
395 734
395 1184
396 273
396 401
396 434
396 967
396 1185
396 1236
397 782
397 891
397 1140
398 272
398 355
398 382
398 440
398 457
398 471
398 485
398 767
398 951
398 1002
398 1156
399 608
399 761
399 769
399 907
399 1030
399 1201
400 139
400 716
400 717
401 30
401 35
401 227
401 1045
402 96
402 415
402 669
402 991
402 1103
403 126
403 359
403 697
403 741
404 19
404 538
404 1230
405 534
405 645
405 980
406 259
406 364
406 642
406 745
406 1071
406 1184
407 330
407 643
407 835
407 965
407 1243
408 311
408 500
408 837
409 265
409 620
409 843
410 4
410 386
410 447
410 464
410 1157
410 1203
411 40
411 124
411 691
411 791
411 816
412 112
412 122
412 317
412 380
412 407
413 51
413 165
413 703
414 235
414 516
414 1032
414 1116
415 439
415 742
415 817
415 903
415 1019
415 1105
415 1238
416 170
417 53
417 460
417 642
417 889
417 906
417 969
418 570
418 582
418 737
418 856
418 976
419 85
419 208
419 596
419 1136
420 75
420 183
420 907
421 446
421 507
421 564
421 901
422 216
422 227
422 228
422 547
422 607
422 1092
422 1116
423 65
423 253
423 498
423 562
424 246
424 936
425 696
425 781
425 865
425 995
425 1035
425 1168
425 1184
426 510
426 524
426 622
426 976
426 1136
426 1170
427 78
427 129
427 212
428 118
428 607
428 714
428 1079
429 702
430 935
431 197
431 436
431 627
431 733
431 766
431 788
431 802
432 410
432 811
432 1125
433 76
433 88
433 653
433 660
433 981
433 986
433 1069
433 1112
434 56
434 59
435 561
435 663
435 820
435 1075
436 276
436 699
436 753
437 89
437 252
437 278
437 394
437 431
437 630
437 1023
437 1136
437 1216
438 216
438 725
438 898
439 134
439 282
440 913
441 54
441 1250
442 303
442 484
442 614
442 633
442 635
442 910
442 929
443 82
443 154
443 354
443 469
443 1057
444 174
444 779
444 1079
445 770
446 105
446 244
446 329
446 1110
446 1199
447 253
447 373
447 712
447 955
448 180
448 282
448 577
448 711
448 954
449 20
449 212
449 660
449 1179
450 391
450 773
450 1238
451 348
451 808
451 906
451 1102
452 45
452 233
452 352
452 608
452 733
452 1051
453 116
453 554
453 562
454 129
454 1001
454 1192
455 98
455 235
455 565
455 736
456 631
456 662
456 1026
456 1122
456 1248
457 258
457 291
457 518
457 962
457 1134
458 307
458 630
458 965
459 130
459 166
460 385
460 458
461 10
461 285
461 525
461 1087
462 40
462 203
462 294
462 937
463 861
463 1227
464 274
464 485
464 733
464 854
465 298
466 92
466 323
466 438
466 453
466 794
466 975
467 428
467 550
467 801
467 1108
467 1196
467 1235
468 225
468 547
468 883
468 1083
468 1161
469 265
469 513
470 64
470 97
470 189
470 472
471 802
471 957
471 1081
472 33
472 811
472 1015
472 1066
473 319
473 369
473 498
473 613
473 964
474 232
474 276
474 657
474 707
474 853
474 860
475 173
475 245
475 724
476 690
476 766
476 778
476 868
476 1096
477 194
477 376
477 392
477 482
477 753
477 929
478 444
478 503
478 866
478 922
479 141
479 313
479 715
479 992
480 991
481 316
481 678
481 1241
482 762
483 16
483 144
483 467
483 517
483 1029
483 1031
484 36
484 842
484 936
484 1197
484 1202
485 622
485 743
485 798
486 5
486 369
486 401
486 837
487 105
487 978
487 1199
488 84
488 318
488 889
488 960
488 965
489 647
489 653
489 931
489 1028
489 1133
490 108
490 667
490 761
490 964
490 1061
490 1167
491 24
491 75
491 358
491 397
492 495
492 659
492 812
492 825
493 354
493 689
493 740
493 866
493 1069
493 1080
494 12
494 62
494 312
494 399
494 644
494 1154
495 322
495 487
495 646
495 734
495 1216
496 1
496 1063
497 615
497 1104
498 109
498 155
498 517
499 862
500 129
500 589
500 714
500 1005
501 154
501 829
502 41
502 259
502 327
502 646
502 835
503 296
503 320
503 597
503 1223
504 126
504 502
504 779
504 783
504 839
504 888
505 22
505 84
505 277
505 290
505 550
505 946
505 967
505 1070
505 1100
506 20
506 164
506 540
506 966
506 1165
507 867
507 939
508 182
508 201
508 500
508 540
508 998
509 148
509 585
509 872
509 885
509 1035
509 1201
510 298
510 307
510 563
510 1060
511 253
511 1022
511 1250
512 817
512 833
512 1124
513 325
513 588
513 1092
514 78
514 378
514 379
514 403
514 412
514 473
514 841
515 255
515 426
515 452
515 618
515 1079
516 1141
517 86
517 423
517 771
517 996
518 244
518 947
518 998
518 1049
519 108
519 1148
519 1217
520 300
520 525
520 964
520 975
520 1027
520 1179
521 571
521 723
521 907
521 936
521 1185
522 186
522 422
522 594
522 1045
523 290
523 843
523 1121
524 8
524 561
524 718
525 648
525 1040
525 1130
525 1219
526 109
526 180
526 222
526 257
526 290
526 529
526 660
526 887
526 1138
527 510
527 758
527 1187
528 92
528 989
528 1240
529 167
529 948
530 348
530 722
530 771
530 1155
530 1205
532 64
532 896
533 9
533 279
533 288
533 410
533 487
533 969
534 142
534 153
534 463
534 733
534 940
535 224
535 1106
536 306
536 657
536 815
536 1134
537 125
537 218
537 630
537 806
537 1143
538 899
538 919
539 873
539 1021
540 411
540 495
540 864
540 909
540 952
540 1211
541 1113
542 265
542 276
542 834
542 897
542 1036
542 1102
543 114
543 1250
544 120
544 287
544 695
544 1122
545 401
545 1196
546 81
546 261
546 598
546 644
546 761
546 778
547 145
547 500
547 682
547 754
547 853
548 191
548 343
548 583
548 649
548 660
549 1149
549 1235
550 728
551 496
551 947
551 950
551 1176
552 388
553 48
553 274
553 1140
553 1152
554 87
554 491
554 542
554 684
554 916
554 1232
555 712
555 817
555 959
556 685
556 794
556 1196
557 35
557 101
557 141
557 463
557 1197
558 71
558 296
558 974
559 178
559 591
559 868
559 1135
560 319
560 651
560 955
560 1034
560 1110
561 1003
561 1133
561 1205
561 1250
562 512
562 1087
563 24
563 91
564 402
564 917
565 341
565 560
565 629
565 778
566 176
567 790
567 1221
568 56
568 793
569 147
569 565
570 101
570 573
570 982
571 63
571 311
571 723
571 896
572 89
572 289
573 70
573 375
573 1112
573 1248
574 314
574 518
574 725
574 959
574 1242
575 274
575 666
575 1221
576 215
576 637
576 661
576 843
576 1086
576 1102
577 302
577 382
577 420
577 860
577 1040
578 527
578 1033
578 1138
579 468
579 697
579 699
579 918
579 1074
579 1198
580 12
580 754
580 989
580 1019
580 1204
581 735
582 664
582 1004
583 82
583 290
583 299
583 829
583 1142
584 41
584 534
584 1010
585 470
586 71
586 75
586 206
586 350
586 499
586 769
586 1194
587 455
587 1196
588 156
588 364
588 792
588 870
589 3
589 302
589 550
589 1217
590 614
590 929
590 969
590 1055
591 290
591 485
591 532
591 606
591 687
591 1068
591 1184
591 1250
592 280
592 499
593 99
593 188
593 1072
594 103
594 153
594 158
594 377
594 1101
595 2
595 316
595 534
595 570
595 1132
596 252
596 435
596 745
596 965
596 1038
597 716
597 732
597 934
598 220
598 569
598 889
598 1215
599 252
599 283
599 340
599 446
600 12
600 721
601 434
601 845
601 847
602 483
602 1046
603 27
603 231
603 341
603 757
603 819
604 22
604 76
604 88
604 176
604 218
604 343
604 357
604 679
604 779
604 928
604 1076
605 332
605 437
605 1088
606 97
606 178
606 316
606 603
606 616
606 656
606 722
606 1178
607 239
607 370
607 611
607 781
607 1081
608 157
608 716
608 880
608 916
608 1064
609 148
609 331
609 530
609 537
609 569
610 51
610 590
610 631
610 756
611 5
611 46
611 374
611 386
611 457
612 834
612 937
613 32
613 1124
614 835
615 697
615 842
616 731
616 973
617 106
617 149
617 333
617 613
617 791
617 929
617 1175
618 966
619 162
619 434
619 1075
621 51
621 126
621 726
621 1074
621 1130
623 161
623 477
623 526
623 736
624 815
624 1011
625 193
625 213
625 290
625 500
625 557
625 883
625 959
626 54
626 116
626 350
626 579
626 1042
626 1178
627 84
627 276
627 693
627 715
627 931
628 731
628 888
628 1000
628 1111
629 233
629 823
629 958
630 99
630 758
631 616
631 898
631 904
631 983
631 1181
632 448
632 1156
632 1240
633 832
633 916
633 1074
633 1241
634 19
634 25
634 187
634 431
634 621
634 736
635 374
635 714
635 937
635 1162
636 230
636 270
636 823
636 847
636 940
636 1231
637 124
637 202
637 617
637 767
637 999
638 278
638 762
638 890
638 979
638 1081
639 514
639 726
639 935
640 3
640 38
640 95
640 158
640 237
640 480
640 954
640 1238
641 127
641 214
641 610
641 654
641 919
642 74
642 311
642 541
642 623
642 645
642 690
642 951
642 1141
643 242
643 513
643 660
643 1201
644 519
644 654
644 707
644 851
644 888
644 974
645 234
645 263
645 449
646 190
646 330
646 383
646 578
646 916
646 956
646 969
646 1142
647 186
647 251
647 354
647 867
647 945
647 1139
647 1210
648 465
648 581
649 73
649 273
649 399
649 768
649 800
650 150
650 192
650 209
650 565
650 984
651 467
651 544
651 820
651 878
651 1211
652 89
652 494
652 854
653 168
653 636
654 87
654 94
654 385
654 501
654 613
655 15
655 175
655 825
655 982
656 193
656 240
656 453
656 730
656 908
656 1248
657 415
657 529
657 655
657 779
657 855
657 997
657 1148
658 955
659 153
659 190
659 540
659 682
659 718
659 818
659 905
659 1196
659 1245
660 187
660 194
660 507
661 138
661 469
661 890
662 181
662 291
662 385
662 586
662 678
662 916
662 1075
662 1087
662 1171
663 162
663 241
663 291
663 388
663 960
663 987
664 273
664 648
664 784
664 812
665 56
665 964
665 1035
666 286
667 60
667 750
667 1232
668 576
668 866
668 1214
669 600
669 638
670 387
670 491
670 833
670 1092
670 1117
671 659
671 808
671 885
671 1112
671 1167
672 124
672 680
672 1019
672 1092
672 1135
673 284
673 531
673 797
673 883
674 339
674 583
674 675
674 748
674 856
675 148
675 888
676 46
676 83
676 108
676 460
676 782
676 934
676 1175
677 15
677 628
677 959
677 1190
677 1207
678 869
679 476
679 1103
680 24
680 82
680 507
680 552
680 726
681 202
681 330
681 638
681 884
682 316
682 629
683 831
683 1167
683 1220
683 1245
684 685
684 774
684 887
685 21
685 222
685 835
685 957
686 580
686 712
686 720
686 788
687 129
687 201
687 404
687 739
688 390
688 926
688 1224
689 96
689 117
689 571
689 678
689 686
689 780
689 857
689 1121
690 163
690 535
690 744
690 779
690 1191
691 365
691 613
691 854
691 999
691 1232
692 971
693 329
693 591
693 669
693 724
693 938
693 1185
694 911
695 280
695 434
695 476
695 1174
696 150
696 280
696 765
696 1105
697 219
697 429
697 495
698 137
698 471
698 605
699 67
699 307
699 795
699 1058
699 1159
700 170
701 133
701 413
701 1181
702 696
703 78
703 873
704 43
704 928
704 952
704 1053
704 1179
705 12
705 157
705 469
705 808
705 930
705 934
706 119
706 443
706 588
706 654
707 180
707 184
707 249
707 619
707 1169
708 329
708 337
708 468
708 908
708 1174
709 336
709 617
709 765
709 941
710 758
710 893
710 1100
711 49
711 240
711 244
711 433
711 512
711 695
711 779
711 801
711 1018
712 451
713 902
714 3
715 322
715 564
715 1072
716 157
716 499
716 788
716 1077
717 233
717 328
717 358
717 365
717 670
718 624
719 182
719 289
719 660
719 1080
720 73
720 244
720 298
720 463
720 847
721 165
721 300
721 310
721 1168
722 70
722 144
722 400
722 1066
722 1219
723 243
723 501
723 503
723 1057
724 230
724 249
724 303
724 651
724 716
724 911
725 129
725 443
725 642
725 667
725 855
725 1061
725 1154
725 1193
726 191
726 573
726 706
726 830
726 1206
727 64
727 85
727 176
727 264
727 297
727 417
727 664
727 984
727 1019
728 76
728 87
728 107
729 721
729 1189
730 416
730 463
730 549
730 554
730 633
730 736
730 884
731 82
731 280
731 533
731 884
731 1086
731 1217
732 616
732 875
732 929
732 1088
732 1221
733 136
733 231
733 972
733 997
734 771
734 909
734 1144
735 5
735 936
735 1025
736 43
736 455
736 660
736 1125
736 1213
737 805
738 118
738 127
738 225
738 1122
739 269
739 964
740 241
740 317
740 608
740 867
740 869
740 1046
740 1156
741 210
741 683
741 1078
741 1083
742 89
742 92
742 159
742 402
742 553
742 650
742 867
742 1120
743 295
743 401
743 1165
744 261
744 337
744 441
744 456
744 587
744 653
744 765
744 1224
745 271
745 336
745 475
745 750
745 878
745 987
745 1025
745 1145
746 115
746 347
746 823
746 1117
746 1118
747 47
747 233
747 719
747 800
747 1149
748 628
749 128
749 951
750 165
750 317
750 684
750 990
750 1141
751 75
751 456
751 488
752 10
752 53
754 184
754 1119
755 102
755 170
755 460
755 727
755 742
755 987
755 1192
756 273
756 551
756 999
757 130
758 407
758 947
759 701
759 1134
760 271
761 107
761 642
762 14
763 2
763 789
763 1102
764 53
764 166
765 688
765 1135
766 94
766 169
766 413
767 673
767 822
767 914
767 1130
768 502
768 647
768 737
769 191
769 341
769 380
769 602
769 717
769 1215
770 4
770 281
770 1070
771 22
771 454
772 20
772 246
772 306
772 886
772 1229
773 125
773 836
773 1044
773 1085
774 5
774 989
775 45
775 179
775 362
775 787
775 911
776 392
776 456
776 698
776 1064
776 1221
777 156
777 344
777 570
777 611
777 703
777 1006
778 157
778 319
778 638
778 677
778 894
778 1145
778 1183
779 357
779 590
779 961
780 107
780 541
780 582
781 494
781 754
781 1212
781 1245
782 439
782 670
782 847
783 45
783 262
783 430
783 1041
783 1146
783 1224
784 189
784 247
784 385
784 1160
785 131
785 181
785 182
785 694
786 164
786 232
787 591
787 706
787 807
787 1244
788 111
788 203
788 513
788 667
788 818
788 853
788 1000
788 1053
789 711
789 719
790 133
790 190
790 325
790 587
790 633
790 912
790 947
790 1085
791 152
791 184
791 299
791 660
791 814
791 848
791 944
791 946
791 1115
791 1125
792 19
792 69
792 160
792 230
792 760
792 1213
793 620
793 1160
794 1009
795 1245
796 408
796 691
796 1097
796 1186
797 107
797 161
797 169
797 767
797 1049
797 1239
798 1053
798 1118
799 68
799 120
799 174
799 622
799 961
799 978
799 1100
800 769
800 1021
801 18
801 808
801 931
801 1105
801 1201
801 1247
802 656
803 173
803 374
803 526
803 534
803 1049
804 237
804 593
804 646
804 1123
805 72
805 119
805 541
805 548
805 582
805 652
805 1188
806 842
806 1003
807 23
807 215
807 241
807 314
807 328
807 522
807 575
807 1238
808 982
808 1060
808 1158
809 52
809 307
810 117
810 125
810 263
810 596
810 631
810 929
810 947
811 93
811 283
811 632
811 1049
812 257
812 418
812 653
812 859
812 973
812 1144
812 1234
813 805
813 1073
814 755
814 859
814 1145
815 195
815 362
815 807
815 898
816 772
816 842
816 997
817 347
817 489
817 523
817 882
818 96
818 342
818 514
818 684
818 1132
819 181
819 312
819 356
819 902
819 1084
819 1175
820 441
820 832
820 846
821 446
821 720
821 952
822 191
822 329
822 983
822 999
822 1102
823 48
823 328
823 487
823 832
823 881
823 973
823 1137
824 267
824 452
824 1007
825 79
825 202
825 617
825 972
825 1112
826 76
826 885
826 1196
827 385
827 419
827 430
827 707
827 1240
827 1248
828 780
828 836
828 848
829 122
829 224
829 990
830 40
830 226
830 605
830 606
830 719
830 1080
831 551
831 654
831 747
831 830
831 1246
832 156
832 312
832 449
832 561
832 618
832 659
832 747
833 444
834 29
834 527
834 1140
835 574
835 1002
835 1059
836 94
836 160
836 766
836 800
836 1244
837 504
837 575
838 583
838 673
838 821
839 593
839 857
840 21
840 292
840 481
840 699
840 935
840 1150
841 664
842 590
842 919
842 1044
842 1078
842 1097
842 1229
843 57
843 114
843 167
843 207
843 257
843 896
843 1012
844 7
844 288
844 749
844 977
845 344
845 530
845 830
845 1181
845 1242
846 258
846 585
846 824
846 974
847 419
847 816
847 859
847 951
847 1030
848 13
848 243
848 524
848 656
848 840
849 175
849 224
849 230
849 611
850 81
850 679
850 704
850 995
850 1059
850 1203
851 90
851 315
852 73
852 411
852 630
853 16
853 728
853 1107
854 234
854 391
854 656
854 731
854 1042
855 360
855 406
855 414
855 480
855 669
855 810
855 1235
856 155
857 161
857 339
857 414
857 536
857 576
857 805
857 1000
858 200
858 492
858 1199
859 472
859 786
860 472
860 636
861 628
861 683
861 742
861 804
861 1125
862 31
862 511
862 1133
862 1223
863 712
863 759
863 838
863 1134
864 1119
864 1142
865 230
865 322
865 517
865 640
865 1011
865 1207
866 558
866 583
866 979
867 410
867 534
867 655
868 115
868 141
868 635
868 1154
869 435
869 645
869 879
869 1079
869 1148
870 146
870 153
870 253
870 721
870 1114
871 335
871 558
871 1060
871 1191
871 1236
872 84
872 661
872 931
872 1117
873 1071
873 1110
873 1127
874 506
875 90
875 273
875 909
875 1143
875 1197
876 295
876 299
876 360
876 517
876 671
876 786
876 1158
877 217
877 470
877 635
878 17
878 58
878 66
878 343
878 899
879 703
879 966
880 265
880 430
880 582
880 658
881 484
881 737
882 81
882 118
882 1029
883 358
883 695
883 853
883 886
883 985
884 570
884 599
884 649
884 933
884 948
884 1063
884 1147
884 1236
885 385
885 1156
885 1206
886 669
886 775
886 1127
886 1159
886 1197
886 1204
886 1239
887 356
887 658
887 882
887 1107
887 1167
888 283
888 559
888 674
888 715
888 1044
889 586
889 1097
890 500
890 585
890 1002
891 273
891 401
891 800
891 831
891 1126
891 1229
892 376
892 447
892 464
893 611
893 875
893 1105
894 152
894 592
894 648
894 1048
895 50
895 585
895 1184
896 1025
897 584
897 689
898 274
898 466
898 482
898 809
898 1194
898 1249
899 72
899 410
899 644
899 863
899 962
899 1074
900 423
900 554
900 1063
900 1160
901 485
901 757
901 915
901 1054
901 1088
902 266
902 747
903 219
904 521
904 1184
904 1239
905 95
905 312
905 470
905 552
905 1095
906 371
907 192
907 392
908 193
908 212
908 611
908 742
908 885
909 67
909 394
909 402
909 766
910 131
910 149
910 155
911 41
911 199
911 216
911 268
911 1056
911 1058
911 1118
912 190
912 323
912 503
912 543
912 552
913 133
913 202
913 857
913 1130
914 94
914 162
914 439
914 590
914 681
914 716
914 818
914 883
915 553
915 579
915 698
916 297
916 613
916 1085
917 296
917 456
917 679
917 711
917 1129
918 59
918 676
919 23
919 155
919 300
919 301
919 787
919 977
919 993
919 1200
920 112
920 242
920 251
920 354
921 33
921 986
921 1017
922 377
922 530
922 1180
923 352
923 371
923 429
923 729
923 835
923 840
924 157
924 360
924 882
924 1243
925 73
925 146
926 301
927 378
927 735
927 959
927 1176
928 180
928 215
928 330
928 924
929 579
929 849
929 1091
929 1119
930 36
930 146
930 366
930 538
930 918
930 933
931 457
931 476
931 961
931 1106
932 141
932 370
932 564
932 604
932 775
932 1244
933 463
933 759
933 874
933 1186
934 391
934 438
934 510
934 654
934 778
934 779
935 570
935 772
936 7
936 140
936 409
936 953
936 974
936 1219
937 622
937 748
937 938
937 1059
938 906
939 89
939 761
939 951
940 654
940 686
940 728
941 364
941 845
941 921
941 1126
941 1228
942 67
942 802
943 115
943 305
944 130
944 289
944 619
944 1142
945 34
945 280
945 288
946 6
946 466
946 606
946 1069
946 1114
947 247
947 397
947 776
948 499
948 563
948 657
948 834
949 310
949 516
949 519
949 1092
950 27
950 145
950 582
950 781
950 1072
951 301
952 424
953 302
953 699
953 908
953 1068
953 1239
954 193
954 244
954 262
954 788
954 1011
954 1071
954 1139
955 48
955 82
955 292
955 487
955 716
955 805
955 991
955 1232
956 208
956 521
956 675
956 1149
957 442
957 1208
958 238
958 324
958 591
958 683
958 713
958 719
958 1111
958 1213
959 874
959 909
960 175
960 581
961 459
961 468
961 968
962 180
962 445
962 565
962 795
962 1122
962 1204
963 335
963 381
963 400
963 496
963 769
963 1021
964 276
964 1124
964 1224
965 240
965 645
965 707
965 849
966 146
966 815
966 1194
966 1207
967 600
967 1229
968 41
968 71
968 420
968 751
968 855
968 1232
969 123
969 254
969 486
969 502
969 591
969 736
969 968
970 117
970 158
970 263
970 576
970 586
970 692
970 951
970 969
971 53
971 1041
972 135
972 292
973 128
973 741
973 987
974 8
974 315
974 674
974 1026
974 1077
975 233
975 438
975 439
975 681
975 800
976 447
976 874
976 1103
976 1192
977 51
977 481
978 734
978 749
978 753
978 802
978 856
979 228
979 238
979 306
979 962
979 1098
979 1105
980 189
980 337
980 970
980 1175
980 1200
981 425
981 551
982 714
982 1080
983 70
983 591
983 991
983 1178
983 1188
984 174
984 185
984 393
984 517
984 573
984 664
984 976
984 1088
984 1153
985 345
985 423
985 455
985 513
985 743
986 519
986 883
986 1225
987 724
987 762
988 301
988 545
988 589
988 703
988 1188
989 14
989 231
989 455
989 778
989 900
989 1021
990 48
990 407
990 583
990 1059
991 789
991 828
992 234
992 828
992 849
992 1085
993 992
994 8
994 429
995 52
995 59
995 164
995 1131
996 193
996 455
996 972
996 1180
997 141
997 201
997 1240
998 84
998 403
998 626
998 893
998 1065
998 1126
999 592
999 758
999 1054
999 1075
999 1116
999 1246
1000 561
1000 954
1001 17
1001 197
1001 264
1001 651
1001 970
1002 107
1002 232
1002 306
1002 757
1004 91
1004 594
1004 639
1004 674
1004 1060
1004 1243
1005 220
1005 301
1005 559
1005 979
1005 1207
1006 1091
1007 20
1007 567
1007 569
1007 985
1007 1001
1007 1133
1008 593
1008 688
1008 955
1008 1058
1009 49
1009 772
1009 1035
1009 1160
1010 79
1010 281
1010 474
1010 531
1011 67
1011 199
1011 587
1011 963
1011 1140
1012 178
1012 196
1012 733
1012 774
1012 1098
1012 1208
1013 237
1013 737
1013 1044
1014 26
1014 334
1014 512
1014 973
1014 1043
1014 1196
1015 145
1015 246
1015 546
1015 1152
1016 260
1017 894
1017 976
1018 648
1018 688
1018 1136
1019 214
1019 378
1019 582
1019 1146
1020 71
1020 225
1020 866
1020 868
1020 1139
1021 222
1021 553
1021 757
1022 461
1022 592
1022 813
1022 900
1022 1032
1022 1169
1023 95
1023 179
1023 710
1024 523
1024 611
1024 819
1024 907
1024 1029
1024 1188
1025 572
1025 655
1025 794
1025 872
1025 1136
1026 76
1026 945
1027 363
1027 390
1027 394
1027 635
1027 694
1028 414
1028 955
1028 1096
1028 1181
1029 587
1029 965
1029 1091
1030 467
1030 702
1030 741
1030 824
1030 1068
1031 315
1031 394
1031 487
1031 693
1031 1070
1032 312
1032 522
1032 669
1032 1095
1033 90
1033 484
1033 531
1033 792
1034 3
1034 105
1034 441
1034 900
1035 263
1035 437
1035 945
1035 1048
1035 1149
1036 86
1036 383
1036 413
1036 679
1036 742
1036 829
1037 187
1037 793
1038 400
1038 604
1038 679
1038 1010
1038 1172
1039 22
1039 85
1039 723
1039 761
1039 917
1039 1103
1039 1120
1040 94
1041 64
1041 116
1041 244
1041 499
1041 1206
1042 196
1042 208
1042 495
1042 978
1043 31
1043 199
1043 316
1043 741
1043 1185
1044 145
1044 276
1044 284
1044 466
1044 1222
1045 504
1045 759
1046 737
1047 172
1047 851
1048 450
1048 581
1048 920
1049 317
1049 770
1049 1062
1050 204
1050 456
1050 486
1050 562
1051 41
1051 98
1051 405
1051 774
1051 938
1052 76
1052 264
1052 540
1052 747
1052 837
1053 303
1053 386
1053 409
1053 842
1054 42
1054 56
1054 57
1054 104
1054 555
1055 44
1055 215
1055 857
1055 1238
1056 527
1056 1106
1056 1180
1057 127
1057 466
1057 807
1057 1082
1058 218
1058 254
1058 609
1058 640
1058 901
1059 479
1059 484
1060 451
1060 1025
1060 1239
1060 1243
1061 73
1061 94
1061 722
1061 796
1061 844
1062 120
1062 128
1062 324
1062 940
1062 1030
1063 33
1063 82
1063 103
1063 728
1063 755
1063 858
1064 59
1064 293
1064 839
1065 145
1065 288
1065 418
1065 561
1065 741
1065 1234
1066 338
1066 440
1066 878
1066 1173
1066 1194
1067 144
1067 529
1067 733
1067 818
1068 43
1068 319
1068 725
1068 771
1068 1063
1068 1199
1069 45
1069 107
1069 322
1069 371
1069 548
1069 945
1069 1039
1070 418
1070 714
1070 881
1072 30
1072 280
1072 541
1072 778
1072 1061
1073 757
1073 845
1073 1014
1074 308
1074 1020
1075 1133
1076 23
1076 144
1076 918
1076 1205
1077 253
1077 354
1077 1230
1078 177
1078 505
1078 548
1078 927
1078 1080
1078 1145
1078 1192
1078 1219
1079 432
1079 597
1079 869
1079 1141
1079 1176
1080 18
1080 303
1080 459
1080 865
1080 1083
1081 795
1081 1167
1082 336
1082 354
1082 386
1082 684
1082 756
1082 775
1082 1012
1082 1094
1083 95
1083 651
1083 733
1083 792
1083 1219
1083 1242
1084 383
1084 662
1084 762
1085 73
1085 152
1085 223
1085 705
1085 1106
1085 1184
1086 98
1086 141
1086 170
1086 331
1086 804
1086 912
1086 1157
1086 1244
1087 1022
1087 1118
1088 38
1088 136
1088 485
1088 627
1088 694
1088 803
1088 974
1088 1024
1089 16
1089 336
1089 372
1089 437
1089 1211
1090 233
1090 316
1090 319
1090 1085
1091 256
1091 590
1091 930
1092 10
1092 387
1092 634
1092 973
1092 1083
1093 78
1093 290
1093 361
1094 103
1094 168
1094 316
1094 381
1094 421
1094 584
1094 979
1095 109
1095 211
1095 574
1095 701
1095 725
1095 950
1096 264
1096 610
1096 718
1096 1186
1097 255
1097 292
1097 468
1097 743
1097 1171
1098 283
1098 763
1098 789
1098 987
1099 795
1100 797
1100 843
1100 846
1100 947
1101 217
1101 346
1101 812
1101 859
1101 959
1101 1008
1102 8
1102 23
1102 180
1103 244
1103 1195
1104 391
1104 509
1104 809
1104 832
1104 845
1104 1208
1105 86
1105 441
1105 705
1105 1159
1105 1197
1106 163
1106 185
1106 409
1106 736
1106 1217
1107 57
1107 721
1107 747
1107 926
1108 31
1108 107
1108 261
1108 352
1108 446
1108 475
1108 738
1108 998
1108 1104
1109 423
1109 1233
1110 199
1110 273
1110 370
1110 600
1110 769
1111 347
1111 789
1111 818
1112 28
1112 118
1112 205
1112 667
1112 986
1112 1004
1113 692
1113 961
1114 1130
1115 564
1115 677
1115 942
1116 544
1117 1
1117 551
1117 1102
1117 1217
1117 1244
1118 298
1118 743
1118 846
1118 1226
1119 624
1119 694
1120 309
1120 328
1120 588
1120 1181
1121 74
1121 467
1121 493
1121 769
1121 927
1121 954
1121 1246
1122 230
1122 637
1122 883
1123 47
1123 167
1123 168
1123 992
1124 43
1124 687
1125 174
1125 492
1125 590
1125 611
1125 1061
1126 221
1126 580
1126 1233
1127 92
1127 608
1127 791
1128 98
1128 174
1128 197
1128 349
1128 369
1128 491
1128 1233
1129 925
1130 180
1130 703
1130 943
1130 1192
1131 211
1131 338
1131 380
1131 761
1131 1202
1132 531
1132 611
1132 943
1133 82
1133 158
1133 459
1133 751
1133 1063
1134 320
1134 495
1134 609
1134 621
1134 884
1135 46
1135 121
1135 282
1135 556
1135 597
1136 118
1136 505
1136 1221
1137 194
1137 538
1137 660
1137 1176
1138 657
1138 932
1138 1219
1138 1236
1139 713
1140 25
1140 242
1140 707
1140 967
1141 151
1141 894
1142 194
1142 381
1142 714
1143 194
1143 388
1143 648
1143 1066
1144 427
1144 749
1144 940
1145 275
1145 357
1145 380
1145 588
1145 675
1145 951
1145 991
1145 1025
1146 41
1146 73
1146 241
1146 275
1146 387
1146 1031
1147 205
1147 274
1147 341
1147 882
1148 408
1148 621
1149 286
1149 448
1149 888
1149 953
1149 971
1149 1192
1150 65
1150 383
1150 612
1150 1001
1150 1189
1151 347
1152 144
1152 312
1152 537
1152 552
1152 658
1152 863
1153 70
1153 156
1153 466
1153 619
1153 685
1153 752
1153 1051
1153 1064
1154 214
1154 1156
1154 1173
1155 149
1155 953
1156 10
1156 174
1156 739
1157 736
1157 866
1158 282
1158 300
1158 567
1158 570
1158 681
1159 78
1159 514
1159 780
1159 807
1159 1012
1160 185
1161 3
1161 623
1162 146
1162 334
1162 469
1162 1114
1163 489
1163 878
1163 1068
1163 1186
1164 124
1164 554
1164 604
1164 889
1164 979
1164 1201
1165 774
1165 1125
1166 553
1167 167
1167 502
1167 936
1167 1111
1168 140
1168 166
1168 232
1168 550
1168 833
1169 271
1169 685
1169 836
1169 1222
1170 354
1170 361
1170 495
1170 598
1170 616
1170 845
1171 460
1171 496
1171 611
1171 709
1171 973
1171 1147
1172 680
1173 145
1173 340
1173 444
1173 605
1174 280
1174 374
1174 555
1174 604
1174 652
1174 694
1175 29
1175 193
1175 229
1175 498
1175 524
1175 545
1175 1139
1176 551
1176 806
1176 837
1177 661
1177 725
1177 908
1177 1068
1178 81
1178 894
1179 243
1179 349
1179 546
1180 193
1180 394
1180 823
1180 1110
1180 1142
1181 61
1181 150
1181 194
1181 231
1181 302
1181 914
1182 434
1182 1105
1183 211
1183 1166
1183 1218
1184 57
1184 313
1184 650
1184 928
1185 460
1185 1050
1185 1165
1186 118
1186 265
1186 539
1186 818
1186 872
1186 982
1186 996
1187 309
1187 521
1188 29
1188 824
1188 927
1188 1208
1189 129
1189 438
1189 449
1189 606
1189 829
1190 192
1190 318
1190 440
1190 573
1190 667
1190 679
1191 168
1191 645
1191 981
1191 1177
1192 246
1192 352
1192 695
1193 18
1193 977
1194 111
1194 127
1194 449
1195 234
1195 632
1195 1046
1195 1148
1195 1169
1196 710
1196 790
1197 93
1197 114
1197 820
1197 917
1197 1142
1198 4
1198 51
1198 170
1198 460
1198 558
1198 601
1198 1108
1199 456
1199 526
1199 605
1199 630
1199 745
1199 1175
1199 1236
1200 581
1200 615
1200 997
1201 125
1201 402
1201 415
1201 988
1202 497
1202 542
1202 684
1202 944
1202 995
1202 1125
1203 185
1203 364
1203 704
1203 714
1204 475
1204 647
1204 1178
1205 649
1205 709
1205 1056
1206 409
1206 642
1206 710
1206 715
1206 781
1206 831
1206 1212
1207 916
1208 46
1209 3
1209 395
1209 494
1209 544
1209 602
1209 723
1210 336
1210 808
1210 874
1211 422
1211 597
1211 862
1211 959
1212 390
1213 483
1213 511
1213 582
1213 705
1213 776
1213 1230
1214 183
1214 714
1215 532
1215 808
1215 1013
1216 868
1216 1222
1217 327
1217 480
1217 643
1218 102
1218 1018
1219 103
1219 344
1219 388
1219 396
1219 496
1219 1192
1220 4
1220 258
1220 922
1220 1185
1221 69
1221 100
1221 192
1221 205
1221 705
1222 574
1222 598
1222 831
1223 665
1223 787
1224 278
1224 490
1224 533
1224 720
1224 790
1224 1247
1225 356
1225 1221
1226 33
1226 76
1226 81
1226 147
1226 292
1226 773
1227 1010
1227 1125
1228 113
1228 145
1228 695
1228 914
1228 1104
1229 574
1230 32
1230 61
1230 491
1230 607
1230 646
1230 841
1231 1151
1232 384
1232 629
1232 814
1232 845
1232 900
1232 1188
1233 57
1233 138
1233 890
1234 100
1234 535
1234 883
1235 12
1235 181
1235 467
1235 856
1235 1212
1235 1226
1236 293
1236 377
1236 643
1236 759
1237 45
1237 717
1238 69
1238 336
1238 676
1238 724
1238 726
1238 917
1238 1149
1238 1204
1239 189
1239 376
1239 403
1239 518
1239 1060
1240 719
1240 828
1240 1228
1241 103
1242 75
1242 169
1242 630
1242 753
1243 98
1243 320
1243 725
1243 1093
1243 1190
1244 167
1244 556
1244 937
1244 1123
1245 88
1245 452
1246 496
1246 609
1246 721
1247 688
1247 861
1248 102
1248 612
1248 718
1249 87
1249 317
1250 34
1250 469
1250 717
1250 916
1250 1038
