130
130
1 38
3 78
4 45
6 62
6 83
10 29
11 44
14 22
14 98
17 43
18 68
18 82
19 36
20 63
20 122
23 27
25 80
25 89
27 28
27 63
27 96
27 121
28 61
29 14
30 108
31 92
32 127
33 10
33 49
36 114
37 5
37 117
39 8
39 17
39 91
41 43
41 106
42 3
43 79
43 96
43 130
45 56
46 10
46 37
48 26
49 36
50 117
51 81
51 103
52 57
54 77
54 91
57 14
57 19
57 32
57 117
57 119
58 44
59 92
61 37
63 4
63 32
63 77
63 104
64 10
64 26
64 78
67 15
67 17
68 103
69 125
70 15
71 29
74 109
75 116
77 112
77 123
79 29
80 12
80 34
80 93
81 46
83 44
84 76
87 19
88 59
92 4
93 50
94 54
94 74
95 16
96 109
97 61
97 71
97 122
98 82
100 15
100 111
101 13
101 24
102 70
103 44
104 52
106 67
107 2
108 117
109 24
109 27
110 30
110 42
112 40
113 34
113 60
114 127
115 67
115 84
115 94
116 123
117 18
120 110
122 32
123 64
124 59
124 126
125 49
125 102
127 70
128 97
129 44
129 124
