130
633
1 54
1 57
1 85
1 91
1 111
1 124
2 22
2 27
2 41
2 87
2 103
3 17
3 25
3 64
3 120
4 25
4 59
4 74
5 7
5 71
5 118
6 29
6 39
6 50
6 75
6 95
6 127
7 16
7 32
7 59
7 81
8 28
8 47
8 92
8 121
8 124
9 69
9 113
9 117
9 118
10 36
11 6
11 34
11 45
11 109
11 125
12 41
12 58
12 80
12 88
12 109
14 17
14 41
14 47
14 125
15 1
15 52
15 73
15 98
15 127
16 1
16 34
16 37
16 45
16 63
16 96
16 100
16 113
16 116
16 129
17 40
17 46
17 47
17 54
17 63
17 69
17 102
17 103
18 74
18 100
18 104
18 127
19 1
19 54
19 59
19 103
20 7
20 51
20 58
20 76
20 82
20 106
21 3
21 14
21 20
21 67
22 27
22 32
22 42
22 44
22 62
22 84
22 94
22 104
22 109
22 127
23 43
23 71
23 130
24 19
24 32
24 59
24 61
24 103
24 105
24 125
25 4
25 8
25 31
25 32
25 50
25 56
25 72
25 82
25 118
26 30
26 75
26 96
26 103
27 6
27 34
27 43
27 49
27 85
27 87
27 114
27 118
28 1
28 2
28 19
28 47
28 52
28 88
29 2
29 49
29 91
30 29
30 65
30 95
30 115
30 118
31 44
31 88
31 94
32 9
32 16
32 47
32 60
32 80
32 103
33 1
33 32
34 80
34 97
34 122
35 22
35 77
36 22
36 28
36 34
36 94
37 9
37 31
37 48
37 84
37 118
38 24
38 25
38 31
38 51
38 60
38 75
38 77
38 91
38 106
38 107
38 116
39 13
39 44
39 50
39 82
39 84
39 98
39 113
40 12
40 29
40 38
40 49
40 50
40 51
40 55
40 71
41 20
41 30
41 101
41 116
42 2
42 4
42 57
43 20
43 30
43 32
43 89
44 28
44 55
44 71
44 100
45 21
45 69
45 104
45 124
46 2
46 4
46 61
46 75
46 128
47 8
47 40
47 101
47 128
48 4
48 6
48 35
48 49
48 53
48 60
48 61
48 95
49 8
49 11
50 14
50 19
50 57
50 62
50 67
50 73
50 100
51 32
51 93
51 129
52 19
52 88
52 111
52 112
52 118
53 27
53 47
53 83
53 91
53 124
54 27
54 72
54 127
55 15
55 61
55 79
55 87
55 104
55 106
55 109
55 126
56 41
56 61
56 73
56 83
56 114
56 115
56 118
56 128
57 25
57 47
57 65
58 6
58 12
58 41
58 51
58 103
59 13
59 57
59 83
59 86
59 95
60 7
60 84
60 92
60 101
60 112
60 119
61 39
61 50
61 54
61 64
61 106
62 7
62 34
62 40
62 98
62 104
62 106
62 108
62 123
63 11
63 26
63 54
63 123
63 125
64 6
64 13
64 16
64 34
64 56
64 63
64 74
64 106
64 110
65 28
65 54
66 30
66 40
66 47
66 55
66 126
67 38
67 65
68 35
68 67
68 83
68 117
69 11
69 14
69 54
69 58
69 112
70 49
70 82
71 22
71 51
71 54
71 82
72 45
72 106
72 116
73 7
73 24
73 31
73 40
74 30
74 53
74 58
74 105
74 128
75 8
75 43
75 79
76 4
76 5
76 67
76 75
76 119
76 124
77 23
77 79
77 87
78 34
78 48
78 49
78 57
78 102
78 105
78 109
79 4
79 12
79 19
79 116
80 22
80 60
80 62
80 69
80 73
80 79
80 86
80 92
81 55
81 71
81 95
81 114
82 38
82 59
82 91
82 98
82 126
82 129
83 4
83 91
83 127
83 129
84 20
84 31
84 58
84 103
84 107
84 119
84 124
85 44
85 52
85 65
85 117
85 127
85 128
85 129
86 35
86 43
86 64
86 76
86 105
87 23
87 25
87 27
87 42
87 84
87 89
88 15
88 22
88 65
88 66
88 93
88 109
89 9
89 24
89 78
89 114
89 117
89 121
89 124
90 35
90 74
91 30
91 113
91 123
92 10
92 45
92 50
92 77
93 4
93 6
93 14
93 70
93 91
93 102
93 112
94 13
94 43
94 56
94 84
95 9
95 13
95 80
96 20
96 25
96 39
96 60
96 97
97 36
97 127
97 130
98 59
98 99
98 122
99 9
99 52
99 76
99 78
99 84
99 105
99 109
100 8
100 49
101 5
101 107
102 8
102 92
102 99
102 100
102 110
103 15
103 24
103 25
103 57
103 85
103 91
103 106
104 19
104 34
104 38
104 66
104 107
104 129
105 43
105 53
105 61
105 72
106 2
106 17
106 34
106 42
106 71
106 82
106 84
106 110
107 57
107 78
107 85
107 91
108 3
108 11
108 70
108 106
108 113
109 2
109 114
109 121
110 7
110 14
110 38
110 58
110 83
110 92
110 97
111 1
111 51
111 79
111 82
111 92
111 103
112 11
112 13
112 14
112 64
112 94
112 100
112 118
112 124
113 23
113 26
113 57
113 74
114 80
114 87
115 19
115 30
115 56
115 95
116 52
116 77
116 81
116 117
116 128
117 4
117 8
117 24
117 49
117 64
117 103
118 3
118 23
118 41
118 123
118 127
119 9
119 19
119 25
119 32
119 33
119 36
119 60
119 62
119 98
119 112
120 1
120 115
121 12
121 25
121 35
121 54
121 77
121 126
122 2
122 31
122 42
122 45
122 70
123 14
123 93
123 97
123 99
124 36
124 42
124 57
125 9
126 50
126 77
126 115
126 121
126 125
127 38
127 46
127 60
127 65
127 112
128 14
128 19
128 30
128 32
128 97
128 101
128 114
128 118
129 14
129 80
129 86
129 123
130 5
130 103
