140
279
1 11
2 16
2 39
2 89
3 20
3 90
3 103
6 21
7 70
7 103
9 5
9 57
10 43
10 115
10 118
11 59
12 39
13 24
13 41
13 76
13 101
13 121
14 4
14 17
15 23
16 13
16 69
16 125
17 89
17 116
18 61
18 92
19 64
19 79
20 31
21 71
22 25
26 34
26 38
27 22
27 89
27 105
28 40
28 51
29 57
29 69
29 111
29 130
30 32
30 89
30 90
30 123
31 34
31 85
31 120
31 127
32 25
32 107
32 109
33 12
33 95
34 2
34 38
35 135
36 38
36 66
36 116
36 119
37 129
38 41
38 73
39 5
39 117
39 134
40 69
41 104
41 108
42 24
42 47
42 53
42 77
42 81
42 97
43 47
44 3
44 33
44 87
47 61
48 81
48 96
49 97
50 63
50 88
50 133
51 88
51 114
51 118
53 38
53 41
54 60
55 8
55 49
55 53
56 49
56 72
56 122
57 121
58 4
58 6
58 119
58 138
59 24
59 30
59 53
59 127
60 61
60 73
60 75
60 110
61 14
62 23
62 91
62 109
63 33
63 122
65 100
65 124
66 56
66 97
67 4
67 22
68 48
68 56
68 70
68 99
68 117
68 136
69 38
69 56
69 98
70 54
70 99
71 45
71 110
71 113
72 3
72 101
73 118
73 119
74 33
74 75
74 127
75 53
75 60
76 7
76 13
76 120
77 65
78 40
78 50
78 70
79 10
79 70
80 47
81 54
81 109
81 113
82 105
82 127
83 21
84 83
86 22
87 119
87 125
88 93
88 108
90 6
90 26
90 132
91 5
91 20
91 74
92 126
93 67
93 98
93 132
94 46
95 101
96 126
96 140
97 36
97 112
97 140
99 8
99 32
99 44
99 61
100 89
101 42
101 64
102 43
102 56
103 6
104 27
104 95
104 110
104 125
104 129
106 40
106 54
106 58
106 101
106 116
107 46
107 84
108 13
108 69
108 111
108 128
108 137
109 29
109 112
109 137
110 5
111 32
111 128
112 129
113 109
114 129
115 94
116 92
116 120
117 14
117 42
117 63
117 66
120 61
120 130
121 26
121 30
122 37
122 45
122 47
122 104
123 85
124 119
124 120
124 130
125 20
125 90
125 99
125 114
127 35
128 12
129 32
129 74
129 135
130 69
131 15
131 87
132 39
132 68
132 122
132 129
133 23
134 4
134 111
136 37
136 132
136 137
137 41
137 106
138 20
138 70
139 19
140 11
140 88
140 94
140 137
