140
139
3 128
4 59
4 67
4 123
4 133
5 83
6 88
6 112
7 43
8 81
10 90
12 23
13 72
15 2
16 39
17 93
18 87
21 1
21 51
21 52
22 82
22 140
23 56
24 87
26 55
28 13
28 36
28 113
29 91
30 76
31 107
32 86
34 57
35 34
35 46
36 32
39 68
41 71
42 62
42 118
43 107
45 80
45 107
48 13
48 116
51 71
52 16
53 118
58 71
61 100
63 87
64 10
64 82
64 83
66 90
66 111
68 21
68 60
68 117
69 68
70 19
70 72
71 72
73 59
73 64
76 75
79 5
80 107
81 5
81 23
82 57
83 89
86 17
86 38
86 105
86 124
86 130
89 45
91 67
91 121
93 10
93 52
94 65
94 82
95 6
95 18
95 48
95 62
96 62
97 85
97 109
98 63
98 128
99 29
99 87
99 127
102 72
102 124
103 71
103 114
109 77
110 46
110 121
110 140
111 87
115 3
115 78
116 109
117 12
117 108
117 112
117 122
118 14
118 133
119 132
121 79
122 16
122 113
123 121
124 74
124 92
125 11
129 3
129 119
129 137
132 6
132 25
133 69
134 13
134 74
134 99
134 106
135 48
135 79
136 24
136 55
137 46
137 65
138 1
