140
823
1 20
1 28
1 29
1 75
1 88
1 99
2 50
2 96
2 118
2 127
3 69
3 119
4 36
4 58
4 74
4 93
4 99
4 112
4 121
5 108
5 123
5 131
6 21
6 40
6 59
6 67
6 94
6 103
6 109
6 138
7 16
7 17
7 28
7 66
7 72
7 96
7 99
7 127
8 13
8 41
8 57
8 117
9 81
9 93
9 109
9 113
9 121
9 133
10 9
10 32
10 34
10 82
10 92
11 9
11 19
11 22
11 72
11 91
11 110
11 128
11 136
12 25
13 1
13 103
13 137
14 4
14 36
14 58
14 73
14 91
14 101
14 104
14 130
15 30
15 61
15 67
15 88
15 99
15 101
16 10
16 58
16 90
16 96
16 103
16 115
16 125
16 126
17 26
17 37
17 53
17 81
17 84
17 85
17 97
17 117
17 137
18 13
18 30
18 61
18 121
18 130
19 5
19 114
19 133
19 137
20 3
20 29
20 40
20 46
20 83
20 96
20 109
20 126
21 2
21 11
21 13
21 56
21 82
21 113
21 121
21 135
22 74
22 108
23 1
23 10
23 14
23 71
23 79
23 86
23 96
23 100
23 132
24 9
24 30
24 46
24 76
24 99
24 123
25 1
25 20
25 28
25 47
25 68
25 79
25 81
25 84
25 120
27 21
27 29
27 43
27 101
27 111
27 116
27 123
27 140
28 55
28 61
28 62
28 81
28 99
28 123
29 4
29 62
29 77
29 127
30 64
30 65
30 115
30 118
31 2
31 40
31 78
31 105
31 134
32 1
32 42
32 55
32 74
32 83
32 105
33 17
33 19
33 30
33 36
33 40
33 49
33 73
33 108
33 116
33 122
34 5
34 6
34 22
34 29
34 30
34 104
34 109
34 124
34 138
35 60
35 79
35 103
36 51
36 67
36 77
36 80
36 96
37 10
37 19
37 30
37 38
38 18
38 27
38 51
38 82
38 97
38 98
38 117
38 122
39 6
39 23
39 31
39 43
39 53
39 83
39 90
40 3
40 4
40 21
40 43
41 30
41 55
41 59
41 73
41 99
41 105
41 127
42 12
42 22
42 92
42 111
43 18
43 45
43 53
43 58
43 88
43 113
44 53
44 57
44 73
44 117
45 75
45 93
45 95
45 119
45 122
45 140
46 2
46 26
46 30
46 56
46 60
46 66
46 82
46 94
46 112
47 21
47 39
47 45
47 74
47 99
48 95
48 136
49 6
49 20
49 30
49 41
49 50
49 84
49 85
49 120
50 5
50 46
50 62
50 64
50 89
50 90
50 125
51 12
51 48
51 50
51 81
51 82
51 106
51 119
51 137
52 15
52 27
52 37
52 55
52 72
52 80
52 90
52 109
52 119
52 139
53 5
53 8
53 12
53 42
53 64
53 65
53 76
53 100
53 137
54 68
54 81
55 4
55 13
55 18
55 57
55 63
55 65
56 46
56 124
56 125
56 135
57 12
57 17
57 27
57 50
57 53
57 55
57 67
57 73
57 101
58 78
58 80
58 104
58 121
58 136
59 12
59 42
59 62
59 109
60 17
60 30
60 53
60 93
60 102
60 108
60 129
60 137
61 18
61 58
61 85
61 92
61 100
61 124
62 15
62 37
62 41
62 73
62 83
62 93
62 108
62 119
62 138
63 50
63 78
63 133
64 8
64 35
64 51
64 59
64 98
64 109
64 112
64 136
65 30
65 115
65 125
65 134
66 10
66 39
66 50
66 90
66 103
66 105
67 15
67 30
67 39
67 52
67 73
67 88
67 137
67 140
68 39
68 49
69 12
69 26
69 67
70 63
70 82
70 122
70 128
71 68
71 102
71 111
71 120
71 126
71 127
71 132
72 78
72 109
72 124
73 2
73 12
73 91
73 94
73 101
73 107
73 137
74 4
74 15
74 25
74 63
74 97
74 119
75 26
75 28
75 76
76 29
76 49
76 86
77 3
77 8
77 21
77 26
77 29
77 35
77 75
77 84
77 107
77 128
77 131
78 17
78 33
78 56
78 111
78 125
78 131
79 30
79 32
79 43
79 49
79 82
79 91
79 98
79 121
80 20
80 52
80 86
80 113
80 124
80 137
81 9
81 99
81 115
81 129
82 1
82 75
82 129
83 3
83 18
83 43
83 47
83 48
83 54
83 67
84 17
84 48
84 107
84 119
84 120
85 43
85 94
85 107
86 31
86 42
86 61
86 88
86 99
86 119
86 121
86 125
86 137
87 9
87 45
87 65
87 76
87 90
88 4
88 26
88 41
88 79
88 105
88 124
88 138
89 5
89 16
89 37
89 42
89 61
89 62
89 64
89 85
89 119
90 8
90 38
90 45
90 52
90 94
91 11
91 43
91 52
91 54
91 89
91 93
91 106
91 129
92 20
92 28
92 44
92 81
92 110
92 135
93 51
93 52
93 77
93 105
93 131
94 8
94 12
94 29
94 63
94 73
94 75
94 104
94 135
95 3
95 27
95 28
95 39
95 136
96 18
96 31
96 39
96 46
96 91
96 109
96 120
97 39
97 112
97 137
98 29
98 34
98 95
99 58
99 75
99 82
100 12
100 26
100 92
100 120
100 134
101 6
101 7
101 107
101 130
101 135
102 22
102 55
102 87
102 103
102 107
102 124
102 136
103 47
103 97
103 114
103 117
104 73
104 106
105 5
105 8
105 12
105 32
105 59
105 81
105 86
105 128
105 132
106 5
106 10
106 29
106 46
106 58
106 107
106 134
106 140
107 12
107 19
107 20
107 27
107 51
107 90
107 109
108 88
108 110
109 16
109 39
109 59
109 71
109 98
109 104
109 131
110 8
110 37
110 53
110 65
110 70
110 120
111 12
111 33
111 82
111 85
111 115
111 139
112 17
112 27
112 79
112 105
113 7
113 12
113 39
113 46
113 53
113 114
113 119
114 17
114 28
114 37
114 48
114 68
114 96
114 121
114 127
115 8
115 13
115 20
115 35
115 38
115 45
115 57
115 66
115 80
115 85
115 90
115 91
115 103
116 23
116 27
116 53
116 54
116 95
116 99
116 106
116 113
116 115
116 124
117 14
117 34
117 55
117 74
117 89
117 102
117 115
117 121
117 139
118 5
118 8
118 9
118 63
118 82
118 90
118 128
118 132
119 17
119 24
119 59
119 79
119 90
119 107
119 120
119 121
120 10
120 12
120 19
120 39
120 40
120 77
120 85
120 88
120 112
121 18
121 66
121 106
121 109
121 118
121 126
122 35
122 74
122 119
123 26
123 112
123 121
123 134
124 37
124 45
124 82
125 44
125 65
125 66
125 88
125 99
125 121
125 131
126 19
126 23
126 40
126 77
126 95
126 106
127 100
127 105
127 135
128 5
128 125
129 11
129 57
129 63
129 110
130 52
130 84
130 101
130 122
130 133
131 41
131 58
131 60
131 95
131 121
132 23
132 66
132 89
132 97
132 103
132 122
132 124
132 137
133 57
133 90
133 119
133 125
134 14
134 57
134 60
134 63
134 73
134 88
134 89
135 6
135 38
135 55
135 82
135 100
136 21
136 40
136 48
136 104
136 125
136 139
137 30
137 48
137 72
137 97
137 112
137 124
137 136
137 140
138 4
138 40
138 107
139 28
139 43
139 52
139 58
139 89
139 112
139 117
139 122
139 136
140 1
140 7
140 9
140 37
140 40
140 63
140 106
140 115
140 122
140 136
