1500
7484
1 446
1 626
1 830
1 956
1 980
1 997
1 1037
1 1044
1 1072
1 1130
1 1246
1 1308
1 1438
2 120
2 258
2 667
2 882
2 1189
3 611
3 945
3 1058
3 1303
4 9
4 52
4 291
4 748
4 961
5 61
5 94
5 412
5 554
5 1027
6 399
6 430
6 452
6 475
6 527
6 530
7 190
7 254
7 287
7 419
7 619
7 880
7 1063
7 1124
7 1388
8 51
8 72
8 745
8 1428
9 93
9 167
9 487
9 699
9 1203
10 107
10 140
10 211
10 504
10 668
10 1090
11 21
11 323
11 340
11 928
11 1042
11 1127
11 1358
12 403
12 562
12 665
12 1200
12 1306
12 1376
13 602
13 637
13 663
13 1232
14 663
14 873
14 1013
14 1208
14 1328
14 1407
15 98
15 393
15 563
15 1019
15 1136
16 344
16 394
16 466
16 517
16 651
16 1052
16 1293
17 233
17 243
17 340
17 899
18 59
18 90
18 347
18 1038
18 1075
18 1128
18 1436
19 728
19 899
19 1070
19 1134
19 1394
20 206
20 314
20 654
20 799
21 204
21 264
21 625
21 731
22 34
22 225
22 278
22 619
22 1376
23 425
23 486
23 578
23 1227
24 343
24 1205
24 1339
24 1500
25 28
25 399
25 587
25 723
25 916
25 1255
26 25
26 44
26 527
26 942
26 1129
26 1281
27 232
27 362
27 692
27 978
27 1134
28 548
28 766
28 815
28 856
29 401
29 1291
29 1310
29 1319
29 1427
30 180
30 694
30 1107
30 1226
30 1399
30 1475
31 373
31 476
31 527
31 969
31 1039
31 1097
31 1148
31 1153
31 1307
31 1434
31 1479
32 108
32 191
32 508
32 539
32 1301
33 96
33 355
33 540
33 700
33 838
33 1092
34 597
34 630
34 746
34 927
35 74
35 399
35 442
35 536
35 645
35 907
35 922
35 1341
35 1362
35 1416
36 237
36 1147
36 1177
36 1264
37 685
37 695
37 846
37 916
37 1047
37 1294
38 650
38 781
38 989
38 1274
38 1364
39 165
39 405
39 886
39 1186
39 1299
40 371
40 524
40 709
40 785
40 1078
40 1086
40 1492
41 1335
42 3
42 14
42 455
42 1435
42 1482
43 984
43 1318
44 279
44 439
44 647
44 1041
45 517
45 697
45 1117
45 1193
45 1450
45 1462
46 420
46 958
47 101
47 151
47 584
47 614
47 615
47 1214
47 1413
48 106
48 186
48 789
48 982
48 1285
48 1326
48 1425
49 96
49 219
49 492
49 537
49 715
49 791
49 1378
49 1475
50 60
50 143
50 404
50 426
50 437
50 698
50 818
50 973
50 1010
50 1038
51 210
51 481
51 872
51 1085
52 145
52 862
52 939
52 1143
53 79
53 129
53 136
53 1421
54 230
54 329
54 632
54 694
54 709
54 1024
54 1152
54 1319
55 214
55 735
56 289
56 477
56 1217
56 1279
57 318
57 496
57 829
57 864
57 973
57 1006
57 1421
58 272
58 573
58 691
58 905
58 1080
58 1412
59 633
59 720
59 803
59 1473
60 200
60 387
60 592
60 1135
61 11
61 13
61 125
61 166
61 192
61 410
61 729
61 930
61 1419
62 580
62 703
62 885
62 1182
63 187
63 520
63 751
63 1060
63 1489
64 336
64 555
64 613
64 645
64 709
64 995
64 1072
64 1207
64 1420
65 193
65 621
65 679
65 681
65 1025
65 1060
65 1093
65 1445
66 114
66 644
66 788
66 854
66 952
66 1036
66 1299
67 24
67 707
67 1257
67 1311
67 1329
67 1357
68 126
68 374
68 1051
68 1478
69 92
69 537
69 729
69 840
69 1467
70 183
70 299
71 150
71 199
71 261
71 844
71 1430
72 236
72 1466
73 114
73 342
73 682
73 723
73 1106
73 1133
74 833
74 1294
74 1481
75 152
75 875
75 919
75 937
75 955
75 1342
76 479
76 812
76 1074
76 1117
77 134
77 536
77 820
77 888
77 1484
78 50
78 946
78 1426
79 75
79 320
79 1369
79 1400
79 1441
80 744
80 798
80 1016
80 1047
80 1062
80 1067
80 1372
80 1438
81 510
81 524
81 542
81 727
81 996
81 1314
82 53
82 538
82 704
82 764
82 1023
82 1403
83 38
83 518
83 1213
84 45
84 113
84 174
84 328
84 577
84 780
84 837
84 891
84 938
84 1289
85 87
85 488
85 699
85 1234
86 83
86 156
86 550
86 579
86 1122
86 1351
87 252
87 815
87 889
87 957
87 1408
88 155
88 281
88 696
88 868
88 882
88 940
89 242
89 483
89 510
89 988
89 1228
90 34
90 131
90 193
90 299
90 446
91 248
91 581
91 620
91 716
91 917
91 1018
91 1124
91 1344
92 33
92 186
92 340
92 756
92 1193
92 1246
93 557
93 626
93 1022
93 1381
94 200
94 439
94 527
94 1179
94 1358
95 147
95 230
95 405
95 487
95 502
95 793
95 1156
95 1357
95 1475
96 12
96 93
96 335
96 358
96 594
96 1016
96 1197
96 1369
96 1376
96 1422
97 270
97 355
97 876
97 983
97 1117
97 1135
98 411
98 1336
98 1414
99 37
99 1129
99 1371
100 200
100 262
100 428
100 623
100 954
100 1246
100 1352
101 445
101 1141
102 238
102 339
102 401
102 913
102 1009
102 1362
103 494
103 611
103 655
103 722
103 745
103 1177
103 1219
103 1436
103 1456
104 308
104 880
104 1044
104 1280
104 1442
105 101
105 223
105 224
105 673
105 896
105 1075
105 1208
105 1380
106 220
106 755
106 806
106 938
106 1039
106 1212
106 1242
106 1497
107 177
107 1213
107 1330
107 1386
108 33
108 620
108 703
108 939
108 940
109 297
109 509
109 1111
109 1138
110 44
110 896
110 1090
110 1200
110 1314
111 2
111 160
111 161
111 242
111 551
111 1130
112 16
112 620
112 682
112 1165
112 1376
112 1388
113 807
114 882
115 46
115 153
115 160
115 335
115 688
115 823
115 917
115 1186
116 729
116 778
116 992
116 1185
116 1285
116 1428
117 21
117 432
117 496
117 523
117 677
117 778
117 1374
118 97
118 121
118 803
118 1172
119 639
119 712
119 1172
119 1319
120 470
120 902
120 974
121 74
121 98
121 163
121 1374
121 1436
122 173
122 314
122 762
122 886
122 1128
122 1163
122 1287
123 18
123 852
124 648
124 835
124 1074
124 1085
124 1450
125 68
125 1007
125 1144
125 1155
126 116
126 1071
126 1400
126 1494
127 762
127 1031
127 1399
128 422
128 844
128 1458
129 55
129 488
129 1051
129 1276
129 1396
129 1425
130 19
130 432
130 646
130 961
130 1234
130 1239
130 1306
131 593
131 641
131 736
131 1107
131 1121
131 1322
132 79
132 1125
132 1322
132 1383
133 54
133 564
133 637
133 660
133 971
134 65
134 96
134 789
135 90
135 276
135 678
135 1066
136 308
136 409
136 467
136 664
136 700
136 942
136 976
136 1065
136 1408
137 82
137 326
137 407
137 1226
138 1243
139 245
139 320
139 995
139 1156
139 1199
139 1200
140 255
140 364
140 1252
140 1291
141 497
141 673
141 740
141 866
141 916
141 1053
141 1057
141 1427
142 845
142 965
142 1496
143 15
143 164
143 377
143 395
143 757
144 39
144 547
144 1203
144 1444
145 50
145 206
145 229
145 287
145 447
145 712
145 872
145 920
145 986
145 1057
145 1377
145 1448
146 338
146 685
147 179
147 1203
147 1364
148 403
148 755
148 773
148 775
148 853
148 925
148 1283
148 1387
148 1405
149 369
149 615
150 498
150 612
150 756
151 310
151 363
151 550
151 558
151 1058
151 1164
151 1166
151 1354
152 510
152 1024
152 1299
152 1403
153 93
153 943
153 1228
153 1403
154 318
154 333
154 341
154 445
154 597
154 1279
155 45
155 79
155 425
155 1052
155 1289
156 76
156 576
156 824
156 905
156 1034
156 1038
156 1046
156 1125
156 1190
156 1242
156 1376
157 14
157 135
157 178
157 253
157 481
157 780
157 854
157 939
158 14
158 79
158 183
158 1440
159 76
159 454
159 733
159 1058
159 1327
160 143
160 934
160 1017
160 1142
160 1239
160 1440
161 144
161 179
161 490
161 934
161 1215
162 262
162 549
162 655
162 1485
163 23
163 63
163 222
163 236
163 702
163 788
164 151
164 182
164 354
165 379
165 484
165 495
165 598
165 687
165 753
165 1055
165 1333
166 329
166 440
166 824
166 1437
167 563
167 633
167 826
167 1235
167 1444
168 922
168 939
168 1237
168 1274
168 1406
168 1454
168 1468
168 1492
169 790
169 804
169 822
169 922
169 1261
170 145
170 192
170 371
170 466
170 482
170 736
170 1439
171 221
171 586
171 833
171 848
171 884
171 1379
172 169
172 899
172 1221
173 174
173 187
173 590
173 879
173 961
173 1059
174 148
174 334
174 336
174 721
174 839
174 999
175 106
175 320
175 532
175 714
175 936
175 1039
176 89
176 456
176 533
176 981
176 1172
177 342
177 757
177 1089
177 1293
178 488
178 530
178 1149
178 1373
179 120
179 1013
179 1039
180 543
180 715
180 740
180 846
180 866
180 1277
180 1289
180 1453
180 1485
181 975
181 1454
182 407
182 414
182 680
182 701
182 790
182 1275
182 1292
183 213
183 271
183 483
183 495
184 87
184 402
184 472
184 748
184 1318
185 650
185 1356
185 1477
186 627
186 1000
186 1077
186 1164
187 142
187 168
187 298
187 355
187 488
187 647
187 824
187 896
187 1120
187 1147
187 1189
188 96
188 672
188 874
188 1373
188 1467
189 276
189 406
189 757
189 1067
189 1174
189 1264
190 538
190 567
190 686
190 965
191 89
191 459
191 1174
192 167
192 867
193 23
193 234
193 299
193 690
193 734
193 1142
193 1150
193 1263
194 174
194 221
194 455
194 803
194 891
194 1318
195 80
195 190
195 484
195 491
195 924
195 1138
195 1286
196 43
196 234
196 891
197 668
197 811
197 1066
197 1379
198 77
198 388
198 725
198 971
198 1054
198 1103
199 103
199 250
199 496
199 870
199 1057
199 1288
199 1353
200 753
201 325
201 459
201 804
201 818
201 1417
201 1486
202 137
202 228
202 235
202 1359
202 1399
202 1478
203 68
203 99
203 217
203 969
203 1029
203 1151
203 1218
204 747
204 1339
205 847
205 925
205 1495
206 177
206 386
206 524
206 907
206 936
206 1132
207 1400
208 264
208 634
208 844
209 401
209 860
209 1044
209 1117
209 1260
209 1387
210 98
210 299
210 1167
211 173
211 986
211 1153
212 458
212 637
212 702
212 908
212 1204
213 115
213 835
213 990
213 1488
214 24
214 50
214 361
214 369
214 404
214 448
214 953
214 995
214 1107
215 74
215 722
215 755
215 853
215 900
215 1200
216 145
216 1138
216 1177
216 1309
217 229
217 664
217 1303
217 1311
218 689
218 696
218 1356
218 1365
218 1381
219 254
219 319
219 341
219 395
219 612
219 786
219 841
219 973
219 1072
220 217
220 482
220 1033
220 1086
220 1279
221 286
221 475
221 749
221 877
221 1182
221 1218
221 1293
222 462
222 574
222 670
222 858
222 864
222 957
222 967
222 1049
222 1244
222 1266
223 597
223 822
223 1168
223 1263
223 1284
224 155
224 231
224 845
224 1092
224 1373
224 1423
225 119
225 540
225 1490
226 82
226 281
226 486
226 532
226 1227
226 1332
227 178
227 378
227 517
227 606
227 1259
227 1275
228 866
228 918
228 1490
229 109
229 214
229 324
229 730
229 745
229 1080
230 281
230 628
230 714
230 986
230 1339
231 261
231 497
231 753
231 767
231 1405
231 1416
232 46
232 881
232 1070
232 1126
232 1252
232 1373
233 434
233 840
233 1453
234 222
234 304
234 370
234 558
234 612
234 769
234 833
234 899
235 472
235 499
235 1286
235 1456
236 17
236 78
236 300
236 599
236 764
236 816
236 941
236 1264
236 1462
237 287
237 416
237 481
237 1023
237 1125
237 1453
238 124
238 198
238 813
238 1203
239 165
239 430
239 1168
239 1255
239 1370
240 457
240 744
240 750
240 819
241 199
241 369
241 459
242 24
242 95
242 365
242 684
242 1112
242 1233
242 1293
242 1432
242 1442
242 1448
243 30
243 60
243 1229
244 262
244 351
244 1135
244 1430
245 442
245 604
245 701
245 704
245 759
245 1009
245 1148
245 1208
245 1273
245 1329
246 1214
246 1285
247 47
247 655
247 1346
248 159
248 754
248 766
248 1024
248 1156
249 297
249 542
249 675
249 777
249 991
249 1074
250 243
250 674
250 969
250 1105
251 82
252 79
252 139
252 140
252 1169
252 1350
253 158
253 620
253 703
253 1104
253 1372
254 55
254 284
254 423
254 466
254 587
254 937
254 1247
254 1363
254 1459
256 313
256 324
256 460
256 534
256 708
256 1005
256 1319
257 2
257 146
257 477
257 1051
258 30
258 494
258 1386
258 1466
259 28
259 827
259 1021
259 1273
259 1290
259 1338
260 42
260 530
260 618
260 1328
261 332
261 637
261 639
261 742
261 877
261 1293
262 139
262 732
262 827
262 1094
262 1351
263 157
263 610
263 1088
263 1252
263 1354
263 1484
264 219
264 560
264 733
264 809
264 875
264 1244
264 1287
265 190
265 546
265 1320
266 480
266 553
266 722
266 1029
266 1230
266 1331
267 154
267 377
267 437
267 639
267 771
267 914
267 1227
267 1292
268 55
268 135
268 284
268 297
268 360
268 754
268 766
268 1113
268 1152
268 1356
269 598
269 803
269 929
269 1264
269 1305
270 91
270 120
270 1183
270 1385
270 1430
271 21
271 137
271 148
271 213
271 304
271 679
271 907
271 1441
272 154
272 403
272 656
272 674
272 985
272 1198
272 1275
273 756
273 926
273 1096
273 1279
274 223
274 229
274 268
274 271
274 317
274 573
274 605
274 881
274 1220
275 10
275 484
275 571
275 664
275 688
275 779
275 1334
275 1456
276 214
276 224
276 860
276 935
276 1069
276 1232
276 1365
277 527
277 1047
277 1070
277 1187
278 23
278 355
278 621
278 646
278 1091
278 1266
278 1429
279 676
279 770
279 852
279 1174
280 374
280 452
280 769
280 1413
280 1430
281 163
281 1127
281 1175
282 8
282 483
282 672
282 1161
283 384
283 612
283 1041
283 1116
284 110
284 181
284 185
284 250
284 328
284 433
284 706
284 719
284 1067
284 1123
284 1169
285 706
286 906
286 1059
286 1293
287 47
287 81
287 505
287 824
287 1055
288 89
288 578
289 33
289 64
289 100
289 267
289 1198
289 1250
289 1341
290 2
290 305
290 529
290 701
290 787
290 1026
290 1118
290 1451
290 1500
291 399
291 951
291 1047
292 181
292 639
292 928
292 1138
292 1257
292 1295
293 51
293 376
293 602
293 632
293 715
293 739
293 942
294 252
294 320
294 357
294 1119
295 528
296 307
296 964
296 1006
297 79
297 168
297 253
297 305
297 344
297 375
297 700
298 37
298 565
298 568
298 628
298 660
299 447
299 1148
299 1480
300 401
300 775
300 800
300 881
300 1120
301 68
301 271
301 521
301 558
301 632
301 1116
301 1355
302 81
302 627
302 751
302 1172
302 1432
303 114
303 151
303 523
303 908
303 1389
303 1498
304 327
304 537
304 1264
304 1266
305 1424
306 26
306 163
306 370
306 372
306 707
306 1365
306 1405
307 112
307 377
308 73
308 383
308 469
308 797
308 1176
309 332
309 446
309 1067
309 1328
310 323
310 481
310 546
310 569
310 818
310 869
310 1141
310 1147
310 1490
311 488
311 521
311 730
311 878
311 1290
312 49
312 499
312 630
312 828
313 104
313 264
313 291
313 425
313 513
313 941
313 963
313 1296
313 1467
314 392
314 758
314 1178
314 1223
314 1297
315 158
315 280
315 709
315 798
315 817
315 885
315 976
316 68
316 313
316 790
316 827
316 872
316 1216
316 1228
316 1274
317 128
317 146
317 239
317 466
317 526
317 566
318 1063
318 1339
319 729
319 877
320 326
320 978
320 1087
320 1180
320 1249
320 1466
321 592
321 1088
321 1361
322 273
322 372
322 1416
323 88
323 410
323 471
323 503
323 1066
323 1122
323 1139
324 32
324 209
324 426
324 429
324 596
324 1032
324 1067
324 1238
324 1486
325 452
326 48
326 484
326 514
326 620
326 722
326 922
326 1295
326 1423
326 1479
327 31
327 351
327 534
327 919
328 466
328 916
328 922
328 1257
328 1289
328 1293
329 44
329 61
329 288
329 356
329 1479
330 323
330 448
330 587
330 615
330 886
330 1132
330 1359
331 4
331 476
331 945
332 103
332 542
332 721
332 991
333 603
333 950
334 184
334 417
334 437
334 512
334 969
334 1212
334 1378
335 99
335 211
335 735
335 760
335 982
335 1058
336 157
336 270
336 749
336 778
337 24
337 215
337 1110
337 1495
338 1073
338 1189
339 330
339 470
339 1421
340 555
340 952
340 1054
340 1350
340 1370
341 840
342 100
342 370
342 1165
342 1210
343 81
343 274
343 295
343 330
343 620
343 1028
343 1193
343 1224
344 26
344 200
344 405
344 425
344 483
344 519
344 819
344 830
344 1139
344 1243
345 85
345 269
345 977
345 1002
346 708
346 839
346 1350
347 17
347 389
347 605
347 964
347 1039
347 1319
347 1394
348 91
348 691
348 1432
349 835
350 409
350 562
350 573
350 736
350 837
350 1076
350 1125
350 1202
351 841
351 951
352 138
352 784
352 1340
353 237
353 600
353 736
353 846
353 909
353 1036
353 1081
353 1437
354 51
354 100
354 681
354 839
355 194
355 423
355 464
355 507
355 1225
355 1430
356 360
356 395
356 654
356 670
356 909
356 1299
356 1377
357 461
357 552
357 705
357 1059
357 1408
358 122
358 501
358 1098
359 377
359 403
359 816
360 463
360 750
360 1076
360 1272
361 241
361 1251
361 1450
362 712
363 65
363 107
363 985
364 203
364 269
364 382
364 491
364 733
364 1028
364 1115
364 1241
364 1476
364 1500
365 54
365 861
365 1124
366 149
366 166
366 774
366 977
367 474
367 1458
368 322
368 414
368 461
368 590
368 903
368 1443
371 351
371 545
371 1048
371 1067
371 1138
371 1338
372 13
372 348
372 772
372 950
372 1163
372 1211
372 1213
372 1413
373 3
373 380
373 545
373 786
373 985
373 1161
373 1306
373 1348
374 70
374 491
374 918
374 961
374 1053
374 1214
374 1472
375 134
375 555
375 566
375 587
375 717
375 1007
375 1032
376 368
376 757
376 1338
377 110
377 485
377 1305
378 156
378 717
378 1060
378 1193
378 1458
379 354
379 573
379 640
379 731
379 879
379 1231
380 527
380 704
380 871
380 897
380 1276
380 1486
381 685
382 57
382 453
382 835
382 890
383 90
383 728
383 1359
383 1499
384 219
384 254
384 482
384 1142
384 1198
385 135
385 147
385 521
385 681
385 1008
385 1122
385 1295
385 1296
386 243
386 366
386 781
386 993
386 1022
387 401
387 884
387 927
387 1009
388 583
388 749
388 1109
388 1161
388 1229
388 1331
388 1426
389 137
389 315
389 489
389 558
390 881
391 25
391 472
391 581
391 1234
392 253
392 1175
392 1189
392 1253
392 1283
392 1429
393 171
393 993
393 1181
394 356
394 716
394 761
395 216
395 990
395 1048
396 1031
396 1401
397 344
397 373
397 441
397 856
397 1055
398 90
398 699
398 771
399 44
399 46
399 662
399 724
399 1429
399 1454
400 447
400 662
400 930
400 1040
400 1103
400 1362
401 193
401 493
401 792
401 831
402 94
402 435
402 520
402 941
402 1248
402 1328
402 1479
403 830
403 1381
404 141
404 820
404 1157
404 1178
404 1205
404 1236
405 192
405 346
405 1119
405 1312
405 1462
406 809
406 1204
407 31
407 466
407 798
407 863
407 870
407 1057
407 1083
408 528
408 583
408 942
408 1475
409 80
409 244
409 472
409 694
409 1052
409 1228
410 83
410 793
410 920
410 956
410 1417
411 649
411 898
411 1200
411 1423
412 308
412 727
412 1448
413 51
413 170
413 223
413 600
413 858
413 1107
413 1146
414 202
414 686
414 722
414 843
414 1030
414 1056
415 458
415 588
415 1392
415 1458
416 410
416 926
417 481
417 512
417 594
417 1016
417 1317
418 72
418 1457
419 1193
419 1406
420 61
420 110
420 123
420 1261
420 1345
420 1451
420 1456
420 1485
421 187
421 720
421 1098
421 1345
422 578
422 812
422 1139
422 1316
423 640
423 964
423 1077
423 1383
424 686
424 855
424 973
424 1056
425 7
425 244
425 333
425 394
425 668
425 706
426 83
426 410
426 616
426 650
426 722
426 847
426 880
426 1229
426 1448
427 46
427 106
427 437
427 534
427 535
427 621
427 703
427 967
427 1229
428 867
428 989
428 1136
428 1319
429 76
429 93
429 527
429 575
429 880
430 5
430 24
430 476
430 705
430 1267
430 1451
431 406
431 481
431 555
431 713
431 1439
432 447
432 772
432 957
432 1489
433 70
433 1030
433 1206
433 1299
434 126
434 334
435 642
435 1129
435 1431
436 182
436 390
436 420
436 477
436 744
436 1022
436 1210
436 1309
436 1325
436 1335
436 1388
436 1491
437 233
437 424
437 1187
438 292
438 838
438 1070
438 1189
439 182
439 850
439 1063
439 1096
439 1166
439 1491
440 99
440 547
440 655
440 1377
441 150
441 333
441 930
441 1043
441 1457
442 494
442 818
442 1214
442 1252
442 1439
443 40
443 376
443 463
443 516
443 607
443 1033
443 1202
443 1268
444 38
444 80
444 227
444 632
444 716
444 1366
444 1468
445 774
445 1322
445 1405
446 116
446 621
446 854
447 207
447 262
447 564
447 575
447 1166
448 199
448 522
449 532
449 711
449 791
449 797
449 875
449 940
449 964
449 1194
449 1358
450 104
450 389
450 591
450 750
450 784
450 950
450 1231
450 1263
451 139
451 185
451 1106
452 64
452 862
452 1159
452 1487
453 103
453 268
453 484
453 576
453 588
453 896
453 1224
454 158
454 385
454 659
454 668
454 985
454 1046
454 1114
454 1281
454 1421
456 1028
456 1082
457 597
457 659
457 885
457 1052
457 1419
458 236
458 310
458 366
458 472
458 560
458 730
458 745
458 847
458 918
459 208
459 467
459 854
459 914
459 1275
459 1480
460 498
460 693
460 1208
460 1230
460 1490
461 1245
461 1500
462 317
463 471
463 1425
464 320
464 511
464 736
464 1001
464 1107
464 1370
465 775
465 1006
465 1339
465 1373
465 1411
466 49
466 171
466 596
466 904
466 983
466 1261
466 1292
467 654
467 673
467 986
467 1108
467 1142
467 1366
468 758
468 761
468 778
468 906
468 966
468 984
468 1490
469 283
469 415
469 515
469 1152
469 1195
470 33
470 174
470 265
471 272
471 277
471 517
471 522
471 671
471 1296
471 1454
472 298
472 605
472 1237
472 1435
472 1446
473 221
473 238
473 721
473 766
473 915
474 33
474 126
474 813
474 1035
474 1048
474 1101
474 1343
474 1371
475 597
475 633
475 712
475 830
475 971
475 1013
476 401
476 1045
476 1054
477 64
477 329
477 456
477 608
477 700
477 869
477 890
477 1233
478 131
478 244
478 968
478 1180
478 1310
478 1495
479 667
479 1269
479 1347
480 193
480 320
480 922
480 1208
480 1215
480 1371
480 1480
481 21
481 710
481 796
481 840
481 938
481 1006
481 1095
482 100
482 313
482 464
482 1115
482 1202
482 1265
482 1421
482 1464
482 1479
483 99
483 228
483 510
483 658
483 822
483 929
483 1330
483 1437
484 328
484 606
485 673
485 794
485 808
485 846
486 42
486 81
486 278
486 502
486 1065
486 1133
486 1346
487 417
487 1360
488 20
488 45
488 177
488 852
488 915
488 1342
489 215
489 1095
489 1269
490 87
490 366
490 895
490 1356
490 1422
491 125
491 127
491 174
491 439
491 676
491 926
491 1065
491 1345
491 1362
491 1372
492 195
492 352
492 844
492 905
493 232
493 469
493 556
493 567
493 794
493 1152
493 1157
493 1278
494 61
494 79
494 1177
494 1188
495 1381
495 1435
496 61
496 142
496 244
496 529
496 1286
497 529
497 1043
497 1321
498 159
498 318
498 1236
498 1247
498 1317
499 177
499 351
499 541
499 753
499 1010
499 1315
499 1320
500 644
500 1159
501 148
501 443
501 612
501 895
502 251
502 727
502 925
503 18
503 115
503 429
503 785
503 802
503 1052
503 1149
503 1326
504 1092
504 1096
504 1172
504 1179
504 1380
505 634
505 672
505 958
505 1024
505 1137
505 1279
505 1361
506 378
506 554
506 630
506 1041
506 1153
506 1327
507 278
507 583
507 788
507 907
507 1039
507 1061
507 1467
508 4
508 873
508 1171
508 1361
509 1
509 100
509 428
509 505
509 1282
510 23
510 109
510 565
510 1499
511 208
511 1111
511 1388
512 632
512 961
512 1075
512 1250
513 134
513 148
513 288
514 42
514 191
514 199
514 376
514 869
514 1045
514 1048
515 114
515 555
515 1192
515 1308
516 584
516 1013
516 1122
516 1217
516 1283
516 1340
516 1369
516 1470
517 135
517 326
517 380
517 1322
517 1497
518 377
518 1063
519 43
519 72
519 177
519 432
519 979
520 552
520 1197
521 68
521 645
521 651
521 667
521 1350
522 67
522 231
522 359
522 996
522 1126
522 1411
522 1415
523 166
523 302
523 1247
524 45
524 1035
524 1148
525 38
525 99
525 426
525 450
525 481
525 552
525 804
525 1132
526 38
526 288
526 461
526 682
526 882
527 133
527 376
527 484
527 1439
528 96
528 298
528 501
528 1444
529 343
529 954
529 1223
529 1240
529 1303
530 101
530 142
530 394
530 1055
530 1257
530 1304
531 65
531 94
531 1410
532 280
532 1019
533 291
533 347
533 355
533 773
533 812
533 1140
533 1326
533 1462
534 703
534 808
534 1392
534 1394
534 1478
534 1494
535 157
535 471
535 504
535 543
536 654
536 969
536 1047
536 1379
537 241
537 473
537 1370
537 1429
538 380
538 1055
538 1092
539 420
539 639
539 646
539 825
539 1357
539 1436
540 124
540 154
540 379
540 461
540 691
541 181
541 591
541 671
541 938
541 1008
541 1500
542 251
542 413
542 425
542 749
542 765
542 885
542 1194
543 46
543 220
543 270
543 456
543 698
543 945
543 1237
544 577
544 811
544 894
544 1404
545 69
545 356
545 519
545 1274
546 757
546 1098
546 1442
547 164
547 186
547 567
547 691
547 869
548 168
548 365
548 374
548 1299
549 48
549 201
549 283
549 1369
550 163
551 299
551 1060
551 1448
552 243
552 360
552 420
552 447
552 622
552 1416
553 37
553 1104
553 1151
554 49
554 96
554 97
554 99
555 420
555 481
556 54
556 463
556 500
556 652
556 763
556 1065
556 1467
557 62
557 423
557 433
557 516
557 756
557 812
557 985
557 1288
557 1402
558 29
558 487
558 586
558 770
558 1054
559 339
559 619
559 1315
559 1489
560 1021
560 1412
561 375
561 815
561 1060
561 1242
562 239
562 419
562 869
563 163
563 182
563 266
563 399
563 1432
564 497
564 577
564 594
564 664
564 740
564 921
565 736
565 895
565 918
565 989
565 1052
566 237
566 1138
566 1211
566 1383
567 85
567 250
567 608
567 908
567 1310
567 1385
568 79
568 406
568 835
568 880
568 919
568 1103
568 1154
568 1219
569 5
569 187
569 237
569 1215
569 1402
569 1471
570 111
570 113
570 150
570 254
570 511
570 676
570 725
570 1156
571 142
571 182
571 1012
571 1337
572 15
572 217
572 935
572 960
572 973
572 1052
572 1069
572 1475
572 1482
573 744
573 1074
574 54
574 535
574 610
574 660
574 948
575 149
575 582
575 1150
575 1215
576 975
576 1460
577 60
577 121
577 525
577 1008
577 1140
578 158
578 394
578 877
578 1335
578 1474
579 5
579 166
579 242
579 674
579 1422
580 147
580 432
580 527
580 590
580 1048
580 1189
580 1379
581 69
581 606
581 839
581 908
581 1051
581 1091
581 1092
581 1103
582 574
582 1336
582 1376
583 302
583 722
583 824
583 1042
584 1023
585 269
585 922
585 1282
585 1301
586 147
586 153
586 332
586 371
586 739
587 16
587 112
587 257
587 393
587 457
587 493
587 528
587 849
587 929
587 1029
587 1049
587 1113
587 1489
588 149
588 500
588 533
588 832
588 1417
588 1452
589 11
589 148
589 160
589 191
589 700
589 832
589 1000
589 1148
589 1219
590 172
590 226
590 583
590 654
590 833
590 925
590 1069
590 1117
590 1232
591 243
591 244
591 295
591 438
591 444
591 701
591 964
591 1048
591 1234
591 1377
592 1055
593 412
593 476
593 530
593 960
593 1079
593 1103
594 260
594 403
594 732
594 1233
594 1291
594 1494
595 531
595 678
595 852
595 899
595 1073
595 1318
595 1434
596 174
596 439
596 458
596 663
596 815
596 1211
596 1253
597 171
597 283
598 240
598 390
598 772
599 622
599 645
599 666
599 729
599 1044
599 1497
600 124
600 236
600 653
600 673
600 848
600 1034
600 1216
600 1268
600 1318
600 1426
601 90
601 385
601 455
601 755
601 861
601 958
601 1173
601 1301
602 18
602 227
602 284
602 1149
603 249
603 395
603 935
604 50
604 78
604 895
604 1059
604 1245
605 135
605 300
605 685
605 1030
605 1257
605 1405
605 1410
605 1451
605 1490
606 224
606 561
607 10
607 228
607 557
607 734
607 855
607 1112
608 190
608 228
608 257
608 588
608 610
608 753
608 796
608 927
608 1027
608 1124
608 1219
609 263
609 998
609 1030
610 85
610 171
610 480
610 518
610 1067
610 1498
611 258
611 314
611 336
611 1187
611 1274
612 30
612 595
612 948
612 1151
612 1203
612 1325
613 509
613 934
613 981
613 1019
613 1086
613 1145
613 1183
613 1212
614 462
614 581
614 1274
615 9
615 96
615 158
615 612
615 708
615 991
615 1234
616 157
616 953
616 1457
617 246
617 450
617 501
617 810
617 933
617 1313
617 1376
618 738
618 797
618 1011
618 1033
618 1262
619 105
619 153
619 631
619 924
620 140
620 220
620 524
620 763
620 1016
620 1166
620 1309
620 1356
620 1495
621 1271
621 1366
622 33
622 179
622 254
622 443
622 620
622 1466
623 222
623 1123
624 359
625 32
625 645
625 866
625 919
625 1070
625 1454
626 179
626 418
626 502
626 670
626 714
626 1091
627 340
627 691
627 692
627 743
627 761
627 999
627 1313
628 186
628 849
628 1264
628 1297
629 643
629 815
629 1209
630 639
631 248
631 419
631 782
631 1059
631 1295
632 645
633 22
633 101
633 205
633 417
633 521
633 663
633 769
634 1066
634 1254
634 1358
635 126
635 306
635 435
635 691
635 940
635 1375
636 22
636 135
636 322
636 450
636 492
636 512
636 621
636 905
637 137
637 411
637 712
637 790
637 860
637 1029
637 1291
637 1440
638 367
638 572
638 610
638 817
638 899
638 967
638 1230
638 1269
639 111
639 670
639 804
639 1368
640 317
641 92
641 215
641 365
641 610
641 736
641 1222
641 1274
641 1455
642 262
642 292
642 439
642 538
642 624
642 646
642 799
642 872
643 100
643 642
643 933
643 936
643 1422
644 787
644 1417
645 273
645 699
645 803
645 934
645 1033
645 1114
646 220
646 349
646 490
646 613
646 740
646 840
647 888
647 933
647 1167
647 1309
648 55
648 90
648 197
648 1005
648 1222
648 1272
648 1340
649 148
649 368
649 602
649 751
649 939
649 970
649 1073
649 1499
650 277
650 660
651 91
651 138
651 196
651 627
652 213
652 535
652 579
652 688
652 793
652 990
652 1075
652 1208
652 1353
653 168
653 919
653 1073
653 1162
653 1192
653 1321
654 102
654 202
654 392
654 957
654 1035
654 1042
654 1195
654 1216
654 1263
655 113
655 232
655 716
655 956
655 1041
655 1237
655 1259
656 181
656 606
656 846
656 976
657 431
657 880
657 1285
658 245
658 1037
658 1355
659 93
659 842
659 1228
659 1459
660 425
660 520
660 552
660 735
660 1282
661 65
661 356
661 452
661 568
661 735
661 828
661 1092
661 1190
661 1423
662 765
662 898
662 1090
662 1385
662 1463
662 1483
663 31
663 75
663 255
663 605
663 945
663 992
664 12
664 302
664 434
664 563
664 1264
664 1422
665 76
665 453
665 786
665 788
665 798
665 1486
666 352
666 707
666 1028
666 1320
666 1350
667 359
667 624
667 1360
667 1488
668 41
668 939
668 1253
668 1302
669 196
669 255
669 312
669 513
669 588
670 108
670 146
670 962
671 151
671 439
671 461
671 562
671 725
671 916
671 1018
671 1472
672 194
672 477
672 643
672 1161
673 227
673 423
673 547
673 717
673 959
673 1190
673 1325
674 432
674 546
674 631
674 1327
674 1372
674 1443
675 74
675 207
675 921
675 994
675 1221
675 1250
676 46
676 119
676 323
676 389
676 663
676 855
676 908
676 996
676 1240
677 1
677 11
677 156
677 765
677 1288
677 1348
678 155
678 187
678 384
678 434
678 496
678 794
678 1489
679 193
679 354
679 956
679 957
679 1232
680 103
681 124
681 131
681 1457
682 450
682 553
682 910
682 919
683 133
683 491
683 839
683 851
683 976
684 62
684 343
684 550
684 575
684 581
684 1152
684 1224
685 277
685 649
685 1075
685 1248
686 239
686 259
686 331
686 607
686 1015
686 1482
687 12
687 50
687 1099
687 1357
687 1442
688 503
688 862
688 1407
689 38
689 693
689 1072
689 1211
689 1288
690 555
690 1192
691 64
691 202
691 385
691 469
691 477
691 762
691 955
691 961
692 574
692 933
693 29
693 328
693 792
693 969
694 524
694 937
694 947
694 1073
694 1197
694 1462
694 1493
695 1
695 96
695 169
695 270
695 282
695 468
695 545
695 680
695 712
695 748
695 1477
696 643
696 650
696 780
696 860
696 1220
696 1225
696 1369
697 1
697 231
697 266
697 363
697 1123
697 1149
697 1176
698 106
698 227
698 721
699 146
699 568
699 608
699 842
699 1330
700 306
700 716
700 920
701 51
701 85
701 376
701 380
701 511
702 309
702 653
702 956
702 1109
703 706
703 989
703 1400
704 399
704 540
704 551
704 766
704 871
704 1090
704 1179
704 1204
705 818
705 1186
706 322
706 435
706 569
706 1462
707 180
708 630
708 1032
708 1366
708 1429
709 634
709 1112
710 326
710 651
710 1094
710 1273
711 21
711 41
711 180
711 201
711 227
711 305
711 921
711 928
711 1389
713 110
713 253
713 817
713 960
713 1077
713 1391
714 439
714 880
714 883
714 1473
715 54
715 194
715 391
715 513
715 766
715 783
715 835
715 838
715 1275
715 1281
716 90
716 694
716 811
717 320
717 921
717 1347
718 495
718 871
718 908
718 1234
718 1429
719 71
719 123
719 524
719 552
719 1207
719 1377
720 1293
721 423
722 13
722 794
722 885
722 1057
722 1064
722 1456
723 242
723 281
723 324
723 487
723 494
723 506
723 692
723 964
723 1210
723 1445
724 105
724 719
724 1281
725 133
725 272
725 375
725 427
725 651
725 863
725 922
725 1239
725 1301
726 177
726 709
726 887
727 35
727 1079
727 1433
728 498
728 1147
728 1477
729 81
729 103
729 235
729 395
729 644
729 673
729 793
729 844
729 1489
730 269
730 315
730 778
730 923
730 1215
730 1217
730 1484
731 175
731 244
731 562
731 1249
731 1309
732 444
732 1218
733 270
733 314
733 531
733 662
733 1127
734 25
734 92
734 1142
734 1373
734 1462
735 120
735 569
735 684
735 1140
735 1368
735 1458
736 153
736 391
736 734
736 1300
737 301
737 315
737 1126
737 1247
737 1278
737 1412
738 240
738 756
738 1122
738 1202
738 1377
739 96
739 340
739 396
739 559
739 646
739 790
739 948
739 1009
739 1087
740 367
740 770
740 1248
740 1303
741 402
741 957
741 982
741 1278
742 280
742 333
742 361
742 579
742 707
742 1092
742 1116
743 907
743 1469
744 1230
745 315
746 265
746 760
746 898
746 1204
746 1328
746 1431
747 506
747 581
747 596
747 605
747 624
747 760
747 917
747 1019
747 1178
747 1326
747 1415
748 2
748 514
748 1248
748 1278
749 49
749 148
749 220
749 303
749 504
749 1356
749 1357
750 114
750 666
750 1087
750 1238
750 1314
750 1422
751 83
751 777
751 1471
752 1236
752 1364
752 1455
753 306
753 541
753 1445
754 175
754 345
754 443
754 458
754 678
754 725
754 1339
754 1373
755 63
755 119
755 208
755 239
755 388
755 416
755 464
755 912
755 1053
755 1312
756 518
756 592
756 782
756 1088
756 1275
756 1301
757 238
757 444
757 853
757 1423
758 75
758 489
758 746
758 890
758 1416
759 262
759 508
759 819
759 1139
760 235
760 461
760 617
760 805
760 1096
761 47
761 407
761 614
761 648
761 1047
761 1285
761 1485
762 383
762 462
762 479
762 689
762 864
762 1099
762 1205
763 251
763 544
763 794
763 1228
764 309
764 1231
764 1256
765 10
765 174
765 348
765 681
765 844
766 303
766 877
767 389
767 943
767 1144
767 1476
768 1165
768 1285
769 475
769 1496
770 218
770 275
770 285
770 430
770 878
770 885
771 117
771 312
771 497
771 1205
771 1251
771 1471
772 191
772 286
772 444
772 637
772 1097
772 1179
772 1255
773 42
773 80
773 190
773 607
773 867
773 947
773 977
774 874
774 1032
774 1326
775 130
775 321
775 439
775 850
775 1096
775 1204
775 1268
776 11
776 14
776 124
776 375
776 690
776 783
776 977
776 1016
776 1383
777 362
777 754
777 759
777 885
777 920
777 1325
777 1409
778 396
778 683
778 722
779 8
779 36
779 191
779 461
779 571
779 856
779 1355
780 142
780 703
780 1178
780 1249
780 1317
781 190
781 993
781 1294
782 63
782 292
782 945
782 1189
782 1304
782 1492
783 850
783 1170
783 1271
783 1438
784 8
784 375
784 826
785 141
785 166
785 466
785 512
785 877
785 890
785 936
785 1038
786 405
786 1416
787 122
787 131
787 577
787 1224
788 902
788 909
788 1384
789 536
789 792
789 1291
789 1474
790 572
790 645
790 831
790 902
790 985
790 1092
790 1122
790 1196
790 1311
790 1442
791 67
791 185
791 1199
792 152
792 269
792 877
792 908
792 924
792 948
792 980
792 1020
793 104
793 752
793 768
793 1380
794 237
794 511
794 541
794 884
794 1254
794 1365
795 801
795 1177
795 1261
795 1390
796 244
796 626
796 750
796 755
797 333
797 495
797 657
797 1202
798 49
798 85
798 229
798 466
798 616
798 671
798 880
798 1028
798 1239
799 221
799 377
799 826
799 833
800 525
800 600
800 935
800 1124
800 1485
801 367
801 442
801 756
801 1032
801 1170
802 282
802 489
802 1176
802 1376
803 76
803 283
803 448
803 513
803 772
803 801
803 946
803 1320
803 1364
803 1408
803 1457
804 65
804 258
804 423
804 437
804 1234
804 1423
805 288
805 424
805 913
805 1079
805 1252
805 1449
806 125
806 542
806 661
806 780
807 374
807 452
807 513
807 581
807 845
807 903
807 1418
808 293
809 237
809 352
809 808
809 812
809 965
809 1048
809 1065
809 1197
809 1235
809 1463
810 1479
811 246
811 361
811 395
811 851
811 1421
812 78
812 127
812 390
812 599
812 1283
812 1356
813 69
813 125
813 202
813 447
813 557
813 957
814 443
814 510
814 575
814 786
814 995
814 1106
814 1167
814 1361
814 1367
815 667
815 919
816 37
816 369
816 740
817 777
817 1360
818 503
818 771
818 808
818 824
818 848
819 108
819 844
819 858
819 1428
820 83
820 735
820 1216
821 924
821 1042
821 1050
821 1192
822 46
822 155
822 200
822 564
822 594
822 1292
822 1396
823 134
823 277
823 424
823 853
823 860
823 1345
824 449
824 1142
824 1214
826 31
826 100
826 237
826 897
826 1119
826 1130
826 1370
826 1437
827 210
827 513
827 1238
828 113
828 799
828 825
828 1094
829 28
829 197
829 537
829 1342
829 1372
829 1444
830 139
830 400
830 788
830 1296
831 288
831 1218
831 1447
832 278
832 613
832 870
832 1243
833 65
833 672
833 814
833 966
834 102
834 250
834 393
834 823
834 917
834 1248
835 227
835 367
835 766
835 892
835 1064
835 1197
836 585
836 960
836 1148
836 1419
836 1499
837 271
837 451
837 1020
838 409
838 568
838 1020
838 1160
838 1343
839 69
839 561
839 1360
840 1201
840 1246
840 1496
841 167
841 235
841 922
841 1089
841 1171
841 1285
841 1377
841 1479
842 302
842 350
842 776
842 1138
843 105
843 524
843 532
843 1350
844 253
844 449
844 812
845 60
845 195
845 525
845 838
845 1011
845 1052
845 1058
845 1299
845 1455
846 46
846 148
846 420
846 749
846 989
846 1145
846 1401
847 81
847 220
847 390
847 737
847 783
847 1120
848 334
848 362
848 387
848 520
848 694
848 976
848 991
848 1241
848 1333
849 104
849 367
849 577
849 597
849 760
849 921
849 1187
849 1410
849 1470
850 253
850 410
850 574
850 800
850 1089
851 61
851 196
851 397
851 1428
852 110
852 214
852 1047
852 1054
852 1383
853 43
853 57
853 149
853 740
853 880
853 1295
854 286
854 1033
854 1405
855 239
855 497
855 562
855 895
855 1291
856 190
856 703
856 1222
856 1390
856 1413
857 34
857 1341
858 310
858 499
858 638
858 918
858 1045
858 1193
859 128
859 410
859 772
859 1309
860 428
860 598
860 616
860 769
860 851
860 877
860 990
860 1084
860 1089
860 1208
860 1462
861 75
861 234
861 289
861 303
861 1247
861 1357
862 27
862 375
862 743
862 1107
862 1281
862 1335
862 1421
863 824
863 1146
863 1328
863 1388
864 329
864 437
865 168
865 386
865 416
865 1074
865 1346
865 1409
865 1472
866 66
866 167
866 530
866 1112
866 1498
867 12
867 547
867 743
867 852
867 1023
867 1063
868 272
868 446
868 1099
869 387
870 176
870 395
870 496
870 727
870 1257
870 1470
871 189
871 500
871 519
871 811
871 862
872 458
872 581
872 901
872 957
873 496
873 695
873 750
873 990
873 1472
874 262
874 305
874 531
874 656
874 1317
874 1481
875 94
875 246
875 258
875 698
875 1020
875 1058
875 1104
875 1292
875 1497
876 61
876 89
876 1268
877 593
877 639
877 1206
877 1297
878 4
878 296
878 1175
878 1474
878 1483
878 1485
879 629
879 744
879 1161
880 670
880 988
881 51
881 749
881 909
881 1236
882 258
882 481
882 889
882 907
883 617
883 672
883 836
883 927
883 1128
883 1217
883 1332
883 1455
884 261
884 283
884 749
884 835
885 16
885 749
885 1339
886 229
886 815
886 839
886 843
886 857
886 1114
886 1288
887 120
887 471
887 806
887 904
887 970
887 1023
887 1128
887 1456
887 1480
888 246
888 320
888 345
888 525
888 920
888 1095
889 75
889 1293
890 403
890 596
890 709
890 1162
890 1396
890 1475
891 360
891 876
891 1423
892 40
892 610
892 1482
893 83
893 663
894 23
894 241
894 270
894 289
894 767
895 59
895 274
895 407
895 486
895 510
895 563
895 603
895 1168
896 41
896 161
896 414
896 464
896 856
896 1301
896 1303
897 376
897 999
897 1233
898 327
898 911
898 963
898 1133
898 1247
898 1250
898 1294
899 69
899 262
899 898
899 1377
900 51
900 1099
900 1199
901 14
901 220
901 661
901 1012
901 1482
902 15
902 1097
902 1222
903 501
903 727
903 880
903 1032
904 680
904 1056
904 1244
904 1285
904 1343
905 558
905 794
905 804
905 988
905 1143
905 1412
906 153
906 272
906 351
906 627
906 904
906 1164
907 258
907 331
908 160
908 1254
909 118
909 616
909 1069
909 1261
909 1482
910 285
910 946
910 1033
910 1190
910 1393
910 1481
911 469
911 743
911 936
911 943
911 1371
912 81
912 211
912 606
912 691
912 1060
912 1076
912 1133
912 1236
912 1390
913 17
913 664
913 782
913 1025
913 1147
913 1166
913 1420
914 138
914 277
914 278
914 812
914 862
914 895
914 980
914 1109
914 1128
914 1129
914 1443
915 32
915 51
915 875
915 1264
916 280
916 685
916 697
916 990
917 463
917 887
917 992
917 1071
917 1086
917 1476
918 427
918 540
918 716
918 1233
918 1332
918 1474
919 398
919 524
919 661
919 1065
920 474
920 668
920 865
920 1113
920 1290
921 491
922 369
922 461
922 751
922 1244
922 1298
922 1390
923 141
923 143
923 252
923 444
923 522
923 1063
923 1147
924 196
924 247
924 285
924 628
924 780
924 977
924 1489
925 16
925 386
925 536
925 669
925 672
925 678
926 194
926 302
926 340
926 1083
926 1345
926 1406
927 469
927 770
927 863
927 1112
927 1143
927 1353
927 1365
928 256
928 585
928 588
928 1287
929 426
929 608
929 805
929 993
930 66
930 540
930 585
930 793
930 838
930 1061
930 1266
930 1377
930 1464
931 25
931 945
931 1034
932 964
932 1114
933 123
933 439
933 478
933 987
933 1028
933 1121
934 271
934 767
934 894
935 74
935 121
935 805
935 937
935 1127
936 248
936 950
936 985
936 1341
937 152
937 201
937 339
937 481
937 602
937 652
937 1491
938 94
938 384
938 635
938 1023
938 1090
938 1234
938 1425
939 231
939 342
939 422
939 694
939 873
939 1225
939 1342
940 181
940 471
940 782
940 870
940 1135
941 1312
942 16
942 894
942 1038
943 174
943 666
944 624
945 94
945 136
945 319
945 468
945 682
945 882
946 201
946 564
947 487
947 547
948 172
948 192
948 360
948 373
948 645
948 648
948 892
948 897
948 1156
949 560
949 1134
949 1187
949 1429
950 322
950 404
950 685
950 1285
951 36
951 365
951 395
951 515
951 695
951 703
951 1423
952 321
952 353
952 519
952 1218
952 1355
952 1460
953 82
953 299
953 450
953 480
953 1165
953 1216
954 198
954 937
954 1134
955 26
955 573
955 911
955 1208
955 1373
955 1500
956 128
956 273
956 543
956 898
956 1244
956 1396
957 5
957 121
957 145
957 477
957 925
957 1007
957 1115
958 183
958 482
958 695
958 815
958 837
958 1077
958 1256
958 1327
959 452
959 463
959 806
959 1042
960 2
960 126
960 252
960 254
960 345
960 456
960 950
960 1385
961 381
961 554
961 999
961 1282
961 1305
961 1345
961 1472
962 150
962 437
962 819
962 1093
962 1238
962 1383
963 641
963 900
964 215
964 470
964 1185
965 112
965 356
965 514
965 822
965 884
965 1132
966 88
966 513
966 615
966 672
966 770
966 817
967 573
967 1042
967 1086
967 1462
968 6
968 61
968 257
968 272
969 541
969 1384
970 107
970 148
970 432
970 568
970 1144
970 1453
971 332
971 643
971 653
971 1233
971 1289
971 1442
972 425
972 557
972 993
972 1010
972 1399
973 249
973 430
973 1220
974 121
974 860
974 874
974 937
974 969
974 1348
975 94
975 240
975 417
975 473
975 703
975 1373
975 1397
977 357
977 671
977 1068
977 1375
978 410
978 415
978 469
978 529
978 559
978 827
978 1009
978 1056
978 1093
978 1258
978 1368
979 798
979 1015
979 1144
980 75
980 789
980 1004
981 443
981 587
981 768
981 801
981 1178
982 225
982 322
982 920
983 133
983 167
983 591
983 1075
983 1184
983 1258
983 1470
984 115
984 329
984 864
984 1234
984 1303
984 1350
985 148
985 255
985 793
985 1381
985 1415
986 31
986 680
986 906
986 979
986 1345
986 1361
987 178
987 539
987 1016
988 163
988 376
988 860
988 1001
988 1496
989 174
989 289
989 417
989 692
989 984
989 1160
989 1217
989 1362
990 224
990 747
990 879
990 925
990 947
991 429
991 430
991 481
991 490
991 995
992 294
992 338
992 374
992 391
992 572
992 583
992 744
992 803
992 1474
992 1494
993 98
993 266
993 377
993 410
993 564
993 663
993 1032
993 1290
993 1465
994 763
994 1420
995 401
995 508
995 915
995 1399
995 1402
995 1472
996 354
996 410
996 437
996 913
997 402
997 517
997 726
997 899
997 1489
998 219
998 679
998 897
998 922
998 1456
999 210
999 268
999 447
999 466
999 872
999 1184
999 1202
1000 81
1000 472
1000 823
1000 831
1000 873
1000 1062
1000 1465
1001 521
1001 599
1001 769
1001 1090
1002 1152
1002 1209
1002 1260
1003 125
1003 503
1004 281
1004 494
1004 1160
1004 1219
1005 681
1005 943
1005 1162
1006 486
1006 546
1006 947
1007 437
1007 526
1007 621
1007 1179
1007 1206
1008 171
1008 395
1008 608
1008 1033
1008 1188
1009 200
1009 343
1009 424
1009 453
1009 751
1009 938
1009 1289
1010 200
1010 408
1010 783
1010 1384
1011 3
1011 368
1011 933
1011 1067
1012 364
1012 420
1012 749
1012 990
1012 1037
1012 1094
1012 1257
1013 179
1013 408
1013 491
1013 1029
1014 78
1014 139
1014 397
1014 603
1014 667
1014 699
1014 1339
1015 328
1015 417
1015 745
1015 1128
1015 1184
1016 150
1016 413
1016 902
1016 925
1016 984
1016 1161
1016 1182
1016 1231
1016 1445
1017 218
1017 323
1017 590
1017 806
1017 1022
1017 1143
1017 1185
1018 557
1018 878
1018 1365
1019 108
1019 308
1019 564
1019 710
1019 829
1019 1199
1019 1228
1019 1414
1020 331
1020 453
1020 808
1020 1216
1020 1243
1020 1494
1021 318
1021 775
1021 827
1021 1038
1021 1452
1022 665
1022 810
1022 943
1023 666
1023 1291
1023 1302
1023 1393
1024 195
1024 373
1024 527
1024 779
1024 1019
1024 1237
1025 379
1025 501
1025 823
1025 1154
1026 282
1026 659
1026 743
1026 857
1026 1163
1026 1345
1027 1294
1028 593
1028 804
1028 859
1030 244
1030 1028
1030 1442
1031 74
1031 299
1031 411
1031 548
1031 620
1031 945
1032 20
1032 407
1032 1090
1033 353
1033 374
1034 584
1034 651
1034 904
1034 1408
1035 303
1035 549
1035 584
1035 593
1035 604
1035 615
1035 886
1035 963
1035 1460
1035 1469
1036 246
1036 630
1036 982
1036 1094
1036 1245
1037 253
1037 979
1037 1013
1038 154
1038 1169
1038 1184
1038 1273
1038 1318
1039 25
1039 145
1039 619
1039 915
1039 991
1039 1184
1040 800
1040 922
1040 1056
1040 1125
1040 1245
1041 739
1041 1254
1042 861
1042 996
1043 143
1044 1257
1044 1287
1044 1313
1045 113
1045 376
1045 456
1045 902
1045 1066
1045 1259
1046 163
1046 406
1046 549
1046 660
1046 946
1046 1098
1046 1262
1047 38
1047 182
1047 288
1047 387
1047 445
1047 527
1047 530
1047 633
1048 741
1048 1490
1049 304
1049 314
1049 873
1049 1380
1049 1422
1050 153
1050 190
1050 259
1050 300
1050 305
1050 728
1050 1085
1050 1329
1050 1499
1051 666
1051 747
1051 1169
1052 137
1052 298
1052 654
1052 847
1052 934
1052 1127
1053 312
1053 492
1053 589
1053 1045
1053 1252
1053 1427
1053 1452
1054 72
1054 847
1055 77
1055 375
1055 467
1055 533
1055 725
1055 1426
1056 343
1056 1044
1056 1289
1057 5
1057 149
1057 770
1057 1225
1057 1296
1058 6
1058 139
1058 195
1058 291
1058 507
1059 83
1059 127
1059 128
1059 381
1059 472
1059 642
1059 840
1060 445
1060 468
1060 898
1060 986
1060 1368
1061 65
1061 400
1061 887
1061 1121
1061 1295
1061 1363
1061 1492
1062 84
1062 316
1062 640
1062 812
1062 1099
1063 89
1063 124
1063 556
1063 757
1063 1172
1064 73
1064 171
1064 457
1064 797
1064 1008
1064 1290
1065 292
1065 384
1065 965
1066 344
1066 398
1066 818
1066 849
1067 450
1067 636
1067 685
1067 694
1067 747
1068 150
1068 161
1068 306
1068 700
1068 904
1068 1155
1069 220
1069 309
1069 350
1069 935
1069 1134
1069 1405
1070 465
1070 1390
1071 340
1071 474
1071 485
1071 594
1071 1024
1072 195
1072 213
1072 795
1072 1417
1073 518
1073 1052
1073 1148
1074 669
1074 685
1074 722
1074 1293
1075 285
1075 573
1075 678
1075 1266
1076 379
1076 452
1076 688
1076 876
1077 362
1077 516
1077 638
1077 674
1077 786
1077 812
1077 1035
1077 1217
1077 1231
1078 172
1078 484
1078 609
1079 81
1079 750
1080 392
1080 573
1080 844
1080 1101
1080 1461
1081 217
1081 832
1081 1041
1081 1158
1082 389
1082 411
1083 38
1083 270
1083 911
1084 744
1084 963
1084 981
1084 1021
1084 1423
1084 1481
1085 1216
1085 1217
1086 227
1086 285
1086 370
1086 917
1086 989
1086 1136
1087 136
1087 1019
1087 1099
1088 33
1088 541
1088 1118
1088 1207
1088 1462
1088 1496
1089 1305
1090 77
1090 152
1090 159
1090 163
1090 191
1090 704
1090 837
1091 466
1091 529
1092 379
1092 636
1092 849
1092 1132
1092 1380
1093 602
1093 673
1093 1380
1093 1393
1094 111
1094 729
1094 830
1094 1181
1094 1266
1095 257
1095 271
1095 480
1095 593
1095 898
1095 1159
1095 1495
1096 181
1096 647
1096 864
1096 1016
1096 1067
1096 1167
1096 1218
1096 1245
1096 1262
1097 105
1097 218
1097 292
1097 354
1097 485
1097 867
1097 1096
1097 1111
1097 1315
1098 21
1098 300
1098 545
1098 737
1098 953
1098 1316
1099 746
1099 803
1099 1059
1100 179
1100 380
1100 999
1100 1327
1100 1439
1100 1466
1101 2
1101 162
1101 456
1101 620
1101 673
1101 1036
1101 1055
1102 221
1102 230
1102 251
1102 709
1102 746
1102 986
1102 1220
1103 435
1103 919
1103 1173
1103 1220
1104 1409
1105 16
1105 217
1105 453
1105 498
1105 735
1106 113
1106 131
1106 266
1106 286
1106 807
1106 929
1106 1219
1106 1342
1107 733
1107 770
1107 885
1107 1152
1107 1182
1107 1221
1107 1280
1107 1396
1108 294
1109 13
1109 221
1109 1373
1110 439
1110 650
1110 1233
1111 30
1111 301
1111 439
1111 1031
1111 1303
1112 462
1112 650
1112 759
1112 974
1112 1154
1112 1407
1113 16
1113 234
1113 1458
1114 199
1114 211
1114 893
1114 1212
1115 75
1115 150
1115 348
1115 402
1115 1040
1115 1363
1116 102
1116 762
1116 1003
1116 1065
1116 1226
1117 262
1117 410
1117 411
1117 468
1117 865
1117 1250
1118 480
1118 640
1118 1123
1119 115
1119 177
1119 470
1119 756
1119 1316
1119 1334
1120 182
1120 1166
1121 362
1122 470
1122 1251
1122 1291
1123 162
1123 423
1123 1058
1123 1402
1124 96
1124 657
1124 1183
1124 1239
1124 1419
1125 422
1125 536
1125 1320
1126 532
1126 535
1126 792
1126 834
1126 979
1126 1116
1126 1232
1127 67
1127 509
1127 678
1127 725
1127 729
1127 843
1127 888
1127 1110
1128 22
1128 326
1128 1007
1128 1169
1128 1209
1129 431
1129 1045
1129 1184
1129 1297
1129 1342
1130 178
1130 182
1130 561
1130 570
1130 662
1130 1382
1131 338
1131 398
1131 801
1131 968
1131 1423
1132 194
1133 29
1133 320
1133 691
1133 711
1133 732
1133 750
1133 805
1134 898
1134 1328
1134 1440
1135 176
1135 435
1135 446
1135 550
1135 758
1136 231
1136 321
1136 686
1136 821
1136 943
1136 981
1136 985
1136 1054
1136 1393
1137 204
1137 597
1137 766
1137 847
1137 1088
1138 475
1138 1100
1138 1243
1138 1413
1138 1454
1139 61
1139 186
1139 309
1139 938
1139 1279
1139 1400
1139 1460
1140 214
1140 501
1140 1303
1140 1475
1141 206
1141 389
1141 527
1141 814
1141 1195
1142 86
1142 408
1142 754
1142 805
1142 876
1142 910
1143 546
1143 844
1143 982
1143 1034
1143 1115
1143 1230
1143 1263
1143 1438
1143 1467
1144 72
1144 121
1144 134
1144 167
1144 898
1144 915
1144 1202
1145 688
1145 746
1145 1136
1145 1212
1145 1421
1146 1083
1147 313
1147 421
1147 491
1147 620
1147 749
1147 860
1147 1045
1147 1059
1147 1138
1148 1
1148 92
1148 794
1148 1030
1148 1164
1148 1224
1149 332
1150 386
1150 463
1150 719
1150 1429
1151 19
1151 284
1151 335
1151 525
1151 551
1151 830
1151 1044
1152 430
1152 477
1152 701
1152 1021
1152 1410
1153 697
1153 818
1153 910
1154 121
1154 256
1154 488
1154 522
1154 640
1154 885
1154 1141
1155 31
1155 158
1155 637
1155 830
1155 1400
1156 29
1156 270
1156 305
1156 868
1156 1272
1156 1296
1156 1382
1157 349
1157 500
1157 988
1157 994
1157 1041
1157 1096
1158 260
1158 884
1158 1041
1158 1256
1158 1293
1158 1359
1159 211
1159 231
1159 304
1159 563
1159 904
1159 1497
1160 566
1160 923
1160 1023
1160 1230
1160 1243
1160 1262
1161 503
1161 1357
1162 139
1162 1233
1163 2
1163 1451
1164 41
1164 187
1164 259
1164 772
1165 921
1165 1120
1165 1321
1166 47
1166 349
1166 655
1166 1012
1166 1428
1167 97
1167 498
1167 1025
1167 1038
1167 1252
1168 137
1168 192
1168 1273
1169 395
1169 679
1169 803
1169 1079
1169 1095
1169 1239
1170 123
1170 244
1170 827
1170 1171
1170 1176
1170 1357
1171 138
1171 929
1171 1085
1172 84
1172 99
1172 100
1172 274
1172 870
1172 1002
1173 198
1173 798
1173 978
1173 1147
1173 1240
1173 1265
1173 1457
1174 350
1174 591
1174 635
1174 1500
1175 153
1175 187
1175 226
1175 317
1175 374
1175 819
1175 1006
1175 1103
1176 329
1176 731
1176 868
1176 1035
1176 1095
1177 512
1177 557
1177 665
1177 1098
1178 558
1179 259
1179 830
1179 1031
1179 1366
1179 1452
1180 150
1180 589
1180 1160
1180 1211
1181 389
1181 529
1182 70
1182 74
1182 336
1182 1408
1183 261
1183 999
1183 1059
1183 1220
1184 263
1184 368
1184 893
1184 972
1185 232
1185 675
1185 1066
1185 1144
1185 1197
1186 112
1186 264
1186 862
1186 1438
1187 105
1187 206
1187 271
1187 379
1187 412
1187 1097
1187 1142
1187 1216
1188 262
1188 327
1188 746
1188 816
1188 966
1188 1233
1189 730
1189 762
1189 838
1190 216
1190 856
1190 875
1190 1395
1190 1433
1191 18
1191 478
1192 107
1192 186
1192 325
1192 374
1192 951
1192 1044
1192 1111
1193 217
1193 988
1193 1199
1194 33
1194 849
1194 1442
1195 385
1195 448
1195 535
1195 612
1195 965
1195 1001
1196 541
1196 604
1196 1360
1197 166
1197 318
1197 976
1198 220
1198 687
1198 983
1198 1443
1198 1487
1198 1490
1198 1494
1199 173
1199 878
1200 488
1200 580
1201 248
1201 273
1201 468
1201 667
1201 754
1201 845
1201 912
1201 1038
1201 1207
1202 311
1202 711
1202 765
1202 821
1202 869
1202 1038
1202 1487
1203 710
1203 717
1203 1063
1203 1160
1203 1165
1203 1249
1203 1275
1204 160
1204 198
1204 250
1204 456
1204 616
1204 1011
1204 1327
1204 1348
1204 1396
1205 67
1205 207
1205 667
1205 839
1205 1202
1206 16
1206 369
1206 708
1207 1410
1207 1445
1208 13
1208 1300
1208 1404
1208 1493
1209 138
1209 157
1209 369
1209 524
1209 891
1209 1006
1209 1110
1209 1432
1210 48
1210 265
1210 490
1210 597
1210 658
1210 676
1210 839
1210 1249
1211 138
1211 162
1211 385
1211 656
1211 690
1211 780
1211 853
1211 1080
1211 1180
1211 1351
1212 517
1212 1368
1212 1429
1212 1489
1213 203
1213 460
1213 1095
1214 181
1214 239
1214 659
1214 861
1214 1245
1214 1440
1214 1456
1215 69
1215 214
1215 349
1215 703
1215 814
1215 1175
1215 1333
1215 1368
1216 132
1216 135
1216 338
1216 1142
1216 1191
1216 1220
1217 292
1217 332
1217 986
1217 1026
1218 46
1218 455
1218 509
1218 1094
1218 1156
1218 1374
1219 401
1219 675
1219 680
1220 515
1220 547
1220 1270
1221 66
1221 736
1221 1039
1222 347
1223 99
1223 170
1223 624
1223 1160
1223 1252
1224 556
1225 29
1225 187
1225 502
1225 508
1225 519
1225 603
1225 978
1225 1165
1225 1410
1226 847
1226 1077
1226 1103
1227 145
1228 219
1228 856
1229 333
1229 513
1229 560
1229 848
1230 809
1230 984
1230 1051
1230 1055
1230 1107
1231 273
1231 546
1231 823
1232 145
1232 216
1232 523
1232 1084
1232 1192
1232 1390
1233 68
1233 394
1233 875
1233 980
1233 1123
1234 386
1234 480
1234 701
1234 1118
1234 1269
1235 244
1235 290
1235 974
1235 1075
1236 953
1236 1200
1236 1274
1236 1338
1237 64
1237 462
1237 703
1237 1381
1238 107
1238 714
1238 787
1238 1282
1239 88
1239 168
1239 246
1239 486
1239 781
1239 795
1239 1279
1240 275
1240 517
1240 573
1240 631
1240 1069
1240 1243
1241 474
1242 227
1242 623
1242 809
1242 938
1242 949
1242 1060
1242 1069
1243 5
1243 218
1243 313
1243 607
1243 732
1243 1151
1244 190
1244 300
1244 399
1244 715
1244 1437
1245 504
1245 824
1245 1004
1245 1389
1246 1182
1247 96
1247 888
1247 1405
1248 93
1248 491
1248 1219
1249 647
1249 693
1249 813
1249 1117
1249 1259
1249 1347
1250 47
1250 319
1250 377
1250 860
1250 1260
1251 206
1251 479
1251 1272
1252 1242
1253 333
1253 356
1253 801
1253 823
1253 984
1253 997
1254 95
1254 127
1254 224
1254 328
1254 551
1254 927
1254 1352
1255 420
1255 980
1255 989
1256 217
1257 182
1257 408
1258 484
1258 873
1259 207
1259 212
1259 216
1259 261
1259 365
1259 458
1259 534
1259 596
1259 883
1259 1003
1259 1269
1260 14
1260 50
1260 913
1260 1242
1260 1244
1261 673
1261 732
1261 947
1261 1345
1262 371
1262 579
1262 705
1262 780
1262 918
1262 1018
1262 1417
1262 1425
1263 512
1263 550
1263 1041
1263 1082
1263 1390
1263 1400
1264 524
1264 774
1264 974
1264 1014
1264 1260
1265 126
1265 205
1265 240
1265 804
1266 731
1266 1221
1267 505
1267 872
1268 149
1268 874
1269 947
1269 1464
1270 132
1270 289
1270 409
1270 809
1270 1241
1270 1319
1270 1435
1271 1094
1271 1219
1272 380
1272 627
1272 801
1272 845
1273 15
1273 412
1273 484
1273 554
1273 803
1273 1135
1273 1166
1273 1213
1274 373
1274 914
1275 48
1275 257
1275 541
1275 1007
1275 1144
1275 1283
1276 138
1276 408
1276 628
1276 1285
1277 122
1277 474
1277 655
1277 749
1277 988
1278 11
1278 575
1278 896
1278 993
1279 123
1279 264
1279 939
1279 1067
1279 1187
1279 1244
1280 101
1280 809
1280 907
1281 367
1281 423
1281 796
1281 1089
1281 1200
1281 1394
1281 1435
1282 233
1282 288
1282 550
1282 825
1283 162
1283 306
1283 517
1283 787
1283 1371
1283 1450
1283 1456
1283 1491
1284 69
1284 316
1285 357
1285 427
1285 522
1285 1004
1285 1215
1285 1321
1286 119
1286 405
1286 558
1286 815
1286 1105
1287 72
1287 837
1287 911
1287 1178
1287 1280
1288 146
1288 473
1288 600
1288 735
1288 835
1288 1057
1289 445
1289 642
1289 848
1289 1093
1289 1318
1290 876
1290 1038
1290 1349
1291 222
1291 484
1291 813
1291 1139
1291 1367
1292 40
1292 537
1292 701
1292 843
1292 1282
1293 247
1293 538
1293 775
1293 814
1293 1481
1293 1500
1294 560
1294 739
1294 989
1295 100
1295 109
1295 119
1295 165
1295 205
1295 321
1295 482
1295 504
1295 581
1295 691
1295 999
1295 1215
1295 1311
1295 1382
1296 449
1296 807
1296 821
1297 180
1297 699
1297 786
1297 798
1298 62
1298 334
1298 983
1298 991
1298 1100
1299 62
1299 311
1299 407
1299 1025
1299 1130
1300 26
1300 116
1300 431
1300 432
1300 808
1300 923
1301 210
1301 327
1301 543
1301 591
1301 651
1301 1006
1302 494
1302 728
1302 813
1302 874
1302 1033
1302 1253
1303 103
1303 118
1304 9
1304 599
1304 1323
1305 125
1305 411
1305 818
1305 998
1305 1409
1306 166
1306 273
1306 326
1306 1486
1307 390
1307 408
1307 481
1307 937
1307 1442
1308 329
1308 629
1308 644
1308 754
1308 806
1308 922
1308 1320
1308 1322
1308 1370
1308 1482
1309 3
1309 759
1309 778
1309 858
1309 1350
1309 1438
1309 1441
1309 1492
1310 587
1310 727
1310 845
1311 254
1311 577
1311 637
1311 669
1311 886
1311 1002
1311 1347
1312 122
1312 212
1312 326
1312 594
1312 782
1312 980
1312 992
1312 1119
1313 72
1313 170
1313 365
1313 648
1313 741
1313 891
1313 1051
1313 1439
1314 239
1314 273
1314 1171
1314 1444
1315 573
1315 692
1315 1410
1316 252
1316 960
1316 1066
1316 1185
1317 379
1317 583
1317 643
1317 1260
1317 1434
1318 90
1318 140
1318 519
1318 1078
1319 562
1319 654
1319 718
1319 1103
1319 1203
1319 1284
1320 621
1320 757
1320 968
1320 973
1320 1283
1320 1386
1321 572
1321 1366
1322 518
1322 1016
1323 12
1323 272
1323 777
1323 1199
1323 1425
1324 38
1324 195
1324 229
1324 614
1324 917
1324 972
1324 1231
1324 1441
1325 183
1325 490
1325 633
1325 666
1325 1274
1325 1291
1325 1479
1326 55
1326 552
1326 833
1326 857
1326 1196
1327 191
1327 195
1327 1193
1327 1212
1328 73
1328 524
1328 1369
1328 1382
1329 96
1329 419
1329 421
1329 711
1329 878
1329 973
1329 1199
1329 1395
1330 18
1330 416
1330 832
1330 1099
1330 1229
1331 200
1331 203
1331 585
1331 601
1331 671
1331 771
1331 872
1331 998
1332 119
1332 282
1332 349
1332 508
1332 724
1332 748
1332 1111
1332 1365
1333 308
1333 1048
1333 1396
1333 1457
1333 1477
1333 1494
1334 437
1334 575
1334 724
1334 769
1334 1101
1334 1110
1335 248
1335 288
1335 562
1335 717
1335 728
1335 1198
1336 133
1336 273
1336 428
1336 512
1336 559
1336 595
1337 263
1337 526
1337 595
1337 730
1337 805
1337 1472
1338 345
1338 1160
1338 1171
1339 270
1339 660
1339 985
1340 23
1340 110
1340 157
1340 448
1340 1188
1341 314
1341 379
1341 603
1341 735
1341 935
1341 1048
1342 473
1342 964
1342 1022
1342 1041
1342 1315
1343 331
1343 368
1343 716
1343 912
1343 1102
1343 1293
1344 100
1344 103
1344 199
1344 360
1344 545
1344 652
1344 884
1344 932
1344 942
1344 1340
1345 14
1345 75
1345 101
1345 846
1345 1054
1346 156
1346 348
1346 978
1346 1440
1347 146
1347 1233
1347 1327
1348 182
1348 956
1348 1119
1348 1441
1348 1493
1349 493
1349 1097
1349 1169
1349 1195
1349 1417
1350 659
1350 1078
1351 308
1351 702
1351 753
1351 894
1351 1007
1351 1036
1351 1144
1351 1447
1352 949
1352 1234
1353 452
1353 1395
1354 150
1354 488
1354 609
1354 1362
1355 378
1355 416
1355 485
1355 691
1355 923
1355 1033
1355 1138
1355 1204
1355 1226
1355 1233
1356 178
1356 333
1356 628
1356 639
1356 904
1356 1065
1356 1280
1357 108
1358 365
1358 769
1358 990
1358 1468
1359 154
1359 554
1359 643
1359 994
1360 196
1360 464
1360 735
1360 757
1360 938
1361 371
1361 590
1361 1067
1361 1472
1362 343
1362 929
1363 116
1363 117
1363 376
1363 645
1363 653
1363 1011
1364 50
1364 367
1364 379
1364 595
1364 693
1364 753
1364 970
1365 322
1365 579
1365 612
1365 668
1365 747
1365 1106
1365 1334
1366 231
1366 356
1366 615
1366 867
1366 969
1366 1076
1366 1430
1367 425
1367 684
1367 1013
1367 1034
1367 1239
1367 1407
1368 519
1368 1037
1369 103
1369 473
1369 684
1369 1009
1369 1230
1369 1348
1369 1408
1370 578
1370 863
1371 135
1371 740
1371 1012
1371 1287
1372 635
1372 1355
1372 1490
1373 39
1373 646
1374 58
1374 929
1374 1145
1374 1170
1374 1360
1374 1463
1375 121
1375 874
1375 1267
1376 107
1376 434
1376 578
1376 781
1376 1421
1377 235
1377 312
1377 398
1377 693
1377 735
1377 1029
1377 1073
1377 1155
1377 1249
1377 1292
1378 1370
1378 1440
1379 223
1379 447
1379 595
1379 916
1379 996
1379 1257
1380 1135
1381 698
1381 995
1382 11
1382 163
1382 240
1382 440
1382 726
1382 731
1382 1314
1383 2
1383 146
1383 693
1383 756
1383 1219
1383 1473
1384 392
1384 905
1385 160
1385 178
1385 203
1385 272
1385 427
1385 539
1385 839
1385 968
1385 1081
1385 1386
1386 579
1386 667
1386 886
1386 1002
1387 520
1387 642
1387 1184
1388 277
1388 534
1388 548
1388 744
1388 801
1388 956
1388 1018
1389 15
1389 30
1389 326
1389 927
1389 1316
1390 123
1390 1089
1390 1131
1390 1160
1390 1480
1391 404
1391 773
1391 1393
1392 347
1392 761
1392 1214
1392 1356
1393 237
1393 637
1393 1164
1394 258
1394 451
1394 742
1395 249
1395 402
1395 505
1395 555
1395 1216
1396 235
1396 310
1396 336
1396 1013
1396 1250
1397 99
1397 145
1397 238
1397 278
1397 984
1397 1099
1398 260
1398 561
1398 680
1398 1063
1398 1309
1399 229
1399 507
1399 1083
1399 1290
1400 154
1400 158
1400 698
1400 973
1400 1262
1400 1303
1400 1414
1400 1428
1400 1431
1401 43
1401 178
1401 255
1401 1008
1401 1393
1402 63
1402 546
1402 738
1402 947
1402 1492
1403 101
1403 369
1403 628
1404 1
1404 14
1404 304
1404 708
1404 1078
1404 1241
1404 1279
1404 1421
1405 595
1405 752
1405 1045
1405 1114
1405 1352
1406 374
1406 693
1406 733
1406 791
1406 953
1406 1044
1406 1378
1407 838
1407 1099
1407 1140
1407 1182
1407 1447
1408 112
1408 448
1409 242
1409 828
1409 836
1409 972
1409 1173
1409 1203
1409 1242
1409 1360
1410 313
1410 394
1410 517
1410 735
1410 1224
1410 1333
1411 86
1411 879
1411 963
1411 1280
1411 1370
1411 1381
1411 1474
1412 11
1412 115
1412 542
1412 843
1412 1072
1413 586
1413 664
1413 701
1413 862
1413 931
1413 1172
1413 1467
1413 1480
1414 138
1414 1249
1414 1291
1415 569
1415 936
1415 1208
1415 1439
1416 931
1416 957
1416 997
1416 1398
1416 1422
1417 726
1417 807
1417 1146
1417 1207
1418 176
1418 1232
1418 1269
1418 1382
1418 1409
1419 274
1419 348
1419 540
1420 161
1420 885
1420 1254
1420 1307
1421 32
1421 202
1421 246
1421 960
1421 1082
1421 1248
1422 34
1422 310
1422 1203
1422 1214
1422 1416
1423 32
1423 37
1423 535
1423 704
1424 577
1424 1367
1424 1420
1424 1461
1425 29
1425 281
1425 481
1425 765
1425 899
1425 1174
1425 1434
1426 206
1426 377
1426 982
1426 1123
1426 1200
1427 22
1427 181
1427 305
1427 374
1427 499
1428 93
1428 253
1428 508
1428 1256
1429 92
1429 375
1429 429
1429 812
1430 1021
1430 1220
1430 1479
1431 580
1431 894
1431 999
1433 463
1433 989
1434 236
1434 366
1434 616
1434 834
1435 284
1435 352
1435 1005
1435 1173
1435 1252
1435 1425
1436 1009
1436 1050
1437 83
1437 833
1437 1065
1438 91
1438 528
1438 669
1438 704
1438 1000
1438 1111
1439 335
1439 495
1439 816
1439 901
1439 1415
1439 1424
1440 176
1440 675
1440 833
1440 1400
1441 221
1441 254
1441 295
1441 466
1441 801
1441 1150
1442 118
1442 263
1442 407
1442 769
1442 1008
1442 1401
1442 1408
1442 1468
1443 264
1443 319
1443 366
1443 1216
1443 1374
1443 1458
1444 71
1444 653
1444 941
1444 1076
1444 1280
1445 76
1445 299
1445 389
1445 486
1445 491
1445 496
1445 706
1445 765
1445 804
1445 842
1445 951
1445 1155
1446 146
1446 305
1446 667
1446 1180
1447 201
1447 384
1447 944
1447 1156
1447 1241
1447 1346
1447 1381
1448 94
1448 562
1448 648
1448 1191
1449 494
1450 244
1450 330
1450 838
1450 881
1450 1214
1450 1236
1450 1409
1451 30
1451 501
1451 959
1451 1418
1451 1483
1452 142
1452 510
1452 725
1452 977
1452 1081
1452 1472
1453 116
1453 825
1453 1245
1453 1334
1454 26
1454 444
1454 723
1454 1115
1454 1240
1455 7
1455 39
1455 510
1455 604
1455 737
1455 779
1455 801
1455 1480
1456 330
1456 337
1456 356
1456 444
1456 1098
1456 1188
1456 1486
1457 333
1457 467
1457 500
1457 1117
1457 1263
1457 1408
1458 263
1458 550
1458 553
1458 1295
1458 1389
1458 1417
1459 180
1459 504
1459 1003
1460 240
1460 497
1460 504
1460 655
1460 839
1460 1149
1460 1231
1461 312
1461 372
1461 864
1461 977
1462 468
1462 592
1462 883
1462 1305
1463 129
1463 134
1463 261
1463 324
1463 1028
1463 1154
1464 889
1464 959
1464 1066
1464 1360
1465 40
1465 459
1465 999
1465 1105
1465 1106
1466 1050
1466 1316
1466 1332
1466 1392
1466 1490
1467 112
1467 186
1467 237
1467 863
1467 908
1467 1219
1468 72
1468 697
1468 918
1468 1308
1468 1456
1469 233
1469 422
1469 700
1469 778
1469 1063
1469 1397
1469 1414
1470 59
1470 234
1470 555
1471 49
1472 669
1472 772
1472 1158
1473 7
1473 943
1473 953
1473 1072
1473 1445
1474 443
1474 582
1474 623
1474 904
1474 1236
1474 1385
1474 1496
1475 13
1475 325
1475 408
1475 422
1475 829
1476 210
1476 216
1476 270
1476 353
1476 473
1476 1229
1476 1263
1477 1354
1478 557
1478 708
1478 905
1478 1124
1479 620
1479 861
1479 1019
1480 170
1480 249
1480 335
1480 532
1480 1209
1480 1273
1481 151
1481 261
1481 1011
1482 465
1482 684
1482 1008
1482 1080
1482 1483
1482 1494
1483 535
1483 1365
1483 1428
1484 181
1484 498
1484 549
1484 594
1484 1110
1484 1119
1484 1188
1484 1389
1485 238
1485 398
1485 1163
1485 1338
1485 1452
1486 283
1486 374
1486 394
1486 591
1486 750
1487 696
1487 807
1487 997
1487 1037
1487 1372
1488 243
1488 477
1488 582
1488 710
1488 867
1488 997
1488 1012
1488 1330
1488 1436
1489 276
1490 154
1490 493
1490 1023
1490 1266
1490 1335
1491 383
1491 416
1491 762
1491 976
1491 1049
1491 1301
1492 165
1492 244
1492 574
1492 869
1492 1302
1492 1488
1493 586
1493 1282
1493 1334
1493 1432
1493 1445
1494 505
1494 548
1494 744
1494 1232
1494 1241
1495 14
1495 221
1495 591
1495 1195
1495 1405
1496 401
1496 539
1496 1333
1497 106
1497 112
1497 527
1497 1125
1497 1309
1498 99
1498 362
1498 981
1498 1111
1498 1431
1498 1456
1499 369
1499 841
1500 279
1500 573
1500 830
1500 887
1500 985
1500 1475
