150
299
1 88
1 125
2 30
2 59
3 54
4 48
5 14
5 109
6 44
7 26
8 42
10 24
10 89
11 35
11 42
11 129
12 13
12 27
12 60
12 117
13 26
13 72
14 94
15 54
15 60
16 43
16 108
16 127
17 141
18 54
18 109
18 131
19 1
19 50
19 62
19 131
20 35
20 149
21 6
21 94
22 16
22 45
22 49
22 114
23 61
23 85
24 41
25 90
26 66
26 106
26 124
27 18
28 51
29 34
29 81
30 14
30 48
31 142
32 6
32 101
33 27
34 42
34 136
35 150
36 103
36 109
36 110
37 44
39 96
40 94
41 8
41 54
41 74
41 75
41 105
42 53
42 60
43 57
43 63
45 11
45 83
45 87
45 100
45 125
46 140
47 36
47 73
48 124
48 143
49 25
50 64
50 87
50 105
51 108
52 15
52 20
52 59
53 2
53 5
53 19
53 50
53 59
54 61
54 78
54 88
54 102
55 51
55 74
55 94
56 41
56 146
57 46
57 77
57 80
58 60
58 121
59 81
59 97
59 132
59 144
60 46
61 10
61 39
61 76
61 127
61 147
62 19
62 115
63 17
63 52
63 110
63 133
64 12
65 88
66 56
66 59
67 51
68 79
69 62
70 61
71 87
72 112
73 6
73 68
74 39
76 47
76 133
76 141
77 5
77 80
77 105
78 149
79 131
81 113
81 119
82 54
83 31
85 122
85 141
86 56
87 33
88 120
88 132
88 136
89 49
90 2
90 15
90 87
90 96
90 115
91 46
91 53
91 79
92 19
92 105
92 111
92 120
93 11
93 65
94 58
94 70
96 133
97 106
97 136
98 4
98 14
98 67
98 77
99 55
99 88
100 61
101 28
101 76
101 115
102 136
103 73
103 143
105 89
106 110
106 116
106 136
107 53
107 95
107 127
107 129
107 140
108 21
108 83
108 105
110 45
110 47
111 11
112 17
112 22
112 111
113 33
113 120
114 75
114 132
115 23
115 100
115 109
116 7
116 108
116 144
117 139
118 3
118 129
119 88
120 89
120 125
121 57
123 14
123 64
124 113
125 68
126 44
126 122
127 95
127 107
127 123
128 18
128 100
129 2
129 51
130 22
130 96
130 122
131 43
131 91
131 147
132 24
132 31
132 98
133 5
133 51
133 76
133 85
133 139
134 12
134 24
134 126
136 19
137 11
137 69
137 133
139 52
139 62
139 66
139 145
140 104
140 109
140 119
141 48
141 63
141 142
142 53
143 20
143 29
143 71
143 75
144 71
144 103
145 44
146 37
146 100
146 104
146 122
146 124
147 8
147 67
147 71
147 72
147 84
148 7
148 9
148 114
149 55
150 30
