150
742
1 27
1 32
1 39
1 43
1 66
2 9
2 39
3 25
3 28
3 78
3 85
3 95
3 144
4 3
4 14
5 39
5 63
5 70
5 71
6 1
6 10
6 30
6 137
7 50
7 119
8 70
8 118
9 97
9 113
9 134
9 150
10 29
10 31
10 36
10 41
10 68
10 123
11 20
11 59
11 71
11 142
11 146
12 18
12 38
12 50
12 59
12 93
12 98
12 108
12 112
12 141
12 147
13 17
13 34
13 75
13 82
13 86
13 103
13 132
14 76
14 92
14 102
14 136
15 63
15 88
15 105
15 138
15 145
16 98
16 125
16 136
17 28
17 84
17 95
17 121
17 125
18 19
18 54
18 57
18 60
18 74
18 82
19 9
19 10
19 30
19 74
19 98
19 119
19 123
20 100
20 124
21 18
21 111
22 46
22 76
22 92
22 93
22 108
23 66
23 130
23 141
24 59
24 89
24 105
24 110
25 5
25 9
25 49
25 86
25 108
25 114
25 128
26 3
26 8
26 47
26 74
26 79
26 89
26 97
26 107
26 118
27 12
27 17
27 23
27 88
27 137
28 3
28 16
28 41
28 49
28 109
28 124
29 88
29 96
30 26
30 62
30 73
30 94
30 101
30 102
30 110
30 120
30 123
30 139
30 141
31 33
31 111
32 1
32 20
32 29
32 50
32 88
32 116
33 23
33 39
33 69
33 149
34 24
34 52
34 83
35 12
36 51
36 61
36 64
37 39
37 54
37 73
38 17
38 51
38 67
38 123
38 138
38 142
39 1
39 48
39 67
39 70
39 76
39 92
39 100
39 140
40 1
40 38
40 54
40 129
40 132
40 139
41 38
41 71
41 96
41 122
41 140
42 8
42 60
42 113
42 126
43 23
43 27
43 59
43 72
43 76
43 100
43 102
43 113
43 140
43 147
44 18
44 31
44 43
44 56
44 86
44 130
45 73
45 114
46 11
46 23
46 24
46 37
46 43
46 51
46 55
46 89
46 95
46 109
47 22
47 67
47 75
47 82
47 108
48 5
48 89
48 98
48 132
49 20
49 35
49 53
49 87
49 94
49 144
50 16
50 20
50 26
50 32
50 85
50 107
50 109
50 114
50 124
51 50
51 95
52 77
52 78
52 87
52 115
53 16
53 18
53 91
53 119
53 125
53 127
54 25
54 34
54 55
54 70
54 87
54 116
54 121
54 129
55 32
55 64
55 115
56 1
56 19
56 32
56 47
56 64
57 50
57 80
57 92
57 100
57 106
57 142
57 146
58 2
58 36
58 75
58 122
58 136
59 17
59 97
59 117
60 21
60 37
60 41
60 82
60 104
60 105
60 126
60 131
61 94
61 118
62 18
62 20
62 27
62 31
62 34
62 61
62 120
62 135
63 1
63 13
63 25
63 61
63 74
63 122
64 68
64 76
64 86
65 91
65 109
66 10
66 27
66 70
66 148
67 1
67 20
67 34
67 100
67 106
67 120
67 123
68 15
68 44
68 57
68 127
69 6
69 16
69 29
69 72
69 133
70 57
70 60
70 76
70 98
70 145
71 7
71 12
71 17
71 20
71 89
71 139
71 146
72 73
72 89
72 91
72 112
72 120
72 126
72 127
73 15
73 27
73 28
73 84
73 92
73 116
74 3
74 32
74 88
74 129
74 144
75 9
75 22
75 50
75 78
75 89
75 94
76 26
76 52
76 75
76 83
77 59
77 98
77 114
77 147
78 10
78 46
78 93
78 95
78 144
79 28
79 56
79 81
79 135
80 24
80 37
80 38
80 66
80 122
80 140
81 105
81 107
81 127
81 142
82 11
82 33
82 55
82 79
82 132
82 150
83 70
83 146
84 41
84 64
84 112
84 125
85 58
85 61
85 73
85 121
85 133
86 53
86 81
86 133
87 2
87 6
87 29
87 44
87 90
87 147
88 3
88 32
88 45
88 129
88 133
89 12
89 129
90 3
90 73
90 75
90 85
90 124
91 62
91 118
92 8
92 118
92 136
93 34
93 80
93 101
94 4
94 121
94 142
95 30
95 45
95 72
95 78
96 31
96 63
96 64
96 81
96 83
96 95
97 29
97 77
97 85
97 100
97 115
98 17
98 40
98 56
98 101
99 1
99 33
99 37
99 56
99 117
100 13
100 63
100 121
100 134
101 8
101 72
101 80
102 5
102 92
102 94
102 105
103 1
103 10
103 33
103 37
103 93
103 95
103 111
103 120
103 126
104 1
104 28
104 76
104 119
105 7
105 37
105 71
105 79
105 84
105 88
105 120
106 33
106 70
106 117
107 6
107 54
107 56
107 63
107 68
107 114
107 117
107 120
107 125
107 133
108 3
108 56
108 91
108 113
108 138
108 146
109 14
109 76
109 89
109 90
109 140
109 142
110 1
110 13
110 32
110 42
110 95
111 6
111 63
111 87
111 133
111 145
111 148
112 77
112 103
112 142
113 15
113 32
113 42
113 65
113 108
114 25
114 58
114 126
115 43
115 52
115 89
116 3
116 23
116 36
116 45
116 62
116 70
116 98
116 111
116 120
117 36
117 95
117 104
117 110
117 114
117 134
118 3
118 35
118 44
118 51
118 65
118 94
118 98
118 111
118 132
118 140
119 12
119 23
119 29
119 37
119 50
119 55
119 83
119 84
119 97
120 43
120 62
120 69
120 97
120 122
121 1
121 108
121 109
121 135
122 18
122 29
122 46
122 50
122 63
122 100
122 108
123 10
123 22
123 69
123 120
123 133
124 24
125 27
125 89
125 95
125 104
125 132
125 136
126 27
126 61
126 84
126 90
126 94
126 116
126 148
127 31
127 78
127 80
127 86
127 140
128 12
128 27
128 56
128 65
128 115
129 80
130 7
130 19
130 27
130 70
131 29
131 33
131 61
131 88
131 92
131 122
131 127
131 140
132 10
132 31
132 45
132 46
132 49
132 71
132 135
133 14
133 63
133 136
133 141
134 22
134 24
134 28
134 48
135 53
135 68
136 13
136 103
136 115
137 1
137 17
137 54
137 57
137 65
137 86
137 104
137 110
138 53
138 59
139 25
139 40
139 73
139 97
139 107
139 122
139 135
140 46
140 74
140 77
140 112
140 127
140 141
140 147
141 73
141 84
141 86
141 101
141 148
142 25
142 37
142 63
142 86
143 40
143 47
143 51
143 88
143 120
143 122
144 47
144 64
144 105
144 118
145 21
145 29
145 84
145 109
145 115
145 131
145 142
146 21
146 65
146 97
146 104
146 135
147 5
147 83
147 94
147 96
147 122
147 149
148 62
148 83
148 97
148 118
148 142
148 143
149 67
150 43
150 49
150 52
150 91
150 129
