150
1032
1 11
1 15
1 31
1 109
2 4
2 19
2 50
2 55
2 119
2 121
2 130
3 42
3 68
3 70
3 132
4 29
4 50
4 55
4 57
4 90
4 97
4 119
4 124
4 137
5 37
5 38
5 40
5 43
5 73
5 106
5 109
5 115
5 139
6 13
6 83
6 98
6 114
6 139
6 147
7 61
7 95
7 112
7 127
7 128
7 138
8 16
8 22
8 32
8 121
9 2
9 23
9 29
9 55
9 68
9 105
10 6
10 63
10 100
10 134
10 148
11 25
11 31
11 50
11 72
11 87
11 109
11 120
11 122
11 149
12 44
12 47
12 64
12 95
12 105
12 140
13 6
13 33
13 44
13 56
13 60
13 128
13 140
13 148
14 21
14 36
14 52
14 107
14 108
14 143
15 14
15 43
15 87
15 92
15 97
15 108
15 111
15 137
16 11
16 26
16 45
16 78
16 110
16 132
17 12
17 106
17 130
17 138
18 9
18 26
18 28
18 46
18 76
18 110
18 120
18 124
19 21
19 29
19 49
19 71
19 81
19 90
19 121
19 122
19 130
20 4
20 24
20 27
20 59
20 62
20 63
20 109
20 113
20 137
20 148
21 141
22 2
22 21
22 41
22 148
23 27
23 34
23 114
23 118
23 127
24 15
24 45
24 51
24 81
24 94
24 101
25 37
25 38
25 45
25 103
25 104
26 20
26 23
26 50
26 61
26 74
26 113
26 124
26 137
27 15
27 24
27 33
27 34
27 74
27 82
27 143
28 14
28 24
28 31
28 48
28 51
28 115
29 7
29 11
29 31
29 101
29 129
29 134
29 150
30 14
30 24
30 31
30 32
30 62
30 72
30 97
30 141
31 44
31 88
31 128
31 140
32 4
32 30
32 44
32 66
32 69
32 76
32 123
33 21
33 36
33 61
33 76
33 88
33 91
33 117
33 128
33 139
33 145
34 36
34 111
35 3
35 56
35 74
35 78
35 99
35 102
35 104
35 136
36 31
36 88
36 111
36 112
36 149
37 21
37 34
37 122
37 138
38 23
38 25
38 30
38 35
38 47
38 75
38 80
38 119
38 127
38 133
38 134
39 2
39 22
39 66
39 92
39 107
39 109
39 116
39 120
39 131
39 148
40 9
40 42
40 62
40 109
40 114
40 120
41 23
41 31
41 72
41 75
41 88
41 91
41 92
41 117
41 119
41 121
41 141
42 66
42 68
42 86
42 111
43 6
43 44
43 46
43 75
43 92
43 123
43 127
43 139
44 8
44 46
44 112
45 5
45 13
45 27
45 36
45 59
45 90
45 91
45 104
45 113
45 121
46 4
46 17
46 22
46 57
46 96
46 122
47 2
47 13
47 32
47 36
47 90
47 131
48 34
48 75
48 82
48 86
48 102
48 139
49 11
49 52
49 77
49 85
49 88
49 113
49 134
49 146
50 5
50 16
50 25
50 26
50 27
50 47
50 64
50 89
50 95
50 100
50 106
50 136
50 143
51 12
51 72
51 107
51 127
51 138
51 149
52 10
52 62
52 87
52 99
52 101
52 108
52 132
53 25
53 28
53 32
53 44
53 48
53 55
53 95
53 123
53 133
54 29
54 50
54 51
54 134
55 59
55 84
55 89
55 94
55 99
55 101
55 112
55 123
56 17
56 43
56 68
56 75
56 87
56 101
57 7
57 61
57 111
57 138
58 37
58 46
58 146
58 147
59 20
59 33
59 53
59 67
59 71
59 82
59 142
60 1
60 31
60 108
60 125
60 141
61 30
61 70
61 81
61 91
61 96
61 115
61 119
61 141
61 145
62 20
62 29
62 39
62 68
62 87
62 97
62 109
63 10
63 19
63 33
63 45
63 77
63 106
63 107
63 127
63 135
64 86
64 123
64 147
65 6
65 7
65 38
65 135
66 31
66 46
66 51
66 64
66 75
66 112
66 135
66 148
67 14
67 17
67 79
67 84
67 91
67 92
67 110
67 113
68 25
68 28
68 41
68 51
68 52
68 57
68 70
68 77
68 80
68 119
68 120
68 133
68 135
68 145
68 147
69 57
69 72
69 107
69 109
69 130
69 149
70 21
70 34
70 92
70 106
70 113
70 120
70 128
71 25
71 26
71 27
71 72
71 74
71 78
71 113
72 17
72 28
72 41
72 61
72 78
72 123
72 130
73 16
73 33
73 34
73 41
73 53
73 60
73 66
73 75
73 85
73 107
73 126
74 2
74 33
74 48
74 69
74 93
74 110
75 1
75 41
75 100
75 150
76 16
76 22
76 123
76 132
76 135
77 1
77 4
77 6
77 20
77 32
77 40
77 48
77 52
77 58
77 78
77 111
78 37
78 56
78 59
78 71
78 79
78 84
78 111
78 115
79 60
79 61
79 105
79 107
79 116
80 54
80 85
80 133
81 40
81 47
81 49
81 67
81 84
82 14
82 18
82 46
82 59
82 76
82 84
82 93
82 127
82 150
83 46
83 75
83 86
83 93
83 104
83 111
83 116
83 119
83 121
83 126
83 136
84 2
84 11
84 54
84 56
84 107
84 123
84 125
84 132
84 141
85 6
85 18
85 36
85 48
85 78
85 80
85 110
85 113
85 131
85 150
86 29
86 58
86 88
86 94
86 150
87 1
87 59
87 65
87 139
88 71
88 119
88 140
88 143
89 27
89 45
89 47
89 81
89 94
89 99
89 141
90 4
90 30
90 37
90 46
90 52
90 94
90 98
90 106
90 133
91 1
91 7
91 16
91 35
91 79
91 88
91 98
92 18
92 49
92 63
92 76
92 88
92 109
92 113
92 115
92 147
93 92
93 96
93 139
93 144
94 4
94 16
94 135
94 145
95 13
95 19
95 43
95 46
95 117
95 122
95 141
96 17
96 27
96 65
96 72
96 95
96 133
96 141
97 17
97 41
97 65
97 90
97 98
97 100
97 115
97 123
97 145
98 1
98 7
98 41
98 65
98 88
98 135
99 23
99 25
99 34
99 105
99 110
99 112
99 116
99 127
100 55
100 120
100 149
100 150
101 9
101 24
101 31
101 86
102 9
102 18
102 20
102 28
102 52
102 75
102 85
102 97
103 5
103 6
103 20
103 26
103 27
103 55
103 63
103 71
104 30
104 117
104 123
105 12
105 24
105 60
105 118
105 125
105 130
105 143
106 4
106 38
106 47
106 53
106 56
106 83
106 125
106 139
106 140
106 146
107 1
107 5
108 17
108 20
108 47
108 55
109 19
109 29
109 41
109 81
109 86
109 88
109 100
109 127
109 141
110 4
110 5
110 26
110 31
110 42
110 48
110 67
110 72
110 84
110 88
110 94
110 150
111 56
111 88
111 102
111 121
111 126
112 56
112 74
112 93
112 127
112 137
113 40
113 45
113 85
113 90
113 103
113 127
114 17
114 25
114 26
114 41
114 53
114 65
114 70
114 79
114 92
114 109
114 150
115 14
115 25
115 39
115 58
115 62
115 94
115 101
116 19
116 49
116 83
116 86
116 109
116 111
116 122
116 141
116 142
116 146
117 7
117 54
117 67
117 109
117 119
117 128
117 145
117 148
118 39
118 79
118 84
118 126
118 135
118 137
118 146
119 3
119 15
119 35
119 72
119 77
119 91
119 108
119 110
119 118
120 48
120 72
120 76
120 81
120 139
121 20
121 67
121 86
121 98
121 101
121 104
121 109
121 117
122 5
122 37
122 38
122 61
122 93
122 117
122 120
122 127
122 132
122 145
123 9
123 10
123 11
123 64
123 67
123 77
123 84
123 106
123 135
124 7
124 21
124 29
124 50
124 93
124 121
124 142
125 41
125 42
125 53
125 142
126 37
126 70
126 71
126 75
126 86
126 98
126 99
126 114
126 122
127 53
127 56
127 73
127 82
127 85
127 90
127 101
127 135
127 144
128 34
128 46
128 51
128 56
128 72
128 83
128 111
128 115
128 118
128 119
128 135
129 3
129 20
129 24
129 55
129 58
129 71
129 88
129 106
129 125
130 107
130 118
130 150
131 10
131 103
131 125
132 1
132 71
132 81
132 93
132 116
133 8
133 15
133 63
133 119
134 16
134 55
134 75
134 82
134 146
135 26
135 43
135 101
135 113
136 37
136 57
136 75
136 97
136 135
137 12
137 49
137 68
137 73
137 79
137 87
137 102
137 112
138 24
138 37
138 52
138 123
138 146
139 6
139 20
139 33
139 45
139 86
139 102
139 103
139 119
140 12
140 17
140 27
140 30
140 42
140 45
140 56
140 63
140 67
140 74
140 103
140 117
140 139
140 146
141 1
141 48
141 138
142 26
142 27
142 34
142 74
142 84
142 95
142 138
142 141
143 13
143 51
143 82
143 104
143 115
143 122
143 137
143 140
143 148
144 50
144 75
144 114
144 140
145 15
145 17
145 47
145 56
145 72
145 73
145 96
145 107
145 150
146 22
146 25
146 31
146 62
146 64
146 71
146 88
146 103
146 110
146 114
146 121
146 148
147 5
147 7
147 38
147 62
147 82
147 95
147 114
147 119
147 142
148 5
148 6
148 21
148 39
148 59
148 70
148 105
148 133
149 4
149 9
149 18
149 35
149 46
149 57
149 76
149 89
149 105
149 119
150 13
150 19
150 31
150 98
150 122
150 128
