150
1308
1 7
1 35
1 40
1 54
1 60
1 113
1 117
1 136
1 137
1 143
1 144
1 150
2 17
2 23
2 29
2 49
2 68
2 78
2 85
2 104
3 6
3 35
3 37
3 45
3 51
3 65
3 67
3 77
3 111
4 3
4 8
4 38
4 57
4 100
4 132
4 144
5 10
5 46
5 63
5 69
5 93
5 114
5 124
5 128
6 10
6 78
6 83
6 87
6 88
6 92
6 113
7 23
7 45
7 52
7 92
8 3
8 27
8 80
8 82
8 92
8 118
8 147
8 150
9 11
9 15
9 27
9 58
9 64
9 87
9 88
9 97
9 126
9 146
9 149
10 6
10 12
10 28
10 39
10 41
10 70
10 74
10 81
10 93
10 99
10 105
10 118
10 136
10 140
11 9
11 30
11 31
11 43
11 49
11 54
11 69
11 81
11 90
11 91
11 98
11 104
11 107
11 128
11 129
11 134
12 16
12 45
12 52
12 61
12 76
12 92
12 94
12 99
12 101
12 105
12 118
12 132
12 133
13 11
13 21
13 41
13 57
13 73
13 110
13 130
13 134
13 142
13 149
14 6
14 20
14 30
14 35
14 46
14 61
14 65
14 91
14 102
14 105
14 111
14 115
14 117
14 122
14 143
15 3
15 16
15 20
15 24
15 27
15 36
15 78
15 143
16 12
16 25
16 27
16 45
16 106
16 107
16 140
16 144
17 19
17 20
17 30
17 38
17 85
17 115
17 119
18 7
18 71
18 75
18 91
18 101
18 123
18 144
19 15
19 18
19 79
19 96
19 112
19 113
19 131
20 10
20 40
20 43
20 47
20 74
20 77
20 91
20 99
20 119
20 125
20 139
20 149
21 5
21 31
21 50
21 65
21 99
21 115
21 121
21 145
22 11
22 18
22 21
22 23
22 27
22 46
22 53
22 55
22 70
22 80
22 86
22 99
22 102
22 111
22 134
22 135
23 8
23 40
23 58
23 83
24 15
24 44
24 69
24 89
24 90
24 93
24 100
24 117
25 4
25 23
25 35
25 37
25 49
25 55
25 76
25 106
25 115
25 137
26 13
26 36
26 45
26 71
26 129
26 148
27 18
27 19
27 34
27 74
27 82
27 94
27 106
27 109
27 116
28 13
28 26
28 47
28 64
28 67
28 77
28 113
28 122
28 132
29 11
29 19
29 21
29 24
29 67
29 74
29 94
29 99
29 111
30 10
30 68
30 72
30 82
30 115
30 136
30 137
30 142
31 17
31 34
31 36
31 40
31 43
31 60
31 61
31 72
31 73
31 74
31 123
31 135
32 8
32 19
32 33
32 46
32 87
32 106
32 111
32 123
32 143
33 10
33 23
33 26
33 38
33 39
33 48
33 56
33 68
33 69
33 71
33 121
33 141
34 47
34 63
34 84
34 105
34 148
35 1
35 11
35 38
35 43
35 104
35 147
36 3
36 22
36 71
36 94
36 125
36 133
36 134
37 6
37 33
37 74
37 83
37 105
37 125
38 13
38 40
38 45
38 52
38 86
38 88
38 90
38 95
38 123
39 29
39 41
39 68
39 84
39 87
39 121
39 125
40 47
40 49
40 61
40 74
40 89
40 117
40 137
41 27
41 52
41 76
41 83
41 87
41 100
41 111
41 115
41 134
42 23
42 68
42 93
42 117
42 121
42 125
42 129
42 149
43 9
43 15
43 34
43 65
43 93
43 97
43 103
43 104
43 148
44 12
44 22
44 27
44 42
44 76
44 86
44 93
44 120
44 125
44 136
45 2
45 8
45 20
45 49
45 55
45 63
45 87
45 91
45 110
45 122
45 129
45 144
45 149
46 17
46 35
46 38
46 56
46 75
46 116
46 117
46 118
46 120
46 131
46 149
47 24
47 38
47 41
47 52
47 60
47 102
47 132
48 10
48 11
48 19
48 27
48 31
48 76
48 100
48 103
48 129
49 7
49 17
49 21
49 59
49 86
49 88
49 103
49 123
49 129
49 142
49 145
50 17
50 19
50 31
50 41
50 60
50 103
50 125
50 130
50 132
50 133
50 144
50 145
51 4
51 99
51 139
52 29
52 54
52 68
52 90
52 104
52 126
52 133
52 140
52 145
52 149
53 1
53 8
53 13
53 17
53 26
53 43
53 60
53 78
53 88
53 104
53 105
53 106
53 122
53 133
53 134
54 4
54 7
54 24
54 77
54 106
54 128
54 132
54 140
55 24
55 53
55 60
55 62
55 85
55 90
55 93
55 98
55 111
55 119
55 129
56 5
56 40
56 81
56 84
56 102
56 118
57 12
57 50
57 60
57 70
57 78
57 82
57 110
57 125
58 4
58 23
58 59
58 67
58 69
58 79
58 88
58 98
58 117
58 118
58 119
58 121
59 2
59 9
59 20
59 36
59 46
59 92
59 96
59 99
59 114
59 123
59 144
60 33
60 39
60 56
60 85
60 105
60 144
61 2
61 10
61 28
61 48
61 71
61 75
61 80
61 107
61 139
62 36
62 38
62 45
62 56
62 82
62 122
62 134
63 11
63 27
63 39
63 47
63 60
63 114
63 117
63 122
63 123
63 129
63 133
63 139
63 142
64 22
64 43
64 79
64 99
64 106
64 109
64 120
64 124
64 129
64 131
65 2
65 15
65 25
65 68
65 75
65 78
65 92
65 95
65 103
65 112
65 125
65 137
66 38
66 48
66 70
66 75
66 76
66 87
66 94
66 109
66 110
66 121
66 135
67 19
67 53
67 105
67 126
67 127
67 131
68 30
68 78
68 94
68 112
68 121
69 28
69 89
69 90
69 91
69 104
69 106
69 120
69 122
70 65
70 72
70 88
70 103
70 124
70 128
70 134
70 135
71 37
71 45
71 58
71 62
71 63
71 112
71 123
71 125
71 129
72 21
72 96
72 98
72 120
72 125
72 126
72 128
72 140
72 142
72 145
72 146
73 1
73 4
73 24
73 53
73 88
73 146
73 148
74 14
74 24
74 26
74 72
74 75
74 86
74 132
74 139
75 9
75 19
75 25
75 27
75 45
75 80
75 106
75 129
75 138
76 3
76 12
76 29
76 33
76 58
76 95
76 116
76 120
76 133
76 145
77 13
77 110
77 125
77 126
77 135
78 12
78 36
78 38
78 40
78 46
78 75
78 102
78 110
79 7
79 20
79 55
79 75
79 84
79 106
79 114
79 123
79 128
79 133
80 12
80 53
80 75
80 89
80 95
80 96
80 101
80 119
80 127
80 136
80 143
81 25
81 41
81 42
81 63
81 75
81 86
81 115
81 117
82 6
82 26
82 53
82 69
82 71
82 94
82 145
83 4
83 46
83 59
83 73
83 108
83 126
84 5
84 10
84 30
84 86
84 87
84 100
84 105
84 130
84 134
85 34
85 74
85 79
85 80
85 97
85 124
85 137
85 140
86 7
86 23
86 43
86 48
86 66
86 84
86 88
86 100
86 109
86 125
87 11
87 37
87 58
87 81
87 89
87 97
87 114
87 136
87 138
88 28
88 31
88 32
88 36
88 79
88 94
88 99
88 102
88 125
89 13
89 31
89 34
89 49
89 55
89 59
89 64
89 71
89 76
89 98
89 123
89 143
89 149
90 50
90 59
90 107
90 110
90 122
90 145
91 8
91 22
91 45
91 67
91 82
91 143
91 148
92 8
92 11
92 35
92 69
92 71
92 81
92 95
93 22
93 29
93 30
93 60
93 72
93 86
93 92
93 124
94 29
94 34
94 49
94 74
94 76
94 85
94 95
95 18
95 25
95 33
95 34
95 44
95 53
95 78
95 81
95 117
95 135
96 38
96 45
96 59
96 64
96 128
96 143
97 43
97 63
97 70
97 124
98 41
98 53
98 61
98 66
98 84
98 100
98 120
98 149
98 150
99 23
99 26
99 28
99 32
99 61
99 90
99 93
99 114
99 118
99 126
99 131
100 2
100 6
100 11
100 33
100 59
100 75
100 103
100 114
100 126
100 142
101 4
101 30
101 58
101 86
101 117
101 129
101 140
102 8
102 17
102 25
102 44
102 59
102 82
102 89
102 103
102 106
102 125
102 129
103 15
103 17
103 36
103 45
103 52
103 91
103 96
103 97
103 140
103 149
104 19
104 45
104 57
104 75
104 84
104 116
104 126
105 29
105 41
105 52
105 89
105 106
105 111
105 117
105 118
106 10
106 15
106 17
106 25
106 40
106 52
106 60
106 76
106 92
106 140
106 146
107 1
107 43
107 62
107 65
107 74
107 83
108 13
108 32
108 63
108 66
108 88
108 95
108 100
108 138
109 25
109 33
109 83
109 90
109 94
109 106
109 117
109 133
110 9
110 35
110 93
110 111
110 113
110 123
110 132
111 25
111 62
111 66
111 76
111 106
111 124
112 6
112 11
112 32
112 47
112 75
112 84
112 98
112 129
113 38
113 46
113 49
113 88
113 105
113 114
113 137
114 5
114 16
114 24
114 27
114 49
114 59
114 72
114 80
114 107
114 119
115 36
115 37
115 120
115 138
116 18
116 29
117 4
117 11
117 44
117 53
117 113
117 128
117 139
117 143
118 17
118 24
118 26
118 31
118 44
118 68
118 92
118 105
118 123
119 2
119 7
119 26
119 55
119 81
119 85
119 93
119 94
119 107
120 25
120 37
120 50
120 78
120 103
120 109
120 131
120 144
121 12
121 17
121 48
121 61
121 63
121 73
121 82
121 84
121 93
121 112
121 124
121 135
121 142
121 144
122 1
122 15
122 17
122 20
122 69
122 88
122 94
123 18
123 36
123 59
123 66
123 115
124 109
124 110
124 116
124 140
125 6
125 10
125 39
125 57
125 64
125 132
126 11
126 71
126 85
126 110
126 141
127 16
127 28
127 36
127 39
127 41
127 44
127 50
127 53
127 79
127 85
127 94
128 17
128 32
128 51
128 63
128 83
128 86
128 122
128 129
128 133
128 147
129 24
129 57
129 61
129 70
129 78
129 83
129 110
130 18
130 33
130 47
130 51
130 66
130 78
130 80
130 88
130 117
130 119
130 136
131 19
131 21
131 33
131 46
131 47
131 52
131 56
131 87
131 101
131 112
131 143
131 147
132 14
132 31
132 40
132 45
132 48
132 57
132 110
132 120
132 127
133 8
133 11
133 19
133 23
133 24
133 32
133 33
133 64
133 65
133 75
133 81
133 111
133 130
133 147
134 5
134 41
134 52
134 57
134 118
135 3
135 11
135 32
135 37
135 107
136 29
136 42
136 55
136 58
136 62
136 102
136 112
136 134
136 140
137 9
137 12
137 25
137 37
137 65
137 72
137 74
137 101
137 130
137 133
137 138
137 149
138 26
138 28
138 40
138 56
138 65
138 67
138 100
138 113
138 116
138 117
139 9
139 14
139 21
139 34
139 47
139 60
139 64
139 65
139 78
139 91
139 94
139 109
139 119
139 134
139 137
140 11
140 14
140 23
140 24
140 45
140 82
140 108
140 114
140 141
141 1
141 4
141 10
141 51
141 56
141 57
141 60
141 113
142 51
142 90
142 108
142 117
142 149
143 44
143 55
143 68
143 82
143 102
143 124
143 134
143 149
144 40
144 70
144 80
144 97
144 115
144 136
144 148
145 16
145 46
145 71
145 73
145 75
145 78
145 88
145 89
145 109
145 112
145 136
146 6
146 28
146 89
146 93
146 94
146 97
146 101
146 114
147 6
147 42
147 54
147 64
147 68
147 69
147 77
147 79
147 94
147 100
147 102
147 134
147 136
148 14
148 22
148 71
148 78
148 100
148 106
148 116
148 120
148 123
148 132
149 14
149 21
149 23
149 31
149 48
149 95
149 99
149 102
149 147
150 50
150 69
150 82
150 84
150 93
150 103
150 111
