150
887
1 8
1 52
1 57
1 85
1 103
1 111
1 113
2 65
2 84
2 88
2 90
3 31
3 43
3 115
3 136
3 144
4 60
4 72
4 76
4 102
4 111
5 2
5 9
5 61
5 98
5 116
5 124
5 126
6 5
6 92
6 136
6 146
7 9
7 46
7 61
7 81
7 95
7 109
7 114
8 27
8 44
8 61
8 131
8 146
9 17
9 109
9 112
9 118
9 122
9 129
10 50
10 54
10 68
10 83
10 96
10 118
10 127
10 145
11 28
11 37
11 46
11 82
11 87
11 125
11 135
12 4
12 107
12 117
12 137
13 3
13 10
13 27
13 33
13 43
13 77
13 95
13 111
13 114
14 25
14 31
14 58
14 101
15 29
15 63
15 77
15 104
15 113
15 121
16 14
16 43
16 96
16 136
16 146
17 29
17 56
17 79
17 80
17 90
17 92
17 105
17 113
18 32
18 36
18 37
18 50
18 52
18 72
18 81
18 98
18 115
18 120
18 127
19 18
19 29
19 43
19 100
19 142
20 3
20 11
20 57
20 143
21 8
21 10
21 37
21 69
21 87
21 129
21 149
22 23
22 90
22 113
22 133
22 142
23 29
23 56
23 60
23 79
23 95
23 113
23 124
23 137
24 3
24 38
24 47
24 95
24 106
24 134
24 137
24 139
25 69
25 86
25 97
25 133
25 136
25 142
25 145
26 16
26 33
26 66
26 108
26 142
27 88
28 31
28 71
28 78
28 106
28 147
29 14
29 47
29 73
29 85
29 98
29 110
29 129
30 16
30 18
30 33
30 51
30 122
31 54
31 77
31 81
31 134
31 137
31 141
32 81
32 117
32 144
32 147
33 5
33 20
33 61
33 82
33 118
33 131
34 32
34 49
34 125
34 126
34 130
34 140
34 150
35 14
35 26
35 52
35 129
35 132
36 5
36 10
36 58
36 67
36 100
36 128
36 140
37 27
37 34
37 53
37 81
37 88
37 138
38 19
38 22
38 79
38 118
39 2
39 57
39 60
39 63
39 68
39 124
39 144
40 19
40 72
40 89
40 101
40 120
40 131
40 137
40 147
41 19
41 30
41 56
41 62
41 88
41 96
41 108
41 143
42 8
42 21
42 30
42 48
42 54
42 144
43 47
43 53
43 71
43 100
43 101
44 2
44 51
44 60
44 75
44 93
44 100
44 104
44 135
44 137
45 4
45 17
45 61
45 63
45 82
45 87
45 107
46 9
46 42
47 44
47 110
47 135
48 71
48 96
48 101
49 4
49 98
49 103
49 108
49 112
49 138
49 140
49 146
50 19
50 25
50 37
50 61
50 111
50 148
51 6
51 43
51 55
51 62
51 81
52 24
52 60
52 146
53 3
53 12
53 46
53 50
53 70
53 80
53 98
53 110
53 124
53 127
54 12
54 26
54 55
54 101
54 102
54 140
54 142
55 11
55 22
55 24
55 27
55 53
55 90
55 97
55 135
55 136
55 139
55 150
56 89
56 135
57 6
57 23
57 37
57 49
57 50
57 66
57 82
57 107
57 127
57 133
57 137
58 51
58 56
58 59
58 70
58 91
58 99
58 123
58 148
59 14
59 41
59 143
60 54
60 100
60 111
60 145
61 6
61 22
61 43
61 74
61 97
62 9
62 15
62 53
62 59
62 60
62 87
62 99
62 115
62 144
63 4
63 12
63 49
63 81
63 98
63 117
64 20
64 30
64 40
64 53
64 59
64 83
64 108
64 116
64 139
65 3
65 86
65 140
66 14
66 17
66 19
66 28
66 38
66 42
66 52
66 81
66 99
66 128
66 132
66 144
67 6
67 40
67 91
68 7
68 17
68 22
68 32
68 48
68 88
68 123
69 27
69 87
69 92
69 113
70 25
70 27
70 45
70 62
70 78
70 103
71 22
71 26
71 44
71 63
71 75
71 82
72 21
72 56
72 59
72 110
72 119
72 133
73 21
73 35
73 78
73 88
73 89
73 95
73 116
73 118
73 125
73 130
74 116
74 126
75 14
75 24
75 29
75 49
75 74
75 106
75 115
75 126
75 131
76 3
76 4
76 14
76 35
76 119
77 36
77 43
77 73
77 87
78 18
78 47
78 60
78 84
78 89
78 92
78 93
78 114
78 121
79 47
79 62
79 66
80 33
80 64
80 87
80 94
80 96
80 126
81 1
81 9
81 38
81 60
81 86
81 91
81 117
82 23
82 31
82 41
82 47
82 87
82 119
83 20
83 55
83 67
83 80
83 95
83 101
83 103
83 107
83 109
84 49
84 76
84 77
84 105
85 6
85 43
85 62
85 111
85 135
85 144
86 16
86 25
86 45
86 78
86 82
86 105
86 122
86 132
87 33
87 69
88 12
88 35
88 43
88 48
88 63
88 84
88 102
89 3
89 24
89 37
89 47
89 105
90 83
91 29
91 32
91 59
91 60
92 107
93 4
93 39
93 59
93 79
93 126
94 7
94 11
94 34
94 64
94 72
94 95
95 4
95 28
95 33
95 34
95 58
95 72
95 74
95 77
95 121
95 138
95 140
96 127
96 135
97 18
97 20
97 28
97 67
97 89
97 138
98 11
98 77
98 139
98 142
99 14
99 62
99 124
100 7
100 14
100 51
100 64
100 83
100 95
100 99
100 114
100 134
101 6
101 23
101 44
101 63
101 75
101 130
101 143
102 3
102 21
102 23
102 29
102 68
102 95
102 133
103 43
103 69
103 73
104 69
104 119
105 29
105 33
105 68
105 70
105 80
105 93
105 116
105 124
105 127
106 82
106 122
106 126
106 144
107 4
107 32
108 9
108 54
108 68
109 10
109 59
109 71
109 112
110 65
110 90
110 94
110 134
110 150
111 61
111 91
111 100
111 107
112 43
112 57
112 63
112 77
112 95
112 110
112 142
113 26
113 62
113 86
113 114
113 126
113 147
114 6
114 34
114 98
114 118
114 121
114 144
114 147
114 150
115 8
115 53
115 121
116 2
116 41
116 45
116 71
116 80
116 94
116 108
116 111
116 129
117 19
117 37
117 90
117 114
117 134
118 48
118 53
118 72
118 150
119 11
119 16
119 19
119 51
119 58
119 62
119 74
119 91
119 97
119 126
120 41
120 45
120 80
120 88
120 97
120 110
121 13
121 14
121 25
121 34
121 77
121 110
121 127
121 132
121 136
121 139
121 144
122 15
122 37
122 39
122 40
122 41
122 44
122 57
122 60
122 86
122 87
122 107
122 116
122 138
123 1
123 106
123 108
123 112
123 125
123 134
123 148
123 150
124 49
124 63
124 126
124 128
124 136
124 149
125 18
125 59
125 99
125 126
126 5
126 13
126 62
126 85
127 69
127 133
127 149
128 8
128 12
128 28
128 66
128 82
128 109
129 19
129 31
129 48
129 116
129 127
130 16
130 17
130 39
130 41
130 42
130 57
130 78
130 95
130 100
131 114
131 122
131 138
132 35
132 47
132 72
132 80
132 82
132 97
132 104
132 146
133 101
133 113
133 114
133 130
134 3
134 64
134 109
135 58
135 96
135 115
135 136
136 10
136 25
136 83
136 96
136 142
136 144
137 22
137 26
137 34
137 59
137 65
137 69
137 74
137 83
137 117
137 138
137 145
138 12
138 21
138 24
138 26
138 56
138 73
138 115
138 126
138 143
139 18
139 20
139 30
139 120
139 124
139 141
140 3
140 4
140 67
140 85
140 86
140 111
141 6
141 13
141 19
141 31
141 65
141 86
141 134
141 140
142 17
142 20
142 27
142 34
142 40
142 95
143 15
143 31
143 33
143 100
143 121
143 131
143 132
143 147
144 28
144 42
144 59
144 145
144 148
145 6
145 67
145 69
145 121
145 139
145 140
145 150
146 28
146 30
146 35
146 62
146 73
146 98
146 121
147 146
148 1
148 28
148 49
148 84
148 130
148 141
149 34
149 80
149 104
149 119
149 124
149 136
150 12
150 92
150 97
150 133
150 138
150 146
