160
1556
1 43
1 53
1 80
1 91
1 111
1 115
1 126
1 128
1 137
2 17
2 30
2 37
2 55
2 58
2 60
2 72
2 75
2 109
2 150
2 160
3 11
3 19
3 51
3 73
3 76
3 94
3 101
3 108
3 114
3 115
3 135
4 5
4 15
4 29
4 31
4 39
4 50
4 51
4 60
4 61
4 69
4 72
4 87
4 110
4 122
4 123
4 150
5 1
5 20
5 41
5 67
5 95
5 129
5 130
5 138
6 7
6 33
6 47
6 88
6 103
6 106
6 115
6 136
6 157
7 47
7 52
7 56
7 112
7 114
7 121
7 128
7 129
8 43
8 46
8 67
8 131
8 133
8 138
8 147
8 152
9 17
9 38
9 41
9 46
9 51
9 54
9 69
9 93
9 160
10 20
10 28
10 77
10 86
10 87
10 96
10 101
10 123
10 127
10 145
10 150
11 7
11 13
11 30
11 82
11 84
11 119
11 144
11 155
12 19
12 48
12 53
12 77
12 79
12 90
12 126
12 150
12 151
13 5
13 20
13 23
13 28
13 33
13 42
13 54
13 68
13 123
13 155
13 157
14 44
14 50
14 53
14 128
14 139
14 147
14 154
14 160
15 52
15 54
15 86
15 88
16 9
16 10
16 21
16 51
16 64
16 88
16 102
16 115
16 127
16 140
16 146
16 147
17 57
17 82
17 95
17 102
17 126
17 130
17 137
17 146
17 154
18 27
18 48
18 120
19 1
19 12
19 57
19 75
19 88
19 111
19 150
19 158
20 6
20 7
20 27
20 38
20 48
20 51
20 75
20 81
20 94
20 111
21 1
21 2
21 7
21 31
21 34
21 57
21 60
21 88
21 102
21 103
21 124
21 128
21 136
21 152
21 155
22 3
22 17
22 44
22 83
22 86
22 93
22 137
23 29
23 33
23 71
23 87
23 109
24 34
24 44
24 48
24 51
24 61
24 68
24 81
24 84
24 130
24 140
25 39
25 44
25 72
25 78
25 96
25 106
25 121
25 135
26 2
26 9
26 51
26 69
26 71
26 135
26 137
26 153
27 19
27 48
27 73
27 79
27 119
27 134
28 19
28 25
28 54
28 55
28 73
28 75
28 76
28 79
28 80
28 95
28 105
28 121
28 124
28 131
28 135
28 145
28 154
28 158
29 31
29 35
29 61
29 67
29 75
29 118
29 156
30 24
30 45
30 65
30 87
30 140
30 152
31 7
31 14
31 22
31 62
31 74
31 90
31 99
31 100
31 106
31 145
31 152
32 6
32 14
32 51
32 71
32 105
32 106
32 140
32 145
33 2
33 11
33 29
33 32
33 59
33 74
33 89
33 116
33 121
33 128
33 143
34 11
34 13
34 26
34 65
34 75
34 91
34 98
34 103
34 110
35 28
35 76
35 78
35 109
35 120
35 131
35 132
35 144
35 150
36 15
36 29
36 43
36 79
36 106
36 118
36 124
36 127
36 133
36 141
36 157
37 23
37 27
37 35
37 38
37 46
37 73
37 90
37 104
37 109
37 127
37 129
37 134
37 150
37 160
38 4
38 34
38 63
38 69
38 91
38 107
38 116
38 131
38 145
38 153
39 3
39 7
39 23
39 27
39 40
39 56
39 59
39 64
39 68
39 115
39 116
39 123
39 139
40 24
40 39
40 48
40 50
40 87
40 96
40 111
40 122
40 132
40 143
41 14
41 15
41 26
41 40
41 69
41 73
41 76
41 100
41 106
41 119
41 129
41 135
42 37
42 53
42 89
42 107
42 124
42 131
42 132
42 140
42 143
42 151
42 154
43 10
43 19
43 39
43 100
43 107
43 110
43 149
43 157
44 8
44 11
44 48
44 56
44 79
44 83
44 122
44 126
44 127
44 135
45 11
45 71
45 75
45 91
45 121
45 130
45 146
46 7
46 10
46 34
46 44
46 47
46 62
46 64
46 66
46 100
46 123
46 128
46 140
46 160
47 41
47 65
47 89
47 95
47 126
47 157
48 80
48 86
48 106
48 107
49 14
49 16
49 17
49 22
49 28
49 65
49 70
49 91
49 96
49 98
49 99
49 105
49 108
49 142
49 146
49 147
49 151
50 22
50 30
50 36
50 40
50 70
50 87
50 117
50 125
50 157
51 5
51 13
51 35
51 71
51 82
51 92
51 115
51 120
51 126
51 141
51 145
51 146
51 149
51 151
52 4
52 7
52 8
52 33
52 38
52 59
52 100
52 134
52 137
52 158
53 25
53 29
53 33
53 34
53 40
53 41
53 46
53 71
53 73
53 85
53 93
53 106
53 112
53 120
53 121
53 126
54 18
54 62
54 89
54 91
54 95
54 103
54 110
54 123
54 138
55 6
55 12
55 14
55 49
55 69
55 91
55 102
55 105
55 114
55 119
55 123
55 127
55 137
56 40
56 47
56 82
56 114
56 121
56 130
56 133
56 137
56 140
57 18
57 27
57 29
57 36
57 39
57 60
57 80
57 82
57 112
57 118
57 122
57 134
57 149
57 159
58 21
58 48
58 63
58 82
58 117
58 123
58 126
58 139
59 2
59 13
59 39
59 49
59 51
59 57
59 72
59 79
59 82
59 89
59 101
59 111
59 118
59 129
60 17
60 19
60 26
60 57
60 79
60 89
60 121
60 153
60 154
61 35
61 91
61 110
61 144
61 147
61 156
62 11
62 27
62 97
62 117
62 119
62 129
62 135
62 141
62 157
63 11
63 15
63 60
63 62
63 93
63 110
63 120
63 145
64 7
64 16
64 24
64 35
64 50
64 83
64 117
64 149
65 11
65 20
65 21
65 97
65 109
65 124
65 149
66 13
66 26
66 90
66 115
66 151
66 155
67 1
67 5
67 9
67 41
67 55
67 83
67 94
67 104
67 111
67 131
68 6
68 11
68 35
68 50
68 95
68 106
68 114
68 121
68 125
68 142
68 149
68 152
69 4
69 5
69 16
69 19
69 24
69 31
69 63
69 75
69 112
69 150
70 25
70 40
70 75
70 91
70 101
70 117
71 10
71 29
71 73
71 81
71 122
71 128
71 131
71 158
72 14
72 15
72 16
72 19
72 30
72 50
72 67
72 133
72 141
73 39
73 71
73 91
73 99
73 107
73 125
74 5
74 33
74 34
74 84
74 88
74 89
74 107
74 124
74 130
74 135
74 142
75 64
75 69
75 81
75 82
75 90
75 97
75 112
76 4
76 24
76 30
76 49
76 64
76 66
76 74
76 101
76 103
76 108
76 116
76 136
76 145
76 151
77 39
77 50
77 66
77 94
77 101
77 103
77 117
77 143
78 25
78 28
78 31
78 80
78 82
78 84
78 86
78 89
78 90
78 113
78 122
78 123
78 137
78 140
78 152
79 5
79 51
79 57
79 60
79 85
79 91
79 94
79 98
79 116
79 119
79 124
80 4
80 16
80 26
80 43
80 44
80 112
80 136
80 153
81 3
81 11
81 59
81 70
81 73
81 79
81 83
81 97
81 158
82 3
82 13
82 57
82 70
82 95
82 98
82 99
82 112
82 117
82 119
82 134
82 136
83 6
83 38
83 44
83 69
83 80
83 90
83 105
83 113
83 122
83 155
83 156
83 157
84 7
84 8
84 17
84 32
84 35
84 48
84 128
85 32
85 34
85 49
85 74
85 121
85 138
86 7
86 13
86 18
86 23
86 42
86 46
86 93
86 105
86 110
86 125
86 133
86 136
86 146
86 149
86 156
87 10
87 25
87 29
87 40
87 54
87 129
87 138
87 156
87 160
88 82
88 86
89 3
89 8
89 24
89 29
89 52
89 73
89 81
89 88
89 106
89 110
90 3
90 14
90 27
90 29
90 55
90 68
90 81
90 94
90 115
90 122
90 130
90 131
90 133
90 134
90 135
91 8
91 9
91 49
91 58
91 60
91 77
91 86
91 93
91 102
91 114
91 115
91 137
91 144
91 147
91 149
91 153
92 8
92 43
92 69
92 95
92 101
92 115
92 128
93 79
93 106
93 112
93 140
94 2
94 14
94 47
94 48
94 51
94 59
94 71
94 75
94 77
94 84
94 119
94 129
95 3
95 28
95 30
95 31
95 39
95 74
95 86
95 105
95 126
96 31
96 34
96 44
96 91
96 101
96 107
96 128
96 134
96 149
97 3
97 27
97 28
97 44
97 55
97 72
97 76
97 91
97 110
97 135
97 147
97 154
98 10
98 13
98 27
98 36
98 41
98 61
98 91
98 106
98 113
98 138
98 144
99 2
99 11
99 14
99 36
99 38
99 39
99 51
99 60
99 80
99 83
99 86
99 88
99 102
99 112
99 125
99 137
99 144
100 1
100 7
100 20
100 25
100 62
100 105
100 147
100 150
100 157
101 19
101 30
101 38
101 58
101 139
101 144
101 150
101 159
102 15
102 30
102 38
102 48
102 59
102 98
102 134
102 156
103 27
103 48
103 51
103 53
103 104
103 105
103 128
104 2
104 33
104 34
104 41
104 50
104 62
104 69
104 92
104 95
104 102
104 131
104 143
104 152
105 30
105 70
105 73
105 75
105 76
105 88
105 148
106 5
106 46
106 68
106 88
106 92
106 107
106 130
106 138
106 160
107 18
107 40
107 50
107 62
107 74
107 84
107 94
107 102
107 132
108 6
108 11
108 15
108 30
108 34
108 36
108 42
108 46
108 78
108 96
108 107
108 110
108 133
108 134
108 136
108 139
108 156
109 1
109 3
109 29
109 34
109 60
109 69
109 74
109 106
109 111
109 132
109 145
110 19
110 24
110 50
110 62
110 88
110 117
110 120
110 130
111 29
111 40
111 48
111 50
111 66
111 73
111 93
111 96
111 101
111 114
111 117
111 141
111 150
112 2
112 9
112 49
112 51
112 82
112 85
112 91
113 4
113 14
113 30
113 32
113 76
113 96
113 100
113 102
113 103
113 106
113 131
113 150
113 153
114 35
114 38
114 50
114 85
114 106
114 113
114 140
114 143
114 146
114 153
115 23
115 75
115 80
115 83
115 87
115 90
115 110
115 131
115 137
116 9
116 29
116 36
116 53
116 91
116 94
116 119
116 139
116 140
116 142
116 153
117 4
117 19
117 24
117 58
117 76
117 78
117 80
117 141
117 146
118 26
118 47
118 77
118 82
118 91
118 123
118 133
118 145
119 38
119 75
119 109
119 113
119 117
119 130
120 18
120 28
120 38
120 56
120 57
120 75
120 83
120 101
120 147
120 152
121 4
121 20
121 34
121 39
121 59
121 61
121 70
121 106
121 141
121 146
121 154
122 30
122 35
122 49
122 62
122 86
122 88
122 148
123 20
123 29
123 49
123 53
123 66
123 85
123 100
123 110
123 114
123 116
124 3
124 16
124 19
124 28
124 48
124 58
124 77
124 105
124 116
124 128
124 129
124 138
125 66
125 67
125 70
125 106
125 113
125 133
125 155
125 160
126 43
126 70
126 93
126 107
126 113
126 115
127 3
127 12
127 34
127 43
127 58
127 65
127 79
127 92
127 97
127 102
127 134
127 149
128 11
128 27
128 50
128 65
128 69
128 102
128 114
128 131
128 138
128 159
129 3
129 32
129 33
129 39
129 62
129 72
129 89
129 96
129 99
129 102
129 115
129 117
129 136
129 148
129 158
130 6
130 17
130 30
130 37
130 38
130 44
130 48
130 69
130 84
130 95
130 100
130 131
130 136
131 2
131 31
131 46
131 47
131 85
131 93
131 97
131 99
131 123
131 137
131 154
132 15
132 27
132 34
132 47
132 57
132 99
132 107
132 125
132 149
132 153
133 10
133 25
133 76
133 86
133 90
133 91
133 94
133 95
133 134
133 136
134 31
134 51
134 67
134 73
134 83
134 103
134 106
134 130
134 133
134 145
134 148
134 152
135 13
135 20
135 37
135 52
135 60
135 65
135 95
136 9
136 37
136 48
136 79
136 80
136 84
136 97
136 111
136 144
136 145
136 152
137 21
137 30
137 50
137 61
137 93
137 119
137 135
137 160
138 25
138 28
138 38
138 80
138 85
138 90
138 98
138 137
139 4
139 16
139 19
139 21
139 57
139 64
139 80
139 90
139 116
139 126
140 9
140 12
140 16
140 19
140 23
140 49
140 60
140 61
140 79
140 95
140 100
140 105
140 107
140 109
140 124
140 142
141 45
141 64
141 74
141 155
142 9
142 23
142 55
142 64
142 98
142 144
142 160
143 20
143 25
143 40
143 42
143 144
143 148
143 150
144 1
144 3
144 28
144 42
144 65
144 70
144 78
144 99
144 101
144 108
144 110
144 112
144 127
144 130
144 135
144 142
144 153
145 39
145 47
145 115
145 122
145 143
146 4
146 9
146 37
146 55
146 62
146 64
146 84
146 114
146 124
146 142
147 9
147 22
147 24
147 48
147 65
147 79
147 126
147 155
148 13
148 39
148 43
148 57
148 71
148 74
148 107
148 120
148 134
148 156
148 160
149 46
149 90
149 91
149 95
149 123
149 135
150 11
150 18
150 23
150 42
150 47
150 48
150 51
150 53
150 57
150 78
150 91
150 123
150 146
151 8
151 9
151 11
151 18
151 54
151 58
151 83
151 89
151 91
151 105
151 116
151 135
152 35
152 73
152 85
152 88
152 91
152 96
152 97
152 141
152 145
152 150
152 156
153 35
153 45
153 50
153 55
153 68
153 91
153 109
153 149
154 9
154 10
154 20
154 24
154 52
154 80
154 101
154 116
154 136
154 144
155 1
155 4
155 6
155 21
155 27
155 30
155 67
155 102
155 136
155 145
155 151
156 5
156 15
156 73
156 80
156 93
156 102
156 105
156 142
157 13
157 61
157 84
157 90
157 95
157 96
157 99
157 149
157 155
157 160
158 13
158 16
158 140
159 8
159 12
159 13
159 64
159 72
159 78
159 100
159 117
159 124
159 149
160 13
160 39
160 48
160 60
160 86
160 92
160 94
160 99
160 103
160 121
160 140
160 146
