160
1098
1 26
1 52
1 53
1 124
1 126
2 14
2 16
2 30
2 41
2 51
2 68
2 75
2 96
2 105
2 109
2 157
3 119
3 121
3 125
3 135
3 141
4 18
4 39
4 50
4 54
4 68
4 79
4 85
4 94
4 108
4 135
5 25
5 36
5 50
5 70
5 76
5 77
5 105
5 126
5 145
5 153
6 28
6 43
6 46
6 63
6 85
6 91
6 99
6 120
6 128
6 131
6 153
7 1
7 52
7 90
7 119
7 134
8 50
8 82
8 92
8 122
8 132
8 147
8 152
9 10
9 14
9 53
9 73
9 144
10 55
10 69
10 105
10 132
10 137
10 138
11 28
11 94
11 116
11 117
12 78
12 81
12 95
12 97
12 99
12 107
12 133
12 134
13 9
13 97
13 105
13 120
14 3
14 30
14 40
14 111
15 3
15 10
15 19
15 22
15 25
15 27
15 59
15 70
15 80
15 153
15 156
16 15
16 17
16 20
16 30
16 80
16 94
16 118
16 147
17 6
17 26
17 82
17 95
17 100
17 154
18 12
18 44
18 116
19 29
19 31
19 32
19 40
19 49
19 50
19 57
19 72
19 101
19 110
20 12
20 41
20 44
20 45
20 81
20 105
20 133
20 138
20 150
20 156
21 15
21 46
21 55
21 56
21 74
21 78
21 89
21 102
21 118
21 158
22 102
22 140
23 26
23 54
23 74
23 104
23 142
23 145
23 151
23 160
24 30
24 53
24 131
24 160
25 11
25 13
25 69
25 110
25 125
25 132
26 45
26 60
26 61
26 63
26 72
26 111
26 113
26 124
27 2
27 15
27 20
27 44
27 70
27 74
27 75
27 98
28 4
28 54
28 75
28 124
28 130
29 54
29 58
29 154
29 155
29 156
30 29
30 48
30 49
30 63
30 68
30 75
30 92
30 129
30 133
30 136
30 151
30 153
31 4
31 65
31 70
31 77
31 94
32 1
32 2
32 12
32 26
32 40
32 58
32 124
32 158
33 24
33 37
33 45
33 52
33 135
33 138
33 144
34 16
34 29
34 53
34 60
34 104
34 113
34 131
34 157
35 17
35 20
35 54
35 68
35 88
35 114
35 143
36 83
36 85
36 100
36 108
36 117
36 140
36 159
37 5
37 15
37 19
37 22
37 35
37 92
37 137
37 140
37 157
38 80
38 92
38 105
38 156
39 36
39 95
39 125
40 102
40 155
41 8
41 19
41 21
41 104
41 142
41 144
41 145
41 153
41 156
42 1
42 2
42 24
42 29
42 49
42 50
42 51
42 98
42 109
43 4
43 36
43 39
43 76
43 91
43 107
43 109
43 116
43 126
44 51
44 53
44 59
44 99
44 133
44 137
44 142
44 145
45 10
45 22
45 66
45 94
45 101
45 116
45 129
45 153
46 18
46 45
46 155
47 6
47 7
47 9
47 20
47 23
47 37
47 55
47 61
47 96
47 160
48 23
48 57
48 59
48 70
48 91
48 111
49 56
49 73
49 90
49 91
49 94
49 95
49 115
49 124
49 154
49 155
49 157
50 10
50 13
50 32
50 36
50 38
50 60
50 69
50 85
50 94
50 114
50 140
50 142
51 13
51 35
51 59
51 62
51 110
51 111
51 115
51 137
51 151
52 90
52 110
53 81
53 89
53 111
53 133
53 135
53 137
53 149
54 2
54 3
54 19
54 23
54 64
54 68
54 96
54 108
55 12
55 57
55 68
55 73
55 101
55 139
55 144
55 153
56 12
56 34
56 54
56 82
56 97
56 105
56 147
56 158
57 26
57 27
57 46
57 54
57 72
57 82
57 93
57 101
57 110
57 128
57 130
57 139
57 155
58 7
58 23
58 48
58 100
58 113
58 119
58 145
59 36
59 91
59 103
59 119
59 121
59 157
60 10
60 47
60 48
60 89
60 99
60 156
61 22
61 37
61 71
61 82
61 108
61 110
61 123
61 154
62 90
62 128
62 135
63 4
63 20
63 53
63 78
63 93
63 99
63 100
63 109
63 137
63 151
64 24
64 30
64 56
64 81
64 90
64 108
64 109
64 133
64 154
65 8
65 17
65 71
65 88
65 94
65 96
65 106
66 15
66 42
66 50
66 63
66 90
66 97
66 108
66 148
67 29
67 72
67 117
67 120
67 129
67 132
67 153
68 1
68 27
68 67
68 71
68 72
68 73
68 127
68 137
69 76
69 135
69 141
69 143
70 13
70 113
70 132
71 9
71 25
71 58
71 67
71 70
71 134
72 5
72 7
72 18
72 25
72 37
72 129
72 134
72 150
73 27
73 72
73 86
73 98
73 122
73 127
73 132
73 154
74 8
74 14
74 23
74 58
74 67
74 119
74 124
74 127
74 134
74 152
75 12
75 70
75 91
75 92
75 99
75 127
75 138
76 2
76 6
76 24
76 25
76 63
76 93
76 131
76 144
76 155
77 10
77 23
77 57
77 79
77 89
77 97
77 110
78 12
78 17
78 32
78 40
78 100
78 104
78 111
78 123
78 125
79 35
79 39
79 42
79 69
79 73
79 88
79 100
79 122
79 144
80 10
80 18
80 21
80 26
80 29
80 35
80 40
80 41
80 51
80 59
80 159
81 26
81 35
81 57
81 68
82 4
82 28
82 85
82 102
82 104
82 118
82 141
82 150
83 26
83 28
83 66
83 100
83 118
83 133
83 143
84 22
84 35
84 40
84 79
84 101
84 116
84 130
85 9
85 28
85 125
85 142
85 159
86 15
86 70
86 81
86 94
86 118
86 120
86 121
86 147
86 148
87 42
87 49
87 54
87 73
87 86
87 88
87 93
87 94
87 133
87 139
88 72
88 145
89 21
89 61
89 108
89 113
89 142
89 148
89 154
90 9
90 113
91 3
91 9
91 52
91 68
91 73
91 87
91 89
91 133
91 142
92 1
92 21
92 26
92 44
92 48
92 69
92 111
92 118
93 21
93 29
93 49
93 55
93 73
93 75
94 29
94 90
94 114
94 128
94 133
94 139
94 158
95 4
95 21
95 98
95 100
95 123
95 132
95 137
95 143
96 2
96 49
96 83
96 132
96 137
96 151
96 156
97 28
97 37
97 55
97 68
98 6
98 29
98 30
98 32
98 42
98 157
99 26
99 31
99 32
99 45
99 48
99 98
100 34
100 48
100 54
100 66
100 142
100 154
101 52
101 53
101 64
101 107
101 121
101 155
102 18
102 24
102 26
102 54
102 71
102 84
102 87
102 122
102 140
102 150
103 13
103 40
103 89
103 95
103 107
103 121
104 9
104 12
104 35
104 49
104 51
104 64
104 67
104 81
104 87
105 35
105 62
105 75
105 85
105 89
105 109
105 141
105 143
105 155
105 157
106 25
106 83
106 95
106 160
107 45
107 55
107 60
107 98
107 115
107 119
108 112
108 126
109 5
109 37
109 79
109 81
109 124
109 129
109 147
109 160
110 21
110 31
110 46
110 49
110 64
110 82
110 114
110 137
110 152
111 34
111 36
111 77
111 90
111 103
111 107
111 123
111 131
111 134
111 147
112 8
112 22
112 28
112 57
112 129
112 141
113 106
113 126
113 139
114 15
114 79
114 100
114 123
114 129
114 131
114 143
114 155
114 159
115 71
115 72
115 75
115 119
116 5
116 41
116 55
116 69
116 85
116 96
116 122
116 131
117 25
117 101
117 123
117 131
117 135
117 143
118 21
118 25
118 96
118 116
119 35
119 46
119 98
119 157
120 3
120 93
120 111
120 114
120 126
121 61
121 74
121 80
121 128
121 142
121 148
121 154
121 156
122 22
122 47
122 48
122 70
122 92
122 113
122 126
123 42
123 69
123 89
123 115
123 117
123 118
123 130
123 144
123 146
123 156
124 19
124 28
124 33
124 48
124 79
124 91
124 114
124 117
124 134
124 140
124 153
125 9
125 36
125 45
125 52
125 104
126 28
126 31
126 71
126 74
126 106
126 133
126 155
127 30
127 50
127 62
127 92
127 98
128 6
128 12
128 21
128 38
128 119
129 9
129 106
129 122
130 19
130 42
130 46
130 49
130 55
130 70
130 90
130 109
130 145
131 13
131 40
131 59
131 62
131 64
131 87
131 117
131 138
131 150
132 8
132 17
132 93
132 112
132 150
132 160
133 8
133 60
133 86
133 94
133 120
133 128
134 8
134 46
134 57
134 95
134 96
134 100
134 115
134 136
134 137
134 155
135 49
135 85
135 128
135 157
136 15
136 26
136 51
136 106
136 119
136 153
137 19
137 21
137 54
137 64
137 67
137 69
137 72
137 78
137 95
137 104
137 109
137 118
137 124
137 129
137 133
137 134
137 142
138 31
138 56
138 85
138 125
138 134
138 141
138 150
139 29
139 50
139 65
139 112
140 19
140 78
140 80
140 103
140 138
141 103
141 148
142 12
142 100
142 118
142 131
143 31
143 33
143 35
143 100
143 125
144 4
144 81
144 149
145 66
145 107
145 109
145 126
145 148
145 154
146 3
146 25
146 70
146 133
146 143
147 10
147 19
147 120
147 126
148 7
148 11
148 49
148 93
148 100
148 115
148 133
148 154
149 18
149 25
149 44
149 61
149 96
149 121
149 142
149 146
150 5
150 40
150 65
150 94
150 118
150 127
151 42
151 52
151 71
151 79
151 94
151 118
151 143
152 14
152 46
152 54
152 117
152 132
153 22
153 95
153 110
153 136
153 138
154 5
154 26
154 36
154 67
154 91
155 19
155 70
155 80
155 110
155 115
155 137
156 30
156 69
156 74
156 89
156 91
156 99
156 110
156 120
157 3
157 9
157 55
157 66
157 92
157 105
157 134
157 141
158 13
158 24
158 39
158 48
158 85
158 137
158 139
159 1
159 13
159 51
159 60
159 73
159 155
160 19
160 49
160 65
160 87
160 149
160 150
160 151
160 158
