160
1249
1 22
1 92
1 101
1 119
1 134
1 135
1 150
2 5
2 64
2 73
2 82
2 121
2 129
2 135
2 138
2 155
3 7
3 9
3 10
3 15
3 18
3 37
3 44
3 67
3 70
3 82
3 91
3 101
3 114
3 117
3 128
3 147
4 7
4 13
4 18
4 86
4 107
4 119
4 120
4 131
4 132
5 17
5 75
5 101
6 22
6 25
6 27
6 46
6 66
6 81
6 121
6 127
6 134
6 139
7 22
7 51
7 67
7 79
7 120
7 124
7 138
7 145
7 150
7 159
8 12
8 30
8 83
8 86
8 105
8 111
8 137
9 39
9 58
9 85
9 95
9 113
9 122
9 132
9 138
9 143
9 153
10 26
10 39
10 60
10 82
10 109
10 129
10 145
10 153
11 6
11 9
11 21
11 34
11 36
11 44
11 46
11 54
11 55
11 110
11 148
11 151
12 1
12 29
12 34
12 83
12 96
12 104
12 118
12 143
13 90
13 135
13 150
13 154
14 4
14 5
14 28
14 71
14 76
14 91
14 99
14 105
14 108
14 117
14 127
14 144
15 10
15 14
15 23
15 46
15 58
15 89
15 119
15 134
15 142
16 27
16 48
16 53
16 64
16 96
16 98
16 109
16 113
16 120
16 138
16 139
16 159
17 10
17 88
17 94
17 148
18 6
18 12
18 115
18 122
18 134
18 142
18 145
18 152
19 2
19 3
19 23
19 34
19 59
19 89
20 39
20 66
20 76
20 99
20 152
20 157
21 32
21 43
21 56
21 109
21 112
21 117
21 126
22 69
22 83
22 97
22 157
23 25
23 30
23 56
23 57
23 99
23 133
23 140
23 141
24 36
24 41
24 55
24 61
24 71
24 77
24 91
24 122
24 148
24 153
24 155
24 156
24 158
25 4
25 15
25 73
25 79
25 112
26 30
26 49
26 68
26 80
27 91
27 99
27 105
27 113
27 141
27 144
28 30
28 31
28 37
28 42
28 50
28 64
28 98
28 101
28 109
28 116
28 142
29 58
29 70
29 77
29 82
29 92
29 107
29 109
29 115
29 124
29 135
29 141
29 143
29 145
29 146
29 150
30 9
30 32
30 55
30 57
30 60
30 83
30 115
30 126
31 1
31 8
31 20
31 79
31 122
31 123
32 64
32 91
32 96
32 100
32 126
32 146
32 159
32 160
33 9
33 32
33 55
33 81
33 92
33 158
34 31
34 73
34 75
34 113
34 124
34 149
34 157
35 10
35 59
35 77
35 156
36 3
36 13
36 15
36 74
36 120
36 146
37 2
37 8
37 19
37 39
37 64
37 78
37 101
37 105
37 110
37 111
37 151
38 16
38 49
38 66
38 132
39 64
39 79
39 85
39 147
39 153
40 2
40 4
40 32
40 82
40 133
40 138
40 142
41 13
41 55
41 60
41 65
41 77
42 1
42 3
42 24
42 40
42 64
42 100
42 119
42 146
42 151
43 1
43 21
43 52
43 56
43 76
43 88
43 122
43 130
43 154
43 155
44 16
44 47
44 60
44 77
44 131
44 144
45 1
45 42
45 61
45 81
45 98
45 123
45 126
45 131
46 27
46 30
46 89
46 105
46 133
46 139
46 160
47 5
47 12
47 13
47 14
47 61
47 83
47 118
48 15
48 26
48 72
48 103
49 37
49 48
49 56
49 79
49 82
49 93
49 115
49 134
49 136
50 54
50 67
50 71
50 80
50 83
50 84
50 133
50 160
51 2
51 17
51 23
51 35
51 41
51 86
51 97
51 120
51 160
52 12
52 26
52 35
52 47
52 63
52 73
52 114
52 116
52 145
53 16
53 22
53 32
53 33
53 37
53 109
53 153
54 11
54 41
54 61
54 63
54 116
54 118
54 121
54 127
54 129
54 139
54 143
55 6
55 9
55 69
55 87
55 99
55 123
56 11
56 22
56 78
56 142
56 147
56 149
57 43
57 49
57 80
57 106
57 134
57 144
58 39
58 48
58 82
58 83
58 89
58 93
58 115
58 121
58 134
58 158
59 40
59 49
59 83
59 84
59 104
59 135
59 148
60 2
60 34
60 36
60 66
60 84
60 87
60 88
60 111
60 113
60 140
60 150
60 151
61 16
61 64
61 66
61 110
62 9
62 18
62 22
62 78
62 86
62 94
62 99
62 121
62 127
62 137
63 12
63 61
63 77
63 79
63 83
63 87
63 158
64 23
64 56
64 96
64 109
64 143
65 13
65 37
65 41
65 46
65 53
65 76
65 100
65 142
66 47
66 57
66 95
66 129
67 20
67 55
67 92
67 100
67 110
67 125
67 134
67 149
68 7
68 11
68 13
68 27
68 37
68 64
68 90
68 147
69 4
69 12
69 27
69 37
69 49
69 59
69 68
69 92
69 95
69 100
69 118
69 143
70 22
70 40
70 63
70 85
70 98
70 108
70 115
70 119
70 127
70 128
70 131
70 145
71 14
71 64
71 80
71 98
71 112
72 10
72 27
72 32
72 48
72 77
72 82
72 95
72 126
73 24
73 51
73 96
73 115
73 120
73 128
73 144
73 148
74 5
74 37
74 44
74 65
74 89
74 96
74 152
74 156
75 24
75 30
75 103
75 136
75 145
75 146
75 149
75 154
76 42
76 44
76 48
76 64
76 72
76 93
76 109
76 113
76 140
76 156
77 5
77 16
77 17
77 120
77 131
77 143
78 28
78 32
78 33
78 34
78 61
78 64
78 69
78 116
78 132
79 7
79 9
79 20
79 26
79 41
79 94
79 103
79 112
79 139
80 8
80 34
80 35
80 55
80 63
80 66
80 87
80 91
80 93
80 109
80 127
81 56
81 68
81 115
81 120
81 123
81 151
82 23
82 77
82 80
82 90
82 101
82 142
82 145
83 4
83 10
83 28
83 34
83 56
83 95
83 141
84 16
84 19
84 29
84 61
84 65
84 94
84 99
84 106
84 113
84 118
85 65
85 91
85 101
85 111
85 117
85 125
85 134
85 154
85 159
86 3
86 92
86 120
86 136
86 146
86 160
87 129
88 39
88 66
88 102
88 151
88 156
89 15
89 39
89 62
89 100
89 153
90 19
90 32
90 41
90 42
90 49
90 55
90 71
90 104
90 105
90 143
90 144
90 151
90 159
91 5
91 25
91 35
91 106
91 133
91 138
91 152
91 158
92 6
92 22
92 35
92 38
92 65
92 70
92 76
92 134
92 147
93 8
93 87
93 94
93 96
93 117
93 134
93 137
94 26
94 27
94 56
94 71
94 85
94 145
94 157
95 20
95 23
95 31
95 48
95 53
95 68
95 82
95 100
95 102
95 120
95 133
95 134
96 18
96 33
96 60
96 62
96 67
96 71
96 73
96 117
96 119
96 146
97 13
97 58
97 80
97 116
97 147
97 148
97 151
98 12
98 15
98 21
98 23
98 53
98 62
98 63
98 69
98 121
98 134
98 149
99 2
99 58
99 69
99 92
99 98
99 115
99 129
99 159
99 160
100 79
100 87
100 106
100 107
100 111
100 118
101 10
101 34
101 47
101 53
101 70
101 99
101 123
101 130
102 18
102 28
102 39
102 61
102 67
102 70
102 79
102 92
102 96
102 143
103 44
103 78
103 80
103 104
103 125
103 133
103 146
104 37
104 60
104 99
104 118
104 123
105 20
105 42
105 54
105 56
105 83
105 97
105 131
106 4
106 5
106 9
106 28
106 32
106 64
106 73
106 82
106 104
106 146
107 8
107 29
107 32
107 52
107 78
108 30
108 40
108 51
108 76
108 112
108 148
109 28
109 36
109 49
109 84
109 107
109 125
109 133
109 154
110 7
110 83
110 84
110 94
110 122
110 142
111 25
111 29
111 39
111 59
111 80
111 120
111 147
111 150
111 151
112 8
112 30
112 44
112 102
112 104
112 116
113 39
113 49
113 92
113 102
113 148
113 158
113 159
114 14
114 44
114 48
114 51
114 59
114 75
114 87
115 7
115 10
115 35
115 65
115 77
115 82
115 101
115 129
115 133
115 148
116 29
116 30
116 51
116 53
116 78
116 87
116 122
116 145
116 154
117 8
117 37
117 100
117 128
117 150
118 5
118 23
118 37
118 72
118 86
118 92
118 130
118 138
118 142
119 18
119 36
119 152
120 4
120 33
120 57
120 59
120 95
120 115
120 136
121 18
121 57
121 90
121 100
121 117
121 119
121 126
121 128
122 12
122 28
122 38
122 94
122 137
123 11
123 26
123 37
123 43
123 48
123 49
123 84
123 90
123 99
123 132
123 137
124 89
124 98
124 99
124 105
124 110
124 145
124 159
124 160
125 46
125 48
125 59
125 80
125 117
125 129
125 141
125 143
125 146
126 1
126 17
126 26
126 36
126 46
126 58
126 85
126 100
126 105
126 131
126 148
127 18
127 21
127 25
127 31
127 39
127 43
127 61
127 71
127 80
127 96
127 98
128 14
128 21
128 40
128 54
128 66
129 91
129 121
129 130
130 90
130 111
131 8
131 10
131 13
131 20
131 66
131 97
131 157
131 159
132 17
132 59
132 71
132 77
132 159
133 37
133 42
133 47
133 51
133 52
133 59
133 87
133 104
133 111
133 112
133 140
133 142
134 8
134 12
134 84
134 98
134 115
134 137
134 138
134 152
135 2
135 23
135 62
135 94
135 120
135 130
135 131
135 134
135 153
136 6
136 25
136 31
136 59
136 60
136 64
136 77
136 130
137 6
137 24
137 64
137 104
137 113
137 120
137 128
137 135
138 18
138 40
138 41
138 66
138 111
138 124
138 133
138 146
138 151
139 11
139 56
139 93
139 95
139 119
139 130
140 47
140 105
140 127
140 139
141 2
141 128
141 129
141 149
142 8
142 35
142 48
142 64
142 75
142 94
142 150
142 154
142 160
143 16
143 19
143 35
143 38
143 41
143 63
143 91
143 96
143 105
143 124
143 130
143 135
143 144
144 5
144 25
144 30
144 79
144 89
144 91
144 95
144 108
144 142
144 152
144 153
145 27
145 78
145 105
145 155
146 3
146 11
146 16
146 57
146 70
146 85
146 87
146 89
146 130
146 131
146 141
146 145
146 157
147 1
147 3
147 14
147 47
147 117
147 123
147 151
148 43
148 45
148 56
148 75
148 86
148 136
149 13
149 17
149 38
149 54
149 82
149 101
149 131
150 8
150 57
150 60
150 73
150 74
150 76
150 77
150 84
150 94
150 95
150 105
150 136
151 6
151 13
151 15
151 26
151 35
151 107
151 113
151 137
151 138
151 153
151 157
152 18
152 40
152 45
152 84
152 87
152 101
153 30
153 48
153 55
153 76
153 93
153 98
153 100
153 101
153 109
153 113
153 114
153 124
153 131
153 134
154 69
154 103
154 111
154 121
154 126
154 130
154 136
155 1
155 3
155 16
155 32
155 40
155 46
155 75
155 100
155 106
155 144
156 6
156 43
156 101
156 116
156 127
156 128
156 154
157 23
157 70
157 87
157 138
158 19
158 41
158 44
158 67
158 70
158 109
158 111
158 120
158 140
158 149
158 153
158 156
159 29
159 56
159 57
159 76
159 78
159 129
159 132
160 74
160 89
160 138
160 147
160 150
