170
1330
1 41
1 61
1 98
1 101
1 143
2 54
2 92
2 100
2 102
2 110
2 125
3 65
3 70
3 71
3 79
3 107
3 111
3 112
3 125
3 126
3 127
3 142
3 160
4 17
4 30
4 38
4 40
4 42
4 44
4 101
4 136
4 149
4 150
5 60
5 78
5 83
5 87
5 137
5 140
5 154
6 8
6 17
6 19
6 34
6 57
6 72
6 74
6 100
6 105
6 139
7 1
7 13
7 19
7 20
7 21
7 53
7 64
7 65
7 79
8 39
8 73
8 118
9 20
9 25
9 29
9 35
9 90
9 91
9 93
9 122
9 135
9 145
9 152
10 34
10 40
10 49
10 82
10 106
10 134
10 154
10 161
11 6
11 16
11 17
11 47
11 48
11 127
11 170
12 7
12 34
12 40
12 72
12 98
13 5
13 16
13 41
13 47
13 60
13 78
13 85
13 121
13 159
14 15
14 48
14 119
14 135
14 143
15 19
15 34
15 107
15 122
15 132
15 137
15 142
15 150
15 155
16 79
16 86
16 110
16 141
16 145
17 13
17 46
17 58
17 62
17 63
17 68
17 123
18 15
18 41
18 67
18 100
18 152
19 14
19 17
19 46
19 58
19 91
19 122
20 15
20 42
20 71
20 75
20 97
20 119
20 124
21 15
21 25
21 65
21 67
21 100
21 141
22 14
22 30
22 31
22 40
22 75
22 79
22 99
22 121
22 151
22 152
22 170
23 19
23 42
23 51
23 74
23 80
23 96
23 102
23 110
23 161
24 12
24 13
24 33
24 34
24 37
24 54
24 144
25 2
25 19
25 61
25 63
25 84
25 121
25 123
25 130
25 140
25 161
26 3
26 9
26 21
26 37
26 72
26 89
26 101
26 133
26 152
27 7
27 12
27 32
27 34
27 54
27 97
27 98
27 118
27 123
27 125
27 160
28 19
28 21
28 49
28 87
28 147
29 7
29 21
29 22
29 27
29 38
29 59
29 62
29 68
30 20
30 27
30 33
30 37
30 45
30 46
30 58
30 75
30 87
30 111
30 120
30 142
30 166
31 25
31 51
31 55
31 83
31 114
31 122
31 132
31 137
31 169
32 25
32 28
32 66
32 84
32 100
32 108
32 139
32 150
32 160
33 16
33 45
33 52
33 54
33 56
33 91
33 156
34 5
34 16
34 26
34 29
34 76
34 104
35 1
35 9
35 13
35 17
35 38
35 48
35 76
35 79
35 108
35 132
35 148
35 157
36 6
36 10
36 123
36 141
36 159
36 166
37 93
37 96
37 107
37 119
37 124
37 140
37 155
37 168
38 1
38 32
38 48
38 51
38 147
38 154
38 163
39 9
39 26
39 52
39 120
39 156
39 157
39 160
40 19
40 51
40 122
40 147
41 44
41 50
41 106
41 110
41 118
41 154
42 11
42 16
42 72
42 74
42 75
42 80
42 109
42 135
42 150
43 26
43 56
43 64
43 89
43 103
43 135
43 144
44 1
44 49
44 126
44 142
44 161
45 3
45 37
45 47
45 76
45 78
45 91
45 93
45 112
45 138
45 148
45 165
46 11
46 67
46 88
46 104
46 107
46 153
46 161
47 2
47 20
47 32
47 36
47 50
47 64
47 68
47 107
47 138
47 150
47 156
48 23
48 32
48 59
48 76
48 82
48 115
48 142
48 156
49 12
49 17
49 63
49 75
49 114
49 122
49 131
49 134
50 15
50 22
50 36
50 101
50 126
50 134
50 166
51 103
51 147
52 14
52 27
52 37
52 43
52 74
52 79
52 89
52 95
52 138
52 140
52 148
52 153
53 32
53 48
53 49
53 55
53 74
53 105
53 110
53 134
53 151
53 152
54 33
54 63
54 68
54 92
54 97
54 116
54 127
54 132
54 150
55 3
55 12
55 22
55 34
55 50
55 77
55 156
56 12
56 22
56 62
56 110
56 137
56 157
57 5
57 40
57 41
57 43
57 50
57 78
57 112
57 126
57 132
57 161
58 45
58 71
58 73
58 129
58 152
59 93
59 111
59 124
60 10
60 37
60 43
60 62
60 72
60 105
60 133
60 145
61 18
61 82
61 93
61 108
61 115
61 119
62 22
62 39
62 42
62 50
62 70
62 81
62 84
62 106
62 113
62 130
62 144
63 42
63 95
63 104
63 124
63 131
64 5
64 14
64 30
64 54
64 69
64 70
64 100
64 159
65 7
65 33
65 47
65 71
65 98
65 108
65 144
65 152
65 158
65 161
66 8
66 26
66 32
66 38
66 82
66 105
66 129
66 148
67 2
67 3
67 73
67 75
67 96
67 100
67 104
67 110
67 129
67 139
67 145
67 147
67 150
68 11
68 18
68 19
68 23
68 36
68 56
68 103
68 109
68 135
68 147
68 158
68 159
69 35
69 47
69 76
69 88
69 120
70 26
70 53
70 82
70 85
70 101
70 164
71 21
71 25
71 56
71 60
71 98
71 102
71 121
71 156
71 157
71 158
72 3
72 11
72 12
72 34
72 44
72 58
72 96
72 119
72 124
72 150
73 1
73 16
73 21
73 51
73 58
73 59
73 68
73 132
74 29
74 58
74 79
74 144
75 34
75 57
75 97
75 116
76 32
76 51
76 60
76 83
76 85
76 86
76 112
76 167
76 168
77 23
77 32
77 42
77 55
77 91
77 99
77 107
77 119
77 128
77 142
77 144
77 147
77 156
77 165
78 16
78 46
78 54
78 71
78 83
78 116
78 128
78 152
78 153
78 155
79 34
79 54
79 61
79 68
79 112
79 119
79 162
79 167
80 5
80 33
80 57
80 58
80 70
80 78
80 85
80 87
80 90
80 122
80 124
80 129
81 9
81 10
81 29
81 32
81 46
81 86
81 87
81 88
82 3
82 24
82 35
82 37
82 42
82 61
82 77
82 78
83 20
83 32
83 39
83 75
83 82
83 93
83 94
83 105
84 36
84 37
84 38
84 46
84 67
84 68
84 98
84 137
84 142
84 159
85 5
85 19
85 26
85 38
85 41
85 42
85 63
85 68
85 87
85 112
86 4
86 12
86 48
86 64
86 113
86 117
86 164
87 14
87 17
87 72
87 85
87 119
87 135
87 164
88 4
88 18
88 36
88 60
88 73
88 117
88 144
89 1
89 7
89 21
89 31
89 40
89 42
89 117
89 141
89 169
90 17
90 25
90 43
90 75
90 100
90 109
90 110
90 115
90 126
91 50
91 61
91 77
91 79
91 90
91 92
91 112
91 138
91 162
92 13
92 104
92 110
92 141
92 145
93 32
93 44
93 49
93 65
93 107
93 160
94 5
94 12
94 20
94 36
94 56
94 61
94 95
95 15
95 18
95 51
95 56
95 67
95 91
95 132
95 143
95 147
96 4
96 16
96 60
96 64
96 101
96 129
96 167
97 6
97 50
97 84
97 95
97 137
98 96
98 139
98 146
99 5
99 12
99 64
99 67
99 79
99 82
99 87
99 111
99 140
100 25
100 30
100 49
100 95
100 109
100 140
101 11
101 20
101 46
101 103
101 144
101 152
101 170
102 15
102 33
102 38
102 105
102 152
102 158
103 1
103 50
103 85
103 96
103 105
103 126
103 167
104 53
104 62
104 87
104 112
104 141
104 155
105 35
105 77
105 110
105 111
105 122
105 165
106 21
106 22
106 26
106 51
106 55
106 89
106 90
106 116
106 133
107 7
107 17
107 35
107 68
107 94
107 96
107 126
107 138
107 145
107 159
107 168
108 6
108 7
108 8
108 24
108 46
108 65
108 70
108 86
108 88
108 98
108 104
108 116
108 126
108 160
109 3
109 48
109 53
109 58
109 61
109 69
109 131
110 5
110 25
110 36
110 108
110 125
110 129
110 131
110 134
111 44
111 57
111 106
111 120
111 125
111 129
111 139
112 14
112 24
112 44
112 125
112 130
112 146
113 83
113 101
113 144
113 151
113 153
114 19
114 46
114 50
114 61
114 73
114 84
114 127
114 136
114 147
114 169
115 51
115 74
115 125
115 140
116 9
116 11
116 19
116 58
116 88
117 7
117 32
117 34
117 40
117 61
117 71
117 81
117 112
117 133
117 135
117 138
117 160
118 17
118 18
118 30
118 71
118 76
118 78
118 82
118 101
118 124
118 146
118 148
119 18
119 42
119 52
119 132
119 152
120 54
120 84
120 109
120 111
120 122
120 138
120 147
121 13
121 32
121 61
121 83
121 89
121 111
121 161
121 163
121 168
122 9
122 44
122 59
122 72
122 88
122 92
122 110
122 125
122 129
122 141
122 152
123 81
123 144
123 151
123 159
123 162
124 32
124 75
124 78
124 79
124 90
124 95
124 105
124 113
124 129
124 150
125 40
125 62
125 75
125 93
125 111
125 127
125 150
125 166
126 23
126 53
126 72
126 88
126 133
126 167
127 29
127 94
127 111
127 116
127 121
127 148
127 152
128 13
128 23
128 26
128 31
128 57
128 63
128 76
128 81
128 101
128 143
128 164
129 10
129 13
129 26
129 37
129 64
129 78
129 87
129 163
130 6
130 25
130 48
130 75
130 76
130 91
130 107
130 112
130 119
130 125
131 38
131 48
131 65
131 89
131 113
131 121
131 141
131 142
131 151
131 154
131 158
132 31
132 40
132 49
132 60
132 61
132 75
132 86
132 114
132 146
132 154
132 166
133 5
133 19
133 22
133 32
133 40
133 51
133 54
133 109
133 123
133 155
134 33
134 40
134 65
134 78
134 101
134 126
134 154
134 165
135 54
135 59
135 73
135 106
135 118
135 167
136 17
136 33
136 39
136 42
136 58
136 85
136 100
136 107
136 115
136 163
137 11
137 102
137 112
137 127
138 28
138 30
138 41
138 43
138 44
138 67
138 69
138 120
138 122
139 13
139 28
139 70
139 73
139 85
139 135
139 151
139 157
140 10
140 11
140 26
140 47
140 164
141 22
141 34
141 42
141 53
141 61
141 85
141 97
141 100
141 104
141 107
141 137
141 140
141 148
141 153
142 55
142 90
142 106
142 132
142 162
142 170
143 15
143 27
143 64
143 80
143 81
143 99
143 100
143 116
143 122
143 125
144 33
144 63
144 65
144 74
144 82
144 160
145 8
145 20
145 34
145 58
145 65
145 119
145 127
145 133
146 14
146 72
146 86
146 89
146 137
146 151
147 49
147 65
147 80
147 113
147 162
147 163
148 19
148 43
148 49
148 53
148 64
148 76
148 93
148 99
148 105
148 135
149 42
149 55
149 102
149 111
149 133
150 145
150 146
150 153
151 28
151 74
151 94
151 107
151 108
151 115
151 126
151 138
151 154
152 33
152 49
152 108
152 111
152 130
152 136
152 164
152 170
153 25
153 41
153 48
153 83
153 135
154 7
154 12
154 30
154 79
154 86
154 91
154 109
154 161
155 44
155 52
155 73
155 80
155 81
155 106
155 112
155 149
156 31
156 41
156 75
156 79
156 124
156 166
157 20
157 70
157 93
157 99
157 109
157 167
158 2
158 3
158 6
158 25
158 36
158 85
158 99
158 161
159 19
159 21
159 23
159 30
159 34
159 83
159 94
159 96
159 125
159 154
160 8
160 51
160 62
160 70
160 120
160 136
161 17
161 70
161 71
161 78
161 106
161 127
162 1
162 5
162 7
162 32
162 58
162 62
162 85
162 103
162 115
162 127
162 133
162 137
162 141
162 143
162 149
163 2
163 27
163 30
163 58
163 129
163 152
163 155
164 20
164 47
164 56
164 98
164 108
164 132
164 137
164 162
165 2
165 4
165 12
165 27
165 28
165 30
165 76
165 118
165 128
165 155
166 75
166 154
166 159
167 2
167 4
167 17
167 20
167 52
167 62
167 69
167 152
167 153
168 29
168 38
168 43
168 83
168 123
168 140
168 142
168 155
169 15
169 17
169 41
169 135
169 161
170 7
170 35
170 67
170 86
170 128
170 138
170 141
170 155
