170
504
1 72
1 96
1 115
1 144
1 154
2 17
2 56
2 79
2 132
3 44
3 61
4 46
4 56
4 94
4 133
5 37
5 50
5 54
5 114
6 1
6 9
6 57
6 151
7 86
9 14
9 28
10 26
10 42
10 137
10 161
11 5
11 54
11 115
11 122
11 169
12 74
13 16
13 57
13 90
13 164
14 71
14 106
15 41
15 49
15 56
15 158
15 167
16 31
16 101
17 36
17 86
17 105
17 156
18 14
18 67
20 73
20 116
20 168
21 6
21 137
22 16
22 61
23 125
23 144
24 46
24 47
24 92
24 135
25 88
25 136
25 137
25 163
26 34
26 38
26 90
27 7
27 14
27 39
27 58
27 144
28 23
28 26
28 61
28 126
28 146
29 64
29 110
29 150
29 152
30 41
30 140
30 152
31 15
31 106
31 148
32 42
32 113
33 13
33 105
34 23
34 27
34 85
35 51
36 147
37 60
37 64
37 89
38 40
38 147
38 158
39 104
39 136
40 25
41 152
42 63
42 95
43 5
43 58
43 66
43 106
43 147
44 89
44 103
44 138
45 41
45 133
46 12
46 89
46 106
47 54
47 120
47 138
47 140
47 150
47 156
47 160
48 59
49 54
49 74
50 6
50 34
50 67
50 139
51 40
52 155
52 167
53 95
53 142
53 152
53 156
53 157
53 165
54 44
54 49
54 65
54 98
54 119
54 161
54 165
55 51
56 67
56 100
56 107
56 156
57 66
57 82
57 100
57 123
57 154
58 30
58 90
58 98
58 126
58 127
59 125
59 164
59 166
60 57
61 70
62 93
62 147
62 163
63 52
63 124
63 127
63 130
63 168
64 25
64 37
64 129
65 52
66 111
67 5
67 24
67 65
67 91
67 160
68 17
68 115
68 148
68 153
68 170
69 147
70 5
70 68
70 78
70 129
71 31
71 49
71 104
71 145
71 147
73 66
73 88
73 106
73 128
74 18
74 48
74 75
75 86
75 121
75 137
76 43
76 117
76 128
76 137
76 150
77 34
77 96
77 102
77 110
77 113
78 25
78 28
78 109
78 142
79 24
79 99
79 111
80 135
80 167
81 161
82 118
82 160
83 3
83 47
83 56
83 82
83 144
84 38
84 98
84 104
85 36
85 120
86 66
87 83
87 86
87 91
87 165
88 109
88 120
89 1
89 47
89 74
89 78
89 87
89 92
89 103
89 150
90 15
90 53
90 80
90 137
91 26
91 79
91 121
92 4
92 73
92 89
92 157
94 29
94 61
94 122
94 144
94 158
95 55
95 117
96 153
97 91
97 162
98 78
98 84
98 153
99 115
100 32
100 73
100 150
102 169
103 141
103 142
104 72
104 148
105 114
105 139
106 25
106 144
107 6
107 80
107 85
107 145
107 157
108 29
109 3
109 14
109 96
110 34
110 105
110 106
111 11
111 21
111 76
111 106
111 117
111 118
111 129
111 147
112 35
112 63
112 121
112 134
113 91
113 92
113 154
114 116
115 91
116 31
116 58
116 135
117 48
117 51
117 138
119 19
119 24
119 43
119 75
120 23
120 88
120 164
121 159
122 12
122 59
122 140
123 2
123 15
123 31
123 37
123 104
123 110
123 120
124 57
124 89
124 121
124 127
124 164
126 58
126 149
127 38
127 55
127 94
127 122
127 169
128 59
128 83
128 86
128 106
128 112
128 139
129 43
129 55
130 20
130 31
130 32
130 41
130 119
131 42
131 104
131 151
131 162
132 108
132 142
132 155
133 33
134 1
134 19
134 28
134 138
135 3
135 8
135 44
135 49
135 58
135 62
135 107
135 136
136 67
136 160
136 168
137 132
138 9
138 156
138 169
139 170
140 96
141 20
142 7
142 9
142 139
143 33
143 98
143 128
143 151
144 24
144 103
144 108
144 127
144 170
145 6
145 8
145 76
146 13
146 30
146 59
146 131
147 62
147 100
148 49
150 31
150 45
150 54
150 97
150 113
151 6
151 17
151 20
151 25
151 77
151 83
151 109
152 67
152 134
153 4
153 111
153 115
153 118
153 156
154 48
154 76
154 108
154 112
155 49
155 52
155 71
155 74
157 50
158 17
158 39
158 69
159 30
159 33
159 45
159 71
160 36
160 80
160 124
161 28
161 90
161 92
161 155
162 86
162 101
162 119
163 11
163 29
163 68
164 95
165 111
165 152
165 159
166 74
166 77
166 93
166 123
167 52
167 60
167 157
168 34
169 129
169 139
169 145
170 13
170 26
170 41
170 71
170 112
