170
338
1 24
1 96
1 120
2 57
2 83
3 70
3 135
5 58
5 88
5 110
6 58
6 78
7 25
7 127
7 145
8 58
8 91
8 132
8 157
9 99
10 50
10 89
10 94
11 60
13 61
14 34
14 64
15 136
16 153
17 22
17 33
18 3
18 154
20 48
20 73
20 89
20 127
20 169
21 15
21 54
21 95
21 97
22 134
22 139
22 149
23 8
23 69
23 135
23 136
24 57
24 130
24 145
25 18
25 39
26 11
26 131
27 85
27 130
28 108
28 164
29 14
29 127
31 106
31 170
32 40
32 48
32 110
34 136
35 22
36 1
36 6
36 31
36 32
36 66
36 106
36 113
36 139
37 41
39 34
39 166
41 83
42 7
42 53
42 162
43 127
43 131
43 153
44 31
45 42
45 47
45 51
45 61
46 79
46 167
48 1
48 93
49 89
50 59
50 106
51 14
51 93
52 33
52 35
52 122
52 157
55 65
55 166
56 161
57 29
57 140
58 30
58 52
58 108
58 166
59 2
59 42
59 118
59 140
59 141
60 153
60 163
60 166
60 168
62 93
64 92
64 161
65 118
65 120
65 153
66 119
66 155
67 23
67 83
68 11
68 127
68 164
69 71
69 73
70 24
71 53
71 68
71 107
72 24
72 65
72 75
72 76
72 138
73 37
74 44
74 63
74 127
75 60
75 117
76 36
76 81
76 113
77 62
77 89
77 96
77 156
78 46
79 44
79 159
80 21
80 160
81 156
82 31
82 75
82 77
83 72
83 119
83 134
84 4
84 13
84 156
86 73
86 119
87 24
87 28
87 97
87 148
87 157
88 11
88 101
89 23
89 74
91 145
92 55
92 97
93 74
93 118
94 1
94 26
94 69
94 163
95 84
96 5
96 24
96 61
96 94
97 54
97 86
98 1
98 14
98 25
98 133
99 158
100 72
101 97
101 135
102 118
103 5
103 159
104 123
105 17
105 54
105 121
106 76
106 100
109 73
109 105
110 27
110 50
110 105
110 129
111 46
111 102
112 89
112 105
112 128
113 132
113 137
114 98
115 21
115 117
115 147
115 170
116 74
116 88
117 35
117 59
118 37
118 98
118 162
119 144
120 109
121 41
121 149
123 53
123 61
123 63
124 63
124 69
126 30
127 49
128 60
128 100
129 117
130 99
130 144
131 62
131 99
132 58
132 70
132 160
133 16
133 17
133 31
133 134
134 26
134 27
134 36
134 62
134 139
135 72
136 121
137 75
137 83
137 148
138 18
139 27
139 47
139 102
139 127
141 85
141 127
144 112
144 114
144 116
145 104
145 114
146 14
146 83
146 99
147 58
147 97
147 158
148 52
150 16
150 146
151 51
151 63
151 79
152 115
154 128
154 150
155 28
155 115
155 119
155 159
156 39
156 66
156 118
157 9
157 97
158 44
158 148
159 22
160 37
161 28
161 50
161 120
161 132
162 37
162 57
162 59
163 54
165 61
165 76
167 39
168 8
168 83
169 84
169 137
169 141
169 153
170 65
170 80
