1750
6991
1 70
1 570
1 878
1 960
1 1005
2 14
2 95
2 97
2 730
2 766
2 1099
2 1310
2 1457
3 428
3 545
3 754
3 997
3 1445
4 735
4 808
4 892
4 1079
5 561
5 732
5 832
5 1310
6 100
6 120
6 205
6 480
6 545
6 733
6 860
6 1317
6 1710
7 1
7 60
7 844
7 860
7 1390
8 637
8 714
8 730
9 783
9 1486
9 1554
10 199
10 268
10 452
10 1206
10 1280
10 1537
10 1727
11 1026
11 1488
11 1654
11 1694
12 177
12 471
12 497
12 1150
12 1211
12 1687
12 1719
13 490
13 1141
13 1283
13 1633
13 1655
13 1671
14 23
14 658
15 225
15 232
15 1267
15 1473
16 296
16 639
16 1039
16 1659
17 799
17 1490
17 1587
18 880
18 1363
19 83
19 942
19 964
19 1380
19 1484
19 1567
20 4
21 206
21 516
21 1594
21 1695
22 30
22 1019
22 1692
23 263
23 1302
23 1620
24 565
24 1441
25 114
25 407
25 1323
26 215
26 544
26 758
26 767
26 887
27 486
27 620
27 904
27 982
28 525
28 812
28 1520
29 202
29 229
29 605
29 1018
30 285
30 564
30 605
30 920
30 1047
30 1249
30 1452
31 162
31 288
31 1276
31 1480
31 1497
32 178
32 1189
32 1224
32 1330
32 1655
33 1022
33 1084
33 1090
34 374
34 1306
34 1414
34 1432
34 1656
35 509
35 660
35 763
35 1031
35 1235
35 1701
36 31
36 1494
37 69
37 658
37 703
37 854
38 292
38 338
38 761
38 1105
38 1128
39 257
39 1539
39 1550
41 122
41 199
41 1352
41 1451
41 1453
41 1654
41 1743
42 287
42 621
42 1310
43 81
43 139
43 632
43 885
44 299
44 795
45 812
45 1015
45 1681
45 1711
46 28
46 560
46 747
46 1333
46 1588
47 2
47 713
47 1502
48 12
48 356
48 653
48 930
48 993
48 1310
48 1374
48 1658
49 51
49 616
49 671
49 927
49 1457
49 1704
49 1730
50 567
51 612
51 798
51 1011
51 1064
51 1068
51 1443
51 1727
52 172
52 973
52 1401
52 1579
53 490
53 637
53 842
53 1287
53 1597
54 499
54 643
54 1281
54 1669
55 45
55 631
55 776
55 1032
55 1700
56 324
56 1386
57 393
57 784
57 927
57 1009
57 1492
58 243
58 1741
59 43
59 425
59 655
59 744
59 794
59 1007
60 1460
61 745
61 1073
61 1196
61 1511
61 1672
62 83
62 707
63 337
63 773
63 837
64 905
64 1019
64 1054
64 1540
65 256
65 310
65 1043
65 1740
65 1750
66 175
66 321
66 761
66 821
66 1523
67 61
67 861
68 186
68 1133
68 1708
69 745
69 1077
69 1297
69 1484
70 547
71 708
71 1092
71 1184
71 1217
71 1545
71 1733
72 1247
72 1427
73 1319
74 765
74 1424
75 3
75 1586
76 734
76 793
76 984
76 1090
76 1100
76 1385
76 1700
77 458
77 684
78 92
78 369
78 477
79 47
79 1275
79 1452
79 1570
80 17
80 1416
81 157
81 300
81 810
81 916
81 1115
81 1185
81 1432
82 759
82 999
82 1405
82 1732
83 1248
83 1249
84 623
84 1037
84 1514
84 1657
85 897
85 1294
85 1499
86 223
86 249
86 1373
86 1674
86 1697
87 94
87 631
87 1009
87 1092
87 1581
88 123
88 1387
88 1569
88 1668
89 659
89 785
89 1243
89 1573
90 331
90 962
90 979
91 49
91 82
91 322
91 467
91 541
91 644
91 1007
93 109
93 984
93 1469
94 58
94 269
94 322
94 1000
95 342
95 937
95 1222
95 1583
96 121
96 204
96 422
96 1646
97 382
97 971
98 285
98 307
98 472
98 860
98 1010
98 1042
99 345
99 486
99 575
99 841
99 944
99 1045
99 1104
99 1254
99 1320
99 1681
100 1607
101 234
101 351
101 577
101 845
101 876
101 1224
101 1523
102 235
102 465
103 768
103 789
103 1584
103 1633
104 97
104 305
104 339
104 533
104 987
104 1014
105 436
105 465
105 706
105 1010
105 1396
106 1656
107 1332
108 528
108 1456
108 1562
109 290
109 1681
110 341
110 1351
111 194
111 247
111 406
111 494
111 1213
111 1466
112 648
112 947
112 1094
113 650
113 807
113 933
113 1016
113 1418
113 1562
114 167
114 452
114 845
114 1036
114 1417
115 875
116 197
116 409
116 649
117 322
117 540
117 956
117 1326
118 147
118 773
118 1613
118 1688
119 371
119 1268
119 1526
119 1675
120 74
120 180
120 583
120 1151
120 1614
121 119
122 30
122 595
122 1438
123 942
123 1731
124 117
124 287
124 396
124 543
124 923
124 1065
124 1664
125 13
125 577
125 830
125 1118
126 186
126 294
126 311
126 558
126 615
126 624
126 1122
126 1208
127 92
127 135
127 769
127 1143
128 716
128 1161
128 1654
129 44
129 184
129 921
129 976
130 22
130 238
130 571
130 658
130 1206
130 1579
131 210
131 554
131 748
131 1029
131 1126
131 1228
131 1317
132 159
132 760
132 917
133 113
133 544
133 805
134 2
134 124
134 220
134 1197
134 1593
134 1669
135 314
135 677
135 897
135 1503
135 1590
135 1742
136 426
136 590
136 626
136 942
136 1211
136 1738
137 542
137 1066
137 1525
138 219
138 367
138 910
138 1287
138 1643
139 47
139 567
139 722
139 1002
139 1026
140 595
140 695
140 1021
140 1290
141 1191
141 1230
141 1450
141 1451
142 48
142 190
142 225
142 1304
142 1377
143 1172
143 1245
143 1460
143 1630
143 1672
144 126
144 140
144 537
144 853
144 1542
145 587
145 729
145 916
145 1367
146 256
146 1181
146 1340
147 779
147 916
147 926
147 1688
147 1745
148 510
148 601
148 774
148 1729
149 307
149 453
149 760
150 223
150 1325
150 1533
151 156
151 312
151 813
151 834
152 688
153 1250
153 1529
153 1708
154 203
154 206
154 248
154 821
154 1074
154 1292
154 1351
155 95
155 188
155 270
155 293
155 349
155 905
155 926
155 1154
156 449
156 468
156 587
156 963
156 1043
157 146
157 247
157 466
157 512
157 553
157 746
157 1025
157 1064
157 1166
157 1251
157 1622
158 201
158 490
158 504
158 1235
159 264
159 619
159 924
159 987
159 1710
159 1739
160 128
160 793
160 1020
160 1254
161 482
161 824
161 978
161 1392
161 1664
162 508
162 542
162 937
162 1336
162 1418
162 1493
162 1560
163 1553
164 234
164 266
164 483
164 537
164 987
164 1171
164 1174
165 78
165 337
166 77
166 991
166 1133
167 36
167 39
167 1467
167 1508
167 1732
168 518
168 882
168 1055
168 1177
168 1514
168 1679
168 1742
169 275
169 501
169 1135
169 1379
169 1394
170 761
170 1044
170 1664
170 1671
171 134
171 203
171 485
171 542
171 854
171 1108
171 1310
172 242
172 299
172 812
172 903
172 1579
172 1645
172 1708
172 1714
173 311
173 386
173 838
173 1673
174 562
174 630
174 1210
174 1244
174 1413
174 1529
175 53
175 171
175 226
175 630
175 1623
176 1051
176 1387
177 1181
177 1299
178 313
178 685
179 197
179 468
179 900
179 1610
179 1660
180 653
180 888
180 932
180 1078
180 1604
181 570
181 734
182 1023
182 1700
182 1728
183 64
183 139
183 347
183 801
183 876
183 1585
183 1645
184 151
184 638
184 1537
184 1553
185 77
185 128
185 267
185 1294
185 1494
185 1738
186 718
186 744
186 1142
187 38
187 873
187 954
187 1565
187 1656
188 608
189 123
189 874
189 986
189 1068
190 37
190 180
191 67
191 498
191 586
191 688
191 1354
193 658
193 902
193 1332
194 349
194 916
194 1345
194 1688
195 42
195 282
195 332
195 681
195 830
196 86
196 123
196 163
196 986
197 1176
198 11
198 783
198 808
198 1679
199 651
199 798
199 1396
200 82
200 457
200 627
200 661
200 906
200 1105
200 1612
201 156
201 433
201 630
201 648
201 1099
202 1265
202 1477
202 1740
203 66
203 364
203 464
203 481
203 538
203 687
203 896
203 1607
204 700
204 1719
205 150
205 979
206 1688
207 831
207 1540
208 243
208 1612
209 403
209 765
209 1116
209 1241
210 145
210 422
210 635
210 840
210 1198
211 312
211 840
211 1175
211 1217
211 1268
211 1687
212 1318
212 1606
213 1027
213 1548
213 1732
214 366
214 426
214 560
214 1203
214 1499
214 1594
215 9
215 65
215 235
215 245
216 459
216 477
216 484
217 139
217 1059
218 104
218 1525
219 447
219 1623
220 355
220 690
220 1529
220 1634
221 431
221 555
221 1065
222 150
222 1024
222 1709
223 56
223 747
223 918
223 1032
224 1344
224 1506
225 1305
225 1454
226 106
226 193
226 639
226 1417
227 571
227 681
227 1726
228 143
228 179
228 1080
228 1113
228 1167
228 1439
228 1576
228 1611
228 1697
229 440
229 663
229 720
229 1223
230 53
230 1613
230 1746
231 57
231 239
231 988
231 1129
231 1157
231 1178
231 1702
232 724
232 840
232 1282
232 1498
233 1111
233 1364
233 1624
234 135
234 926
234 1478
235 592
235 779
235 1407
236 8
236 509
236 776
236 886
237 42
237 299
237 735
237 1298
237 1490
237 1653
238 833
238 1276
238 1403
239 324
239 782
240 688
241 901
241 1096
241 1178
241 1696
242 202
242 232
242 573
242 1595
243 105
243 358
243 404
243 832
243 1332
243 1658
244 1016
244 1072
245 43
245 281
245 440
245 619
245 1343
245 1378
245 1393
246 490
246 1077
246 1181
246 1479
246 1717
247 300
247 565
247 673
247 754
247 1026
247 1304
248 175
248 1080
249 213
249 219
249 1176
249 1267
249 1356
249 1632
250 1006
250 1074
250 1261
250 1568
250 1673
251 242
251 288
251 1624
252 232
252 492
252 1190
252 1544
252 1586
253 322
253 728
253 787
253 1216
253 1442
253 1610
254 481
254 1444
255 542
255 618
255 1518
256 71
256 1245
256 1398
256 1543
257 937
257 973
257 1006
257 1059
257 1378
257 1453
258 72
258 589
258 719
258 1640
259 303
259 610
259 631
259 1397
260 66
260 118
260 202
260 325
260 456
260 1266
261 588
261 1000
261 1014
261 1608
261 1744
262 584
262 750
262 827
262 1165
262 1313
263 831
263 1271
264 140
264 318
264 1213
265 418
265 455
265 784
266 109
266 1579
267 76
267 96
267 243
267 540
268 85
268 1281
268 1416
268 1562
269 366
269 405
269 1079
269 1366
270 135
270 712
270 866
270 1619
271 45
271 1021
271 1226
272 356
272 392
272 824
272 1706
273 485
273 1148
274 919
274 1449
275 171
275 442
275 525
275 583
275 584
275 603
275 856
275 935
275 1295
275 1645
275 1737
276 22
276 837
276 1549
277 671
277 868
277 1427
278 749
278 872
278 1335
279 519
279 672
279 898
279 1144
279 1651
280 1593
281 428
281 691
281 1432
281 1479
281 1649
282 103
282 464
283 797
283 1372
283 1423
284 36
284 505
284 1055
284 1513
284 1609
285 615
285 1083
285 1226
285 1278
285 1306
285 1380
286 102
286 463
286 1569
286 1707
287 1000
287 1093
287 1312
287 1407
287 1425
288 357
288 525
288 760
288 1266
288 1659
289 97
289 304
289 1005
290 83
290 868
290 1036
290 1557
291 147
291 637
291 1005
291 1374
292 411
292 439
292 932
292 1145
292 1180
292 1697
293 415
294 25
294 245
294 1100
294 1134
294 1228
294 1578
295 934
295 1384
295 1710
296 427
296 677
296 723
296 1455
296 1623
296 1670
297 156
297 276
297 966
298 234
298 836
298 1314
298 1402
299 205
299 383
299 572
299 687
299 733
299 1183
299 1239
300 750
300 997
300 1112
301 1643
302 3
302 701
302 1482
303 692
303 1588
304 1006
304 1201
304 1291
304 1349
305 30
305 217
305 382
305 494
305 787
305 1573
305 1592
306 135
306 468
306 498
306 1514
306 1715
307 1688
308 49
309 1157
310 2
310 58
310 298
310 454
310 536
310 737
310 1589
311 488
311 992
311 1227
311 1616
312 860
312 926
312 1253
312 1579
313 84
313 523
313 715
313 1109
313 1266
313 1305
313 1653
314 437
314 502
314 1085
314 1173
314 1374
314 1742
315 142
315 554
315 634
315 1244
316 1266
316 1462
317 280
317 569
317 1200
317 1491
318 406
318 495
318 870
318 1182
318 1327
318 1575
319 747
319 764
320 68
320 416
320 710
320 1098
320 1175
320 1511
321 787
321 1087
321 1129
321 1357
322 216
322 220
322 678
322 685
322 840
322 1169
322 1700
323 55
323 970
323 1003
323 1638
324 126
324 643
324 847
324 928
324 1050
324 1119
324 1166
324 1365
325 922
325 1118
325 1437
325 1513
325 1654
326 475
326 748
326 901
326 932
326 1226
326 1585
326 1641
327 28
327 245
327 445
327 488
327 580
327 794
327 1115
327 1731
328 1201
328 1531
328 1558
329 87
329 648
329 1320
330 33
330 229
330 297
330 1278
331 17
331 75
331 85
331 431
331 473
331 1232
331 1627
332 605
332 644
332 905
332 906
332 1092
333 303
333 461
333 858
333 1202
333 1262
333 1513
333 1600
334 123
334 510
334 617
334 860
334 1035
334 1585
334 1587
335 30
335 336
335 1263
335 1560
336 4
336 735
336 791
336 939
337 179
337 747
337 1161
338 98
338 244
338 374
338 435
338 653
338 1452
338 1667
339 467
339 750
339 887
339 908
339 1334
339 1437
340 1231
341 249
341 658
342 53
342 433
342 929
343 14
343 22
343 264
343 1725
344 93
344 304
344 966
344 1040
345 209
345 480
345 1541
346 348
346 430
346 522
346 1421
346 1461
347 18
347 1080
347 1604
348 566
348 1212
349 370
349 606
349 694
349 723
349 1131
349 1181
349 1518
350 1020
350 1400
351 128
351 984
351 1295
351 1518
351 1533
352 255
352 314
352 327
352 436
352 727
352 795
352 1021
353 378
353 691
353 781
353 1067
353 1381
354 410
354 715
354 796
355 727
356 293
356 817
356 1588
356 1703
357 792
357 1580
358 345
358 1594
359 656
359 729
359 1083
359 1169
360 973
360 1009
361 263
361 290
361 746
361 1485
362 321
362 560
362 1210
364 260
364 765
364 1090
364 1403
364 1455
364 1464
365 50
365 965
365 1133
365 1361
366 279
367 10
367 30
367 618
367 1128
367 1349
368 40
368 222
368 1150
369 660
369 1068
369 1321
370 59
370 248
371 13
371 218
371 561
371 1274
371 1699
372 286
372 331
372 459
373 506
373 1261
373 1352
373 1629
374 136
374 332
374 439
374 622
374 1309
374 1363
375 596
375 929
375 1230
375 1492
376 46
376 83
376 157
376 959
376 967
377 476
377 1198
377 1502
377 1587
378 347
378 443
378 762
378 1477
379 140
379 145
379 191
379 325
379 584
379 606
379 808
379 1041
379 1289
379 1516
380 356
380 1642
381 112
381 467
381 547
381 955
381 1368
382 252
382 400
382 602
382 1485
383 53
383 371
383 414
383 534
383 917
383 1504
384 880
384 1706
385 56
385 383
385 1583
386 608
386 976
386 1624
387 809
388 285
388 364
388 716
388 984
388 1488
389 257
389 347
389 580
389 1055
389 1337
389 1644
389 1667
390 193
390 1362
390 1421
390 1647
391 273
391 611
391 871
392 359
392 982
392 1185
392 1220
392 1689
393 44
393 82
393 209
393 430
393 657
393 777
393 1029
393 1681
394 128
394 683
394 783
394 1368
394 1484
394 1576
395 342
395 1119
396 235
396 442
396 752
396 1159
397 8
397 363
397 742
397 777
397 1577
397 1745
398 92
398 124
398 138
398 352
398 1278
398 1449
398 1464
399 655
399 953
399 1406
399 1409
400 213
400 1595
401 1094
401 1114
401 1244
402 945
402 948
402 1051
402 1471
403 994
403 1168
403 1452
403 1483
404 401
404 889
404 1620
405 1097
406 447
406 644
406 1159
407 297
407 1187
407 1638
408 768
408 1606
408 1716
409 186
409 221
409 270
409 773
410 436
410 964
410 1361
411 86
411 209
411 437
411 516
411 586
411 669
411 860
411 1086
411 1133
411 1334
411 1388
411 1613
411 1621
412 555
412 1094
412 1220
412 1261
412 1523
413 713
413 726
413 1012
413 1214
414 152
414 315
414 319
414 782
415 259
415 421
415 498
415 682
415 945
415 1039
415 1347
415 1556
415 1633
416 1408
417 81
417 210
417 520
417 655
417 1498
418 278
418 538
418 1741
419 177
419 567
419 1153
419 1411
419 1545
420 1011
420 1013
420 1173
421 122
421 271
421 626
421 917
421 1299
421 1552
421 1725
422 162
422 953
422 1172
423 245
423 752
423 785
423 895
423 1322
423 1331
424 243
424 301
424 626
424 1135
424 1250
427 1259
427 1348
427 1685
428 48
428 363
428 904
428 1204
428 1306
428 1555
429 85
429 1403
429 1425
429 1696
430 58
430 129
430 263
431 392
431 1406
432 774
432 1418
432 1591
433 127
433 787
433 1394
434 274
434 997
434 1205
434 1212
435 261
435 604
435 893
436 748
436 914
436 940
436 1052
436 1225
436 1382
436 1513
437 369
437 1040
437 1140
438 43
438 283
438 589
438 807
439 958
439 1276
440 4
440 316
440 735
440 1376
441 599
441 1664
442 1187
443 30
443 358
443 507
443 1130
443 1538
443 1595
443 1667
444 370
444 790
444 1354
444 1586
445 82
445 533
445 1481
445 1584
445 1672
446 628
446 662
446 1223
446 1580
447 329
447 361
447 885
447 1650
448 13
448 39
448 663
449 522
449 628
449 1159
449 1291
450 1708
451 64
451 116
451 963
451 1435
452 350
452 395
452 936
453 880
453 1042
453 1167
453 1528
454 268
454 282
454 860
454 1092
454 1203
454 1358
454 1509
455 96
455 1195
455 1472
456 163
456 541
456 1425
458 186
458 309
458 462
458 811
458 1027
458 1095
459 705
460 196
460 1559
461 150
461 312
461 526
461 682
461 789
461 1493
462 222
462 853
462 1006
462 1225
462 1283
463 68
463 216
463 751
463 1436
463 1517
463 1571
464 25
464 86
464 727
464 749
464 1309
465 1099
465 1179
465 1253
465 1394
465 1640
466 26
466 368
466 679
466 1168
466 1359
466 1582
467 391
467 784
467 791
467 1181
467 1514
467 1555
468 436
468 645
468 865
469 94
469 735
469 772
469 1460
469 1494
470 531
470 958
470 1042
470 1104
470 1413
470 1504
471 270
472 36
472 170
472 356
472 658
472 1266
473 1181
474 383
474 1458
475 361
475 845
476 304
476 1007
476 1075
476 1133
476 1296
477 264
477 610
477 1534
478 462
478 921
478 1388
479 250
479 727
479 1014
479 1311
479 1421
479 1495
480 110
480 388
480 637
480 741
480 916
480 1277
481 343
481 378
481 472
481 1048
481 1689
482 250
482 472
482 1426
483 899
483 901
484 213
484 718
484 1303
484 1718
484 1746
485 526
485 940
486 159
486 211
486 446
486 607
487 44
487 92
487 269
487 432
487 614
487 1420
488 156
488 325
488 782
488 1667
489 1181
489 1308
490 1297
490 1374
490 1533
491 105
491 676
491 839
491 845
491 1485
492 644
492 671
492 1035
492 1375
492 1741
493 163
493 1005
493 1207
493 1671
493 1731
494 224
494 248
494 348
494 1310
495 21
495 59
495 514
495 528
495 533
495 624
495 773
495 1101
495 1380
496 436
496 606
496 1362
497 332
497 1360
498 423
498 877
498 1323
498 1466
498 1693
499 655
499 787
500 590
500 781
500 1250
500 1354
501 87
501 189
501 851
501 1025
501 1320
501 1561
501 1647
502 544
502 1028
502 1110
502 1528
503 113
503 357
503 873
503 1020
503 1724
504 685
504 1304
505 782
505 820
505 1594
506 37
506 258
506 772
506 1292
506 1740
507 634
507 849
508 397
508 763
508 1090
508 1326
508 1724
509 63
509 140
509 280
509 783
509 788
509 875
509 1175
510 389
510 595
510 753
510 853
510 875
511 687
511 1002
511 1379
512 602
512 668
512 758
512 1203
512 1420
513 165
513 1251
513 1585
513 1721
514 154
514 404
514 1382
514 1612
514 1709
515 899
516 8
516 986
516 989
517 310
517 458
518 188
518 226
518 1385
519 236
519 917
519 1429
520 298
520 364
520 529
520 957
520 1383
520 1474
520 1546
521 469
521 604
521 1510
522 305
522 1420
522 1540
522 1690
523 335
523 607
523 1007
523 1094
523 1700
523 1708
524 1352
525 59
525 134
525 439
525 1627
525 1734
526 22
526 616
526 1498
526 1507
526 1552
527 415
527 1335
528 583
528 789
529 326
530 664
530 736
530 1138
530 1683
531 168
531 963
531 1156
532 102
532 956
532 1050
532 1435
533 27
533 508
533 1749
534 58
534 311
534 669
534 748
534 823
534 901
534 1234
535 530
535 1446
536 674
536 1127
536 1190
536 1325
537 1370
537 1476
538 165
538 422
538 871
538 1413
538 1416
538 1563
538 1583
539 84
539 326
539 522
539 855
539 1436
540 31
540 84
540 336
540 1658
541 359
541 978
542 418
542 1020
542 1449
542 1471
543 304
543 1111
543 1165
543 1294
543 1325
544 26
544 296
544 898
544 938
544 947
544 1080
544 1111
545 230
545 1237
545 1362
546 299
546 827
546 1572
546 1616
547 694
547 1105
547 1243
547 1702
547 1749
548 151
548 237
548 359
548 461
548 688
548 1065
549 120
549 156
549 1220
549 1568
549 1716
550 7
550 588
550 871
550 947
550 1253
551 747
551 1715
551 1737
552 11
552 227
552 722
552 903
552 1489
552 1619
553 687
553 704
553 1351
553 1423
554 213
554 305
554 463
554 1694
555 23
555 363
555 454
555 1333
555 1692
556 253
556 650
556 682
556 1303
556 1507
557 268
557 691
558 157
558 1016
558 1297
558 1383
559 127
559 608
559 1718
560 52
560 190
560 453
560 797
560 1350
561 400
561 521
561 975
561 1210
561 1291
561 1550
561 1714
562 699
562 1272
562 1390
562 1639
562 1682
563 169
563 181
563 626
563 1587
564 808
564 1522
564 1649
565 179
565 192
565 340
565 1426
566 877
566 1566
566 1644
566 1706
567 3
567 7
567 436
567 509
567 897
567 978
567 1122
567 1214
567 1234
567 1275
568 420
568 1476
569 747
569 979
569 1169
570 8
570 444
570 530
570 906
570 958
570 1590
571 402
571 722
571 891
571 1138
571 1540
572 57
572 427
572 513
572 1347
573 556
573 566
573 810
573 814
573 1034
574 775
575 131
575 737
575 999
575 1048
575 1558
576 281
576 283
576 602
576 1071
576 1324
576 1586
577 573
577 865
577 1152
578 479
578 848
578 899
579 49
579 411
579 1075
579 1140
579 1158
580 1278
580 1417
580 1447
581 51
581 314
581 511
581 577
581 966
581 986
581 1665
582 76
582 358
582 840
582 1019
582 1214
582 1298
583 411
583 939
583 997
583 1253
583 1685
584 542
584 742
584 793
584 1021
584 1066
585 136
585 252
585 609
585 884
585 1606
586 1079
586 1266
586 1633
587 1083
587 1224
587 1564
588 136
588 465
588 558
588 1253
588 1737
589 188
589 511
589 951
589 1104
589 1656
589 1662
590 684
590 1212
591 166
591 500
591 981
591 1164
591 1505
592 181
592 631
592 996
592 1052
592 1133
592 1201
592 1628
593 262
593 480
593 840
593 854
593 1154
593 1601
594 168
594 1603
595 627
596 77
596 349
596 1149
596 1675
597 6
597 148
597 201
597 1179
597 1391
598 94
598 852
598 1174
598 1234
598 1570
599 312
599 323
599 596
599 838
599 1203
600 436
600 771
600 1092
601 1137
602 578
602 1458
602 1556
603 501
603 568
603 1032
603 1407
604 141
604 325
604 372
604 451
604 840
605 55
605 303
606 841
606 1141
606 1149
606 1453
607 406
607 579
607 803
607 1327
607 1472
607 1541
608 182
608 448
608 520
608 720
609 181
610 75
610 252
610 260
610 279
610 999
610 1657
611 57
611 472
611 503
611 716
611 1528
612 36
612 1061
613 492
613 636
614 58
614 384
614 512
614 1145
614 1343
615 90
615 1700
616 1540
617 607
617 1016
617 1112
617 1223
618 557
618 806
618 1413
618 1573
618 1644
619 46
619 345
619 364
619 1011
620 293
620 878
620 953
620 1228
620 1317
620 1343
620 1545
620 1719
621 161
621 850
621 1189
621 1604
622 649
622 1277
622 1431
623 244
623 398
623 888
623 1211
624 287
624 608
624 941
624 1120
624 1231
624 1251
624 1283
624 1564
625 383
625 1038
625 1497
626 598
626 887
626 1197
626 1462
626 1595
627 170
627 781
627 1017
627 1068
627 1355
628 435
628 448
628 522
628 612
628 719
628 1507
628 1693
628 1710
629 576
629 1040
629 1071
630 82
630 432
630 644
630 1437
630 1528
631 207
631 527
631 714
631 1434
631 1635
633 597
633 894
633 1252
633 1320
633 1734
634 524
634 1380
634 1508
634 1727
634 1741
634 1746
635 263
635 1010
635 1687
636 44
636 920
636 1292
636 1383
637 162
637 1059
637 1256
637 1488
638 259
638 286
638 592
638 657
638 1001
639 353
639 830
639 1090
639 1381
640 198
640 594
640 856
640 919
640 1234
641 397
641 667
641 891
641 1038
641 1664
641 1702
641 1711
642 947
643 256
643 465
643 581
643 897
643 1068
643 1157
643 1399
644 103
644 187
644 928
644 1548
645 355
645 885
645 1104
645 1222
646 476
646 892
647 1535
647 1656
648 484
649 588
649 1206
649 1741
650 646
650 1149
650 1303
650 1410
651 1741
652 437
652 794
652 980
653 537
654 230
654 817
654 1134
654 1145
654 1709
655 1310
656 383
656 608
656 1028
656 1521
657 289
657 787
657 818
657 1202
657 1433
657 1476
657 1539
657 1575
658 18
658 97
658 775
659 778
659 796
659 1321
659 1417
659 1597
659 1651
660 1055
660 1462
660 1726
661 719
662 528
662 674
662 940
662 1529
663 1225
663 1482
663 1606
664 227
664 1551
665 33
665 793
665 1132
665 1167
665 1180
665 1215
665 1592
666 389
666 1279
666 1564
666 1695
667 225
667 458
667 678
667 1080
667 1131
667 1463
667 1530
668 421
669 553
669 782
669 960
669 1206
669 1266
669 1298
669 1395
670 141
670 868
671 772
671 902
671 1614
672 16
672 325
672 881
672 1097
672 1234
673 1064
673 1390
674 817
675 107
675 577
676 76
676 262
676 632
676 1487
676 1741
677 182
677 468
677 502
677 781
677 802
677 882
677 1368
677 1453
677 1603
677 1609
677 1685
679 321
679 635
679 727
679 1125
679 1383
680 144
680 241
680 823
680 1349
681 198
681 526
681 643
681 1490
682 28
682 901
682 1356
682 1483
683 170
683 302
683 1062
685 62
685 762
685 1378
685 1411
685 1505
685 1706
686 552
686 1312
686 1634
687 534
687 1055
687 1192
687 1430
688 160
688 536
688 722
688 816
688 845
688 1074
688 1499
689 669
689 1060
689 1089
689 1689
690 297
690 544
690 1039
691 239
691 1026
692 45
692 212
692 481
692 1295
693 910
693 954
693 1229
694 831
694 870
694 1471
695 76
695 487
695 767
695 1502
696 42
696 213
696 351
696 484
696 949
696 958
696 1141
696 1510
697 144
697 900
697 1213
697 1335
698 188
698 679
698 1377
699 90
699 101
699 106
699 707
699 1101
699 1121
700 475
700 669
700 1183
700 1501
700 1621
701 239
701 274
701 1056
702 6
702 455
702 603
702 905
702 1532
703 109
703 864
703 1147
704 189
705 342
705 627
705 695
705 1259
705 1503
705 1636
706 97
706 311
706 560
706 998
707 330
708 236
708 715
708 812
708 1473
709 958
709 1106
710 29
710 112
710 146
710 462
710 1008
710 1277
710 1584
711 429
711 1064
711 1522
711 1690
712 78
712 586
712 1080
712 1746
713 58
713 81
713 369
713 511
713 742
713 986
713 1404
714 306
714 967
714 1368
715 925
715 1007
715 1207
715 1456
716 527
716 820
716 982
716 1194
717 165
717 589
717 618
717 737
717 1184
717 1254
717 1615
718 630
718 1281
719 583
719 638
719 1539
719 1679
720 223
720 635
720 815
720 1108
720 1281
720 1541
721 827
721 928
721 1153
722 212
722 441
722 455
722 530
722 1266
722 1340
723 832
723 1220
723 1294
723 1430
723 1574
723 1630
724 128
724 455
724 649
725 222
725 232
725 955
726 195
726 256
726 277
726 484
726 526
727 396
727 557
727 1574
728 784
728 793
728 893
728 1307
730 618
730 831
730 1296
730 1379
730 1469
730 1607
731 313
731 623
731 1502
732 777
732 1473
732 1578
733 181
733 864
733 939
733 1251
734 434
734 1144
734 1147
735 490
735 1023
735 1180
736 384
736 471
736 1288
736 1416
737 194
737 709
737 927
737 1318
738 154
738 700
739 641
739 674
739 1087
740 112
740 431
740 804
740 979
740 1081
741 59
741 655
741 841
741 1724
742 78
742 1426
743 761
743 873
743 912
743 1161
744 964
744 1013
744 1529
745 389
745 512
745 819
745 980
746 174
746 377
746 562
746 640
746 1119
746 1654
747 269
747 377
747 527
747 559
747 775
748 963
748 1191
748 1463
748 1651
749 193
749 252
749 293
749 361
749 995
749 1515
749 1663
750 658
750 911
750 947
751 461
751 1282
751 1729
752 130
752 338
752 344
752 668
752 958
752 970
752 1426
752 1520
752 1569
752 1683
753 822
753 1042
754 687
754 1290
755 483
755 916
755 1348
755 1562
755 1748
756 495
757 33
757 193
757 468
757 517
757 770
757 1175
757 1494
757 1528
758 220
758 482
758 597
758 805
758 1322
758 1352
759 93
759 643
759 1451
760 456
760 936
760 1183
760 1384
760 1685
761 330
761 516
761 786
762 223
762 1171
762 1552
762 1615
763 1422
763 1455
763 1609
764 214
764 925
765 707
765 976
765 1326
766 34
766 744
766 800
766 1470
766 1487
767 365
767 511
767 540
767 578
767 843
767 1009
767 1174
768 161
768 199
768 288
768 620
769 287
769 539
769 646
769 862
769 1712
770 231
770 1624
771 98
772 539
772 1003
773 689
773 1126
774 153
774 203
774 249
774 265
774 407
774 462
774 701
774 1311
774 1571
775 197
775 480
775 988
775 1521
775 1580
776 183
776 330
776 642
776 1736
777 446
778 117
778 984
779 393
779 715
779 1619
780 612
780 804
780 1067
780 1121
780 1176
780 1269
781 261
781 371
781 739
781 805
781 1294
781 1296
781 1326
782 59
782 288
783 268
783 495
783 1469
784 1439
785 1221
785 1490
786 63
786 225
786 259
786 1127
786 1469
787 107
787 119
787 902
787 945
787 1194
787 1237
787 1537
787 1627
787 1734
788 550
788 794
788 823
788 1257
788 1382
789 467
789 557
789 1045
789 1119
789 1589
789 1690
790 185
790 514
790 708
790 768
790 1096
791 446
791 1157
792 348
792 605
792 736
792 1244
792 1744
793 495
793 976
794 311
794 728
794 1103
794 1445
795 202
795 320
795 367
795 629
795 842
795 930
795 1399
796 136
796 182
797 7
797 339
797 370
797 776
797 1090
797 1369
797 1733
798 541
798 1216
799 1106
799 1567
800 886
800 1025
800 1481
800 1599
801 167
801 225
801 739
802 454
802 1089
802 1709
803 422
803 618
803 1047
803 1119
803 1200
803 1242
803 1560
804 780
804 1416
804 1504
804 1531
805 277
805 894
805 993
806 20
806 260
806 840
806 998
806 1263
806 1505
807 355
807 411
807 452
807 597
807 745
807 1382
807 1530
807 1678
808 856
808 893
808 1395
809 193
809 233
809 1268
810 416
810 696
810 940
810 1302
810 1373
810 1446
810 1524
811 65
811 727
811 1225
811 1507
811 1720
812 481
812 1330
812 1496
813 314
813 334
813 865
813 1361
814 699
814 939
814 1543
814 1624
815 161
815 1743
816 105
816 488
817 332
817 523
818 335
818 1376
819 675
820 1413
821 367
821 713
821 945
821 967
821 1108
821 1524
821 1713
822 186
822 1362
822 1388
822 1699
823 283
823 985
823 1195
824 21
824 85
824 286
824 789
824 955
824 1415
825 856
825 880
825 1337
825 1469
826 482
826 883
826 1128
826 1383
826 1520
827 1124
827 1444
828 343
828 599
828 830
828 979
828 1234
828 1668
829 845
829 1006
829 1176
829 1392
830 329
830 428
830 602
830 684
830 1012
830 1154
830 1616
831 283
831 1314
831 1601
831 1686
832 677
832 1079
832 1659
833 38
833 91
833 562
833 612
833 632
833 1125
834 42
834 405
834 1252
834 1342
835 193
835 248
835 416
835 438
835 1510
835 1582
835 1702
836 542
836 614
836 883
836 911
836 1120
836 1347
836 1548
836 1584
837 292
837 813
837 1175
837 1364
837 1747
838 39
838 350
838 1405
838 1423
839 87
839 349
840 1101
840 1622
841 455
841 822
841 1460
841 1464
841 1601
841 1694
842 494
842 776
842 1066
842 1076
842 1241
842 1324
842 1378
842 1719
843 248
843 524
843 1102
844 564
844 1149
844 1171
844 1570
844 1642
844 1701
845 76
845 1344
846 101
846 961
847 602
847 1475
848 366
848 504
848 1393
848 1447
849 85
849 590
849 603
849 969
849 1449
850 258
850 493
850 529
850 766
850 883
850 1253
851 315
851 1193
851 1196
851 1603
851 1645
852 46
852 223
852 1006
853 736
853 1065
854 44
854 790
855 625
855 727
855 1493
856 203
856 1200
856 1359
856 1719
857 996
857 1185
857 1660
858 265
858 508
858 955
858 1647
859 395
859 642
859 1277
860 1519
860 1571
861 411
861 751
861 1674
862 454
862 766
862 1317
863 228
863 695
863 864
863 1163
863 1445
864 77
864 1108
865 45
865 89
865 999
865 1404
866 910
866 963
866 1600
867 375
867 499
867 830
868 750
868 1414
869 633
869 1399
869 1492
870 10
870 1394
870 1560
871 105
871 1342
871 1485
872 178
872 1111
873 761
874 265
875 87
875 743
875 772
875 1518
876 407
876 453
876 1144
877 311
877 451
877 463
878 589
878 1540
879 68
879 309
879 384
879 916
879 1588
880 309
880 417
880 1655
880 1681
881 298
881 982
882 374
882 1522
883 42
883 575
883 785
883 1350
883 1496
884 538
884 1285
884 1324
885 597
885 937
885 1621
885 1722
886 128
886 676
886 1738
887 153
887 445
887 609
887 745
887 867
888 624
888 988
889 44
889 45
889 1176
889 1308
889 1606
890 40
890 814
891 532
891 1123
891 1394
892 575
892 833
892 1047
892 1155
892 1197
893 680
893 752
893 1141
893 1260
893 1499
894 205
894 1630
895 517
895 906
895 1296
896 333
896 641
896 722
896 1690
897 43
897 165
897 619
897 1216
897 1336
897 1414
898 999
898 1335
898 1489
898 1497
899 1292
899 1546
900 451
900 870
901 195
901 501
901 672
901 1129
901 1275
901 1626
901 1711
902 61
902 204
902 337
902 368
902 568
902 629
902 911
902 1554
902 1727
904 186
904 619
904 679
904 930
904 998
904 1199
905 1016
905 1379
905 1498
906 386
906 538
907 421
907 598
907 731
907 1181
907 1247
907 1382
907 1678
908 1058
908 1547
908 1683
908 1729
909 1115
909 1428
909 1701
910 30
910 1430
911 156
911 260
911 421
911 807
911 1100
911 1153
911 1270
911 1465
911 1538
911 1675
911 1733
912 56
912 121
912 783
912 1430
913 112
913 847
913 1289
913 1542
913 1570
913 1676
914 220
914 639
914 1486
915 227
915 466
915 983
916 312
916 404
916 531
916 753
916 998
918 599
918 952
919 694
919 762
919 814
919 1240
919 1481
920 327
920 589
920 977
921 327
922 642
922 816
922 1196
922 1649
923 1085
923 1429
923 1484
923 1611
923 1686
924 2
924 533
924 794
925 310
926 129
926 459
926 980
926 1624
927 6
927 467
927 479
927 661
927 726
927 954
927 1005
927 1458
927 1510
928 943
928 1314
929 1092
929 1511
929 1644
930 68
930 296
930 905
931 446
931 847
931 1293
931 1601
932 151
932 232
932 627
932 833
932 1574
932 1617
932 1693
933 25
933 596
933 888
933 966
933 1407
934 190
934 365
934 681
934 766
935 145
935 203
935 826
936 118
936 227
936 647
936 1079
936 1289
937 191
937 515
937 1273
937 1352
937 1659
938 49
938 156
938 334
938 366
938 1537
938 1718
939 286
939 491
939 562
939 1255
939 1452
939 1475
939 1588
939 1681
940 45
940 79
940 664
940 744
940 808
940 958
941 468
941 901
941 1396
941 1401
941 1611
942 58
942 250
942 1308
942 1485
942 1652
944 262
944 653
944 1063
944 1347
945 162
945 938
945 954
945 1006
945 1064
946 178
946 622
946 1675
947 54
947 262
947 313
947 421
947 693
947 741
947 755
947 822
947 1658
948 349
948 806
948 848
949 1279
949 1473
950 182
950 201
950 477
950 931
950 1068
950 1154
950 1669
951 130
951 1562
952 454
952 1736
953 480
953 1497
953 1601
954 286
954 336
954 357
954 1705
955 258
955 1380
955 1631
955 1639
955 1662
956 178
956 988
956 1044
956 1379
956 1750
957 87
957 162
957 248
957 630
957 658
957 674
957 728
958 240
958 832
959 849
959 1386
960 270
960 592
960 796
960 1101
961 99
961 291
961 1581
962 46
962 204
962 267
962 528
962 1335
963 1348
963 1403
964 37
964 136
964 155
964 443
964 542
964 873
964 908
964 1132
965 1272
965 1540
965 1591
966 7
966 167
966 200
966 1174
966 1519
966 1563
966 1567
967 53
967 398
967 882
967 1337
967 1658
968 226
968 228
968 280
968 415
968 500
968 564
968 972
969 270
969 537
969 828
969 835
969 912
969 922
969 1477
969 1599
970 1290
970 1403
970 1488
971 1268
972 216
972 1503
972 1575
972 1587
973 171
973 358
973 867
973 1124
974 925
974 1093
975 269
975 368
975 835
975 932
975 1055
975 1223
975 1236
975 1328
975 1340
975 1351
977 615
977 704
977 1168
978 462
978 653
978 1017
978 1186
978 1701
979 553
979 831
979 1090
979 1531
980 373
980 1108
980 1200
980 1226
981 415
981 822
981 1197
982 105
982 445
982 937
982 1186
983 406
983 1291
983 1466
983 1664
984 622
984 1051
985 159
985 642
985 817
985 849
985 994
985 1376
985 1648
986 13
987 521
987 822
987 1300
987 1417
988 231
988 345
988 597
988 641
988 1445
988 1592
989 527
989 529
989 837
989 990
990 70
990 82
990 335
990 404
990 461
990 592
990 636
990 654
990 1238
990 1323
991 104
991 770
991 971
991 1116
991 1351
991 1725
992 126
992 155
992 202
992 421
992 572
993 126
993 331
993 714
993 1056
993 1230
993 1320
995 128
995 1402
996 69
996 1096
996 1176
996 1425
996 1687
997 345
997 591
997 1667
998 537
998 1573
998 1586
999 185
999 312
999 524
999 922
999 1344
999 1651
1000 218
1000 470
1000 1100
1001 625
1001 965
1002 343
1002 1147
1002 1531
1002 1743
1003 1129
1003 1538
1003 1582
1004 23
1004 98
1004 934
1005 985
1006 801
1006 989
1006 1268
1006 1673
1007 408
1007 714
1007 775
1007 1034
1008 74
1008 305
1008 700
1008 1165
1008 1296
1009 1348
1009 1529
1010 5
1010 657
1010 1422
1010 1472
1010 1534
1011 13
1011 1037
1011 1261
1012 169
1012 1146
1013 137
1013 374
1013 503
1013 652
1013 740
1014 255
1014 1286
1015 189
1015 265
1015 1117
1016 578
1017 267
1017 643
1017 657
1017 703
1017 831
1017 1688
1019 99
1019 392
1019 1495
1019 1679
1019 1729
1020 29
1020 617
1020 1097
1020 1446
1020 1510
1020 1740
1021 1384
1021 1458
1021 1687
1022 302
1022 588
1022 1667
1023 416
1023 1447
1024 166
1024 283
1024 341
1024 724
1024 729
1024 1511
1025 881
1025 987
1025 1575
1026 80
1026 321
1026 1521
1027 564
1027 571
1027 990
1028 210
1028 700
1028 806
1028 918
1028 1137
1028 1681
1029 613
1029 863
1029 888
1029 1170
1029 1233
1029 1449
1030 116
1030 848
1030 1365
1030 1371
1031 343
1031 914
1032 440
1032 1189
1033 164
1033 167
1033 638
1033 1088
1033 1511
1034 100
1034 460
1034 541
1034 812
1034 1153
1034 1697
1035 904
1035 1077
1035 1304
1036 714
1036 1179
1036 1382
1036 1689
1037 241
1037 411
1037 536
1037 951
1037 1238
1037 1641
1038 205
1038 324
1038 1515
1039 206
1039 424
1039 606
1039 656
1039 997
1039 1137
1040 157
1040 225
1040 1035
1040 1399
1041 146
1041 202
1041 576
1041 610
1041 613
1041 907
1041 1319
1041 1664
1042 207
1042 378
1042 483
1042 581
1042 1045
1042 1070
1042 1312
1042 1332
1043 201
1043 217
1043 344
1043 413
1043 608
1043 648
1043 667
1043 822
1044 599
1044 774
1044 788
1044 889
1044 977
1044 1151
1044 1238
1044 1295
1044 1372
1045 697
1045 1061
1046 6
1046 264
1046 942
1046 1110
1046 1660
1047 143
1047 292
1047 470
1047 487
1047 1221
1047 1294
1047 1482
1048 492
1049 859
1049 864
1049 972
1049 1517
1050 102
1051 668
1051 827
1051 1693
1052 63
1052 101
1052 154
1052 175
1052 269
1052 419
1052 818
1052 1219
1052 1432
1053 947
1053 1064
1053 1263
1053 1281
1053 1296
1053 1718
1054 1126
1055 638
1055 1166
1056 171
1056 790
1057 206
1057 1186
1057 1738
1058 332
1058 455
1058 695
1058 751
1058 1015
1058 1248
1058 1339
1058 1671
1059 100
1059 179
1059 1452
1060 341
1060 390
1060 727
1060 1652
1061 73
1061 249
1061 1200
1062 429
1062 952
1063 654
1063 1131
1063 1411
1063 1632
1063 1649
1064 257
1064 373
1064 660
1064 867
1064 1165
1064 1480
1064 1487
1065 153
1065 179
1065 399
1065 984
1065 1427
1066 269
1066 785
1066 1010
1067 588
1067 746
1067 954
1067 1207
1067 1220
1068 85
1068 146
1068 265
1068 661
1068 762
1068 1167
1069 170
1069 520
1069 768
1069 791
1069 1040
1069 1708
1070 83
1070 254
1070 708
1070 880
1070 1289
1071 21
1071 648
1071 697
1071 848
1071 1671
1071 1744
1072 327
1072 1623
1072 1734
1073 32
1073 61
1073 281
1073 488
1073 1199
1073 1676
1074 630
1074 1448
1074 1692
1075 192
1075 458
1075 1125
1075 1358
1076 240
1076 457
1076 914
1076 1048
1076 1309
1077 87
1077 451
1077 644
1077 912
1077 1015
1077 1137
1077 1230
1077 1359
1078 92
1078 352
1078 420
1078 799
1078 895
1078 1257
1078 1370
1078 1464
1080 1218
1080 1723
1081 515
1081 797
1081 952
1081 1469
1082 497
1082 570
1083 296
1083 544
1083 1277
1083 1685
1083 1688
1084 565
1084 1300
1084 1462
1084 1690
1085 952
1085 1236
1085 1409
1085 1710
1086 163
1086 306
1086 469
1086 1662
1087 209
1087 458
1087 493
1087 793
1088 381
1088 633
1088 1367
1088 1659
1089 487
1089 1190
1089 1442
1089 1565
1090 159
1090 285
1090 1232
1091 298
1091 467
1091 547
1091 578
1091 772
1091 1452
1091 1693
1091 1731
1092 526
1092 803
1092 947
1092 1159
1092 1432
1093 477
1093 959
1093 1612
1094 273
1094 501
1094 1321
1094 1322
1094 1359
1094 1527
1095 724
1095 1016
1095 1122
1095 1303
1095 1463
1095 1568
1096 508
1096 705
1096 927
1096 1229
1096 1463
1096 1515
1096 1541
1096 1640
1096 1749
1097 183
1097 1333
1097 1379
1097 1708
1098 271
1098 613
1098 737
1098 1505
1098 1543
1099 262
1099 726
1099 1184
1100 639
1100 849
1100 877
1100 1143
1100 1742
1101 198
1101 332
1101 1131
1102 428
1102 506
1102 673
1102 1060
1102 1340
1102 1346
1102 1526
1103 153
1103 667
1103 1151
1103 1189
1103 1345
1103 1462
1104 107
1104 324
1104 1230
1104 1326
1104 1727
1105 165
1105 191
1105 375
1105 399
1105 698
1105 724
1105 1093
1106 42
1106 463
1106 585
1106 776
1106 861
1106 1308
1106 1363
1106 1411
1107 235
1107 776
1108 270
1108 1151
1108 1250
1108 1547
1109 247
1109 263
1109 305
1109 367
1109 791
1109 929
1109 1074
1109 1328
1110 384
1110 506
1110 541
1111 24
1111 553
1111 639
1111 707
1111 762
1111 1436
1112 370
1112 580
1112 1015
1112 1074
1112 1343
1112 1471
1113 280
1113 678
1114 197
1114 1130
1114 1689
1115 13
1115 128
1115 327
1115 875
1116 16
1116 80
1116 242
1116 320
1116 432
1116 450
1116 455
1116 996
1117 116
1117 145
1117 940
1118 157
1118 436
1118 461
1118 1085
1118 1343
1119 508
1119 1030
1119 1518
1120 509
1120 1245
1120 1256
1121 960
1121 1087
1121 1237
1121 1284
1121 1351
1121 1542
1122 473
1122 668
1122 1129
1123 21
1123 469
1123 654
1123 1408
1123 1499
1123 1554
1123 1681
1124 17
1124 47
1124 177
1124 903
1124 1099
1124 1334
1124 1575
1124 1727
1125 1287
1126 29
1126 668
1126 1598
1127 123
1127 159
1127 537
1127 582
1127 1401
1127 1517
1128 1158
1128 1477
1128 1735
1128 1738
1129 200
1129 1067
1129 1196
1129 1254
1129 1372
1129 1469
1130 1057
1130 1196
1131 259
1131 492
1131 514
1131 543
1131 1586
1132 702
1133 138
1133 317
1133 1039
1133 1351
1133 1663
1134 37
1134 229
1134 614
1134 1198
1135 986
1135 1131
1136 777
1136 781
1136 887
1136 1124
1137 266
1137 408
1137 425
1137 904
1137 918
1137 1187
1137 1384
1137 1715
1138 666
1138 1420
1139 775
1139 907
1139 1149
1139 1667
1140 381
1140 547
1140 1000
1140 1461
1141 57
1141 242
1141 370
1141 698
1141 862
1141 918
1141 1185
1141 1455
1142 795
1142 1534
1143 222
1143 848
1143 874
1143 974
1143 1073
1143 1472
1144 242
1144 389
1144 400
1144 639
1144 821
1144 1508
1145 1479
1145 1623
1146 106
1146 358
1146 440
1147 75
1147 1130
1147 1320
1148 262
1148 561
1148 973
1148 1063
1148 1309
1148 1550
1149 81
1149 440
1149 772
1149 932
1149 991
1149 1564
1150 1321
1150 1358
1150 1459
1151 24
1151 803
1151 881
1151 1119
1151 1234
1151 1677
1152 174
1152 369
1153 493
1153 916
1153 950
1153 1000
1153 1699
1154 1054
1154 1583
1154 1593
1155 197
1155 453
1155 806
1155 1039
1155 1159
1156 189
1157 112
1157 519
1157 1355
1158 452
1158 658
1158 1092
1158 1408
1159 1348
1160 294
1160 348
1160 436
1160 579
1160 669
1160 1664
1161 653
1161 1038
1161 1206
1161 1551
1161 1687
1162 451
1162 642
1162 935
1162 1368
1162 1630
1163 217
1163 221
1163 806
1163 825
1163 1042
1163 1391
1163 1396
1163 1540
1163 1646
1163 1648
1164 156
1164 1662
1165 115
1165 925
1165 926
1165 1263
1165 1409
1165 1684
1166 100
1166 210
1166 519
1166 838
1166 1281
1166 1595
1167 327
1167 1010
1167 1181
1168 508
1168 1698
1169 97
1169 1642
1170 523
1170 818
1170 895
1170 1618
1171 680
1171 693
1171 1016
1171 1139
1171 1441
1171 1480
1171 1606
1172 168
1172 1308
1173 183
1173 890
1174 827
1175 103
1175 175
1175 217
1175 356
1175 499
1175 1542
1175 1651
1176 234
1177 201
1177 496
1177 688
1177 730
1177 1544
1178 459
1178 973
1178 1070
1178 1260
1178 1524
1179 882
1179 903
1179 1168
1180 22
1180 801
1180 803
1180 1159
1181 598
1181 770
1181 1208
1182 251
1182 1524
1183 556
1183 784
1184 188
1184 676
1184 904
1184 1406
1184 1472
1185 267
1185 330
1185 495
1185 753
1185 809
1186 472
1186 749
1186 775
1186 1126
1186 1132
1187 187
1187 689
1187 831
1187 1240
1188 159
1188 164
1188 227
1188 1099
1188 1168
1189 1168
1189 1296
1190 122
1190 248
1190 871
1190 1014
1191 589
1191 686
1191 712
1191 1112
1191 1445
1191 1502
1192 16
1194 276
1194 277
1194 1561
1194 1608
1194 1725
1195 449
1195 1103
1195 1300
1196 104
1196 1059
1196 1460
1196 1582
1196 1648
1196 1736
1197 652
1197 1126
1197 1132
1197 1310
1198 338
1198 386
1198 533
1198 839
1198 947
1198 1344
1199 35
1199 748
1199 1008
1200 599
1200 735
1200 1493
1200 1525
1201 3
1201 147
1201 232
1201 877
1202 52
1202 308
1202 335
1202 599
1202 853
1202 1008
1202 1056
1203 3
1203 346
1203 1517
1204 256
1204 303
1204 620
1204 703
1204 1105
1204 1273
1204 1506
1204 1670
1205 145
1205 360
1205 737
1205 744
1206 470
1206 981
1206 1221
1206 1298
1206 1410
1206 1736
1207 79
1207 1538
1207 1706
1208 415
1208 1598
1209 1275
1210 668
1210 938
1210 1494
1211 12
1211 1498
1212 1048
1212 1674
1212 1686
1213 160
1213 411
1213 419
1214 333
1214 547
1214 1343
1215 90
1215 581
1215 1239
1215 1557
1215 1687
1215 1694
1216 549
1216 920
1217 66
1217 150
1217 971
1217 1042
1217 1304
1218 128
1218 320
1219 1129
1219 1192
1219 1571
1219 1648
1220 108
1220 269
1220 1304
1220 1518
1220 1670
1221 300
1221 553
1221 989
1221 1143
1221 1199
1221 1513
1221 1537
1222 1006
1222 1153
1223 37
1223 246
1223 374
1224 507
1224 1482
1225 632
1225 1017
1225 1183
1227 105
1227 310
1227 498
1227 598
1227 1000
1228 571
1228 1646
1229 16
1229 45
1229 782
1229 1182
1230 103
1230 486
1230 852
1231 729
1231 1073
1231 1360
1231 1429
1231 1533
1231 1607
1232 947
1232 1065
1232 1278
1232 1747
1233 378
1233 774
1233 776
1233 793
1233 881
1233 1370
1234 41
1234 612
1234 919
1234 921
1234 1418
1234 1421
1234 1585
1235 1205
1235 1353
1236 139
1236 353
1236 1468
1236 1586
1237 214
1237 380
1237 1111
1237 1112
1238 467
1238 666
1238 757
1238 877
1238 1264
1238 1468
1239 116
1239 504
1239 983
1239 1532
1239 1690
1239 1723
1240 229
1240 1644
1241 878
1241 1594
1241 1683
1242 210
1242 724
1243 30
1243 1252
1243 1744
1244 633
1244 862
1244 863
1244 1030
1244 1495
1244 1655
1245 138
1245 316
1245 904
1245 1052
1245 1075
1245 1330
1246 1274
1247 754
1247 1094
1247 1115
1247 1268
1247 1347
1247 1427
1247 1636
1247 1741
1248 31
1248 368
1248 934
1248 1171
1248 1332
1248 1571
1248 1650
1249 330
1249 357
1249 555
1249 718
1249 1031
1249 1411
1250 248
1251 367
1251 578
1251 705
1251 721
1251 730
1251 807
1251 1638
1252 310
1252 866
1252 1041
1252 1347
1253 110
1253 172
1253 584
1253 1418
1253 1585
1254 671
1254 969
1254 1415
1255 582
1255 793
1255 797
1255 845
1255 1417
1255 1561
1255 1660
1256 1236
1256 1419
1256 1559
1257 1083
1257 1283
1258 586
1258 681
1258 877
1258 1427
1259 576
1259 640
1259 768
1259 1712
1260 717
1260 816
1260 1531
1260 1591
1261 1166
1261 1653
1261 1665
1262 1534
1263 131
1263 649
1263 690
1263 1513
1264 231
1265 872
1265 1313
1266 827
1266 1527
1267 974
1267 1123
1267 1417
1268 239
1268 262
1268 609
1268 888
1269 435
1269 464
1269 663
1269 1186
1269 1390
1269 1580
1269 1651
1270 141
1270 354
1270 698
1270 750
1270 813
1271 704
1271 1243
1272 399
1272 745
1272 960
1273 281
1273 454
1273 520
1273 1662
1274 277
1274 781
1274 787
1275 441
1275 859
1275 901
1275 1457
1276 724
1276 727
1276 1158
1276 1683
1277 1046
1277 1141
1277 1181
1278 39
1278 274
1278 825
1278 918
1278 1015
1278 1016
1278 1621
1279 36
1279 1348
1280 87
1280 218
1280 1154
1281 530
1281 800
1281 949
1281 1076
1282 127
1282 193
1282 461
1282 488
1282 588
1282 1479
1283 424
1283 1684
1284 1093
1284 1342
1284 1379
1284 1446
1284 1610
1285 647
1285 1542
1286 324
1286 598
1287 323
1288 778
1288 1071
1288 1193
1289 997
1289 1136
1290 333
1291 143
1291 1130
1291 1201
1292 54
1292 531
1292 854
1292 1589
1293 514
1293 805
1293 1357
1293 1435
1293 1523
1294 1035
1294 1734
1294 1736
1295 140
1295 850
1295 1435
1295 1557
1295 1624
1295 1684
1296 295
1296 927
1296 1094
1296 1213
1296 1680
1297 99
1297 497
1297 1044
1297 1587
1298 1251
1298 1437
1299 516
1299 603
1299 708
1299 1476
1299 1570
1300 410
1300 475
1300 1311
1300 1607
1301 623
1301 661
1301 727
1301 828
1302 387
1302 790
1302 939
1302 1078
1302 1472
1303 10
1303 302
1303 1086
1303 1497
1303 1666
1304 568
1304 609
1304 794
1305 250
1305 1165
1305 1714
1306 383
1306 803
1306 1513
1306 1575
1307 656
1307 849
1307 1500
1307 1573
1308 302
1308 668
1308 892
1308 1211
1308 1659
1309 406
1309 1229
1309 1390
1309 1396
1311 801
1311 1655
1312 24
1312 1074
1312 1594
1312 1611
1312 1701
1313 198
1313 955
1313 1294
1313 1457
1313 1478
1313 1664
1314 114
1314 156
1314 363
1314 689
1314 795
1314 1254
1314 1421
1314 1446
1314 1632
1315 238
1315 384
1315 803
1315 1636
1316 176
1316 399
1316 448
1316 863
1317 255
1317 426
1317 744
1317 775
1317 880
1317 1239
1317 1289
1317 1494
1317 1701
1318 253
1318 411
1318 541
1318 1586
1319 322
1319 589
1319 1545
1320 413
1320 797
1320 844
1320 982
1320 1559
1321 1232
1321 1619
1321 1731
1323 299
1323 379
1323 631
1323 1334
1323 1491
1324 124
1324 635
1324 996
1324 1483
1324 1635
1324 1708
1324 1715
1325 97
1325 1006
1325 1677
1325 1689
1326 512
1326 1376
1327 350
1327 1000
1327 1253
1328 57
1328 296
1328 304
1329 1452
1330 1594
1331 1273
1332 177
1332 354
1332 613
1332 1408
1332 1730
1333 197
1333 294
1333 363
1333 805
1333 1045
1333 1105
1333 1121
1333 1621
1333 1624
1334 553
1334 702
1334 1064
1334 1238
1335 184
1335 1265
1336 174
1336 391
1337 845
1337 865
1337 947
1337 1046
1337 1357
1338 539
1338 825
1339 306
1339 425
1339 624
1339 939
1339 1461
1339 1743
1340 246
1340 284
1340 551
1340 715
1340 1591
1340 1663
1342 593
1342 1528
1344 122
1344 292
1344 445
1344 501
1344 524
1344 1090
1344 1134
1344 1466
1345 1038
1345 1304
1345 1610
1345 1660
1346 612
1346 1004
1346 1118
1346 1267
1346 1518
1346 1628
1347 54
1347 540
1347 556
1347 671
1347 924
1347 960
1347 1518
1347 1558
1348 717
1349 1107
1349 1544
1350 686
1350 793
1350 1241
1350 1423
1350 1639
1351 508
1351 601
1351 604
1351 640
1351 694
1351 1074
1351 1256
1352 46
1352 591
1352 1283
1353 461
1353 965
1353 1599
1353 1745
1355 635
1355 718
1355 738
1355 1089
1355 1162
1356 123
1356 290
1356 724
1356 791
1356 865
1356 1635
1357 26
1357 426
1357 1267
1358 88
1358 1400
1359 30
1359 39
1359 314
1359 1273
1359 1469
1360 443
1360 1458
1361 229
1361 365
1361 931
1362 380
1362 996
1362 1340
1362 1406
1362 1441
1363 237
1363 508
1363 1080
1363 1081
1363 1679
1364 245
1364 272
1364 1030
1364 1271
1365 100
1365 125
1365 730
1366 566
1367 55
1367 211
1367 734
1367 849
1367 1061
1367 1302
1368 295
1368 555
1368 1429
1369 255
1369 574
1369 655
1370 238
1370 813
1370 856
1370 1210
1371 765
1372 725
1372 1064
1372 1258
1372 1393
1373 322
1373 622
1373 1702
1374 239
1374 339
1374 409
1374 465
1374 647
1374 1280
1375 153
1375 359
1375 395
1375 694
1375 825
1375 1050
1375 1467
1375 1512
1376 343
1376 803
1376 989
1376 1696
1377 654
1377 1299
1378 335
1378 417
1378 648
1378 1368
1379 68
1379 235
1379 962
1379 1133
1379 1606
1379 1638
1380 177
1380 552
1380 652
1381 557
1381 1350
1381 1724
1382 447
1383 254
1383 359
1383 543
1383 963
1383 1119
1383 1134
1383 1466
1383 1657
1384 364
1384 854
1384 1532
1384 1572
1386 81
1386 166
1386 336
1386 742
1386 1478
1386 1736
1387 873
1387 1273
1389 326
1389 718
1389 896
1389 980
1389 1362
1390 661
1390 1167
1390 1301
1390 1537
1390 1737
1391 68
1391 460
1391 516
1391 642
1391 762
1392 558
1392 896
1393 302
1393 415
1393 569
1393 750
1393 1226
1393 1466
1393 1540
1393 1701
1394 664
1394 766
1394 861
1394 993
1394 1214
1394 1297
1394 1426
1394 1744
1395 395
1395 458
1395 1569
1395 1699
1396 470
1396 904
1396 982
1396 1110
1396 1711
1397 81
1397 136
1397 868
1397 1135
1397 1162
1397 1606
1398 330
1398 1679
1399 74
1399 229
1399 245
1399 1403
1399 1470
1400 460
1400 543
1400 593
1401 22
1401 136
1401 292
1401 680
1401 1154
1401 1363
1402 26
1402 62
1402 95
1402 703
1402 807
1402 1218
1402 1378
1403 479
1403 1257
1403 1267
1403 1334
1403 1731
1404 57
1404 205
1404 905
1404 1114
1404 1280
1404 1519
1405 34
1405 350
1405 525
1405 779
1406 240
1407 122
1407 980
1407 1509
1407 1734
1408 772
1408 1114
1409 350
1409 543
1409 1124
1409 1323
1409 1687
1410 199
1410 722
1410 818
1410 1296
1410 1744
1412 120
1412 498
1412 903
1412 1017
1412 1249
1413 761
1413 804
1413 1058
1413 1194
1413 1347
1413 1502
1413 1586
1414 270
1414 654
1414 805
1414 1584
1414 1633
1414 1646
1415 197
1416 391
1416 955
1416 972
1416 1710
1417 462
1417 981
1417 997
1417 1040
1418 235
1418 349
1418 1151
1418 1211
1419 589
1419 906
1419 1493
1420 456
1420 1689
1421 185
1421 342
1421 1363
1421 1531
1421 1684
1422 177
1422 574
1422 1122
1422 1522
1423 250
1423 1148
1424 317
1424 470
1424 1106
1426 105
1426 656
1426 820
1426 1656
1427 578
1427 643
1427 662
1427 1304
1427 1323
1427 1693
1428 194
1428 225
1428 636
1428 691
1428 1376
1428 1544
1428 1558
1429 110
1429 267
1429 444
1429 1065
1429 1258
1429 1698
1430 4
1430 181
1430 202
1430 370
1430 657
1430 1461
1431 1046
1431 1542
1432 234
1432 406
1433 82
1433 176
1433 284
1433 1266
1433 1479
1433 1558
1433 1700
1434 1085
1434 1668
1435 1024
1435 1082
1436 157
1436 431
1436 1623
1436 1665
1437 26
1437 64
1437 902
1437 1141
1438 168
1438 351
1438 1095
1438 1695
1439 88
1439 96
1439 849
1439 861
1440 72
1440 236
1440 1327
1441 513
1441 568
1441 743
1441 1387
1442 1314
1442 1440
1442 1474
1443 11
1443 1188
1443 1209
1443 1667
1444 143
1444 679
1444 1083
1444 1418
1445 286
1445 315
1445 1190
1445 1534
1445 1673
1446 279
1446 397
1446 607
1446 1248
1446 1255
1446 1747
1447 704
1447 1748
1448 92
1448 466
1448 901
1449 217
1449 363
1449 460
1449 781
1449 1395
1449 1642
1450 1437
1450 1544
1451 60
1451 742
1451 768
1451 1253
1451 1691
1452 550
1452 1138
1452 1204
1452 1279
1452 1355
1452 1420
1453 1223
1454 77
1454 115
1454 1029
1454 1517
1455 70
1456 204
1456 432
1456 882
1456 968
1456 1300
1456 1621
1457 239
1457 525
1457 991
1457 1305
1457 1313
1457 1735
1458 392
1458 598
1458 602
1458 1494
1458 1597
1459 128
1459 232
1459 545
1459 1039
1459 1049
1459 1399
1459 1482
1460 574
1460 1141
1460 1477
1460 1581
1461 329
1461 1188
1461 1355
1461 1547
1462 601
1462 682
1462 1193
1463 16
1463 492
1463 1220
1464 302
1464 654
1464 1625
1464 1649
1464 1668
1465 180
1465 731
1465 920
1465 1494
1465 1558
1466 56
1466 148
1466 316
1466 359
1466 392
1466 940
1466 1510
1466 1609
1467 179
1467 632
1467 877
1468 1117
1468 1332
1468 1516
1468 1659
1469 532
1469 877
1469 1039
1470 701
1470 843
1470 1020
1470 1191
1471 368
1471 1507
1471 1518
1471 1666
1472 69
1472 256
1472 345
1472 654
1473 108
1473 1023
1474 988
1474 1052
1475 98
1475 875
1475 1420
1475 1698
1475 1715
1476 467
1476 503
1476 810
1476 976
1477 295
1478 1139
1478 1425
1478 1545
1479 255
1479 911
1479 1315
1479 1607
1480 80
1481 905
1481 1617
1482 1235
1483 89
1483 186
1483 481
1483 785
1483 948
1484 56
1484 1014
1485 397
1485 769
1485 1742
1486 81
1486 274
1486 950
1486 1346
1487 218
1487 571
1488 1466
1489 1049
1490 951
1490 1049
1490 1269
1491 45
1491 1158
1491 1395
1492 552
1492 1399
1492 1534
1493 92
1493 360
1494 1642
1494 1690
1495 4
1495 425
1495 806
1495 1028
1495 1143
1495 1554
1495 1734
1496 1213
1496 1710
1497 337
1497 885
1497 1011
1497 1088
1497 1283
1497 1570
1497 1620
1497 1725
1498 1282
1498 1394
1499 391
1500 340
1500 344
1500 661
1500 984
1500 1666
1501 277
1501 741
1501 868
1501 997
1501 1215
1501 1446
1502 610
1502 1417
1502 1564
1503 802
1503 1143
1503 1443
1504 127
1504 697
1504 914
1504 1011
1504 1292
1505 664
1507 83
1507 541
1507 603
1507 701
1507 1546
1508 150
1508 297
1508 368
1508 1586
1509 186
1509 702
1510 920
1510 1197
1510 1229
1511 839
1511 1366
1512 128
1512 335
1512 574
1513 533
1513 546
1513 627
1513 1013
1513 1240
1513 1372
1513 1545
1514 124
1514 409
1514 516
1514 521
1514 817
1515 589
1515 735
1515 1535
1516 361
1516 1532
1517 302
1517 415
1517 692
1517 759
1517 1007
1517 1147
1517 1257
1518 478
1518 766
1518 1097
1518 1644
1518 1743
1519 407
1519 525
1520 191
1520 501
1520 573
1520 593
1520 962
1520 1269
1520 1276
1520 1461
1520 1706
1521 382
1521 490
1521 653
1521 684
1521 736
1521 1469
1521 1648
1522 289
1522 942
1522 1749
1523 13
1523 132
1523 205
1523 1033
1523 1074
1523 1186
1523 1236
1523 1355
1524 95
1524 205
1524 228
1524 577
1524 983
1524 1257
1525 306
1525 484
1525 568
1525 752
1525 1149
1525 1515
1526 586
1526 1086
1526 1327
1526 1394
1527 6
1527 751
1527 1183
1527 1446
1528 82
1528 343
1528 348
1528 1112
1528 1346
1528 1468
1529 568
1529 1564
1530 742
1530 745
1530 783
1530 1687
1531 122
1531 688
1531 925
1531 1360
1531 1533
1532 631
1532 829
1532 1146
1532 1152
1533 504
1533 1476
1533 1573
1533 1722
1534 157
1534 398
1534 1024
1534 1477
1535 310
1535 436
1535 496
1535 1073
1536 35
1536 46
1536 194
1536 692
1536 934
1537 267
1537 713
1537 902
1537 1017
1537 1318
1537 1711
1538 195
1538 501
1538 1195
1538 1220
1538 1449
1539 153
1539 397
1539 406
1539 913
1539 1116
1540 1028
1541 211
1541 706
1541 1704
1541 1735
1542 953
1542 1085
1542 1135
1542 1138
1542 1536
1542 1668
1543 88
1543 341
1543 1274
1544 204
1544 262
1544 521
1544 1048
1544 1119
1544 1539
1545 104
1545 186
1545 885
1545 894
1545 964
1545 1565
1546 104
1546 224
1546 316
1546 345
1546 486
1546 1318
1546 1389
1547 1300
1548 155
1548 169
1548 1235
1549 156
1549 253
1549 398
1549 856
1549 1518
1549 1581
1549 1693
1550 307
1550 1403
1551 735
1551 766
1551 768
1551 982
1551 1460
1551 1556
1552 61
1552 350
1552 586
1552 1228
1553 302
1553 1248
1553 1749
1554 5
1554 309
1554 1593
1555 120
1555 142
1555 1200
1556 663
1557 470
1557 674
1557 803
1557 1355
1557 1564
1558 53
1558 1388
1558 1628
1559 802
1559 1292
1559 1450
1560 297
1560 328
1560 421
1560 540
1560 624
1560 1073
1560 1098
1560 1519
1561 483
1561 632
1561 878
1562 168
1562 1416
1563 538
1563 820
1563 952
1564 495
1564 610
1565 623
1565 1292
1566 93
1566 1110
1566 1722
1567 123
1567 296
1567 327
1567 817
1567 1355
1568 33
1568 288
1568 1093
1568 1493
1569 55
1569 291
1569 891
1570 63
1570 278
1570 441
1570 1029
1570 1237
1570 1289
1570 1627
1570 1746
1571 625
1571 748
1571 815
1571 869
1572 56
1572 978
1573 435
1573 538
1573 1532
1573 1610
1574 380
1574 518
1574 714
1574 1554
1575 209
1575 405
1575 1187
1576 145
1576 202
1576 337
1576 447
1576 548
1576 623
1576 1499
1578 632
1578 1248
1579 241
1579 917
1579 1618
1580 92
1580 803
1580 1403
1580 1478
1580 1553
1581 667
1581 720
1581 1660
1582 25
1582 827
1582 1707
1583 438
1583 504
1583 1398
1584 317
1584 426
1584 510
1584 774
1584 830
1584 1395
1585 859
1585 869
1585 1014
1586 48
1586 78
1586 897
1587 309
1588 318
1588 882
1588 1046
1588 1083
1588 1095
1589 672
1590 86
1590 753
1591 74
1591 441
1592 505
1592 858
1592 982
1592 1305
1592 1599
1593 194
1593 1298
1594 1443
1595 94
1595 547
1595 898
1595 1199
1595 1275
1595 1424
1595 1534
1596 399
1596 927
1596 930
1596 1038
1596 1368
1596 1489
1596 1495
1597 670
1597 1480
1597 1588
1597 1670
1598 280
1598 635
1598 788
1599 92
1599 167
1599 1142
1600 368
1600 900
1601 156
1601 341
1601 1445
1602 118
1602 131
1602 448
1603 57
1603 810
1603 1255
1604 298
1604 499
1604 868
1604 1054
1604 1449
1604 1540
1605 89
1605 197
1605 990
1605 1005
1605 1383
1605 1636
1605 1703
1605 1730
1606 230
1606 456
1606 729
1607 223
1607 663
1607 852
1607 857
1607 1066
1607 1421
1608 41
1608 185
1608 440
1608 844
1608 1409
1608 1698
1610 106
1610 221
1610 660
1610 781
1610 1563
1611 252
1611 600
1611 1054
1611 1290
1612 204
1612 546
1612 1012
1612 1358
1612 1676
1613 428
1613 1084
1614 510
1614 1270
1615 8
1616 283
1616 1217
1617 298
1618 60
1618 698
1618 856
1618 936
1618 954
1618 1058
1618 1490
1618 1571
1618 1610
1619 523
1620 241
1620 1534
1620 1719
1621 767
1621 883
1621 1444
1622 236
1622 602
1622 1127
1623 425
1623 804
1623 820
1623 994
1623 1065
1623 1393
1623 1627
1624 210
1624 329
1624 438
1624 1235
1625 356
1625 491
1625 1391
1625 1603
1625 1685
1626 1407
1626 1686
1627 110
1627 377
1627 563
1627 597
1627 1617
1628 519
1628 1023
1628 1330
1629 345
1629 1032
1629 1108
1629 1265
1629 1336
1629 1386
1629 1683
1630 122
1630 370
1630 747
1630 936
1630 1446
1631 182
1631 595
1631 1653
1632 34
1632 130
1632 1032
1632 1221
1633 981
1633 998
1633 1106
1633 1426
1633 1496
1633 1587
1634 150
1634 576
1634 845
1634 865
1634 1039
1634 1673
1634 1702
1635 513
1635 770
1635 948
1635 1118
1635 1541
1635 1569
1636 910
1636 1282
1636 1288
1636 1382
1638 1249
1638 1392
1639 165
1639 595
1639 917
1639 1053
1639 1330
1640 27
1640 330
1640 356
1640 1539
1640 1556
1641 171
1641 305
1641 698
1641 766
1641 1466
1641 1611
1642 431
1642 1576
1642 1613
1643 1128
1644 143
1645 11
1645 12
1645 71
1646 740
1646 745
1646 1407
1647 230
1647 476
1647 1700
1648 477
1648 1659
1649 5
1649 294
1650 410
1650 490
1650 660
1650 690
1650 870
1650 1228
1650 1432
1651 408
1651 997
1651 1000
1652 512
1652 763
1652 769
1652 1289
1652 1529
1653 58
1653 158
1653 523
1653 548
1653 1489
1653 1567
1654 240
1654 652
1654 1046
1655 657
1655 1199
1655 1239
1656 821
1656 1170
1656 1233
1657 343
1657 873
1657 1137
1658 900
1658 1621
1658 1637
1659 86
1659 1432
1659 1465
1660 208
1660 416
1661 101
1661 447
1661 863
1661 1146
1661 1186
1661 1408
1661 1688
1662 303
1662 684
1662 704
1662 748
1662 843
1662 1626
1662 1673
1663 197
1663 232
1663 741
1664 423
1664 498
1664 1490
1664 1707
1665 947
1665 1096
1665 1111
1665 1393
1666 355
1666 544
1666 902
1666 1613
1667 12
1667 164
1667 555
1667 1134
1667 1204
1668 191
1668 338
1668 922
1668 987
1668 1161
1668 1399
1668 1662
1669 150
1669 603
1669 837
1670 421
1670 741
1670 1071
1671 720
1671 1670
1672 31
1672 585
1672 766
1672 874
1672 1391
1673 456
1673 482
1673 801
1673 1446
1673 1564
1674 372
1674 1170
1675 247
1675 288
1675 490
1675 735
1675 884
1675 1225
1675 1392
1676 826
1676 1259
1676 1303
1676 1311
1677 420
1677 625
1677 769
1677 1344
1678 449
1678 899
1678 1496
1679 903
1679 1366
1680 455
1680 620
1680 1168
1680 1401
1680 1731
1681 690
1681 786
1681 1134
1681 1140
1681 1174
1681 1354
1681 1576
1682 30
1682 471
1682 956
1682 1048
1682 1578
1683 800
1683 802
1684 59
1684 664
1684 1518
1685 362
1685 1422
1686 1156
1686 1740
1687 254
1687 307
1687 327
1687 1233
1687 1504
1687 1551
1687 1622
1687 1742
1688 857
1688 872
1688 912
1688 1280
1688 1282
1689 265
1689 478
1689 699
1689 820
1689 1500
1689 1639
1690 148
1690 731
1690 1246
1691 104
1691 667
1691 757
1691 1108
1692 199
1692 933
1692 1002
1692 1390
1692 1399
1693 42
1693 344
1693 533
1693 1059
1693 1117
1693 1437
1694 1493
1695 20
1695 664
1695 1518
1695 1705
1695 1730
1696 738
1697 98
1697 969
1697 1609
1698 160
1698 293
1698 362
1698 1229
1698 1611
1699 1284
1700 196
1700 1026
1701 47
1701 305
1701 520
1701 575
1701 759
1701 1092
1701 1531
1701 1535
1701 1598
1702 430
1702 577
1702 702
1702 745
1703 117
1703 392
1703 615
1703 1219
1703 1470
1703 1569
1703 1735
1704 405
1704 435
1704 806
1705 581
1705 1231
1705 1384
1705 1532
1706 215
1706 431
1706 1281
1706 1632
1706 1685
1708 698
1708 1414
1708 1686
1709 270
1709 690
1709 1019
1709 1438
1709 1740
1710 660
1711 1542
1712 367
1712 854
1712 1422
1713 187
1713 226
1713 905
1713 931
1714 67
1714 1164
1715 18
1715 582
1715 840
1715 884
1715 1128
1715 1415
1715 1539
1715 1608
1716 16
1716 662
1716 1111
1716 1302
1717 671
1718 364
1718 400
1718 596
1718 763
1718 1172
1718 1182
1718 1223
1718 1685
1719 220
1719 674
1719 1150
1719 1639
1720 1343
1720 1710
1721 127
1721 314
1721 357
1721 1229
1721 1246
1721 1744
1722 751
1722 1639
1723 373
1723 729
1723 789
1724 222
1724 1584
1725 397
1725 573
1725 676
1725 1027
1725 1614
1725 1671
1725 1717
1726 84
1726 536
1726 567
1727 128
1727 211
1727 420
1727 943
1727 1135
1727 1239
1727 1310
1727 1494
1727 1586
1727 1590
1728 154
1728 278
1728 550
1729 505
1729 629
1729 1278
1729 1303
1729 1471
1730 130
1730 444
1730 870
1730 1531
1731 15
1731 542
1731 1256
1732 113
1732 509
1732 895
1732 1538
1733 443
1733 498
1733 656
1733 714
1733 908
1734 37
1734 769
1734 1502
1734 1743
1735 449
1735 548
1735 715
1735 963
1735 1366
1735 1409
1736 458
1736 581
1737 1079
1737 1667
1738 126
1738 659
1738 788
1738 951
1738 1311
1738 1360
1738 1675
1739 406
1739 707
1739 781
1739 1386
1739 1516
1739 1620
1740 19
1740 543
1740 837
1740 1018
1740 1315
1741 224
1741 422
1741 628
1742 162
1742 719
1742 882
1742 1003
1742 1163
1742 1348
1742 1538
1743 679
1743 1168
1743 1195
1743 1456
1743 1468
1743 1675
1744 703
1744 1414
1744 1543
1745 1408
1746 88
1746 417
1746 1040
1746 1046
1746 1665
1747 350
1747 626
1747 883
1747 958
1747 1238
1747 1404
1747 1722
1748 229
1748 669
1748 775
1748 977
1748 1071
1748 1611
1749 7
1749 235
1749 377
1749 398
1749 651
1749 734
1749 1000
1749 1253
1749 1660
1750 360
1750 634
