1750
10489
1 232
1 306
1 1177
2 146
2 193
2 505
2 1348
2 1418
3 651
3 749
3 986
3 1469
3 1507
3 1663
4 78
4 116
4 605
4 871
4 1204
5 201
5 212
5 243
5 418
5 902
5 930
6 924
6 1147
6 1300
6 1414
6 1463
7 15
7 555
7 774
7 1392
7 1414
7 1427
7 1484
8 18
8 147
8 345
8 756
8 939
8 1495
8 1510
9 95
9 326
9 900
9 1263
10 741
10 777
10 949
10 1065
10 1498
10 1580
10 1729
11 191
11 209
11 263
11 364
11 980
11 1582
11 1672
12 180
12 251
12 346
12 814
12 1519
13 194
13 645
13 983
13 1442
13 1521
14 381
14 630
14 892
14 1541
15 50
15 127
15 161
15 169
15 600
15 1118
15 1124
15 1197
15 1211
15 1392
16 77
16 226
16 595
16 844
16 1295
16 1730
17 36
17 154
17 965
17 1444
17 1727
18 114
18 125
18 156
18 170
18 329
18 665
18 706
18 1114
18 1117
18 1149
18 1255
18 1669
19 241
19 1359
20 36
20 466
20 525
20 739
20 863
20 1005
20 1178
20 1578
20 1741
21 141
21 518
21 808
21 973
21 1205
21 1267
21 1277
21 1297
22 281
22 423
22 570
22 1139
22 1378
23 221
23 1068
23 1246
23 1520
24 598
24 697
24 760
24 770
24 1123
25 54
25 196
25 403
25 525
25 1205
26 226
26 363
26 1184
26 1232
26 1236
26 1501
27 119
27 138
27 520
27 667
27 879
27 1042
27 1348
27 1430
28 97
28 102
28 380
28 690
28 841
28 1302
28 1567
29 208
29 541
29 670
29 793
29 853
29 926
29 1037
29 1082
29 1393
29 1434
29 1540
29 1606
30 345
30 454
31 685
31 772
31 998
31 1065
31 1165
31 1198
31 1254
31 1277
31 1396
31 1591
32 232
32 574
32 582
32 1037
32 1061
33 266
33 634
33 1342
33 1553
33 1665
34 108
34 1309
34 1352
34 1370
34 1530
35 49
35 490
35 663
35 1174
36 281
36 308
36 408
36 442
36 458
36 659
36 833
36 1484
36 1559
37 1138
38 53
38 844
38 1668
39 72
39 1080
39 1188
40 156
40 348
40 494
40 930
40 1337
40 1348
40 1516
40 1563
40 1672
41 726
41 735
41 882
41 1252
41 1343
41 1456
41 1569
41 1682
42 181
42 670
42 803
42 1010
42 1300
43 338
43 770
43 800
43 837
43 886
43 1510
44 510
44 880
44 1134
44 1663
44 1705
45 535
45 601
45 915
45 1272
45 1400
46 635
46 1219
47 420
47 456
47 675
47 838
47 1397
47 1417
47 1571
48 2
48 267
48 280
48 953
48 1127
48 1488
48 1634
49 78
49 431
49 496
49 1040
49 1136
49 1701
50 132
50 620
50 943
50 1585
51 260
51 348
51 1220
51 1657
52 1075
52 1260
53 25
53 347
53 765
53 1313
53 1577
53 1589
54 199
54 503
54 1671
55 59
55 672
55 771
55 859
55 1575
56 136
56 1379
56 1622
56 1652
57 282
57 763
57 1041
58 292
58 328
58 384
58 551
58 575
58 602
58 670
58 709
58 1183
58 1184
58 1336
59 29
59 64
59 211
60 399
60 774
61 1403
62 299
62 324
62 522
62 573
62 791
62 1113
62 1342
62 1432
62 1434
62 1543
63 168
63 655
63 717
63 813
63 833
63 1007
63 1230
63 1282
63 1389
63 1684
63 1736
64 166
64 281
64 397
64 570
64 591
64 854
64 993
64 1244
64 1415
64 1626
64 1741
65 80
65 393
65 591
65 811
65 1368
65 1632
66 218
66 678
66 1285
66 1455
66 1477
67 124
67 447
67 546
67 1328
67 1464
67 1533
67 1562
68 24
68 45
68 175
68 652
68 783
68 929
68 1031
68 1198
68 1680
69 59
69 344
69 377
69 1271
69 1317
69 1496
70 17
70 93
70 171
70 750
70 800
70 1207
70 1281
70 1309
70 1561
70 1613
71 199
71 240
71 564
71 568
71 745
71 1066
71 1160
72 247
72 287
72 598
72 905
72 939
72 1137
72 1163
72 1182
73 375
73 577
73 935
73 972
73 1032
73 1194
74 734
74 985
74 1162
74 1725
75 1207
75 1443
75 1648
76 59
76 228
76 251
76 346
76 364
76 1167
76 1213
77 134
77 668
77 1733
78 122
78 123
78 170
78 664
78 680
78 786
78 931
78 1303
79 532
79 568
79 684
79 765
79 1234
80 170
80 377
80 466
80 709
80 754
80 1634
81 95
81 549
81 639
81 903
81 989
81 1159
81 1603
81 1727
82 735
83 203
83 329
83 594
83 638
83 669
83 825
83 972
83 1525
83 1556
83 1559
84 287
84 1424
85 188
85 1030
85 1074
85 1138
85 1565
86 1071
86 1150
86 1199
86 1250
86 1739
87 161
87 207
87 543
87 958
87 1065
87 1336
88 135
88 418
88 479
88 489
88 1420
88 1485
89 424
89 544
89 754
89 1053
89 1299
89 1572
90 497
90 536
90 558
90 826
90 864
90 943
90 1299
91 236
91 317
91 1292
92 271
92 597
92 903
92 1564
93 318
93 349
93 588
93 1303
93 1472
93 1670
93 1728
94 32
94 59
94 202
94 668
94 895
94 1246
94 1248
94 1324
95 214
95 461
95 929
95 1214
96 461
96 772
96 1214
96 1333
97 381
97 630
97 855
97 935
97 972
97 1271
97 1571
98 171
98 175
98 460
98 534
98 689
98 1370
98 1689
99 76
99 511
99 598
99 737
99 851
99 1115
99 1319
99 1394
99 1633
100 176
100 304
100 367
100 589
100 778
100 1042
100 1063
100 1261
100 1300
101 303
101 625
101 930
101 991
101 1145
101 1209
101 1530
101 1574
102 28
102 106
102 231
102 668
102 893
102 1005
102 1075
102 1107
102 1145
103 53
103 98
103 649
103 683
103 877
103 912
103 982
103 1110
103 1112
103 1301
103 1507
104 208
104 698
104 839
104 906
104 1324
104 1522
104 1567
105 170
105 774
105 1091
105 1097
105 1165
105 1304
105 1564
105 1676
106 127
106 191
106 217
106 847
107 21
107 347
107 757
107 937
107 1010
107 1020
107 1132
107 1330
107 1616
108 213
108 399
108 711
108 1687
109 72
109 357
109 711
109 1080
109 1502
109 1674
110 56
110 986
110 1207
110 1237
110 1258
110 1294
110 1452
111 143
111 203
111 323
111 347
111 560
111 1748
112 210
112 511
112 617
112 955
112 984
112 1154
112 1714
113 233
113 332
113 1124
113 1159
113 1649
114 569
114 1572
115 10
115 337
115 745
115 1577
116 363
116 468
116 720
116 975
116 1104
117 515
117 703
117 754
117 772
117 1025
117 1687
118 15
118 125
118 275
118 314
118 368
118 425
118 513
118 1019
119 444
119 911
120 105
120 791
120 997
120 1140
120 1380
120 1624
121 170
121 205
121 664
121 726
121 756
121 1687
122 648
122 967
122 1101
122 1117
122 1242
122 1586
122 1750
123 158
123 296
123 457
123 564
123 686
123 1047
123 1080
124 42
124 799
125 201
125 410
125 551
125 1333
125 1659
126 71
126 136
126 292
126 399
126 441
126 539
126 1308
126 1412
126 1674
127 4
127 109
127 117
127 149
127 205
127 355
127 642
127 829
127 1016
127 1647
127 1654
128 309
128 503
128 1116
128 1123
128 1135
128 1230
128 1531
128 1553
129 19
129 869
129 917
129 962
129 988
129 1441
130 121
130 323
130 930
130 1002
130 1046
130 1396
130 1542
131 439
131 449
131 1129
131 1332
131 1354
131 1550
131 1747
132 878
133 138
133 461
133 966
133 1180
133 1184
133 1280
133 1300
133 1317
134 55
134 174
134 270
134 320
134 550
134 668
134 1108
134 1519
135 115
135 153
135 471
135 485
135 552
135 841
135 1127
135 1266
135 1343
135 1599
135 1643
136 363
136 714
136 885
136 1337
136 1546
137 474
137 716
137 732
137 973
137 1139
137 1710
138 2
138 621
138 963
138 1651
139 124
139 162
139 433
139 879
139 1522
140 74
140 448
140 726
140 994
141 151
141 616
141 721
141 1004
141 1107
141 1252
141 1285
141 1432
141 1487
141 1521
142 182
142 1384
142 1398
142 1660
142 1699
142 1712
143 123
143 436
143 504
143 1030
143 1102
143 1384
143 1528
144 130
144 349
144 563
144 756
144 760
144 969
144 1024
144 1328
144 1438
145 1158
145 1176
145 1377
145 1638
146 467
146 553
146 1716
147 280
147 394
147 481
147 729
147 790
147 1310
148 54
148 92
148 1250
148 1661
148 1689
149 247
149 515
149 754
149 871
149 966
149 978
149 1238
149 1279
149 1317
150 323
150 357
150 917
150 1022
151 228
151 251
151 362
151 370
151 705
151 710
151 782
151 1159
151 1183
152 245
152 545
152 569
152 1224
152 1226
153 706
153 909
153 1532
153 1597
154 746
154 803
154 1000
154 1543
155 131
155 292
155 399
155 1001
155 1434
155 1506
156 186
156 398
156 689
156 779
156 872
156 1000
156 1090
156 1497
156 1507
156 1687
157 72
157 375
157 644
157 1443
157 1667
158 228
158 529
158 670
158 725
158 1155
158 1178
158 1196
159 416
159 583
159 727
159 885
159 1069
159 1383
159 1487
160 254
160 267
160 561
160 886
160 1203
160 1500
160 1553
160 1577
160 1705
161 122
161 616
161 966
161 1146
161 1611
162 358
162 517
162 711
162 1129
163 187
163 424
163 594
163 723
163 897
163 1080
163 1658
164 393
164 992
165 79
165 95
165 288
165 429
165 771
165 782
165 1038
166 307
166 1047
166 1572
166 1637
166 1657
167 958
167 1017
167 1325
167 1430
167 1635
168 449
168 481
168 516
168 791
168 1668
168 1734
169 740
169 781
169 1150
169 1657
170 106
170 320
170 1088
171 503
171 866
171 1287
171 1384
172 1
172 184
172 192
172 540
172 797
172 871
172 912
172 1383
172 1583
173 581
173 666
173 716
174 341
174 352
174 526
174 1640
175 76
175 142
175 686
175 891
175 1249
176 1508
177 243
177 454
177 518
177 742
177 776
177 838
177 952
177 964
177 1250
178 196
178 1047
178 1259
178 1708
179 213
179 419
179 422
179 471
179 558
179 645
179 658
180 195
180 345
180 820
180 912
180 1161
180 1496
181 553
181 768
181 1304
181 1418
181 1731
182 68
182 920
182 1034
182 1049
182 1274
183 158
183 504
183 887
183 970
183 1113
183 1298
183 1504
183 1628
184 26
184 87
184 200
184 443
184 495
184 497
184 721
184 1113
184 1439
185 612
185 641
185 1240
185 1727
186 48
186 387
186 1032
186 1175
187 85
187 751
187 1256
187 1287
188 47
188 104
188 233
188 529
188 609
188 713
188 830
188 1192
188 1204
188 1387
188 1496
188 1516
188 1518
188 1555
189 114
189 140
189 266
189 791
189 857
189 984
189 1011
189 1121
189 1349
190 83
190 444
190 569
190 1239
190 1348
190 1465
190 1504
190 1512
191 217
191 283
191 543
191 848
191 1064
191 1469
192 634
192 1019
192 1184
192 1514
192 1603
192 1695
193 1251
193 1414
193 1671
194 12
194 77
194 479
194 579
194 880
194 1314
194 1353
195 82
195 88
195 114
195 362
195 552
195 1016
195 1378
196 21
196 168
196 192
196 311
196 333
196 660
196 878
196 994
196 1314
196 1372
197 425
197 828
197 1024
197 1245
197 1617
197 1699
198 291
198 563
198 1282
198 1298
199 26
199 424
199 434
199 1320
199 1386
199 1408
199 1489
199 1529
199 1549
200 297
200 1216
200 1480
201 77
201 101
201 192
201 208
201 638
201 692
202 142
202 427
202 532
203 172
203 371
203 373
203 579
203 757
203 1006
203 1558
204 625
204 809
204 992
204 1117
205 153
205 210
205 392
205 428
205 464
205 638
205 732
206 450
206 1046
206 1240
207 244
207 636
207 1141
207 1193
208 428
208 481
208 1152
208 1190
208 1446
208 1563
208 1717
209 335
209 366
209 741
209 1458
210 638
210 913
210 1372
210 1602
211 304
211 318
211 350
211 378
211 488
211 661
211 1410
211 1521
212 623
212 641
212 1640
212 1725
213 9
213 145
213 171
213 235
213 420
213 606
213 1239
213 1408
214 193
214 205
214 301
214 386
215 804
215 1172
215 1363
215 1646
215 1648
216 444
216 1218
216 1686
217 141
217 236
217 293
217 615
217 795
217 1404
217 1577
217 1604
217 1660
217 1681
218 436
218 904
218 1336
218 1584
218 1637
218 1707
218 1723
219 66
219 785
219 830
219 931
219 1026
219 1672
220 154
220 307
220 521
220 1073
220 1127
220 1244
221 150
221 277
221 570
221 707
221 1043
221 1066
222 86
222 122
222 169
222 562
222 652
222 758
222 1551
222 1625
223 319
224 15
224 203
224 593
224 1145
224 1609
225 39
225 1409
225 1623
225 1724
226 1046
226 1184
226 1733
227 486
227 638
227 1106
227 1268
227 1416
227 1492
228 204
228 323
228 366
228 733
228 1014
228 1467
229 146
229 563
229 883
229 1080
229 1117
229 1297
229 1452
229 1707
230 520
230 877
230 900
230 1146
230 1261
230 1567
230 1660
231 54
231 465
231 548
231 921
231 1142
231 1155
231 1547
232 311
232 1205
233 95
233 133
233 878
233 907
233 955
233 1112
233 1710
234 297
234 337
234 412
234 541
234 595
234 727
234 934
234 953
234 1240
234 1308
234 1328
235 784
235 1721
236 276
236 370
236 648
236 916
236 1062
236 1192
236 1290
236 1416
236 1715
237 129
237 429
237 434
237 824
237 963
237 1018
237 1368
237 1408
237 1502
237 1559
237 1596
238 50
238 350
238 517
238 1497
239 477
239 697
240 873
240 1083
240 1157
240 1237
241 248
241 256
241 712
241 1533
242 64
242 252
242 1019
242 1203
242 1560
243 188
243 425
243 669
243 774
243 792
243 1252
243 1362
243 1384
243 1474
243 1563
243 1646
244 89
244 689
244 724
244 753
244 938
244 997
244 1022
244 1388
244 1434
244 1473
244 1614
245 8
245 79
245 186
245 489
245 1010
245 1078
245 1403
246 213
246 471
246 630
246 923
246 968
246 992
246 1328
247 501
247 575
247 847
247 1168
247 1266
247 1539
248 147
248 541
248 703
248 705
248 716
248 1322
249 78
249 81
249 224
249 302
249 598
249 648
249 710
249 857
249 1446
249 1519
249 1702
250 780
250 823
250 1698
251 387
251 836
251 858
251 1121
251 1247
251 1332
251 1601
251 1634
252 427
252 1359
253 410
253 533
253 693
253 1141
253 1543
253 1683
253 1737
254 5
254 318
254 491
254 958
254 1179
254 1311
254 1700
255 1076
255 1723
256 99
256 318
256 669
256 694
256 1164
257 275
257 1446
257 1621
257 1632
257 1737
258 134
258 178
258 186
258 733
258 1321
259 243
259 761
259 862
259 1070
260 37
260 111
260 190
260 460
260 1107
260 1111
260 1315
260 1537
261 107
261 380
261 779
261 1436
262 253
262 1531
262 1645
263 22
263 206
263 612
263 978
263 1173
263 1299
263 1560
263 1734
264 215
264 549
264 674
265 384
265 455
265 508
265 556
265 844
265 1069
266 8
266 40
266 865
266 1416
266 1696
266 1698
267 37
267 434
267 436
267 499
267 574
267 707
267 922
267 1150
267 1344
267 1503
267 1511
267 1742
268 30
268 651
268 810
268 1241
269 572
269 779
269 1071
270 79
270 214
270 235
270 549
270 870
270 1175
270 1492
271 208
271 515
271 910
271 1058
271 1565
271 1575
272 364
272 373
272 604
272 786
272 1124
272 1488
272 1547
273 447
273 734
273 1727
274 877
274 1369
275 66
275 154
275 542
275 1326
276 210
276 371
276 558
276 567
276 659
276 1455
277 173
277 584
277 590
277 796
277 1350
277 1401
277 1497
278 145
278 276
278 1221
278 1745
279 359
279 808
279 904
279 974
279 1231
279 1377
279 1595
279 1727
280 259
280 411
280 552
281 393
281 774
281 995
282 181
282 986
282 1249
282 1307
282 1344
282 1725
283 498
283 926
283 1167
283 1214
283 1425
283 1645
283 1656
284 186
284 238
284 241
284 865
284 1078
284 1224
284 1445
284 1663
285 127
285 266
285 272
285 458
285 859
285 1401
285 1664
286 1472
286 1736
287 170
287 1070
287 1665
288 47
288 1041
288 1286
288 1535
288 1551
289 376
289 568
289 1047
290 1013
290 1334
290 1429
291 70
291 817
291 881
291 1092
291 1133
291 1484
291 1502
291 1664
291 1681
292 20
292 1438
292 1721
293 397
293 472
293 579
293 647
293 661
293 847
293 904
293 964
293 1167
293 1231
293 1523
293 1616
293 1630
293 1665
294 128
294 192
294 288
295 1496
295 1647
296 70
296 405
296 819
296 865
296 1620
296 1621
296 1697
297 457
297 501
297 823
297 890
297 1445
297 1659
298 399
298 715
298 941
298 1074
298 1118
298 1202
298 1225
298 1396
298 1548
299 128
299 584
299 933
299 1058
299 1061
299 1188
299 1404
300 827
300 1100
300 1226
300 1231
301 102
301 430
301 1344
302 65
302 1109
302 1117
302 1503
303 488
303 836
303 898
303 1546
303 1631
303 1668
303 1724
304 108
304 492
304 705
304 1503
304 1537
304 1651
305 346
305 1320
305 1501
305 1651
306 950
306 985
306 1612
307 110
307 589
307 800
307 1247
307 1499
307 1659
308 225
308 248
308 268
308 294
308 605
308 651
308 829
308 874
308 1066
308 1070
308 1335
309 71
309 145
309 239
309 398
309 544
309 707
309 744
309 988
309 1118
309 1609
309 1631
310 273
310 807
310 1022
310 1117
310 1350
310 1508
311 164
311 188
311 704
311 815
311 1019
311 1613
312 43
312 77
312 699
312 806
312 1413
312 1543
312 1707
313 87
313 691
313 1454
313 1578
313 1629
313 1707
313 1712
314 363
314 394
314 445
314 450
314 503
314 624
314 729
315 628
315 1268
315 1402
316 109
316 259
316 662
316 710
316 728
316 1025
316 1160
316 1243
317 372
317 681
317 722
317 1047
317 1321
317 1355
318 542
318 863
318 950
318 1087
318 1415
318 1499
319 901
319 1249
319 1503
319 1650
320 138
320 412
320 468
320 490
320 580
320 1325
320 1588
320 1604
321 175
321 537
321 706
321 856
321 1016
321 1135
321 1147
321 1259
321 1261
321 1352
321 1528
322 791
322 841
322 1406
322 1626
323 255
323 449
323 777
323 1144
323 1485
324 187
324 397
325 146
325 234
325 339
325 461
325 528
325 1038
326 1526
326 1717
327 421
327 702
327 719
327 1588
328 169
328 250
328 297
328 608
328 890
328 1680
329 17
329 228
329 236
329 426
329 674
329 1138
330 157
330 162
330 832
330 1070
330 1315
330 1350
330 1548
331 174
331 204
331 288
331 1140
331 1246
332 408
332 745
332 858
332 1038
332 1313
332 1403
332 1589
333 39
333 1057
333 1529
334 266
334 550
334 755
334 1033
334 1049
334 1099
334 1627
335 696
335 720
335 985
335 1229
335 1660
336 25
336 223
336 597
336 642
336 843
336 1051
336 1375
337 655
337 732
337 1366
338 330
338 416
338 455
338 702
338 1490
338 1612
338 1733
339 442
339 701
339 830
339 878
339 1191
339 1359
340 243
340 385
340 492
340 842
340 955
340 1589
341 43
341 114
341 248
341 825
341 921
341 979
341 988
341 1058
341 1100
341 1114
341 1189
341 1227
341 1322
341 1455
341 1517
342 312
342 336
342 459
342 558
342 564
342 619
342 1005
342 1025
342 1105
342 1278
343 22
343 125
343 531
343 1338
344 115
344 151
344 331
344 854
344 1160
345 13
345 309
345 332
345 763
345 1202
345 1209
345 1247
345 1738
346 74
346 189
346 296
346 591
346 670
346 952
346 1017
346 1689
347 498
347 555
347 1104
347 1156
347 1233
347 1234
347 1708
348 809
348 1142
348 1385
348 1665
349 68
349 81
349 1121
349 1216
349 1330
349 1582
350 490
350 538
350 758
350 1193
350 1323
350 1444
350 1686
351 111
351 439
351 842
351 904
351 1338
352 452
352 1086
352 1292
352 1429
352 1611
353 114
353 170
353 272
353 363
353 485
353 722
353 1002
353 1167
353 1432
353 1531
353 1557
354 117
354 173
354 361
354 471
354 803
354 970
354 1314
354 1343
354 1563
355 104
355 376
355 734
355 801
355 1504
355 1545
356 300
356 493
356 693
356 867
356 1200
357 77
357 394
357 925
357 937
357 963
357 1117
357 1356
358 718
358 777
358 1500
358 1666
359 60
359 325
359 452
359 555
359 688
359 1557
360 534
360 572
360 775
360 924
360 987
360 1056
360 1514
360 1552
360 1658
360 1670
361 670
361 745
361 1232
361 1235
361 1236
361 1725
362 132
362 351
362 460
362 756
362 952
362 1060
362 1251
362 1409
362 1654
363 644
363 648
363 1091
363 1283
364 743
364 764
364 1606
364 1719
365 371
365 397
365 526
365 854
365 1000
365 1028
365 1180
365 1575
365 1672
365 1750
366 273
366 472
366 517
366 622
366 1067
367 689
367 699
367 995
367 1065
367 1181
367 1403
367 1422
368 250
369 161
369 255
369 516
370 306
370 539
370 1127
370 1687
371 166
371 452
371 699
371 1263
371 1316
371 1521
371 1601
371 1735
372 228
372 245
372 474
372 540
372 1332
373 395
373 1193
374 401
374 510
374 588
374 654
374 1019
375 97
375 125
375 1104
375 1336
375 1390
375 1529
375 1633
376 31
376 291
376 365
376 1402
377 897
377 1119
377 1169
377 1662
378 38
378 342
378 772
378 1056
378 1236
378 1269
378 1429
378 1483
378 1716
378 1729
379 84
379 797
379 799
380 78
380 461
380 649
380 1026
380 1177
381 392
381 636
381 1075
381 1372
382 225
382 630
382 804
382 868
382 1139
382 1503
382 1614
383 99
383 288
383 519
383 675
383 747
383 1594
384 213
384 299
384 929
384 1050
384 1114
384 1208
384 1355
384 1448
384 1497
385 54
385 86
385 115
385 773
385 1064
385 1169
385 1269
386 328
386 390
386 466
386 1025
386 1215
386 1574
387 131
387 313
387 488
387 574
387 892
387 1013
388 167
388 463
388 964
388 1347
388 1640
388 1657
389 582
389 950
389 1235
389 1405
390 196
390 258
390 389
390 528
390 824
390 1059
390 1151
391 381
391 896
391 1036
391 1220
392 241
392 441
392 520
392 566
392 571
392 1577
392 1579
393 95
393 512
393 864
393 1017
394 59
394 255
394 284
394 740
394 980
394 1176
394 1526
394 1570
394 1747
395 255
395 343
395 364
395 474
395 566
395 580
395 591
395 722
395 1185
395 1212
395 1438
396 125
396 220
396 787
396 898
396 1050
396 1394
397 27
397 90
397 287
397 628
397 664
397 911
397 951
397 1640
398 215
398 829
398 866
398 1301
398 1484
398 1671
398 1682
398 1735
399 65
399 292
399 1020
399 1295
400 666
400 1054
400 1416
401 82
401 128
401 404
401 554
401 868
401 1365
401 1733
402 433
402 785
402 828
402 849
402 871
402 992
402 1000
402 1061
402 1302
402 1379
402 1637
403 264
403 450
403 631
403 722
403 841
403 866
403 902
403 1433
403 1585
405 31
405 461
405 487
405 800
405 1015
405 1142
405 1353
405 1459
406 58
406 147
406 575
406 1221
406 1488
406 1621
406 1722
407 701
407 877
407 1074
407 1242
408 877
409 118
409 664
409 710
409 850
409 865
409 1224
409 1417
410 210
410 256
410 709
410 812
410 881
410 1506
411 141
411 234
411 803
411 923
411 1040
411 1317
412 724
412 975
412 1123
413 81
413 480
413 619
413 976
413 1105
413 1345
414 284
414 308
414 348
414 521
414 787
414 1410
414 1492
414 1542
414 1569
414 1630
415 33
415 94
415 154
415 505
415 510
415 743
415 854
415 1130
415 1189
415 1203
415 1710
416 66
416 79
416 675
416 1065
416 1339
417 168
417 257
417 1154
417 1272
418 235
418 784
418 846
418 1028
419 830
419 834
419 1205
419 1230
419 1475
420 104
420 242
420 357
420 882
420 932
420 964
420 1622
420 1626
420 1652
421 38
421 90
421 144
421 196
421 238
421 674
421 915
421 959
421 1309
421 1436
422 321
422 350
422 679
422 759
422 996
422 1564
422 1739
423 46
423 390
423 1203
423 1302
423 1401
423 1427
423 1532
423 1705
424 100
424 185
424 624
424 720
424 820
424 1346
424 1486
425 366
425 1138
425 1493
425 1558
425 1589
425 1659
426 596
426 1341
426 1381
427 675
427 808
427 890
427 1009
427 1415
427 1425
427 1663
428 1127
428 1179
428 1196
428 1230
428 1322
428 1340
428 1411
428 1425
428 1457
428 1520
428 1596
429 9
429 931
429 1101
429 1591
429 1643
430 238
430 270
430 453
430 540
430 589
430 1281
430 1392
430 1498
430 1730
431 74
431 142
431 254
431 620
431 662
431 1021
432 433
432 1355
433 748
433 814
433 1071
433 1093
433 1111
433 1296
433 1624
433 1678
433 1715
434 39
434 63
434 243
434 323
434 842
434 1276
434 1550
435 99
435 352
435 466
435 502
435 660
435 1021
435 1140
435 1261
436 828
436 1041
436 1114
436 1523
436 1734
437 654
437 760
437 955
437 1009
437 1602
437 1660
438 48
438 243
438 375
438 473
438 1312
438 1444
438 1749
439 79
439 90
439 166
439 324
439 955
440 1470
441 148
441 752
441 790
441 1135
441 1144
441 1203
441 1750
442 6
442 199
442 206
442 418
442 1068
442 1120
442 1508
443 299
443 308
443 416
443 1300
443 1370
443 1478
444 154
444 769
444 860
444 1079
444 1224
444 1273
444 1673
445 351
445 407
445 738
445 753
445 1002
445 1049
445 1112
445 1186
445 1260
445 1434
446 191
446 240
446 1047
446 1310
446 1398
446 1406
447 24
447 90
447 317
447 425
447 575
447 757
447 1344
447 1402
447 1690
448 1167
448 1448
448 1590
448 1747
449 22
449 262
449 702
449 981
449 992
449 1171
449 1207
449 1733
449 1741
451 82
451 127
451 128
451 325
451 443
451 504
451 539
451 1002
451 1221
451 1604
452 1482
453 715
453 1009
453 1103
453 1240
453 1483
453 1608
453 1649
454 675
454 1133
454 1585
455 216
455 577
455 1038
455 1165
455 1352
455 1608
456 122
456 315
456 400
456 699
456 1141
456 1148
457 45
457 429
457 625
457 729
457 782
457 853
457 895
457 1192
458 90
458 244
458 565
458 1716
459 14
459 369
459 535
459 689
459 718
459 743
459 897
460 157
460 832
460 1464
460 1684
460 1731
461 36
461 216
461 235
461 561
462 186
462 279
462 340
462 457
462 608
462 707
462 1179
462 1557
462 1571
462 1677
463 141
463 511
463 870
463 1378
463 1522
463 1739
464 639
464 737
464 1439
464 1700
465 70
465 148
465 310
465 420
465 943
465 1039
465 1295
465 1337
465 1631
465 1649
466 6
466 576
466 700
466 746
466 1185
466 1706
467 502
467 633
467 985
467 1194
467 1220
467 1734
468 441
468 516
468 569
468 935
468 1598
468 1730
468 1738
469 87
469 239
469 341
469 805
469 963
469 1191
469 1305
469 1524
470 510
470 1124
470 1254
470 1260
470 1286
470 1331
470 1441
471 582
471 1087
471 1260
471 1362
471 1426
471 1699
472 361
472 454
472 1036
472 1585
473 138
473 1112
473 1368
474 202
474 762
474 919
474 1091
475 109
475 416
475 877
475 927
475 969
476 390
476 674
476 1730
477 232
477 233
477 342
477 716
477 1022
477 1033
477 1294
477 1728
478 395
478 518
478 803
478 1178
479 77
479 476
479 1348
479 1398
479 1470
480 868
480 1693
481 503
481 612
481 1594
482 37
482 321
482 806
482 1063
482 1203
482 1357
483 4
483 163
483 199
483 706
483 1130
483 1227
483 1405
484 1558
485 178
485 708
485 900
485 938
486 40
486 94
486 366
486 404
486 697
486 1198
486 1231
486 1257
486 1311
486 1459
486 1551
486 1607
487 343
487 423
487 463
487 1213
488 14
488 922
488 1148
488 1669
489 96
489 159
489 300
489 328
489 355
489 659
489 741
489 767
489 949
489 964
489 1320
489 1445
490 179
490 327
490 375
490 1103
490 1166
490 1272
490 1733
491 44
491 294
491 454
491 516
491 608
491 619
491 731
491 824
491 964
491 1119
491 1613
492 201
492 377
492 1435
493 12
493 582
493 1051
493 1205
493 1550
493 1602
494 287
494 527
494 806
494 1469
494 1674
494 1719
495 848
495 1219
495 1381
495 1556
496 270
496 447
496 942
496 943
496 1304
497 855
497 987
498 93
498 222
498 861
498 1024
498 1311
499 710
499 1413
499 1443
499 1701
500 286
500 287
500 630
500 1159
500 1177
500 1289
500 1436
501 354
501 768
501 944
501 1172
501 1176
502 493
502 813
502 897
502 907
502 1202
502 1341
503 314
503 397
503 623
503 650
503 706
503 888
503 1102
503 1535
503 1644
504 204
504 211
504 233
504 318
504 353
504 467
504 866
504 1294
504 1305
504 1424
504 1727
505 64
505 191
505 366
505 499
505 512
505 1383
505 1398
505 1611
505 1709
505 1747
506 124
506 561
506 786
506 1394
506 1542
507 435
507 447
507 468
507 919
507 1220
507 1309
507 1493
507 1721
508 294
508 1342
508 1497
509 134
509 402
509 451
509 673
509 1164
509 1549
510 1232
510 1238
511 299
511 587
511 1322
511 1340
511 1443
512 983
512 1074
512 1231
512 1492
513 520
513 638
514 1311
514 1382
514 1633
515 588
515 647
515 1249
515 1316
515 1456
515 1528
515 1724
516 123
516 396
516 407
516 961
516 1516
517 347
517 823
517 830
517 949
517 968
517 1263
517 1691
518 241
518 556
518 748
518 975
518 1223
518 1269
518 1441
518 1456
519 165
519 237
519 654
519 1416
519 1706
520 206
520 582
521 167
521 595
521 1145
521 1345
521 1664
522 66
522 78
522 111
522 447
522 575
522 1197
522 1332
522 1450
522 1582
523 93
523 592
523 1125
523 1741
524 14
524 228
524 372
524 647
524 833
524 855
524 1156
524 1306
524 1584
525 353
525 416
525 545
525 1652
525 1660
526 35
526 44
526 45
526 460
526 770
526 1320
527 12
527 171
527 277
527 520
527 947
527 1621
528 164
528 412
528 442
528 1157
528 1180
528 1237
528 1372
529 351
529 670
529 1059
529 1412
529 1591
529 1670
530 561
530 1212
530 1396
530 1451
530 1717
531 33
531 281
531 429
531 440
531 526
531 847
531 1332
532 170
532 1365
533 665
533 1604
534 180
534 223
534 442
534 754
534 1185
534 1204
534 1452
534 1498
535 316
535 649
535 1321
535 1426
536 130
536 171
536 216
536 234
536 1409
536 1420
536 1509
537 265
537 287
537 418
537 626
537 711
537 723
537 1314
537 1480
537 1491
538 27
538 467
538 675
538 1714
539 105
539 296
539 462
539 669
539 1116
539 1416
539 1652
539 1695
540 306
540 495
540 625
540 951
540 1020
541 280
541 776
541 1370
541 1424
541 1598
541 1611
541 1654
542 40
542 65
542 954
542 1049
542 1394
542 1633
542 1688
543 668
543 1253
543 1484
543 1633
544 141
544 965
544 1342
544 1546
544 1691
545 267
545 880
545 929
545 992
545 1068
545 1258
545 1625
545 1704
546 370
546 388
546 680
546 1292
547 5
547 1011
547 1154
547 1226
548 37
548 317
548 346
548 496
548 690
548 998
548 1089
548 1372
548 1375
548 1698
549 371
549 390
549 484
549 595
549 1009
549 1209
550 511
550 563
550 623
550 780
550 1589
551 249
551 432
551 455
551 671
551 767
551 833
551 926
551 1293
551 1558
552 32
552 124
552 327
552 1691
553 918
553 1269
553 1428
553 1505
553 1637
553 1657
554 203
554 300
554 369
554 737
554 868
554 1079
554 1422
554 1601
555 58
555 143
555 556
555 1314
555 1685
556 252
556 666
556 1321
556 1458
556 1465
556 1516
556 1697
557 173
557 187
557 310
557 349
557 472
557 599
557 755
558 47
558 1223
558 1696
559 55
559 455
559 558
559 1002
559 1025
560 596
560 1027
560 1383
560 1619
560 1657
561 799
561 916
561 926
561 927
562 137
562 945
562 1105
562 1555
562 1624
562 1651
562 1689
563 273
563 418
563 552
563 678
563 750
563 1089
563 1142
563 1544
563 1644
564 207
564 499
564 661
564 728
564 737
564 1070
564 1102
564 1323
564 1685
564 1748
565 1
565 544
565 898
565 975
565 1438
565 1440
565 1520
565 1551
566 290
566 555
566 627
566 1083
566 1224
566 1271
566 1361
566 1398
566 1586
566 1741
567 651
567 1083
567 1096
567 1127
567 1222
567 1314
567 1351
568 602
568 1091
568 1386
568 1435
568 1514
569 110
569 322
569 666
569 829
569 1149
569 1613
569 1668
570 157
570 658
570 727
570 1119
570 1687
571 21
571 1224
572 263
572 1321
572 1437
572 1691
573 27
573 96
573 117
573 489
573 1215
573 1639
574 148
574 231
574 527
574 595
574 1121
574 1298
575 114
575 120
575 281
575 284
575 526
575 673
575 1235
575 1299
576 196
576 297
576 320
576 517
576 1030
576 1055
576 1108
577 918
577 1141
577 1342
577 1467
577 1595
578 427
578 647
578 884
578 1285
578 1418
579 379
579 1325
579 1495
580 480
580 750
580 801
580 1104
580 1198
580 1207
580 1210
580 1440
580 1444
581 218
581 296
581 386
581 625
581 680
581 891
581 1207
581 1381
581 1634
582 131
582 544
582 691
582 803
582 981
582 1308
582 1610
582 1750
583 265
583 327
583 478
583 737
583 801
583 830
583 1425
583 1487
584 163
584 955
584 985
584 1053
584 1222
584 1241
584 1461
585 144
585 678
585 1697
586 10
586 78
586 81
586 1009
586 1053
586 1446
586 1515
587 464
587 807
588 149
588 295
588 311
588 383
588 409
588 563
588 1250
589 179
589 532
589 905
589 1036
589 1446
589 1564
590 4
590 653
590 1515
591 83
591 84
591 110
591 287
591 306
591 414
591 494
591 1067
591 1382
592 160
592 564
592 909
592 1308
592 1490
592 1745
593 527
593 578
593 836
593 861
593 1147
593 1491
594 128
594 452
594 810
594 1406
595 900
595 977
595 1252
596 316
596 837
596 926
596 972
596 1068
596 1678
597 243
597 1343
598 299
598 351
598 476
598 495
598 760
598 861
599 269
599 280
599 1064
599 1177
599 1204
599 1443
599 1502
600 239
600 278
600 543
600 587
600 1010
600 1116
600 1549
601 215
601 432
601 627
601 951
601 984
601 993
601 1207
601 1457
601 1579
602 388
602 960
602 1141
602 1182
602 1691
603 77
603 224
603 857
603 1130
603 1216
603 1479
604 56
604 353
604 447
604 471
604 535
604 551
604 780
604 843
604 1383
604 1447
605 108
605 125
605 909
605 1120
605 1487
606 105
606 152
606 599
606 631
606 661
606 957
606 1062
606 1257
607 16
607 78
607 509
607 754
608 502
608 701
608 884
608 940
608 1076
608 1282
608 1393
609 249
609 758
609 1002
610 130
610 517
610 809
610 816
610 977
610 1275
610 1425
610 1553
611 180
611 220
611 269
611 317
611 843
611 896
611 1145
611 1384
611 1409
611 1496
611 1642
611 1686
611 1688
611 1705
612 753
612 955
612 1746
613 178
613 457
613 871
613 986
613 1294
613 1298
613 1335
614 525
614 823
614 839
614 1111
614 1121
614 1295
615 2
615 258
615 601
616 11
616 46
616 701
616 713
616 736
616 944
616 1143
616 1394
617 66
617 454
617 493
617 876
617 1016
617 1309
617 1373
617 1400
617 1589
618 418
618 690
618 876
618 1622
619 322
619 554
619 1459
619 1526
619 1600
619 1627
620 60
620 365
620 657
620 670
620 885
620 1549
621 341
621 506
621 907
621 1189
622 58
622 1017
622 1146
622 1375
622 1466
622 1573
623 99
623 199
623 881
623 922
623 1185
623 1351
623 1578
624 21
624 230
624 359
624 451
624 532
624 742
624 834
624 1098
624 1239
624 1248
624 1532
624 1580
624 1702
624 1716
625 11
625 135
625 359
625 496
625 683
625 885
625 999
625 1071
625 1300
625 1713
626 249
626 323
626 341
626 384
626 627
626 875
626 951
626 1271
626 1305
626 1640
626 1683
627 97
627 497
627 551
627 567
627 882
627 957
627 1580
628 1082
628 1160
628 1623
629 71
629 102
629 192
629 193
629 256
629 275
629 1077
629 1096
629 1657
629 1666
630 325
630 495
630 723
630 1129
630 1487
631 751
631 897
631 1453
631 1566
632 6
632 56
632 876
632 1244
632 1534
632 1741
633 251
633 317
633 1050
633 1201
633 1499
633 1543
633 1625
633 1690
634 417
634 622
634 782
634 1219
634 1257
634 1603
634 1706
635 252
635 1666
636 50
636 141
636 395
636 456
636 782
636 991
636 1482
636 1595
637 312
637 532
637 1580
637 1646
638 138
638 349
638 445
638 450
638 850
638 942
638 1514
638 1552
639 162
639 350
639 669
639 848
639 887
639 1541
640 618
640 672
640 791
640 996
640 1144
641 151
641 633
641 1508
642 75
642 364
642 387
642 1049
642 1141
642 1173
642 1195
642 1475
642 1518
642 1582
643 530
643 541
643 742
643 859
643 974
643 1389
643 1613
643 1662
643 1740
644 30
644 382
644 500
644 674
644 1310
645 211
645 462
645 613
645 1055
645 1161
645 1246
646 24
646 27
646 38
646 674
646 745
646 1319
646 1616
647 225
647 429
647 660
647 1186
647 1205
647 1391
648 82
648 144
648 699
649 340
649 838
649 997
649 1208
649 1355
650 210
650 289
650 772
650 1239
650 1589
651 598
651 760
651 1186
651 1236
651 1543
651 1605
651 1626
652 237
652 738
652 749
652 1271
653 558
653 732
653 967
653 1026
653 1039
653 1232
653 1321
653 1372
654 25
654 72
654 266
654 280
654 327
654 340
654 359
654 969
654 1048
654 1199
654 1317
654 1386
655 802
655 1632
655 1738
656 374
656 858
656 1105
656 1507
657 100
657 247
657 348
658 361
658 637
658 1635
659 194
659 234
659 349
659 784
659 849
659 1550
659 1567
660 289
660 521
660 1083
660 1520
660 1614
661 390
661 704
661 1711
662 401
662 538
662 882
662 1055
662 1667
663 665
663 678
663 1096
663 1429
663 1480
664 156
664 232
664 580
664 802
664 870
664 1642
665 1151
665 1278
665 1346
665 1619
666 62
666 83
666 768
666 1138
666 1460
666 1467
666 1741
667 843
667 1295
667 1647
668 143
668 622
668 751
668 769
668 1065
668 1072
668 1077
668 1112
669 238
669 370
669 719
669 1148
669 1305
669 1581
670 277
670 799
670 889
670 1138
670 1346
670 1664
671 319
671 564
671 651
671 916
671 1181
671 1406
671 1617
672 305
672 842
672 1475
672 1650
673 104
673 257
673 365
673 374
673 425
673 603
673 1108
673 1362
673 1412
673 1732
674 28
674 314
674 460
674 613
674 817
674 908
674 1259
674 1388
674 1391
675 138
675 489
675 1248
675 1400
676 106
676 524
676 1032
676 1488
677 77
677 636
677 798
677 956
677 998
677 1011
677 1270
677 1557
678 37
678 131
678 146
678 286
678 376
678 428
678 480
678 497
678 936
679 780
679 856
679 875
679 963
679 1038
679 1249
679 1587
679 1645
679 1673
680 48
680 496
680 1150
680 1276
680 1447
680 1600
680 1651
680 1720
681 232
681 600
681 877
681 887
681 1063
681 1189
682 251
682 1025
682 1068
682 1734
683 80
683 134
683 272
683 386
683 474
683 528
683 835
683 1158
683 1276
683 1407
683 1559
683 1728
684 2
684 144
684 612
684 912
684 994
684 1151
684 1716
685 6
685 43
685 375
685 1335
685 1438
686 178
686 237
686 246
686 306
686 1089
686 1504
686 1586
687 124
687 295
687 940
687 996
687 1085
687 1384
687 1535
687 1566
688 62
688 201
688 304
688 824
688 900
688 1029
688 1283
688 1665
688 1709
688 1733
689 791
689 830
689 881
689 1258
690 165
690 230
690 533
690 1084
690 1245
690 1376
690 1694
691 90
691 226
691 304
691 914
691 1042
691 1545
691 1602
692 92
692 156
692 360
692 429
692 483
692 669
692 767
692 802
692 857
692 1186
692 1452
693 918
693 1406
694 349
694 490
694 577
694 1662
695 238
695 846
695 873
695 904
695 907
695 942
696 685
696 750
696 1171
696 1709
697 185
697 314
697 542
697 1042
698 40
698 153
698 337
698 359
698 454
698 658
698 1710
699 143
699 176
699 338
699 350
699 777
699 1296
700 598
700 863
700 1093
700 1492
700 1561
701 617
702 637
702 839
702 1349
702 1366
703 351
703 1228
703 1254
703 1691
704 43
704 91
704 98
704 707
704 722
704 1035
704 1055
705 651
705 740
705 1551
705 1700
706 568
706 1038
706 1052
706 1118
706 1635
707 750
707 865
707 986
707 1085
707 1181
707 1522
708 372
708 761
708 918
708 963
708 1062
708 1096
708 1356
708 1461
708 1638
709 5
709 645
709 991
709 1397
710 332
710 360
710 746
710 792
710 1290
710 1609
711 249
711 360
711 438
711 489
711 1669
712 308
712 932
712 1615
713 25
713 314
713 613
713 646
713 651
713 677
713 1208
713 1229
713 1299
713 1429
713 1442
713 1607
714 99
714 240
714 1228
714 1332
714 1589
715 367
715 1146
715 1707
716 88
716 199
716 269
716 318
716 410
716 534
716 1337
716 1400
717 185
717 366
717 555
717 730
717 1319
717 1353
718 137
718 230
718 417
718 439
718 463
718 812
718 1230
719 189
719 750
719 1105
719 1162
719 1633
720 47
720 313
720 603
720 626
720 869
720 1038
720 1547
721 360
721 1050
721 1240
721 1271
721 1744
722 65
722 127
722 212
722 565
722 968
722 1022
722 1060
722 1391
722 1406
722 1471
722 1475
722 1659
723 92
723 880
723 1025
723 1280
723 1296
723 1512
724 357
724 728
724 826
724 1049
724 1566
725 42
725 43
725 366
725 452
725 636
725 992
725 1010
725 1159
725 1377
725 1556
726 195
726 1275
726 1345
726 1436
726 1732
727 1164
727 1270
728 378
728 751
728 1277
729 76
729 155
729 600
729 792
729 810
729 867
729 1292
729 1574
729 1631
730 145
730 208
730 442
730 994
730 1089
730 1150
730 1217
730 1458
730 1520
731 510
731 1003
731 1031
731 1117
731 1550
732 632
732 888
732 901
732 1155
732 1337
733 181
733 265
733 515
733 665
733 734
733 860
733 1288
734 601
734 1158
734 1723
735 167
735 388
735 427
735 437
735 701
735 913
735 921
735 956
736 57
736 365
736 700
736 1036
736 1116
736 1207
736 1255
737 217
737 628
737 902
737 1321
738 237
738 405
738 766
738 1446
739 102
739 115
739 150
739 169
739 297
739 541
739 693
739 756
739 1487
739 1582
740 1
740 427
740 574
740 787
740 1018
740 1289
740 1723
741 717
741 782
741 977
741 1104
741 1201
741 1282
741 1368
741 1447
741 1475
741 1595
742 1022
742 1213
742 1548
743 34
743 117
743 855
743 1087
743 1709
744 192
744 407
744 443
744 1261
744 1339
745 644
745 929
745 1442
746 948
746 1257
747 104
747 700
747 1350
747 1427
748 7
748 164
748 311
748 1084
748 1285
748 1698
749 808
749 967
749 1034
749 1449
749 1581
750 365
750 573
750 719
750 816
751 562
751 570
751 891
751 1064
751 1118
751 1360
751 1687
752 340
752 982
752 998
752 1083
752 1124
752 1265
752 1338
752 1593
752 1662
753 128
753 195
753 345
753 351
753 389
753 517
753 747
753 854
753 1114
753 1306
753 1693
754 70
754 481
754 618
754 1633
755 165
755 283
755 494
755 732
755 1127
755 1493
755 1689
756 73
756 157
756 278
756 294
756 1127
757 793
757 806
757 1693
757 1709
758 558
758 816
758 1053
758 1568
758 1678
759 15
759 386
759 1263
759 1465
759 1476
760 168
760 283
760 349
760 595
760 674
761 284
761 707
761 795
761 943
761 1253
761 1451
762 64
762 262
762 444
762 557
762 1246
762 1369
762 1510
763 1160
763 1570
763 1691
764 238
764 268
764 445
764 503
764 685
764 813
764 819
764 840
764 1409
765 163
765 524
765 1007
766 149
766 208
766 284
766 287
766 824
766 1002
766 1133
766 1231
766 1336
766 1380
766 1663
767 751
767 1095
767 1235
767 1591
768 1188
768 1274
768 1522
769 596
769 746
769 759
769 1050
770 182
770 333
770 335
770 1165
770 1384
771 162
771 574
771 752
771 772
771 935
771 966
771 1526
771 1534
772 724
772 1164
773 205
773 326
773 408
773 711
773 1001
773 1032
773 1203
774 196
774 788
774 858
774 1235
774 1649
775 162
775 387
775 497
775 526
775 826
775 1116
775 1165
775 1253
775 1443
776 13
776 49
776 165
776 280
776 355
776 638
776 913
776 1168
776 1325
776 1390
776 1645
777 644
777 713
777 714
777 1027
777 1431
777 1602
778 60
778 951
778 1229
779 36
779 584
779 1446
780 368
780 416
780 1101
780 1312
780 1394
780 1651
780 1732
781 584
782 399
782 440
782 611
782 714
782 758
782 1047
782 1224
783 24
783 478
783 915
783 1342
784 159
784 325
784 565
784 571
784 915
784 1610
784 1636
784 1680
784 1744
785 723
785 1071
785 1160
785 1191
785 1301
785 1364
785 1372
785 1667
785 1673
785 1734
786 77
786 315
786 416
786 898
786 1530
786 1555
786 1637
787 361
787 1309
787 1409
787 1535
787 1538
787 1546
788 1
788 346
788 364
788 650
788 1438
789 849
789 942
789 958
789 1110
789 1266
789 1661
790 364
790 382
790 387
790 507
790 1012
790 1199
790 1343
790 1497
791 161
791 291
791 342
791 359
791 712
791 1095
791 1152
791 1315
791 1329
791 1345
791 1557
791 1697
792 484
792 1187
792 1226
792 1358
792 1531
792 1673
793 140
793 488
793 593
793 616
793 1187
793 1230
793 1643
794 118
794 224
794 337
794 1104
794 1381
794 1642
794 1704
794 1735
795 54
795 154
795 308
795 398
795 1336
795 1580
796 391
796 833
796 1318
796 1408
796 1456
796 1487
796 1525
796 1546
797 569
797 738
797 742
797 1272
797 1350
797 1609
798 474
798 1041
798 1746
799 766
799 1096
799 1110
800 71
800 80
800 726
800 1469
800 1594
801 237
801 926
801 1582
802 602
802 798
802 886
802 1694
803 161
803 332
803 497
803 848
804 366
804 405
804 1289
804 1573
805 982
805 1074
805 1474
805 1652
806 719
806 751
806 940
806 1120
807 269
807 361
807 523
807 626
807 912
807 1318
807 1613
807 1655
808 88
808 410
808 588
808 733
808 797
808 887
808 1009
808 1124
808 1669
809 229
809 524
809 952
809 1051
809 1540
810 429
810 439
810 503
810 533
810 909
810 996
810 1379
810 1469
810 1616
811 710
811 924
811 1015
811 1065
811 1575
812 41
812 1510
812 1515
812 1557
812 1565
813 355
813 477
813 482
813 625
813 1178
814 215
814 628
814 927
814 949
814 1448
814 1476
814 1642
815 122
815 148
815 277
815 345
815 580
815 588
815 1045
815 1103
815 1424
816 307
816 1264
816 1638
816 1731
817 36
817 497
817 501
817 1182
817 1257
817 1369
817 1551
818 18
818 475
818 867
818 1360
819 729
819 1372
819 1422
820 161
820 260
820 368
820 534
820 849
820 1075
820 1270
821 484
821 592
821 991
821 1026
821 1446
821 1682
822 174
822 292
822 308
822 328
822 600
822 615
822 1161
822 1382
822 1496
822 1730
823 429
823 499
823 501
823 977
823 1022
823 1122
823 1471
823 1710
824 138
824 151
824 269
824 524
824 826
824 906
824 1100
824 1567
824 1728
825 19
825 657
825 1259
826 219
826 267
826 308
826 399
826 493
826 1062
826 1458
827 1074
827 1172
827 1223
827 1409
827 1476
827 1624
828 402
828 1404
828 1642
829 190
829 197
829 1108
829 1169
829 1289
829 1446
829 1693
830 32
830 794
831 150
831 805
831 1318
831 1393
831 1403
831 1412
831 1481
831 1684
832 473
832 746
832 948
832 1296
832 1298
832 1711
833 307
833 674
833 761
833 1085
833 1114
833 1125
834 554
834 1042
834 1171
834 1230
834 1503
835 136
835 159
835 253
835 416
835 668
835 698
835 833
836 385
836 423
836 537
836 1100
836 1353
837 358
837 371
837 388
837 524
837 525
837 574
837 936
837 1042
837 1409
837 1722
838 137
838 153
838 312
838 1029
838 1045
838 1331
838 1462
839 214
839 402
839 648
839 1018
839 1576
839 1627
840 552
840 605
840 871
840 936
840 1062
840 1258
840 1300
841 425
841 657
841 986
841 1128
841 1346
842 424
842 765
842 941
842 1305
842 1393
842 1537
842 1631
842 1706
842 1727
843 1350
843 1533
844 39
844 180
844 266
844 441
844 487
844 827
844 1228
845 294
845 506
845 541
845 594
845 601
845 765
845 1181
845 1237
845 1645
846 38
846 635
846 792
846 977
846 1362
846 1483
847 139
847 654
847 778
847 784
847 850
847 1596
848 31
848 237
848 320
848 530
848 681
848 1012
848 1116
848 1290
849 211
849 702
849 788
849 1166
849 1390
849 1669
849 1713
850 29
850 557
850 666
850 722
850 1021
850 1037
850 1370
850 1441
850 1628
851 38
851 959
851 1132
851 1389
852 1111
852 1274
852 1435
852 1523
852 1550
852 1629
853 54
853 130
853 336
853 796
853 1313
854 765
854 849
854 1025
854 1520
854 1612
854 1641
855 241
855 1122
855 1327
855 1553
856 501
856 1637
856 1673
857 502
857 918
857 1430
858 153
858 630
858 1352
858 1394
858 1490
858 1667
859 719
859 804
859 1396
859 1627
860 337
860 448
860 474
860 518
860 981
860 1176
860 1636
860 1637
861 10
861 149
861 646
861 669
861 771
861 933
861 1031
861 1098
861 1251
861 1273
861 1300
862 320
862 904
862 990
862 995
862 1583
862 1630
863 78
863 339
863 852
863 1265
863 1392
863 1509
864 240
864 310
864 598
864 677
864 855
864 975
864 1084
864 1607
865 362
865 501
865 517
865 806
865 992
865 1145
865 1532
866 514
866 573
866 722
866 784
866 839
866 913
866 1130
866 1181
866 1247
866 1562
867 93
867 253
867 944
867 993
867 1017
867 1124
867 1400
868 300
868 328
868 351
868 536
868 601
869 651
869 663
869 666
869 871
869 1093
869 1621
869 1717
869 1735
870 505
870 544
870 612
870 896
870 1058
870 1138
871 1467
872 83
872 107
872 839
872 1392
872 1654
873 454
873 510
873 832
873 969
873 1047
873 1217
873 1297
873 1553
874 44
874 268
874 298
874 531
874 536
874 1017
874 1487
874 1576
875 575
875 1366
876 1070
876 1209
876 1335
876 1344
876 1351
877 562
877 1062
878 624
878 643
878 926
878 1016
878 1468
878 1536
879 19
879 317
879 330
879 615
879 1292
880 320
880 698
880 1047
880 1277
880 1459
880 1510
880 1698
881 56
881 271
881 273
881 1240
882 226
882 384
882 790
882 961
882 1105
882 1170
882 1498
882 1506
883 69
883 151
883 723
883 1311
883 1427
883 1523
884 122
884 749
884 984
884 1128
885 202
885 243
885 537
885 574
885 736
885 739
885 784
885 1147
885 1266
885 1490
886 78
886 337
886 535
886 599
886 1053
886 1206
886 1285
887 66
887 85
887 123
887 822
887 1327
887 1425
887 1623
887 1659
888 150
888 195
888 603
888 1080
888 1115
889 454
889 560
889 1081
889 1683
890 1201
890 1216
891 78
891 146
891 199
891 263
891 310
891 620
891 746
891 1115
891 1257
892 143
892 340
892 496
892 595
892 1599
892 1630
892 1642
893 779
893 884
893 1460
893 1666
894 953
894 999
894 1748
895 106
895 226
895 356
895 640
895 647
895 761
895 1025
895 1489
895 1654
896 84
896 686
896 697
896 749
897 458
897 885
897 1476
897 1497
898 836
898 1240
898 1322
898 1584
899 245
899 266
899 312
899 410
899 636
899 1193
899 1663
899 1683
899 1729
900 3
900 170
900 212
900 263
900 273
900 353
900 637
900 837
900 1170
900 1673
901 20
901 195
901 209
901 353
901 540
901 706
901 887
901 932
901 1033
902 524
902 668
902 955
903 174
903 1008
903 1162
903 1237
903 1331
903 1440
904 89
904 119
904 127
904 537
904 805
904 844
905 35
905 542
905 613
905 677
905 1683
906 580
906 929
906 1064
906 1277
906 1470
906 1625
906 1628
907 214
907 369
907 625
907 847
907 924
907 1132
908 18
908 229
908 346
908 1671
908 1688
909 7
909 499
909 590
909 923
909 1199
910 219
910 235
910 510
910 670
910 929
910 1352
910 1594
910 1735
911 197
911 411
911 529
911 550
911 1140
911 1620
911 1713
912 3
912 19
912 115
912 195
912 358
912 527
913 729
913 930
913 1072
913 1170
913 1731
914 504
915 89
915 130
915 370
915 470
915 899
915 947
915 1182
916 944
916 963
916 1418
916 1667
916 1682
917 720
918 531
918 726
918 1334
918 1402
918 1528
918 1556
918 1701
919 391
919 967
919 1647
920 92
920 217
920 569
920 697
920 739
920 1115
920 1323
920 1577
921 208
921 240
921 292
921 444
921 524
921 998
922 65
922 102
922 698
922 839
922 1153
922 1177
923 2
923 103
923 433
923 549
923 1570
923 1595
924 100
924 111
924 533
924 790
924 939
924 1078
924 1680
925 487
925 646
925 772
925 785
925 1150
926 52
926 167
926 470
926 868
926 1000
926 1309
926 1422
926 1517
926 1595
927 212
927 468
927 871
927 963
927 989
927 1205
927 1461
927 1538
927 1689
928 67
928 158
928 384
928 454
928 974
928 975
928 1166
928 1414
929 50
929 202
929 419
929 422
929 527
929 798
929 1127
929 1379
929 1576
930 227
930 323
930 705
931 304
931 956
931 957
931 1133
931 1186
931 1332
931 1748
932 34
932 217
932 1358
933 1128
933 1214
933 1604
933 1617
934 836
934 1091
934 1355
935 156
935 1301
935 1608
936 433
936 896
936 924
936 1318
936 1542
936 1634
937 243
937 667
937 802
937 1346
937 1445
937 1498
938 252
938 855
938 1286
938 1645
939 98
939 277
939 303
939 333
939 337
939 411
939 1188
939 1286
939 1600
939 1636
940 554
940 645
940 1107
940 1206
940 1269
940 1464
940 1542
941 19
941 100
941 102
941 396
941 714
941 761
941 1028
941 1261
941 1691
942 685
942 1018
942 1117
942 1119
942 1459
942 1465
942 1524
943 2
943 120
943 382
943 1096
943 1498
943 1639
943 1695
944 589
944 1062
944 1663
945 77
945 311
945 467
945 733
945 1496
945 1673
945 1686
946 137
946 222
946 387
946 390
946 989
946 1306
946 1676
947 239
947 1035
948 36
948 460
948 816
949 11
949 138
949 685
949 1291
949 1383
950 654
950 691
950 916
950 1069
950 1202
950 1308
950 1637
951 51
951 711
951 995
951 1284
951 1292
951 1441
951 1471
951 1497
951 1724
952 326
952 333
952 472
952 600
952 1272
952 1438
952 1528
952 1597
953 137
953 202
953 1195
953 1590
953 1700
953 1737
954 154
954 279
954 430
954 732
954 1006
954 1164
954 1288
954 1457
955 209
955 329
955 506
955 575
955 1052
955 1152
955 1488
956 440
956 673
956 894
956 947
956 1189
956 1224
957 410
957 1222
957 1324
957 1470
958 280
958 285
958 931
958 949
958 954
958 1630
958 1706
959 40
959 64
959 145
959 435
959 776
959 1291
960 517
960 1036
960 1111
960 1390
960 1446
960 1529
961 173
961 290
961 453
961 494
961 1047
961 1050
961 1141
961 1366
962 256
962 262
962 865
962 1010
963 260
963 468
963 480
963 610
963 1255
963 1485
963 1552
964 60
964 178
964 391
964 572
964 780
964 1317
965 360
965 378
965 456
965 774
965 1137
965 1267
965 1579
966 351
966 403
966 1041
966 1092
966 1235
966 1422
967 681
967 874
968 404
968 696
968 749
969 23
969 857
969 1010
969 1101
969 1613
970 48
970 336
970 648
970 837
970 987
970 1250
970 1347
971 165
971 242
971 519
971 1209
972 775
972 815
972 923
972 1040
972 1250
973 641
973 792
973 974
973 1082
973 1316
973 1607
974 714
974 1490
974 1542
974 1590
975 307
975 523
975 591
975 622
975 1052
975 1115
975 1686
976 225
976 232
976 548
976 823
976 1109
976 1521
977 165
977 636
977 919
977 927
977 943
977 1603
978 195
978 467
978 624
978 1115
978 1199
978 1219
978 1281
979 263
979 537
979 570
979 952
979 1276
979 1279
979 1447
979 1561
979 1702
980 270
980 299
980 548
980 841
980 1262
980 1314
981 230
981 932
981 1035
981 1571
981 1575
981 1726
982 327
982 764
982 1017
982 1069
983 807
983 868
983 1237
983 1277
983 1368
983 1543
983 1718
984 281
985 244
985 1296
986 420
986 440
986 1239
986 1397
986 1514
986 1724
987 333
987 625
987 684
987 701
987 971
987 976
987 989
987 1690
988 57
988 1018
988 1276
988 1610
989 515
989 835
989 858
989 1291
989 1377
989 1457
990 293
990 318
990 757
990 926
990 1277
991 347
991 518
991 758
991 937
991 1023
991 1152
992 260
992 546
992 614
992 1164
992 1707
993 143
993 194
993 227
993 359
993 553
993 740
993 1391
993 1465
993 1490
993 1526
994 101
994 225
994 1013
994 1683
995 120
995 339
995 470
995 474
995 727
995 1140
995 1152
995 1179
995 1509
995 1640
995 1737
996 179
996 692
996 710
996 712
996 1199
996 1346
996 1432
996 1480
997 185
997 1199
997 1371
997 1486
997 1580
997 1704
997 1708
998 212
998 800
998 1511
999 159
999 324
999 519
999 693
999 720
999 739
999 1073
999 1193
999 1652
1000 132
1000 399
1000 1066
1000 1480
1001 362
1001 495
1001 1035
1001 1368
1001 1675
1002 322
1002 1014
1002 1135
1002 1157
1002 1720
1003 132
1003 750
1003 920
1003 1595
1003 1622
1004 195
1004 360
1004 445
1004 777
1004 1399
1004 1532
1005 5
1005 419
1006 438
1006 649
1006 974
1006 1018
1006 1078
1006 1316
1006 1663
1007 183
1007 221
1007 362
1007 375
1007 444
1007 584
1007 932
1007 1055
1007 1069
1007 1235
1007 1522
1008 1
1008 198
1008 246
1008 497
1008 552
1008 621
1008 1567
1009 236
1009 360
1009 493
1009 619
1009 995
1009 1071
1009 1124
1010 380
1010 513
1010 525
1010 1285
1010 1313
1010 1474
1010 1488
1010 1698
1011 855
1011 1072
1012 87
1012 350
1012 354
1012 468
1012 1050
1012 1524
1013 350
1013 1219
1013 1393
1013 1432
1013 1617
1013 1733
1014 1
1014 28
1014 525
1014 826
1014 1584
1014 1632
1015 258
1015 551
1015 555
1015 657
1015 1059
1015 1170
1015 1251
1015 1273
1015 1514
1015 1592
1015 1645
1016 213
1016 233
1016 1331
1016 1502
1016 1674
1017 31
1017 202
1017 310
1017 643
1017 706
1017 1063
1018 172
1018 324
1018 517
1018 1587
1018 1651
1019 207
1019 229
1019 504
1019 519
1019 584
1019 612
1019 770
1019 944
1019 977
1019 1176
1020 535
1020 862
1020 1361
1021 206
1021 333
1021 421
1021 940
1021 941
1021 1220
1021 1334
1022 817
1022 893
1022 1077
1022 1239
1022 1469
1022 1553
1023 125
1023 253
1023 273
1023 659
1023 982
1023 1182
1023 1572
1023 1597
1023 1734
1024 300
1024 755
1024 774
1024 1145
1024 1246
1024 1488
1025 150
1025 216
1025 465
1025 508
1025 559
1025 611
1025 863
1025 1456
1025 1524
1026 453
1026 558
1026 640
1026 1340
1026 1448
1027 307
1027 1202
1027 1434
1027 1445
1027 1583
1027 1662
1028 69
1028 157
1028 288
1028 488
1028 598
1028 676
1028 920
1028 1068
1028 1350
1028 1596
1028 1663
1029 339
1029 388
1029 1054
1029 1229
1029 1238
1029 1267
1029 1373
1030 331
1030 438
1030 662
1030 860
1030 1025
1030 1493
1030 1513
1031 391
1031 665
1031 809
1031 1067
1031 1315
1031 1667
1032 41
1032 548
1032 789
1032 984
1032 1081
1032 1280
1032 1727
1033 72
1033 127
1033 403
1033 439
1033 990
1033 1294
1033 1652
1033 1714
1034 123
1034 361
1034 748
1034 1138
1034 1424
1034 1660
1035 229
1035 461
1035 1032
1035 1173
1036 32
1036 384
1036 735
1036 1280
1036 1343
1037 80
1037 142
1037 382
1037 595
1037 641
1037 983
1037 1081
1037 1187
1038 78
1038 153
1038 523
1038 641
1038 761
1038 850
1038 924
1038 1110
1038 1167
1038 1408
1038 1484
1038 1512
1039 327
1039 976
1039 1038
1039 1072
1039 1340
1040 109
1040 308
1040 348
1040 1431
1040 1675
1041 484
1041 978
1042 136
1042 346
1042 572
1042 1215
1042 1435
1042 1451
1043 513
1043 954
1043 1076
1043 1522
1044 84
1044 223
1044 368
1044 1299
1044 1349
1044 1544
1045 363
1045 745
1045 822
1045 941
1045 965
1045 1695
1046 209
1046 385
1046 898
1046 1127
1046 1206
1046 1745
1047 712
1047 1337
1048 167
1048 460
1048 806
1048 875
1049 510
1049 740
1049 893
1049 1181
1049 1555
1049 1676
1050 27
1050 107
1050 241
1050 531
1050 1626
1050 1629
1051 633
1051 671
1051 933
1051 1034
1052 150
1052 196
1052 533
1052 580
1052 663
1052 688
1052 1099
1053 638
1053 802
1053 925
1053 1253
1053 1435
1053 1557
1053 1558
1054 622
1054 1580
1055 30
1055 107
1055 209
1055 383
1055 746
1055 968
1055 1435
1055 1712
1056 1088
1056 1091
1056 1643
1057 758
1057 1191
1057 1219
1057 1361
1057 1612
1058 518
1058 886
1058 913
1058 1251
1058 1697
1059 117
1059 333
1059 390
1059 1125
1059 1527
1060 139
1060 201
1060 612
1060 764
1060 826
1060 1188
1060 1207
1060 1607
1061 111
1061 195
1061 212
1061 218
1061 976
1061 1437
1061 1579
1062 160
1062 421
1062 642
1062 850
1062 936
1063 123
1063 210
1063 941
1063 1121
1064 142
1064 1283
1064 1388
1064 1688
1065 466
1065 746
1065 871
1065 881
1065 1159
1065 1688
1065 1712
1066 108
1066 499
1066 779
1066 1060
1066 1080
1066 1256
1066 1614
1067 126
1067 671
1067 959
1067 999
1067 1389
1067 1498
1068 278
1068 459
1068 1301
1068 1384
1068 1422
1068 1544
1068 1550
1068 1578
1068 1669
1069 774
1069 1175
1069 1299
1069 1621
1070 677
1070 911
1070 1467
1070 1573
1071 634
1071 665
1071 770
1072 72
1072 288
1072 551
1072 765
1072 955
1072 1062
1072 1075
1072 1156
1072 1209
1072 1729
1073 108
1073 323
1073 508
1073 559
1073 927
1073 980
1073 1049
1073 1231
1073 1313
1073 1425
1074 54
1074 117
1074 375
1074 658
1074 1162
1074 1204
1074 1452
1075 118
1075 460
1075 512
1075 654
1075 1201
1075 1644
1076 230
1076 394
1076 448
1076 509
1076 584
1076 647
1076 657
1076 1225
1076 1338
1076 1497
1077 288
1077 388
1077 452
1077 515
1077 1048
1077 1551
1078 395
1078 940
1078 1033
1078 1472
1078 1558
1079 564
1079 676
1079 678
1079 861
1079 907
1079 1211
1079 1271
1079 1675
1080 255
1080 435
1080 480
1080 614
1080 741
1080 787
1080 972
1080 1127
1080 1142
1081 196
1081 286
1081 833
1081 1412
1082 22
1082 44
1082 200
1082 724
1082 835
1082 974
1082 1323
1082 1397
1082 1536
1082 1640
1083 719
1083 1627
1084 327
1084 511
1084 722
1084 802
1084 854
1084 1069
1084 1622
1085 55
1085 232
1085 527
1085 747
1085 1168
1085 1258
1085 1339
1085 1556
1085 1680
1085 1739
1086 58
1086 321
1086 373
1086 529
1086 720
1086 911
1086 1142
1086 1393
1086 1486
1086 1692
1087 160
1087 593
1087 1467
1087 1696
1088 169
1088 1304
1088 1366
1089 749
1089 1622
1090 496
1090 591
1090 750
1090 1019
1090 1267
1090 1509
1090 1688
1091 426
1091 1107
1091 1200
1091 1203
1092 419
1092 1308
1092 1309
1092 1355
1092 1540
1092 1596
1092 1667
1093 347
1093 655
1093 865
1093 999
1093 1157
1094 482
1094 1093
1094 1321
1095 118
1095 276
1095 344
1095 525
1095 956
1095 1054
1095 1279
1095 1311
1095 1321
1096 197
1096 417
1096 825
1096 1130
1097 130
1097 258
1097 425
1097 770
1097 1236
1098 417
1098 777
1098 1196
1098 1571
1099 87
1099 277
1099 287
1099 495
1099 521
1099 817
1099 993
1099 1423
1099 1437
1099 1735
1100 160
1100 386
1100 832
1100 1095
1100 1201
1100 1353
1100 1471
1100 1513
1101 187
1101 248
1101 629
1102 195
1102 307
1102 735
1102 914
1102 1017
1102 1171
1103 137
1103 372
1103 388
1103 457
1103 952
1103 1312
1103 1318
1103 1376
1104 248
1104 471
1104 875
1104 1218
1104 1423
1105 172
1105 263
1105 780
1105 1064
1105 1561
1106 531
1106 637
1106 894
1106 906
1106 1124
1106 1196
1106 1255
1106 1301
1107 191
1107 292
1107 360
1107 448
1107 869
1107 935
1107 964
1107 1046
1108 591
1108 810
1108 1057
1109 186
1109 321
1109 671
1109 890
1109 1273
1109 1448
1109 1538
1110 105
1110 497
1110 805
1110 945
1110 1062
1110 1283
1110 1290
1110 1382
1110 1464
1110 1616
1111 196
1111 870
1111 1575
1111 1719
1112 337
1112 652
1112 756
1112 827
1112 1095
1112 1252
1112 1581
1113 562
1113 565
1113 851
1113 997
1113 1121
1114 1131
1114 1706
1115 391
1115 742
1115 1145
1115 1548
1116 574
1116 1607
1116 1711
1117 286
1117 1312
1117 1586
1117 1624
1118 486
1118 842
1119 333
1119 587
1119 652
1119 714
1119 739
1119 1192
1119 1642
1119 1722
1120 342
1121 338
1121 408
1121 676
1121 789
1121 863
1121 923
1121 1012
1121 1038
1121 1136
1121 1518
1121 1525
1122 97
1122 440
1122 544
1122 1104
1122 1190
1122 1711
1123 33
1123 468
1123 626
1123 886
1123 907
1123 1016
1123 1200
1123 1470
1123 1528
1123 1539
1124 180
1124 277
1124 402
1124 597
1124 1258
1124 1526
1125 14
1125 82
1125 528
1125 1253
1125 1682
1125 1746
1126 798
1126 858
1126 1069
1126 1197
1126 1696
1127 94
1127 900
1127 1714
1128 490
1128 1319
1128 1521
1129 799
1129 1173
1129 1192
1129 1214
1129 1591
1129 1620
1130 3
1130 87
1130 530
1130 602
1130 862
1130 1029
1130 1091
1131 26
1131 304
1131 908
1131 997
1131 1528
1132 6
1132 23
1132 306
1132 698
1132 1656
1132 1738
1133 1055
1133 1187
1133 1356
1133 1497
1133 1505
1134 248
1134 588
1134 929
1134 1392
1134 1393
1134 1748
1135 948
1135 1156
1135 1234
1135 1331
1135 1490
1135 1524
1135 1674
1136 258
1136 337
1136 790
1136 1082
1137 257
1137 449
1137 799
1137 1116
1137 1397
1138 319
1138 416
1138 436
1138 853
1138 857
1138 1567
1138 1739
1138 1749
1139 9
1139 216
1139 698
1139 992
1139 1060
1139 1302
1139 1676
1140 8
1140 191
1140 1150
1140 1163
1140 1599
1140 1652
1140 1714
1141 118
1141 824
1141 856
1141 1017
1141 1129
1141 1159
1141 1224
1142 521
1142 649
1142 752
1142 1308
1142 1412
1143 712
1143 853
1143 880
1143 1386
1144 728
1144 1179
1144 1366
1144 1421
1145 267
1145 459
1145 479
1145 488
1145 858
1145 1266
1145 1354
1145 1392
1146 351
1146 402
1146 993
1147 185
1147 214
1147 390
1147 664
1147 1510
1147 1602
1148 133
1148 166
1148 430
1148 833
1148 1263
1149 253
1149 402
1149 633
1149 681
1149 850
1149 1192
1149 1523
1149 1718
1150 155
1150 255
1150 289
1150 742
1150 757
1150 1709
1151 34
1151 169
1151 373
1151 426
1151 561
1151 641
1151 1295
1151 1427
1151 1554
1152 428
1152 535
1152 628
1152 726
1152 962
1152 1184
1152 1521
1153 169
1153 464
1153 837
1153 1026
1154 659
1154 796
1154 1418
1154 1465
1155 260
1155 426
1155 775
1155 788
1155 868
1156 774
1156 813
1156 1200
1156 1494
1157 42
1157 70
1157 285
1157 490
1157 1046
1157 1362
1158 454
1158 502
1158 661
1158 1377
1158 1697
1159 439
1159 441
1159 885
1159 1112
1159 1152
1160 14
1160 36
1160 202
1160 231
1160 493
1160 652
1160 759
1160 1617
1160 1633
1160 1644
1161 9
1161 165
1161 279
1161 299
1161 355
1161 465
1161 472
1161 505
1161 566
1161 992
1161 1163
1162 17
1162 399
1162 675
1162 1475
1162 1479
1162 1624
1162 1635
1163 142
1163 638
1163 762
1163 873
1163 1609
1163 1697
1164 47
1164 636
1164 663
1164 1630
1165 40
1165 439
1165 1006
1165 1026
1165 1204
1166 241
1166 588
1166 730
1166 786
1166 1206
1166 1269
1166 1419
1167 659
1167 699
1167 1143
1168 157
1168 816
1168 915
1168 1002
1168 1108
1168 1192
1168 1361
1168 1701
1169 217
1169 474
1169 593
1169 1582
1169 1591
1169 1650
1170 30
1170 67
1170 147
1170 908
1170 1479
1170 1625
1171 813
1171 1177
1171 1533
1171 1652
1172 88
1172 1062
1172 1262
1172 1395
1172 1631
1172 1652
1172 1683
1172 1702
1173 61
1173 68
1173 129
1173 778
1173 1090
1173 1479
1173 1594
1173 1748
1174 29
1174 729
1174 775
1174 885
1174 1010
1174 1117
1174 1510
1174 1652
1175 508
1175 765
1175 779
1175 861
1175 1148
1175 1358
1175 1653
1175 1740
1176 131
1176 531
1176 590
1176 671
1176 1334
1176 1349
1176 1415
1176 1449
1177 349
1177 659
1177 728
1178 261
1178 520
1178 957
1178 1081
1178 1351
1178 1711
1179 171
1179 221
1179 495
1179 587
1179 707
1179 922
1179 1233
1179 1300
1179 1523
1179 1647
1180 156
1180 644
1180 959
1180 1311
1180 1366
1180 1673
1181 11
1181 268
1181 548
1181 974
1181 1205
1181 1750
1182 173
1182 272
1182 415
1182 454
1182 513
1182 1240
1182 1730
1183 34
1183 236
1183 248
1183 469
1183 870
1184 197
1184 268
1184 280
1184 665
1184 890
1184 959
1185 171
1185 394
1185 448
1185 558
1186 23
1186 47
1186 111
1186 189
1186 269
1186 362
1186 949
1186 1051
1186 1070
1186 1394
1186 1490
1186 1581
1187 860
1188 127
1188 138
1188 303
1188 495
1188 579
1188 860
1188 1036
1188 1442
1188 1478
1189 189
1189 335
1189 528
1189 639
1189 715
1189 1098
1189 1389
1190 179
1190 214
1190 1163
1190 1448
1191 566
1191 678
1191 702
1191 715
1191 1286
1191 1323
1192 309
1192 610
1192 703
1192 715
1192 1081
1192 1291
1192 1625
1193 1288
1193 1425
1193 1556
1195 128
1195 235
1195 847
1195 951
1195 1142
1195 1527
1195 1529
1196 338
1196 384
1196 649
1196 1043
1196 1497
1196 1537
1197 113
1197 149
1197 297
1197 650
1197 910
1197 971
1197 1179
1197 1281
1197 1381
1197 1461
1197 1621
1198 306
1198 623
1198 842
1198 1219
1198 1235
1198 1345
1198 1567
1198 1574
1199 1072
1199 1260
1199 1275
1199 1391
1200 622
1200 803
1200 911
1200 1437
1201 548
1201 864
1201 954
1201 1303
1201 1381
1201 1581
1202 787
1202 1247
1202 1345
1202 1377
1202 1378
1203 373
1203 417
1203 458
1203 558
1203 786
1203 868
1203 897
1203 1536
1203 1671
1204 29
1204 92
1204 216
1204 464
1204 814
1204 901
1204 991
1204 1474
1204 1703
1205 971
1205 994
1205 1152
1205 1359
1205 1592
1206 221
1206 509
1206 1435
1206 1556
1207 902
1208 329
1208 386
1208 625
1208 703
1208 783
1208 995
1208 1034
1208 1232
1209 355
1209 922
1209 982
1209 1414
1209 1641
1210 214
1210 360
1210 376
1210 857
1210 931
1210 1395
1211 484
1211 764
1211 767
1211 817
1211 1012
1211 1058
1211 1210
1211 1406
1212 260
1212 692
1212 974
1212 1185
1212 1298
1212 1327
1212 1446
1212 1658
1212 1699
1213 231
1213 928
1213 1115
1213 1263
1213 1322
1214 308
1214 1225
1214 1258
1214 1281
1214 1448
1214 1724
1215 1075
1215 1423
1215 1640
1216 470
1216 600
1216 630
1216 743
1216 1188
1216 1294
1216 1510
1216 1663
1216 1665
1217 80
1217 149
1217 224
1217 880
1217 906
1217 950
1217 1175
1217 1506
1218 76
1218 461
1218 772
1218 945
1218 1067
1218 1707
1219 272
1219 354
1219 697
1219 748
1219 931
1219 1065
1219 1097
1219 1277
1219 1346
1219 1413
1219 1693
1220 395
1220 694
1220 1001
1220 1397
1220 1625
1220 1626
1220 1677
1220 1749
1221 44
1221 79
1221 196
1221 214
1221 328
1221 515
1221 571
1221 723
1221 1620
1221 1627
1222 1132
1222 1532
1222 1597
1223 49
1223 241
1223 351
1223 436
1224 196
1224 407
1224 710
1224 937
1224 995
1224 1089
1224 1706
1225 346
1225 415
1225 545
1225 692
1225 833
1225 974
1225 987
1225 1001
1225 1381
1226 77
1226 453
1226 491
1226 645
1226 1068
1227 253
1227 329
1227 796
1227 908
1227 1126
1227 1160
1227 1333
1227 1405
1227 1471
1228 24
1228 220
1228 414
1228 438
1228 609
1228 705
1228 1510
1228 1607
1229 157
1229 226
1229 427
1229 837
1229 973
1229 1141
1230 357
1230 391
1230 710
1230 830
1230 835
1230 1101
1230 1243
1231 590
1231 604
1231 669
1231 747
1232 57
1232 278
1232 358
1232 554
1232 565
1232 1123
1232 1643
1233 7
1233 60
1233 72
1233 782
1233 845
1233 913
1233 1000
1233 1242
1233 1315
1234 4
1234 17
1234 110
1234 191
1234 436
1234 446
1234 635
1234 942
1235 546
1235 819
1236 76
1236 104
1236 203
1236 265
1236 450
1236 591
1236 830
1236 1110
1236 1230
1236 1594
1237 22
1237 384
1237 1256
1237 1343
1237 1558
1238 857
1238 1032
1238 1228
1238 1250
1238 1588
1239 33
1239 162
1239 271
1239 420
1239 624
1239 713
1239 906
1239 1231
1239 1243
1239 1537
1239 1702
1239 1720
1240 114
1240 398
1240 709
1240 1228
1240 1698
1241 450
1241 566
1241 891
1241 932
1241 1410
1241 1464
1242 628
1242 763
1242 1597
1243 333
1243 457
1243 464
1243 498
1243 558
1243 951
1243 1389
1243 1505
1243 1621
1244 5
1244 23
1244 117
1244 209
1244 559
1244 583
1244 1136
1244 1568
1245 376
1245 405
1245 825
1245 1005
1246 275
1246 510
1246 729
1246 1415
1247 444
1247 496
1247 582
1247 799
1247 971
1247 1306
1247 1309
1247 1566
1248 42
1248 101
1248 565
1248 641
1248 704
1248 737
1248 989
1248 1403
1248 1427
1249 121
1249 443
1249 612
1249 946
1249 1152
1249 1590
1249 1616
1250 87
1250 93
1250 232
1250 344
1250 564
1250 1058
1250 1481
1250 1568
1251 464
1251 566
1251 1334
1251 1353
1251 1604
1252 170
1252 239
1252 259
1252 467
1252 629
1252 655
1252 764
1252 806
1252 1148
1252 1420
1252 1609
1252 1731
1253 489
1253 766
1253 867
1253 1202
1253 1240
1253 1606
1254 1272
1254 1599
1255 239
1255 678
1255 927
1255 1330
1255 1556
1256 1344
1256 1372
1256 1699
1257 219
1257 377
1257 1627
1258 3
1258 1057
1258 1343
1259 529
1259 558
1259 1685
1260 802
1260 917
1260 1181
1260 1185
1260 1611
1261 732
1261 1041
1261 1298
1261 1305
1261 1523
1262 805
1262 833
1262 968
1262 1140
1262 1232
1263 469
1263 508
1263 683
1263 902
1263 1228
1263 1251
1263 1449
1264 474
1264 635
1264 640
1264 1153
1264 1457
1265 90
1265 567
1265 824
1265 860
1266 148
1266 611
1266 664
1266 1657
1267 410
1267 994
1267 1057
1267 1134
1267 1308
1267 1492
1268 322
1268 1164
1268 1326
1268 1357
1268 1730
1269 419
1269 449
1269 691
1269 745
1269 960
1269 1189
1269 1223
1269 1452
1270 482
1270 819
1270 1004
1270 1168
1270 1171
1270 1264
1270 1346
1270 1737
1271 334
1271 616
1271 982
1272 412
1272 446
1272 506
1272 926
1272 1331
1272 1621
1273 244
1273 653
1273 993
1273 1104
1273 1176
1273 1181
1273 1361
1274 5
1274 84
1274 164
1274 201
1274 373
1274 377
1274 476
1274 730
1274 942
1274 976
1274 1024
1274 1224
1275 456
1275 540
1275 545
1275 547
1275 670
1275 1319
1276 1043
1276 1735
1277 224
1277 566
1277 686
1277 1102
1277 1269
1278 170
1278 201
1278 365
1278 759
1278 906
1278 1326
1278 1327
1278 1418
1278 1678
1279 283
1279 694
1279 1539
1279 1729
1280 116
1280 460
1280 1056
1280 1308
1281 125
1281 547
1281 1026
1281 1034
1281 1217
1281 1219
1281 1308
1281 1342
1281 1396
1281 1663
1281 1699
1281 1745
1282 357
1282 652
1282 837
1282 1577
1282 1682
1283 367
1283 1269
1283 1323
1283 1353
1284 523
1284 630
1284 729
1284 832
1284 1147
1284 1297
1284 1340
1284 1404
1285 61
1285 1603
1286 177
1286 515
1286 614
1286 629
1286 884
1286 922
1286 1173
1286 1405
1286 1476
1287 185
1287 768
1287 971
1287 1040
1287 1374
1287 1532
1287 1647
1288 162
1288 249
1288 490
1288 841
1288 901
1288 1115
1288 1155
1288 1572
1288 1622
1289 334
1289 518
1289 697
1289 1116
1289 1665
1290 322
1290 674
1290 882
1291 891
1291 960
1291 1377
1291 1391
1291 1544
1291 1739
1292 562
1292 959
1292 970
1292 1196
1292 1294
1292 1523
1293 408
1293 622
1293 644
1293 982
1294 172
1294 540
1294 955
1294 981
1294 1613
1295 1018
1295 1040
1295 1293
1295 1570
1295 1575
1295 1718
1296 146
1296 276
1296 638
1296 692
1296 724
1296 1423
1296 1426
1296 1586
1297 95
1297 542
1297 613
1297 966
1297 1635
1298 32
1298 770
1298 1071
1299 411
1299 887
1299 1086
1299 1230
1299 1366
1300 35
1300 141
1300 542
1300 688
1300 996
1300 1025
1300 1134
1300 1424
1300 1441
1301 781
1301 960
1301 1062
1301 1480
1302 184
1302 185
1302 477
1302 564
1302 576
1302 593
1302 769
1302 963
1302 981
1302 1644
1303 47
1303 404
1303 631
1303 857
1303 1129
1303 1283
1303 1442
1303 1559
1303 1667
1303 1734
1304 666
1304 714
1304 956
1304 1240
1305 502
1305 525
1305 650
1305 1129
1305 1253
1306 191
1306 298
1306 455
1306 494
1306 569
1306 727
1306 865
1306 1280
1306 1669
1306 1736
1307 466
1307 1223
1307 1317
1307 1321
1307 1412
1307 1457
1308 399
1308 971
1308 1111
1309 23
1309 73
1309 466
1309 476
1309 651
1309 738
1309 755
1309 768
1309 885
1309 1397
1309 1458
1309 1494
1309 1625
1310 226
1310 361
1310 600
1310 643
1310 764
1310 1194
1310 1588
1311 480
1311 1014
1311 1299
1311 1427
1311 1461
1311 1529
1312 22
1312 169
1312 476
1312 715
1312 775
1312 1399
1312 1401
1313 356
1313 436
1313 583
1313 1129
1313 1276
1313 1625
1314 51
1314 205
1314 385
1314 466
1314 666
1314 1405
1315 815
1315 881
1315 1021
1315 1572
1316 56
1316 1016
1316 1110
1317 10
1317 15
1317 284
1317 1334
1317 1448
1317 1706
1318 51
1318 278
1318 644
1318 1216
1318 1397
1318 1623
1319 129
1319 422
1319 595
1319 1623
1320 195
1320 197
1320 232
1320 399
1320 1379
1320 1432
1321 5
1321 389
1321 632
1321 996
1321 1032
1321 1207
1321 1375
1321 1461
1321 1473
1322 127
1322 497
1322 673
1322 993
1322 1381
1322 1655
1323 15
1323 190
1323 398
1323 413
1323 612
1323 887
1323 894
1323 920
1323 1254
1324 396
1324 501
1324 506
1324 561
1324 704
1324 948
1325 220
1325 221
1325 236
1325 988
1325 1295
1325 1694
1326 710
1326 934
1326 1410
1326 1473
1327 231
1327 264
1328 263
1328 823
1328 999
1328 1296
1329 189
1329 217
1329 1116
1329 1174
1329 1208
1329 1384
1329 1407
1329 1523
1330 156
1330 188
1330 278
1330 408
1330 527
1330 798
1330 1290
1330 1364
1330 1695
1331 352
1331 425
1331 453
1331 594
1331 614
1331 916
1331 1078
1331 1466
1331 1619
1332 78
1332 405
1332 525
1332 589
1332 1456
1332 1471
1333 207
1333 902
1333 1369
1333 1548
1334 271
1334 1020
1334 1606
1335 493
1335 524
1335 975
1335 1246
1335 1513
1335 1716
1336 336
1336 481
1336 1285
1337 86
1337 113
1337 119
1337 184
1337 451
1337 583
1337 857
1337 1191
1338 147
1338 1297
1338 1358
1338 1528
1339 383
1339 405
1339 1136
1339 1146
1340 25
1340 283
1340 452
1340 1040
1340 1091
1340 1293
1340 1347
1341 96
1341 502
1341 520
1341 1039
1341 1524
1342 145
1342 723
1342 1364
1343 97
1343 534
1343 1081
1343 1247
1343 1273
1344 812
1344 1079
1344 1183
1345 155
1345 357
1345 446
1345 645
1345 955
1345 1075
1345 1236
1345 1414
1345 1574
1346 329
1346 382
1346 412
1346 454
1346 711
1346 1221
1347 639
1347 730
1347 1035
1347 1223
1347 1681
1348 497
1348 703
1348 717
1348 769
1348 1293
1348 1300
1349 94
1349 280
1349 1147
1349 1378
1349 1584
1350 256
1350 262
1350 654
1350 774
1350 1020
1351 955
1351 1158
1351 1387
1352 1292
1352 1402
1353 59
1353 197
1353 778
1353 1318
1353 1678
1354 59
1354 310
1354 582
1354 738
1354 1423
1354 1605
1354 1685
1354 1733
1355 199
1355 463
1355 1004
1355 1702
1356 61
1356 521
1356 701
1356 886
1357 209
1357 348
1357 379
1357 492
1357 635
1357 778
1357 987
1357 1118
1357 1302
1357 1516
1357 1583
1358 19
1358 397
1358 781
1358 913
1358 1098
1358 1353
1358 1363
1358 1373
1359 276
1359 347
1359 543
1359 733
1359 1114
1359 1291
1359 1459
1360 264
1360 790
1360 879
1360 952
1361 337
1361 400
1361 440
1361 482
1361 1037
1361 1196
1361 1287
1361 1397
1362 801
1362 909
1362 1017
1362 1263
1363 508
1363 510
1363 564
1363 1053
1363 1171
1364 221
1364 451
1364 504
1364 1065
1364 1081
1364 1133
1364 1333
1364 1526
1365 195
1365 474
1365 967
1365 1260
1365 1541
1366 173
1366 1174
1366 1210
1366 1544
1367 5
1367 293
1367 839
1367 846
1367 945
1367 1016
1367 1191
1367 1420
1368 235
1368 644
1368 737
1368 766
1368 1152
1368 1189
1369 879
1369 1115
1369 1151
1369 1213
1369 1417
1369 1468
1369 1686
1370 228
1370 344
1370 380
1370 407
1370 823
1370 1249
1370 1590
1371 517
1371 1191
1371 1199
1371 1235
1371 1311
1371 1526
1372 66
1372 177
1372 416
1372 429
1372 487
1372 521
1372 848
1372 963
1372 1061
1372 1282
1372 1416
1373 24
1373 289
1373 431
1373 812
1373 1439
1373 1574
1374 18
1374 734
1374 797
1374 863
1374 1008
1374 1232
1374 1295
1374 1585
1375 305
1375 548
1375 1006
1375 1547
1375 1612
1376 291
1376 307
1376 845
1377 56
1377 132
1377 757
1377 777
1377 832
1377 1290
1377 1296
1377 1328
1378 217
1378 757
1378 847
1378 868
1378 1162
1378 1435
1378 1574
1379 689
1379 883
1379 890
1379 1238
1379 1512
1379 1535
1379 1562
1379 1621
1380 1493
1380 1623
1380 1677
1381 62
1381 536
1381 692
1381 942
1381 1036
1381 1273
1381 1370
1381 1371
1382 456
1382 471
1382 565
1382 953
1382 1192
1383 146
1383 384
1383 1038
1383 1667
1384 14
1384 836
1384 920
1384 1404
1384 1708
1385 239
1385 269
1385 450
1385 889
1385 1032
1386 457
1386 541
1386 1381
1386 1527
1387 78
1388 4
1388 392
1388 1234
1388 1592
1388 1623
1388 1635
1389 903
1389 1309
1390 35
1390 112
1390 167
1390 280
1390 486
1390 649
1390 817
1390 932
1390 1307
1391 858
1391 1382
1391 1678
1392 211
1392 537
1392 627
1392 769
1392 773
1392 814
1392 967
1392 1077
1392 1215
1392 1750
1393 5
1393 550
1393 565
1393 992
1394 43
1394 59
1394 284
1394 390
1394 1635
1395 47
1395 61
1395 311
1395 605
1395 875
1395 1060
1395 1357
1395 1457
1395 1555
1396 978
1397 146
1397 297
1397 415
1397 417
1397 454
1397 464
1397 474
1397 860
1397 1253
1398 109
1398 763
1398 1686
1399 279
1399 731
1399 954
1399 979
1399 1032
1399 1160
1400 40
1400 48
1400 163
1400 818
1400 1310
1400 1513
1401 113
1401 366
1401 565
1401 664
1401 1044
1401 1553
1401 1701
1402 372
1402 461
1402 836
1402 1022
1402 1056
1402 1195
1402 1384
1402 1433
1403 257
1403 349
1403 370
1403 890
1403 902
1403 1125
1403 1213
1404 87
1404 112
1404 627
1404 649
1404 1438
1405 73
1405 321
1405 724
1405 892
1406 188
1406 334
1406 396
1406 456
1406 788
1406 1182
1406 1656
1407 132
1407 163
1407 1217
1407 1274
1408 609
1408 1113
1408 1617
1409 7
1409 63
1409 170
1409 461
1409 559
1409 1018
1409 1262
1410 241
1410 508
1410 523
1410 642
1410 649
1410 805
1410 863
1410 1454
1410 1497
1410 1579
1410 1592
1411 427
1411 604
1411 934
1411 948
1411 1007
1411 1124
1411 1225
1411 1319
1411 1473
1412 52
1412 188
1412 401
1412 830
1412 1204
1412 1312
1412 1345
1412 1362
1412 1513
1412 1576
1412 1643
1413 258
1413 333
1413 626
1413 1333
1414 94
1414 1032
1414 1198
1415 12
1415 346
1415 611
1415 851
1415 976
1415 1035
1415 1057
1415 1557
1416 262
1416 637
1416 650
1416 799
1416 810
1416 1378
1417 108
1417 732
1417 929
1417 984
1417 1367
1417 1721
1418 97
1418 399
1418 625
1418 900
1418 1429
1419 38
1419 215
1419 964
1419 1669
1419 1694
1420 754
1420 860
1420 1225
1420 1279
1420 1464
1420 1632
1421 557
1421 606
1421 1134
1421 1343
1421 1548
1421 1576
1421 1699
1421 1711
1422 194
1422 811
1422 990
1422 1494
1422 1666
1423 38
1423 159
1423 1082
1423 1205
1424 143
1424 634
1424 1542
1424 1650
1425 124
1425 125
1425 353
1425 810
1425 863
1425 1003
1426 76
1426 123
1426 312
1426 395
1426 627
1426 755
1426 981
1426 1123
1426 1143
1427 294
1427 496
1427 634
1427 1692
1428 123
1428 660
1428 830
1428 1121
1428 1401
1428 1623
1428 1646
1429 1591
1430 22
1430 77
1430 87
1430 392
1430 883
1430 1310
1430 1390
1430 1448
1430 1657
1431 41
1431 410
1431 1434
1431 1486
1431 1620
1432 10
1432 196
1432 455
1432 654
1432 728
1432 835
1432 941
1432 1255
1432 1553
1433 359
1433 925
1433 1157
1433 1299
1433 1412
1433 1460
1434 703
1434 724
1434 811
1434 849
1434 995
1434 1203
1434 1457
1435 244
1435 266
1435 1360
1435 1516
1436 45
1436 371
1436 592
1436 1604
1436 1712
1437 470
1437 552
1437 718
1437 1105
1437 1264
1437 1377
1437 1408
1437 1718
1438 950
1438 1219
1439 223
1439 349
1439 618
1439 782
1439 935
1439 957
1439 1011
1439 1317
1439 1386
1439 1418
1440 52
1440 70
1440 525
1440 1422
1440 1660
1441 311
1441 797
1441 1169
1442 182
1442 381
1442 945
1442 984
1442 1505
1442 1543
1443 627
1443 647
1443 1343
1444 10
1444 430
1444 899
1444 925
1445 20
1445 454
1445 1028
1445 1250
1445 1666
1446 232
1446 487
1446 692
1446 737
1446 880
1446 1115
1446 1394
1447 144
1447 286
1447 717
1447 1125
1447 1416
1448 712
1448 884
1448 908
1448 1020
1448 1189
1448 1548
1449 250
1449 338
1449 876
1449 1025
1449 1133
1449 1585
1449 1683
1450 443
1450 529
1450 537
1450 689
1450 886
1450 1025
1450 1093
1450 1453
1450 1464
1450 1479
1450 1480
1450 1668
1451 431
1451 483
1451 568
1451 1254
1451 1507
1452 56
1452 253
1452 388
1452 943
1453 217
1453 814
1453 987
1453 1512
1453 1528
1453 1550
1453 1561
1453 1713
1454 117
1454 538
1454 1493
1455 423
1455 427
1455 517
1455 823
1456 428
1456 492
1456 1146
1456 1168
1456 1237
1456 1314
1456 1371
1456 1580
1456 1701
1457 9
1457 24
1457 65
1457 159
1457 622
1457 640
1457 684
1457 709
1457 944
1457 1061
1457 1344
1458 24
1458 1383
1458 1460
1459 391
1459 656
1459 850
1459 922
1459 1391
1459 1742
1459 1750
1460 62
1460 82
1460 125
1460 208
1460 701
1460 870
1461 138
1461 202
1461 747
1461 1003
1461 1007
1461 1058
1461 1446
1461 1473
1461 1627
1462 17
1462 387
1462 604
1462 874
1462 994
1462 1666
1462 1668
1462 1718
1463 773
1463 961
1463 1080
1463 1404
1464 66
1464 127
1464 297
1464 1125
1464 1205
1464 1220
1464 1226
1464 1599
1464 1628
1465 35
1465 81
1465 125
1465 239
1465 1650
1466 87
1466 123
1466 309
1466 634
1466 1133
1466 1254
1466 1410
1466 1519
1467 358
1467 668
1467 717
1467 1387
1467 1413
1467 1481
1467 1687
1468 533
1468 1122
1468 1126
1468 1278
1468 1489
1468 1645
1468 1743
1469 550
1469 1023
1469 1670
1470 1
1470 2
1470 286
1470 355
1470 944
1470 1499
1471 151
1471 249
1471 587
1471 665
1471 724
1471 969
1471 1062
1471 1316
1471 1635
1471 1642
1472 746
1472 786
1472 1004
1472 1378
1473 153
1473 292
1473 762
1473 1027
1473 1118
1473 1169
1473 1282
1473 1591
1473 1634
1474 127
1474 289
1474 759
1474 1057
1474 1178
1474 1581
1474 1641
1474 1676
1474 1710
1475 1098
1475 1261
1475 1484
1475 1529
1475 1678
1476 376
1476 655
1476 720
1476 775
1476 787
1476 964
1477 809
1477 816
1477 1233
1478 371
1478 506
1478 678
1478 1345
1478 1379
1478 1477
1479 183
1479 409
1479 597
1479 1355
1479 1740
1480 206
1480 227
1480 340
1480 642
1480 978
1480 1302
1480 1530
1480 1677
1481 439
1481 472
1481 622
1481 633
1481 774
1482 151
1482 754
1482 824
1482 944
1482 1137
1482 1424
1482 1589
1482 1625
1482 1644
1483 744
1483 753
1483 800
1483 1619
1484 142
1484 259
1484 366
1484 945
1484 1531
1484 1629
1484 1737
1485 412
1485 477
1485 576
1485 738
1485 1012
1485 1196
1485 1237
1485 1325
1485 1500
1485 1521
1485 1698
1485 1750
1486 333
1486 793
1486 1643
1486 1698
1487 9
1487 93
1487 239
1487 516
1487 599
1487 1014
1487 1638
1487 1655
1487 1671
1488 181
1488 361
1488 453
1488 991
1488 1068
1488 1072
1488 1163
1488 1193
1488 1443
1489 291
1489 323
1489 341
1489 917
1489 1501
1489 1624
1489 1629
1490 23
1490 108
1490 177
1490 227
1490 548
1490 561
1490 614
1490 743
1490 992
1490 1200
1491 463
1491 1158
1491 1413
1492 248
1492 897
1492 998
1492 1040
1492 1186
1492 1200
1492 1319
1492 1554
1492 1720
1492 1722
1493 373
1493 481
1493 491
1493 971
1493 1116
1493 1587
1494 410
1494 449
1494 619
1494 1116
1494 1143
1494 1176
1494 1410
1494 1443
1495 32
1495 226
1495 419
1495 548
1495 737
1495 829
1495 1008
1495 1179
1495 1409
1496 878
1496 903
1496 1207
1496 1261
1496 1318
1496 1521
1496 1719
1497 1278
1497 1721
1498 589
1498 623
1498 995
1498 1030
1498 1408
1498 1418
1498 1626
1499 207
1499 517
1499 1019
1499 1102
1499 1421
1500 216
1500 297
1500 528
1500 1084
1500 1330
1500 1670
1501 388
1501 566
1501 1576
1502 62
1502 143
1502 1232
1502 1273
1502 1378
1502 1744
1503 455
1503 627
1503 1404
1503 1563
1503 1624
1503 1641
1504 653
1504 1254
1505 245
1505 875
1505 936
1505 1032
1505 1374
1505 1419
1505 1540
1506 753
1506 1251
1506 1279
1506 1666
1507 283
1507 369
1507 545
1507 891
1507 1047
1507 1146
1507 1613
1508 78
1508 478
1508 498
1508 767
1508 881
1508 1162
1508 1521
1508 1671
1509 71
1509 353
1509 675
1509 830
1509 1244
1509 1745
1510 429
1510 443
1510 476
1510 1551
1511 610
1511 778
1511 826
1511 884
1511 1071
1511 1339
1511 1388
1511 1656
1512 53
1512 653
1512 831
1512 1066
1512 1277
1512 1524
1512 1745
1513 55
1513 57
1513 130
1513 154
1513 792
1513 1031
1513 1192
1513 1344
1513 1402
1514 174
1514 574
1514 690
1514 783
1514 868
1514 1373
1514 1437
1515 549
1515 592
1515 608
1515 631
1515 683
1515 731
1515 1311
1515 1361
1515 1585
1516 473
1516 600
1516 1291
1517 52
1517 181
1517 736
1517 856
1517 1166
1518 102
1518 632
1518 1013
1518 1023
1518 1058
1518 1247
1518 1397
1519 88
1519 213
1519 1523
1519 1744
1520 198
1520 281
1520 433
1520 1418
1520 1553
1521 732
1521 1073
1522 1147
1522 1306
1522 1603
1523 124
1523 315
1523 471
1523 544
1524 227
1524 369
1524 618
1524 656
1524 1308
1524 1334
1524 1340
1524 1350
1524 1576
1524 1744
1525 39
1525 1060
1525 1080
1525 1090
1525 1301
1525 1542
1525 1588
1526 227
1526 627
1526 681
1526 852
1526 1130
1526 1590
1527 32
1527 278
1527 586
1527 609
1527 617
1527 786
1527 870
1527 934
1527 1011
1527 1175
1527 1288
1528 866
1528 1478
1528 1574
1529 68
1529 139
1529 232
1529 247
1529 602
1529 1237
1529 1340
1529 1446
1529 1617
1530 838
1530 1122
1530 1444
1530 1671
1531 10
1531 982
1531 1013
1531 1159
1531 1430
1531 1479
1531 1515
1532 184
1532 594
1532 675
1532 1161
1532 1369
1532 1689
1533 81
1533 313
1533 510
1533 769
1533 1098
1533 1373
1534 180
1534 718
1534 791
1534 973
1534 1002
1534 1011
1534 1044
1534 1407
1534 1630
1534 1646
1535 62
1535 86
1535 509
1536 100
1536 208
1536 753
1536 767
1536 978
1536 1281
1536 1588
1536 1689
1536 1709
1537 88
1537 312
1537 404
1537 742
1538 198
1538 465
1538 514
1538 765
1538 1557
1539 59
1539 531
1539 1142
1539 1598
1540 92
1540 114
1540 207
1540 642
1540 836
1540 1629
1540 1734
1541 66
1541 264
1541 384
1541 641
1541 765
1541 1304
1541 1563
1542 580
1542 898
1542 1210
1542 1370
1543 17
1543 79
1543 131
1543 1062
1543 1120
1543 1571
1544 571
1544 632
1544 716
1544 1159
1544 1610
1545 198
1545 726
1545 956
1545 1056
1545 1093
1545 1386
1545 1390
1546 212
1546 418
1546 469
1546 793
1546 846
1546 874
1546 905
1546 953
1546 1091
1546 1102
1546 1258
1546 1353
1547 422
1547 1053
1547 1074
1547 1465
1547 1672
1547 1692
1547 1731
1548 720
1548 940
1549 92
1549 243
1549 509
1549 892
1549 1304
1550 1
1550 507
1550 655
1550 834
1550 855
1550 904
1550 982
1550 1286
1550 1587
1550 1590
1551 74
1551 872
1551 924
1551 1248
1551 1372
1551 1622
1552 95
1552 742
1552 866
1552 1087
1552 1132
1552 1171
1552 1319
1552 1546
1552 1592
1552 1674
1553 172
1553 484
1553 498
1553 817
1553 1375
1553 1567
1553 1594
1553 1741
1554 49
1554 51
1554 199
1554 234
1554 366
1554 404
1555 69
1555 132
1555 291
1555 300
1555 580
1555 616
1555 1275
1555 1284
1555 1637
1556 127
1556 206
1556 215
1556 570
1556 597
1556 709
1556 1063
1556 1084
1556 1612
1556 1728
1557 2
1557 1230
1557 1296
1557 1348
1558 176
1558 778
1558 906
1558 1515
1559 21
1559 43
1559 96
1559 170
1559 305
1559 1005
1559 1014
1559 1378
1560 563
1560 1394
1560 1680
1561 245
1561 477
1561 487
1561 507
1561 517
1561 960
1561 1041
1561 1344
1562 423
1562 872
1562 1033
1562 1206
1562 1245
1563 123
1563 270
1563 306
1563 521
1563 948
1563 1068
1564 428
1564 461
1564 1189
1564 1307
1564 1399
1564 1744
1565 64
1565 107
1565 173
1565 526
1565 624
1565 818
1565 833
1565 834
1565 1218
1565 1387
1565 1520
1566 333
1566 616
1566 954
1566 1098
1566 1309
1566 1366
1566 1634
1567 65
1567 139
1567 1409
1567 1486
1568 37
1568 824
1568 1226
1568 1248
1568 1541
1569 214
1569 220
1569 311
1569 1037
1569 1139
1569 1223
1569 1328
1569 1406
1569 1745
1570 48
1570 227
1570 352
1570 727
1570 951
1570 1455
1571 176
1571 361
1571 409
1571 581
1571 851
1571 1013
1571 1425
1572 91
1572 100
1572 596
1572 897
1572 1114
1573 491
1573 1361
1573 1540
1573 1703
1574 106
1574 117
1574 1120
1574 1204
1574 1290
1575 652
1576 752
1576 1371
1577 1028
1577 1334
1578 300
1578 592
1578 679
1578 714
1578 887
1578 1302
1578 1523
1579 174
1579 459
1579 710
1579 766
1579 771
1579 867
1579 1196
1579 1208
1579 1224
1579 1261
1579 1597
1580 113
1580 183
1580 349
1580 735
1580 1010
1580 1044
1580 1058
1580 1621
1580 1684
1581 91
1581 539
1581 690
1581 1053
1581 1203
1581 1337
1581 1453
1582 368
1582 819
1582 908
1582 1642
1583 166
1583 320
1583 587
1583 785
1583 1082
1583 1296
1584 559
1584 733
1584 903
1584 1687
1585 5
1585 417
1585 798
1585 830
1585 1071
1586 247
1586 533
1586 895
1586 1223
1587 378
1587 919
1587 999
1587 1205
1587 1268
1587 1495
1587 1548
1588 20
1588 534
1588 957
1588 1422
1588 1600
1589 204
1589 212
1589 644
1589 698
1589 1381
1590 4
1590 5
1590 121
1590 1234
1590 1252
1590 1266
1590 1347
1590 1508
1591 751
1591 1317
1591 1386
1592 435
1592 600
1592 1531
1593 236
1593 728
1593 785
1593 1496
1593 1501
1593 1560
1593 1616
1593 1728
1594 934
1594 1239
1594 1375
1594 1636
1595 463
1595 718
1595 1356
1595 1434
1595 1619
1595 1657
1596 45
1596 98
1596 224
1596 560
1596 781
1596 931
1596 1195
1596 1236
1596 1258
1596 1382
1596 1443
1597 264
1597 312
1597 1095
1598 184
1598 647
1598 685
1598 1445
1599 636
1599 903
1599 944
1599 1221
1600 248
1600 1050
1600 1471
1600 1679
1601 233
1601 855
1601 1194
1601 1197
1601 1365
1601 1743
1602 536
1602 577
1602 1718
1603 50
1603 491
1603 1260
1603 1413
1604 21
1604 237
1604 572
1604 1058
1604 1239
1604 1371
1604 1653
1604 1749
1605 738
1605 805
1605 1012
1606 37
1606 560
1606 689
1606 855
1606 1162
1606 1251
1606 1389
1606 1622
1606 1642
1607 515
1607 1124
1607 1526
1608 180
1608 242
1608 397
1608 642
1608 1076
1608 1376
1608 1456
1608 1727
1609 88
1609 133
1609 755
1609 777
1609 1068
1609 1284
1609 1339
1609 1643
1610 158
1610 497
1610 823
1610 844
1610 949
1610 1074
1610 1237
1610 1464
1611 318
1611 609
1611 644
1611 697
1611 827
1611 971
1611 1005
1611 1077
1611 1467
1611 1549
1612 58
1612 423
1612 451
1612 787
1612 1248
1612 1280
1612 1737
1613 59
1613 67
1613 304
1613 474
1613 651
1613 857
1613 993
1613 997
1613 1368
1613 1548
1614 102
1614 456
1614 913
1614 1153
1614 1234
1614 1314
1614 1554
1614 1581
1614 1719
1615 255
1615 870
1615 891
1616 167
1616 208
1616 395
1616 1203
1616 1564
1617 219
1617 398
1617 694
1617 764
1617 894
1617 959
1617 1054
1617 1097
1617 1468
1617 1591
1618 1
1618 269
1618 1153
1618 1158
1619 71
1619 1111
1619 1154
1619 1242
1619 1748
1620 244
1620 825
1620 875
1621 240
1621 290
1621 361
1621 860
1621 1610
1622 1196
1622 1249
1622 1406
1622 1424
1622 1517
1622 1527
1623 672
1623 841
1623 1192
1623 1203
1623 1334
1624 149
1624 396
1624 619
1624 620
1624 779
1624 925
1624 1528
1625 76
1625 491
1625 879
1625 1551
1626 448
1626 1131
1626 1380
1627 275
1627 873
1627 989
1627 1257
1627 1426
1627 1576
1627 1618
1627 1664
1628 218
1628 798
1628 1127
1628 1494
1628 1503
1629 669
1629 881
1629 1135
1629 1370
1629 1480
1630 978
1630 1407
1630 1490
1631 167
1631 733
1631 892
1631 965
1631 1212
1632 501
1632 567
1632 1200
1632 1238
1633 724
1633 1137
1633 1593
1633 1727
1634 237
1634 604
1634 740
1634 833
1634 1724
1635 84
1635 747
1635 1388
1636 195
1636 373
1636 845
1636 884
1636 1092
1636 1744
1637 12
1637 657
1637 783
1637 830
1637 1121
1637 1254
1637 1310
1637 1313
1638 240
1638 472
1638 1140
1638 1661
1639 1
1639 161
1639 937
1639 1452
1639 1612
1639 1638
1639 1663
1640 179
1640 290
1640 468
1640 755
1640 1068
1640 1239
1640 1332
1640 1656
1640 1719
1641 149
1641 446
1641 819
1641 865
1641 881
1641 1201
1641 1720
1641 1749
1642 185
1642 889
1642 901
1642 970
1642 1373
1642 1398
1642 1430
1642 1490
1642 1723
1643 128
1643 250
1643 324
1643 527
1643 588
1643 808
1643 1466
1644 195
1644 1198
1645 205
1645 289
1645 546
1645 732
1645 1117
1645 1137
1645 1558
1645 1701
1646 390
1646 672
1646 923
1646 1169
1646 1231
1646 1523
1647 231
1647 668
1647 755
1647 969
1647 1124
1647 1547
1647 1595
1648 165
1648 473
1648 1341
1648 1620
1648 1729
1649 703
1649 929
1649 1141
1649 1535
1650 231
1650 312
1650 524
1650 860
1650 1101
1650 1391
1650 1403
1650 1486
1650 1616
1651 885
1651 1114
1651 1181
1651 1183
1651 1252
1651 1486
1651 1504
1651 1701
1652 531
1652 758
1652 1172
1653 20
1653 112
1653 193
1653 211
1653 410
1653 486
1653 729
1653 829
1653 950
1653 1450
1654 195
1654 447
1654 587
1654 1110
1654 1157
1654 1238
1655 365
1655 888
1655 1076
1655 1374
1655 1442
1655 1471
1656 58
1656 182
1656 214
1656 310
1656 445
1656 569
1656 1008
1656 1350
1656 1368
1656 1382
1657 580
1657 838
1658 247
1658 1268
1658 1527
1659 5
1659 14
1659 90
1659 414
1659 698
1659 1071
1660 98
1660 315
1660 572
1660 683
1660 816
1660 1025
1660 1624
1661 362
1661 1424
1662 403
1662 1173
1662 1450
1663 978
1663 1062
1663 1446
1663 1533
1664 531
1664 636
1664 891
1664 1338
1664 1557
1665 728
1665 846
1665 983
1665 1065
1666 297
1666 310
1666 446
1666 811
1666 1160
1666 1340
1667 465
1667 637
1667 820
1667 912
1667 952
1668 1
1668 202
1668 897
1668 1263
1668 1318
1668 1412
1669 144
1669 1234
1670 236
1670 508
1670 1532
1671 33
1671 472
1671 560
1671 1392
1672 78
1672 190
1672 215
1672 285
1672 289
1672 458
1672 459
1672 755
1672 1322
1672 1428
1672 1440
1672 1641
1672 1655
1672 1679
1672 1719
1673 45
1673 303
1673 336
1673 674
1673 754
1673 804
1673 1022
1673 1515
1673 1628
1673 1736
1673 1746
1674 106
1674 189
1674 354
1674 486
1674 691
1674 874
1674 1542
1674 1560
1675 2
1675 500
1675 870
1675 1471
1675 1493
1676 206
1676 560
1676 885
1676 1615
1676 1691
1677 134
1677 235
1677 357
1677 630
1677 680
1677 728
1677 761
1677 928
1677 1105
1677 1387
1677 1426
1677 1665
1678 1078
1678 1212
1678 1499
1679 222
1679 510
1679 1052
1679 1144
1679 1160
1679 1262
1679 1363
1679 1444
1679 1591
1679 1621
1680 856
1681 257
1681 770
1681 884
1681 1239
1682 936
1682 941
1682 1282
1682 1595
1683 636
1683 780
1683 1184
1683 1479
1684 18
1684 279
1684 545
1684 937
1684 1020
1684 1256
1684 1377
1684 1402
1684 1632
1684 1693
1685 734
1685 960
1685 1120
1685 1613
1686 854
1686 877
1686 1032
1686 1135
1686 1190
1686 1402
1686 1590
1687 43
1687 52
1687 263
1687 665
1687 1435
1688 287
1688 1331
1688 1513
1688 1750
1689 137
1689 155
1689 898
1689 1251
1689 1325
1689 1543
1690 643
1690 747
1690 774
1690 1233
1690 1444
1690 1541
1691 533
1691 741
1691 896
1691 1144
1691 1155
1692 220
1692 248
1692 271
1692 344
1692 511
1692 608
1692 724
1692 735
1692 942
1692 987
1692 1159
1692 1189
1692 1624
1693 101
1693 441
1693 584
1693 602
1693 929
1693 1182
1693 1232
1693 1604
1694 95
1694 155
1694 282
1694 442
1694 613
1694 627
1694 1206
1694 1403
1694 1490
1694 1693
1695 805
1695 894
1695 1611
1695 1624
1696 494
1696 520
1696 1048
1696 1075
1696 1103
1696 1698
1697 50
1697 169
1697 196
1697 321
1697 868
1697 880
1697 1610
1697 1657
1698 162
1698 214
1698 462
1698 1105
1698 1420
1698 1619
1699 254
1699 600
1699 887
1699 1120
1700 336
1700 881
1700 1219
1700 1570
1700 1648
1701 415
1701 1415
1701 1498
1701 1579
1702 27
1702 80
1702 341
1702 514
1702 1655
1702 1737
1703 92
1703 301
1703 368
1703 373
1703 577
1703 790
1703 1003
1703 1135
1704 142
1704 415
1704 472
1704 841
1704 1448
1704 1599
1705 12
1705 80
1705 248
1705 362
1705 728
1705 997
1705 1130
1706 666
1706 684
1706 862
1706 1428
1706 1471
1706 1707
1707 515
1707 953
1707 1004
1707 1285
1707 1535
1708 375
1708 414
1708 771
1708 856
1708 1655
1709 76
1709 321
1709 491
1709 573
1709 1545
1710 99
1710 648
1710 758
1710 1178
1710 1198
1710 1271
1710 1275
1711 41
1711 127
1711 510
1711 754
1711 1107
1712 300
1712 442
1712 502
1712 520
1712 628
1712 903
1712 1502
1712 1515
1712 1707
1713 204
1713 396
1713 622
1713 1197
1713 1300
1714 43
1714 1411
1715 48
1715 448
1715 1219
1715 1639
1716 245
1716 316
1716 689
1717 142
1717 570
1717 632
1717 1203
1717 1274
1718 114
1718 179
1718 193
1718 513
1718 906
1718 1321
1719 116
1719 280
1719 336
1719 535
1719 1210
1720 166
1720 762
1720 1008
1720 1348
1721 96
1721 375
1721 636
1721 649
1722 828
1722 1295
1722 1305
1722 1354
1722 1432
1722 1509
1722 1728
1722 1739
1723 34
1723 500
1723 544
1723 857
1723 1089
1723 1206
1723 1230
1723 1445
1724 341
1724 464
1724 734
1724 766
1724 1299
1724 1301
1724 1372
1725 126
1725 128
1725 213
1725 1201
1725 1256
1725 1614
1726 161
1726 304
1726 433
1727 16
1727 26
1727 131
1727 176
1727 553
1727 640
1727 714
1727 1018
1727 1064
1727 1190
1727 1266
1727 1353
1728 180
1728 753
1728 787
1728 819
1728 1038
1728 1101
1728 1228
1728 1272
1728 1284
1728 1300
1729 67
1729 1039
1729 1167
1729 1211
1729 1532
1729 1596
1729 1654
1730 487
1730 618
1730 704
1730 715
1730 787
1730 1015
1730 1117
1730 1125
1730 1408
1731 216
1731 456
1731 662
1731 782
1731 971
1731 1214
1731 1374
1731 1417
1731 1493
1732 14
1732 190
1732 209
1732 840
1732 1046
1732 1135
1732 1195
1732 1250
1733 448
1733 972
1733 1565
1733 1632
1734 19
1734 358
1734 429
1734 607
1734 667
1735 222
1735 796
1735 1197
1735 1607
1735 1623
1736 755
1737 144
1737 186
1737 670
1737 749
1737 780
1737 940
1737 971
1737 1123
1737 1381
1737 1684
1738 206
1738 854
1738 1266
1738 1300
1738 1465
1738 1571
1739 78
1739 440
1739 848
1739 1193
1740 210
1740 910
1740 921
1740 1008
1741 186
1741 205
1741 246
1741 1119
1741 1163
1741 1320
1741 1444
1741 1530
1741 1540
1742 44
1742 215
1742 554
1742 980
1742 1479
1743 77
1743 110
1743 177
1743 184
1743 292
1743 565
1743 630
1743 748
1743 1256
1743 1299
1744 612
1744 926
1744 1376
1744 1680
1745 182
1745 244
1745 362
1745 719
1745 1039
1745 1313
1745 1358
1745 1401
1746 365
1746 1083
1747 176
1747 454
1747 1380
1748 572
1748 727
1748 1090
1748 1240
1748 1527
1748 1538
1749 386
1749 432
1749 659
1749 836
1749 889
1749 954
1749 977
1749 1168
1749 1299
1749 1566
1750 98
1750 377
1750 553
1750 811
1750 1361
1750 1552
1750 1594
1750 1638
