180
1070
1 10
1 11
1 45
1 125
1 131
1 141
2 22
2 41
2 72
2 77
2 94
2 114
2 117
2 118
2 131
3 97
3 146
3 178
3 180
4 89
4 129
4 137
5 2
5 24
5 56
5 80
5 128
5 143
5 180
6 11
6 31
6 171
7 13
7 59
7 62
7 138
7 153
7 170
7 178
8 45
8 57
8 60
8 95
8 96
8 110
8 120
8 176
9 74
9 99
9 113
9 132
9 149
9 162
9 169
9 173
10 24
10 30
10 51
10 137
11 45
11 51
11 132
12 7
12 54
12 68
12 75
12 76
12 79
12 177
13 68
13 88
13 98
13 141
13 175
14 7
14 72
14 86
14 111
14 129
14 146
14 154
15 67
15 81
15 92
15 101
15 134
16 40
16 52
16 57
16 125
16 136
16 143
17 13
17 19
17 69
18 9
18 108
18 150
18 161
18 180
19 11
19 40
19 57
19 68
19 92
19 99
19 104
19 140
19 158
20 56
20 101
20 135
20 140
21 46
21 78
21 83
21 126
21 127
21 137
21 144
21 145
21 169
21 177
22 13
22 40
22 42
22 79
22 122
22 148
23 38
23 61
23 64
23 76
23 116
23 132
23 161
23 170
24 44
24 47
24 118
24 159
25 45
25 58
25 67
25 91
25 103
25 112
25 117
26 13
26 30
26 49
26 95
26 96
26 108
26 134
26 135
26 136
26 176
27 16
27 77
27 81
27 97
27 99
27 108
28 9
28 14
28 24
28 41
28 88
28 117
28 126
30 59
30 98
30 117
30 122
30 144
30 167
31 37
31 73
31 87
31 98
31 105
31 148
32 6
32 11
32 26
32 34
32 67
32 69
32 145
32 175
33 63
33 84
33 110
33 128
33 170
33 178
34 4
34 58
34 137
34 174
35 45
35 81
35 165
36 38
36 60
36 102
36 115
36 147
37 30
37 40
37 41
37 120
37 168
37 174
38 34
38 35
38 123
38 162
39 17
39 19
39 38
39 69
39 95
39 98
39 111
39 115
39 132
39 135
39 146
39 158
39 174
40 109
40 156
40 164
40 173
40 180
41 15
41 27
41 31
41 92
41 95
41 132
41 150
41 159
41 173
42 5
42 37
42 46
42 101
42 103
42 176
43 67
43 94
44 24
44 26
44 45
44 48
44 80
44 107
44 118
44 121
45 23
45 48
45 86
45 123
46 40
46 69
46 79
46 95
46 129
47 32
47 67
47 76
47 128
47 172
48 22
48 82
48 100
48 129
48 142
48 167
48 176
49 104
50 33
50 97
50 122
50 148
50 165
51 11
51 25
51 59
51 75
51 104
51 145
52 22
52 25
52 45
52 48
52 70
52 100
52 138
52 148
53 79
53 86
53 100
53 125
53 131
53 179
54 39
54 46
54 96
54 111
54 114
54 135
54 161
55 83
55 99
55 112
55 120
55 137
55 142
55 149
55 163
55 164
56 2
56 21
56 33
56 57
56 83
56 106
56 119
56 136
57 25
57 34
57 71
57 105
58 7
58 18
58 33
58 46
58 56
58 71
58 83
58 134
58 150
59 70
59 100
59 180
60 11
60 14
60 20
60 33
60 45
60 90
60 105
60 172
61 39
61 41
61 55
61 96
61 119
61 122
61 133
62 40
62 129
63 19
63 42
63 78
63 127
64 4
64 43
64 49
64 52
64 79
64 94
64 124
64 150
65 31
65 72
65 110
65 125
65 141
65 160
65 171
65 176
66 32
66 53
66 58
66 87
66 122
66 143
66 149
67 12
67 32
67 45
67 62
67 80
67 104
67 119
67 124
67 155
67 158
68 66
68 84
68 96
68 117
68 120
68 131
69 13
69 24
69 28
69 41
69 46
69 68
69 74
69 82
69 107
69 121
69 133
69 146
69 156
69 157
69 168
70 6
70 21
70 27
70 44
70 71
70 75
70 180
71 2
71 14
71 27
71 131
71 164
72 25
72 28
72 34
72 41
72 84
72 134
72 136
72 150
72 176
73 85
73 109
73 120
73 129
73 135
73 150
73 157
73 180
74 40
74 95
74 114
74 120
74 136
74 176
75 26
75 107
75 122
75 137
75 138
75 165
75 167
76 10
76 34
76 85
76 94
76 136
76 139
76 155
76 169
77 13
77 40
77 44
77 73
77 74
77 142
77 155
77 157
77 171
78 33
78 40
78 92
78 165
79 61
79 107
79 136
80 11
80 88
80 127
80 144
80 157
80 173
80 180
81 54
81 62
81 73
81 90
82 3
82 16
82 42
82 74
82 129
82 144
82 178
83 25
83 90
83 91
83 115
83 127
83 139
83 145
84 42
84 67
84 101
84 105
84 132
84 160
85 19
85 61
85 62
85 72
85 111
85 122
85 152
85 175
86 35
86 87
86 114
86 116
86 139
86 154
86 158
87 4
87 5
87 6
87 12
87 57
87 83
87 141
87 156
87 157
88 4
88 42
88 50
88 51
88 168
89 12
89 73
89 141
89 162
90 28
90 161
90 168
90 169
91 15
91 31
91 46
91 109
91 149
91 177
92 4
92 24
92 145
92 149
92 175
93 17
93 57
93 94
93 109
93 113
93 133
94 5
94 11
94 14
94 41
94 96
94 147
95 23
95 28
95 37
95 49
95 63
95 74
95 82
95 108
96 65
96 75
96 79
96 104
96 117
96 124
97 61
97 100
97 139
97 156
98 9
98 36
98 55
98 105
98 113
98 115
98 143
99 21
99 28
99 32
99 150
100 14
100 52
100 127
100 159
101 42
101 43
101 78
101 86
102 113
102 154
102 167
103 36
103 82
103 119
103 124
104 24
104 77
105 2
105 4
105 11
105 13
105 45
105 64
105 79
105 82
105 85
105 86
105 107
105 109
106 72
106 79
106 101
106 114
106 115
106 171
107 42
108 5
108 11
108 60
108 85
108 103
109 40
109 148
109 151
109 156
110 7
110 27
110 36
110 68
110 147
110 149
110 151
110 175
111 68
111 86
111 121
111 166
111 170
112 35
112 46
112 53
112 115
112 128
112 149
112 165
112 169
113 11
113 15
113 29
113 42
113 73
113 140
113 175
114 35
114 63
115 17
115 101
115 104
115 111
115 116
115 139
115 179
116 12
116 17
116 19
116 20
116 54
116 55
116 98
117 99
117 107
117 123
117 127
118 12
118 17
118 18
118 20
118 30
118 69
118 110
118 128
119 49
119 109
120 41
120 44
120 84
120 111
121 41
121 48
121 56
121 62
121 129
121 147
121 152
121 165
121 176
122 19
122 58
122 66
122 105
122 108
122 119
122 132
122 144
123 7
123 47
123 83
123 119
123 129
123 164
124 26
124 27
124 95
124 100
124 144
124 172
125 39
125 57
125 71
125 85
125 90
125 135
125 141
125 170
126 31
126 94
126 151
127 29
127 35
127 60
127 64
127 86
127 113
127 131
127 151
127 176
128 9
128 21
128 129
128 161
129 3
129 39
129 45
129 96
129 121
130 26
130 61
130 90
130 121
130 151
130 177
131 1
131 37
131 40
131 44
131 62
131 79
131 95
131 120
131 134
131 135
132 21
132 88
132 110
132 125
132 137
133 11
133 26
133 121
133 154
133 167
134 11
134 43
134 68
134 143
135 19
135 88
135 111
135 120
135 129
135 146
136 25
136 51
136 142
136 143
137 1
137 8
137 20
137 25
137 65
137 89
137 98
137 125
137 141
137 147
137 153
138 7
138 12
138 90
138 160
138 164
139 27
139 49
139 81
139 147
139 151
140 17
140 51
140 56
140 100
140 121
140 134
140 137
140 150
140 165
140 166
141 25
141 63
141 82
141 87
141 96
141 109
141 120
141 137
141 142
141 148
141 176
142 33
142 75
142 85
142 112
143 34
143 87
143 94
144 2
144 60
144 113
144 154
145 10
145 25
145 101
145 122
145 144
146 1
146 3
146 13
146 34
146 54
146 72
146 115
146 118
146 153
146 159
146 179
147 4
147 9
147 95
147 98
147 107
147 111
147 115
147 124
147 134
147 143
147 166
148 9
148 16
148 24
148 32
148 60
148 139
149 14
149 32
149 54
149 74
150 20
150 26
150 43
150 94
150 105
150 158
151 4
151 54
151 69
151 75
151 142
151 157
152 20
152 87
152 106
153 1
153 17
153 20
153 36
153 46
153 59
153 64
153 68
153 86
153 128
154 11
154 23
154 43
154 47
154 68
154 87
154 141
154 172
154 179
155 63
155 79
155 150
156 48
156 60
156 89
156 110
156 115
157 88
157 101
157 158
157 168
158 16
158 67
158 85
158 86
158 93
158 109
158 112
158 133
158 141
158 175
159 30
159 65
159 90
159 91
159 127
159 141
160 71
160 148
161 91
161 109
161 167
162 19
162 32
162 34
162 41
162 65
162 79
162 80
162 97
162 105
162 123
162 146
162 168
163 42
163 52
163 70
163 72
163 73
163 122
163 161
164 100
164 144
164 174
165 76
165 88
165 116
165 125
166 91
166 144
166 180
167 2
167 28
167 109
167 138
167 147
168 87
168 115
168 139
169 115
169 126
169 134
169 148
169 164
170 16
170 90
170 106
170 129
170 132
170 137
171 34
171 61
171 74
171 90
171 99
171 125
171 135
171 174
171 179
172 115
173 87
174 12
174 25
174 29
174 38
174 54
174 63
174 89
174 170
174 173
175 10
175 21
175 134
176 1
176 41
176 68
176 92
177 40
177 52
177 145
178 3
178 9
178 41
178 58
178 62
178 160
179 7
179 57
179 71
179 72
179 98
179 109
179 119
180 5
180 51
180 78
180 83
180 93
180 134
180 172
