180
1404
1 74
1 89
1 97
1 164
2 63
2 67
2 108
2 110
2 141
3 7
3 26
3 29
3 54
3 61
3 73
3 80
3 81
3 105
3 106
3 112
3 136
3 168
4 27
4 35
4 36
4 53
4 68
4 90
4 101
4 104
4 110
4 111
4 119
4 144
4 157
4 161
4 162
4 174
4 179
5 20
5 24
5 79
5 114
5 143
5 162
6 27
6 71
6 73
7 22
7 31
7 34
7 111
7 124
7 144
7 151
8 36
8 99
8 138
8 139
8 151
8 175
9 46
9 52
9 71
9 78
9 100
9 109
9 130
10 38
10 64
10 68
10 117
10 159
10 173
11 25
11 27
11 51
11 83
11 124
11 153
11 166
12 94
12 98
12 136
12 150
13 7
13 60
13 62
13 69
13 99
13 154
13 160
14 11
14 25
14 77
14 93
14 97
14 111
14 144
14 161
14 163
14 178
15 21
15 60
15 97
15 131
15 141
15 160
16 22
16 44
16 77
16 121
16 129
17 42
17 82
17 91
17 104
17 115
17 174
18 6
18 13
18 20
18 21
18 32
18 44
18 66
18 161
19 6
19 16
19 42
19 48
19 62
19 94
19 164
19 174
19 179
20 47
20 58
20 93
20 97
20 98
20 111
20 122
20 142
20 160
21 51
21 60
21 80
21 106
21 111
21 140
21 162
21 164
21 168
21 171
21 179
22 7
22 24
22 31
22 85
22 94
22 160
22 166
22 173
22 177
23 2
23 7
23 25
23 57
23 74
23 100
23 106
23 121
23 139
23 148
23 165
23 168
24 6
24 28
24 76
24 135
24 157
25 3
25 27
25 30
25 34
25 40
25 47
25 67
25 119
25 145
25 163
25 174
26 92
26 105
26 120
26 121
26 145
27 4
27 5
27 52
27 60
27 76
27 82
27 103
27 148
27 151
27 177
28 3
28 6
28 27
28 38
28 57
28 76
28 101
28 113
28 139
28 163
28 171
28 178
29 7
29 32
29 91
29 101
29 135
29 141
29 144
29 158
29 170
29 178
30 3
30 17
30 22
30 49
30 80
30 98
30 151
30 170
31 36
31 59
31 61
31 64
31 75
31 114
31 132
32 91
32 178
33 58
33 60
33 65
33 83
33 85
33 86
33 99
34 22
34 27
34 28
34 35
34 42
34 117
34 127
34 130
34 133
34 134
34 163
35 34
35 143
36 2
36 18
36 30
36 46
36 51
36 53
36 57
36 81
36 109
36 125
36 155
36 159
36 180
37 20
37 24
37 45
37 85
37 100
37 135
37 171
37 179
38 2
38 5
38 14
38 45
38 95
38 103
38 151
38 155
39 17
39 58
39 67
39 83
39 102
39 106
39 128
39 152
40 36
40 166
41 6
41 28
41 43
41 66
41 109
41 122
41 140
41 145
41 178
42 2
42 43
42 52
42 74
42 82
42 104
42 126
42 131
42 132
42 154
42 156
43 2
43 11
43 45
43 64
43 72
43 82
43 115
43 134
43 149
44 3
44 62
44 69
44 70
44 129
44 143
45 1
45 8
45 53
45 59
45 73
45 115
45 127
46 25
46 60
46 78
46 83
46 86
46 113
46 121
46 132
46 140
46 143
46 153
47 3
47 15
47 30
47 37
47 67
47 70
47 76
47 115
47 177
48 30
48 80
48 138
49 35
49 39
49 48
49 53
49 60
49 80
49 93
49 97
49 103
49 112
49 117
49 179
50 28
50 30
50 82
50 94
50 101
50 121
50 127
50 138
50 142
51 2
51 15
51 87
51 140
51 143
51 154
52 37
52 51
52 57
52 65
52 82
52 85
52 88
52 103
52 112
52 158
53 10
53 27
53 85
53 99
53 107
53 126
53 149
53 155
54 48
54 60
54 106
54 107
54 129
54 130
55 3
55 11
55 19
55 24
55 40
55 67
55 84
55 121
55 138
55 142
56 4
56 25
56 32
56 62
56 76
56 103
56 127
56 128
56 130
56 138
56 139
56 151
56 174
57 11
57 27
57 61
57 84
57 108
57 113
57 141
57 145
57 180
58 36
58 54
58 71
58 87
58 88
58 109
58 110
58 154
58 168
59 97
59 169
60 31
60 137
60 158
60 159
60 164
60 178
60 179
61 16
61 18
61 25
61 55
61 87
61 100
61 119
61 177
62 15
62 19
62 41
62 63
62 105
62 116
62 118
62 168
63 72
63 84
63 93
63 98
63 99
63 121
63 167
63 169
63 175
64 6
64 29
64 62
64 109
64 155
64 156
65 6
65 35
65 50
65 52
65 55
65 64
65 70
65 71
65 84
65 94
65 95
65 140
65 152
65 165
65 166
65 180
66 13
66 27
66 39
66 46
66 64
66 120
66 146
67 89
67 92
67 124
67 129
67 147
67 180
68 58
68 76
68 94
68 110
68 123
68 128
68 158
69 14
69 24
69 32
69 66
69 108
69 113
70 78
70 87
70 88
70 90
70 95
70 120
70 126
70 127
70 155
71 15
71 36
71 55
71 90
71 98
71 105
71 113
72 6
72 29
72 44
72 53
72 54
72 112
73 18
73 48
73 86
73 123
73 146
73 154
74 9
74 42
74 46
74 90
74 103
74 112
74 171
75 46
75 87
75 96
75 107
75 119
75 137
75 142
75 155
75 169
75 173
75 178
76 23
76 98
76 100
76 112
76 129
76 133
76 143
76 180
77 63
77 73
77 99
77 162
77 168
77 171
78 5
78 6
78 45
78 46
78 47
78 63
78 69
78 77
78 97
78 144
78 168
79 2
79 17
79 29
79 70
79 71
79 82
79 103
79 104
79 141
79 161
80 5
80 28
80 54
80 82
80 85
80 102
80 141
80 163
81 20
81 22
81 52
81 57
81 98
81 131
81 164
81 171
82 8
82 16
82 52
82 122
82 129
82 153
83 4
83 16
83 18
83 40
83 58
83 66
83 103
83 151
83 155
83 161
84 21
84 49
84 50
84 66
84 78
84 151
85 29
85 67
85 83
85 90
85 116
85 118
85 119
85 174
86 3
86 38
86 55
86 85
87 121
87 141
87 161
88 53
88 68
88 89
88 150
88 152
88 168
89 107
89 128
89 151
89 172
89 180
90 7
90 37
90 39
90 49
90 59
90 82
90 91
90 97
90 156
91 1
91 7
91 27
91 97
91 115
92 24
92 33
92 38
92 42
92 82
92 115
92 158
93 27
93 30
93 54
93 61
93 75
93 118
93 160
93 166
93 171
93 177
94 27
94 37
94 39
94 44
94 45
94 89
94 103
94 154
94 158
95 6
95 23
95 43
95 68
95 111
95 130
95 131
95 171
95 173
96 31
96 45
96 91
96 98
96 100
96 120
96 131
96 133
96 146
97 28
97 63
97 74
97 86
97 135
97 151
97 178
98 7
98 15
98 25
98 62
98 83
98 88
98 138
99 2
99 62
99 63
99 91
99 110
99 112
99 123
99 164
99 178
100 2
100 14
100 18
100 32
100 52
100 76
100 96
100 127
100 129
100 131
100 159
100 168
101 15
101 47
101 92
101 97
101 118
101 135
101 172
101 175
102 10
102 49
102 79
102 93
102 119
102 131
102 164
102 171
102 173
102 178
103 20
103 33
103 37
103 57
103 77
103 84
103 98
103 112
103 119
103 127
103 143
104 17
104 40
104 50
104 56
104 59
104 91
104 101
105 25
105 55
105 69
105 72
105 77
105 83
105 126
105 140
105 174
106 33
106 64
106 97
106 115
106 139
106 154
106 168
106 170
107 1
107 21
107 35
107 44
107 55
107 85
107 99
107 132
107 150
107 154
108 70
108 125
108 130
108 138
108 159
109 9
109 28
109 57
109 74
109 115
109 149
109 150
109 161
109 174
110 24
110 30
110 154
111 35
111 61
111 68
111 96
111 127
111 129
111 132
111 156
111 166
111 179
112 1
112 3
112 5
112 81
112 82
112 93
112 97
112 118
112 150
112 170
113 9
113 36
113 41
113 62
113 88
113 99
113 112
113 120
113 153
114 12
114 16
114 17
114 23
114 31
114 35
114 36
114 45
114 105
114 115
114 116
114 119
114 127
115 32
115 63
115 89
115 140
115 147
115 160
115 180
116 24
116 36
116 102
116 126
116 169
116 174
117 10
117 14
117 33
117 49
117 96
117 147
117 158
117 161
117 167
118 71
118 87
118 137
118 144
118 158
118 166
118 175
119 13
119 17
119 65
119 92
119 153
119 164
120 33
120 38
120 47
120 99
120 122
120 124
120 133
120 173
121 7
121 8
121 16
121 20
121 27
121 47
121 71
121 76
121 120
121 153
121 159
122 72
122 78
122 89
122 112
122 142
122 148
122 175
123 29
123 40
123 51
123 102
123 112
123 160
123 165
124 89
124 95
124 108
124 146
124 179
125 47
125 63
125 66
125 75
125 109
125 118
125 120
126 7
126 8
126 14
126 49
126 128
126 169
126 180
127 54
127 69
127 119
127 143
127 158
127 169
128 9
128 20
128 27
128 65
128 116
128 166
129 1
129 4
129 6
129 11
129 18
129 22
129 24
129 46
129 53
129 54
129 56
129 60
129 63
129 64
129 100
129 118
129 162
130 36
130 78
130 137
130 153
130 156
131 1
131 34
131 41
131 59
131 92
131 95
131 105
131 121
131 123
131 134
131 172
132 32
132 156
133 22
133 36
133 96
133 149
133 160
134 12
134 25
134 26
134 48
134 63
134 113
134 119
134 145
134 169
135 5
135 10
135 24
135 58
135 59
135 68
135 140
136 42
136 75
136 98
136 105
136 148
136 174
136 176
137 24
137 61
137 127
137 147
137 175
138 22
138 33
138 41
138 62
138 77
138 106
138 125
138 143
138 166
139 21
139 37
139 61
139 66
139 71
139 72
139 108
139 137
139 173
140 1
140 4
140 17
140 83
140 84
140 104
140 109
140 110
140 142
140 149
141 13
141 21
141 31
141 48
141 77
141 120
141 125
141 156
141 169
142 5
142 15
142 18
142 48
142 83
142 89
142 95
142 103
142 127
142 129
143 3
143 44
143 78
143 174
144 49
144 108
144 148
144 161
144 164
145 46
145 57
145 97
145 163
145 174
146 8
146 45
146 61
146 69
146 83
146 84
146 87
146 117
146 149
147 21
147 26
147 29
147 32
147 49
147 55
147 88
147 95
147 102
147 138
147 148
147 163
148 22
148 36
148 72
148 103
148 114
148 116
148 172
149 29
149 30
149 67
149 74
149 79
149 87
149 94
149 109
149 124
149 138
149 144
149 152
149 175
150 7
150 22
150 44
150 65
150 90
150 116
150 126
150 132
150 141
150 152
150 161
150 173
151 19
151 28
151 73
151 78
151 122
151 127
151 145
151 169
151 172
152 4
152 8
152 10
152 21
152 23
152 29
152 44
152 54
152 71
152 81
152 140
152 169
152 179
153 9
153 10
153 18
153 32
153 45
153 75
153 82
153 94
153 116
153 127
153 140
153 171
154 24
154 59
154 60
154 65
154 98
154 126
155 8
155 52
155 69
155 130
155 149
156 24
156 30
156 70
156 92
156 108
156 117
156 133
156 146
156 166
156 170
156 173
157 7
157 56
157 57
157 116
157 140
157 148
158 48
158 69
158 80
158 92
158 107
158 108
158 120
158 121
158 130
158 137
158 155
159 16
159 33
159 56
159 62
159 69
159 70
159 93
159 103
159 111
159 118
159 127
159 154
160 13
160 16
160 55
160 94
160 111
160 118
160 123
160 127
160 128
160 156
160 176
161 22
161 45
161 56
161 78
161 116
161 125
161 170
162 20
162 48
162 99
162 117
162 129
162 145
162 147
163 4
163 21
163 22
163 80
163 96
163 107
163 165
164 43
164 57
164 58
164 115
164 124
164 133
164 156
164 177
165 47
165 65
165 123
165 130
165 142
165 163
165 178
166 27
166 38
166 46
166 95
166 172
167 91
167 155
168 5
168 9
168 26
168 50
168 56
168 57
168 91
168 110
168 114
169 57
169 68
169 152
169 162
169 166
170 1
170 12
170 63
170 65
170 91
170 98
170 119
170 135
171 7
171 75
171 126
171 138
171 139
171 168
172 3
172 43
172 72
173 36
173 71
173 116
173 144
173 151
174 64
174 68
174 99
174 118
174 170
175 89
175 166
175 170
175 178
176 8
176 115
176 131
176 143
176 151
176 162
176 164
177 6
177 61
177 65
177 69
177 71
177 151
177 161
178 9
178 24
178 100
178 103
178 104
178 108
178 109
179 50
179 78
179 129
179 148
179 151
179 157
179 176
180 39
180 49
180 93
180 113
180 150
180 167
