180
1229
1 15
1 24
1 29
1 46
1 87
1 91
1 159
2 5
2 10
2 38
2 54
2 64
2 105
2 145
2 147
2 158
3 37
3 44
3 106
3 116
3 121
4 8
4 10
4 65
4 115
4 129
4 130
4 132
4 171
5 43
5 49
5 66
5 99
5 142
5 158
5 169
5 177
6 16
6 78
6 120
6 131
6 140
6 146
6 170
7 2
7 34
7 55
7 85
7 87
7 90
7 98
7 101
7 122
7 146
8 55
8 134
8 156
9 2
9 3
9 12
9 14
9 29
9 41
9 111
9 145
9 156
9 177
10 26
10 51
10 64
10 95
10 109
10 122
10 139
11 46
11 71
11 82
11 145
11 160
11 173
12 20
12 36
12 48
12 59
12 80
12 91
12 102
12 104
12 107
12 117
12 142
12 143
13 28
13 34
13 40
13 52
13 71
13 140
13 161
14 28
14 33
14 51
14 67
14 97
14 102
14 160
15 26
15 45
15 65
15 67
15 112
15 139
15 172
16 13
16 15
16 19
16 24
16 155
16 160
16 178
17 37
17 54
17 58
17 62
17 81
17 110
17 160
17 179
18 1
18 56
18 58
18 81
18 83
18 85
18 91
18 141
19 20
19 68
19 74
19 170
20 43
20 50
20 89
20 90
20 99
20 107
20 114
20 118
20 134
20 149
21 38
21 50
21 120
21 130
21 145
21 146
21 157
21 171
22 1
22 92
22 145
22 162
22 173
23 1
23 20
23 26
23 74
23 86
23 103
23 131
23 142
24 6
24 40
24 50
24 68
24 71
24 142
24 158
25 21
25 29
25 37
25 51
25 61
25 64
25 67
25 84
25 96
25 111
25 121
25 131
25 136
25 166
25 178
26 24
26 35
26 76
26 97
26 114
26 156
26 166
27 18
27 32
27 80
27 87
27 91
27 116
27 134
27 163
28 11
28 63
28 103
28 106
29 3
29 17
29 64
29 78
29 120
29 142
29 148
29 154
29 157
29 177
30 1
30 5
30 151
30 161
30 168
31 1
31 7
31 59
31 60
31 70
31 73
31 85
31 131
32 22
32 35
32 58
33 9
33 41
33 68
33 104
33 118
33 161
34 12
34 18
34 29
34 56
34 106
34 108
34 132
35 49
35 52
35 55
35 102
35 114
36 22
36 40
36 133
36 135
37 1
37 68
37 89
37 126
37 129
37 166
38 75
38 86
38 90
38 101
38 147
38 150
38 157
38 167
38 171
39 38
39 75
39 91
39 99
39 111
39 128
39 180
40 29
40 54
40 115
41 15
41 25
41 60
41 102
41 147
41 154
41 163
42 2
42 6
42 31
42 80
42 126
42 130
42 133
42 146
43 11
43 34
43 79
43 113
43 148
43 158
44 13
44 49
44 61
44 88
44 109
44 135
45 4
45 12
45 21
45 27
45 34
45 51
45 63
45 69
45 94
46 5
46 20
46 22
46 48
46 55
46 65
46 92
46 106
46 152
46 158
46 165
47 51
47 115
47 117
47 124
47 129
47 158
47 166
47 170
48 11
48 25
48 37
48 46
48 50
48 83
48 102
48 105
49 2
50 5
50 8
50 18
50 54
50 59
50 89
50 120
50 121
50 149
51 14
51 24
51 25
51 45
51 58
51 112
51 140
51 143
51 170
52 11
52 19
52 62
52 83
52 129
52 140
52 150
53 15
53 30
53 68
53 71
53 123
53 128
53 133
53 146
54 19
54 28
54 43
54 63
54 69
54 133
55 5
55 21
55 27
55 109
55 122
55 144
55 178
56 9
56 28
56 55
56 81
56 93
56 116
57 40
57 54
57 58
57 93
57 122
57 128
57 153
57 157
58 3
58 10
58 44
58 85
58 89
58 97
58 125
58 139
58 149
58 174
59 28
59 29
59 34
59 47
59 50
59 87
60 33
60 34
60 56
60 65
60 66
60 72
60 149
60 171
61 39
61 86
61 140
61 148
61 180
62 9
62 30
62 55
62 122
63 5
63 62
63 99
63 109
63 119
63 146
64 26
64 36
64 52
64 109
64 125
64 136
64 163
65 13
65 84
65 108
65 121
65 141
65 172
66 5
66 14
66 20
66 40
66 50
66 71
66 79
66 101
66 116
66 177
67 111
67 125
67 148
68 1
68 24
68 44
68 84
68 121
68 149
68 166
68 172
69 23
69 53
69 58
69 60
69 66
69 97
69 105
69 125
69 128
69 165
70 6
70 32
70 48
70 64
70 80
70 156
70 175
71 19
71 23
71 36
71 117
71 121
71 174
72 6
72 87
72 128
73 28
73 32
73 54
73 81
73 90
73 93
73 132
73 139
73 141
74 29
74 57
74 66
74 67
74 75
74 79
74 98
74 108
74 142
75 11
75 12
75 18
75 23
75 73
75 87
75 157
75 168
76 16
76 17
76 35
76 48
76 64
76 74
76 104
76 122
76 126
76 164
76 180
77 12
77 14
77 40
77 41
77 100
77 122
77 130
77 136
77 158
78 45
78 66
78 91
78 121
79 37
79 80
79 97
79 117
79 130
79 163
80 16
80 20
80 39
80 59
80 91
80 113
80 128
81 11
81 20
81 70
81 110
81 120
81 127
81 141
82 33
82 42
82 53
82 87
82 93
82 98
82 153
82 156
82 159
82 165
83 40
83 120
83 178
84 5
84 43
84 91
84 142
84 175
85 15
85 28
85 29
85 43
85 68
85 99
85 100
85 153
86 19
86 37
86 107
86 117
86 138
87 50
87 71
87 94
87 113
87 144
87 146
88 14
88 20
88 30
88 39
88 48
88 66
88 173
89 24
89 26
89 28
89 59
89 90
89 93
89 104
89 134
89 178
90 1
90 3
90 40
90 73
90 131
90 157
90 167
91 39
91 110
92 45
92 54
92 85
92 126
93 97
93 120
93 125
93 136
93 141
93 152
94 17
94 38
94 43
94 62
94 81
94 125
94 133
95 40
95 86
95 105
95 109
95 137
95 144
95 149
96 6
96 32
96 49
96 59
96 60
96 80
97 72
97 107
97 137
97 163
98 33
98 55
98 105
98 109
98 122
98 139
98 142
99 1
99 12
99 21
99 44
99 60
99 133
99 144
99 154
99 163
100 24
100 53
100 115
100 139
101 6
101 38
101 41
101 46
101 60
101 103
101 119
101 176
102 31
102 39
102 50
102 60
102 77
102 143
102 167
103 12
103 27
103 72
103 113
103 152
103 165
104 5
104 6
104 7
104 31
104 66
104 76
104 77
104 120
105 25
105 26
105 78
106 14
106 18
106 73
106 107
106 113
106 162
106 166
107 52
107 65
107 75
107 102
107 110
107 114
107 122
107 138
107 147
107 167
107 168
108 24
108 28
108 35
108 36
108 37
108 66
108 75
108 88
108 141
109 79
109 98
109 121
109 123
109 126
109 127
109 142
110 30
110 70
110 89
110 97
110 108
110 157
111 17
111 48
111 53
111 61
111 73
111 76
111 106
111 109
111 121
111 169
112 2
112 14
112 71
112 102
112 103
112 115
112 116
112 124
112 164
112 165
112 179
113 23
113 44
113 57
113 64
113 65
113 90
113 95
113 105
113 138
113 147
113 171
114 50
114 54
114 66
114 67
114 72
114 160
115 9
115 88
116 6
116 38
116 58
116 63
116 99
116 122
116 174
116 179
117 29
117 36
117 75
117 80
117 85
117 109
117 170
117 179
118 9
118 117
118 138
118 140
118 156
118 159
118 162
118 175
119 70
119 80
119 169
120 15
120 94
120 136
120 156
120 170
120 179
121 46
121 50
121 51
121 72
121 96
121 167
122 13
122 112
122 121
122 133
122 143
122 171
123 66
123 113
123 122
123 130
123 132
123 177
124 101
124 102
124 136
124 176
125 10
125 13
125 20
125 117
125 137
125 148
125 149
125 162
125 177
126 16
126 46
126 75
126 87
126 110
126 117
127 58
127 72
127 85
127 121
127 151
127 155
127 157
127 177
128 41
128 43
128 56
128 108
128 169
129 13
129 85
129 110
129 117
129 151
129 153
129 156
130 30
130 37
130 38
130 53
130 59
130 99
130 116
130 144
130 149
130 178
130 179
131 19
131 75
131 86
131 96
131 112
131 138
131 144
131 162
131 173
131 174
132 14
132 35
132 49
132 61
132 73
132 126
133 10
133 36
133 60
133 141
133 143
133 153
133 174
133 176
134 3
134 21
134 73
134 85
134 94
134 115
134 122
134 160
135 19
135 21
135 39
135 76
135 108
135 127
135 166
136 15
136 19
136 36
136 59
136 86
136 108
137 1
137 23
137 61
137 109
137 112
137 117
137 138
137 139
137 149
137 174
138 25
138 42
138 49
138 54
138 55
138 85
138 96
138 97
138 146
138 150
138 164
138 167
139 2
139 27
139 50
139 105
139 134
139 161
139 163
140 25
140 83
140 108
140 134
140 153
141 23
141 34
141 80
141 83
141 170
142 21
142 65
142 75
142 82
142 180
143 20
143 90
143 102
144 3
144 46
144 53
144 76
144 171
145 32
145 43
145 85
145 116
145 117
145 151
146 1
146 19
146 28
146 116
146 143
146 147
147 54
147 62
147 73
147 89
147 105
147 120
147 177
148 3
148 39
148 163
148 166
149 56
149 75
149 92
149 130
149 139
149 152
149 166
149 179
150 64
150 96
150 129
150 151
150 152
150 169
150 177
151 58
151 62
151 105
151 109
151 118
151 129
151 147
151 165
152 18
152 29
152 43
152 55
152 80
153 35
153 173
154 16
154 50
154 54
154 96
154 117
154 127
154 144
154 179
155 38
155 55
155 98
155 113
155 123
155 166
156 1
156 75
156 118
156 142
157 11
157 56
157 85
157 98
157 144
157 149
157 171
157 176
158 50
158 112
158 142
158 165
158 168
158 172
159 29
159 107
159 138
159 140
159 175
160 86
160 94
160 110
160 176
160 178
161 17
161 36
161 79
161 105
161 117
161 129
161 169
162 6
162 13
162 34
162 81
162 139
162 147
162 154
162 166
163 4
163 10
163 116
163 151
163 168
164 57
164 61
164 98
164 99
164 176
165 15
165 71
165 79
165 83
165 93
165 146
165 159
166 21
166 102
166 138
166 153
167 32
167 35
167 60
167 89
167 118
167 138
167 140
167 158
168 4
168 16
168 83
168 106
168 130
168 133
168 147
169 49
169 59
169 113
169 119
169 137
169 145
169 151
169 177
170 26
170 55
170 101
170 142
170 149
171 5
171 88
171 90
171 113
172 17
172 52
172 54
172 79
172 83
172 97
172 118
172 123
172 146
173 1
173 109
173 115
173 141
174 37
174 54
174 60
174 73
174 138
174 153
174 163
175 8
175 14
175 33
175 128
176 20
176 39
176 54
176 73
176 86
176 89
176 92
176 144
176 151
176 166
177 2
177 18
177 47
177 56
177 88
177 131
177 135
177 148
177 159
178 46
178 93
178 120
178 157
179 29
179 41
179 69
179 78
179 102
179 123
179 164
180 12
180 13
180 41
180 66
180 85
180 123
180 143
180 155
