180
180
2 108
2 144
3 95
4 36
4 51
4 131
4 156
5 1
5 111
8 62
8 144
9 163
10 154
11 23
11 145
15 84
15 90
15 171
16 26
19 64
20 12
20 13
20 28
21 8
22 2
23 77
24 128
24 179
25 153
26 145
27 52
28 39
30 8
30 157
34 54
34 73
34 91
35 59
35 68
36 27
38 171
40 128
41 4
44 119
46 48
46 132
47 86
47 103
47 162
49 36
50 160
51 47
51 170
53 146
53 148
54 128
56 156
57 4
58 65
58 122
61 109
62 173
63 142
63 143
64 84
64 124
67 70
70 60
70 83
70 116
70 177
71 69
72 20
73 18
73 66
76 71
78 75
80 173
81 11
82 51
82 117
83 59
84 68
85 19
85 165
88 72
88 143
89 27
89 45
90 40
90 155
91 28
91 38
91 118
95 68
95 118
96 145
97 5
97 85
97 135
99 77
100 34
100 178
101 13
101 154
101 170
103 15
104 116
104 160
105 39
105 166
106 155
106 162
110 75
113 178
114 8
114 179
115 167
117 83
118 158
119 132
120 34
120 156
121 161
122 166
123 80
123 115
123 168
126 108
126 138
126 147
127 21
127 44
127 104
127 153
128 45
131 160
133 155
134 112
135 3
136 91
136 179
138 23
138 148
139 150
140 158
142 86
144 87
145 136
146 152
147 70
147 137
147 161
149 14
149 161
153 4
153 31
153 37
153 170
155 149
157 166
158 65
159 62
162 55
163 122
166 144
167 155
168 39
168 91
169 18
172 29
172 89
174 69
175 59
175 61
175 75
175 155
177 95
180 43
180 59
