190
190
1 90
2 169
8 146
8 175
9 28
10 14
11 152
14 98
14 125
15 121
15 172
16 123
16 143
22 97
22 148
24 21
26 23
26 150
26 163
28 188
31 35
31 61
35 151
36 183
37 47
37 61
37 152
38 160
38 170
40 23
40 189
41 172
42 110
43 145
44 170
44 176
46 27
46 37
47 56
47 190
49 98
49 128
51 63
52 46
52 89
52 127
52 148
55 72
55 130
56 136
57 33
57 51
58 174
59 109
59 129
59 159
60 5
60 49
60 109
62 9
62 104
62 132
63 57
63 107
64 151
65 63
66 26
66 122
66 144
68 71
69 49
69 137
70 60
71 15
71 88
72 92
72 120
73 137
73 171
75 11
75 71
75 116
76 93
78 46
79 126
79 171
81 142
82 14
82 166
83 92
84 159
85 51
85 172
87 70
88 49
88 87
90 159
91 182
91 190
93 42
94 118
95 133
95 180
96 42
96 86
96 122
97 27
100 167
101 185
102 7
102 26
105 32
105 110
107 39
107 47
107 180
108 55
109 66
110 165
111 133
114 130
117 129
117 159
118 10
118 67
118 103
119 177
120 150
121 172
121 182
122 11
122 55
123 28
123 90
123 132
124 97
126 23
127 159
129 22
129 56
131 84
132 7
132 82
134 74
135 55
135 155
138 187
140 125
140 178
142 24
142 63
142 147
144 35
144 107
146 172
149 21
151 115
151 150
154 25
154 174
155 95
156 39
160 24
161 154
162 55
164 93
166 27
166 69
166 132
169 17
169 122
170 24
171 105
173 99
173 132
176 17
176 27
177 31
178 42
178 164
180 42
181 117
181 174
184 95
185 85
186 84
187 152
188 19
188 113
190 154
