2000
7994
1 326
1 982
1 1411
1 1763
1 1948
2 22
2 1283
2 1859
2 1963
3 180
3 384
3 570
3 1081
4 340
4 1094
4 1275
4 1684
4 1907
5 807
5 959
5 1168
6 161
6 1069
6 1107
6 1657
7 953
7 1201
8 421
8 724
8 767
8 1201
9 110
9 1589
10 239
10 640
10 834
10 876
10 1174
11 42
11 377
11 415
11 720
11 1112
11 1302
11 1337
11 1611
12 965
12 1983
13 503
13 685
13 1277
14 525
14 564
14 911
14 1539
15 486
15 623
15 684
15 994
15 1091
16 786
16 1637
17 96
17 911
17 983
17 1496
17 1833
18 282
18 1408
18 1960
19 1177
19 1287
19 1805
20 588
20 772
20 1786
20 1791
21 623
21 1165
21 1720
21 1795
22 229
22 1109
22 1248
22 1535
22 1966
23 341
23 611
23 1411
23 1825
24 290
24 409
24 449
24 493
24 713
24 1379
24 1426
25 69
25 457
25 1349
26 98
26 654
26 1189
26 1348
26 1450
27 87
27 261
27 883
27 1363
27 1372
27 1900
28 269
28 410
28 520
28 757
28 777
28 959
28 1787
28 1858
29 624
29 982
30 612
30 695
31 527
32 573
32 601
32 821
32 927
32 1019
32 1044
32 1080
33 320
33 566
33 1423
33 1976
34 794
34 904
34 954
34 1614
34 1710
34 1921
35 1284
35 1567
36 241
36 801
36 987
36 1356
37 324
37 1422
37 1609
38 191
38 220
38 271
38 801
38 1024
38 1602
38 1788
38 1804
38 1972
39 511
39 793
39 1001
39 1162
40 50
40 120
41 139
41 960
41 1119
41 1257
41 1312
41 1603
41 1807
42 792
42 951
42 1399
42 1804
43 200
43 683
43 775
43 913
43 1414
44 188
44 213
44 466
44 1382
45 551
45 1317
45 1566
45 1827
46 113
46 243
46 354
46 1009
47 241
47 280
47 1592
47 1630
48 112
48 726
49 1639
49 1782
50 355
50 583
50 1028
50 1109
50 1125
51 214
51 1087
51 1285
51 1315
51 1417
51 1889
52 132
52 765
53 710
53 931
53 1084
53 1220
54 329
54 814
54 1195
54 1265
54 1781
55 541
55 689
55 1445
55 1904
56 53
56 97
56 632
56 1311
56 1366
57 106
57 1631
57 1996
58 401
58 748
58 770
58 884
58 1163
58 1909
59 145
59 679
59 1042
60 286
60 1475
60 1483
60 1549
60 1725
61 153
61 727
61 1775
61 1877
61 1905
62 407
62 671
63 48
63 911
64 208
64 1452
65 962
65 1230
65 1497
65 1572
65 1725
66 196
66 681
66 1307
66 1575
66 1743
66 1979
67 924
67 1030
67 1093
68 672
68 720
68 1070
68 1390
69 519
69 1887
70 419
70 587
70 804
70 1066
70 1428
70 1488
70 1968
71 46
71 990
71 1224
71 1743
72 107
72 201
72 403
72 961
72 1015
72 1144
72 1145
72 1506
73 887
73 1031
73 1427
74 620
74 862
75 310
75 982
75 1021
75 1312
76 167
76 369
76 385
76 600
76 1510
76 1608
76 1719
77 98
77 189
77 317
77 1266
78 740
78 860
78 1075
78 1351
78 1371
79 24
79 460
79 1094
79 1823
80 960
80 1121
80 1582
81 360
81 1062
81 1114
82 398
83 231
83 300
83 1452
83 1667
83 1896
83 1913
84 434
84 746
84 1090
84 1162
84 1787
85 989
85 1820
86 900
86 1852
87 687
88 346
88 733
88 798
89 18
89 589
89 909
89 1719
90 168
90 398
91 186
91 460
91 657
91 1055
91 1750
92 568
92 864
92 873
92 1478
92 1982
93 862
93 1031
93 1375
93 1844
94 836
94 1090
94 1891
95 172
95 267
95 1802
96 801
96 948
96 1182
96 1610
97 137
97 412
97 819
98 197
98 476
98 1170
98 1173
98 1224
98 1307
99 247
99 311
99 387
99 967
99 1167
99 1562
99 1583
99 1758
100 894
100 1021
100 1116
101 887
101 952
101 1242
102 366
102 448
102 685
102 950
102 1017
102 1253
102 1768
102 1958
103 498
103 675
103 968
103 1484
103 1721
103 1888
104 216
104 252
104 704
104 1103
104 1453
105 360
105 496
106 441
106 759
106 1115
106 1226
106 1377
107 7
107 377
107 534
107 546
107 815
108 1022
108 1730
108 1779
109 258
109 260
109 604
109 785
109 1170
109 1407
110 843
110 1451
111 662
111 760
111 1023
111 1443
111 1715
112 580
112 1980
113 39
113 1155
113 1865
114 210
114 680
114 897
114 1444
114 1949
115 136
115 308
115 791
115 1042
115 1221
116 139
116 238
116 546
116 1085
117 7
117 659
117 984
117 1225
117 1907
117 1965
118 22
118 328
118 417
118 1270
118 1712
119 420
119 533
119 1072
119 1449
120 226
120 244
120 532
120 1290
120 1598
121 10
121 134
121 156
121 525
121 1944
122 631
122 826
122 1063
122 1581
122 1586
123 78
123 524
123 865
123 1147
123 1395
124 149
124 366
124 424
124 1735
124 1740
125 317
125 1319
126 35
126 655
126 1041
126 1647
127 873
127 1227
127 1847
128 288
128 924
129 695
129 888
129 1088
129 1998
130 271
130 858
130 1320
130 1587
131 61
131 1244
131 1492
132 75
132 1186
132 1205
132 1760
133 87
133 1161
134 160
134 301
134 724
134 856
134 1704
134 1956
135 278
135 956
135 2000
136 753
137 192
137 344
137 385
137 854
137 1741
137 1848
138 355
138 393
138 462
138 705
139 501
139 1651
140 1852
141 558
141 669
141 1458
142 376
142 945
142 1277
143 706
143 1869
143 1916
144 86
144 794
144 1623
144 1804
145 280
145 1171
145 1470
145 1636
146 137
146 1048
146 1468
146 1499
147 175
147 176
147 247
147 377
147 1994
148 230
148 890
148 981
148 1758
149 728
149 938
149 1271
149 1664
149 1727
150 1645
150 1650
151 255
151 460
151 520
151 1004
151 1265
151 1606
152 996
153 45
153 320
153 1131
154 5
154 139
154 286
154 588
154 1229
154 1635
154 1967
155 514
155 781
155 1306
155 1377
156 243
156 784
156 935
156 1432
157 117
157 144
157 297
157 299
158 1393
159 142
159 420
159 629
159 1008
159 1416
159 1712
160 801
161 544
161 1597
161 1922
162 100
162 435
162 507
162 1169
162 1217
163 35
163 117
163 819
163 1436
163 1543
164 198
164 233
164 950
164 1008
164 1031
164 1687
164 1698
164 1863
165 137
165 474
165 507
165 681
166 47
166 124
166 711
166 1023
166 1686
166 1874
166 1991
167 448
167 1928
168 1048
168 1307
168 1637
170 446
170 633
170 754
170 1704
170 1834
171 155
171 1703
172 622
172 1217
172 1445
172 1521
172 1633
173 59
173 917
173 924
173 1637
173 1951
174 490
174 725
174 852
174 975
174 1127
174 1554
174 1664
175 402
175 545
175 598
175 950
175 1453
175 1463
176 254
176 487
176 620
176 1570
176 1599
177 578
177 627
177 628
177 1429
178 513
178 546
178 698
178 1598
179 13
179 452
179 453
179 659
179 1559
179 1808
180 210
180 548
180 1568
181 124
181 256
181 290
181 1157
181 1710
182 305
182 506
182 1043
182 1106
182 1701
183 513
183 822
183 1516
184 351
184 956
184 1086
184 1915
185 182
185 359
185 853
185 1305
185 1854
185 1919
186 277
186 333
186 825
186 1023
186 1333
186 1655
187 76
187 108
187 554
187 834
187 976
187 1514
188 596
188 911
188 1249
188 1763
189 354
189 477
189 634
189 701
189 789
189 1333
189 1715
190 291
191 1107
191 1710
192 486
192 585
192 984
192 1039
192 1069
192 1505
192 1713
193 624
193 1780
194 30
194 561
194 1548
195 204
195 1123
195 1350
195 1725
196 1055
196 1521
196 1862
197 164
197 959
197 1116
197 1898
198 554
198 747
198 1396
198 1447
199 597
199 1479
200 1235
200 1353
200 1543
200 1637
200 1942
201 177
201 1360
201 1836
202 201
202 1368
203 1097
204 81
204 791
204 1292
204 1369
204 1740
205 131
205 202
205 378
205 1076
205 1150
205 1497
206 803
206 1435
206 1517
206 1718
207 755
207 1249
207 1448
209 12
209 1462
209 1678
209 1801
210 730
210 745
210 783
210 1450
210 1887
211 350
211 427
211 743
211 1007
212 59
212 139
212 364
212 965
212 1840
212 1891
213 579
213 1513
213 1787
214 892
215 617
215 1897
216 334
216 353
216 394
216 496
216 1490
217 654
217 1445
217 1575
217 1859
218 301
218 371
218 626
218 1338
218 1389
218 2000
220 323
220 627
220 1189
220 1991
221 963
221 1745
221 1789
222 497
222 678
222 816
222 822
222 1733
223 60
223 752
223 1661
223 1700
223 1813
223 1904
224 445
224 460
224 711
224 1153
225 73
225 215
225 1231
225 1740
225 1855
226 6
226 862
226 1464
226 1978
227 713
227 1308
227 1748
227 1751
227 1774
228 973
228 1368
229 479
229 950
229 1374
229 1597
229 1600
231 1366
232 152
232 589
232 959
232 1444
233 531
233 1272
234 114
234 213
234 664
234 1555
235 322
235 1031
235 1134
235 1853
236 634
236 743
236 1191
237 208
237 317
237 860
237 1042
237 1322
237 1659
238 104
238 870
238 1096
238 1307
238 1971
240 892
240 1687
240 1709
241 786
242 582
242 797
242 1051
242 1196
242 1271
242 1976
243 694
244 425
244 888
244 1638
245 96
245 487
245 1100
245 1463
245 1789
245 1963
245 1977
245 1997
246 368
246 1166
246 1438
246 1829
247 873
247 1056
247 1343
248 9
248 1427
249 1019
249 1044
249 1618
249 1699
250 300
250 400
250 1334
250 1836
251 576
251 1413
251 1484
251 1687
252 505
252 1112
253 326
253 720
253 933
254 517
254 820
254 996
254 1126
254 1579
254 1923
254 1944
255 114
255 912
255 1037
255 1054
255 1257
255 1258
256 1301
256 1449
257 130
257 391
257 710
257 1272
258 314
258 716
258 1185
258 1342
259 296
259 1286
260 704
260 837
260 851
260 1243
260 1783
261 111
261 714
262 1115
262 1423
262 1491
262 1619
262 1750
262 1875
263 563
263 1920
264 99
265 239
265 1229
265 1838
266 204
266 245
266 469
266 567
266 867
266 1164
266 1911
267 365
267 687
268 225
268 1044
268 1085
268 1544
268 1796
269 1124
269 1187
269 1248
269 1642
269 1733
270 739
270 1233
271 886
271 1113
271 1289
271 1659
272 596
272 682
272 1146
272 1559
273 570
273 1595
273 1829
273 1886
274 416
274 540
274 1352
275 777
275 800
275 817
276 1512
276 1992
277 1042
278 572
278 1251
278 1513
278 1648
279 1647
280 914
281 663
281 1619
281 1755
282 28
282 104
282 491
282 528
282 1280
282 1296
282 1470
283 303
283 351
283 364
283 821
284 175
285 529
285 532
285 1327
285 1544
286 210
286 874
287 39
287 106
287 484
287 596
287 817
287 903
287 1373
288 527
288 1031
288 1259
288 1263
288 1388
288 1424
288 1508
289 235
289 329
289 334
289 1100
290 1012
290 1323
290 1631
290 1816
290 1824
291 58
291 1668
292 162
292 266
292 287
292 1073
293 248
293 371
293 666
293 1156
293 1287
293 1932
294 666
294 1072
295 75
295 297
295 393
295 986
295 1041
295 1091
295 1178
295 1319
295 1561
296 41
296 1043
296 1382
297 794
297 1487
297 1711
297 1966
298 485
298 696
298 737
298 1246
299 513
299 1216
299 1658
299 1867
299 1917
300 70
300 380
300 390
300 1288
300 1587
300 1782
300 1858
301 523
301 701
301 771
302 157
302 962
302 1204
302 1258
302 1378
302 1653
303 58
303 91
303 698
303 813
303 1241
303 1567
303 1772
304 257
304 380
304 670
304 1312
304 1424
304 1978
305 174
305 834
305 921
305 1893
306 323
306 966
306 1459
307 56
307 473
307 525
308 140
308 426
308 447
308 917
308 1463
309 221
309 576
309 848
309 888
309 958
309 988
309 1229
309 1451
310 274
310 1561
310 1918
311 710
312 878
312 1218
312 1267
312 1769
314 516
314 1307
314 1583
314 1690
314 1931
315 253
315 375
315 549
315 870
315 944
315 1336
315 1432
315 1754
315 1908
316 1205
316 1325
316 1598
316 1697
317 95
317 104
317 429
317 966
317 1163
317 1502
317 1991
318 21
318 427
318 1158
318 1341
318 1422
318 1851
319 947
319 1856
320 165
320 1074
320 1521
321 398
321 1946
322 529
322 804
322 1156
323 502
323 603
323 997
324 46
324 505
325 243
325 1361
325 1838
326 467
326 1291
326 1454
326 1976
327 110
327 1019
327 1422
327 1499
327 1859
328 675
328 1447
328 1773
328 1856
329 365
329 861
329 994
330 1247
330 1288
330 1959
331 284
331 749
331 975
331 1561
331 1700
332 143
332 520
332 1020
332 1505
333 673
333 756
333 1298
333 1877
334 31
334 1238
335 87
335 339
335 548
335 592
335 833
336 61
336 500
336 828
336 1160
336 1277
336 1315
336 1784
336 1943
337 904
337 1343
338 1165
338 1394
338 1589
338 1882
338 1917
339 217
339 334
339 352
339 883
339 1064
339 1313
340 215
340 871
340 983
340 1366
340 1517
340 1736
341 347
341 645
342 124
342 194
342 709
343 24
343 580
343 1350
343 1700
344 390
344 485
344 898
344 1252
344 1545
345 1082
345 1817
345 1863
345 1996
346 1623
346 1898
347 107
347 132
347 470
347 509
347 1441
347 1601
347 1737
348 354
348 1012
348 1327
349 178
349 449
349 634
349 1527
350 461
350 977
350 1718
350 1968
352 64
352 299
352 567
352 1161
353 521
353 783
353 1811
354 225
354 416
354 1141
354 1614
354 1935
355 893
355 1255
356 1642
356 1751
356 1945
357 617
357 674
357 1597
358 198
358 249
358 716
358 755
358 1380
358 1396
358 1753
358 1911
359 1150
359 1857
360 171
360 690
360 990
360 1609
360 1839
360 1916
360 1958
361 245
362 27
362 108
362 237
362 373
362 582
362 646
362 890
362 1067
362 1824
363 41
363 113
363 1073
363 1881
363 1916
364 345
364 428
364 844
364 1084
365 711
365 929
365 1095
365 1218
365 1346
365 1964
366 198
366 227
366 242
366 1521
366 1674
367 1009
367 1533
367 1601
368 473
368 887
368 1530
368 1669
369 655
369 1080
369 1240
369 1459
369 1771
369 1983
370 23
371 693
371 1301
371 1314
372 285
372 767
372 1420
372 1429
372 1609
373 702
373 960
373 1095
373 1138
373 1741
374 489
374 598
374 620
374 706
374 832
374 838
374 847
374 1400
374 1606
375 257
375 351
375 1110
375 1668
375 1759
376 638
376 919
376 1010
376 1768
377 698
378 794
378 1954
379 21
379 26
379 406
379 451
379 585
379 1410
379 1444
379 1882
380 259
380 462
380 983
380 1433
380 1685
380 1991
381 693
381 1236
381 1749
381 1956
382 457
382 822
382 1083
382 1778
383 230
383 1145
383 1437
385 37
385 545
385 603
385 701
385 810
385 860
385 1285
385 1562
385 1969
386 1219
387 472
387 984
387 1085
387 1094
387 1231
387 1411
387 1438
387 1661
387 1697
388 1620
388 1718
389 523
389 1279
389 1403
390 61
390 1259
390 1438
390 1456
390 1980
391 152
391 507
391 735
391 805
391 1759
392 364
392 1343
393 876
393 1008
393 1640
394 249
395 814
396 226
397 43
397 365
397 1000
397 1164
398 214
398 702
398 1205
398 1290
398 1411
398 1968
399 919
399 1611
400 637
400 1267
400 1426
401 119
401 556
401 1289
401 1469
401 1542
402 289
402 693
402 1044
402 1724
403 223
403 363
403 413
403 1185
403 1622
403 1855
404 38
404 1031
404 1474
405 762
405 1010
405 1659
406 467
406 1094
406 1317
406 1513
406 1742
407 296
407 466
407 1862
408 254
408 550
408 1359
409 148
409 1828
410 254
410 345
410 787
410 1611
411 148
411 505
411 529
411 560
411 742
411 1693
411 1810
412 906
412 1397
412 1468
413 1538
414 612
414 1213
414 1893
415 1734
416 9
416 988
416 1008
416 1129
416 1578
416 1670
417 350
417 686
417 907
417 1127
417 1796
418 147
418 197
418 580
418 921
418 1010
419 144
419 1216
419 1302
419 1310
420 825
420 1470
420 1533
421 75
421 1687
421 1728
421 1897
422 193
422 770
422 1147
422 1442
422 1470
423 137
423 831
423 1878
424 225
424 555
424 1344
424 1588
424 1641
425 126
425 231
425 1476
425 1478
426 657
426 866
427 922
428 1288
429 190
429 478
429 1835
429 1925
430 169
430 785
431 171
431 432
431 1485
431 1809
431 1904
432 508
432 1675
432 1694
433 407
433 621
433 1551
434 165
434 169
434 290
434 847
434 1433
434 1507
435 825
436 85
436 167
436 298
436 639
437 68
437 284
437 312
437 355
437 922
437 960
437 1685
438 91
438 1079
438 1801
438 1992
439 762
439 1303
439 1503
439 1567
440 503
440 518
440 987
440 1168
440 1338
440 1913
441 38
441 330
441 1030
441 1891
441 1930
442 383
442 409
442 1158
443 1294
443 1435
443 1842
444 125
444 565
444 624
444 697
444 1002
444 1116
444 1876
444 1942
445 322
445 504
445 823
445 1138
446 1885
447 548
447 1009
447 1970
449 644
449 1743
449 1822
451 478
451 842
451 1113
451 1183
451 1643
451 1915
451 1927
452 656
452 942
453 113
453 404
453 1439
454 193
454 647
454 773
454 1113
454 1257
454 1292
454 1404
454 1615
454 1709
454 1770
454 1786
455 15
455 158
455 180
455 493
455 1363
455 1760
456 136
456 185
456 431
456 555
456 1255
457 4
457 221
457 226
457 662
457 806
458 227
458 1419
458 1746
459 177
459 1434
459 1868
459 1909
460 147
460 1961
461 807
461 1480
461 1615
462 110
462 248
462 425
462 931
462 1112
462 1201
462 1865
462 1990
463 325
463 653
463 1075
463 1137
463 1208
463 1427
463 1777
463 1995
464 229
464 419
464 1160
464 1204
465 132
465 425
465 516
465 1115
466 426
466 656
466 661
466 1213
466 1313
466 1367
466 1553
467 641
467 737
467 859
467 1058
467 1736
468 423
468 537
468 552
468 855
468 1953
469 495
469 789
469 839
469 925
470 46
470 921
470 1268
471 420
471 846
471 1467
471 1546
472 302
472 433
472 923
472 1003
472 1124
472 1439
472 1504
473 7
473 88
473 362
473 461
473 633
473 913
473 1269
473 1635
473 1961
474 92
474 229
474 805
474 1593
475 331
475 574
475 625
475 879
475 1420
475 1902
476 1312
476 1424
477 110
477 348
477 1790
477 1991
478 10
478 1187
478 1447
478 1706
479 92
479 362
479 1512
480 98
480 421
480 630
480 784
480 1438
481 320
481 582
481 781
481 922
481 1811
481 1878
482 364
482 1778
482 1862
483 157
483 355
483 383
483 861
483 1112
483 1353
483 1378
484 211
484 720
484 894
484 978
484 1177
485 1209
485 1374
486 108
486 250
486 458
486 577
486 1335
487 261
487 827
487 1632
487 1901
488 293
488 662
488 713
489 286
489 331
489 524
490 61
490 370
490 726
490 1928
490 1950
491 951
491 1016
491 1293
492 183
492 419
492 1231
492 1742
493 297
493 402
493 478
493 927
493 1217
493 1491
493 1502
493 1881
494 369
494 820
494 1678
495 434
495 1229
495 1255
495 1333
495 1385
495 1776
496 933
496 1139
496 1926
497 21
497 263
497 516
497 1398
497 1921
498 1889
499 759
499 1207
499 1376
499 1525
499 1760
500 522
500 743
500 1539
500 1634
501 251
501 606
501 977
501 1257
501 1581
501 1721
502 295
502 332
502 666
502 730
503 553
503 1318
503 1515
504 29
504 1675
504 1687
504 1732
504 1802
505 7
505 233
505 793
505 1739
506 793
506 829
506 1091
506 1450
507 101
507 428
507 995
507 1013
507 1579
507 1686
508 1135
509 205
509 233
509 335
510 1110
510 1396
510 1680
510 1899
510 1991
511 276
511 1257
511 1560
512 84
512 188
512 639
512 961
512 1265
513 307
513 323
513 620
513 633
513 1102
513 1378
514 87
514 119
514 706
514 1220
514 1355
514 1670
515 1073
516 112
516 435
516 1480
516 1908
517 152
517 481
517 1077
517 1972
518 658
518 929
518 1570
518 1901
519 353
519 717
519 1022
519 1747
519 1885
520 21
520 701
520 1497
520 1607
520 1930
521 97
521 356
521 418
521 1790
522 129
522 182
522 773
522 1055
522 1094
522 1775
522 1869
523 33
523 1174
524 306
524 729
524 866
524 1239
524 1331
524 1846
525 332
525 1942
526 554
526 653
526 1728
527 338
527 1092
527 1625
528 21
528 816
528 1268
528 1333
528 1528
528 1856
529 1028
529 1142
529 1147
529 1222
529 1754
530 14
530 57
530 184
530 1047
530 1164
530 1580
530 1892
531 741
532 530
532 1458
532 1480
532 1647
533 1668
533 1953
534 190
534 376
534 452
534 1059
534 1085
534 1221
534 1380
534 1583
535 1360
535 1619
535 1696
536 1517
537 546
537 1394
537 1961
538 464
539 1101
539 1106
539 1567
539 1834
539 1909
540 602
540 943
540 1397
541 195
541 289
541 867
541 940
541 1583
541 1628
541 1725
541 1886
542 68
542 84
542 968
542 1175
542 1682
542 1774
543 522
543 590
543 1238
543 1345
543 1943
543 1966
544 109
544 542
544 547
544 1824
545 612
545 1246
545 1324
545 1383
545 1589
546 519
546 560
546 659
546 1008
546 1325
546 1626
547 235
547 548
547 1294
547 1450
547 1901
548 229
548 656
548 696
548 741
548 1860
549 799
549 1896
549 1972
550 2
550 472
550 1189
550 1514
550 1525
551 339
551 556
551 1142
551 1342
551 1542
551 1737
552 81
552 570
552 1109
552 1285
552 1383
553 455
553 671
553 1830
553 1914
554 175
554 1950
555 490
555 780
555 794
555 1082
555 1937
556 42
556 494
556 1507
557 124
557 611
557 858
557 1035
557 1550
558 135
558 731
558 1171
559 480
559 916
559 921
559 1285
559 1311
560 80
560 318
560 969
560 1164
560 1619
560 1653
560 1773
561 393
561 556
561 585
561 791
561 880
561 1396
562 118
562 204
562 526
562 1469
562 1473
562 1654
562 1846
563 35
563 143
563 357
563 1301
563 1573
563 1620
563 1743
564 137
564 150
564 936
565 1117
565 1857
565 1925
566 52
566 375
566 460
566 466
566 1050
566 1068
566 1224
566 1770
566 1815
567 999
567 1167
568 12
568 534
569 639
569 944
569 1393
569 1909
570 89
570 742
570 863
570 1496
571 32
571 1158
571 1947
572 62
572 1250
572 1693
573 870
574 6
574 124
575 1048
575 1067
575 1289
575 1383
575 1745
576 239
576 334
576 1244
576 1344
576 1776
577 162
577 1053
577 1145
577 1831
578 580
578 844
578 948
578 1296
579 540
579 1415
580 823
580 1047
580 1086
580 1571
581 160
581 564
581 794
581 801
581 1637
582 919
582 1224
582 1904
583 142
583 234
583 1542
583 1760
584 110
584 1019
584 1941
585 322
585 912
585 1267
585 1491
585 1727
585 1976
586 147
586 252
586 1183
586 1379
586 1554
586 1898
587 17
587 898
588 455
588 1709
589 1032
589 1501
589 1967
590 403
590 729
590 1583
590 1625
590 1798
590 1815
591 671
591 1271
592 594
593 825
593 962
593 993
593 1040
593 1194
593 1886
594 116
594 270
594 662
594 1814
594 1983
595 824
595 1521
595 1858
596 58
596 1076
596 1378
597 139
598 109
598 701
598 929
598 1340
598 1548
598 1857
598 1873
599 481
599 868
599 944
599 1647
599 1761
600 425
600 443
600 914
600 1391
600 1474
600 1709
601 544
601 833
602 264
602 1977
602 1997
604 1450
604 1515
605 17
605 457
605 574
605 1720
606 97
606 178
606 882
606 913
606 1119
606 1254
607 1533
607 1733
608 1079
609 989
609 1267
609 1282
609 1576
609 1617
609 1865
609 1911
610 1004
611 151
611 637
612 266
612 991
612 1087
613 1430
613 1741
614 182
614 418
615 288
615 377
615 1917
616 1403
617 114
617 1098
617 1384
618 1559
618 1581
619 212
619 596
619 756
619 1089
619 1925
620 339
620 1015
620 1207
621 1612
621 1627
621 1721
621 1976
622 423
622 1523
623 984
623 1715
624 179
624 446
624 578
624 843
624 1065
625 773
625 825
625 1279
625 1871
626 360
626 747
626 1212
626 1343
627 99
627 144
627 585
628 223
628 546
628 598
629 736
629 1431
629 1453
629 1721
630 924
630 1049
630 1650
630 1902
631 1483
631 1640
632 149
632 1126
632 1319
633 92
633 1017
633 1093
633 1580
633 1802
634 1477
634 1762
635 156
635 874
635 1391
636 515
636 955
636 1298
637 177
637 1031
637 1126
637 1685
637 1951
637 1968
638 276
638 637
638 1213
638 1531
638 1536
638 1563
638 1772
639 445
639 1212
639 1265
640 16
640 219
640 638
640 1376
641 1141
641 1998
642 877
643 26
643 467
643 1160
643 1490
645 460
645 1238
645 1819
646 25
646 387
646 549
646 681
646 1328
646 1812
647 332
648 277
648 593
648 856
648 1054
648 1117
648 1437
648 1751
649 110
649 708
649 1105
649 1220
649 1504
649 1726
649 1851
650 191
650 282
650 482
650 1483
650 1604
651 303
651 420
651 759
651 771
651 1147
651 1356
651 1374
651 1486
651 1633
652 188
652 541
652 592
652 735
652 1443
653 311
653 810
653 817
653 945
653 1325
654 311
654 477
654 2000
655 1562
655 1972
656 223
656 926
656 1744
657 149
657 217
657 637
658 505
658 562
658 602
658 709
658 817
658 1000
658 1467
659 252
659 704
659 887
660 78
661 830
661 1003
662 145
662 275
662 747
662 827
662 1142
662 1744
662 1966
663 428
663 516
663 559
663 843
663 970
663 1026
664 109
664 410
664 456
664 797
664 1035
664 1584
664 1957
665 430
665 1168
666 109
666 1510
667 74
667 1947
668 1562
668 1567
668 1686
669 344
669 595
670 692
670 1044
670 1149
670 1253
671 395
671 1565
672 289
672 744
672 1101
672 1634
672 1639
672 1880
673 26
673 587
673 1027
673 1491
674 43
674 407
674 580
674 1100
674 1400
674 1523
674 1828
674 1856
674 1890
675 15
675 132
675 764
675 1929
676 1550
676 1670
677 42
677 711
677 812
677 1156
677 1339
677 1341
677 1489
677 1623
678 35
678 641
678 644
679 1481
679 1980
680 622
680 933
680 998
680 1436
680 1869
681 385
681 629
681 975
682 290
682 355
682 446
682 901
682 1653
683 258
683 349
683 564
683 811
683 1176
683 1497
683 1627
683 1809
684 71
684 364
684 1175
684 1329
684 1367
684 1390
685 341
685 1260
685 1474
685 1706
685 1732
685 1996
686 48
686 440
686 508
686 554
686 587
686 862
686 1093
686 1412
686 1790
686 1799
686 1821
687 96
687 437
687 1253
687 1450
687 1519
687 1758
688 837
689 56
689 576
689 1097
690 619
690 1181
690 1587
691 318
691 723
692 68
692 712
692 1760
693 194
693 1064
694 20
694 166
694 784
695 225
695 400
695 494
695 643
695 1557
695 1976
696 870
696 1622
696 1807
697 1523
698 102
698 842
699 1583
699 1910
700 26
700 128
700 178
700 281
700 1456
700 1761
700 1879
700 1917
701 222
701 328
701 1664
702 44
702 601
702 1301
702 1406
703 235
703 362
703 841
703 917
703 1077
703 1198
703 1719
704 61
704 1108
704 1727
705 1619
705 1848
705 1943
706 294
706 382
706 623
706 879
706 1463
707 149
707 342
707 1069
707 1586
708 84
708 114
708 175
708 298
709 30
709 208
709 591
709 652
709 1216
709 1437
709 1905
710 955
711 108
711 1799
711 1902
712 464
712 602
712 848
712 936
712 1567
713 849
714 76
714 474
714 642
714 736
714 758
714 864
714 1930
715 134
715 913
715 1098
715 1467
716 848
716 871
716 1186
716 1799
717 321
717 1427
717 1951
718 1165
718 1971
719 223
719 434
719 532
719 598
719 711
719 853
719 1051
719 1083
720 1
720 1711
721 443
721 881
721 1279
721 1550
722 230
722 1270
723 619
723 1001
723 1440
723 1583
723 1730
724 143
724 223
724 308
724 850
724 1218
725 254
725 770
725 884
725 1125
725 1675
726 392
726 940
726 1231
727 517
727 607
727 1207
727 1658
728 80
728 387
728 1368
728 1454
728 1517
728 1871
728 1915
729 404
729 531
729 701
729 1150
730 626
730 646
731 736
731 1775
732 236
732 1315
732 1448
732 1714
733 855
733 870
733 1406
733 1682
734 450
734 1624
735 236
735 436
735 1041
735 1151
735 1230
735 1738
736 136
736 179
736 366
736 411
736 879
736 1813
736 1904
737 101
737 206
737 318
737 688
737 1682
738 132
738 449
738 817
738 1630
739 43
739 413
739 416
739 599
739 961
740 197
741 664
741 1060
741 1093
741 1252
741 1587
741 1994
742 404
742 1225
742 1508
742 1826
743 548
743 1037
744 312
744 412
744 1041
744 1682
744 1749
745 389
745 531
745 1021
745 1773
746 515
746 914
747 1384
747 1398
747 1676
748 1263
748 1749
748 1921
749 841
749 1235
750 54
750 200
750 814
750 1352
750 1532
751 456
751 1417
751 1513
752 70
752 237
752 448
753 274
753 359
753 554
753 1752
754 220
754 769
754 985
754 1493
754 1790
755 133
755 763
755 941
755 1879
756 63
756 278
756 1437
757 397
757 1101
757 1332
757 1653
757 1984
758 100
758 210
758 609
758 847
758 1079
759 1212
759 1562
760 621
760 1290
760 1847
761 159
761 240
761 554
761 720
761 1720
762 1582
763 595
763 677
763 729
763 949
763 1820
764 223
764 438
764 992
764 1160
764 1285
765 135
765 343
765 541
765 700
765 1800
766 202
766 639
766 1743
766 1787
767 387
767 621
767 799
767 829
767 1722
768 1272
768 1580
768 1610
769 835
769 843
769 1061
769 1080
769 1426
770 878
770 1209
770 1289
770 1347
771 158
771 227
771 323
771 578
771 706
771 928
771 1560
771 1950
772 183
772 188
772 277
772 338
772 1732
772 1882
773 269
773 918
773 1210
773 1234
773 1339
773 1812
774 346
774 1019
774 1393
775 255
775 394
775 533
775 633
775 1180
775 1339
775 1875
775 1921
776 913
776 1230
776 1571
777 666
777 962
777 1257
777 1809
778 143
778 231
778 790
778 1285
778 1409
778 1434
779 1
779 469
780 1493
780 1769
780 1813
781 279
781 547
782 650
782 1416
782 1455
782 1707
782 1836
783 83
783 289
783 515
783 841
783 1357
783 1927
785 24
785 856
785 1144
785 1187
785 1236
786 365
786 554
786 742
786 807
786 1034
786 1410
787 62
787 190
787 1169
787 1226
788 376
788 568
789 1
789 584
789 1060
789 1081
789 1354
789 1475
789 1614
789 1681
790 60
790 121
790 130
790 339
790 1794
791 220
791 878
791 988
791 1037
791 1307
791 1358
791 1782
792 218
792 484
792 623
792 1064
792 1303
792 1320
793 434
793 616
793 756
793 831
794 515
794 795
794 1957
795 226
795 258
795 955
796 5
796 901
796 971
796 1161
796 1397
796 1499
796 1511
796 1898
796 1911
797 1111
797 1989
798 1181
798 1225
798 1227
798 1550
798 1708
798 1738
799 106
799 152
799 649
799 1309
799 1814
800 387
800 425
800 475
800 1047
800 1722
801 533
801 776
801 1476
801 1976
802 1577
802 1679
803 619
803 702
803 982
803 1115
803 1228
803 1667
804 65
804 956
804 1492
804 1504
804 1803
805 921
805 1175
805 1294
805 1561
806 80
806 1198
807 290
808 236
808 364
808 863
809 257
809 527
810 18
810 321
810 371
810 714
810 1204
810 1255
810 1592
811 616
811 771
811 1676
812 703
812 1824
812 1857
813 1041
813 1535
813 1853
814 463
814 1122
814 1592
814 1675
815 172
815 381
815 652
816 15
816 231
816 367
816 593
816 1018
816 1326
816 1552
816 1937
817 1327
817 1875
818 280
818 720
818 1335
818 1639
818 1923
818 1940
819 1111
819 1889
820 1109
820 1329
820 1748
820 1944
821 514
821 934
821 1338
822 1195
822 1848
823 1036
824 228
824 230
824 352
824 588
824 726
825 269
825 834
825 838
825 1540
826 157
826 852
827 63
827 73
827 162
827 243
827 1158
827 1444
827 1651
828 653
828 731
828 1272
828 1395
829 167
829 175
829 408
829 596
829 600
830 177
830 417
830 677
830 744
830 821
830 990
830 1586
831 77
831 627
831 1871
831 1986
832 510
832 573
832 1303
832 1501
832 1713
832 1842
833 101
833 829
834 236
834 332
834 1636
834 1640
835 800
835 1551
836 466
836 904
836 1151
836 1191
836 1950
837 36
837 288
837 536
837 973
837 1040
837 1435
838 77
838 1514
838 1532
838 1933
839 782
839 1046
839 1341
839 1644
840 92
840 596
840 674
840 755
840 1018
841 1260
841 1348
841 1766
842 115
842 582
842 1279
842 1425
843 252
843 1835
844 434
844 990
844 1186
844 1230
844 1342
844 1524
845 183
845 297
845 402
846 388
846 1796
847 273
847 504
847 1350
847 1494
847 1564
847 1755
848 152
848 181
848 738
848 889
848 1332
848 1359
848 1866
849 52
849 1977
850 834
850 1143
850 1792
851 62
851 239
851 768
852 880
852 1334
852 1449
853 1124
853 1616
853 1774
854 213
854 227
854 454
854 619
854 1056
854 1348
854 1356
854 1359
854 1902
855 760
855 1189
855 1705
856 164
856 213
856 358
856 840
856 1251
856 1509
857 17
857 145
857 225
857 252
857 554
857 685
857 1035
857 1244
857 1390
857 1464
857 1670
858 52
858 400
858 671
858 1326
859 170
859 602
859 728
859 1240
859 1929
860 181
860 735
860 888
860 1501
861 351
861 1722
861 1785
862 176
862 225
862 339
862 620
862 661
862 1752
863 263
863 355
863 678
863 1639
864 270
864 997
864 1169
864 1231
864 1353
865 495
865 853
865 1249
865 1553
865 1771
867 275
867 634
867 737
867 1264
867 1345
867 1921
867 1968
868 184
868 436
868 482
868 1512
869 87
869 1434
869 1513
869 1732
869 2000
870 558
870 803
870 951
870 1067
870 1495
870 1523
870 1848
871 548
871 1241
871 1866
871 1910
872 655
872 874
872 1635
872 1662
872 1820
873 269
873 1829
874 216
874 434
874 646
874 786
874 875
874 1017
874 1407
875 28
875 169
875 221
875 408
875 709
875 827
875 1214
875 1846
875 1875
875 1983
876 398
876 514
876 765
876 1023
876 1267
876 1533
877 45
877 715
877 994
878 1924
879 342
879 389
879 1878
880 225
880 648
880 1519
881 1493
881 1982
881 1985
882 73
882 350
882 601
882 849
883 40
883 334
883 548
883 1180
883 1187
883 1312
884 808
884 1847
884 1855
885 1372
885 1708
886 641
886 705
886 749
886 1468
886 1701
886 1831
887 211
887 1170
887 1360
887 1594
887 1830
888 474
888 553
888 830
888 1309
888 1398
888 1800
889 19
889 88
889 303
889 890
889 1291
889 1401
889 1937
890 5
890 132
890 529
890 1533
890 1545
890 1894
891 917
891 1164
891 1237
891 1381
891 1784
891 1828
892 371
892 1282
892 1457
892 1590
893 133
893 774
893 1399
893 1698
893 1795
893 1823
893 1852
894 907
894 1074
894 1094
894 1191
894 1420
894 1770
894 1931
895 478
895 979
895 1249
895 1778
896 37
896 441
896 625
896 1370
896 1820
897 950
898 653
899 1077
900 357
900 437
900 1261
900 1628
901 767
901 1017
901 1273
901 1277
901 1342
902 11
902 13
902 478
902 636
902 1613
903 1257
903 1300
903 1478
903 1564
903 1693
903 1760
903 1972
904 691
904 821
904 856
904 1105
904 1159
905 1340
906 688
906 744
906 1710
907 799
907 1267
908 184
908 555
908 634
908 1434
908 1466
909 202
909 610
909 1217
909 1373
909 1453
909 1592
909 1643
910 893
910 1893
910 1954
911 605
911 781
912 187
912 1288
912 1545
912 1965
913 371
913 1768
914 883
914 1653
915 79
915 1280
916 972
916 1532
916 1861
916 1922
917 28
917 1299
917 1655
917 1729
918 253
918 730
918 1237
919 579
919 786
919 1089
919 1155
919 1495
919 1690
919 1785
920 465
920 847
920 1130
920 1343
921 70
921 170
921 235
921 662
921 1321
922 486
922 771
922 927
922 1464
923 7
923 20
923 157
923 820
923 1085
923 1395
923 1553
923 1636
924 1458
925 385
925 841
925 1929
925 1933
926 804
927 83
927 844
927 1722
927 1766
928 1125
928 1397
928 1824
929 120
929 499
929 643
929 647
929 1370
929 1686
930 176
930 437
930 1516
930 1579
931 571
931 1023
931 1140
931 1267
931 1314
931 1367
932 312
932 1245
932 1583
932 1611
932 1674
932 1772
932 1932
933 194
933 1078
933 1139
933 1248
933 1441
934 1071
934 1847
935 198
935 1455
936 917
936 1131
937 13
937 365
937 1426
937 1949
938 141
938 762
938 1028
938 1303
938 1579
938 1603
939 32
939 229
939 942
939 1291
939 1524
940 390
940 630
940 1100
940 1585
941 422
941 671
941 1174
941 1210
941 1305
941 1524
942 875
942 1212
942 1298
943 478
943 612
943 937
943 1495
944 1786
945 855
945 1342
946 56
946 88
946 468
947 47
947 1954
948 66
948 371
948 1257
948 1292
949 158
949 224
949 880
949 1457
949 1588
950 515
950 676
950 873
950 1491
951 583
952 111
952 1844
953 325
953 1214
953 1414
953 1563
953 1714
953 1746
953 1902
954 18
954 320
954 869
955 38
955 223
955 576
955 1083
955 1690
956 101
956 553
956 1097
956 1155
956 1966
957 546
957 1416
957 1472
958 75
958 143
958 264
958 1040
958 1489
959 182
959 444
959 512
959 1165
959 1756
959 1983
960 83
960 497
960 688
961 1137
961 1216
961 1482
962 333
962 605
962 1097
962 1913
963 623
963 646
963 651
963 990
963 1903
964 78
965 523
965 1753
965 1899
966 11
966 102
966 464
966 491
966 970
966 1002
966 1610
968 117
968 477
968 983
968 1808
968 1929
969 443
969 530
969 1204
969 1221
970 275
970 904
970 1055
970 1496
971 827
971 1378
971 1619
971 1715
971 1814
972 296
972 312
972 1151
972 1899
973 182
973 902
973 1135
973 1619
973 1892
973 1909
973 1943
974 186
974 358
974 882
974 1363
974 1499
974 1551
974 1685
974 1901
975 1353
975 1527
975 1937
976 28
976 339
976 1014
976 1315
976 1337
977 292
977 505
977 571
977 803
977 1134
978 144
978 167
978 273
978 1343
978 1752
979 291
979 1403
979 1418
980 94
980 631
981 244
981 1197
982 10
982 29
982 867
982 967
982 1208
982 1714
983 749
983 1622
984 360
984 1661
984 1863
985 724
985 833
985 965
986 210
986 1060
986 1374
986 1544
986 1625
986 1865
987 73
987 642
988 158
988 684
988 1384
989 172
989 601
989 1219
989 1356
989 1823
989 1848
990 182
990 1177
990 1383
991 376
991 773
992 648
992 859
992 1591
993 18
993 630
993 700
993 1822
994 397
994 691
994 1673
995 487
995 684
995 1073
995 1178
995 1592
995 1970
996 813
996 1484
997 826
997 860
997 1032
997 1405
997 1435
997 1533
997 1974
998 56
998 66
998 144
998 489
998 751
998 1472
999 695
999 732
999 862
999 1013
999 1124
999 1185
999 1255
999 1331
999 1602
999 1787
999 1839
1000 245
1000 555
1000 660
1000 890
1000 1680
1000 1816
1000 1836
1001 605
1001 900
1002 171
1002 173
1002 251
1002 369
1002 1387
1002 1983
1003 520
1004 862
1004 1364
1004 1386
1004 1621
1004 1750
1004 1828
1005 191
1005 286
1005 660
1005 933
1005 1323
1006 447
1006 944
1006 1967
1007 483
1007 778
1007 945
1007 1634
1007 1748
1008 142
1008 188
1008 674
1008 1359
1008 1375
1009 514
1009 800
1009 1583
1010 1098
1010 1313
1010 1377
1011 151
1011 302
1011 657
1011 1041
1011 1050
1011 1222
1011 1578
1012 210
1012 226
1012 1347
1013 52
1013 1248
1013 1792
1014 30
1014 1692
1015 1663
1015 1934
1016 168
1016 1412
1016 1478
1016 1914
1017 869
1017 1039
1017 1102
1017 1729
1017 1892
1018 508
1018 669
1018 1479
1018 1626
1019 39
1019 530
1019 946
1019 1352
1020 108
1020 146
1020 160
1020 1246
1020 1533
1021 586
1021 1275
1021 1517
1021 1543
1021 1608
1021 1950
1022 497
1022 1352
1022 1917
1023 177
1023 649
1023 1542
1024 1621
1024 1894
1024 1961
1025 605
1025 1340
1025 1937
1026 84
1026 610
1026 1313
1027 12
1027 71
1027 478
1027 1707
1028 118
1029 20
1029 973
1029 1620
1029 1642
1030 255
1030 918
1031 3
1031 1055
1031 1307
1032 1192
1032 1199
1032 1311
1032 1571
1033 39
1033 434
1033 893
1033 956
1033 1720
1033 1817
1033 1868
1034 47
1034 147
1034 1149
1035 64
1035 663
1035 939
1035 969
1035 982
1035 1297
1035 1442
1036 1766
1037 935
1037 943
1037 1584
1038 216
1038 482
1038 1260
1038 1555
1039 170
1039 280
1039 951
1039 1058
1039 1407
1039 1525
1039 1559
1039 1646
1040 194
1040 1125
1041 128
1041 132
1041 273
1041 278
1041 1102
1041 1454
1041 1459
1041 1494
1042 416
1042 581
1042 773
1042 1006
1042 1015
1042 1916
1043 896
1043 1808
1043 1835
1044 155
1044 404
1044 955
1044 1111
1044 1501
1045 36
1045 422
1045 1665
1046 455
1046 631
1046 1675
1047 1198
1048 125
1048 903
1048 1015
1048 1383
1048 1615
1049 751
1049 803
1049 1057
1049 1152
1050 244
1050 1930
1051 130
1051 1533
1051 1830
1052 806
1052 1872
1052 1949
1053 779
1053 1993
1054 92
1054 236
1054 306
1054 609
1054 1223
1055 759
1055 858
1055 967
1055 1761
1056 233
1056 1945
1057 10
1057 676
1057 1221
1057 1242
1057 1470
1057 1648
1057 1940
1058 476
1058 904
1058 1018
1058 1227
1058 1548
1058 1639
1058 1704
1058 1753
1059 39
1059 459
1059 693
1059 1196
1059 1446
1060 28
1060 287
1060 516
1060 625
1060 1053
1060 1334
1061 750
1061 1074
1062 63
1062 490
1062 585
1063 1567
1064 48
1064 394
1064 638
1064 891
1065 551
1065 810
1065 1242
1065 1408
1065 1539
1066 207
1066 397
1066 986
1068 1191
1068 1211
1068 1327
1068 1530
1069 1565
1070 81
1070 141
1070 1636
1071 170
1071 1510
1072 365
1073 688
1073 712
1073 935
1073 1350
1073 1877
1074 115
1074 428
1074 954
1074 1048
1074 1211
1075 340
1076 660
1076 896
1076 1658
1076 1787
1077 660
1078 877
1078 969
1078 1806
1078 1846
1079 12
1079 216
1079 428
1079 1666
1079 1808
1079 1905
1080 364
1080 940
1080 971
1080 1174
1080 1701
1081 487
1081 527
1081 608
1081 784
1081 1025
1082 320
1082 482
1082 789
1082 1261
1082 1489
1082 1522
1082 1874
1083 285
1083 394
1083 442
1083 881
1083 1111
1083 1350
1083 1371
1083 1669
1083 1906
1084 12
1084 1245
1084 1322
1084 1558
1085 145
1085 997
1085 1082
1085 1773
1086 56
1086 407
1086 608
1086 1314
1086 1424
1086 1916
1087 1901
1088 31
1088 62
1088 232
1088 431
1088 681
1088 1988
1089 823
1090 118
1091 1231
1092 45
1092 1853
1094 226
1094 235
1094 287
1094 310
1094 872
1094 923
1094 1685
1094 1818
1094 1871
1095 338
1095 1344
1095 1931
1096 290
1096 309
1096 876
1097 702
1097 867
1098 1496
1098 1867
1099 1112
1099 1216
1099 1401
1099 1494
1099 1725
1100 160
1100 1436
1100 1719
1101 1065
1101 1727
1102 12
1102 399
1102 499
1102 1210
1102 1316
1102 1827
1102 1833
1103 380
1103 709
1104 690
1104 749
1104 806
1104 811
1104 1516
1105 15
1105 23
1105 386
1105 1131
1105 1281
1105 1625
1105 1784
1106 1
1106 1284
1106 1342
1106 1585
1106 2000
1107 528
1107 1050
1107 1453
1107 1935
1107 1981
1108 149
1108 864
1109 19
1109 299
1109 935
1109 1120
1109 1753
1110 89
1110 391
1110 1099
1110 1352
1110 1928
1111 830
1111 1121
1111 1193
1111 1986
1112 76
1112 515
1112 565
1112 939
1112 1090
1113 98
1113 382
1113 610
1113 1828
1114 1066
1114 1149
1115 337
1115 477
1115 1240
1115 1302
1116 144
1116 219
1116 225
1116 278
1116 388
1116 390
1116 1208
1116 1570
1116 1577
1117 86
1117 857
1117 1965
1118 597
1118 664
1118 874
1118 996
1118 1017
1118 1306
1118 1481
1118 1937
1119 623
1119 902
1119 1454
1119 1524
1119 1680
1120 758
1121 961
1121 1695
1121 1860
1122 562
1122 877
1122 1245
1122 1465
1122 1550
1122 1629
1123 65
1123 1874
1123 1928
1124 1781
1124 1846
1125 105
1125 312
1125 362
1125 602
1125 1662
1126 228
1126 470
1126 1734
1126 1947
1126 1969
1127 523
1127 661
1128 72
1128 431
1128 959
1128 966
1128 1514
1129 5
1129 423
1129 660
1129 1753
1129 1889
1130 762
1130 918
1130 952
1130 1862
1131 265
1131 359
1131 1222
1132 230
1132 755
1132 961
1132 1514
1132 1648
1133 222
1133 229
1133 305
1133 978
1134 184
1134 463
1134 922
1134 953
1134 1024
1134 1035
1134 1426
1134 1563
1134 1893
1135 205
1135 364
1135 703
1135 1597
1136 130
1136 869
1136 1434
1136 1835
1137 748
1137 983
1137 1471
1137 1678
1138 602
1138 764
1138 889
1138 1194
1139 1462
1140 233
1140 440
1140 673
1140 764
1140 906
1140 1564
1140 1928
1141 73
1141 1055
1141 1087
1142 313
1143 836
1143 1517
1144 258
1144 523
1144 645
1144 1321
1144 1725
1144 1950
1145 79
1145 118
1145 1081
1145 1735
1145 1870
1146 1069
1146 1147
1146 1592
1146 1715
1146 1922
1147 558
1148 813
1148 864
1148 1784
1148 1811
1149 316
1149 623
1150 988
1151 342
1151 506
1151 1382
1152 67
1152 149
1152 951
1152 1972
1153 697
1153 1576
1154 820
1154 912
1154 935
1154 1410
1154 1533
1154 1545
1155 835
1155 837
1155 972
1155 1277
1155 1279
1155 1288
1155 1306
1155 1914
1155 1954
1156 245
1156 554
1156 759
1156 1006
1156 1839
1157 557
1157 911
1157 1616
1157 1718
1158 1246
1158 1652
1159 864
1159 1053
1160 798
1160 1363
1160 1570
1161 408
1161 1130
1161 1224
1161 1399
1161 1901
1162 987
1162 1332
1164 462
1164 1134
1164 1705
1165 73
1165 863
1165 1522
1165 1664
1165 1962
1166 21
1166 1127
1166 1137
1167 787
1168 701
1168 877
1168 1779
1168 1836
1169 693
1169 753
1169 1504
1169 1854
1170 762
1170 957
1170 1929
1171 132
1171 137
1171 209
1171 428
1171 576
1171 1096
1171 1289
1171 1486
1171 1507
1172 385
1172 652
1172 753
1172 901
1172 1264
1172 1531
1172 1649
1173 237
1173 1439
1173 1481
1174 10
1174 306
1174 425
1174 840
1174 1195
1174 1691
1175 25
1175 259
1175 994
1175 1007
1175 1790
1176 699
1176 966
1176 1954
1177 1161
1177 1234
1178 83
1178 154
1178 657
1178 964
1179 25
1179 923
1180 727
1180 1875
1181 541
1181 854
1181 1556
1181 1766
1182 635
1182 689
1182 777
1182 1207
1182 1256
1182 1675
1183 353
1183 1342
1183 1364
1183 1782
1183 1829
1184 134
1184 213
1184 326
1184 345
1184 994
1184 1307
1184 1404
1184 1446
1185 216
1185 1310
1185 1670
1186 476
1187 1325
1187 1707
1187 1999
1188 407
1188 791
1188 817
1188 1116
1188 1482
1188 1667
1189 277
1190 86
1190 392
1190 581
1190 1137
1190 1410
1190 1431
1190 1684
1191 243
1191 563
1191 1854
1192 655
1192 962
1192 970
1192 1459
1192 1526
1192 1884
1192 1949
1193 478
1193 1082
1193 1681
1193 1995
1194 133
1194 947
1194 1145
1195 221
1195 448
1195 559
1195 674
1195 1514
1195 1615
1196 52
1196 383
1196 1657
1196 1695
1197 1886
1197 1971
1198 377
1198 485
1198 1183
1198 1201
1198 1343
1198 1511
1198 1959
1199 215
1199 889
1199 1649
1199 1720
1199 1924
1200 821
1200 1074
1200 1222
1200 1273
1200 1331
1200 1557
1200 1778
1201 559
1201 589
1201 1140
1202 672
1202 719
1202 1098
1202 1729
1203 15
1203 522
1203 558
1203 1019
1203 1804
1203 1880
1204 36
1205 192
1205 307
1206 1042
1206 1234
1206 1697
1207 17
1207 64
1207 390
1207 1456
1207 1586
1208 224
1208 283
1208 892
1208 928
1208 1223
1208 1452
1208 1535
1209 1569
1209 1634
1210 236
1210 590
1210 612
1210 691
1211 94
1211 1430
1211 1454
1212 165
1212 1584
1212 1636
1213 217
1213 351
1213 844
1213 877
1213 1225
1213 1240
1214 629
1214 921
1214 1016
1215 565
1215 694
1215 918
1215 974
1215 1147
1216 75
1216 238
1216 371
1216 897
1216 1442
1217 834
1217 1018
1217 1877
1217 1962
1218 124
1218 950
1218 1756
1219 247
1219 298
1219 407
1219 449
1219 1483
1219 1519
1220 777
1220 1186
1220 1706
1221 117
1222 412
1222 1476
1222 1602
1223 598
1223 599
1223 1426
1223 1632
1224 641
1224 1357
1225 1405
1226 270
1226 275
1226 1044
1227 19
1227 233
1227 557
1227 743
1227 905
1227 1559
1227 1783
1227 1984
1228 157
1228 221
1228 825
1228 858
1229 539
1229 714
1229 1140
1229 1547
1229 1607
1229 1932
1230 89
1230 1758
1231 857
1231 1320
1231 1856
1232 390
1232 488
1232 1264
1232 1841
1233 201
1233 726
1233 1140
1233 1501
1233 1905
1234 77
1234 128
1234 249
1234 299
1234 436
1234 826
1234 1813
1234 1949
1235 1136
1235 1171
1235 1530
1236 382
1236 699
1236 808
1236 1435
1236 1965
1236 1990
1237 249
1237 305
1237 569
1237 1360
1238 25
1238 870
1238 1020
1238 1628
1238 1938
1239 284
1239 537
1239 1047
1239 1146
1240 233
1240 834
1241 283
1241 413
1241 802
1241 1006
1241 1166
1241 1398
1241 1413
1241 1811
1242 267
1242 554
1242 1020
1243 212
1243 563
1243 764
1243 1183
1243 1371
1243 1926
1244 417
1244 480
1244 695
1244 1263
1244 1277
1244 1765
1245 22
1245 259
1245 424
1245 1537
1245 1572
1246 182
1246 870
1246 1079
1246 1213
1247 77
1247 1050
1247 1461
1248 892
1248 1397
1248 1811
1249 232
1249 543
1249 823
1249 883
1249 1246
1249 1247
1249 1606
1249 1646
1250 390
1250 399
1250 482
1250 1100
1250 1419
1250 1726
1250 1919
1251 370
1251 391
1251 521
1251 698
1251 895
1251 1925
1252 124
1252 571
1252 604
1252 610
1252 1538
1252 1832
1252 1930
1253 586
1253 745
1253 1430
1254 186
1254 508
1254 568
1254 752
1254 1090
1255 157
1255 613
1255 951
1255 1493
1256 753
1256 1505
1257 132
1257 296
1257 1993
1258 171
1258 719
1258 916
1259 810
1259 1333
1259 1706
1260 361
1260 1162
1261 815
1261 1626
1262 283
1262 405
1262 534
1262 1070
1262 1160
1262 1405
1262 1708
1263 1703
1263 1950
1264 142
1264 582
1264 1160
1264 1300
1264 1582
1264 1891
1264 1923
1265 103
1265 449
1265 537
1265 583
1265 901
1265 1018
1265 1181
1265 1333
1265 1388
1265 1478
1265 1797
1266 496
1266 1209
1266 1634
1267 795
1267 1908
1269 1903
1270 502
1270 650
1270 970
1270 1058
1270 1661
1270 1770
1270 1826
1270 1975
1271 1158
1271 1730
1271 1944
1272 324
1272 1362
1272 1800
1273 867
1273 952
1273 1207
1273 1610
1274 190
1274 287
1274 555
1274 1094
1274 1736
1274 1994
1275 244
1275 1526
1275 1713
1275 1933
1276 395
1276 1398
1277 218
1277 572
1277 1243
1277 1359
1277 1623
1278 450
1278 739
1278 1269
1278 1938
1279 1471
1280 1786
1280 1960
1281 633
1282 420
1282 540
1282 543
1282 757
1282 843
1282 875
1283 37
1283 169
1283 614
1283 941
1283 1662
1283 1937
1283 1944
1284 7
1284 1298
1284 1984
1285 20
1285 308
1285 1309
1285 1510
1286 193
1286 505
1286 511
1286 884
1286 1414
1286 1741
1286 1746
1287 169
1287 691
1287 946
1287 1096
1288 217
1288 360
1288 420
1288 646
1288 1277
1289 123
1289 918
1289 1086
1290 259
1290 562
1290 1763
1290 1989
1291 8
1291 654
1291 1510
1291 1677
1292 430
1292 1307
1292 1354
1292 1490
1292 1704
1292 1729
1293 397
1293 966
1293 1208
1294 557
1294 569
1294 1302
1295 398
1295 784
1295 980
1295 1546
1296 77
1296 471
1296 735
1296 971
1296 1079
1297 381
1297 1172
1297 1240
1297 1761
1298 360
1298 1254
1299 331
1299 635
1299 1228
1300 352
1300 789
1301 171
1301 523
1301 1315
1301 1368
1301 1427
1301 1991
1302 221
1302 454
1302 955
1303 1029
1303 1131
1303 1146
1303 1235
1303 1559
1303 1654
1303 1946
1304 679
1304 1041
1304 1046
1304 1392
1304 1405
1304 1973
1305 313
1305 754
1306 362
1306 856
1306 1487
1306 1841
1307 1663
1307 1806
1308 1447
1309 33
1309 251
1309 595
1309 812
1309 934
1310 255
1310 1112
1311 200
1311 809
1311 937
1311 1139
1311 1800
1312 356
1312 484
1312 936
1312 1593
1313 328
1313 340
1313 1574
1313 1766
1314 126
1314 1803
1315 397
1315 1799
1315 1976
1316 588
1316 610
1316 1026
1316 1303
1316 1809
1317 55
1317 385
1317 392
1317 446
1317 1419
1318 310
1318 332
1318 643
1318 771
1319 248
1319 453
1319 740
1319 1160
1319 1260
1319 1617
1320 24
1320 91
1320 1736
1321 375
1321 1349
1321 1815
1322 719
1322 787
1322 912
1322 981
1322 1521
1323 383
1323 391
1324 676
1324 698
1324 779
1324 1008
1324 1248
1324 1556
1325 497
1325 784
1325 833
1325 1456
1326 927
1326 1786
1327 115
1327 607
1327 812
1327 1312
1327 1438
1327 1472
1328 52
1328 1261
1329 1655
1329 1957
1330 60
1330 134
1330 911
1330 1128
1330 1247
1330 1489
1330 1628
1331 185
1331 360
1331 1277
1331 1496
1332 113
1332 496
1332 620
1332 925
1332 1055
1332 1321
1332 1516
1332 1575
1332 1805
1333 464
1333 1288
1333 1477
1334 730
1334 934
1334 1246
1334 1309
1334 1586
1335 152
1335 1902
1336 31
1336 253
1336 1050
1336 1490
1336 1818
1338 66
1338 174
1338 346
1338 759
1338 1167
1338 1319
1338 1903
1339 26
1339 660
1339 1575
1340 628
1340 1225
1341 174
1341 293
1341 842
1341 1344
1341 1519
1341 1791
1342 464
1342 548
1342 609
1342 647
1342 666
1342 750
1342 1828
1343 134
1343 243
1343 263
1343 610
1343 1022
1343 1463
1344 86
1344 848
1344 978
1344 1066
1344 1591
1344 1837
1345 743
1345 991
1345 997
1345 1176
1345 1702
1346 502
1346 579
1346 777
1346 817
1347 239
1347 570
1347 957
1347 988
1347 1114
1348 374
1348 683
1348 827
1348 1531
1348 1686
1349 415
1349 471
1349 1131
1349 1223
1349 1687
1350 772
1350 1874
1351 1832
1352 362
1352 790
1352 1113
1352 1126
1352 1151
1352 1697
1352 1736
1353 61
1353 941
1353 1079
1353 1508
1355 22
1355 551
1355 746
1355 792
1355 1566
1355 1730
1355 1861
1356 1326
1357 39
1357 232
1357 1513
1357 1942
1358 1515
1359 242
1359 721
1359 979
1359 1655
1360 399
1360 1077
1360 1096
1361 478
1361 1297
1361 1486
1361 1699
1361 1724
1361 1872
1362 244
1362 277
1362 316
1362 442
1362 513
1362 851
1362 1053
1362 1195
1362 1873
1363 471
1363 603
1364 891
1365 865
1365 1664
1366 647
1366 795
1366 1233
1367 1169
1368 848
1368 1704
1369 959
1369 1068
1369 1327
1369 1337
1370 1905
1371 294
1371 673
1371 709
1371 871
1371 948
1371 953
1371 979
1372 645
1372 1152
1372 1344
1372 1411
1372 1705
1372 1784
1372 1866
1373 1358
1373 1640
1374 239
1374 702
1374 1424
1374 1566
1375 365
1375 1184
1376 1587
1377 176
1377 240
1377 635
1377 1518
1377 1860
1378 158
1378 383
1378 776
1378 1210
1378 1265
1378 1402
1378 1750
1378 1845
1379 306
1379 335
1379 598
1379 832
1379 1096
1379 1907
1379 1925
1380 69
1380 1188
1380 1827
1381 4
1381 85
1381 91
1381 567
1381 1334
1381 1436
1381 1545
1381 1875
1382 169
1382 693
1382 1235
1382 1756
1383 1682
1383 1706
1383 1930
1384 222
1384 364
1384 661
1384 668
1384 1300
1384 1938
1385 553
1385 1073
1385 1175
1385 1931
1386 628
1386 1016
1386 1224
1386 1416
1386 1684
1386 1775
1387 835
1388 307
1388 310
1388 361
1388 1364
1388 1610
1388 1675
1388 1716
1389 1294
1389 1496
1389 1682
1390 70
1390 133
1390 337
1391 1287
1391 1496
1392 838
1392 914
1392 1082
1392 1780
1393 156
1393 834
1393 1142
1394 40
1394 675
1394 1123
1394 1342
1395 97
1395 325
1395 449
1395 803
1395 1202
1396 1926
1397 498
1397 957
1397 1473
1397 1477
1398 330
1398 1197
1398 1442
1398 1718
1399 804
1399 1280
1399 1620
1400 195
1400 1479
1400 1739
1400 1950
1401 1231
1402 650
1402 736
1402 1421
1402 1641
1402 1899
1402 1913
1403 44
1403 1137
1403 1210
1403 1376
1403 1897
1404 518
1404 1940
1405 309
1405 1438
1406 81
1406 336
1406 575
1406 678
1406 885
1406 1863
1406 1865
1407 180
1407 307
1407 388
1407 455
1407 904
1407 1030
1407 1183
1408 112
1408 390
1408 572
1408 733
1408 1142
1409 1028
1409 1201
1410 641
1410 809
1410 1143
1411 179
1411 650
1411 835
1411 993
1411 1378
1411 1435
1411 1658
1412 99
1412 738
1412 1331
1413 130
1413 338
1413 811
1413 937
1413 938
1413 974
1413 1248
1413 1253
1415 650
1415 702
1415 1202
1416 299
1416 917
1416 921
1416 1366
1416 1517
1416 1763
1417 268
1417 336
1417 459
1417 542
1417 562
1417 753
1417 1202
1417 1396
1417 1431
1417 1748
1418 141
1418 1261
1419 1474
1420 99
1420 1549
1421 45
1421 303
1421 638
1421 1115
1421 1890
1422 474
1422 744
1422 860
1423 399
1423 1208
1423 1241
1423 1606
1424 161
1424 313
1425 306
1425 1775
1426 666
1427 360
1427 1917
1428 66
1428 1076
1428 1242
1428 1488
1429 397
1429 936
1429 1761
1429 1864
1429 1977
1430 25
1430 818
1430 1512
1430 1525
1430 1566
1430 1809
1430 1952
1431 402
1431 1409
1431 1536
1431 1671
1432 464
1432 1113
1432 1166
1432 1232
1432 1772
1432 1967
1433 200
1433 363
1433 1516
1434 145
1434 639
1434 806
1434 898
1434 947
1434 1334
1434 1666
1435 829
1435 1236
1435 1687
1436 541
1436 779
1437 572
1437 1030
1438 262
1438 442
1438 468
1438 625
1439 833
1439 1339
1440 147
1440 878
1440 937
1440 1021
1440 1596
1440 1851
1441 599
1441 953
1441 985
1441 1159
1441 1750
1442 410
1442 610
1442 1504
1443 303
1443 398
1443 1704
1443 1856
1444 207
1444 1098
1445 663
1445 665
1445 1362
1445 1835
1445 1978
1446 250
1446 1529
1447 1630
1448 1932
1448 1994
1449 212
1449 432
1449 661
1450 596
1450 897
1450 1166
1451 732
1451 1398
1452 11
1453 1536
1453 1624
1454 23
1454 44
1454 1247
1454 1488
1455 109
1455 380
1455 670
1455 1772
1456 26
1456 53
1456 1711
1456 1960
1457 392
1457 625
1457 1170
1457 1712
1458 654
1458 876
1458 885
1459 334
1459 477
1459 631
1459 776
1459 1740
1460 427
1461 38
1461 679
1461 1118
1461 1696
1462 131
1462 216
1462 1356
1463 181
1463 592
1463 1192
1463 1245
1463 1304
1463 1539
1463 1689
1463 1728
1463 1984
1464 499
1464 968
1464 1412
1464 1845
1464 2000
1465 150
1465 438
1465 767
1465 1648
1466 208
1466 635
1466 1173
1466 1420
1466 1801
1467 32
1467 1350
1468 269
1468 1087
1468 1282
1468 1376
1468 1389
1469 28
1469 720
1469 1217
1469 1748
1470 287
1470 331
1470 1207
1470 1434
1471 209
1471 342
1471 1357
1472 219
1472 725
1472 752
1472 977
1472 1075
1473 169
1473 281
1473 942
1473 1994
1474 99
1474 361
1474 553
1474 848
1474 1038
1475 1654
1476 665
1476 927
1476 961
1476 1414
1477 305
1477 660
1477 837
1477 845
1477 1257
1477 1582
1477 1724
1477 1903
1477 1927
1478 17
1478 1677
1479 1415
1479 1453
1479 1611
1480 1128
1480 1283
1480 1321
1482 442
1482 457
1483 876
1483 1372
1484 89
1484 704
1484 748
1484 752
1484 1332
1485 194
1485 223
1485 293
1485 419
1485 482
1485 535
1485 1105
1487 162
1487 309
1487 1949
1488 351
1488 1556
1488 1613
1488 1646
1489 1506
1489 1515
1489 1706
1490 551
1490 1467
1490 1820
1490 1824
1491 1211
1491 1894
1492 1
1492 47
1492 443
1492 898
1492 1055
1492 1498
1493 100
1493 449
1493 690
1493 923
1493 996
1493 1494
1494 551
1494 1187
1494 1682
1495 110
1495 314
1495 603
1495 1698
1495 1920
1496 167
1496 1037
1497 299
1497 700
1497 858
1497 1161
1498 107
1498 226
1498 234
1498 401
1498 494
1498 762
1498 875
1498 1675
1498 1863
1499 294
1499 701
1499 1021
1499 1316
1499 1571
1499 1886
1500 240
1500 1461
1501 348
1501 1171
1501 1693
1501 1794
1502 26
1502 347
1502 458
1502 1109
1502 1172
1502 1230
1503 1136
1503 1410
1504 822
1504 902
1504 1762
1505 380
1505 645
1505 680
1505 703
1505 898
1505 1127
1506 220
1506 284
1506 1000
1506 1315
1506 1918
1507 490
1507 1056
1507 1284
1507 1738
1507 1818
1508 601
1508 987
1508 1138
1508 1229
1508 1669
1509 416
1509 1702
1509 1847
1510 510
1510 1261
1510 1681
1510 1959
1510 1964
1511 1614
1511 1848
1512 12
1512 99
1512 114
1512 247
1512 385
1512 707
1512 1306
1513 144
1513 744
1513 857
1513 1753
1513 1761
1513 1883
1514 268
1514 442
1514 1306
1515 1364
1515 1398
1515 1555
1515 1780
1515 1970
1516 6
1516 418
1516 462
1516 810
1516 956
1516 1033
1516 1226
1516 1593
1516 1797
1517 393
1517 436
1517 1110
1517 1825
1517 1875
1518 408
1519 1493
1520 443
1520 1811
1520 1819
1520 1848
1520 1976
1521 177
1521 1442
1522 63
1522 138
1522 189
1522 1906
1523 200
1523 487
1523 509
1524 675
1524 874
1524 1039
1524 1326
1524 1666
1525 572
1525 741
1525 1212
1525 1451
1526 1038
1526 1281
1526 1977
1526 1981
1527 354
1527 634
1527 1491
1527 1911
1528 434
1528 565
1528 1454
1529 77
1529 169
1529 472
1529 879
1529 1533
1529 1563
1530 294
1530 1198
1530 1240
1530 1549
1531 324
1531 536
1531 1013
1531 1161
1531 1577
1532 221
1532 249
1532 368
1532 587
1532 931
1532 1254
1532 1336
1532 1436
1533 49
1533 272
1533 674
1533 1038
1533 1510
1534 510
1534 1282
1534 1460
1534 1708
1535 237
1535 349
1535 982
1535 1521
1535 1542
1536 421
1536 526
1536 555
1536 795
1536 1817
1537 131
1537 1965
1538 896
1538 1308
1538 1535
1538 2000
1539 157
1539 221
1539 639
1540 547
1540 623
1541 335
1541 643
1541 1023
1542 1583
1543 1095
1544 1027
1544 1070
1544 1403
1544 1591
1544 1940
1545 422
1545 1235
1545 1332
1545 1396
1546 84
1546 1251
1546 1420
1546 1582
1547 755
1547 824
1547 941
1548 63
1548 302
1548 843
1548 1035
1548 1751
1549 352
1549 438
1549 519
1549 594
1549 1011
1549 1439
1549 1934
1550 7
1550 8
1550 607
1550 1033
1550 1307
1551 105
1551 264
1551 1095
1551 1098
1551 1722
1552 278
1553 317
1553 364
1553 944
1553 1407
1553 1707
1554 125
1554 757
1554 1200
1554 1496
1554 1587
1554 1891
1555 418
1555 1147
1556 591
1556 1856
1557 140
1557 294
1557 1645
1558 87
1558 92
1558 815
1558 924
1558 1011
1558 1267
1559 695
1559 779
1559 1159
1559 1190
1559 1845
1559 1876
1560 1442
1560 1913
1561 371
1561 787
1561 1996
1562 431
1562 1646
1563 9
1563 143
1563 777
1563 1008
1563 1946
1564 169
1564 437
1564 1219
1564 1264
1565 1772
1565 1897
1566 462
1566 823
1566 1856
1567 723
1567 1045
1567 1048
1568 203
1569 57
1569 1697
1569 1954
1570 359
1570 1367
1570 1468
1570 1792
1570 1944
1571 161
1571 1298
1571 1892
1572 1039
1572 1548
1572 1690
1573 77
1573 444
1573 498
1573 577
1573 1813
1574 834
1574 1495
1574 1536
1575 930
1575 1391
1575 1572
1575 1677
1575 1888
1576 695
1576 1074
1577 276
1577 1415
1577 1454
1578 683
1578 698
1578 1797
1578 1913
1579 93
1579 821
1579 847
1579 1831
1579 1837
1579 1905
1580 253
1580 623
1580 1811
1581 89
1581 752
1581 765
1581 1148
1581 1364
1581 1523
1583 392
1583 544
1583 973
1583 1168
1583 1489
1584 175
1584 182
1584 185
1584 1042
1584 1232
1584 1248
1584 1377
1585 8
1585 1392
1585 1558
1585 1991
1586 520
1586 547
1586 1491
1586 1573
1586 1930
1587 589
1587 1053
1587 1362
1588 174
1588 389
1588 689
1588 784
1588 943
1588 1750
1588 1902
1589 204
1589 272
1589 372
1589 1180
1590 159
1590 409
1590 440
1590 1273
1590 1373
1591 100
1591 498
1591 645
1591 900
1591 1343
1591 1719
1591 1850
1592 476
1592 496
1592 576
1592 1073
1592 1982
1593 999
1593 1136
1593 1355
1593 1994
1594 16
1594 1061
1594 1284
1594 1289
1594 1511
1595 246
1595 369
1595 378
1595 652
1595 966
1595 1707
1595 1824
1596 108
1596 389
1596 455
1596 736
1596 740
1596 963
1596 1116
1597 596
1597 617
1597 810
1597 953
1597 1324
1597 1778
1598 648
1598 1103
1598 1335
1598 1751
1599 318
1599 388
1599 446
1599 598
1599 857
1599 996
1599 1117
1600 1360
1600 1371
1600 1756
1601 622
1601 1156
1602 797
1602 1026
1602 1284
1603 1273
1604 450
1604 728
1604 848
1604 1189
1605 306
1605 1392
1605 1450
1605 1865
1606 528
1607 592
1607 1270
1607 1322
1608 642
1608 1384
1609 1674
1609 1955
1609 1988
1610 476
1610 614
1610 1083
1610 1297
1610 1306
1611 1570
1611 1938
1612 74
1612 443
1612 526
1612 740
1612 1512
1612 1634
1612 1666
1613 134
1613 146
1613 1292
1613 1310
1613 1319
1613 1743
1613 1955
1614 186
1614 1199
1614 1485
1614 1800
1615 319
1615 944
1615 1759
1615 1857
1616 631
1616 975
1616 1307
1616 1621
1617 26
1617 377
1617 390
1617 417
1617 1085
1618 4
1618 339
1618 739
1618 876
1618 1055
1618 1629
1619 409
1620 168
1620 458
1620 1525
1620 1555
1620 1806
1621 1565
1621 1628
1621 1699
1622 531
1622 825
1622 982
1622 1895
1623 212
1623 247
1624 480
1624 572
1624 607
1624 873
1624 1684
1624 1877
1625 650
1625 1072
1625 1399
1625 1697
1626 466
1626 1244
1626 1552
1626 1698
1627 1845
1628 148
1628 681
1628 981
1628 1267
1629 213
1629 640
1629 994
1629 1475
1630 542
1630 796
1630 1532
1630 1965
1631 880
1631 915
1631 1951
1632 21
1632 349
1633 114
1633 173
1633 962
1633 1557
1633 1736
1634 1
1634 56
1634 742
1634 1679
1635 85
1636 1273
1637 272
1637 553
1637 1025
1637 1321
1638 823
1638 1062
1638 1508
1639 47
1639 1605
1640 231
1640 1497
1640 1661
1640 1946
1641 767
1641 1205
1641 1452
1642 470
1642 1282
1642 1397
1642 1535
1642 1913
1643 565
1643 922
1643 951
1643 1840
1643 1959
1644 243
1644 1247
1645 20
1645 121
1645 712
1645 1339
1645 1378
1646 1297
1646 1745
1647 272
1647 585
1648 46
1648 137
1648 195
1648 1035
1648 1190
1649 116
1649 586
1649 772
1649 848
1649 1222
1649 1622
1649 1626
1649 1653
1649 1744
1649 1761
1650 315
1650 388
1650 586
1650 685
1650 795
1650 830
1651 203
1651 368
1651 569
1651 663
1651 866
1651 1512
1652 190
1652 399
1652 572
1652 860
1652 1204
1652 1213
1652 1451
1653 251
1653 399
1654 421
1655 215
1656 504
1656 1414
1657 596
1657 942
1657 1720
1658 134
1658 254
1658 312
1658 690
1658 728
1658 750
1658 935
1658 984
1658 1068
1658 1351
1658 1804
1658 1821
1659 37
1659 224
1659 362
1659 1270
1659 1739
1660 1452
1660 1493
1660 1640
1660 1761
1660 1815
1661 517
1661 816
1661 938
1662 178
1663 298
1663 574
1663 915
1663 954
1663 1018
1663 1080
1664 107
1664 508
1664 1151
1664 1629
1664 1676
1665 1942
1666 513
1666 1135
1666 1415
1666 1571
1667 197
1667 763
1667 942
1667 1041
1667 1653
1668 1390
1669 235
1669 501
1669 540
1669 802
1669 1066
1669 1081
1669 1893
1670 118
1670 411
1670 729
1670 921
1670 933
1670 1326
1670 1476
1670 1604
1670 1996
1671 437
1671 1017
1671 1927
1672 1222
1672 1348
1672 1517
1672 1520
1672 1723
1673 181
1673 1121
1673 1136
1673 1228
1673 1506
1673 1624
1674 282
1674 590
1674 613
1674 762
1674 953
1674 1423
1674 1930
1674 2000
1675 1136
1675 1171
1675 1178
1675 1479
1676 55
1676 228
1676 1003
1676 1238
1676 1980
1677 219
1677 437
1677 1398
1677 1600
1677 1982
1678 540
1678 1086
1679 184
1679 200
1679 328
1679 335
1679 488
1679 784
1679 836
1679 1181
1680 207
1680 626
1680 877
1681 299
1681 833
1681 1445
1682 34
1682 253
1682 321
1682 335
1682 371
1682 402
1682 645
1682 1207
1682 1401
1682 1487
1682 1684
1683 321
1683 548
1683 571
1683 659
1683 665
1683 1766
1684 384
1684 1019
1684 1045
1684 1369
1684 1521
1685 9
1685 176
1685 353
1685 1866
1685 1962
1686 527
1686 1983
1687 65
1687 164
1687 821
1687 1041
1687 1072
1687 1200
1687 1720
1688 682
1688 862
1688 1960
1690 4
1690 1260
1691 271
1691 449
1691 805
1691 997
1692 8
1692 1224
1692 1273
1693 281
1693 905
1693 1189
1694 130
1694 866
1694 919
1695 566
1695 1309
1696 426
1696 869
1696 1191
1696 1248
1696 1471
1696 1564
1697 804
1698 597
1698 741
1698 1803
1699 24
1699 1743
1700 548
1700 782
1700 1000
1700 1489
1700 1715
1701 1223
1701 1857
1702 200
1702 249
1702 756
1702 1153
1702 1386
1702 1684
1703 115
1703 1251
1704 202
1704 212
1704 944
1704 1106
1705 577
1705 636
1705 1868
1706 598
1706 1811
1707 1465
1707 1670
1708 609
1708 826
1708 862
1708 1224
1709 12
1709 279
1709 401
1709 587
1709 883
1709 1582
1709 1927
1710 508
1710 872
1710 1155
1710 1378
1711 717
1711 1044
1711 1194
1711 1461
1711 1809
1712 837
1713 608
1713 1045
1713 1156
1713 1704
1713 1790
1714 175
1714 372
1714 876
1714 1365
1714 1378
1714 1534
1714 1615
1715 10
1715 1172
1715 1394
1715 1631
1715 1903
1716 32
1716 367
1716 516
1716 751
1717 201
1717 222
1717 1442
1717 1602
1718 452
1718 541
1718 1603
1719 19
1719 270
1719 472
1719 489
1719 860
1719 884
1719 1320
1719 1453
1719 1566
1719 1583
1719 1733
1719 1808
1720 112
1721 889
1721 902
1721 912
1721 1531
1721 1908
1722 53
1722 83
1722 485
1722 580
1722 1322
1722 1407
1722 1592
1722 1639
1722 1980
1722 1981
1723 11
1723 415
1723 1463
1723 1546
1723 1903
1724 458
1724 1510
1725 106
1725 238
1725 302
1725 1854
1725 1866
1726 89
1726 310
1726 1021
1726 1070
1726 1294
1727 486
1727 618
1727 1914
1727 1939
1728 1680
1729 144
1730 149
1730 171
1730 927
1732 314
1732 547
1732 919
1732 926
1732 1050
1732 1469
1733 447
1733 1415
1733 1553
1734 296
1734 645
1734 714
1734 1024
1734 1516
1734 1760
1735 790
1735 997
1735 1169
1736 208
1736 1109
1736 1879
1737 279
1737 309
1737 786
1737 1125
1737 1368
1737 1940
1738 212
1738 857
1738 1113
1738 1423
1739 1135
1739 1369
1739 1405
1739 1843
1740 125
1740 809
1740 946
1740 1109
1740 1113
1740 1452
1741 157
1741 414
1741 1016
1741 1346
1742 986
1742 1626
1742 1735
1742 1796
1743 148
1743 247
1743 409
1743 490
1743 905
1743 980
1743 1299
1744 462
1744 1805
1745 36
1745 493
1745 1000
1745 1410
1745 1463
1745 1812
1746 365
1746 432
1746 845
1747 918
1747 1973
1748 300
1748 602
1749 286
1749 1398
1750 23
1750 652
1750 1127
1750 1138
1750 1747
1750 1948
1752 722
1752 1071
1752 1160
1752 1251
1752 1318
1753 150
1753 255
1753 667
1753 1096
1753 1281
1753 1306
1753 1742
1754 1063
1754 1326
1754 1727
1755 191
1755 377
1755 703
1755 1567
1755 1586
1756 190
1756 389
1756 525
1756 693
1756 1431
1756 1534
1756 1803
1757 540
1757 704
1757 1507
1757 1620
1757 1662
1757 1857
1758 14
1758 423
1758 1101
1758 1355
1758 1680
1758 1685
1758 1705
1759 1
1759 36
1759 348
1759 793
1759 864
1759 951
1759 1014
1759 1340
1760 559
1761 214
1761 658
1761 775
1761 1339
1762 315
1762 537
1762 782
1762 797
1762 973
1762 1318
1762 1620
1763 602
1763 750
1763 1016
1763 1190
1764 827
1764 853
1764 1087
1764 1625
1764 1679
1766 628
1766 1738
1766 1986
1767 143
1767 1892
1768 1220
1768 1301
1769 70
1769 409
1769 1482
1770 65
1770 632
1771 489
1771 565
1771 928
1771 1167
1771 1272
1772 545
1772 1439
1772 1677
1772 1881
1772 1970
1773 385
1773 721
1773 1170
1773 1236
1773 1309
1773 1627
1774 194
1774 304
1774 655
1774 742
1774 888
1774 1858
1775 129
1775 975
1775 1149
1775 1442
1775 1948
1776 38
1776 875
1776 1545
1776 1557
1776 1891
1777 205
1777 978
1777 1332
1777 1546
1777 1759
1777 1842
1778 227
1778 424
1778 628
1778 1624
1778 1700
1779 34
1779 250
1779 833
1779 1023
1779 1457
1780 74
1780 374
1780 609
1780 1846
1781 757
1781 1306
1781 1455
1781 1612
1781 1761
1782 249
1782 834
1782 1306
1782 1745
1783 314
1783 470
1783 1323
1783 1727
1784 1367
1784 1609
1785 167
1785 226
1785 809
1786 421
1786 637
1786 733
1786 1129
1786 1624
1787 172
1787 672
1787 1026
1787 1647
1787 1726
1787 1844
1788 198
1788 669
1788 1060
1788 1333
1788 1471
1788 1928
1788 1938
1789 5
1789 284
1789 378
1789 613
1789 1142
1789 1497
1789 1672
1789 1908
1790 305
1790 365
1790 1887
1791 992
1791 999
1791 1594
1791 1959
1792 669
1792 1195
1792 1849
1793 897
1793 1054
1794 75
1794 213
1794 290
1794 370
1794 757
1794 1378
1795 1254
1796 940
1796 1204
1796 1272
1796 1553
1796 1632
1797 1073
1797 1243
1797 1307
1797 1785
1798 526
1798 809
1798 1385
1798 1503
1799 266
1799 271
1799 758
1799 884
1799 1034
1799 1096
1799 1410
1799 1621
1799 1892
1800 189
1800 215
1800 1868
1801 52
1801 185
1801 187
1801 431
1801 825
1802 134
1802 672
1802 1549
1802 1941
1802 1956
1803 159
1803 806
1804 326
1804 701
1804 917
1804 960
1804 1199
1804 1630
1805 199
1805 207
1805 1774
1806 1245
1806 1290
1806 1337
1806 1470
1806 1641
1807 894
1807 1038
1807 1039
1807 1568
1807 1594
1807 1737
1808 134
1808 945
1808 1332
1808 1623
1809 685
1809 955
1810 231
1810 419
1811 55
1811 117
1811 191
1811 1023
1811 1224
1812 397
1812 429
1812 719
1812 1043
1812 1308
1812 1556
1812 1720
1812 1863
1813 123
1813 737
1813 946
1813 1066
1813 1106
1813 1265
1813 1289
1813 1516
1813 1522
1814 688
1814 1164
1814 1225
1814 1352
1814 1629
1815 763
1815 1234
1815 1675
1816 776
1816 856
1816 861
1816 980
1816 1557
1816 1918
1817 541
1817 1391
1817 1790
1817 1921
1818 519
1818 1762
1818 1837
1819 435
1819 467
1819 1853
1820 1798
1821 1112
1821 1162
1821 1467
1821 1687
1821 1958
1822 185
1822 1833
1823 1300
1824 478
1824 1471
1824 1987
1825 170
1825 382
1825 420
1825 565
1825 652
1825 1274
1825 1817
1826 1105
1826 1678
1827 44
1827 383
1827 1506
1827 1856
1827 1858
1827 1949
1828 565
1828 842
1828 1320
1828 1554
1829 271
1829 1989
1830 241
1830 1666
1831 1595
1832 19
1832 1274
1832 1500
1832 1939
1833 252
1833 1803
1833 1876
1834 207
1834 521
1834 1190
1834 1503
1835 434
1835 437
1835 566
1835 1031
1835 1061
1836 1148
1836 1233
1836 1521
1836 1974
1837 284
1837 579
1837 1009
1837 1186
1837 1368
1837 1640
1837 1868
1838 1939
1839 643
1839 775
1840 464
1840 1094
1840 1252
1840 1531
1840 1816
1840 1945
1841 293
1841 959
1841 1515
1842 78
1842 580
1842 697
1842 743
1842 928
1842 1290
1842 1699
1842 1702
1842 1789
1842 1915
1843 543
1843 807
1843 1210
1843 1521
1844 321
1844 391
1844 1484
1844 1498
1845 376
1845 1277
1845 1655
1846 529
1846 730
1846 1987
1847 4
1847 269
1847 374
1847 1329
1847 1429
1847 1781
1848 142
1848 309
1848 1004
1848 1145
1848 1407
1849 59
1849 65
1849 658
1849 1008
1849 1257
1850 266
1850 417
1850 460
1850 1156
1850 1776
1851 972
1851 1537
1852 119
1852 321
1852 1551
1853 464
1853 1350
1853 1524
1853 1584
1853 1935
1854 466
1854 800
1855 142
1855 366
1855 493
1855 608
1855 823
1855 899
1855 1082
1855 1296
1855 1334
1855 1513
1855 1983
1856 723
1856 797
1856 1706
1857 309
1858 53
1858 707
1858 1191
1859 344
1859 469
1859 1914
1860 358
1860 878
1860 1449
1860 1568
1860 1930
1861 291
1861 1303
1861 1497
1862 273
1862 1021
1862 1689
1863 674
1863 908
1863 1227
1863 1777
1863 1960
1864 118
1864 167
1864 852
1864 1673
1865 202
1865 219
1865 722
1865 1327
1865 1841
1865 1872
1866 717
1866 1162
1866 1806
1867 81
1867 105
1867 654
1867 913
1867 1208
1867 1325
1867 1698
1867 1848
1868 234
1868 840
1869 247
1869 611
1869 721
1869 1474
1869 1573
1869 1734
1870 464
1870 492
1870 1827
1871 304
1871 558
1871 604
1871 1801
1872 539
1872 799
1872 1079
1874 444
1874 600
1874 818
1874 1912
1876 502
1876 665
1876 995
1876 1301
1877 404
1877 1520
1879 472
1879 777
1879 987
1879 1059
1879 1751
1880 377
1880 473
1880 1088
1881 129
1881 420
1881 446
1881 806
1881 1348
1881 1767
1882 105
1882 907
1882 1661
1883 880
1883 911
1883 1216
1883 1668
1883 1808
1883 1986
1884 535
1884 1349
1884 1508
1884 1541
1884 1567
1884 1719
1884 1908
1885 577
1885 597
1885 839
1885 1099
1885 1368
1886 380
1886 897
1886 1440
1886 1445
1886 1523
1886 1838
1886 1915
1886 1932
1887 152
1887 466
1887 643
1887 1517
1887 1837
1888 149
1888 197
1888 531
1888 717
1888 1397
1888 1443
1889 998
1889 1023
1889 1554
1890 826
1890 1068
1890 1429
1890 1536
1890 1886
1891 784
1891 1237
1891 1436
1891 1852
1891 1903
1892 311
1892 529
1892 740
1892 1155
1893 917
1893 1251
1893 1423
1893 1446
1894 908
1895 267
1895 406
1895 546
1895 898
1896 1205
1897 1356
1898 132
1898 362
1898 868
1900 861
1900 971
1900 1635
1900 1965
1901 303
1901 328
1901 424
1901 518
1901 611
1901 1891
1902 1121
1902 1607
1903 1100
1903 1593
1904 787
1904 1157
1904 1533
1904 1821
1904 1924
1905 1529
1905 1765
1906 522
1906 1001
1907 1546
1908 48
1908 697
1908 1962
1909 127
1909 300
1909 895
1909 1340
1909 1443
1909 1736
1910 524
1910 773
1910 1676
1910 1747
1911 503
1912 35
1913 240
1913 326
1913 1277
1913 1916
1914 286
1914 369
1914 1078
1915 242
1915 1279
1915 1410
1916 117
1916 201
1916 325
1916 1429
1916 1844
1917 444
1917 513
1917 639
1917 1723
1918 905
1918 1362
1918 1787
1919 32
1919 470
1919 570
1919 1698
1919 1720
1919 1945
1920 666
1921 238
1921 541
1921 696
1921 1123
1921 1264
1922 125
1922 693
1922 1218
1922 1905
1922 1953
1923 574
1923 903
1923 1481
1924 1279
1924 1584
1925 794
1925 1294
1926 31
1926 831
1926 977
1926 1345
1927 313
1927 1481
1927 1922
1928 88
1928 631
1929 375
1929 449
1929 1221
1929 1995
1930 1087
1930 1355
1930 1609
1931 968
1931 992
1932 227
1932 498
1932 852
1932 1122
1933 337
1934 875
1934 888
1934 1091
1934 1106
1934 1127
1934 1159
1934 1341
1935 105
1935 108
1935 501
1935 524
1935 1631
1935 1982
1936 437
1936 660
1936 1296
1937 758
1937 1506
1937 1537
1937 1614
1938 869
1938 1906
1939 818
1939 1128
1939 1564
1939 1917
1940 85
1940 283
1940 317
1940 1129
1940 1541
1940 1698
1940 1706
1940 1853
1941 214
1941 351
1941 449
1941 841
1941 936
1941 1244
1941 1277
1941 1601
1941 1808
1942 56
1942 1099
1942 1482
1942 1718
1943 456
1943 1154
1943 1924
1944 946
1944 1052
1944 1338
1944 1687
1944 1781
1945 237
1945 1297
1945 1366
1945 1460
1946 307
1946 918
1947 407
1947 577
1947 607
1947 1376
1947 1921
1948 205
1948 1201
1949 412
1949 1262
1949 1541
1949 1542
1949 1673
1949 1819
1950 203
1950 534
1950 959
1950 1110
1950 1112
1950 1160
1951 1232
1951 1456
1951 1584
1951 1634
1951 1711
1951 1820
1952 65
1952 535
1952 572
1952 1087
1952 1331
1952 1382
1952 1857
1953 506
1953 1053
1953 1412
1954 516
1954 680
1954 1319
1955 409
1955 495
1955 676
1955 903
1955 1248
1955 1286
1955 1503
1955 2000
1956 98
1956 201
1956 320
1956 610
1956 1369
1956 1380
1956 1440
1956 1703
1956 1948
1957 101
1957 404
1957 883
1957 1743
1958 392
1958 1441
1958 1601
1959 234
1959 672
1959 956
1959 959
1959 1593
1960 50
1960 153
1960 646
1960 900
1960 967
1960 1113
1960 1702
1961 739
1961 756
1961 1120
1961 1589
1962 84
1962 374
1963 134
1963 888
1963 1238
1963 1297
1963 1535
1963 1547
1964 800
1964 820
1964 1077
1964 1476
1964 1539
1964 1880
1965 112
1965 260
1965 457
1965 1306
1966 113
1966 2000
1967 496
1968 289
1968 937
1968 1773
1969 545
1969 929
1969 1700
1969 1884
1969 1914
1970 4
1970 660
1970 758
1970 957
1970 961
1970 1011
1970 1393
1970 1517
1971 142
1971 1292
1971 1506
1971 1740
1972 1106
1972 1599
1973 308
1973 1325
1973 1656
1975 24
1975 320
1975 1452
1975 1601
1976 591
1976 1053
1977 265
1977 358
1977 499
1977 546
1977 1042
1977 1048
1977 1170
1978 479
1978 1829
1979 235
1979 414
1979 1454
1980 1076
1980 1165
1980 1277
1981 712
1981 1111
1981 1388
1981 1826
1982 530
1982 1036
1982 1726
1983 973
1984 73
1984 771
1984 1324
1984 1564
1985 378
1985 1695
1986 165
1986 306
1986 427
1986 449
1986 783
1986 845
1986 1443
1987 383
1987 636
1987 1208
1987 1314
1988 1163
1989 24
1989 527
1989 1236
1989 1374
1989 1712
1990 508
1990 901
1990 1250
1991 207
1991 1278
1991 1438
1991 1604
1991 1797
1992 716
1992 792
1992 800
1992 1001
1992 1714
1992 1931
1993 52
1993 143
1993 447
1993 1114
1993 1607
1994 214
1994 301
1994 1356
1994 1446
1994 1605
1995 346
1995 1222
1995 1326
1995 1695
1996 1248
1996 1957
1997 421
1997 589
1997 1424
1997 1490
1997 1906
1998 353
1998 960
1998 1473
1998 1668
1999 213
1999 534
1999 1597
2000 424
2000 455
2000 800
2000 1455
2000 1920
