2000
5993
1 436
1 886
1 958
1 1333
1 1499
1 1678
1 1885
1 1938
2 140
2 396
3 141
3 973
3 1935
4 1436
4 1611
5 350
5 681
5 1756
6 98
6 511
6 724
6 1368
6 1728
7 77
7 389
7 1081
7 1635
8 800
8 1768
8 1993
9 288
9 1936
10 132
10 1108
10 1781
10 1950
11 107
11 863
11 1113
12 125
12 195
12 507
13 979
13 1077
14 872
14 1134
14 1963
15 539
15 698
16 608
16 739
16 1540
17 136
17 859
18 48
18 935
18 1448
18 1895
19 296
19 1289
19 1314
19 1444
20 715
20 823
20 1165
20 1669
21 1025
21 1055
22 1674
24 1787
25 365
25 740
26 828
26 1112
26 1322
27 1567
29 68
29 679
29 739
29 1376
29 1391
30 654
30 741
30 1275
30 1601
31 559
31 845
31 1001
31 1257
31 1352
32 833
32 1617
33 167
33 1124
33 1132
34 350
34 884
35 1890
36 37
36 616
36 651
36 934
37 764
37 876
38 399
38 1457
38 1489
39 329
40 265
40 862
41 92
41 691
41 730
41 1490
42 301
42 1043
42 1286
42 1600
43 297
44 115
44 855
44 874
44 1799
45 221
45 840
45 1101
45 1213
45 1414
45 1829
46 542
46 672
47 180
47 685
47 832
48 657
48 1396
48 1946
49 1185
50 201
50 588
50 1382
51 1297
52 34
52 510
52 585
52 603
52 1649
54 790
54 1282
54 1856
55 307
55 469
55 1034
55 1089
55 1228
55 1766
55 1960
57 144
57 183
57 1295
58 249
58 423
58 1285
58 1920
59 574
59 1081
60 984
60 1086
60 1496
61 152
61 280
61 592
61 633
61 896
61 1282
61 1727
62 1234
62 1927
63 857
64 771
64 1911
65 1241
65 1357
65 1436
65 1570
66 489
67 181
67 538
67 543
67 795
67 994
68 34
68 665
68 1148
68 1497
69 1226
69 1421
70 355
70 612
70 1365
70 1436
70 1606
70 1647
70 1658
71 226
72 262
72 523
72 794
72 1236
72 1789
73 351
73 1019
73 1688
74 57
74 289
74 1371
74 1382
74 1612
75 751
75 856
76 9
76 54
76 1163
76 1511
76 1851
77 149
77 152
77 878
77 912
78 214
78 1756
79 1987
80 1066
80 1955
80 1973
81 5
81 814
81 1138
81 1189
81 1473
81 1655
83 543
83 622
83 1185
84 214
84 312
84 1734
85 706
85 1104
85 1162
86 575
86 1059
87 301
87 878
87 1223
87 1911
88 851
88 1085
89 11
89 1682
90 82
91 19
91 1600
92 82
92 1280
93 600
93 939
94 1392
94 1455
94 1537
95 14
95 227
95 867
95 1470
96 28
96 966
96 1064
96 1269
96 1385
96 1651
96 1882
97 270
97 602
97 1692
98 815
98 1001
98 1640
98 1990
99 620
99 751
99 792
101 364
101 1768
101 1795
102 109
102 181
103 897
104 571
104 837
104 893
105 312
105 1738
106 149
106 1166
106 1649
106 1742
107 1213
108 492
108 1581
108 1972
109 796
109 1007
110 6
110 1978
111 53
111 426
111 1049
112 535
112 1089
113 327
114 335
114 847
114 978
114 1491
114 1827
115 1339
115 1511
115 1520
116 1795
117 1274
117 1664
117 1723
118 327
118 448
118 1376
119 1385
119 1848
120 530
120 926
121 1646
121 1781
123 447
123 634
123 819
123 1383
124 165
124 1803
124 1858
125 275
125 927
125 1686
125 1809
126 1148
127 693
127 1430
128 194
128 742
128 1274
128 1422
129 370
129 1163
129 1360
129 1852
133 386
134 172
134 387
134 442
135 114
135 713
135 951
135 1092
135 1466
135 1580
136 1126
136 1567
137 1069
137 1902
138 100
138 408
138 541
139 1495
139 1596
140 259
140 1123
140 1664
141 1152
141 1827
142 208
142 656
142 1595
142 1930
143 63
143 103
143 159
143 1180
143 1244
143 1709
144 172
144 601
144 1607
145 359
145 1149
145 1566
146 130
146 201
146 315
146 909
146 1201
147 524
147 1445
147 1753
148 6
148 477
148 1507
148 1741
149 502
149 598
149 1134
149 1300
150 295
150 1450
150 1670
150 1926
151 1726
152 61
153 1617
153 1834
154 622
154 721
154 881
154 1175
154 1696
155 1277
155 1706
155 1934
156 222
156 1708
156 1996
157 53
157 56
157 181
157 1311
157 1709
157 1867
158 135
158 343
158 537
158 1643
159 1771
160 63
160 423
160 541
160 771
161 1036
162 573
162 1179
162 1540
163 1306
163 1362
163 1674
164 1161
165 231
165 522
165 742
165 789
165 941
165 1726
165 1772
166 118
166 1649
167 523
167 544
167 655
167 1635
168 304
168 677
168 1125
170 19
170 207
171 448
172 742
173 520
173 1046
174 545
174 1327
175 826
175 962
175 1002
175 1853
175 1952
175 1967
176 155
176 1143
176 1936
176 1947
176 1971
177 308
177 516
177 671
177 1366
178 1349
178 1462
179 306
179 583
180 13
180 620
180 1410
180 1541
181 909
181 1079
181 1316
181 1549
182 214
182 1372
183 134
183 436
183 1909
184 130
184 275
184 1205
184 1376
184 1695
184 1855
184 1913
185 545
185 1192
186 334
186 1133
186 1889
187 19
187 761
187 941
187 1843
188 434
189 117
189 387
189 1955
190 59
190 232
190 942
191 170
191 465
191 861
191 1008
191 1257
191 1810
192 733
192 743
192 932
192 980
192 1027
192 1048
192 1160
192 1510
193 66
193 232
194 225
194 268
194 980
194 1105
194 1393
194 1931
195 1007
195 1200
196 1028
196 1451
197 1001
198 592
198 1585
199 1708
200 150
201 649
201 809
201 1003
201 1536
201 1752
201 1814
202 26
202 40
202 1559
202 1939
203 535
203 930
203 1620
204 705
204 834
204 882
204 936
205 1584
205 1652
206 918
206 1711
207 583
207 1317
207 1726
208 388
208 467
208 1823
209 20
209 1378
209 1919
210 1336
211 500
212 686
213 28
213 398
213 764
213 1433
213 1894
214 1935
215 260
215 500
215 1945
216 307
216 1113
216 1392
217 7
217 1265
217 1835
217 1996
218 156
218 951
218 1425
218 1479
219 322
219 541
220 20
221 720
221 1308
221 1684
222 1125
222 1675
223 40
223 828
224 1202
224 1427
224 1619
225 622
225 1138
226 317
227 256
227 454
227 494
227 843
227 1860
228 734
228 1296
228 1306
228 1812
229 100
229 1782
230 378
230 1945
232 120
232 713
232 1699
233 1941
234 1036
234 1294
234 1345
234 1636
235 403
237 534
237 780
237 1099
238 844
238 1071
238 1968
239 14
239 176
239 600
239 1282
239 1527
240 95
240 1093
240 1238
240 1263
240 1938
240 1942
241 32
241 859
241 1473
241 1478
241 1819
241 1995
242 170
243 521
243 1477
243 1698
243 1727
243 1743
243 1834
244 1366
244 1637
245 143
245 402
245 683
245 790
245 1146
245 1250
246 282
246 817
247 1134
247 1646
248 210
248 689
249 331
249 609
249 1699
250 1897
251 538
251 602
251 1271
251 1384
251 1416
251 1946
252 307
252 577
252 659
253 490
253 618
253 1346
254 1445
254 1777
254 1803
255 724
255 779
255 1019
255 1465
256 147
256 1320
257 639
257 729
257 1870
258 18
258 1180
258 1313
258 1503
259 476
259 762
260 61
260 391
260 1851
261 270
261 777
261 1299
262 602
262 923
262 1828
263 192
263 1237
263 1829
264 701
265 105
265 482
265 704
265 1757
265 1992
266 892
266 966
266 1277
266 1741
267 1078
267 1869
268 555
268 686
268 692
268 949
268 1270
268 1656
268 1691
269 33
269 374
269 1262
269 1985
270 39
270 222
270 406
270 876
271 7
271 329
271 650
271 1153
271 1702
272 180
272 490
274 411
274 1171
274 1825
275 70
275 323
275 684
275 1508
277 1713
278 272
278 757
278 1438
278 1587
279 263
279 393
279 543
279 756
279 855
279 1143
279 1705
280 2
280 125
280 451
280 1237
280 1418
281 41
281 410
281 1155
281 1530
282 176
282 553
282 977
283 361
283 457
283 862
283 872
283 1678
284 1102
284 1163
284 1515
285 44
285 536
285 1722
285 1852
286 442
286 450
286 959
286 1815
287 1219
288 41
288 1753
288 1815
289 510
289 1379
290 226
290 1477
291 481
291 1078
291 1121
291 1201
291 1960
292 802
292 916
292 1163
292 1223
292 1582
293 128
293 1883
294 329
296 496
296 842
296 1276
296 1307
297 485
297 1128
298 246
298 966
298 1782
299 534
299 833
299 1820
300 726
300 1901
301 828
301 888
301 1141
301 1560
302 388
302 1224
303 1643
304 258
304 1426
304 1875
305 551
305 1139
305 1558
306 126
306 502
306 1685
307 14
307 121
307 327
307 436
307 494
307 738
308 292
308 674
308 1900
309 409
309 1368
309 1534
309 1723
309 1767
310 818
310 967
310 1140
311 446
311 892
312 575
312 1999
313 264
313 1118
313 1292
313 1753
313 1916
314 299
314 766
314 1161
314 1491
315 316
316 460
316 710
316 922
316 1654
317 1046
318 50
318 142
318 275
318 304
318 1856
319 1699
320 724
320 1083
320 1854
321 855
321 990
321 1507
322 229
322 449
322 1049
322 1824
323 282
323 761
323 1087
323 1274
324 75
324 232
324 743
325 964
325 1398
325 1657
325 1875
327 1408
330 504
330 890
330 1342
330 1955
331 26
331 106
332 473
332 1922
333 130
333 978
333 1242
334 338
334 1919
335 249
335 258
335 344
335 400
335 435
335 1190
335 1395
336 7
336 321
336 1226
336 1613
337 1411
337 1471
338 453
338 692
339 1216
340 522
340 968
341 170
341 1162
341 1468
341 1497
342 221
342 408
343 213
343 747
343 913
344 320
344 577
344 649
344 994
344 1163
345 318
345 1219
345 1302
346 1591
347 572
347 986
347 1005
347 1069
347 1171
347 1573
348 108
348 852
349 93
349 95
349 655
349 763
349 973
350 129
351 381
351 468
351 604
351 796
351 1402
351 1490
351 1935
351 1987
352 747
352 1703
353 321
353 1810
355 1138
356 159
356 507
356 1029
356 1208
356 1725
357 28
357 211
357 599
357 1401
358 681
358 1559
358 1994
359 308
359 412
359 531
359 1322
360 129
360 448
360 1288
361 153
361 289
362 251
362 1519
362 1822
363 1171
363 1649
364 1390
364 1855
365 927
366 522
366 744
366 799
366 1692
367 1912
368 37
368 143
368 177
368 382
368 735
369 421
369 763
370 109
370 556
370 794
371 391
371 552
371 1139
371 1374
372 988
373 20
373 143
373 535
373 546
373 1132
373 1430
373 1463
374 1570
375 318
375 526
375 610
376 1453
377 320
377 528
377 844
377 868
377 942
378 284
378 975
379 297
379 601
380 1037
380 1894
381 1534
381 1630
381 1984
382 642
382 1058
382 1156
382 1874
382 1937
383 25
383 653
383 824
383 839
384 1434
385 732
385 765
385 958
385 1550
385 1732
386 651
386 1456
386 1664
387 619
387 743
388 560
388 1931
390 420
390 707
390 889
390 951
390 1533
390 1808
391 631
391 982
391 1229
391 1564
391 1593
391 1866
392 307
392 374
392 395
392 1148
392 1231
392 1260
393 531
394 783
394 1058
394 1195
394 1534
394 1562
394 1780
394 1812
395 765
395 1460
395 1496
397 8
397 198
397 694
397 696
397 777
398 64
398 638
398 1476
398 1579
399 861
399 1017
399 1397
399 1645
399 1919
400 1552
401 1955
402 671
402 894
402 1285
402 1695
402 1724
402 1957
403 924
403 1094
403 1769
404 777
404 1438
404 1874
404 1905
405 329
405 1008
405 1585
406 461
406 493
406 585
407 586
407 591
407 1230
409 189
409 306
409 923
409 1894
410 571
410 644
410 1327
410 1714
410 1887
411 507
411 1084
411 1970
412 1688
413 692
413 1522
413 1555
413 1585
414 420
414 1214
414 1365
414 1994
415 585
415 1031
416 909
416 963
417 316
417 1072
417 1492
417 1659
418 1141
419 82
419 700
419 1573
420 269
420 328
420 366
420 441
420 940
420 1105
420 1292
420 1415
420 1472
420 1497
421 1707
422 21
422 61
422 252
422 997
422 1210
422 1448
423 535
423 896
423 1206
423 1225
423 1725
423 1917
424 296
424 783
424 1077
424 1482
425 371
425 1944
425 1969
426 1264
426 1681
427 281
428 169
428 761
428 839
428 1407
428 1846
429 510
429 512
429 643
429 746
429 1837
431 44
431 1636
431 1667
432 356
432 876
432 1379
432 1441
432 1743
433 399
433 684
433 997
433 1035
433 1057
434 77
434 676
434 1448
434 1985
435 148
435 386
435 1195
436 272
436 1278
437 1797
438 354
438 529
438 847
438 972
439 746
440 858
440 953
440 1109
440 1467
440 1716
441 1862
442 479
442 605
442 1037
442 1830
442 1989
443 1267
444 37
444 411
444 562
444 1459
445 476
445 851
445 883
445 1658
446 1306
446 1325
446 1345
447 449
447 1070
447 1355
447 1555
447 1749
448 1029
448 1529
449 264
449 692
449 777
449 797
449 1219
450 339
451 516
451 793
451 889
451 938
451 1800
452 486
453 1220
453 1606
454 373
454 374
454 403
454 1581
455 232
455 250
455 1032
456 1494
457 249
458 307
458 1052
458 1164
459 4
459 1001
459 1222
460 821
460 1031
460 1138
461 1596
461 1856
462 188
462 226
462 1628
463 1567
463 1760
463 1868
465 358
467 288
467 744
467 1494
468 614
469 721
469 1090
469 1354
470 1844
471 522
471 1279
471 1599
471 1826
471 1955
472 741
472 1255
473 118
473 302
473 324
473 612
473 825
474 263
474 1079
474 1314
474 1710
476 630
477 1424
478 393
478 547
478 570
478 1314
478 1376
478 1844
479 334
479 1317
480 1339
480 1455
481 893
481 995
481 1364
481 1671
482 1677
482 1951
483 1904
483 1926
484 149
484 537
484 1243
485 576
485 1144
486 122
486 363
486 567
486 973
486 1176
486 1603
486 1808
487 119
487 841
487 1496
487 1699
488 297
488 990
488 1285
488 1571
488 1649
489 132
489 527
490 229
490 454
490 871
490 1720
491 794
492 420
492 1302
493 412
493 462
493 998
493 1934
494 471
494 1183
494 1713
495 295
495 698
496 639
496 726
497 10
497 313
497 375
497 709
497 719
497 1141
497 1664
497 1746
498 1810
499 843
501 498
501 1149
501 1574
501 1629
502 871
502 1626
502 1948
503 224
503 1239
504 381
504 1307
504 1662
505 25
505 276
505 297
507 538
507 540
507 558
508 1714
509 1060
509 1454
510 686
511 126
511 1042
511 1442
512 43
513 283
513 332
513 1867
514 557
514 1172
515 723
515 821
515 878
515 1337
515 1434
515 1780
515 1903
516 396
516 721
516 1048
516 1067
516 1229
516 1262
516 1691
516 1858
516 1924
517 408
517 1034
517 1609
518 288
518 1254
518 1790
518 1889
519 317
519 424
519 1392
519 1785
520 1060
520 1159
520 1376
521 1348
522 187
522 219
522 1238
522 1501
523 28
523 834
523 986
523 1421
523 1456
524 305
524 721
524 1768
525 44
525 1251
526 64
526 590
526 767
526 1880
526 1895
527 478
527 1141
528 648
528 1327
528 1562
528 1571
528 1955
529 12
530 924
530 1090
530 1205
530 1969
531 514
531 960
531 963
531 1791
532 451
532 1036
532 1056
532 1272
532 1513
533 652
533 1671
533 1894
533 1938
534 217
534 344
534 1929
535 716
535 1044
535 1389
535 1411
535 1781
536 565
537 110
537 259
537 443
537 617
537 1629
537 1958
537 1965
538 562
538 842
538 1818
538 1993
539 1457
540 1118
540 1173
541 333
541 1134
541 1447
541 1714
542 369
543 759
543 1442
544 748
544 1191
544 1556
545 484
545 1152
545 1607
546 1655
546 1720
547 615
548 970
548 1087
548 1110
548 1802
549 309
549 613
550 62
550 1166
550 1498
550 1649
551 195
551 1750
551 1809
552 1059
553 1722
553 1744
553 1786
554 262
555 201
555 267
555 325
555 920
555 1329
555 1353
555 1724
555 1838
556 1122
557 955
557 1860
558 217
558 219
558 386
558 503
558 702
558 1807
559 230
559 585
559 833
559 861
559 1179
559 1779
560 1431
560 1632
560 1942
561 65
561 285
561 420
562 871
562 1762
563 1044
564 130
564 1202
564 1638
564 1840
565 804
565 1504
566 71
566 904
566 1065
566 1419
566 1765
567 298
568 800
568 1298
569 130
569 216
569 693
569 1189
569 1825
570 669
570 894
570 919
570 1612
571 295
571 515
571 826
571 1726
572 215
572 1096
572 1407
573 132
573 1088
573 1769
574 77
574 225
574 496
574 513
574 1617
574 1653
574 1660
575 529
575 530
575 857
575 976
575 1261
576 124
576 217
576 1607
576 1934
577 414
577 701
577 1242
577 1801
578 571
578 671
578 1035
579 573
579 787
579 842
579 1071
580 135
580 352
580 987
580 1392
580 1937
581 145
581 1296
581 1842
582 676
582 1306
582 1749
583 214
583 268
583 570
583 1281
584 215
585 949
585 1075
585 1936
586 437
586 583
586 1777
587 1636
588 230
588 1616
588 1643
589 119
589 405
589 1316
590 750
590 973
590 1910
591 1612
592 397
592 1590
593 603
594 97
594 103
594 158
594 401
594 582
594 807
595 312
595 759
595 837
596 354
596 1119
596 1154
596 1228
597 463
597 1038
597 1258
597 1396
598 1103
599 861
599 1238
599 1984
600 684
600 736
601 354
601 1701
602 528
602 881
602 1429
603 336
603 600
603 724
603 743
603 1220
604 127
604 354
604 935
604 1203
605 1480
605 1548
606 916
606 1353
606 1502
608 171
608 483
608 1387
608 1698
608 1855
609 1590
610 235
611 1950
612 917
612 1577
613 259
613 588
614 419
614 464
614 1054
614 1181
614 1396
615 187
615 200
615 1817
616 82
617 312
617 415
617 858
618 119
618 596
618 750
618 1065
618 1179
618 1237
618 1634
618 1735
618 1848
619 218
619 961
619 1513
621 1120
621 1465
621 1888
622 68
622 717
622 866
623 133
623 814
624 282
624 983
624 1572
625 825
625 870
625 1209
625 1831
626 679
626 1013
626 1096
626 1854
627 679
627 830
627 1607
627 1627
628 1987
629 837
629 1068
629 1130
630 1769
631 345
631 592
631 1157
631 1277
632 717
632 858
632 1639
633 126
634 1883
635 485
635 495
635 699
635 1197
635 1407
635 1847
635 1994
636 693
636 1318
637 111
637 1282
637 1718
637 1960
638 140
638 1800
640 918
640 1689
641 1659
641 1991
642 2
642 936
642 1471
642 1800
642 1875
643 493
644 978
644 983
644 1898
645 453
645 496
645 617
645 1350
646 475
646 550
646 913
646 1146
646 1389
647 1333
647 1371
648 278
648 375
648 882
648 898
648 1858
649 727
649 1629
649 1677
650 51
651 314
651 754
651 797
652 253
652 1784
653 1712
653 1815
654 1252
654 1752
655 574
655 605
655 876
655 1060
655 1093
655 1251
655 1292
655 1362
655 1810
656 513
656 1420
657 428
657 693
657 1182
657 1779
657 1931
658 959
658 1022
658 1148
658 1211
658 1461
659 339
659 726
659 916
659 1172
659 1261
660 506
660 844
660 913
661 1447
661 1741
662 859
663 814
664 211
664 249
664 392
664 1354
664 1550
666 923
667 135
667 414
667 1231
667 1627
667 1769
668 198
668 874
668 1428
668 1878
668 1991
669 297
669 650
669 973
669 1589
669 1713
669 1976
670 325
670 608
670 1011
670 1088
671 86
671 737
671 865
672 45
672 196
672 1109
673 364
673 917
673 1073
674 1514
675 24
675 29
675 443
675 456
675 869
675 888
676 1451
676 1821
677 160
677 767
677 1098
677 1711
677 1924
678 209
678 222
678 254
678 1787
679 1265
680 398
680 857
680 1014
680 1404
680 1579
681 381
681 662
681 1346
681 1720
682 1834
682 1956
682 1978
683 185
683 256
683 1458
684 61
684 124
684 584
684 694
684 802
685 406
687 53
687 1366
687 1889
688 84
688 216
688 1569
689 272
689 348
689 695
689 1339
689 1645
689 1723
689 1731
689 1993
690 475
690 1721
691 515
691 1084
691 1863
692 210
692 734
693 127
694 231
694 1489
694 1990
695 1151
696 47
696 73
696 240
696 296
696 387
696 1114
697 632
697 770
697 1512
698 42
698 437
699 1299
699 1591
699 1685
700 22
700 111
700 195
700 1551
701 258
701 1324
701 1416
702 463
702 1561
703 142
703 894
703 1129
703 1660
704 1950
705 694
706 848
707 616
707 1457
707 1805
708 244
708 260
708 412
708 531
708 1643
709 397
709 1345
709 1573
709 1703
709 1940
710 527
711 422
711 835
712 36
713 1641
713 1642
714 240
714 878
714 1055
714 1079
714 1102
714 1259
714 1526
714 1529
714 1651
715 65
715 342
715 632
715 934
715 985
715 1285
715 1822
716 92
716 511
716 676
716 1419
718 41
718 939
718 977
718 1197
719 33
719 1745
720 517
720 1906
721 34
721 201
721 404
721 1225
721 1827
722 1872
723 592
723 1429
724 29
724 266
724 298
724 1968
725 106
725 241
725 598
725 1044
725 1325
726 216
726 566
726 1753
727 1192
727 1418
727 1621
728 192
728 298
728 559
728 670
728 796
728 843
728 1226
728 1741
729 755
729 1548
730 411
730 1387
731 276
731 1121
731 1652
731 1858
732 717
732 1000
732 1770
733 83
733 804
733 1315
733 1361
734 44
734 653
735 82
735 563
736 784
737 1132
737 1656
738 116
738 194
738 335
739 267
740 638
740 1098
741 623
741 636
741 1431
741 1556
742 916
742 1092
742 1102
742 1504
742 1622
743 240
743 963
743 1350
743 1974
744 366
744 391
744 889
746 133
746 165
746 1909
746 1928
747 275
747 802
747 1175
747 1377
748 550
748 809
748 1314
749 307
749 851
749 1131
749 1941
750 300
750 1184
750 1449
750 1836
752 1579
752 1680
753 815
753 1209
754 429
754 633
754 1600
755 508
755 1035
756 537
756 673
756 1183
756 1811
757 733
757 760
757 920
758 531
759 138
759 477
759 973
760 119
760 1597
760 1866
761 132
761 734
761 841
761 866
761 1121
761 1749
761 1941
762 716
762 740
762 841
762 1049
762 1148
762 1393
762 1739
762 1826
763 49
763 979
763 1751
764 611
764 1179
764 1325
764 1462
764 1879
765 291
765 1996
766 399
766 668
766 945
766 1351
766 1653
767 1497
768 962
768 1122
768 1966
769 638
769 717
769 1027
769 1403
769 1561
770 204
770 500
770 1968
770 1988
771 323
771 1195
772 51
772 329
774 266
774 1134
775 831
775 1425
775 1730
776 107
776 195
776 840
776 896
776 1572
776 1731
777 559
777 818
777 961
777 1479
778 881
778 1357
778 1853
779 545
779 1047
779 1816
779 1940
780 127
780 366
780 728
780 1906
781 22
781 105
781 211
782 97
782 367
782 711
782 948
783 100
783 163
783 233
783 281
783 910
783 1795
784 1166
785 80
786 469
786 558
786 567
786 1780
787 242
787 1729
788 25
789 61
789 299
789 367
789 680
789 1705
789 1735
790 163
790 423
790 547
790 1003
791 210
792 168
792 1807
792 1968
793 1097
793 1333
793 1974
794 552
794 731
795 305
795 507
796 12
796 424
796 433
796 1862
797 242
797 1723
798 357
798 460
798 1912
799 62
799 441
799 692
799 1240
799 1473
799 1740
799 1977
800 408
800 480
800 667
800 1011
800 1396
801 913
801 1289
801 1874
802 1068
802 1198
802 1880
803 384
804 4
804 585
804 921
804 1546
804 1874
805 272
805 326
805 1830
807 1805
808 1144
808 1832
809 761
810 504
810 1191
810 1650
812 183
812 988
813 795
813 1005
813 1498
813 1856
814 73
814 994
814 1953
815 67
815 400
816 248
816 901
816 1097
816 1625
817 689
817 1332
818 61
818 869
818 1190
818 1707
819 830
819 1003
819 1178
819 1536
819 1646
820 72
820 259
820 868
821 1431
821 1658
821 1936
822 598
823 191
823 665
823 837
823 1054
825 9
825 1471
826 59
826 664
826 720
827 1395
827 1502
827 1532
827 1900
828 285
828 956
829 98
829 319
829 704
829 727
829 749
829 859
829 1219
829 1815
830 5
830 787
830 1093
831 295
831 494
832 851
832 1005
832 1098
832 1288
833 607
833 733
833 838
833 1789
834 1933
836 241
836 1658
836 1845
837 764
838 963
838 1630
838 1956
838 1980
838 1995
839 917
839 1654
840 88
840 1281
840 1775
841 9
841 41
841 338
841 1126
841 1243
842 396
842 684
842 788
842 989
842 1133
843 712
843 1888
843 1945
844 382
844 654
844 1424
844 1611
845 455
845 743
845 1857
846 594
846 715
846 1128
846 1189
846 1766
847 456
847 463
847 741
847 1083
848 71
848 385
848 893
848 1655
848 1982
849 774
850 201
850 1607
851 66
851 475
851 1931
852 219
852 1112
852 1324
854 8
854 421
854 750
854 1347
855 348
855 1792
856 564
856 668
856 1135
856 1476
857 609
857 916
857 1094
857 1776
857 1818
858 176
858 630
858 675
858 1202
859 273
859 1441
859 1971
860 494
860 721
860 1040
860 1211
860 1322
860 1534
860 1976
861 298
861 916
861 974
861 1097
861 1615
862 680
862 1406
862 1949
863 1989
864 212
864 1265
865 237
865 1374
865 1619
865 1626
866 59
866 465
866 1248
867 233
867 502
868 1132
868 1327
868 1384
868 1458
869 958
869 1807
869 1823
870 113
870 338
870 415
870 490
870 509
870 847
870 1371
870 1946
871 1296
872 512
872 985
872 1101
872 1261
872 1869
873 115
874 1042
874 1196
875 20
875 287
875 634
875 857
875 1785
876 363
876 400
876 1177
877 373
877 929
878 1048
878 1564
878 1773
880 77
880 493
880 912
880 1230
880 1394
881 1114
881 1512
881 1710
881 1785
882 136
882 245
882 1103
883 439
883 1451
883 1985
884 70
884 98
884 806
884 1094
884 1292
884 1590
885 288
885 452
885 695
885 766
886 12
886 47
886 1106
886 1866
887 1063
887 1124
887 1478
888 244
888 932
889 20
889 178
889 1121
889 1375
889 1559
890 678
891 139
892 826
892 1509
892 1547
892 1619
892 1871
893 193
893 271
893 287
893 1584
894 108
895 574
895 777
895 1175
895 1304
896 295
896 1045
896 1458
897 43
897 412
897 1683
898 1755
898 1791
900 170
900 558
900 1080
901 42
901 341
901 375
901 586
901 634
902 623
902 1991
903 274
903 1714
903 1959
904 210
904 535
904 976
905 335
905 402
905 572
906 314
906 484
906 712
906 1223
906 1302
906 1501
907 749
908 450
908 849
908 1239
908 1376
908 1499
909 1044
909 1078
909 1158
909 1613
909 1908
911 1515
911 1814
912 205
912 1167
913 427
913 1925
913 1987
914 752
914 1734
915 837
915 927
915 1501
916 339
916 454
917 624
917 1433
918 274
918 394
918 956
918 1160
919 59
919 490
919 625
919 627
919 1212
919 1875
920 123
920 434
921 103
921 253
921 788
921 935
921 1814
922 33
922 62
922 363
922 740
922 1113
922 1690
922 1786
923 504
923 914
923 1690
924 283
924 1724
924 1782
925 269
925 1104
925 1278
925 1747
926 410
926 1102
927 27
927 390
927 420
927 1456
927 1802
929 239
929 1326
930 215
930 296
930 831
931 415
931 1044
932 265
932 946
932 1704
934 887
934 1165
934 1335
935 282
935 847
936 300
936 647
936 740
936 1281
937 537
937 1072
938 1047
939 1428
940 2000
941 275
941 276
941 622
941 929
942 473
942 536
943 172
944 799
944 1056
945 65
946 1362
946 1530
946 1670
947 689
947 881
947 1378
948 281
948 1212
948 1307
949 768
949 1417
950 393
950 730
950 868
950 1272
950 1715
951 1883
952 312
953 1057
954 1172
954 1585
955 419
955 618
955 1612
956 142
956 638
956 796
956 1537
957 206
957 920
958 1047
958 1256
958 1276
958 1363
959 54
959 731
959 1613
959 1762
960 74
960 235
960 458
960 1209
960 1464
960 1769
960 2000
961 610
961 1251
961 1272
961 1554
962 230
962 623
963 592
963 756
963 1035
963 1632
964 190
964 1381
965 949
965 1593
966 1645
966 1773
966 1827
967 134
967 679
967 1191
967 1758
967 1843
968 681
968 1166
968 1454
969 879
969 1922
970 633
970 1169
970 1737
970 1905
971 704
971 774
971 914
971 1624
971 1733
972 468
972 632
972 835
973 701
974 538
974 873
975 551
975 1120
976 79
976 134
976 1337
976 1397
976 1451
977 266
977 343
977 1275
978 1137
978 1928
978 1935
979 721
979 793
979 1322
980 385
980 766
981 1232
981 1791
981 1964
982 725
982 1096
982 1100
982 1570
982 1680
982 1927
982 1988
983 565
983 1420
983 1617
984 159
984 463
984 901
984 1251
984 1994
985 1460
985 1701
987 1194
988 196
988 932
988 1634
989 120
990 197
990 597
990 1148
990 1180
991 638
992 193
992 1462
992 1750
992 1848
993 403
994 1269
994 1363
994 1396
995 794
995 1138
995 1250
995 1929
996 988
996 1517
996 1846
997 957
997 1230
997 1255
998 754
998 895
998 1572
998 1669
999 717
1000 1230
1000 1968
1001 736
1001 1084
1002 227
1002 1618
1002 1733
1002 1769
1002 1800
1002 1972
1003 1232
1003 1286
1004 121
1004 227
1004 291
1004 1790
1005 726
1005 1432
1005 1781
1006 331
1006 610
1006 1981
1008 869
1008 1768
1009 303
1009 1471
1010 1166
1010 1675
1010 1741
1011 817
1011 1416
1011 1824
1012 1258
1013 415
1013 1426
1014 62
1015 227
1015 1038
1015 1069
1015 1569
1015 1942
1016 732
1016 1673
1017 165
1017 365
1017 1301
1017 1416
1017 1570
1017 1857
1018 574
1018 935
1018 1707
1019 696
1019 1608
1019 1610
1019 1745
1019 1993
1020 660
1020 689
1020 759
1020 1606
1022 122
1023 512
1024 168
1024 888
1024 933
1024 1288
1024 1742
1026 1669
1028 6
1028 816
1030 353
1030 1161
1030 1180
1030 1234
1031 107
1031 488
1032 1053
1032 1573
1032 1662
1033 468
1033 1078
1033 1346
1034 1084
1034 1322
1034 1339
1036 1038
1037 17
1037 127
1037 330
1037 375
1037 418
1037 1484
1037 1911
1038 1894
1039 62
1039 1370
1040 149
1041 260
1041 435
1041 917
1041 1640
1042 1138
1042 1237
1042 1362
1042 1552
1042 1742
1043 801
1043 959
1043 1084
1045 377
1045 1103
1045 1135
1046 732
1046 828
1047 187
1047 1635
1048 1220
1048 1462
1049 826
1049 1476
1049 1743
1050 159
1050 399
1050 448
1052 1681
1052 1715
1052 1772
1053 1089
1053 1372
1053 1643
1053 1655
1054 1580
1055 808
1055 833
1055 1795
1055 1834
1056 328
1056 1669
1056 1832
1057 572
1058 1056
1058 1993
1059 985
1059 1035
1060 171
1060 448
1060 815
1060 866
1060 1647
1061 42
1061 80
1061 176
1062 1284
1062 1974
1063 442
1063 648
1063 723
1063 934
1063 1002
1064 804
1065 219
1065 1751
1066 173
1066 578
1066 1049
1066 1064
1066 1398
1067 364
1067 794
1067 974
1067 1485
1067 1599
1067 1677
1068 76
1068 250
1068 1048
1068 1082
1068 1451
1069 623
1069 753
1069 1571
1069 1782
1070 99
1070 545
1070 589
1070 935
1070 1833
1071 698
1071 1261
1072 285
1072 757
1072 784
1072 1333
1073 220
1073 1016
1073 1080
1073 1309
1075 371
1075 617
1075 691
1075 797
1075 850
1075 1314
1076 159
1076 255
1077 1163
1077 1167
1077 1549
1078 1155
1079 196
1079 395
1080 697
1080 707
1081 378
1081 1022
1081 1433
1081 1570
1082 369
1082 1882
1083 411
1083 839
1083 844
1084 1035
1084 1210
1084 1790
1085 68
1085 1276
1086 384
1086 978
1086 1824
1087 70
1087 1129
1087 1987
1088 759
1088 912
1088 1644
1089 1323
1090 102
1090 131
1090 612
1090 884
1090 1785
1091 804
1092 37
1092 497
1092 1609
1092 1652
1093 411
1093 992
1093 1185
1093 1566
1093 1838
1093 1989
1094 1364
1094 1424
1094 1976
1095 220
1095 360
1095 408
1095 555
1095 989
1095 1338
1095 1512
1096 695
1096 1564
1097 436
1098 763
1098 999
1098 1238
1098 1772
1099 586
1100 741
1102 239
1102 319
1102 840
1102 902
1103 831
1103 1848
1104 128
1104 157
1104 304
1105 914
1105 956
1105 1423
1105 1828
1105 1963
1105 1986
1106 324
1106 416
1106 469
1106 1872
1106 1943
1107 565
1107 1561
1108 2
1108 71
1108 339
1108 1159
1108 1214
1108 1952
1109 18
1109 1576
1109 1605
1109 1958
1110 155
1112 866
1112 1305
1112 1471
1112 1569
1113 798
1114 258
1114 752
1114 824
1114 903
1114 1217
1114 1462
1114 1866
1116 1677
1116 1896
1117 255
1117 747
1117 1215
1117 1453
1117 1600
1118 832
1119 638
1119 709
1119 1030
1119 1603
1119 1732
1120 1618
1120 1846
1121 90
1121 1107
1121 1303
1122 1411
1122 1518
1122 1858
1123 266
1123 756
1123 1585
1124 198
1124 1138
1125 9
1125 40
1125 772
1126 258
1126 1751
1127 564
1127 1076
1128 247
1128 812
1128 1905
1129 210
1129 1792
1129 1995
1130 1146
1131 418
1131 608
1131 1182
1131 1388
1132 612
1132 1069
1133 119
1133 821
1133 1271
1134 73
1134 392
1134 717
1134 751
1135 477
1135 1329
1136 87
1136 610
1136 1815
1136 1906
1136 1945
1136 1986
1137 632
1137 843
1137 1107
1137 1827
1138 658
1138 1160
1139 1032
1139 1500
1139 1544
1139 1650
1139 1961
1140 192
1140 393
1140 643
1140 788
1140 1704
1141 306
1141 348
1141 611
1141 727
1141 832
1142 47
1142 172
1142 689
1142 1379
1142 1495
1143 101
1143 900
1144 730
1144 763
1144 829
1146 301
1147 795
1147 1113
1147 1129
1147 1280
1148 312
1148 511
1148 1530
1149 447
1150 1250
1150 1269
1151 1293
1151 1508
1151 1931
1151 1933
1152 136
1152 1184
1153 899
1153 945
1153 1429
1153 1436
1153 1779
1153 1798
1154 570
1154 806
1154 1354
1154 1447
1155 546
1155 889
1156 355
1156 367
1156 1191
1157 1357
1158 20
1158 1310
1159 515
1159 1407
1159 1775
1160 985
1160 1114
1160 1502
1161 1429
1162 377
1162 837
1163 28
1163 98
1163 778
1163 1045
1163 1413
1164 440
1164 835
1164 1474
1164 1757
1165 369
1165 386
1165 971
1165 1323
1166 362
1166 1397
1166 1660
1166 1788
1166 1853
1167 425
1169 215
1169 1095
1169 1709
1170 58
1170 863
1171 823
1171 859
1171 913
1171 1654
1171 1772
1171 1956
1172 162
1172 389
1172 436
1172 578
1172 590
1172 933
1172 1188
1172 1406
1173 200
1173 832
1173 1494
1173 1636
1173 1672
1173 1886
1174 81
1174 719
1174 816
1174 1807
1175 465
1175 1140
1175 1279
1175 1908
1176 146
1176 1327
1176 1467
1176 1965
1177 54
1177 242
1177 1500
1177 1548
1177 1659
1178 98
1178 557
1178 699
1178 735
1178 1875
1179 408
1179 1260
1179 1328
1180 481
1181 431
1181 583
1182 108
1182 423
1182 800
1182 1481
1182 1540
1182 1559
1182 1816
1183 125
1183 534
1183 1576
1184 1187
1185 1798
1185 1839
1186 350
1186 546
1186 723
1186 1302
1187 25
1187 103
1187 792
1187 1242
1187 1357
1187 1903
1188 559
1188 883
1188 1284
1188 1624
1188 1654
1188 1887
1189 389
1189 687
1189 1539
1190 808
1190 855
1190 1607
1191 90
1191 943
1191 1197
1191 1552
1191 1589
1191 1648
1192 870
1192 1896
1193 112
1193 116
1193 1362
1193 1776
1194 475
1194 720
1194 877
1194 1737
1195 313
1195 549
1195 574
1195 665
1196 355
1197 731
1197 1912
1197 1913
1197 1983
1198 783
1198 824
1198 1138
1198 1647
1199 421
1199 904
1199 1516
1200 674
1200 1106
1200 1539
1201 69
1201 202
1201 626
1202 789
1203 460
1203 1183
1203 1605
1204 1239
1204 1284
1204 1602
1205 1144
1205 1734
1205 1735
1205 1958
1206 288
1206 344
1206 1032
1207 181
1207 1117
1207 1327
1207 1415
1207 1521
1208 105
1208 998
1208 1146
1208 1645
1209 392
1209 1917
1210 366
1210 419
1210 910
1210 1635
1210 1816
1210 1909
1211 503
1211 728
1211 774
1211 806
1211 1325
1211 1495
1211 1801
1211 1802
1211 1872
1211 1965
1212 909
1212 1823
1213 362
1213 381
1213 746
1213 1158
1213 1910
1214 557
1214 859
1215 1263
1216 172
1216 1411
1216 1444
1216 1903
1217 501
1217 956
1218 391
1218 471
1219 718
1220 1331
1220 1777
1221 145
1221 173
1221 971
1221 1972
1222 876
1223 1193
1223 1455
1223 1670
1223 1728
1224 1350
1224 1889
1225 1374
1225 1775
1226 1085
1226 1224
1226 1505
1226 1513
1226 1662
1228 143
1228 338
1228 1031
1229 65
1229 269
1229 760
1229 1077
1229 1642
1229 1653
1229 1985
1230 165
1230 1169
1231 819
1231 969
1231 1763
1232 1
1232 33
1232 1001
1232 1219
1233 108
1233 115
1233 1313
1233 1624
1234 975
1234 1142
1234 1370
1234 1521
1235 602
1235 1025
1235 1978
1236 586
1236 597
1236 841
1236 1736
1237 1092
1237 1609
1238 46
1238 450
1239 1301
1240 213
1241 148
1241 162
1241 525
1241 1027
1241 1494
1242 555
1242 1769
1243 243
1243 272
1243 982
1243 1756
1244 222
1244 386
1244 517
1244 1085
1244 1577
1244 1930
1245 128
1245 272
1245 988
1245 1224
1245 1355
1245 1558
1245 1636
1246 1273
1248 79
1248 140
1248 347
1248 629
1248 1369
1248 1626
1249 9
1249 734
1249 861
1249 1304
1249 1416
1250 575
1250 713
1250 885
1250 1041
1251 584
1251 765
1251 771
1251 929
1251 1313
1251 1568
1252 287
1252 558
1253 280
1253 2000
1254 54
1254 744
1255 339
1256 181
1256 264
1257 208
1257 1501
1258 605
1258 821
1258 1134
1258 1746
1259 454
1259 622
1259 1784
1260 13
1260 1910
1261 205
1261 359
1261 871
1261 1900
1262 567
1262 980
1262 1641
1263 320
1263 325
1263 502
1263 1527
1264 594
1264 884
1265 223
1265 880
1265 1749
1266 1943
1267 1667
1268 303
1268 344
1268 528
1268 564
1268 1521
1268 1546
1269 4
1269 44
1269 784
1269 1134
1269 1309
1269 1744
1270 241
1270 330
1270 408
1270 1457
1270 1941
1271 394
1271 396
1271 699
1271 1175
1271 1223
1271 1967
1274 74
1274 1047
1274 1376
1274 1705
1275 1916
1276 282
1276 885
1276 1056
1277 880
1277 1738
1278 1818
1279 958
1279 1126
1280 71
1280 858
1280 918
1281 11
1281 226
1281 523
1281 753
1281 1517
1282 357
1282 972
1282 1280
1282 1354
1282 1799
1283 1954
1284 295
1284 483
1284 527
1284 610
1284 793
1284 1270
1284 1777
1285 246
1285 737
1285 1241
1286 146
1286 612
1286 1838
1287 304
1287 414
1288 908
1288 1180
1290 1002
1290 1277
1291 111
1291 1563
1291 1643
1292 514
1292 1141
1293 305
1293 359
1293 587
1293 1143
1293 1320
1294 126
1294 1222
1295 384
1295 1062
1295 1168
1295 1588
1296 613
1296 1030
1297 255
1297 259
1297 312
1297 385
1297 412
1298 1737
1299 540
1300 647
1300 1753
1301 663
1302 407
1302 586
1302 792
1302 1215
1302 1968
1303 49
1303 916
1303 955
1303 1849
1304 610
1305 1449
1305 1836
1306 54
1306 971
1306 1092
1307 1002
1307 1064
1307 1100
1307 1327
1308 422
1308 1271
1308 1349
1308 1678
1308 1919
1309 618
1310 1372
1311 19
1311 607
1311 615
1311 716
1311 1226
1311 1620
1312 1354
1313 200
1313 1098
1313 1561
1314 243
1314 755
1314 1468
1314 1744
1315 423
1315 477
1315 543
1315 876
1315 1164
1315 1615
1315 1627
1315 1839
1316 329
1316 493
1316 1281
1317 43
1317 1194
1317 1254
1317 1354
1318 124
1318 824
1318 1680
1319 1709
1320 1293
1320 1389
1320 1519
1322 623
1322 743
1322 801
1322 836
1323 269
1323 546
1323 1338
1323 1525
1324 18
1324 176
1324 191
1324 1059
1324 1319
1325 966
1325 1039
1325 1151
1325 1243
1326 319
1326 1993
1327 524
1328 16
1328 1312
1328 1522
1329 1160
1329 1380
1329 1482
1329 1488
1330 691
1330 1165
1331 319
1331 325
1331 1386
1332 3
1332 798
1332 1111
1332 1982
1333 825
1334 225
1334 906
1334 1084
1334 1496
1334 1637
1334 1683
1334 1790
1335 903
1335 1000
1335 1903
1336 1481
1337 282
1337 1215
1338 482
1338 580
1338 594
1339 396
1339 1563
1339 1637
1340 661
1340 1116
1340 1127
1341 673
1341 834
1341 1121
1342 1
1342 260
1342 736
1342 1169
1343 348
1343 1386
1343 1869
1344 602
1344 741
1345 749
1347 3
1347 1269
1347 1810
1348 73
1348 449
1348 986
1348 1133
1348 1572
1348 1886
1348 1961
1349 529
1349 704
1350 1928
1351 134
1351 625
1351 868
1351 1407
1351 1833
1351 1846
1352 1054
1352 1695
1353 1192
1353 1944
1353 1992
1354 1371
1355 53
1355 54
1355 229
1355 283
1355 538
1355 1095
1355 1443
1355 1637
1356 1193
1356 1860
1358 80
1358 375
1359 170
1359 349
1359 529
1359 1093
1359 1349
1360 837
1360 1064
1361 1553
1361 1810
1362 261
1362 872
1362 1273
1363 505
1363 566
1363 890
1363 995
1363 1032
1363 1952
1364 1429
1365 1610
1366 723
1366 1614
1368 359
1368 504
1368 630
1368 1486
1369 1483
1370 174
1370 501
1371 758
1371 840
1371 1804
1372 143
1372 1863
1373 173
1373 272
1373 646
1373 936
1373 1112
1373 1368
1373 1486
1374 602
1374 1152
1374 1433
1375 255
1375 262
1376 146
1376 1138
1376 1312
1376 1479
1377 100
1377 456
1377 490
1377 1870
1378 41
1378 123
1378 832
1378 1030
1379 40
1379 441
1379 1004
1379 1338
1379 1464
1379 1901
1380 709
1380 1005
1380 1754
1381 1426
1381 1524
1382 1126
1382 1501
1383 70
1383 406
1383 507
1383 790
1383 1410
1384 156
1384 699
1384 1709
1385 758
1385 1886
1385 1983
1386 250
1386 892
1386 1512
1387 945
1388 1360
1388 1475
1388 1808
1388 1860
1389 631
1389 1116
1389 1316
1389 1370
1389 1503
1391 1917
1392 32
1392 65
1392 247
1392 508
1392 566
1392 1412
1393 1878
1394 909
1395 38
1395 943
1395 1055
1395 1118
1395 1657
1395 1798
1395 1912
1395 1947
1396 784
1396 1572
1396 1953
1397 139
1397 563
1397 971
1397 1469
1398 116
1398 334
1398 778
1398 1013
1398 1319
1398 1707
1399 1099
1400 468
1400 509
1400 1588
1401 343
1401 1596
1402 1538
1402 1873
1403 593
1404 189
1404 485
1404 724
1404 1812
1405 923
1405 1083
1405 1592
1405 1668
1406 65
1406 1071
1406 1620
1406 1854
1407 239
1407 451
1407 1654
1407 1790
1407 1957
1408 1162
1408 1896
1409 620
1409 1263
1409 1269
1409 1467
1409 1512
1409 1581
1409 1686
1410 418
1410 1027
1411 632
1411 874
1412 1102
1412 1151
1414 1188
1415 126
1415 1287
1415 1632
1416 450
1416 647
1416 1313
1416 1696
1417 75
1418 212
1418 875
1418 1918
1419 1054
1419 1855
1420 342
1420 353
1420 903
1420 1589
1421 205
1421 459
1421 1468
1422 1
1422 385
1422 1772
1423 264
1423 424
1423 760
1423 1286
1424 232
1424 955
1424 1420
1424 1834
1425 323
1425 1029
1425 1197
1425 1414
1425 1847
1425 1895
1426 1350
1426 1966
1427 272
1427 562
1427 1310
1427 1765
1428 509
1428 1015
1428 1851
1429 11
1429 399
1430 272
1430 1004
1431 820
1431 1491
1431 1878
1431 1934
1432 401
1432 555
1432 576
1432 851
1432 1634
1432 1700
1433 459
1433 584
1433 927
1433 1117
1433 1428
1434 1239
1435 1374
1435 1996
1436 459
1436 741
1436 1479
1436 1838
1437 529
1437 1131
1438 587
1438 1781
1438 1784
1438 1849
1439 801
1439 842
1439 1665
1439 1835
1440 282
1440 446
1441 464
1441 776
1441 891
1441 1399
1441 1766
1441 1931
1442 187
1442 295
1442 876
1442 1215
1442 1476
1443 405
1443 1098
1444 1077
1444 1219
1445 1336
1445 1627
1446 959
1446 1520
1447 175
1447 595
1447 1577
1447 1916
1448 297
1448 1001
1448 1120
1448 1135
1449 211
1449 317
1449 1252
1450 994
1451 1616
1452 50
1452 394
1452 461
1452 959
1452 1825
1453 47
1453 223
1453 1870
1454 14
1454 182
1454 355
1454 446
1454 1457
1454 1995
1455 227
1455 583
1455 1615
1455 1780
1456 384
1457 136
1457 588
1457 652
1457 1289
1457 1520
1457 1689
1457 1898
1457 1957
1458 248
1458 1627
1459 243
1459 937
1460 161
1460 287
1460 559
1460 1399
1461 840
1461 1055
1461 1495
1461 1755
1462 17
1462 532
1462 808
1462 990
1462 1563
1463 337
1463 1041
1463 1450
1463 1661
1463 1745
1464 853
1466 1907
1468 428
1469 512
1469 1021
1469 1395
1469 1533
1469 1776
1469 1854
1470 316
1470 365
1470 795
1470 1278
1470 1456
1470 1831
1472 520
1472 613
1472 805
1472 908
1473 151
1473 1168
1473 1504
1474 1918
1475 116
1475 439
1475 1423
1476 1298
1476 1548
1478 370
1478 716
1478 1225
1478 1353
1478 1542
1479 917
1479 1372
1479 1547
1479 1671
1479 1875
1480 22
1480 769
1480 1191
1480 1624
1481 863
1481 909
1481 1025
1481 1596
1482 584
1482 915
1482 1099
1482 1174
1482 1277
1482 1808
1483 81
1483 794
1483 1286
1484 43
1484 1062
1485 145
1485 361
1485 1053
1485 1065
1485 1422
1485 1845
1487 1955
1488 425
1488 933
1488 1071
1488 1526
1488 1697
1488 1834
1489 640
1490 87
1490 135
1490 682
1490 1040
1490 1188
1490 1378
1491 342
1491 803
1492 493
1492 553
1493 843
1493 1796
1493 1801
1493 1818
1494 66
1494 331
1494 555
1495 321
1495 596
1495 1360
1496 1995
1497 1656
1498 478
1498 1307
1498 1656
1499 1705
1500 16
1500 777
1500 950
1501 239
1501 1088
1501 1350
1501 1449
1501 1801
1501 1805
1502 1633
1502 1743
1503 516
1503 1235
1503 1819
1504 203
1504 399
1504 1089
1504 1822
1504 1841
1505 449
1505 1438
1505 1827
1506 738
1506 1843
1507 457
1507 680
1507 747
1507 965
1507 1021
1507 1343
1507 1476
1508 264
1508 991
1508 1215
1508 1978
1509 616
1509 1590
1510 589
1510 1294
1510 1397
1512 348
1512 1134
1512 1331
1512 1503
1513 567
1513 754
1514 5
1514 1501
1514 1617
1514 1648
1515 287
1515 1310
1515 1317
1515 1323
1515 1500
1516 39
1516 88
1516 562
1516 707
1516 1235
1516 1815
1517 129
1517 301
1517 660
1518 56
1518 383
1518 427
1518 1433
1518 1740
1519 161
1519 394
1519 927
1520 151
1520 209
1520 945
1520 1011
1521 30
1521 272
1521 1446
1522 518
1522 872
1523 365
1523 930
1523 1622
1523 1918
1524 1145
1525 1001
1525 1129
1525 1192
1526 316
1526 592
1526 1180
1527 14
1527 315
1527 418
1527 1202
1528 26
1528 513
1528 1763
1529 140
1529 366
1529 1923
1529 1958
1530 76
1530 287
1530 1339
1531 234
1531 437
1531 438
1531 656
1531 1648
1531 1772
1532 713
1532 1205
1532 1255
1532 1742
1533 324
1533 582
1533 1770
1534 719
1535 1201
1536 1553
1537 246
1537 1008
1537 1844
1538 1476
1538 1485
1539 646
1539 1288
1540 622
1540 865
1540 1994
1541 275
1541 318
1541 355
1541 507
1541 587
1541 883
1541 1862
1542 1179
1542 1556
1542 1558
1543 501
1543 1349
1543 1550
1543 1701
1544 101
1544 678
1544 742
1545 291
1545 979
1545 1966
1546 541
1547 1179
1547 1398
1547 1994
1548 822
1548 1393
1550 397
1551 736
1551 1103
1552 5
1552 36
1552 1048
1553 364
1553 371
1553 1893
1555 1174
1555 1720
1555 1861
1556 1216
1557 1020
1557 1058
1557 1276
1558 974
1558 1548
1559 1633
1560 12
1560 1162
1561 213
1561 483
1561 1700
1562 995
1562 1227
1562 1283
1562 1383
1562 1524
1563 15
1563 1817
1563 1908
1564 445
1564 846
1564 1003
1564 1036
1564 1154
1564 1192
1564 1910
1565 903
1565 932
1565 1920
1566 466
1567 131
1567 207
1567 568
1567 877
1568 1001
1568 1998
1569 443
1569 999
1569 1510
1569 1945
1570 433
1571 436
1571 563
1571 1213
1571 1786
1572 99
1572 662
1572 995
1573 256
1573 1104
1573 1733
1573 1934
1574 127
1574 166
1575 1122
1576 1303
1576 1338
1576 1400
1576 1521
1576 1573
1576 1782
1577 335
1577 503
1577 546
1577 1368
1577 1985
1578 473
1578 1976
1579 28
1579 114
1580 135
1580 575
1580 998
1580 1054
1581 255
1581 1328
1583 13
1583 157
1583 1035
1583 1172
1583 1633
1584 98
1585 1226
1585 1321
1585 1333
1585 1361
1586 127
1586 201
1586 1719
1586 1929
1587 208
1587 1322
1587 1546
1588 1248
1588 1412
1589 945
1590 62
1590 88
1590 478
1590 850
1590 1285
1590 1885
1591 1067
1591 1459
1591 1982
1592 582
1592 939
1592 1272
1593 838
1593 1130
1593 1455
1593 1488
1593 1559
1595 36
1595 658
1595 746
1595 915
1595 1014
1595 1667
1596 1338
1597 928
1597 1417
1597 1959
1598 34
1598 778
1598 1144
1598 1684
1599 1589
1599 1805
1600 352
1600 817
1600 1689
1600 1946
1601 62
1601 93
1601 683
1601 768
1601 1729
1601 1802
1602 197
1602 346
1602 978
1602 1019
1602 1110
1602 1146
1602 1356
1602 1835
1603 202
1603 365
1603 961
1603 1002
1603 1099
1604 159
1604 308
1604 470
1604 655
1604 1224
1604 1393
1604 1984
1605 309
1605 1071
1605 1368
1605 1948
1606 120
1606 179
1606 307
1606 813
1606 1343
1606 1355
1607 980
1607 1007
1607 1785
1608 75
1608 200
1609 201
1609 551
1609 1246
1610 223
1610 718
1610 1229
1610 1899
1611 129
1611 266
1611 507
1611 995
1611 1204
1612 629
1612 843
1612 1190
1613 130
1613 286
1613 738
1613 902
1613 1298
1614 104
1614 930
1614 1003
1615 63
1615 857
1615 1198
1615 1291
1615 1754
1615 1855
1615 1997
1616 919
1616 1001
1617 561
1617 1054
1617 1492
1618 10
1618 1186
1618 1450
1618 1967
1618 1970
1619 78
1619 325
1619 650
1619 1029
1619 1270
1619 1572
1620 779
1620 1227
1621 66
1622 110
1622 271
1622 626
1622 712
1622 914
1622 1798
1623 7
1623 28
1623 1768
1624 1242
1624 1779
1624 1786
1625 333
1625 529
1625 701
1625 1105
1626 350
1626 366
1626 392
1626 1474
1626 1635
1627 920
1627 989
1628 1486
1628 1655
1628 1934
1629 1126
1629 1144
1630 247
1630 277
1630 554
1630 1076
1630 1435
1631 1475
1631 1820
1632 1210
1632 1792
1633 24
1633 81
1633 736
1634 1219
1634 1610
1635 109
1635 687
1635 1937
1636 597
1637 98
1637 100
1637 1654
1637 1659
1639 308
1639 570
1640 88
1640 881
1640 1795
1641 1101
1642 321
1642 510
1642 1507
1643 752
1643 1349
1644 550
1644 655
1644 856
1644 1121
1645 1664
1645 1802
1645 1814
1646 337
1646 1032
1646 1590
1646 1797
1647 478
1647 1022
1647 1936
1649 312
1649 479
1649 510
1649 803
1649 1238
1650 1898
1651 1437
1651 1605
1652 210
1652 1263
1653 735
1654 1725
1654 1785
1655 553
1655 701
1655 1950
1657 40
1657 512
1657 1123
1659 700
1659 1367
1659 1612
1659 1675
1659 1789
1660 536
1660 661
1661 801
1661 1045
1662 159
1662 542
1662 994
1662 1056
1663 871
1663 894
1663 1051
1663 1484
1664 1210
1664 1299
1664 1498
1665 876
1665 1068
1665 1717
1666 826
1667 37
1667 114
1667 1693
1668 476
1668 681
1668 1318
1669 272
1669 1426
1669 1566
1669 1652
1669 1655
1670 933
1671 506
1671 704
1671 826
1671 1099
1672 124
1672 1100
1672 1114
1672 1683
1673 117
1673 654
1673 821
1673 1467
1673 1727
1673 1849
1674 886
1674 963
1674 1519
1674 1619
1676 550
1676 1103
1676 1406
1676 1429
1677 142
1677 1799
1678 823
1678 1057
1678 1760
1678 1810
1679 103
1679 1037
1679 1086
1679 1216
1680 671
1680 1349
1681 163
1681 564
1682 400
1682 463
1682 950
1682 1183
1683 152
1683 1353
1684 451
1685 896
1685 1448
1685 1597
1685 1826
1686 1242
1686 1765
1687 218
1687 478
1687 525
1687 729
1687 919
1687 944
1687 1309
1687 1577
1688 45
1688 948
1688 1039
1688 1044
1689 392
1689 650
1689 665
1689 1369
1689 1641
1689 1644
1689 1651
1689 1659
1691 766
1691 839
1692 610
1692 647
1692 1222
1692 1588
1693 1236
1693 1265
1693 1280
1693 1502
1694 1610
1695 94
1695 585
1695 657
1695 1004
1695 1446
1695 1941
1696 10
1696 235
1697 596
1697 868
1697 975
1697 1795
1698 811
1698 1456
1699 55
1699 292
1699 424
1699 735
1700 100
1700 134
1700 1356
1701 1257
1702 127
1702 1470
1703 103
1705 72
1705 209
1705 678
1705 878
1706 839
1706 1047
1706 1375
1706 1714
1707 329
1707 472
1707 1133
1708 321
1708 1006
1708 1624
1709 141
1709 232
1709 1119
1709 1461
1709 1725
1709 1904
1710 179
1710 1060
1710 1684
1710 1694
1711 39
1711 398
1711 1095
1711 1182
1711 1551
1712 481
1712 561
1712 1288
1713 260
1713 779
1713 1989
1714 933
1714 1686
1715 65
1715 173
1715 311
1715 1122
1715 1147
1715 1185
1715 1779
1716 837
1716 1953
1717 841
1717 1903
1718 257
1718 544
1718 830
1718 878
1718 1326
1718 1917
1718 1924
1719 369
1719 1216
1719 1592
1719 1982
1720 178
1720 553
1720 821
1720 1354
1720 1490
1721 1117
1721 1881
1722 1090
1722 1110
1722 1577
1723 1016
1723 1216
1724 227
1724 785
1724 824
1724 865
1724 1263
1724 1688
1725 803
1725 970
1725 1637
1726 11
1726 1265
1727 609
1727 772
1728 1955
1729 197
1729 678
1729 1203
1730 781
1730 845
1731 695
1731 1709
1731 1877
1732 195
1732 586
1732 1660
1732 1764
1733 1126
1733 1975
1734 41
1734 330
1734 423
1734 1079
1734 1169
1734 1183
1735 1608
1736 1065
1736 1410
1736 1607
1737 144
1738 104
1738 962
1738 1399
1739 1412
1739 1519
1739 1594
1740 30
1740 72
1740 98
1740 1608
1740 1630
1742 1503
1743 890
1743 920
1743 1117
1743 1637
1744 362
1744 493
1744 600
1744 1177
1744 1407
1744 1544
1744 1722
1745 713
1746 343
1746 1044
1746 1189
1746 1455
1747 132
1747 223
1748 146
1748 211
1748 219
1749 100
1749 669
1749 1089
1749 1919
1750 63
1750 1524
1751 796
1752 176
1752 1195
1752 1374
1753 1557
1754 864
1754 1262
1754 1907
1755 559
1755 1077
1755 1253
1756 713
1756 1104
1757 58
1757 784
1757 1111
1758 59
1758 84
1758 176
1758 339
1758 803
1758 1620
1759 134
1759 821
1759 845
1759 1108
1759 1867
1760 855
1760 1017
1760 1137
1760 1513
1760 1705
1761 228
1761 752
1762 311
1763 201
1764 1116
1765 507
1766 1191
1767 47
1767 1193
1767 1543
1768 939
1769 506
1769 599
1769 1076
1770 588
1771 1100
1771 1354
1771 1427
1772 798
1772 915
1772 1545
1773 473
1773 1635
1774 386
1774 1483
1775 883
1775 1288
1775 1655
1776 349
1776 607
1776 787
1776 1925
1777 1162
1777 1574
1778 175
1778 256
1778 410
1778 673
1778 713
1779 495
1779 639
1779 1567
1779 1923
1781 244
1781 1414
1782 1383
1783 731
1783 800
1783 1124
1783 1684
1783 1874
1784 189
1784 282
1784 284
1784 985
1784 1451
1785 407
1785 702
1786 61
1786 149
1786 178
1786 219
1786 605
1786 805
1786 1385
1787 163
1787 841
1787 1273
1787 1404
1787 1491
1788 62
1788 1744
1789 129
1790 372
1790 620
1790 1025
1790 1154
1791 1808
1792 1235
1792 1720
1793 990
1793 1156
1793 1463
1793 1670
1794 341
1795 142
1795 196
1795 530
1795 613
1796 5
1796 1069
1796 1610
1796 1689
1796 1740
1797 509
1797 1114
1797 1117
1797 1270
1798 1381
1798 1477
1799 5
1799 223
1799 581
1799 736
1799 1061
1799 1715
1800 1043
1801 1285
1801 1963
1802 218
1802 490
1802 1094
1802 1995
1804 221
1804 670
1804 910
1804 915
1804 1070
1804 1088
1804 1189
1805 1055
1805 1101
1805 1843
1806 557
1806 583
1806 1558
1807 472
1808 1895
1809 704
1809 1882
1810 979
1810 1220
1810 1719
1810 1799
1811 10
1811 920
1811 1504
1812 578
1812 1189
1812 1688
1813 1100
1813 1331
1813 1399
1814 62
1814 166
1814 670
1814 707
1815 1074
1815 1270
1815 1369
1815 1525
1815 1632
1815 1970
1816 826
1816 1011
1816 1049
1816 1733
1817 99
1817 116
1817 147
1817 446
1817 1281
1817 1414
1818 1382
1819 629
1819 666
1819 844
1820 1356
1821 78
1821 588
1821 762
1822 1400
1823 382
1823 677
1823 857
1824 27
1824 238
1824 339
1824 615
1824 1394
1824 1542
1825 622
1825 1118
1825 1859
1826 1215
1826 1559
1828 1445
1828 1505
1828 1813
1829 542
1829 1017
1829 1718
1829 1768
1830 289
1830 381
1830 720
1831 1399
1832 596
1832 1004
1832 1357
1832 1835
1832 1953
1833 226
1833 1398
1834 250
1834 252
1834 417
1835 519
1835 638
1835 839
1835 1864
1836 75
1836 244
1836 910
1837 768
1837 1659
1837 1709
1838 1843
1838 1886
1840 306
1840 822
1841 159
1841 214
1841 491
1841 781
1841 1455
1841 1856
1842 789
1842 1740
1843 340
1843 543
1843 574
1843 823
1843 1126
1843 1213
1844 697
1845 1369
1845 1707
1845 1760
1846 138
1846 797
1846 880
1847 907
1848 283
1848 653
1849 324
1850 360
1850 1497
1850 1864
1851 162
1851 1165
1851 1788
1854 210
1855 110
1855 253
1855 1110
1855 1278
1855 1649
1856 52
1856 650
1856 1129
1856 1501
1856 1705
1857 727
1857 1814
1858 1639
1859 67
1859 117
1860 984
1860 1263
1860 1687
1860 1880
1861 175
1861 344
1861 1144
1861 1805
1861 1934
1862 549
1862 627
1862 731
1862 808
1862 1560
1863 588
1863 1004
1863 1906
1864 268
1864 391
1864 460
1864 543
1864 1392
1865 640
1865 1006
1865 1626
1866 344
1866 1159
1866 1292
1866 1483
1866 1791
1866 1796
1867 42
1867 1917
1868 905
1868 1215
1868 1791
1868 1932
1869 293
1869 1539
1870 1110
1870 1811
1871 777
1872 338
1872 965
1872 1005
1873 330
1873 644
1873 796
1873 863
1873 1457
1873 1813
1874 677
1874 1507
1874 1690
1874 1865
1874 1999
1875 1690
1876 177
1876 668
1876 810
1876 1526
1876 1569
1876 1924
1878 42
1878 213
1878 483
1878 1443
1878 1446
1879 331
1879 1206
1880 420
1880 621
1880 809
1880 1876
1881 362
1882 47
1882 385
1883 793
1883 867
1883 1742
1883 1852
1883 1935
1884 230
1884 322
1884 690
1885 120
1885 608
1885 622
1885 732
1885 1198
1885 1345
1886 193
1886 945
1886 1400
1886 1705
1887 1342
1887 1403
1887 1515
1887 1634
1888 245
1888 1083
1888 1695
1889 525
1890 190
1890 1396
1890 1749
1891 262
1891 1045
1891 1324
1893 711
1893 1526
1893 1941
1894 1170
1894 1611
1894 1989
1895 204
1895 276
1895 588
1895 1202
1895 1373
1895 1561
1895 1772
1896 647
1897 174
1897 1111
1897 1126
1898 1292
1898 1353
1898 1995
1899 823
1899 1334
1900 442
1900 1306
1901 154
1901 379
1901 394
1901 965
1901 1598
1902 33
1902 1111
1903 228
1903 403
1903 889
1903 1007
1903 1324
1903 1823
1904 523
1904 1139
1904 1976
1905 790
1905 930
1905 1653
1906 193
1906 740
1906 1334
1907 1047
1908 326
1909 343
1909 517
1909 1232
1909 1901
1910 801
1910 950
1910 954
1910 959
1910 1097
1910 1197
1910 1526
1910 1731
1913 126
1913 1354
1913 1729
1913 1917
1914 127
1914 951
1914 1426
1914 1669
1915 172
1915 958
1915 1193
1915 1314
1916 229
1916 713
1916 968
1916 1179
1917 180
1917 919
1918 186
1918 546
1918 773
1919 1073
1919 1959
1920 823
1921 39
1921 481
1921 1249
1921 1264
1921 1378
1921 1733
1923 735
1923 901
1923 909
1924 1504
1925 163
1925 685
1925 1799
1926 71
1926 591
1926 1070
1926 1139
1926 1733
1927 84
1927 623
1927 809
1927 870
1927 945
1927 990
1928 1174
1928 1366
1928 1369
1928 1789
1928 1826
1929 525
1929 552
1929 1324
1929 1641
1930 232
1930 329
1930 814
1930 1207
1930 1780
1931 192
1931 1528
1931 1898
1932 531
1932 719
1932 895
1932 1356
1933 225
1933 1753
1934 994
1934 1517
1935 182
1935 641
1935 1657
1935 1731
1936 604
1936 1764
1936 1776
1937 67
1937 444
1937 1941
1938 696
1938 1345
1938 1755
1938 1813
1938 1873
1939 1201
1939 1235
1939 1808
1940 1194
1941 839
1941 1025
1941 1134
1941 1540
1941 1598
1941 1748
1941 1974
1942 728
1943 208
1943 411
1943 853
1943 1020
1943 1283
1943 1547
1944 74
1945 81
1945 179
1945 1433
1945 1435
1945 1747
1945 1877
1946 370
1946 559
1947 312
1947 716
1947 959
1947 1160
1947 1321
1948 251
1948 440
1948 680
1949 316
1949 822
1950 578
1950 1112
1950 1349
1951 10
1951 89
1951 1370
1951 1443
1952 428
1952 728
1952 1200
1952 1445
1952 1602
1952 1797
1953 264
1953 283
1953 1269
1953 1755
1954 262
1954 709
1954 933
1954 1704
1954 1705
1954 1812
1955 244
1955 1150
1956 1023
1956 1052
1956 1074
1957 769
1957 1051
1957 1573
1957 1798
1958 1090
1959 1944
1960 1615
1960 1972
1961 35
1961 1743
1962 808
1962 1260
1962 1679
1963 306
1963 853
1963 1559
1964 252
1964 1251
1965 526
1965 996
1966 516
1966 593
1966 719
1967 791
1967 1132
1967 1477
1967 1678
1967 1682
1968 276
1968 609
1968 1065
1969 588
1969 681
1969 1556
1970 999
1970 1180
1970 1467
1970 1593
1971 133
1971 1128
1972 781
1972 1069
1972 1873
1974 834
1974 1132
1974 1332
1975 738
1976 107
1976 966
1976 1191
1976 1363
1977 1289
1978 395
1978 561
1978 667
1978 1036
1978 1337
1978 1524
1978 1757
1979 100
1979 629
1979 662
1979 1791
1980 1236
1980 1237
1981 986
1982 720
1982 1530
1983 1113
1983 1286
1983 1442
1983 1804
1984 467
1984 778
1984 1018
1984 1060
1984 1746
1984 1980
1985 746
1985 1073
1985 1443
1985 1518
1985 1654
1986 1233
1986 1373
1986 1810
1987 217
1987 364
1987 784
1987 1392
1987 1636
1988 871
1988 1591
1989 763
1989 908
1989 1027
1989 1245
1990 1698
1990 1755
1991 883
1991 1211
1991 1945
1992 31
1992 1175
1992 1189
1993 117
1993 534
1993 660
1993 800
1993 1860
1995 573
1995 1638
1996 205
1996 272
1996 1483
1997 1476
1997 1590
1997 1957
1998 1714
1998 1969
1999 305
1999 1577
2000 898
2000 1192
