2000
9989
1 119
1 494
1 860
2 817
2 1038
2 1100
2 1727
3 1634
4 228
4 1058
4 1180
4 1473
4 1639
5 102
5 624
5 1702
6 390
6 917
6 1840
7 484
7 599
7 1343
7 1389
7 1884
8 1206
8 1210
8 1745
9 217
9 496
9 674
9 1519
10 104
10 277
10 550
10 1813
11 1385
11 1880
12 332
12 667
12 696
12 751
12 919
12 1074
12 1400
12 1507
13 130
13 197
13 594
13 1097
13 1225
13 1264
13 1386
14 459
14 702
14 843
14 1333
15 1398
15 1983
16 5
16 20
16 366
16 399
16 437
16 671
16 830
16 1211
17 186
17 489
17 909
17 1056
17 1580
17 1766
18 15
18 148
18 733
18 1094
18 1385
18 1835
19 22
19 1214
19 1430
19 1939
20 485
20 499
20 892
20 1513
20 1937
21 421
21 622
21 688
21 813
21 952
21 960
21 1800
21 1949
22 795
22 1317
22 1513
22 1525
22 1593
22 1699
22 1821
23 249
23 1331
23 1725
24 35
24 739
24 788
24 863
25 872
25 1304
26 210
26 803
26 1059
26 1158
26 1462
26 1785
27 670
27 1342
28 814
28 1563
28 1712
29 462
29 501
29 1030
29 1719
30 192
30 281
30 607
30 694
30 766
30 819
30 1283
30 1744
31 53
31 694
31 899
31 949
31 1637
32 433
32 1049
32 1193
32 1731
32 1732
32 1919
33 344
33 489
33 961
33 1292
33 1502
33 1779
34 168
34 399
34 678
34 743
34 1109
34 1749
34 1988
35 1626
35 1668
35 1891
36 227
36 1129
36 1209
36 1718
37 42
37 926
37 1095
37 1517
37 1672
38 758
38 1050
39 261
39 506
39 588
39 591
39 645
39 1410
39 1486
39 1695
40 486
40 690
40 1864
41 7
41 135
41 791
41 840
41 1168
41 1398
42 572
42 1209
42 1422
42 1692
42 1885
43 735
44 30
44 255
44 345
44 663
44 1611
44 1941
45 63
45 191
45 287
45 419
45 1249
45 1398
45 1696
46 373
46 664
46 731
46 973
46 1299
47 22
47 232
47 696
47 1084
47 1109
47 1896
48 387
48 473
48 928
48 1993
49 1457
49 1709
49 1876
50 558
50 1874
51 409
51 1367
52 249
52 372
52 482
52 498
52 762
52 772
52 1252
53 117
53 359
53 1498
53 1746
54 192
54 204
54 392
55 510
55 1408
55 1959
56 145
56 259
56 786
56 1329
56 2000
57 498
57 668
57 1228
58 1269
59 945
59 961
59 1581
60 263
60 515
60 516
60 709
60 729
60 1962
60 1975
61 377
61 852
61 920
61 1402
61 1455
62 484
62 1201
62 1265
62 1495
62 1548
62 1592
62 1599
62 1634
62 1790
62 1839
63 48
63 380
63 542
63 629
64 1674
65 115
65 452
65 931
65 1390
66 355
66 616
66 1655
66 1789
67 54
67 537
67 771
68 90
68 91
68 312
68 350
68 649
68 656
68 1832
69 130
69 205
69 237
69 379
69 732
69 972
69 1274
69 1339
69 1627
69 1851
70 1293
70 1952
71 20
71 74
71 759
71 945
71 1308
71 1327
72 4
72 423
72 676
72 1484
72 1713
72 1770
73 1421
74 679
74 926
74 1260
74 1351
74 1401
74 1429
74 1632
74 1908
75 97
75 593
75 662
75 1574
76 441
76 523
76 1405
76 1516
76 1737
76 1972
77 791
77 806
77 969
77 1760
78 428
78 601
78 1090
78 1302
78 1339
78 1572
79 383
79 930
79 1234
79 1236
79 1259
80 350
80 1241
80 1253
80 1786
81 524
81 815
81 1215
81 1425
81 1949
82 226
82 289
82 480
82 748
82 927
82 961
82 1127
83 15
83 118
83 120
83 1356
83 1486
83 1686
83 1786
83 1945
84 25
84 37
84 61
84 874
85 794
85 805
85 1052
85 1196
85 1963
86 12
86 726
86 819
86 1162
86 1642
87 25
87 840
87 933
87 1221
87 1363
87 1375
88 964
88 1119
88 1213
88 1655
89 685
90 933
90 1308
90 1384
90 1689
90 1706
91 229
91 513
91 648
91 997
91 1446
91 1626
91 1644
91 1650
92 45
92 115
92 747
93 12
93 761
93 1007
93 1013
93 1019
93 1638
93 1697
94 129
94 294
94 601
94 787
94 1484
94 1790
94 1837
95 60
95 455
95 900
95 1004
95 1270
95 1480
95 1749
96 174
96 373
96 1123
96 1386
96 1441
96 1480
96 1820
97 308
97 455
97 548
98 30
98 903
98 1030
98 1033
98 1724
98 1935
99 563
99 898
99 1138
99 1266
100 347
100 1171
100 1565
100 1616
100 1843
101 88
101 255
101 463
101 543
101 602
101 907
102 7
102 14
102 94
102 521
102 549
102 1873
103 26
103 578
103 1804
103 1865
104 58
104 395
104 642
104 666
104 686
104 980
104 1620
104 1638
104 1660
104 1792
104 1797
104 1879
105 216
105 731
105 851
105 1028
105 1259
106 104
106 319
106 737
106 831
107 233
107 401
107 1099
107 1279
107 1433
107 1767
107 1783
108 1135
109 215
109 1381
109 1461
109 1586
109 1990
110 518
110 1590
110 1774
111 110
111 679
111 892
111 1067
111 1642
111 1744
111 1763
112 322
112 538
112 833
112 1286
112 1795
113 370
113 832
113 1174
113 1390
114 65
114 294
114 457
114 959
114 1019
114 1103
114 1231
115 187
115 314
115 530
115 687
115 866
115 1048
115 1196
115 1533
115 1540
116 486
116 545
116 837
116 1116
116 1158
116 1581
117 705
117 944
117 1146
117 1258
117 1827
118 21
118 615
118 1177
118 1985
119 102
119 247
119 418
119 554
119 674
119 896
119 908
119 920
119 1775
119 1841
120 110
120 254
120 797
120 1019
120 1752
120 1760
120 1796
121 215
121 420
121 481
121 540
121 578
121 619
121 1190
121 1789
122 238
122 330
122 750
122 1040
122 1388
122 1399
122 1674
122 1767
122 1807
123 201
123 746
123 761
123 1406
123 1640
123 1641
123 1651
123 1686
123 1884
123 1977
124 351
124 354
124 390
124 1248
124 1278
124 1433
124 1658
125 1092
125 1491
125 1812
126 729
126 1157
127 423
127 594
127 776
128 629
128 641
128 1113
128 1182
129 230
129 619
129 981
129 1514
129 1573
129 1908
130 841
130 1251
130 1371
130 1427
130 1704
130 1764
131 134
131 160
131 303
131 583
131 1226
132 485
132 641
132 678
132 757
132 1310
132 1636
132 1807
132 1862
133 302
133 351
133 745
133 831
133 1043
134 451
134 708
134 1135
135 1
135 108
135 336
135 708
136 1107
136 1502
136 1678
137 391
137 922
137 1010
138 128
138 739
138 1241
138 1268
138 1550
138 1750
138 1801
139 1082
139 1487
140 586
140 729
140 1152
140 1516
140 1530
141 25
141 71
141 563
141 1831
142 227
142 606
142 655
142 1344
142 1533
142 1679
142 1718
143 68
143 220
143 569
143 945
143 1311
143 1473
143 1888
144 1322
145 138
145 203
145 571
145 1013
145 1249
145 1627
145 1884
146 407
146 918
146 1137
147 685
147 728
147 1887
148 2
148 78
148 408
148 521
148 1305
148 1992
149 283
149 577
149 878
149 922
149 973
149 1518
149 1608
149 1656
149 1910
149 1983
150 157
150 489
150 627
151 304
151 404
151 856
151 1638
151 1741
151 1789
151 1868
151 1884
152 176
152 297
152 412
152 452
152 664
152 831
152 1149
152 1516
153 196
153 749
153 1109
153 1622
154 261
154 529
154 787
154 1680
154 1787
154 1941
155 530
155 1366
155 1929
156 902
156 1503
156 1802
157 433
157 491
157 551
157 609
157 1025
157 1665
158 206
158 1281
158 1786
158 1817
159 443
159 640
159 1058
159 1132
159 1489
159 1932
160 860
160 937
160 1444
161 1023
161 1321
162 1794
162 1837
163 463
163 879
163 961
163 1022
163 1316
163 1527
163 1798
164 381
164 467
164 1004
165 2
165 545
165 783
165 866
165 1019
165 1344
165 1352
166 203
166 252
166 963
166 1171
166 1605
166 1755
167 103
167 669
167 1428
167 1768
168 213
168 591
168 819
168 1338
168 1741
169 370
169 726
169 1033
169 1072
169 1812
170 504
170 616
170 805
170 845
171 449
171 1432
172 65
172 137
172 293
172 350
172 472
172 1156
172 1481
173 454
173 762
173 1771
173 1868
174 461
174 600
174 1428
175 56
175 615
175 805
175 1009
175 1129
175 1251
175 1783
176 654
176 762
176 1053
176 1070
176 1529
176 1995
177 260
177 692
177 1061
177 1270
177 1512
178 670
178 1202
179 178
179 214
179 379
179 1266
179 1289
179 1730
180 566
180 743
180 866
180 878
180 1021
180 1393
180 1934
181 521
181 1741
182 744
182 1033
182 1383
183 425
183 570
183 615
183 988
183 1695
184 229
184 937
184 995
184 1529
184 1720
185 1259
185 1354
186 142
186 418
186 734
186 1259
186 1447
186 1682
186 1852
187 337
187 620
187 1224
187 1509
187 1741
188 1005
188 1029
188 1188
189 134
189 164
189 218
189 535
189 601
189 851
189 957
189 996
189 1000
189 1142
190 699
190 1079
190 1209
190 1229
190 1303
191 127
191 217
191 1149
192 928
192 935
192 1096
192 1171
193 106
193 352
193 465
193 1069
194 748
194 767
194 810
194 1228
194 1576
195 117
195 326
195 840
195 1117
195 1422
195 1455
195 1799
196 30
196 316
196 633
196 1057
196 1371
196 1447
197 433
197 1460
197 1926
198 270
198 758
198 1862
199 209
199 1239
200 64
200 113
200 403
200 1122
200 1336
201 41
201 65
201 176
201 254
201 265
201 482
201 1410
201 1673
201 1843
202 149
202 651
202 1297
203 166
203 509
203 596
203 871
203 1236
203 1266
203 1366
203 1523
204 419
204 1517
204 1781
204 1959
205 177
205 522
205 935
205 1606
206 547
206 614
206 1249
206 1259
206 1712
207 158
207 296
207 883
208 258
208 666
208 873
208 1817
208 1839
209 168
209 352
209 1577
209 1857
209 1951
210 344
210 682
210 1391
210 1875
211 356
211 486
211 624
211 981
211 1145
211 1195
212 706
212 767
212 1133
212 1305
212 1440
212 1938
213 904
213 974
213 1369
213 1771
213 1784
213 1834
214 310
214 351
214 808
214 961
214 1190
214 1253
214 1611
214 1631
214 1790
215 339
215 1361
215 1833
216 515
216 705
216 1127
217 245
217 1052
217 1356
217 1699
217 1700
217 1792
217 1895
218 680
218 756
218 913
218 971
218 1537
218 1938
219 89
219 548
219 1052
219 1192
219 1464
220 39
221 907
221 1435
222 2
222 5
222 818
222 941
222 1576
222 1718
223 1360
223 1569
224 317
224 366
224 1399
225 570
225 1319
225 1408
225 1646
225 1981
226 312
226 329
226 1825
227 359
227 425
227 655
227 743
228 1
228 221
228 635
228 830
228 1007
228 1305
228 1505
229 241
229 961
230 18
230 203
230 392
230 822
230 1398
230 1541
231 630
231 1262
231 1717
232 359
232 444
232 1528
233 63
233 279
233 414
233 972
233 1272
233 1541
233 1986
234 252
234 1218
234 1293
234 1377
234 1480
234 1698
234 1734
234 1747
235 413
235 903
235 927
235 1748
235 1835
236 465
236 704
236 907
236 1362
236 1765
236 1821
237 147
237 470
237 608
237 801
237 803
237 900
237 1090
237 1546
237 1577
237 1841
237 1977
238 231
238 354
238 1410
238 1927
239 65
239 926
239 1117
239 1368
239 1432
239 1555
239 1636
239 1847
240 101
240 230
240 683
240 983
240 1856
240 1923
240 1959
241 418
241 1487
241 1583
241 1826
241 1862
241 1886
242 186
242 426
242 768
242 869
242 1034
242 1226
242 1377
242 1631
242 1974
243 235
243 302
243 516
243 1046
243 1330
243 1420
243 1893
244 21
244 784
244 996
244 1394
245 327
245 1400
245 1593
245 1659
245 1917
245 1945
246 213
246 495
246 739
246 761
246 936
246 1508
246 1785
246 1786
246 1967
246 1984
247 641
247 1542
248 233
248 613
248 1490
248 1562
248 1734
249 55
249 95
249 424
249 480
249 617
249 1675
250 213
250 816
250 1127
250 1225
250 1300
250 1495
250 1791
250 1806
251 37
251 342
251 477
251 1151
251 1863
252 702
252 751
252 1634
253 11
253 454
253 1046
253 1117
254 181
254 450
254 880
254 1032
254 1248
254 1399
254 1643
254 1732
255 497
255 679
255 853
255 1062
255 1542
255 1563
255 1738
255 1805
256 195
256 498
256 892
256 973
257 118
257 583
257 1129
257 1264
257 1519
257 1976
258 420
258 889
258 1315
258 1563
258 1722
259 3
259 726
259 793
259 1408
259 1859
260 270
260 913
260 1468
261 501
261 694
261 1121
261 1280
261 1338
261 1357
261 1648
262 233
262 524
262 1854
263 369
263 547
263 1330
263 1625
263 1731
264 509
264 1850
264 1869
265 253
265 832
265 974
265 1039
265 1217
265 1455
265 1576
265 1736
265 1929
266 756
266 940
266 1493
266 1636
266 1705
267 1044
267 1305
267 1549
267 1840
267 1966
268 109
268 339
268 1016
268 1024
268 1159
268 1193
268 1265
268 1497
268 1838
269 121
269 278
269 282
269 916
269 1215
269 1871
269 1979
270 492
270 728
270 1085
270 1222
270 1366
270 1902
270 1924
271 331
271 374
271 625
271 1714
271 1914
272 48
272 1263
272 1474
272 1821
273 84
273 228
273 326
273 938
273 986
273 1247
273 1845
274 50
274 332
274 508
274 725
274 837
274 862
274 1391
275 98
275 321
275 337
275 359
275 409
275 538
275 1054
275 1128
275 1249
275 1459
276 455
276 955
276 1525
276 1903
278 1256
278 1297
278 1600
278 1843
278 1937
279 685
279 691
279 1090
279 1571
280 190
280 646
280 807
280 931
280 1092
280 1214
280 1682
281 12
281 355
281 530
281 746
281 818
281 1218
281 1239
281 1468
282 385
282 497
282 572
282 1253
282 1894
283 554
283 849
283 1361
284 244
284 435
284 528
284 659
284 1510
284 1603
285 211
285 768
285 800
285 1377
285 1489
285 1849
286 65
286 91
286 308
286 1494
286 1594
286 1608
286 1610
286 1769
286 1802
287 680
288 94
288 152
288 474
288 664
288 665
288 752
288 1194
289 729
289 924
289 1183
289 1356
289 1513
289 1544
289 1990
290 154
290 706
290 907
290 1181
290 1923
291 361
291 605
291 1349
291 1474
291 1979
292 317
292 1326
292 1833
292 1939
293 74
293 191
293 658
293 1158
293 1455
293 1562
293 1773
294 217
294 1149
294 1682
295 431
295 486
295 690
295 737
295 850
295 1054
295 1563
295 1888
296 1556
297 179
297 1073
297 1927
298 153
298 520
298 1019
298 1574
298 1783
298 1967
299 922
299 1145
299 1236
299 1336
299 1484
300 88
300 813
300 1346
300 1749
301 1050
301 1158
301 1933
302 1015
302 1096
302 1275
302 1388
302 1451
303 194
303 238
303 307
303 955
303 1150
303 1181
303 1420
303 1836
303 1980
304 187
304 1506
304 1960
305 139
305 194
305 375
305 560
305 847
305 1141
305 1158
305 1398
305 1472
306 211
306 476
306 646
306 1111
306 1461
306 1912
307 699
307 1352
307 1536
307 1798
308 619
308 884
308 893
308 1208
308 1459
308 1701
308 1764
308 1847
309 387
309 557
309 742
309 1077
309 1990
310 1254
310 1783
311 332
311 471
311 1147
311 1192
311 1869
312 408
312 462
312 553
312 579
312 686
312 704
312 706
312 1640
313 1352
314 259
314 267
314 642
314 710
314 1231
314 1550
314 1660
315 316
315 626
315 693
315 1442
315 1563
316 933
316 1608
316 1617
316 1822
317 97
317 114
317 529
317 1423
317 1836
317 1871
318 105
318 269
318 1869
319 309
319 334
319 417
319 676
319 712
319 940
319 1346
319 1753
320 722
320 887
320 1915
321 531
321 824
321 1334
321 1405
321 1590
322 187
322 282
322 321
322 432
322 945
322 1288
322 1538
322 1571
323 527
323 594
323 703
323 722
323 881
323 1018
323 1020
323 1862
324 55
324 675
324 870
325 734
325 939
325 1007
326 161
326 641
326 819
326 1065
326 1690
326 1756
326 1991
327 676
327 752
327 754
327 768
327 1364
327 1370
327 1826
328 278
328 576
328 798
328 1809
329 77
329 253
329 290
329 520
329 627
329 762
329 813
329 864
329 1057
329 1252
329 1428
329 1683
329 1857
329 1937
330 1688
331 521
331 583
331 1337
332 143
332 831
332 1297
333 86
333 122
333 1910
333 1922
333 1957
334 118
334 246
335 160
335 1013
335 1651
335 1859
335 1875
336 653
336 973
336 1119
336 1577
336 1599
337 547
337 604
337 1114
338 56
338 119
338 1059
338 1157
338 1322
338 1330
338 1511
338 1584
339 83
339 223
339 701
339 1338
340 221
340 1121
341 78
341 1143
341 1389
341 1431
341 1629
341 1798
342 373
342 780
342 1141
342 1616
342 1806
342 1812
343 202
343 351
343 794
343 1296
343 1454
344 77
344 595
345 464
345 1250
345 1332
345 1716
345 1781
345 1875
346 189
346 364
346 401
346 1303
346 1864
347 136
347 732
348 278
348 301
348 306
348 845
348 913
348 964
348 1951
349 145
349 531
349 700
349 727
349 1156
349 1304
349 1479
350 322
350 340
350 433
350 517
350 859
350 895
350 1553
351 40
351 190
351 1122
351 1679
352 1092
352 1240
352 1810
352 1905
353 86
353 325
353 467
353 747
354 303
354 1978
355 227
355 362
355 462
355 773
355 779
355 848
355 858
355 968
355 1001
355 1634
356 112
356 1146
356 1462
356 1693
356 1785
356 1960
357 1357
357 1829
358 305
358 955
358 967
358 1451
358 1622
359 1446
360 11
360 136
360 188
360 276
360 678
360 813
360 942
360 1796
360 1987
361 493
361 546
361 913
361 1019
361 1135
361 1698
361 1869
362 176
362 430
362 607
362 1453
362 1642
362 1647
362 1975
363 225
363 467
363 837
363 1800
363 1894
364 477
364 753
364 1850
364 1990
365 323
365 458
365 661
365 696
365 1204
365 1270
365 1283
365 1809
366 456
366 463
366 560
366 695
366 756
366 1042
367 250
367 481
367 787
367 1193
367 1713
367 1824
367 1940
368 62
368 1453
369 477
369 971
369 1265
369 1385
369 1983
370 100
370 225
370 1439
370 1462
371 756
371 1180
371 1858
372 12
372 22
372 589
372 1501
372 1525
372 1619
372 1686
372 1726
373 448
373 713
373 802
373 1703
373 1872
374 94
374 982
374 1900
375 365
375 649
375 1950
376 320
376 986
376 1128
377 359
377 865
377 1278
378 154
378 234
378 860
378 886
378 1428
378 1730
379 47
379 186
379 1006
379 1624
380 830
380 1035
380 1829
381 845
381 1212
381 1683
382 724
382 1956
383 1367
383 1655
383 1974
385 162
385 424
385 524
385 690
385 763
385 997
385 1571
385 1994
386 52
386 381
386 520
386 542
386 1014
386 1038
386 1322
386 1699
386 1916
387 118
387 498
387 1408
387 1910
388 385
388 971
388 1960
389 555
389 1082
389 1724
390 69
390 514
390 801
390 815
390 927
390 1020
391 593
391 680
391 810
391 1811
391 1913
392 57
392 177
392 1292
393 33
393 164
393 546
394 248
394 267
394 1341
394 1673
395 481
395 715
395 780
396 418
396 571
396 1616
396 1647
396 1865
397 1127
398 151
398 245
398 276
398 1306
399 176
399 463
399 563
399 922
399 1353
399 1860
399 1864
399 1906
400 1867
401 60
401 904
402 569
402 1531
402 1707
402 1799
403 38
403 150
403 177
403 1515
403 1932
404 145
404 305
404 677
404 815
404 886
404 1134
404 1604
405 68
405 444
405 494
405 808
405 1291
405 1699
406 224
406 438
406 464
406 526
406 743
406 1818
407 52
407 319
407 485
407 663
407 693
407 696
407 835
407 1385
408 26
408 561
408 1160
408 1341
408 1367
408 1651
409 450
409 602
409 760
409 1503
409 1797
410 55
410 226
410 403
410 821
410 1076
410 1593
411 222
411 244
411 541
411 1042
411 1434
411 1548
411 1705
412 253
412 312
412 386
412 874
412 1009
412 1071
413 49
413 1297
413 1334
413 1435
413 1609
414 218
414 368
414 454
414 685
414 807
414 1197
414 1251
414 1387
414 1642
414 1675
414 1944
415 744
415 903
415 1179
415 1500
415 1785
416 66
416 287
416 640
416 1161
416 1168
416 1428
417 708
417 983
417 1014
417 1213
418 727
418 1578
419 513
419 531
419 1463
419 1563
419 1662
420 85
420 369
420 573
420 699
420 1018
420 1499
420 1606
420 1709
421 286
421 457
421 1836
422 209
423 121
423 204
423 325
423 672
423 676
423 1232
423 1260
423 1273
423 1386
423 1781
424 261
424 492
424 1295
425 77
425 217
425 285
425 517
425 1388
426 629
426 800
426 1470
426 1635
426 1807
426 1927
427 965
427 1938
428 151
428 174
428 195
428 450
428 1188
429 87
429 498
429 741
429 1000
430 79
430 126
430 988
430 1711
430 1721
431 233
431 465
431 524
431 825
431 1636
431 1902
432 523
432 585
432 1543
432 1691
433 149
433 177
433 284
433 501
433 762
433 940
433 1092
433 1203
434 450
434 1723
434 1778
435 39
435 407
435 1508
435 1936
436 572
436 778
436 1177
436 1308
437 293
437 305
437 776
437 1389
438 625
438 719
438 1325
438 1799
438 1880
439 694
439 1369
439 1568
439 1699
439 1721
439 1804
440 380
440 659
440 943
440 1006
441 405
441 756
441 926
441 1306
441 1362
441 1603
441 1757
441 1921
442 68
443 5
443 174
443 780
443 1276
443 1408
443 1628
443 1877
444 453
444 635
444 1669
445 471
445 583
445 1181
445 1218
446 404
446 1235
446 1473
446 1627
447 307
447 1044
447 1504
447 1645
448 257
448 285
448 311
448 327
448 704
448 738
448 787
448 1083
448 1721
449 60
449 278
449 300
449 1011
449 1346
450 838
450 980
450 1554
450 1797
451 30
451 156
451 377
451 479
451 1191
451 1287
452 117
452 183
452 337
452 881
452 1891
453 913
453 972
453 1800
453 1999
454 535
454 588
454 660
454 906
454 1668
454 1802
454 1914
455 141
455 360
455 409
455 657
455 726
455 980
455 1026
456 119
456 215
456 301
456 776
456 897
456 1127
456 1442
456 1622
456 1904
457 250
457 475
457 1182
457 1199
457 1266
458 695
458 878
458 921
458 970
458 1799
458 1872
459 663
459 697
459 723
459 1915
460 83
460 357
460 1315
460 1945
461 539
461 884
461 1022
461 1625
461 1764
461 1967
462 653
462 1352
462 1493
463 16
463 146
463 609
463 659
463 1123
463 1247
464 492
464 1003
464 1060
464 1071
464 1419
464 1954
465 894
465 910
465 1422
465 1647
466 53
466 59
466 312
466 1168
466 1631
467 251
467 437
467 504
467 689
467 944
467 956
467 1140
467 1180
467 1500
468 7
468 196
468 621
468 1087
468 1139
468 1403
468 1780
469 15
469 72
469 234
469 402
469 1247
469 1832
470 202
470 315
470 400
470 496
470 584
470 798
470 858
470 1166
470 1523
470 1946
471 706
471 841
471 1310
472 163
472 839
472 855
472 1391
472 1475
473 449
473 546
473 988
473 1054
473 1251
473 1883
474 239
474 632
474 737
475 451
475 930
475 1014
475 1080
475 1308
475 1880
476 458
476 577
476 1529
476 1701
476 1976
477 152
477 213
477 437
477 1505
477 1528
477 1600
477 1773
477 1826
478 421
478 804
478 1001
478 1026
478 1335
478 1675
478 1781
479 214
479 1284
479 1518
479 1526
479 1956
480 838
480 1072
480 1653
480 1740
480 1864
481 384
481 469
481 1184
481 1892
482 1577
483 96
483 443
483 539
483 1381
484 319
484 1346
485 96
485 458
485 507
485 560
485 1167
486 501
486 1118
486 1201
486 1270
486 1898
486 1960
487 250
488 331
488 546
488 1430
488 1857
489 252
489 683
489 1122
489 1566
489 1902
490 147
491 100
491 106
491 289
491 291
491 946
491 1014
491 1245
491 1827
492 93
492 387
492 494
492 550
492 832
492 1995
493 208
493 664
493 1150
493 1283
494 321
494 1108
494 1202
494 1444
494 1664
494 1854
495 589
495 1166
495 1787
495 1940
496 151
496 206
496 221
496 546
496 1005
496 1367
496 1466
496 1780
496 1916
497 691
497 727
497 977
497 1732
498 229
498 405
498 1475
498 1642
498 1680
499 43
499 360
499 1156
499 1671
499 1749
499 1751
499 1796
500 1
500 331
500 538
500 912
500 1001
500 1409
500 1563
501 472
501 1352
501 1357
501 1468
502 350
502 756
502 1037
502 1682
502 1719
502 1750
503 231
503 769
503 1523
503 1560
504 203
504 563
504 705
504 1116
504 1350
505 64
505 301
505 1153
506 47
506 187
506 973
506 1441
506 1570
506 1808
507 65
507 226
507 419
507 658
507 902
507 988
507 1654
507 1685
508 668
508 740
508 1025
508 1089
508 1737
509 175
509 322
509 338
509 1405
509 1942
510 447
510 1125
510 1636
510 1709
511 103
511 341
511 588
511 1204
512 73
512 485
512 1573
512 1787
512 1915
513 37
513 955
513 1448
514 185
514 351
514 1162
514 1522
514 1620
514 1657
514 1935
515 503
515 894
515 1019
515 1183
515 1891
516 318
516 1039
516 1055
516 1108
516 1935
517 88
517 400
517 603
517 1116
517 1394
518 66
518 273
518 328
518 540
518 727
519 247
519 857
520 27
520 53
520 558
520 1108
521 645
521 915
521 1296
521 1940
522 1181
522 1264
523 127
523 183
524 8
524 147
524 311
524 363
524 838
524 865
524 1095
524 1559
524 1716
525 112
525 176
525 296
525 846
525 1187
525 1878
526 224
526 734
526 1076
526 1538
526 1836
527 66
527 333
527 1063
527 1511
527 1539
527 1810
528 168
528 377
528 566
528 567
528 1970
529 591
529 994
529 1339
530 146
530 434
530 801
530 1016
530 1830
531 290
531 615
531 1014
531 1501
532 480
532 739
532 1133
532 1251
533 359
533 1051
534 129
534 267
534 336
534 922
534 1766
535 488
535 1384
535 1794
535 1989
536 287
536 426
537 130
537 163
537 400
537 694
537 1201
537 1949
538 817
538 1035
538 1701
538 1919
539 114
539 1141
540 467
540 1300
540 1731
540 1928
541 379
541 634
541 1288
541 1492
541 1690
542 23
542 72
542 179
542 239
542 247
542 444
542 575
542 702
542 827
542 1463
542 1953
543 44
543 73
543 986
543 1894
544 414
544 1152
544 1568
544 1845
545 871
545 958
545 1103
545 1220
545 1831
546 228
546 657
546 1937
547 222
547 622
547 779
547 1295
547 1914
548 676
548 1048
548 1282
548 1371
548 1885
549 146
549 487
549 501
549 787
549 883
550 684
550 733
550 886
550 1326
550 1356
550 1489
550 1492
550 1716
551 1913
552 139
552 393
552 581
552 1112
552 1261
553 109
553 447
553 527
553 1172
553 1402
553 1517
554 1
554 59
555 765
555 931
555 952
555 989
555 1230
555 1340
555 1568
555 1931
556 330
556 367
556 1902
556 1946
557 116
557 1539
557 1781
557 1832
557 1994
558 906
558 1077
558 1128
558 1373
558 1432
558 1599
558 1767
559 247
559 668
559 906
559 1665
559 1710
559 1873
560 981
560 1038
560 1059
560 1260
560 1441
560 1687
560 1713
561 171
561 619
561 687
561 1395
561 1758
562 28
562 154
562 201
562 375
562 1047
562 1415
562 1754
563 1491
563 1512
563 1606
563 1724
563 1928
563 1939
563 1950
564 870
564 1364
564 1482
565 35
565 97
565 831
565 1417
565 1561
565 1622
566 248
566 631
566 1218
567 613
567 804
567 1484
567 1502
567 1845
568 137
568 596
568 663
568 1236
568 1352
568 1751
568 1840
569 457
569 1082
569 1355
569 1692
569 1961
570 105
570 408
570 494
570 503
570 730
570 1199
570 1200
571 277
571 467
571 583
571 1203
571 1338
571 1540
572 247
572 402
572 666
572 756
572 896
573 191
573 1263
573 1550
573 1607
574 187
574 331
574 586
574 771
574 1218
574 1226
574 1365
575 675
575 930
575 1434
576 397
576 1282
576 1345
576 1450
577 344
577 420
577 1183
578 136
578 254
578 639
579 197
579 234
579 457
579 512
579 517
579 687
579 881
579 1529
579 1652
580 390
580 671
580 1574
580 1600
581 637
581 1395
581 1608
582 106
582 559
582 1308
582 1492
582 1777
583 80
583 267
583 296
583 307
583 563
583 641
583 1115
583 1164
583 1218
583 1333
583 1597
583 1738
584 835
584 923
585 20
585 665
585 727
585 1342
585 1405
585 1946
585 1981
586 20
586 336
586 986
586 1808
586 1944
587 70
587 511
587 575
587 787
587 1023
587 1397
587 1473
587 1571
588 9
588 1055
589 588
589 979
589 1609
589 1909
590 266
590 325
590 520
590 870
590 1221
590 1479
590 1777
591 155
591 384
591 847
591 866
591 1044
591 1170
591 1421
591 1646
591 1984
592 147
592 248
592 480
592 698
592 1454
593 309
593 484
593 764
593 1388
593 1708
594 25
594 198
594 1155
595 462
595 1053
595 1065
595 1953
596 779
596 1577
596 1807
597 255
597 1445
597 1968
598 47
598 1249
598 1257
598 1683
598 1970
598 1988
599 23
599 627
599 864
599 1558
599 1628
600 54
600 283
600 402
600 405
600 593
600 901
600 1453
601 284
601 297
601 481
601 689
601 937
601 1059
601 1293
601 1672
602 631
602 792
602 1374
602 1721
602 1889
603 697
603 1273
603 1383
603 1402
603 1590
603 1727
603 1907
603 1908
603 1946
604 671
604 712
604 988
605 870
605 969
605 1145
605 1576
606 1253
606 1386
607 65
607 661
607 941
607 1660
607 1667
607 1789
607 1834
607 1984
608 1456
608 1831
609 349
609 361
609 534
609 696
609 788
609 1158
609 1265
609 1348
610 831
610 1048
610 1748
611 274
611 352
611 523
611 882
611 896
611 1276
612 717
613 1455
613 1476
614 419
614 448
614 1753
614 1980
615 139
615 309
615 389
615 437
615 781
615 922
615 1642
616 14
616 46
616 871
616 1095
616 1773
617 398
617 1722
618 1486
618 1533
618 1804
618 1900
619 1001
619 1809
620 298
620 407
620 570
620 897
620 1030
620 1355
620 1980
621 1037
621 1539
621 1566
621 1586
622 261
622 508
622 697
622 888
622 1366
622 1531
622 1572
622 1971
623 94
623 308
623 898
623 1008
623 1379
624 35
624 441
624 537
624 1455
624 1856
625 254
625 361
625 798
625 1512
625 1645
625 1752
625 1781
626 1404
626 1958
627 100
627 181
627 225
627 551
627 661
627 804
627 870
627 1157
627 1524
627 1589
628 450
628 780
628 1197
628 1250
628 1661
628 1720
628 1892
629 479
629 810
629 863
629 984
629 1349
629 1428
630 137
630 275
630 1042
630 1399
630 1657
630 1879
631 384
631 496
631 1539
632 699
632 1200
632 1294
632 1417
633 319
633 469
633 758
633 889
633 936
633 1310
634 648
634 772
634 1527
635 98
635 1367
635 1567
635 1615
635 1997
636 1010
636 1186
636 1596
636 1834
637 393
637 422
637 1721
637 1796
637 1953
638 614
638 1210
639 384
639 538
639 661
639 668
639 1176
639 1221
639 1254
639 1327
640 673
640 964
640 1217
640 1249
640 1442
640 1509
641 1121
641 1427
642 825
642 1250
643 443
643 1002
643 1988
644 75
644 863
644 1894
645 308
645 699
646 252
646 386
646 476
646 974
646 1014
646 1253
646 1422
646 1483
647 109
647 188
647 605
647 1686
647 1938
648 495
648 792
648 1078
648 1461
648 1478
648 1961
649 130
649 1289
649 1512
650 91
650 203
650 1227
650 1328
651 80
651 380
651 738
651 1026
651 1117
651 1969
652 549
652 848
652 911
652 962
652 1896
652 1973
653 126
653 588
653 876
653 1791
653 1951
653 2000
654 41
654 84
654 100
654 662
654 1413
654 1549
654 1702
654 1797
655 91
655 1060
655 1100
655 1317
655 1411
656 373
656 1268
656 1702
657 490
657 651
657 776
657 1502
657 1555
657 1771
657 1823
657 1910
658 102
658 414
658 960
658 1266
658 1698
658 1846
659 817
659 933
659 1215
659 1754
659 1834
660 33
660 349
661 125
661 835
661 1575
662 168
662 178
662 507
662 1062
662 1190
662 1212
662 1487
663 670
663 1502
664 10
664 97
664 213
664 286
664 692
664 1329
664 1439
664 1557
664 1608
665 375
665 609
666 654
666 898
666 1737
667 679
667 911
668 83
668 402
668 1445
668 1656
668 1700
668 1795
668 1909
669 751
669 865
669 890
669 1504
669 1537
669 1959
670 29
670 404
670 853
670 1186
670 1701
671 40
671 383
671 589
671 599
671 1274
671 1539
671 1998
672 1078
673 633
673 897
673 1069
673 1648
673 1876
674 198
674 219
674 666
674 1009
674 1254
674 1421
674 1649
675 43
675 231
675 579
675 658
675 1009
675 1076
675 1170
675 1363
675 1934
676 185
676 377
676 1089
676 1205
676 1638
677 295
677 372
677 741
677 1082
677 1368
678 88
678 714
678 827
678 1125
678 1308
678 1604
678 1804
678 1879
679 143
679 195
679 811
680 780
680 986
680 1963
681 531
681 533
681 553
682 138
682 572
682 1137
683 289
683 455
683 1625
683 1764
683 1809
684 100
684 510
684 1164
684 1883
685 438
685 487
685 1665
685 1833
686 732
686 1177
686 1555
686 1577
686 1645
687 922
687 1739
687 1755
688 21
688 156
688 487
688 830
688 1054
688 1405
689 229
689 482
689 1689
690 109
690 251
690 769
690 1150
690 1151
690 1319
690 1410
690 1763
691 1440
691 1465
692 960
692 1269
692 1787
692 1933
693 1245
693 1685
693 1727
693 1753
694 1024
694 1454
694 1497
694 1796
695 70
695 199
695 355
695 1769
696 2
696 351
696 397
696 512
696 914
696 1650
696 1915
697 361
697 458
697 947
697 1040
697 1270
697 1545
697 1673
697 1844
698 228
698 466
698 904
698 918
698 951
698 1163
698 1239
699 269
699 1168
699 1840
700 192
700 423
700 866
700 1603
700 1855
701 284
701 858
701 1728
702 218
702 440
702 479
702 996
702 1023
703 53
703 382
703 414
703 567
703 1459
703 1973
704 136
704 486
705 668
705 986
705 1356
705 1922
706 437
706 676
706 1092
706 1364
706 1917
706 1945
707 1718
708 874
708 985
708 1259
709 1700
710 150
710 864
710 965
710 1216
710 1591
710 1696
710 1725
711 550
711 1234
711 1258
711 1601
711 1702
712 82
712 444
712 1114
712 1170
712 1281
713 428
713 542
713 1095
713 1395
713 1481
714 130
714 258
714 459
714 1068
714 1254
715 930
715 1040
715 1304
715 1390
715 1524
715 1714
715 1904
715 1981
716 649
716 867
716 1063
716 1119
716 1347
717 454
717 637
717 1019
718 460
718 878
718 1040
718 1132
718 1245
718 1426
718 1577
718 1660
718 1826
718 1838
719 144
719 752
719 947
719 991
719 1223
719 1568
720 80
720 92
720 517
720 633
720 1312
720 1547
721 712
721 1027
721 1148
722 254
722 630
723 151
723 192
723 215
723 547
723 824
723 1142
723 1760
723 1786
724 167
724 895
724 1329
724 1578
724 1806
725 133
725 1112
725 1395
726 867
726 1905
726 1993
727 1708
728 161
728 300
728 868
728 1144
728 1247
729 621
729 941
729 1003
729 1520
729 1643
729 1728
729 1936
729 1978
730 318
730 625
730 708
730 1476
731 518
731 1082
731 1135
731 1395
731 1528
732 457
732 835
732 938
732 1740
732 1904
733 1107
733 1187
733 1985
734 80
734 773
734 952
734 1002
734 1095
734 1273
734 1951
736 35
736 87
736 368
736 372
736 922
736 1314
736 1736
737 660
737 1073
737 1130
737 1359
737 1430
738 834
738 1026
738 1030
738 1094
738 1256
738 1453
738 1954
739 70
739 188
739 644
739 1186
739 1443
739 1884
739 1908
740 138
740 177
740 259
740 1488
740 1544
740 1689
740 1770
740 1783
741 562
742 117
742 704
742 859
742 983
742 1096
742 1343
743 156
743 693
743 842
743 1543
744 61
744 817
744 1120
744 1395
745 97
745 193
745 616
745 721
745 865
745 1902
746 315
746 674
746 1100
746 1455
747 21
747 52
747 999
748 179
748 555
748 556
748 1393
749 847
749 992
749 1091
749 1134
749 1608
749 1682
750 403
750 552
750 1010
750 1208
750 1255
750 1599
750 1743
750 1988
751 417
751 862
751 984
751 1389
752 184
752 502
752 636
752 955
752 1530
752 1884
753 510
753 1238
753 1260
753 1423
754 200
754 541
754 633
754 724
754 965
754 1169
754 1496
754 1518
754 1688
754 1954
754 1955
755 595
755 883
755 910
755 1038
755 1105
755 1555
755 1720
756 1915
757 61
757 874
758 156
758 373
758 1164
758 1210
758 1467
758 1544
758 1558
758 1805
759 359
759 530
759 1312
759 1640
760 421
760 556
760 661
760 1559
761 825
761 927
761 1015
761 1147
761 1413
762 1108
762 1253
762 1761
763 106
763 126
763 133
763 1497
763 1598
763 1935
764 550
764 612
764 649
764 650
764 1469
764 1901
765 1605
765 1888
766 144
766 967
766 1053
766 1081
766 1297
766 1468
766 1855
766 1896
767 255
767 1021
767 1738
768 111
768 965
768 1360
768 1424
768 1579
769 234
769 390
769 623
769 1072
770 92
770 489
770 843
770 1047
770 1582
771 112
771 213
771 861
771 1551
771 1694
771 1837
772 185
772 680
772 919
772 1406
772 1591
772 1600
772 1801
772 1848
773 589
773 1106
773 1109
773 1112
773 1384
773 1481
773 1709
773 1727
773 1849
774 708
774 893
774 1019
774 1628
774 1945
774 1973
774 1977
775 17
775 471
775 959
775 1965
776 384
776 542
776 733
776 1030
776 1645
776 1919
777 185
777 1050
777 1549
777 1971
778 390
778 477
778 1002
778 1336
778 1503
778 1766
778 1972
779 109
779 145
779 639
779 949
779 1048
780 119
780 338
780 750
780 1510
780 1646
781 457
781 1033
781 1180
781 1497
781 1574
781 1982
782 380
782 1130
783 351
783 354
783 1187
783 1325
783 1377
783 1611
783 1911
784 542
784 1792
784 1830
784 1929
785 277
785 369
785 480
785 533
785 1094
785 1213
785 1795
785 1986
786 184
786 835
786 1190
786 1525
787 666
787 872
787 901
787 1085
787 1705
787 1764
787 1967
788 458
788 586
788 925
788 1587
788 1645
788 1988
789 179
789 515
789 543
789 630
789 1525
789 1728
789 1859
789 1863
790 180
790 455
790 898
790 1017
790 1542
790 1577
790 1623
790 1713
790 1999
791 239
791 974
791 1408
791 1723
791 1763
791 1921
791 1988
792 320
792 390
792 955
792 1315
792 1516
792 1560
793 388
793 1393
793 1498
793 1515
794 103
794 1631
795 78
795 95
795 368
795 420
795 451
795 771
796 312
796 665
796 1425
797 39
797 1093
797 1166
797 1694
797 1797
797 1933
798 1396
798 1482
799 369
799 816
800 871
800 1067
800 1697
800 1937
801 385
801 788
801 1172
801 1251
801 1516
802 785
802 800
802 1497
802 1922
803 178
804 332
804 738
804 815
804 1277
804 1413
805 210
805 608
805 1389
806 128
806 195
806 737
806 1133
806 1254
806 1678
807 149
807 350
807 1248
807 1398
808 1453
809 699
809 721
809 728
810 108
810 128
810 218
810 519
810 1189
810 1421
810 1731
810 1891
811 205
811 266
811 425
811 1260
811 1308
811 1383
811 1476
811 1549
811 1847
812 80
812 352
812 354
812 468
813 376
813 687
813 996
813 1023
813 1079
813 1189
813 1751
813 1959
814 1023
814 1114
814 1155
814 1913
815 1222
815 1738
816 375
816 395
816 553
816 1082
816 1173
816 1233
816 1692
817 663
817 885
817 1110
817 1427
817 1784
818 260
818 500
818 1250
820 599
820 972
821 237
821 840
821 1468
822 894
822 946
822 1491
822 1973
823 1410
823 1925
824 265
824 849
824 1004
824 1122
824 1457
825 684
825 829
825 1913
826 103
826 262
826 1251
826 1644
826 1946
827 39
827 260
827 337
827 1151
827 1198
827 1659
827 1769
828 40
828 319
828 333
828 539
828 1795
828 1908
829 99
829 404
829 665
829 687
829 1158
829 1588
829 1624
830 578
830 1108
830 1799
830 1945
830 1946
831 398
831 1056
831 1688
831 1832
832 655
832 725
832 1069
832 1253
832 1267
832 1971
833 218
833 455
833 568
833 978
833 1492
834 509
834 912
834 1018
834 1157
834 1367
834 1781
835 345
835 400
835 1017
835 1305
836 989
836 1107
836 1370
836 1470
836 1648
837 86
837 245
837 372
837 666
837 701
837 947
837 1018
837 1391
838 76
838 1317
838 1505
839 30
839 484
839 867
839 1640
839 1868
840 4
840 146
840 1233
840 1371
840 1863
841 514
841 792
841 1024
841 1618
841 1621
842 811
842 1352
842 1872
842 1970
843 517
843 613
843 646
843 1273
843 1727
843 1971
844 21
844 1716
844 1862
845 139
845 597
845 813
845 1386
845 1974
846 382
846 936
846 1662
847 134
847 767
847 969
847 1230
847 1582
848 391
848 454
848 1153
848 1357
849 20
849 277
849 1810
849 1867
850 195
850 439
850 1488
851 1133
851 1310
852 50
852 54
852 327
852 563
852 928
852 1190
852 1393
852 1757
852 1822
853 328
853 1427
854 785
854 831
854 1152
854 1347
854 1421
855 58
855 95
855 611
855 735
855 751
855 787
855 1467
855 1487
855 1578
856 514
856 777
856 1031
857 200
857 208
857 326
857 392
857 1825
857 1896
858 84
858 439
858 565
858 1556
858 1613
858 1632
858 1800
858 1805
859 815
859 962
859 1130
859 1386
859 1791
860 506
860 805
861 36
861 479
861 808
861 821
861 1579
861 1730
861 1835
862 601
862 757
862 1141
863 251
863 668
863 1300
863 1653
864 268
864 313
864 588
864 857
865 614
865 645
865 1614
865 1661
865 1878
866 150
866 765
866 1823
867 43
867 68
867 352
867 764
867 956
867 1054
867 1458
867 1928
868 591
868 794
868 1404
868 1481
869 130
869 462
869 639
869 693
869 1211
869 1777
870 4
870 57
870 296
870 325
870 1751
871 28
871 68
871 381
871 950
871 960
871 1197
871 1336
871 1882
872 656
872 732
872 752
872 1170
872 1529
873 840
873 1166
873 1262
873 1513
873 1681
874 49
874 424
874 1149
874 1369
874 1538
875 118
875 354
875 1219
876 265
876 609
876 704
876 896
876 1556
877 263
877 788
877 1505
877 1615
877 1722
877 1781
877 1963
878 52
878 89
878 118
878 243
878 1010
878 1191
878 1713
878 1882
879 340
879 1412
880 272
880 282
880 720
880 934
880 1100
880 1248
880 1680
880 1781
880 1972
881 68
881 72
881 286
881 293
881 472
881 652
881 677
881 1457
882 699
882 819
882 957
882 991
882 1594
882 1616
883 667
883 795
883 1023
883 1623
883 1761
884 1019
884 1132
884 1691
884 1731
885 185
885 526
885 823
885 961
885 1946
885 1959
886 156
886 1365
886 1461
887 247
887 561
887 1341
887 1576
887 1597
887 1753
888 902
888 1335
888 1348
888 1507
888 1961
889 384
889 1631
889 1993
890 1019
890 1082
890 1104
890 1848
890 1955
891 231
891 381
891 445
891 830
891 1162
891 1695
892 228
892 699
892 716
892 865
892 914
892 1527
892 1710
893 546
893 672
893 700
893 710
893 832
893 1671
893 1686
893 1888
894 1287
895 168
895 351
895 806
895 1282
895 1844
896 293
896 680
896 828
896 1060
896 1724
896 1851
897 491
897 800
897 1383
897 1403
897 1526
897 1556
898 401
898 580
898 628
898 921
898 1478
899 78
899 247
899 253
899 322
899 702
899 1935
900 1
900 18
900 321
900 810
900 867
900 875
900 1072
900 1143
900 1422
900 1452
901 1099
901 1102
901 1523
901 1606
901 1649
902 341
902 377
902 516
902 733
902 1120
902 1406
902 1584
902 1835
902 1858
902 1932
903 575
903 1096
904 350
904 944
905 603
905 645
905 780
905 1000
905 1268
905 1323
905 1328
905 1460
905 1600
905 1835
906 567
906 709
906 977
906 1151
906 1245
907 371
907 770
907 915
907 1234
907 1637
908 32
908 292
908 345
908 789
908 1152
908 1437
908 1879
908 1954
909 1458
909 1703
909 1876
910 54
910 483
910 833
910 1160
911 575
911 781
912 1173
912 1263
912 1421
913 492
913 867
913 1201
914 20
915 465
915 994
915 1292
915 1388
915 1668
915 1795
915 1893
916 349
916 384
916 453
916 934
916 1033
916 1352
916 1379
916 1444
916 1710
916 1860
916 1886
916 1948
917 574
917 1385
917 1689
918 710
918 1125
918 1682
919 1066
919 1074
919 1283
919 1681
920 628
921 430
921 722
921 990
921 1646
921 1976
922 582
922 1302
922 1346
922 1697
923 42
923 502
923 695
923 1337
924 84
924 346
924 556
924 603
924 741
924 784
924 1217
925 329
925 486
925 604
925 1569
926 445
926 483
926 1129
926 1253
926 1326
926 1351
926 1567
927 16
927 142
927 571
927 621
927 643
927 983
927 1378
927 1425
927 1532
927 1683
928 386
928 787
928 1184
929 237
929 319
929 358
929 541
929 1429
929 1506
929 1634
930 382
930 807
930 1369
930 1423
930 1450
931 283
931 1086
931 1148
931 1238
931 1567
931 1992
932 659
932 1262
932 1295
933 585
933 642
933 1172
933 1467
933 1941
934 5
934 205
934 229
934 1275
934 1951
935 249
935 269
935 361
935 393
935 759
936 133
936 331
936 1147
936 1579
937 51
937 737
937 903
937 919
937 1174
937 1260
937 1649
938 335
938 1822
939 21
939 409
939 1093
939 1857
940 149
940 413
940 737
940 962
940 1113
940 1452
940 1879
941 610
941 1184
941 1254
941 1586
941 1615
941 1990
942 331
942 1738
942 1823
942 1970
943 230
943 451
943 591
943 716
943 749
943 1191
944 10
944 618
944 1865
945 745
945 1083
945 1407
946 1072
946 1832
948 332
948 385
948 617
948 726
948 882
949 87
949 112
949 1503
949 1693
949 1809
950 255
950 1085
950 1674
950 1929
951 336
951 774
951 1259
952 10
952 226
952 710
952 999
952 1059
952 1288
952 1785
953 283
953 1023
953 1291
953 1415
953 1585
954 107
954 166
954 192
954 342
954 370
954 474
954 862
954 1061
954 1658
955 362
955 652
955 737
955 1204
955 1342
956 181
956 331
956 397
956 887
956 1023
956 1164
956 1617
957 381
957 1051
957 1214
957 1294
957 1627
957 1774
958 1000
958 1257
959 448
959 525
959 996
959 1518
960 22
960 81
960 135
960 144
960 616
960 709
960 837
960 1113
960 1945
961 101
961 549
961 644
961 826
961 1605
962 335
962 396
962 818
962 906
962 1153
962 1677
963 133
963 450
963 620
963 1663
964 2
964 144
964 468
964 511
964 747
964 1486
965 662
965 812
965 1040
965 1295
966 367
966 750
966 1956
967 736
967 748
967 1387
967 1633
968 648
968 1211
968 1489
969 1472
969 1694
970 487
970 924
970 1243
970 1551
971 341
971 908
971 1215
971 1353
971 1379
972 588
972 1548
972 1660
972 1903
972 1929
973 203
973 1072
973 1533
973 1586
973 1831
973 1898
974 175
974 230
974 244
974 327
974 967
974 1678
975 768
975 1002
975 1238
975 1758
976 289
976 1653
977 200
977 340
977 480
977 1255
977 1779
977 1805
978 465
978 657
978 1447
978 1509
978 1673
979 248
979 589
979 1112
979 1410
979 1437
979 1584
980 474
980 1133
980 1140
980 1722
980 1750
980 1862
980 1924
980 1934
981 440
981 1246
981 1433
981 1643
981 1730
981 1844
981 1915
982 426
982 821
982 1581
982 1728
983 416
983 1211
983 1239
983 1774
983 1850
984 239
984 304
984 444
984 770
984 848
984 1090
984 1244
984 1263
984 1487
984 1671
984 1900
985 788
985 1297
986 641
986 1869
987 266
987 705
987 1612
988 310
988 654
988 1061
988 1528
988 1832
989 1010
989 1910
990 226
990 1330
990 1835
991 231
991 947
991 1441
991 1726
992 428
992 624
992 1310
993 154
993 284
993 502
993 627
993 916
993 1200
993 1454
993 1917
994 29
994 126
994 165
994 430
994 534
994 585
994 1330
994 1711
994 1717
996 132
996 1724
997 983
997 1081
997 1162
997 1743
998 85
998 177
998 863
998 1263
999 29
999 136
999 161
999 937
999 1814
1000 198
1000 199
1000 374
1000 408
1000 1090
1000 1253
1000 1817
1000 1835
1001 828
1001 1325
1001 1450
1002 32
1002 288
1002 514
1002 769
1002 962
1002 1370
1002 1932
1003 134
1003 547
1003 721
1003 1477
1004 75
1004 421
1004 581
1004 948
1004 1050
1004 1056
1004 1107
1004 1536
1005 534
1005 1188
1005 1528
1005 1806
1006 914
1006 1166
1007 122
1007 1955
1008 227
1008 376
1008 764
1008 1143
1008 1441
1008 1443
1008 1541
1008 1596
1009 378
1009 386
1009 615
1009 754
1009 883
1009 1115
1009 1135
1009 1185
1009 1259
1009 1349
1009 1442
1009 1451
1009 1696
1009 1981
1010 921
1010 1396
1010 1681
1010 1764
1011 71
1011 420
1012 514
1012 1033
1013 186
1013 247
1013 271
1013 408
1013 940
1013 1067
1013 1318
1013 1728
1013 1789
1014 21
1014 681
1014 723
1014 809
1014 941
1014 1474
1014 1480
1015 485
1015 1669
1015 1784
1016 72
1016 1339
1017 16
1017 346
1017 452
1017 685
1017 808
1017 928
1017 1844
1018 36
1018 426
1018 742
1018 1459
1019 120
1019 346
1019 408
1019 672
1019 1023
1019 1254
1019 1495
1020 175
1020 497
1020 1009
1020 1021
1020 1048
1021 158
1021 792
1021 1244
1021 1379
1021 1630
1021 1689
1021 1982
1022 306
1022 1001
1022 1098
1022 1237
1022 1257
1022 1955
1023 487
1023 776
1023 1217
1024 330
1024 857
1024 1152
1024 1493
1024 1576
1024 1669
1024 1804
1025 393
1025 1075
1025 1309
1025 1623
1025 1651
1025 1856
1026 519
1026 556
1026 895
1026 1423
1026 1712
1026 1798
1027 952
1027 1037
1027 1462
1027 1749
1027 1871
1028 138
1028 273
1028 565
1028 720
1028 1356
1028 1493
1028 1994
1029 420
1029 447
1029 682
1029 1115
1029 1669
1029 1670
1029 1852
1029 1971
1030 555
1030 689
1030 1192
1031 186
1031 1008
1031 1111
1031 1342
1031 1545
1031 1684
1032 153
1032 358
1032 1417
1032 1539
1032 1602
1032 1605
1032 1695
1032 1889
1033 473
1033 539
1033 1240
1033 1436
1033 1513
1033 1898
1033 1975
1034 405
1034 420
1035 100
1035 407
1035 428
1035 431
1035 815
1035 1188
1035 1364
1035 1509
1035 1791
1036 297
1036 528
1036 665
1036 1858
1037 1009
1037 1050
1037 1267
1037 1407
1037 1655
1038 145
1038 262
1038 1142
1038 1170
1038 1239
1038 1697
1039 184
1039 570
1039 1510
1040 95
1040 187
1040 442
1040 554
1040 1679
1040 1740
1041 354
1041 1738
1042 479
1042 640
1042 1140
1042 1293
1042 1958
1043 318
1043 385
1043 573
1043 735
1043 937
1044 160
1044 549
1044 927
1044 972
1044 1594
1045 332
1045 1722
1046 1707
1046 1991
1047 635
1047 906
1047 1467
1047 1749
1048 288
1048 591
1048 1302
1049 39
1049 220
1049 1114
1049 1306
1049 1986
1050 154
1050 1041
1051 25
1051 450
1051 1386
1051 1506
1051 1622
1051 1850
1051 1976
1052 1115
1052 1840
1053 7
1053 423
1053 505
1053 1368
1054 836
1054 892
1054 1275
1054 1483
1054 1506
1054 1660
1054 1778
1055 392
1055 884
1056 316
1056 468
1056 812
1057 221
1057 689
1057 829
1057 1083
1057 1107
1057 1539
1057 1662
1058 312
1058 752
1058 916
1058 1392
1059 368
1059 573
1059 1031
1059 1259
1059 1359
1059 1986
1060 16
1060 473
1060 876
1060 899
1060 1316
1061 22
1061 248
1061 344
1061 784
1061 820
1061 926
1061 1819
1061 1896
1062 101
1062 138
1062 269
1062 350
1062 782
1062 1003
1062 1005
1062 1234
1062 1309
1062 1438
1062 1616
1063 999
1063 1239
1063 1321
1063 1761
1063 1815
1064 408
1064 890
1064 1240
1064 1247
1064 1409
1065 1207
1065 1774
1066 367
1066 597
1066 1095
1066 1146
1066 1339
1066 1873
1067 302
1067 322
1067 1335
1068 85
1068 171
1068 655
1068 1387
1068 1592
1069 21
1069 171
1069 802
1069 1545
1069 1613
1070 233
1070 596
1070 1077
1070 1768
1071 186
1071 217
1071 227
1071 325
1071 1046
1071 1313
1071 1668
1072 860
1073 250
1073 876
1073 975
1073 977
1073 1281
1073 1839
1073 1959
1074 6
1074 173
1074 927
1074 1101
1074 1725
1075 78
1075 818
1075 1097
1076 279
1076 1035
1076 1606
1076 1918
1076 1933
1077 210
1077 280
1077 639
1077 1450
1077 1471
1078 387
1078 880
1078 1596
1079 11
1079 403
1079 677
1079 1118
1079 1668
1079 1967
1080 1614
1080 1914
1081 502
1081 691
1081 1067
1081 1366
1081 1586
1082 395
1082 442
1082 460
1082 528
1082 1257
1083 630
1083 1232
1083 1961
1084 261
1084 650
1084 1020
1084 1296
1084 1343
1084 1584
1084 1667
1085 217
1085 317
1085 375
1085 1129
1085 1510
1085 1520
1085 1593
1085 1655
1085 1743
1085 1821
1085 1892
1086 108
1086 140
1086 154
1086 1569
1087 161
1087 209
1087 294
1087 475
1087 783
1087 1221
1088 801
1088 1398
1088 1473
1088 1560
1089 1064
1089 1385
1089 1602
1090 115
1090 348
1090 797
1090 963
1090 1398
1090 1509
1090 1568
1091 218
1091 279
1091 1355
1091 1657
1091 1675
1092 94
1092 268
1092 466
1092 526
1092 534
1092 585
1092 624
1092 920
1092 1338
1092 1803
1093 1001
1093 1138
1093 1353
1093 1474
1093 1913
1093 1929
1093 1943
1094 92
1094 525
1094 791
1094 1851
1094 1893
1095 301
1095 459
1095 609
1096 501
1096 567
1096 1008
1096 1217
1096 1550
1097 752
1097 993
1097 1016
1097 1731
1098 20
1098 306
1098 351
1098 815
1098 1136
1098 1876
1099 305
1099 744
1099 1000
1099 1280
1100 132
1100 138
1100 360
1100 415
1100 799
1100 1111
1100 1563
1100 1848
1101 40
1101 808
1101 879
1101 955
1101 995
1101 1250
1101 1318
1101 1794
1101 1870
1102 201
1102 237
1102 985
1103 30
1103 148
1103 541
1103 705
1103 1143
1104 14
1104 106
1104 316
1105 336
1105 853
1105 1258
1105 1317
1105 1527
1105 1911
1106 62
1106 321
1106 1470
1106 1763
1106 1840
1107 103
1107 358
1107 1088
1107 1138
1107 1472
1108 352
1108 572
1108 918
1108 1244
1108 1436
1108 1646
1108 1743
1109 218
1109 1020
1109 1960
1109 1985
1110 483
1110 612
1110 713
1110 721
1110 722
1110 1290
1111 691
1111 1112
1111 1225
1111 1245
1111 1349
1111 1970
1112 667
1112 833
1113 75
1113 234
1113 376
1113 487
1113 1039
1113 1325
1114 131
1114 887
1114 1210
1114 1230
1114 1269
1114 1340
1114 1343
1114 1941
1115 1046
1115 1164
1116 896
1116 1635
1116 1773
1117 78
1117 504
1117 800
1117 805
1117 1050
1117 1149
1117 1153
1117 1159
1117 1205
1118 244
1118 295
1118 504
1118 1239
1118 1970
1119 219
1119 1480
1119 1933
1120 90
1120 524
1120 864
1120 1358
1120 1633
1121 104
1121 354
1121 919
1121 1103
1121 1297
1121 1735
1122 189
1122 292
1122 574
1122 586
1122 948
1122 1465
1122 1530
1122 1584
1122 1605
1122 1712
1123 34
1123 901
1123 1447
1123 1856
1124 85
1124 318
1124 581
1124 1344
1124 1829
1124 1977
1125 89
1125 1041
1125 1137
1125 1226
1126 195
1126 425
1126 445
1126 506
1126 1335
1126 1799
1127 11
1127 145
1127 445
1127 1649
1127 1959
1128 306
1128 641
1128 1043
1128 1204
1128 1619
1128 1842
1129 21
1129 326
1129 829
1129 1294
1129 1498
1129 1518
1129 1826
1130 271
1130 561
1130 625
1130 1535
1130 1916
1131 652
1131 832
1132 273
1132 392
1132 1144
1132 1540
1132 1641
1132 1813
1133 1414
1133 1778
1134 782
1134 797
1134 947
1134 1347
1134 1571
1135 252
1135 517
1135 596
1135 636
1135 771
1135 979
1135 1006
1135 1621
1136 1263
1137 228
1137 698
1137 1164
1137 1409
1137 1612
1138 827
1138 1457
1139 62
1139 161
1139 632
1139 1084
1139 1130
1140 1445
1140 1714
1141 1192
1141 1226
1142 351
1142 378
1142 558
1142 871
1142 928
1142 1107
1142 1385
1142 1539
1142 1664
1143 220
1143 369
1143 786
1143 929
1144 683
1144 1069
1144 1230
1144 1486
1144 1927
1145 532
1145 1458
1146 489
1146 637
1146 1442
1146 1914
1147 683
1147 1283
1148 293
1148 333
1148 414
1148 905
1148 1415
1148 1667
1149 103
1149 720
1149 829
1149 1089
1149 1107
1149 1270
1149 1343
1149 1357
1150 175
1150 622
1150 644
1150 976
1150 1174
1150 1350
1150 1378
1150 1434
1150 1499
1151 1104
1151 1319
1151 1342
1152 579
1152 657
1152 660
1152 975
1152 1359
1152 1665
1153 112
1153 131
1153 260
1153 415
1153 441
1153 512
1153 1428
1153 1570
1153 1958
1154 506
1154 692
1154 1400
1154 1560
1154 1925
1155 608
1155 623
1155 688
1155 1064
1156 202
1156 238
1156 605
1156 817
1156 1904
1157 202
1157 463
1157 801
1157 1367
1157 1581
1157 1675
1158 72
1158 919
1158 1169
1158 1558
1158 1913
1159 280
1159 472
1159 687
1159 918
1159 1033
1159 1043
1159 1297
1159 1903
1160 646
1160 703
1160 825
1160 1177
1161 235
1161 368
1161 376
1161 761
1161 1413
1161 1805
1161 1908
1162 638
1162 1599
1162 1708
1162 1727
1163 55
1163 398
1163 1140
1163 1578
1164 44
1164 208
1164 290
1164 361
1164 601
1164 709
1164 1250
1164 1424
1165 107
1165 843
1165 1003
1165 1350
1165 1509
1165 1869
1165 1921
1166 1146
1166 1496
1166 1711
1167 541
1167 633
1167 774
1167 1465
1167 1490
1167 1661
1167 1989
1168 150
1168 239
1168 305
1168 1111
1168 1257
1168 1529
1169 539
1169 769
1169 1145
1170 420
1170 443
1170 625
1170 1007
1170 1053
1170 1187
1170 1464
1170 1626
1171 582
1171 781
1171 1016
1172 129
1172 579
1172 605
1172 677
1172 1954
1173 518
1173 533
1173 1067
1173 1363
1173 1535
1173 1540
1173 1590
1173 1616
1173 1899
1173 1932
1174 110
1174 265
1174 383
1174 624
1174 626
1174 1137
1174 1192
1174 1251
1174 1960
1174 1962
1175 407
1175 717
1175 835
1175 925
1175 949
1175 1000
1175 1971
1175 1984
1176 130
1176 1218
1176 1584
1177 911
1178 8
1178 916
1179 230
1179 298
1179 752
1179 1149
1179 1651
1180 720
1180 991
1180 1143
1181 1024
1182 644
1182 888
1182 1184
1183 122
1183 404
1183 1081
1183 1493
1183 1678
1183 1718
1184 25
1184 217
1184 628
1184 1072
1184 1134
1184 1332
1184 1575
1185 1409
1185 1578
1185 1713
1186 237
1186 1363
1186 1595
1187 355
1187 358
1187 400
1187 741
1187 784
1187 960
1187 1063
1187 1087
1187 1435
1187 1437
1187 1812
1188 266
1188 574
1188 1119
1189 80
1189 722
1189 1783
1190 253
1190 1759
1190 1949
1191 51
1191 133
1191 527
1191 1094
1191 1828
1192 21
1192 99
1192 197
1192 478
1192 890
1192 926
1192 1352
1192 1654
1193 484
1193 1117
1193 1419
1193 1699
1193 1769
1194 978
1194 1485
1194 1900
1195 1251
1195 1377
1195 1564
1196 128
1196 1939
1197 411
1197 412
1197 414
1197 971
1197 1872
1198 426
1198 517
1198 549
1198 1758
1199 40
1199 695
1199 1341
1199 1505
1200 110
1200 281
1201 497
1201 599
1201 1310
1201 1765
1202 7
1202 79
1202 99
1202 208
1202 489
1202 1138
1202 1476
1203 279
1203 708
1203 850
1203 1034
1204 1227
1204 1391
1204 1849
1205 1684
1205 1697
1205 1890
1206 649
1206 937
1207 649
1207 867
1207 1816
1208 204
1208 240
1208 673
1208 733
1208 749
1208 1574
1208 1705
1208 1876
1209 849
1209 947
1209 984
1209 1059
1209 1528
1210 943
1210 1248
1210 1770
1210 1800
1211 234
1211 1300
1211 1431
1211 1973
1212 83
1212 194
1212 494
1212 1448
1212 1691
1213 11
1213 569
1213 728
1213 1008
1213 1328
1213 1693
1213 1925
1214 141
1214 1551
1214 1914
1214 1950
1215 1671
1215 1675
1215 1993
1215 1999
1216 294
1216 466
1216 1289
1216 1438
1216 1673
1216 1714
1216 1761
1216 1982
1217 102
1217 169
1217 267
1217 523
1217 793
1217 1156
1217 1691
1217 1871
1218 609
1218 976
1218 1325
1218 1542
1218 1634
1219 30
1219 617
1219 1131
1219 1195
1219 1289
1219 1529
1220 336
1220 611
1220 908
1220 1290
1220 1498
1221 244
1221 535
1221 596
1222 183
1222 821
1222 1007
1222 1671
1222 1963
1223 101
1223 802
1223 1020
1223 1077
1224 941
1224 1070
1224 1798
1225 90
1225 576
1225 914
1225 1190
1225 1485
1226 416
1226 696
1226 963
1227 583
1227 776
1227 1060
1227 1370
1227 1424
1227 1950
1228 338
1228 933
1228 1012
1228 1157
1228 1366
1229 599
1229 848
1229 1024
1229 1705
1230 682
1230 1311
1230 1482
1230 1868
1230 1894
1231 56
1231 94
1231 706
1231 1140
1231 1268
1231 1274
1231 1451
1232 272
1232 505
1232 607
1233 732
1233 1034
1233 1406
1233 1505
1234 197
1234 575
1234 881
1234 1339
1234 1933
1235 138
1235 418
1235 1627
1235 1884
1236 42
1236 1036
1236 1061
1236 1798
1237 591
1237 917
1237 1572
1237 1612
1238 530
1238 719
1238 756
1238 906
1238 1389
1238 1478
1238 1791
1239 413
1239 1064
1239 1371
1239 1565
1239 1589
1239 1881
1239 1887
1240 38
1240 296
1240 507
1240 655
1240 1034
1240 1378
1240 1790
1240 1948
1241 335
1241 432
1241 1714
1242 165
1242 372
1242 707
1242 1118
1242 1723
1243 655
1243 1263
1243 1386
1244 136
1244 452
1244 757
1244 977
1244 1276
1244 1316
1244 1352
1244 1379
1245 199
1245 452
1245 1137
1245 1278
1245 1294
1245 1457
1245 1576
1246 39
1246 507
1246 1499
1246 1664
1247 599
1247 618
1247 1035
1247 1110
1248 232
1248 353
1248 1151
1248 1402
1248 1717
1249 491
1249 552
1249 1428
1250 722
1250 1208
1250 1360
1250 1538
1251 646
1251 855
1251 1035
1251 1529
1252 1259
1252 1673
1253 652
1253 1538
1253 1540
1254 328
1254 999
1254 1741
1255 711
1255 1735
1255 1750
1256 337
1256 594
1256 653
1256 991
1256 1222
1256 1406
1256 1686
1257 166
1257 836
1257 952
1257 1325
1257 1679
1258 182
1258 625
1258 914
1258 1154
1258 1763
1259 50
1259 344
1259 881
1259 974
1259 1117
1260 297
1260 519
1260 766
1260 1354
1260 1620
1260 1723
1261 37
1261 783
1261 831
1261 1053
1261 1263
1262 970
1262 1141
1262 1253
1262 1390
1262 1411
1262 1430
1262 1562
1263 705
1263 1150
1263 1212
1263 1572
1263 1964
1264 316
1264 382
1264 489
1264 549
1264 1065
1264 1126
1264 1225
1264 1411
1265 496
1265 852
1265 1283
1266 578
1266 619
1266 795
1266 1430
1266 1548
1266 1855
1267 1065
1267 1822
1268 564
1268 690
1268 1048
1268 1288
1269 173
1269 816
1269 845
1269 872
1269 1365
1269 1560
1269 1831
1270 1947
1271 231
1271 618
1271 793
1271 1048
1271 1497
1271 1795
1272 95
1272 173
1272 277
1272 281
1272 429
1272 1660
1272 1698
1273 1312
1273 1647
1274 172
1274 799
1274 820
1274 1048
1275 688
1275 1689
1276 342
1276 852
1276 931
1276 1226
1276 1448
1276 1661
1276 1825
1277 187
1277 950
1278 304
1278 353
1278 533
1278 694
1278 1964
1279 294
1279 459
1279 1141
1279 1655
1279 1795
1280 213
1280 390
1280 1023
1280 1365
1281 440
1281 773
1281 828
1281 1377
1281 1617
1282 110
1282 1022
1282 1749
1283 99
1283 781
1283 1266
1283 1379
1283 1472
1284 856
1284 903
1285 126
1285 274
1285 709
1285 922
1285 1435
1285 1465
1285 1622
1286 424
1286 770
1286 1892
1287 95
1287 344
1287 403
1287 1840
1288 604
1288 1282
1288 1914
1289 114
1289 289
1289 578
1289 784
1289 787
1289 865
1289 1345
1289 1352
1289 1678
1290 733
1290 981
1290 1150
1290 1396
1290 1737
1291 845
1291 867
1291 1212
1291 1475
1291 1685
1291 1751
1291 1755
1291 1806
1292 120
1292 1501
1292 1602
1292 1673
1293 1208
1293 1495
1293 1633
1293 1751
1294 81
1294 991
1294 1083
1294 1355
1294 1721
1294 1791
1294 1868
1295 166
1295 241
1295 1186
1295 1667
1295 1883
1296 295
1296 478
1296 693
1296 1264
1296 1910
1297 340
1297 1018
1297 1163
1297 1991
1298 453
1298 827
1298 1214
1299 16
1299 480
1299 644
1299 661
1299 721
1299 1055
1299 1348
1299 1468
1299 1539
1300 390
1300 431
1300 861
1300 1114
1300 1984
1301 1030
1301 1318
1301 1966
1302 416
1302 707
1302 1298
1303 247
1303 583
1303 775
1303 1081
1303 1261
1303 1754
1304 179
1304 1485
1304 1672
1304 1739
1305 19
1305 1853
1306 172
1306 528
1306 892
1306 1844
1307 624
1307 751
1307 790
1307 1130
1307 1192
1307 1812
1307 1870
1307 1998
1308 187
1308 668
1308 905
1308 1236
1309 528
1309 1234
1310 387
1310 563
1310 869
1310 1623
1310 1739
1311 460
1311 644
1311 682
1311 765
1311 1055
1311 1063
1311 1127
1311 1544
1311 1835
1312 740
1312 1292
1313 1483
1313 1561
1313 1904
1314 528
1314 547
1314 1327
1314 1981
1315 30
1315 613
1315 1057
1315 1528
1315 1634
1315 1896
1316 12
1316 481
1316 832
1316 1749
1316 1775
1317 255
1317 1689
1317 1807
1318 129
1318 377
1318 810
1318 1090
1318 1102
1319 636
1319 743
1319 1159
1319 1698
1320 104
1320 353
1320 958
1321 1513
1321 1953
1322 166
1322 239
1322 462
1323 665
1323 757
1323 1063
1324 511
1324 726
1324 1661
1324 1872
1325 21
1325 90
1325 451
1325 914
1325 1126
1325 1430
1326 50
1326 295
1326 634
1326 1476
1327 976
1327 1132
1327 1182
1327 1935
1328 411
1328 843
1328 962
1328 1032
1328 1375
1328 1585
1329 278
1329 282
1329 960
1329 1087
1330 98
1330 104
1330 218
1330 502
1330 1030
1330 1081
1330 1238
1330 1272
1331 325
1331 988
1331 1007
1331 1298
1331 1414
1331 1532
1331 1688
1332 28
1332 646
1332 1494
1332 1774
1333 231
1333 361
1333 495
1333 593
1333 1303
1333 1370
1333 1987
1334 110
1334 316
1334 1071
1334 1468
1334 1636
1334 1714
1334 1809
1335 829
1335 1112
1335 1408
1335 1480
1335 1522
1335 1579
1335 1717
1336 570
1336 576
1336 715
1336 1203
1336 1610
1337 282
1337 372
1337 873
1337 981
1337 1312
1337 1388
1337 1487
1337 1922
1338 172
1338 365
1338 603
1338 1089
1338 1141
1339 506
1339 656
1339 781
1339 1094
1339 1235
1339 1772
1339 1940
1340 27
1340 1170
1340 1376
1340 1820
1341 65
1341 311
1341 523
1341 650
1341 1482
1341 1826
1342 584
1342 799
1342 1143
1342 1323
1342 1600
1342 1957
1343 326
1343 885
1343 987
1343 1565
1343 1707
1344 571
1344 876
1344 1131
1345 247
1345 288
1345 923
1345 1031
1345 1087
1345 1146
1345 1693
1345 1826
1345 1841
1346 153
1346 195
1346 801
1346 951
1346 1064
1346 1503
1347 906
1347 1388
1348 207
1348 396
1348 820
1348 928
1348 1087
1348 1547
1350 285
1350 1594
1350 1738
1351 317
1351 503
1351 676
1351 1914
1352 354
1352 437
1352 547
1352 616
1352 671
1352 846
1352 1085
1352 1988
1353 48
1353 170
1353 384
1353 1304
1353 1355
1353 1721
1353 1811
1354 713
1354 1061
1354 1244
1354 1948
1355 805
1355 877
1355 1426
1355 1427
1355 1824
1355 1922
1356 126
1356 129
1356 361
1356 416
1356 1488
1356 1530
1356 1800
1357 638
1358 135
1358 300
1358 652
1358 1718
1358 1929
1359 385
1359 953
1359 1379
1359 1714
1360 170
1360 667
1360 1451
1361 323
1361 1054
1361 1224
1361 1614
1362 53
1362 254
1362 563
1362 1126
1362 1369
1362 1599
1363 562
1364 101
1364 356
1364 1945
1365 311
1365 685
1365 1055
1365 1490
1365 1936
1366 242
1366 853
1366 954
1366 1568
1367 349
1367 929
1367 986
1367 1164
1367 1411
1367 1574
1367 1677
1368 477
1368 1849
1369 67
1369 85
1369 729
1369 1279
1369 1685
1369 2000
1370 344
1370 367
1370 405
1370 898
1370 1361
1370 1802
1370 1947
1371 11
1371 143
1371 146
1371 205
1372 845
1372 861
1372 863
1372 1651
1373 879
1373 911
1373 1187
1373 1435
1373 1796
1373 1886
1374 52
1374 1584
1374 1654
1375 324
1375 349
1375 419
1375 794
1375 864
1375 1200
1375 1549
1376 78
1376 257
1376 536
1376 999
1376 1387
1376 1829
1376 1862
1376 1905
1377 358
1377 597
1377 705
1377 1113
1377 1158
1377 1591
1377 1769
1378 38
1378 585
1378 1074
1378 1258
1378 1359
1378 1455
1378 1722
1378 1899
1379 11
1379 56
1379 579
1379 662
1379 1821
1380 190
1380 491
1380 1084
1380 1089
1380 1090
1380 1182
1380 1229
1380 1794
1381 351
1381 396
1381 1134
1381 1977
1382 345
1382 715
1382 1215
1382 1691
1382 1739
1382 1770
1383 207
1383 334
1383 626
1383 856
1383 1596
1383 1859
1383 1898
1384 275
1384 334
1384 462
1384 582
1384 656
1384 934
1384 941
1384 965
1384 1192
1384 1274
1384 1651
1384 1868
1385 49
1385 1574
1385 1671
1386 358
1386 1857
1386 1860
1387 401
1387 520
1387 1491
1387 1625
1388 340
1388 806
1388 1506
1388 1531
1389 383
1389 1268
1389 1809
1389 1947
1390 34
1390 849
1390 998
1391 38
1391 546
1391 699
1391 818
1391 966
1391 989
1391 1663
1391 1868
1391 1952
1392 823
1392 1216
1392 1640
1392 1756
1393 70
1393 322
1393 1469
1393 1724
1393 1755
1394 856
1394 973
1395 282
1395 365
1395 1189
1395 1647
1395 1790
1395 1967
1396 326
1396 1230
1396 1579
1396 1929
1397 43
1397 82
1397 152
1397 341
1397 1073
1397 1098
1397 1109
1398 98
1398 561
1398 612
1398 875
1398 1535
1398 1757
1398 1812
1398 1977
1399 20
1399 348
1400 842
1400 942
1400 1202
1400 1347
1400 1956
1401 299
1401 1209
1401 1216
1401 1522
1401 1558
1401 1703
1402 290
1402 662
1402 673
1402 874
1402 911
1402 1031
1402 1206
1402 1431
1402 1572
1402 1612
1402 1683
1402 1821
1402 1894
1403 556
1403 915
1403 1108
1403 1411
1403 1738
1404 190
1404 532
1404 709
1404 745
1404 1635
1404 1719
1405 340
1405 903
1405 958
1405 1094
1405 1421
1405 1891
1406 461
1406 575
1406 667
1406 1218
1406 1398
1406 1438
1406 1628
1407 62
1407 75
1407 581
1407 1114
1407 1714
1407 1937
1408 313
1408 337
1408 986
1408 1915
1409 449
1409 1262
1409 1300
1409 1717
1410 494
1410 1723
1411 337
1411 714
1411 1247
1411 1664
1411 1695
1411 1830
1412 278
1412 722
1412 1403
1412 1664
1412 1674
1413 235
1413 436
1413 798
1413 1036
1413 1614
1413 1698
1414 40
1414 707
1414 804
1414 1382
1414 1812
1415 718
1415 739
1415 1043
1415 1178
1415 1878
1415 1995
1416 472
1416 675
1416 815
1416 1061
1416 1351
1416 1413
1416 1644
1416 1657
1416 1809
1417 969
1417 1009
1417 1036
1417 1189
1417 1709
1418 200
1418 502
1418 1399
1418 1400
1419 1249
1419 1844
1419 1889
1419 1973
1420 3
1420 330
1420 446
1420 1299
1420 1760
1421 17
1421 162
1421 396
1421 411
1421 613
1421 805
1421 956
1421 973
1421 1149
1421 1729
1422 119
1422 299
1422 382
1422 529
1422 1187
1423 219
1423 907
1423 983
1423 1839
1424 145
1424 483
1424 825
1424 1543
1425 227
1426 502
1426 1673
1426 1915
1427 435
1427 1240
1427 1705
1428 1315
1428 1411
1428 1568
1428 1833
1428 1928
1429 231
1429 1200
1429 1216
1429 1317
1430 156
1430 417
1430 554
1430 594
1430 1672
1430 1692
1430 1827
1431 849
1431 984
1431 1831
1432 327
1432 394
1432 427
1432 1748
1433 28
1433 422
1433 616
1433 1065
1433 1319
1433 1713
1434 398
1434 1210
1434 1318
1434 1379
1434 1435
1434 1966
1435 177
1435 763
1435 845
1435 1007
1435 1972
1436 382
1436 669
1436 1771
1436 1999
1437 521
1437 528
1437 594
1437 617
1437 737
1438 420
1438 1009
1438 1024
1438 1107
1438 1280
1438 1517
1438 1530
1439 60
1439 122
1439 281
1439 374
1439 929
1439 967
1439 1275
1439 1546
1439 1746
1440 860
1440 1488
1440 1534
1441 592
1441 1406
1441 1771
1441 1976
1442 97
1442 325
1442 463
1442 652
1442 953
1442 1057
1442 1060
1442 1181
1442 1452
1442 1656
1443 185
1443 407
1443 599
1443 789
1443 1183
1444 59
1444 180
1444 446
1444 641
1444 858
1444 883
1444 1225
1444 1554
1444 1964
1445 446
1445 448
1446 655
1446 658
1446 1644
1446 1681
1447 1127
1447 1214
1447 1299
1448 646
1448 1471
1448 1614
1449 522
1449 614
1449 659
1449 744
1449 1287
1449 1775
1449 1816
1450 403
1450 1235
1450 1303
1450 1505
1450 1613
1450 1776
1451 521
1451 811
1451 1005
1451 1440
1451 1532
1451 1634
1452 868
1452 884
1452 1251
1452 1577
1453 214
1453 1331
1453 1587
1454 440
1454 511
1454 878
1454 902
1455 421
1455 611
1455 740
1455 804
1455 1507
1456 148
1456 1006
1456 1045
1456 1115
1457 83
1457 248
1457 479
1457 555
1457 764
1457 1071
1457 1081
1457 1488
1457 1985
1458 224
1458 1538
1458 1618
1459 81
1459 197
1459 744
1459 1451
1459 1553
1460 96
1460 444
1460 1429
1460 1515
1461 189
1461 224
1461 1065
1461 1747
1462 535
1462 628
1462 903
1462 1057
1462 1089
1462 1591
1462 1846
1463 14
1463 440
1463 561
1463 1556
1464 120
1464 121
1464 434
1464 442
1464 1012
1464 1336
1464 1526
1465 509
1465 705
1465 773
1465 893
1465 936
1465 965
1465 1192
1465 1939
1466 471
1466 951
1466 1437
1466 1946
1467 132
1467 181
1467 477
1467 608
1467 1065
1467 1221
1467 1266
1467 1305
1467 1553
1467 1696
1467 1900
1468 1125
1468 1252
1468 1753
1469 187
1469 261
1469 600
1469 662
1469 1638
1469 1792
1470 2
1470 297
1470 439
1470 506
1470 582
1470 1583
1470 1742
1470 1758
1471 197
1471 393
1471 726
1471 755
1471 974
1471 1163
1472 189
1472 584
1472 672
1472 869
1472 1778
1473 127
1473 243
1473 845
1473 1001
1473 1004
1473 1424
1473 1558
1474 193
1474 388
1474 512
1474 1283
1474 1308
1474 1368
1474 1473
1474 1602
1475 386
1475 431
1475 466
1475 653
1475 1142
1475 1302
1475 1481
1476 550
1476 791
1476 920
1476 1195
1476 1307
1477 1921
1478 17
1478 691
1478 896
1478 1106
1478 1283
1478 1373
1478 1738
1478 1742
1479 258
1479 312
1479 943
1479 1548
1479 1910
1480 391
1480 550
1480 574
1480 660
1480 757
1480 1767
1481 549
1481 1001
1482 206
1482 423
1482 683
1482 1378
1482 1677
1482 1896
1483 314
1483 355
1483 697
1483 863
1483 1432
1483 1435
1483 1709
1483 1718
1484 112
1484 199
1484 460
1484 513
1484 556
1485 731
1485 843
1485 1255
1485 1256
1485 1288
1485 1648
1486 31
1486 77
1486 518
1486 1266
1486 1507
1486 1648
1486 1668
1487 51
1487 272
1487 316
1488 475
1488 1633
1488 1957
1489 744
1489 1360
1489 1761
1489 1909
1490 549
1490 1165
1490 1366
1490 1579
1490 1678
1490 1924
1491 1075
1491 1242
1491 1259
1492 278
1492 730
1492 900
1492 1674
1492 1886
1493 183
1494 60
1494 249
1494 324
1494 675
1494 1685
1494 1959
1495 1006
1495 1275
1496 339
1496 1377
1496 1723
1497 1042
1497 1609
1497 1636
1497 1816
1498 506
1498 832
1498 1502
1499 489
1499 643
1499 748
1499 1376
1499 1419
1499 1773
1499 1785
1499 1990
1500 26
1500 443
1500 532
1500 592
1500 662
1500 1065
1501 1141
1501 1164
1501 1171
1501 1474
1501 1822
1502 215
1502 1353
1502 1356
1502 1633
1502 1716
1502 1852
1503 520
1503 937
1503 1105
1503 1185
1503 1545
1504 612
1504 746
1504 1680
1504 1937
1505 169
1505 228
1505 943
1505 1117
1505 1289
1505 1453
1505 1853
1507 556
1508 193
1508 672
1508 694
1508 1179
1508 1528
1508 1953
1509 532
1509 748
1509 1057
1509 1399
1509 1626
1510 148
1510 423
1510 425
1510 1160
1510 1416
1510 1468
1510 1641
1510 1744
1510 1885
1510 1910
1511 371
1511 467
1511 1044
1511 1941
1512 587
1512 1216
1512 1551
1512 1842
1513 122
1513 380
1513 1277
1513 1952
1514 116
1514 517
1514 805
1514 1360
1514 1374
1514 1960
1515 716
1515 1262
1515 1275
1516 472
1517 449
1517 461
1517 499
1517 594
1517 683
1517 788
1517 909
1517 1271
1517 1380
1518 75
1518 983
1518 1167
1518 1357
1518 1905
1519 123
1519 265
1519 511
1519 1668
1520 424
1520 785
1520 1064
1520 1254
1521 380
1521 520
1521 522
1521 1005
1521 1603
1521 1743
1522 151
1522 1165
1522 1365
1523 580
1523 1081
1523 1103
1523 1901
1524 150
1524 1935
1525 69
1525 984
1525 1464
1525 1829
1527 213
1527 600
1527 1061
1527 1262
1527 1525
1528 199
1528 535
1528 846
1528 1226
1528 1909
1529 106
1529 393
1529 740
1529 900
1529 1922
1530 242
1530 326
1530 344
1530 1268
1530 1281
1530 1817
1531 932
1531 1344
1531 1446
1531 1759
1532 23
1532 669
1532 778
1532 1556
1532 1694
1532 1889
1532 1954
1533 578
1533 1865
1533 1957
1534 1597
1534 1743
1534 1846
1535 606
1535 662
1535 772
1535 1262
1535 1527
1535 1869
1537 574
1537 956
1537 1038
1537 1185
1537 1651
1538 91
1538 187
1538 874
1538 1170
1538 1463
1539 58
1539 535
1539 1082
1539 1456
1539 1571
1540 246
1540 999
1540 1375
1540 1384
1541 102
1541 492
1541 510
1541 1429
1542 96
1542 100
1542 394
1542 674
1542 1325
1542 1600
1542 1613
1542 1744
1542 1820
1542 1919
1543 176
1543 455
1543 483
1543 516
1543 736
1543 779
1543 970
1543 1590
1543 1660
1543 1894
1543 1994
1544 352
1544 657
1544 739
1544 1213
1545 229
1545 238
1545 751
1546 77
1546 268
1546 612
1546 1565
1546 1653
1546 1679
1546 1999
1547 73
1547 321
1547 370
1547 1347
1547 1766
1547 1949
1548 766
1548 1065
1548 1285
1548 1322
1548 1579
1548 1593
1548 1743
1548 1774
1549 313
1549 833
1549 905
1549 1083
1550 827
1550 1143
1550 1186
1550 1558
1551 386
1551 595
1551 805
1551 936
1551 964
1551 1005
1551 1012
1551 1355
1551 1456
1551 1522
1551 1976
1552 264
1552 392
1552 985
1552 1207
1552 1221
1552 1256
1552 1893
1553 111
1553 364
1553 554
1553 1115
1553 1224
1553 1234
1553 1980
1554 63
1554 273
1554 1714
1555 4
1555 901
1556 758
1557 267
1557 1299
1557 1304
1557 1723
1557 1907
1558 150
1558 585
1558 760
1558 769
1558 1112
1558 1334
1558 1542
1558 1545
1558 1773
1558 1912
1559 235
1559 663
1559 1530
1559 1739
1559 1769
1559 1783
1560 181
1560 202
1560 205
1560 507
1560 633
1560 947
1560 1463
1561 36
1561 530
1561 840
1561 1362
1561 1671
1561 1755
1562 100
1562 368
1562 899
1562 1302
1562 1363
1562 1587
1562 1742
1563 258
1563 916
1563 1165
1563 1377
1563 1548
1563 1952
1564 180
1564 235
1564 299
1564 312
1564 480
1564 631
1564 1179
1565 30
1565 91
1565 186
1565 249
1565 1099
1565 1118
1565 1160
1565 1336
1565 1373
1565 1523
1565 1829
1565 1994
1566 23
1566 61
1566 633
1566 990
1566 1382
1566 1527
1567 791
1567 1522
1567 1978
1567 1987
1568 245
1568 448
1568 695
1568 947
1568 1013
1568 1271
1568 1870
1569 266
1569 323
1569 511
1569 604
1569 912
1569 969
1569 1306
1569 1941
1569 1961
1570 285
1570 434
1570 1802
1572 275
1572 523
1572 1669
1572 1895
1573 48
1573 673
1573 916
1573 1774
1573 1870
1574 76
1574 96
1574 380
1574 395
1574 416
1574 777
1574 1505
1575 9
1575 1647
1575 1679
1575 1711
1576 383
1576 1234
1576 1344
1576 1748
1577 23
1577 210
1577 441
1577 1088
1577 1628
1578 133
1578 261
1578 562
1578 804
1578 855
1578 1234
1578 1588
1578 1641
1578 1794
1578 1923
1579 119
1579 1105
1579 1208
1579 1504
1580 112
1580 804
1580 1004
1580 1302
1580 1960
1581 81
1581 227
1581 603
1581 633
1581 915
1581 1031
1582 1568
1582 1701
1582 1887
1582 1972
1583 97
1583 120
1583 218
1583 999
1583 1127
1583 1387
1584 468
1584 1268
1584 1436
1585 104
1585 474
1585 711
1585 1925
1586 188
1586 293
1586 548
1586 1226
1586 1335
1586 1661
1586 1690
1586 1949
1586 1995
1587 265
1587 682
1587 1815
1588 1470
1588 1583
1589 81
1589 164
1589 263
1589 582
1589 1000
1589 1057
1589 1243
1589 1841
1590 182
1590 1750
1591 409
1591 681
1591 768
1591 1126
1591 1948
1592 105
1592 557
1592 624
1592 836
1592 1221
1593 252
1593 308
1593 898
1593 1307
1593 1488
1594 941
1594 1105
1595 58
1595 128
1595 652
1595 788
1595 1111
1595 1827
1596 806
1596 1243
1596 1396
1596 1404
1596 1767
1596 1883
1596 1884
1597 1241
1597 1604
1598 1387
1598 1449
1598 1764
1599 20
1599 259
1599 616
1599 771
1599 1790
1599 1955
1599 1964
1600 523
1600 702
1600 1100
1600 1231
1601 212
1601 813
1601 1056
1601 1501
1601 1825
1602 497
1602 691
1602 1177
1602 1484
1602 1874
1602 1946
1602 1997
1603 453
1603 472
1603 1088
1603 1253
1603 1349
1603 1815
1604 42
1604 1228
1605 51
1605 814
1606 220
1606 351
1606 553
1606 712
1606 948
1606 1497
1606 1974
1607 94
1607 204
1607 656
1607 728
1607 1003
1607 1051
1607 1107
1607 1423
1608 93
1608 264
1608 549
1608 1201
1609 306
1609 358
1609 1071
1609 1435
1610 639
1610 965
1610 980
1610 1133
1610 1145
1610 1301
1611 97
1611 494
1611 832
1611 1447
1611 1674
1611 1682
1611 1864
1612 1543
1612 1593
1612 1898
1612 1978
1613 818
1614 173
1614 701
1614 1369
1614 1752
1614 1786
1615 227
1615 468
1615 568
1615 594
1615 1543
1616 389
1616 762
1616 1725
1616 1826
1617 95
1617 418
1617 1248
1617 1352
1617 1388
1617 1794
1617 1849
1618 215
1618 367
1618 480
1618 930
1619 150
1619 719
1619 1471
1620 117
1620 328
1620 529
1620 956
1620 1392
1620 1792
1621 539
1621 587
1621 1481
1621 1535
1621 1658
1621 1708
1622 91
1622 944
1622 1487
1622 1623
1623 645
1623 751
1623 1127
1623 1162
1623 1170
1623 1699
1624 319
1624 655
1624 734
1624 972
1624 1727
1625 86
1625 992
1625 1163
1625 1348
1625 1572
1626 85
1626 147
1626 163
1626 877
1626 1764
1626 1847
1626 1852
1626 1967
1627 810
1627 1229
1627 1491
1627 1603
1627 1715
1628 1783
1628 1802
1628 1840
1629 92
1629 501
1630 90
1630 589
1630 596
1630 794
1630 1036
1630 1439
1630 1679
1630 1736
1630 1871
1631 503
1631 674
1631 1431
1631 1542
1632 234
1632 593
1632 1036
1632 1057
1632 1286
1632 1597
1632 1752
1632 1843
1633 1188
1633 1328
1633 1620
1634 97
1634 432
1634 685
1634 1449
1634 1707
1635 228
1635 510
1635 819
1635 1137
1636 52
1636 298
1636 302
1636 897
1636 1162
1636 1906
1637 561
1637 654
1637 658
1637 873
1637 969
1637 1084
1637 1402
1638 855
1638 1463
1638 1890
1639 228
1639 397
1639 595
1639 701
1639 1926
1640 83
1640 326
1640 586
1640 642
1640 711
1640 1908
1641 3
1641 47
1641 498
1641 1172
1641 1407
1641 1828
1642 1018
1642 1821
1643 59
1643 338
1643 449
1643 517
1643 1136
1643 1287
1643 1451
1643 1566
1643 1805
1644 458
1644 561
1644 609
1644 1296
1644 1486
1644 1522
1644 1686
1644 1747
1645 161
1645 1708
1646 11
1646 141
1646 278
1646 740
1646 776
1646 1642
1646 1758
1647 120
1647 179
1647 211
1647 230
1647 630
1647 702
1647 705
1647 1004
1647 1241
1648 185
1648 325
1648 498
1648 760
1648 825
1649 850
1649 1405
1649 1415
1650 700
1650 1346
1650 1714
1651 409
1651 935
1651 1292
1651 1369
1652 146
1652 388
1652 394
1652 849
1652 1286
1652 1750
1653 170
1653 575
1653 964
1653 1352
1653 1648
1653 1795
1653 1979
1654 143
1654 367
1654 447
1654 1566
1654 1990
1654 1997
1655 342
1655 466
1655 706
1655 930
1655 1402
1655 1529
1655 1539
1655 1813
1656 564
1656 1944
1657 123
1657 167
1657 477
1657 690
1657 932
1657 1411
1658 104
1658 1383
1658 1904
1658 1963
1659 397
1659 715
1659 773
1659 1823
1660 4
1660 18
1660 1037
1660 1064
1660 1593
1661 54
1661 520
1661 686
1661 1054
1661 1101
1661 1565
1662 903
1662 928
1662 1194
1663 601
1663 658
1663 781
1663 817
1663 1478
1664 129
1664 248
1664 860
1664 877
1664 882
1665 911
1665 1000
1666 7
1666 388
1666 1127
1666 1909
1667 276
1667 668
1667 1136
1668 349
1668 924
1668 973
1668 1432
1668 1503
1668 1924
1669 1389
1670 181
1670 232
1670 437
1670 594
1670 856
1670 951
1670 1285
1670 1952
1671 202
1671 254
1671 794
1671 865
1671 1140
1671 1173
1671 1328
1671 1728
1671 1896
1672 149
1672 752
1672 971
1672 1094
1672 1577
1672 1605
1673 381
1673 854
1673 1154
1673 1528
1673 1533
1673 1775
1673 1784
1674 21
1674 376
1674 1141
1674 1892
1674 1955
1675 110
1675 342
1675 406
1675 530
1675 858
1675 1056
1675 1500
1675 1541
1675 1694
1675 1819
1676 1254
1676 1817
1677 104
1677 687
1677 1158
1677 1260
1677 1440
1677 1923
1678 70
1678 543
1678 910
1679 208
1679 670
1679 1799
1679 1805
1680 145
1680 867
1680 1346
1681 384
1681 392
1681 695
1681 1893
1681 1980
1682 235
1682 1582
1682 1642
1683 757
1683 1102
1683 1406
1683 1640
1683 1664
1684 109
1684 158
1684 272
1684 1315
1684 1500
1684 1509
1684 1679
1684 1749
1685 1043
1685 1059
1685 1325
1685 1387
1686 49
1686 52
1686 1407
1686 1846
1686 1890
1686 1892
1686 1947
1687 985
1687 1043
1687 1239
1687 1289
1687 1323
1688 166
1688 381
1688 668
1689 302
1689 547
1689 609
1689 1235
1689 1549
1690 111
1691 1782
1691 1990
1692 509
1692 1388
1692 1777
1692 1796
1693 700
1693 894
1693 985
1693 1149
1693 1223
1693 1242
1693 1448
1693 1464
1694 511
1694 1815
1695 45
1695 559
1695 636
1695 1101
1695 1225
1695 1253
1696 221
1696 393
1696 617
1696 735
1696 1035
1696 1076
1697 700
1697 758
1697 1155
1697 1387
1697 1835
1698 132
1698 425
1698 1381
1698 1475
1698 1565
1698 1610
1698 1659
1698 1718
1698 1938
1699 98
1699 182
1699 508
1699 825
1699 1536
1700 521
1700 611
1700 1120
1700 1981
1701 316
1701 364
1701 598
1701 952
1701 1601
1702 103
1702 825
1702 891
1702 915
1702 1970
1703 23
1703 456
1703 666
1703 833
1703 1691
1704 145
1704 507
1704 1015
1704 1883
1704 1940
1705 39
1705 490
1706 375
1706 419
1706 802
1706 935
1706 1103
1707 820
1707 1861
1707 2000
1708 68
1708 143
1708 694
1708 1303
1708 1370
1708 1661
1708 1744
1708 1818
1709 26
1709 144
1709 532
1709 1093
1709 1306
1709 1578
1710 264
1710 389
1710 675
1710 1074
1710 1083
1710 1126
1710 1236
1710 1496
1710 1913
1711 369
1711 545
1711 559
1711 1418
1711 1540
1711 1621
1712 288
1712 351
1712 475
1712 1797
1713 313
1713 502
1713 971
1713 1954
1714 383
1714 915
1714 990
1714 1150
1714 1237
1714 1483
1715 73
1715 479
1715 481
1715 865
1715 1055
1715 1417
1715 1705
1715 1813
1716 743
1716 1025
1716 1110
1717 16
1717 816
1717 1269
1717 1318
1718 278
1718 958
1718 1228
1718 1677
1718 1909
1719 433
1719 444
1719 862
1719 994
1719 1164
1719 1176
1719 1488
1720 270
1721 95
1721 265
1721 580
1721 795
1721 967
1721 1429
1721 1694
1722 917
1722 1630
1722 1799
1723 363
1723 444
1723 665
1723 1203
1723 1337
1724 53
1724 449
1724 843
1725 126
1725 346
1725 716
1725 1166
1725 1169
1725 1513
1725 1563
1725 1805
1726 374
1726 1009
1726 1890
1727 297
1727 584
1727 928
1727 1069
1727 1140
1728 610
1728 1026
1728 1441
1730 259
1730 1596
1731 132
1731 952
1731 1885
1732 238
1732 618
1732 739
1732 1318
1732 1400
1733 251
1733 1229
1734 18
1734 201
1734 375
1734 805
1734 1393
1734 1498
1734 1533
1734 1833
1735 5
1735 466
1735 643
1736 213
1736 1169
1736 1212
1736 1279
1737 784
1737 1100
1737 1203
1738 130
1738 142
1738 464
1738 852
1738 1106
1738 1131
1738 1644
1739 98
1739 882
1739 1097
1739 1139
1740 57
1740 69
1740 269
1740 471
1740 533
1740 572
1740 706
1740 778
1740 981
1740 1072
1740 1586
1741 347
1741 628
1741 840
1741 916
1741 1363
1741 1608
1741 1857
1742 501
1742 1297
1742 1639
1742 1692
1743 1035
1743 1747
1743 1983
1743 1998
1744 38
1744 476
1744 1279
1745 316
1745 415
1745 538
1745 1340
1745 1897
1746 25
1746 33
1746 229
1746 575
1746 882
1746 1063
1746 1651
1746 1687
1746 1948
1747 1
1747 69
1747 408
1747 437
1747 1434
1748 654
1748 754
1748 919
1748 1236
1748 1297
1749 671
1749 787
1749 1031
1749 1183
1749 1716
1749 1764
1749 1827
1749 1846
1749 1907
1750 115
1750 597
1750 607
1750 776
1750 1058
1750 1278
1750 1343
1750 1364
1750 1842
1750 1967
1751 454
1751 568
1751 863
1751 925
1751 1006
1751 1336
1751 1387
1751 1674
1752 422
1752 1625
1752 1871
1752 1908
1753 253
1753 679
1753 787
1753 964
1753 1642
1753 1861
1753 1862
1754 1566
1754 1903
1755 77
1755 1935
1756 106
1756 197
1756 454
1756 699
1756 1081
1756 1357
1756 1919
1757 415
1757 1132
1757 1174
1757 1315
1757 1632
1757 1640
1757 1806
1758 1
1758 203
1758 428
1758 517
1758 1518
1758 1887
1758 1914
1759 484
1759 505
1759 796
1759 811
1759 1146
1759 1837
1759 1869
1760 84
1760 1162
1760 1425
1760 1910
1761 39
1761 135
1761 1297
1761 1307
1761 1709
1761 1972
1762 508
1762 834
1762 1074
1762 1302
1762 1841
1763 344
1763 423
1763 525
1763 1150
1763 1855
1764 132
1764 631
1764 789
1764 1219
1764 1533
1764 1648
1764 1808
1764 1846
1765 120
1765 1077
1765 1389
1765 1845
1766 38
1766 127
1766 224
1766 379
1766 584
1766 999
1766 1724
1767 322
1767 600
1767 838
1767 932
1767 966
1767 1444
1767 1780
1768 170
1768 479
1768 907
1769 964
1769 1280
1769 1401
1769 1731
1770 1931
1770 1972
1771 73
1771 109
1771 420
1771 980
1771 1121
1771 1306
1771 1366
1771 1405
1771 1597
1772 85
1772 126
1772 195
1772 426
1772 541
1772 864
1772 1087
1772 1344
1772 1564
1772 1692
1772 1883
1772 1900
1773 499
1773 833
1773 958
1773 1169
1773 1241
1773 1742
1773 1928
1774 872
1774 1133
1774 1294
1774 1643
1774 1670
1775 28
1775 1105
1775 1188
1775 1247
1775 1318
1775 1322
1775 1462
1776 380
1776 1263
1776 1276
1776 1414
1777 297
1777 1020
1777 1177
1777 1612
1778 294
1778 859
1778 1400
1778 1447
1778 1633
1779 416
1779 519
1779 1079
1779 1157
1780 21
1780 205
1780 347
1780 1648
1781 565
1781 847
1781 1498
1781 1812
1781 1949
1782 104
1782 252
1782 326
1782 379
1782 1125
1782 1650
1783 124
1783 648
1783 835
1783 881
1783 1449
1783 1528
1783 1927
1784 494
1784 1051
1784 1587
1784 1616
1785 41
1785 156
1785 284
1785 1436
1785 1544
1785 1730
1785 1789
1785 1884
1786 169
1786 1114
1786 1165
1786 1785
1787 1059
1787 1159
1787 1277
1787 1522
1788 689
1788 708
1788 772
1788 1413
1788 1759
1788 1884
1788 1954
1789 163
1789 1351
1789 1375
1789 1756
1790 1167
1790 1239
1790 1399
1791 1036
1791 1229
1791 1447
1791 1673
1791 1972
1792 263
1792 490
1792 723
1792 761
1792 1151
1792 1188
1792 1193
1792 1601
1792 1712
1792 1819
1793 371
1793 1383
1793 1671
1794 241
1794 1258
1794 1298
1794 1596
1795 362
1795 1065
1795 1183
1795 1470
1795 1619
1795 1789
1795 1877
1796 131
1796 432
1796 759
1796 978
1796 1537
1796 1961
1797 258
1797 272
1797 425
1797 564
1797 603
1798 24
1798 85
1798 395
1798 847
1798 1561
1799 68
1799 329
1799 492
1799 667
1799 1726
1799 1804
1800 210
1800 280
1800 424
1800 485
1800 706
1800 774
1800 980
1800 1198
1801 133
1801 202
1801 235
1801 698
1801 1380
1801 1717
1801 1964
1803 88
1803 100
1803 1118
1803 1404
1804 503
1804 664
1804 1331
1804 1560
1805 513
1805 1122
1805 1508
1805 1778
1805 1834
1806 267
1806 706
1806 757
1806 912
1806 1005
1807 216
1807 438
1807 1302
1807 1557
1807 1768
1807 1948
1808 434
1808 927
1808 1915
1809 285
1809 341
1809 806
1809 1189
1809 1778
1809 1781
1810 1025
1810 1738
1811 455
1811 564
1811 805
1811 1160
1811 1275
1811 1641
1811 1663
1812 426
1812 551
1812 626
1812 840
1812 1526
1812 1662
1813 365
1813 494
1813 882
1813 950
1813 952
1813 1019
1813 1231
1813 1380
1813 1397
1814 1459
1814 1876
1815 354
1815 433
1815 492
1815 761
1815 1074
1815 1295
1815 1761
1815 1897
1816 163
1816 517
1816 870
1816 911
1816 1262
1816 1692
1817 137
1817 350
1817 490
1817 650
1817 1684
1817 1863
1817 1865
1818 75
1818 188
1818 1749
1819 390
1819 530
1819 537
1819 585
1819 768
1820 971
1820 1241
1820 1276
1820 1337
1820 1683
1821 1326
1821 1988
1822 610
1822 752
1822 1677
1823 281
1823 355
1823 709
1823 736
1823 870
1823 1921
1824 14
1824 540
1824 1339
1824 1376
1825 98
1825 980
1825 1419
1825 1753
1826 266
1826 559
1826 578
1827 682
1827 911
1827 1997
1828 56
1828 563
1828 825
1828 868
1828 952
1828 1121
1828 1353
1828 1638
1828 1686
1828 1813
1828 1906
1829 20
1829 749
1829 879
1829 903
1829 1772
1829 1907
1830 79
1830 1482
1831 291
1831 537
1831 794
1831 1399
1831 1710
1832 241
1832 511
1832 753
1833 826
1833 966
1833 995
1833 1820
1834 222
1834 901
1834 1754
1834 1959
1835 151
1835 223
1835 607
1835 1946
1835 1995
1836 235
1836 304
1836 375
1836 516
1836 651
1836 881
1837 148
1837 288
1837 336
1837 467
1837 498
1837 1104
1837 1256
1837 1300
1837 1969
1838 137
1838 155
1838 158
1838 294
1838 592
1838 1661
1839 103
1839 568
1839 1000
1840 1272
1840 1937
1840 1984
1841 200
1841 432
1841 542
1841 617
1841 1442
1842 496
1842 678
1842 1051
1842 1173
1842 1184
1842 1185
1842 1474
1842 1490
1843 313
1843 485
1843 717
1843 893
1843 1257
1843 1415
1844 21
1844 564
1844 791
1844 1955
1845 698
1845 870
1845 1502
1845 1629
1846 181
1846 339
1846 798
1846 1666
1846 1996
1847 231
1847 282
1847 369
1847 900
1848 509
1848 1074
1848 1691
1849 559
1849 936
1849 1056
1849 1964
1850 398
1850 1585
1850 1909
1851 592
1851 702
1851 801
1851 1555
1852 972
1852 1218
1852 1505
1852 1533
1852 1573
1853 140
1853 807
1853 823
1853 1088
1853 1226
1853 1445
1853 1521
1853 1817
1853 1832
1854 872
1854 1618
1855 310
1855 332
1855 513
1855 535
1855 1055
1855 1747
1855 1906
1856 141
1856 171
1856 842
1856 1420
1856 1469
1856 1590
1856 1624
1857 32
1857 167
1857 920
1857 1094
1857 1186
1858 700
1858 1402
1858 1821
1859 648
1859 806
1859 1042
1859 1072
1859 1161
1859 1315
1859 1405
1860 363
1860 992
1861 158
1861 321
1861 478
1861 532
1861 1176
1861 1621
1861 1841
1862 914
1862 1579
1862 1666
1863 618
1863 1001
1863 1559
1863 1698
1864 226
1864 243
1864 480
1864 556
1864 603
1864 812
1864 1777
1864 1789
1864 1972
1865 214
1865 268
1865 518
1865 889
1865 1534
1866 229
1866 1200
1866 1301
1866 1632
1866 1937
1867 144
1867 831
1867 834
1867 963
1867 1135
1868 424
1868 687
1868 714
1868 782
1869 198
1869 324
1869 354
1869 540
1869 755
1869 1540
1869 1709
1869 1883
1870 952
1870 1266
1870 1838
1871 456
1871 741
1871 846
1872 332
1872 529
1872 559
1872 762
1872 1186
1872 1204
1873 1422
1873 1633
1873 1839
1874 250
1874 861
1874 1253
1875 149
1875 395
1875 548
1875 1375
1875 1860
1876 76
1876 120
1876 186
1876 272
1876 305
1876 745
1876 1371
1877 42
1877 991
1877 1605
1878 539
1878 958
1879 1497
1879 1685
1880 471
1880 970
1880 1007
1880 1108
1880 1661
1880 1970
1881 397
1881 672
1881 910
1881 1238
1881 1383
1882 38
1882 602
1882 1916
1883 575
1883 651
1883 700
1883 764
1883 889
1883 1244
1884 55
1884 369
1884 649
1884 860
1884 1235
1884 1616
1884 1656
1884 1949
1885 155
1885 161
1885 474
1885 1411
1886 1128
1887 356
1887 863
1887 1229
1887 1874
1888 545
1888 1046
1888 1126
1888 1991
1889 358
1889 419
1889 644
1890 560
1890 1101
1890 1600
1890 1715
1890 1907
1891 265
1891 1028
1891 1364
1891 1547
1891 1877
1892 236
1892 239
1892 379
1892 928
1892 1317
1893 1114
1893 1280
1893 1499
1893 1618
1894 654
1894 972
1894 1182
1894 1388
1895 80
1895 297
1895 1359
1895 1538
1896 381
1896 675
1896 1132
1896 1277
1897 58
1897 259
1897 356
1897 401
1897 717
1897 821
1897 1007
1897 1021
1897 1206
1897 1261
1897 1332
1898 715
1898 1366
1898 1552
1898 1682
1898 1939
1899 378
1899 557
1899 1023
1899 1572
1900 713
1900 1324
1901 137
1901 803
1901 1356
1902 224
1902 483
1902 989
1902 1684
1902 1951
1903 704
1903 1184
1903 1528
1903 1777
1904 226
1904 1243
1905 100
1905 733
1905 971
1905 1190
1905 1808
1905 1894
1906 49
1906 97
1906 426
1906 1109
1906 1718
1906 1843
1907 420
1907 557
1907 565
1907 684
1907 733
1907 826
1907 846
1907 1058
1907 1127
1907 1337
1907 1777
1908 470
1908 490
1908 723
1908 724
1908 1395
1909 474
1909 544
1909 548
1909 742
1909 884
1909 1298
1909 1422
1909 1427
1909 1609
1909 1746
1910 711
1910 758
1910 1250
1910 1378
1910 1429
1910 1660
1911 280
1911 610
1911 1286
1912 148
1912 352
1912 494
1912 958
1912 1434
1912 1478
1912 1505
1913 179
1913 481
1913 674
1914 288
1914 404
1914 1232
1914 1354
1914 1925
1915 131
1915 426
1915 570
1915 600
1915 938
1915 1410
1915 1430
1916 263
1916 799
1916 1150
1916 1366
1916 1512
1916 1654
1916 1671
1917 25
1917 368
1917 701
1917 1231
1917 1360
1918 550
1918 1190
1918 1301
1918 1386
1918 1474
1918 1873
1918 1874
1919 81
1919 360
1919 663
1919 989
1919 1530
1920 542
1920 1969
1921 142
1921 371
1921 1373
1921 1926
1922 303
1922 1116
1922 1136
1922 1183
1922 1418
1922 1578
1923 992
1923 1654
1924 507
1924 631
1924 818
1925 40
1925 63
1925 119
1925 460
1925 645
1925 1318
1925 1508
1925 1624
1925 1636
1925 1919
1926 130
1926 210
1926 1296
1926 1373
1926 1817
1926 1952
1927 482
1927 1190
1927 1548
1927 1691
1927 1825
1928 223
1929 55
1929 358
1929 530
1929 844
1929 1003
1929 1377
1929 1591
1929 1925
1930 100
1930 103
1930 567
1930 709
1930 961
1930 1045
1930 1236
1930 1892
1931 20
1931 189
1931 647
1931 664
1931 677
1931 690
1931 974
1931 1386
1932 281
1932 656
1932 1062
1932 1091
1932 1548
1932 1951
1933 9
1933 172
1933 363
1933 490
1933 559
1933 734
1934 351
1934 453
1934 1464
1934 1757
1935 1859
1936 1172
1936 1799
1937 11
1937 85
1937 1108
1937 1345
1937 1830
1937 1935
1938 233
1938 235
1938 1215
1938 1641
1939 627
1939 1192
1939 1397
1939 1515
1939 1697
1940 1199
1940 1215
1940 1248
1940 1536
1940 1710
1940 1866
1940 1904
1941 265
1941 459
1941 1039
1941 1138
1941 1195
1941 1534
1941 1748
1941 1795
1941 1858
1941 1965
1942 271
1943 3
1943 436
1943 524
1943 932
1943 1083
1943 1326
1943 1377
1943 1400
1944 128
1944 643
1944 665
1944 1100
1944 1688
1944 1925
1945 92
1945 459
1945 617
1945 619
1945 832
1945 1887
1946 18
1946 53
1946 647
1946 836
1946 1021
1947 16
1947 193
1947 585
1947 661
1947 1141
1947 1402
1947 1603
1948 1098
1948 1616
1948 1893
1948 1900
1949 429
1949 468
1949 1524
1949 1666
1949 1795
1949 1838
1949 1998
1950 36
1950 663
1950 875
1950 1371
1950 1397
1950 1585
1950 1660
1951 80
1951 93
1951 262
1951 306
1951 560
1951 987
1951 1122
1951 1456
1951 1463
1951 1922
1952 409
1952 627
1952 1089
1952 1650
1953 208
1953 391
1954 695
1954 974
1954 1627
1954 1979
1955 247
1955 547
1955 554
1955 1123
1955 1410
1955 1745
1956 47
1956 232
1956 630
1956 980
1956 984
1956 1763
1956 1971
1957 965
1957 1379
1957 1677
1958 333
1958 381
1958 447
1958 1504
1958 1643
1958 1873
1959 72
1959 445
1959 1113
1959 1901
1960 88
1960 290
1960 479
1960 926
1960 1715
1961 61
1961 113
1961 271
1961 325
1961 464
1961 989
1961 1106
1961 1152
1961 1852
1961 1926
1962 361
1962 420
1962 480
1962 1129
1962 1976
1963 205
1963 360
1963 469
1963 585
1963 631
1963 966
1963 1501
1963 1677
1963 1697
1963 1865
1963 1964
1964 437
1964 491
1964 839
1965 8
1965 1865
1965 1895
1966 33
1966 329
1966 734
1966 1305
1966 1393
1966 1463
1966 1542
1967 217
1967 815
1967 1017
1967 1219
1967 1340
1967 1468
1967 1492
1967 1890
1968 827
1968 1273
1968 1903
1969 1564
1969 1607
1969 1713
1969 1945
1970 369
1970 872
1970 1737
1970 1879
1971 730
1971 1157
1971 1425
1971 1475
1971 1781
1971 1788
1971 1894
1972 668
1972 835
1972 916
1972 1301
1972 1434
1973 940
1973 1345
1973 1405
1973 1724
1973 1956
1973 1961
1974 1658
1975 58
1975 714
1975 1180
1975 1743
1975 1884
1976 27
1976 1198
1976 1357
1976 1383
1976 1879
1977 242
1977 846
1977 1530
1978 209
1978 324
1978 1628
1978 1851
1979 321
1979 1488
1979 1542
1979 1673
1980 741
1980 1375
1980 1791
1980 1868
1981 129
1981 238
1981 311
1981 548
1981 552
1981 924
1982 101
1982 369
1982 551
1982 733
1982 864
1982 1120
1982 1723
1983 577
1983 1346
1983 1386
1983 1416
1983 1452
1984 348
1984 633
1984 1400
1984 1623
1984 1663
1985 675
1985 931
1985 1330
1986 554
1986 722
1986 1435
1986 1439
1986 1812
1987 417
1987 433
1987 559
1987 663
1987 682
1987 829
1987 1326
1987 1433
1987 1445
1987 1703
1988 183
1988 662
1988 714
1988 798
1988 954
1988 1502
1988 1514
1988 1825
1989 32
1989 146
1989 478
1989 1085
1989 1100
1989 1162
1990 876
1990 919
1990 1114
1990 1186
1990 1588
1990 1624
1991 104
1991 948
1991 1304
1991 1355
1992 384
1992 664
1992 925
1992 1934
1993 1018
1993 1381
1993 1594
1993 1756
1994 236
1994 752
1994 1572
1994 1787
1994 1988
1995 422
1995 423
1995 531
1995 1037
1995 1116
1995 1322
1996 281
1996 787
1996 1152
1996 1216
1996 1764
1996 1825
1997 441
1997 818
1997 823
1997 1830
1998 869
1998 1120
1998 1152
1998 1224
1998 1449
1998 1678
1998 1714
1998 1957
1999 888
1999 1750
2000 276
2000 1104
