200
200
1 51
1 178
3 144
4 10
4 12
4 103
5 139
7 47
8 196
9 54
11 18
12 22
12 118
13 200
14 179
15 199
17 102
18 53
19 55
19 163
22 195
23 56
23 181
25 114
26 46
31 51
32 45
37 60
37 166
38 52
40 12
40 71
41 172
42 82
43 63
43 149
44 90
44 130
44 141
44 168
45 80
45 144
46 52
46 156
47 11
47 61
47 165
48 31
50 76
53 183
55 50
56 136
57 4
57 200
61 169
62 71
62 93
62 174
63 31
63 145
64 108
65 133
66 38
68 95
73 157
74 73
74 161
76 95
79 47
79 49
80 58
81 8
81 73
81 127
82 39
82 118
85 93
86 14
86 151
87 85
88 82
88 165
90 22
90 26
93 148
94 152
95 139
100 109
101 136
102 25
103 185
106 101
106 146
109 9
110 71
110 185
111 191
114 10
114 47
114 173
116 88
116 153
116 195
118 185
119 85
119 112
119 186
120 23
120 189
120 198
121 15
121 80
122 167
123 63
124 120
125 174
127 81
128 115
129 2
130 34
130 190
132 14
132 127
133 113
133 163
134 115
135 91
135 112
136 59
139 81
139 164
140 70
140 103
141 48
141 99
142 32
145 44
147 100
148 189
152 96
152 99
153 75
154 50
154 86
156 131
158 42
158 137
160 5
160 26
160 36
160 86
160 101
160 152
161 170
162 121
165 38
165 86
165 111
165 143
167 186
168 43
171 8
171 12
173 23
173 41
175 161
176 114
176 183
177 100
177 111
178 2
179 113
179 117
179 121
180 119
181 140
181 142
182 89
183 114
184 23
184 166
184 176
186 197
187 72
187 75
188 141
190 93
191 13
192 23
192 153
193 50
195 33
195 123
196 49
196 158
196 170
196 200
197 162
199 93
200 19
