20
157
1 4
1 6
1 7
1 8
1 9
1 11
1 15
2 3
2 4
2 6
2 7
2 10
2 11
2 13
2 15
2 16
2 18
2 20
3 4
3 6
3 7
3 9
3 11
3 14
3 18
4 2
4 5
4 6
4 8
4 10
4 11
4 13
4 16
4 18
5 4
5 9
5 11
5 12
5 19
6 3
6 5
6 11
6 12
6 18
6 20
7 5
7 6
7 8
7 10
7 17
7 18
7 19
8 3
8 5
8 6
8 11
8 12
8 13
8 14
8 17
8 18
9 3
9 4
9 6
9 10
9 14
9 16
9 18
10 6
10 8
10 11
10 12
10 13
10 17
10 18
10 20
11 1
11 5
11 13
11 15
11 16
11 17
11 19
11 20
12 2
12 3
12 4
12 6
12 7
12 16
12 17
13 3
13 5
13 6
13 9
13 10
13 11
13 16
13 19
14 1
14 8
14 15
14 18
14 19
15 1
15 5
15 7
15 8
15 11
15 13
15 14
15 16
15 20
16 1
16 3
16 6
16 9
16 14
16 17
17 1
17 2
17 3
17 8
17 10
17 13
17 16
17 18
17 19
18 1
18 2
18 3
18 4
18 5
18 7
18 9
18 10
18 11
18 12
18 13
18 15
18 16
18 17
18 19
18 20
19 3
19 4
19 7
19 9
19 10
19 12
19 13
19 14
20 7
20 10
20 11
20 12
20 16
