20
106
1 4
1 9
1 10
1 11
1 17
2 5
2 9
2 10
2 11
2 15
3 6
3 7
3 9
3 10
3 14
3 15
3 20
4 12
4 13
4 14
4 17
4 18
4 19
5 4
5 6
5 14
5 15
5 17
5 20
6 2
7 4
7 10
7 19
8 3
8 7
8 11
8 14
8 15
8 19
8 20
9 3
9 7
9 11
9 12
10 5
10 6
10 7
10 9
10 12
10 17
10 19
11 2
11 7
11 14
11 16
11 18
11 19
12 3
12 10
12 11
13 4
13 5
13 6
13 12
13 19
14 16
14 17
14 18
14 19
15 2
15 6
15 7
15 10
15 11
15 13
15 14
15 20
16 1
16 2
16 4
16 5
16 10
16 13
16 15
16 17
17 7
17 10
17 11
17 16
18 5
18 12
18 13
18 16
19 8
19 9
19 11
19 15
19 17
19 18
20 1
20 2
20 6
20 10
20 13
20 16
20 17
