20
123
1 4
1 7
1 9
1 10
1 11
1 18
1 20
2 4
2 5
2 8
2 9
2 10
2 12
2 18
2 20
3 1
3 4
3 7
3 9
3 17
4 3
4 5
4 7
4 8
4 13
4 14
4 17
4 18
4 19
4 20
5 2
5 3
5 4
5 6
5 8
5 12
5 16
5 19
6 8
6 11
6 13
6 14
6 19
7 4
7 6
7 8
7 16
7 17
8 2
8 3
8 6
8 9
8 10
8 11
8 18
8 19
9 2
9 8
9 13
9 15
9 16
9 20
10 3
10 4
10 7
10 11
10 12
11 2
11 4
11 8
11 9
11 13
11 14
11 18
12 4
12 9
12 13
12 16
13 2
13 6
13 10
13 12
13 15
13 16
13 17
14 1
14 4
14 6
14 15
14 18
15 3
15 7
15 8
15 12
15 16
15 19
16 1
16 5
16 15
16 19
17 10
17 14
17 18
17 19
18 9
18 13
18 14
18 20
19 3
19 4
19 6
19 8
19 10
19 17
19 18
20 1
20 4
20 8
20 11
20 12
20 14
20 15
20 16
