20
146
1 2
1 3
1 4
1 5
1 10
1 14
1 17
1 18
1 19
2 3
2 10
2 12
2 13
3 2
3 4
3 6
3 7
3 10
3 15
3 16
3 17
3 18
3 20
4 2
4 3
4 5
4 8
4 9
4 12
4 13
4 14
4 17
4 19
5 2
5 3
5 7
5 10
5 16
5 17
5 19
6 1
6 2
6 3
6 4
6 5
6 8
6 12
6 14
6 18
6 19
6 20
7 1
7 4
7 12
7 15
8 4
8 7
8 11
8 14
8 18
8 20
9 3
9 4
9 5
9 7
9 13
9 15
9 16
10 1
10 3
10 8
10 9
10 13
10 14
11 1
11 2
11 3
11 14
11 15
11 18
12 3
12 5
12 6
12 8
12 9
12 11
12 14
12 15
12 16
13 3
13 6
13 9
13 11
13 14
13 16
13 20
14 3
14 4
14 6
14 9
14 10
14 11
14 12
14 13
14 16
14 18
15 3
15 4
15 6
15 8
15 11
15 12
16 4
16 5
16 13
16 17
16 19
16 20
17 1
17 9
17 10
17 20
18 1
18 5
18 12
18 14
18 15
18 16
18 17
18 20
19 2
19 5
19 6
19 7
19 8
19 11
19 13
19 18
20 2
20 3
20 5
20 6
20 9
20 14
20 15
20 16
