210
626
1 28
1 114
1 135
2 70
2 102
2 193
2 210
3 55
3 125
3 205
4 121
4 133
5 36
5 95
5 100
5 197
6 1
6 43
6 54
7 45
7 149
8 101
8 120
9 55
9 79
9 142
10 22
10 61
10 66
10 155
11 40
11 109
12 30
12 108
12 121
12 176
12 208
13 62
13 76
13 136
14 69
15 33
15 75
15 153
16 65
16 130
16 187
17 85
17 175
17 182
19 103
20 172
20 184
20 203
20 206
21 173
21 175
22 60
22 77
22 196
23 26
23 72
23 172
24 26
24 42
25 141
25 180
26 15
27 59
27 74
27 89
27 122
28 155
28 170
28 206
29 5
29 61
29 98
29 119
29 162
30 91
30 120
31 59
31 107
31 113
32 1
32 10
33 107
33 139
33 195
34 27
34 30
35 114
35 125
35 138
35 152
35 173
35 193
36 54
36 124
36 161
37 21
37 22
37 94
37 157
38 177
39 62
40 28
40 120
40 200
41 21
41 47
42 88
42 91
42 186
42 189
42 206
43 99
43 104
43 139
43 144
43 145
44 29
44 142
44 209
45 18
45 102
46 95
46 120
47 1
47 116
48 28
48 44
48 119
49 181
49 186
50 3
50 35
51 89
51 121
51 151
51 154
52 21
52 43
52 76
52 98
52 179
53 7
53 47
53 69
54 32
54 38
54 193
55 20
56 87
56 180
57 54
57 71
57 94
57 189
58 14
58 49
59 21
59 160
60 149
61 22
61 123
61 204
62 63
62 84
62 201
63 6
63 58
63 137
63 150
63 161
64 60
65 54
65 147
65 151
66 136
66 139
66 191
67 72
67 83
67 107
67 198
67 199
68 113
68 131
68 133
68 154
68 170
69 84
69 142
70 11
70 36
70 59
70 79
70 91
70 93
71 65
71 85
71 153
71 191
71 208
72 18
72 60
72 170
73 38
74 16
74 21
74 50
74 96
74 120
74 125
74 178
75 6
75 15
75 125
75 161
76 49
76 50
76 118
76 155
77 80
77 131
77 150
77 200
78 15
78 138
78 153
78 207
79 76
80 108
80 143
80 172
81 37
81 44
81 60
81 62
81 125
81 145
81 155
81 185
82 23
82 160
83 177
84 27
84 112
84 161
84 179
85 1
85 9
85 57
86 121
86 174
87 35
87 67
87 158
87 182
88 44
88 68
88 156
89 16
89 38
89 128
90 4
90 33
90 80
90 207
91 27
91 104
91 112
91 169
91 175
92 105
92 159
93 101
94 113
96 4
96 100
97 18
97 78
97 126
97 136
97 172
97 189
98 53
98 172
98 175
98 180
99 7
99 97
99 107
99 133
99 195
100 11
100 85
100 151
100 167
101 25
101 29
101 41
101 43
102 20
102 94
103 29
103 181
104 152
105 58
105 59
105 98
106 77
106 128
106 203
107 61
107 158
107 160
107 194
108 100
110 47
110 71
110 125
110 145
111 8
111 171
111 182
112 43
112 94
113 90
113 118
113 122
113 138
114 178
114 183
115 79
115 126
115 185
116 10
116 12
116 17
116 109
116 152
117 1
117 77
117 112
117 181
117 203
118 51
118 73
118 130
118 142
119 33
119 67
119 139
119 162
119 206
120 29
120 31
120 125
120 205
121 59
121 97
121 172
122 2
122 88
122 119
122 135
123 24
123 73
123 192
124 62
125 106
125 139
125 159
125 201
126 9
127 154
127 191
128 59
128 195
129 161
131 31
131 51
131 201
132 6
132 66
132 102
132 121
132 139
133 7
133 79
133 85
133 155
133 188
133 206
134 56
134 133
134 144
134 173
134 203
135 100
135 101
135 165
135 206
136 9
136 63
136 94
136 179
137 19
137 61
138 1
138 47
138 115
139 3
139 38
139 46
139 108
139 147
139 158
140 127
140 164
140 178
141 97
141 148
141 151
142 44
142 57
143 30
143 72
143 141
143 145
143 197
144 5
144 95
144 157
144 194
145 203
146 27
146 210
147 50
147 56
147 129
148 40
148 74
148 98
148 160
148 205
148 206
149 32
149 88
149 147
149 153
149 189
150 29
150 51
150 68
150 91
150 168
151 87
152 79
152 96
152 145
153 93
153 94
154 25
154 197
155 57
155 62
155 156
155 170
156 59
156 104
156 112
156 169
156 197
157 19
157 79
157 91
157 94
158 87
158 102
158 189
159 14
159 104
160 153
161 121
162 18
162 132
162 176
163 25
164 43
165 44
165 65
165 131
166 147
167 22
167 100
167 178
168 38
168 65
168 73
168 160
168 164
169 136
170 32
170 146
170 200
171 16
171 101
172 38
172 64
172 76
172 133
172 137
173 102
173 165
174 23
174 66
174 68
174 177
174 196
175 8
176 5
176 47
176 68
176 91
176 130
176 188
176 189
176 190
177 92
178 34
178 100
178 176
179 35
179 110
179 128
179 149
179 150
180 107
180 191
181 91
182 79
183 41
183 88
183 170
184 22
184 28
184 174
184 189
185 3
185 5
185 113
186 196
187 17
187 74
187 88
187 108
187 114
187 139
187 142
188 76
188 136
189 9
189 98
189 114
190 20
190 28
190 43
190 107
190 109
190 149
190 174
191 20
191 74
192 11
192 25
192 156
193 29
193 58
194 23
195 5
195 14
195 60
195 66
195 205
196 33
197 9
197 39
197 116
198 25
198 27
198 69
198 101
198 116
200 28
200 132
200 134
200 190
201 46
201 208
202 51
202 62
203 72
203 86
203 127
203 141
203 202
204 21
204 30
204 40
205 168
207 35
207 51
208 185
208 201
208 202
209 26
209 54
209 91
209 110
210 7
210 175
210 201
