210
210
1 177
2 182
2 203
4 185
5 191
6 18
6 114
7 108
7 135
10 154
11 137
12 21
13 43
14 4
14 87
14 109
16 21
16 191
17 125
18 134
19 1
19 48
20 176
21 72
21 96
24 3
24 116
25 2
25 42
26 58
27 37
27 81
27 95
27 118
27 165
28 96
31 6
32 11
33 14
33 204
35 95
37 93
38 133
39 150
40 10
40 192
41 134
41 210
42 20
43 52
44 123
46 143
47 115
48 57
49 112
50 156
51 82
51 126
52 131
52 166
52 183
53 52
56 27
56 109
56 190
58 112
60 87
63 133
63 170
65 137
66 135
67 195
68 100
69 5
69 197
71 59
73 105
74 112
75 102
75 173
77 209
78 37
81 88
82 99
84 90
85 151
87 49
87 95
89 46
89 150
91 89
91 111
95 167
96 166
97 54
97 144
98 208
99 173
103 74
104 1
105 193
107 36
107 41
112 94
112 142
113 61
115 67
116 77
116 90
116 131
117 9
117 133
118 6
118 119
119 90
120 10
120 107
121 50
124 4
124 84
125 167
125 208
126 136
129 14
129 144
130 152
130 154
132 35
133 81
134 127
135 40
135 70
135 93
135 171
137 70
139 166
145 31
145 126
146 24
146 75
147 49
148 30
148 50
149 180
149 188
150 48
150 90
151 84
151 161
152 76
152 96
153 139
154 139
155 125
157 131
157 177
158 75
159 53
159 180
160 194
162 70
162 205
163 62
163 97
164 104
166 8
166 98
167 158
168 70
168 158
168 166
170 83
172 206
175 6
176 90
177 13
177 150
177 188
180 37
180 195
181 54
182 3
183 39
183 179
185 157
186 175
187 183
188 208
190 102
191 51
191 182
191 194
191 209
192 163
195 42
195 120
196 134
196 210
197 151
198 131
200 31
201 70
205 15
206 114
206 156
207 21
207 81
208 44
209 21
209 51
