220
1526
1 66
1 105
1 123
1 144
1 177
1 182
1 189
2 143
2 152
2 181
2 203
2 205
2 217
3 7
3 17
3 52
3 107
3 159
3 220
4 46
4 144
4 151
4 165
4 183
5 18
5 56
5 105
5 115
5 123
5 129
5 131
5 138
5 150
5 173
5 188
5 200
5 203
6 5
6 66
6 89
6 91
6 121
6 140
6 153
6 163
6 171
6 186
7 17
7 43
7 94
7 164
7 180
7 187
7 196
8 14
8 45
8 157
8 165
8 170
8 208
8 215
9 22
9 48
9 69
9 120
9 136
9 140
9 171
9 204
9 207
10 22
10 36
10 39
10 63
10 82
10 88
10 94
10 108
10 144
10 176
10 204
10 217
11 36
11 65
11 88
11 122
11 137
11 145
11 155
11 194
11 198
11 218
12 43
12 72
12 98
12 116
12 143
12 148
12 182
12 219
13 27
13 42
13 57
13 80
13 136
13 142
13 146
13 217
14 11
14 43
14 86
14 142
14 146
14 154
14 157
14 163
14 188
14 200
14 207
15 10
15 40
15 41
15 90
15 144
15 173
15 209
15 214
16 100
16 122
16 147
16 195
16 212
17 4
17 13
17 62
17 91
17 110
17 113
17 145
17 146
17 175
17 185
18 21
18 23
18 47
18 49
18 95
18 103
18 177
18 211
19 6
19 26
19 206
20 54
20 61
20 71
20 122
21 19
21 38
21 90
21 104
21 107
21 120
21 187
21 205
21 211
22 9
22 30
22 47
22 72
22 89
22 97
22 143
22 183
22 213
23 65
23 73
23 74
23 130
23 153
23 186
23 197
24 115
24 124
24 149
24 220
25 20
25 97
25 187
26 15
26 50
26 54
26 72
26 78
26 149
26 157
26 173
27 57
27 90
27 107
27 112
27 151
27 156
27 177
27 206
28 5
28 27
28 32
28 42
28 64
28 81
28 179
28 188
29 32
29 48
29 147
29 194
30 219
31 53
31 89
31 112
31 135
31 174
31 179
32 10
32 41
32 89
32 179
32 196
32 206
33 13
33 20
33 32
33 48
33 89
33 113
33 138
33 149
33 156
33 201
34 22
34 27
34 53
34 69
34 120
34 146
34 168
34 173
34 202
35 8
35 27
35 51
35 68
35 76
35 125
35 139
35 171
35 216
35 218
36 25
36 30
36 64
36 65
36 117
36 122
36 144
36 150
36 159
36 202
36 210
36 219
37 4
37 10
37 80
37 88
37 116
37 139
38 33
38 60
38 145
38 177
38 181
38 190
38 194
39 20
39 23
39 25
39 50
39 74
39 84
39 140
39 164
39 166
39 202
39 208
39 217
39 218
40 5
40 26
40 35
40 41
40 87
40 88
40 101
40 120
40 121
40 147
40 156
40 183
41 8
41 33
41 98
41 160
42 37
42 43
42 50
42 97
42 145
42 193
42 198
43 10
43 28
43 65
43 91
43 100
43 121
43 123
43 143
43 170
43 181
43 202
44 42
44 49
44 114
44 123
44 143
44 153
44 177
44 181
44 218
45 73
45 86
45 89
45 100
45 126
45 192
46 22
46 75
46 111
46 146
46 155
47 103
47 109
47 131
47 167
47 191
47 213
48 1
48 14
48 94
48 110
49 114
49 119
49 123
49 138
50 27
50 41
50 144
50 171
50 192
50 213
51 1
51 85
51 102
51 116
51 130
52 11
52 57
52 63
52 76
52 100
52 130
52 138
52 180
52 192
52 206
53 8
53 15
53 37
53 47
53 61
53 69
53 132
53 136
53 147
53 218
54 77
54 109
54 118
55 33
55 54
55 86
55 123
55 169
55 193
55 214
56 20
56 69
56 82
56 83
56 206
57 40
57 191
57 220
58 44
58 46
58 52
58 98
58 134
58 148
58 191
58 219
59 37
59 111
59 116
59 156
59 211
60 6
60 17
60 81
60 91
60 150
61 35
61 50
61 97
61 161
61 164
61 165
61 218
62 28
62 115
62 129
62 142
62 175
63 11
63 57
63 96
63 115
63 116
63 132
63 149
63 160
63 207
64 50
64 99
64 112
64 117
64 125
64 153
64 167
64 184
64 203
65 9
65 19
65 25
65 72
65 82
65 95
65 131
65 133
65 207
66 43
66 78
66 93
66 135
66 138
66 173
66 205
67 6
67 30
67 41
67 189
67 190
67 209
68 34
68 51
68 97
68 115
68 120
68 160
68 187
69 26
69 123
69 164
69 190
70 27
70 94
70 109
70 182
70 187
70 215
71 42
71 52
71 60
71 94
71 121
71 125
71 139
71 158
71 187
72 36
72 109
72 123
73 18
73 87
73 200
74 6
74 67
74 70
74 125
74 156
75 34
75 80
75 194
76 10
76 39
76 43
76 153
76 203
76 208
77 18
77 72
77 96
77 108
77 112
77 134
77 145
77 147
77 155
78 34
78 49
78 50
78 86
78 127
78 155
78 192
79 55
79 75
79 107
79 143
79 150
79 155
79 164
79 187
79 195
79 196
79 210
80 26
80 50
80 70
80 110
80 112
80 218
81 67
81 89
81 92
81 133
81 162
81 170
81 173
82 39
82 52
82 65
82 84
82 115
82 122
82 130
82 146
82 201
83 98
83 126
83 151
84 9
84 42
84 60
84 91
84 124
84 144
84 145
84 156
84 179
84 186
84 190
84 207
85 14
85 45
85 51
85 83
85 102
85 112
85 116
85 129
85 130
85 139
85 151
86 23
86 91
86 95
86 98
86 155
86 207
86 210
87 60
87 118
87 127
88 7
88 34
88 61
88 69
88 104
88 120
88 150
88 166
88 177
88 186
88 187
88 204
89 10
89 34
89 106
89 143
89 176
90 38
90 130
90 166
90 168
90 172
90 195
90 205
91 15
91 40
91 62
91 147
91 204
92 16
92 64
92 72
92 77
92 83
92 116
92 129
92 132
92 164
92 173
92 178
93 4
93 28
93 88
93 91
93 191
93 200
94 16
94 19
94 26
94 43
94 48
94 56
94 159
94 177
94 206
94 208
95 4
95 8
95 91
95 116
95 167
95 170
95 183
95 209
96 38
96 42
96 44
96 128
97 45
97 73
97 76
97 94
97 128
97 156
97 219
98 80
98 103
98 115
98 134
98 135
98 147
99 75
99 87
99 96
99 114
99 121
99 166
100 19
100 44
100 51
100 60
100 71
100 85
100 113
100 117
100 179
100 200
101 65
101 167
101 190
101 205
101 208
102 3
102 37
102 61
102 68
102 90
102 96
102 157
102 180
102 183
102 187
103 9
103 66
103 67
103 118
103 196
103 206
104 17
104 74
104 137
104 152
104 193
105 14
105 40
105 52
105 55
105 65
105 93
105 108
105 130
105 157
105 166
106 14
106 72
106 102
106 122
107 18
107 31
107 35
107 53
107 60
107 68
107 78
107 106
107 113
107 156
107 186
107 210
107 214
108 8
108 31
108 38
108 80
108 105
108 152
108 179
108 208
109 8
109 40
109 88
109 147
109 158
110 29
110 84
110 177
110 197
110 213
110 216
111 4
111 70
111 79
111 129
111 152
111 157
111 199
111 215
111 218
112 77
112 96
112 166
112 170
112 182
112 208
113 13
113 22
113 28
113 101
114 57
114 78
114 96
114 121
114 215
115 195
116 67
116 69
116 93
116 122
116 129
116 169
117 49
117 57
117 167
117 173
117 195
118 30
118 41
118 80
118 86
118 87
118 116
118 161
118 199
119 6
119 14
119 99
119 201
119 217
120 37
120 62
120 93
120 160
121 9
121 15
121 27
121 48
121 89
121 152
121 168
121 182
121 211
122 37
122 71
122 76
122 133
122 157
123 9
123 84
123 85
123 108
123 143
123 162
123 186
123 211
124 25
124 60
124 111
125 9
125 24
125 127
125 174
126 14
126 27
126 35
126 69
126 100
126 200
127 15
127 34
127 46
127 138
127 163
127 184
128 113
128 149
128 155
128 163
128 181
128 188
128 200
129 21
129 95
129 128
129 137
129 171
130 10
130 14
130 28
130 36
130 37
130 53
130 62
130 112
130 117
130 182
131 28
131 67
131 78
131 100
131 108
131 157
131 161
131 201
131 208
132 15
132 28
132 39
132 91
132 218
133 8
133 15
133 41
133 84
133 87
133 140
133 183
133 211
134 9
134 50
134 157
134 208
135 56
135 79
135 189
136 3
136 31
136 123
136 126
136 143
136 216
136 218
137 55
137 192
137 200
137 213
138 12
138 97
138 124
138 131
138 151
138 209
139 3
139 81
139 149
139 151
139 170
139 190
139 199
139 209
140 65
140 84
140 110
140 112
140 125
140 128
140 188
140 204
141 6
141 22
141 27
141 43
141 95
141 111
141 118
141 163
141 215
142 32
142 42
142 85
142 172
142 186
142 187
143 1
143 29
143 73
143 112
143 120
143 129
143 134
143 154
143 169
144 139
144 184
144 190
144 213
145 66
145 141
145 176
145 188
145 195
146 33
146 52
146 71
146 91
146 116
146 182
146 196
146 214
147 5
147 46
147 53
147 75
147 81
147 131
147 143
147 156
147 162
148 59
148 64
148 100
148 108
148 208
148 220
149 13
149 15
149 16
149 35
149 44
149 57
149 64
149 73
149 88
149 107
149 121
149 157
149 198
149 206
149 207
150 100
150 101
150 141
150 153
150 166
150 185
151 10
151 30
151 108
151 126
151 180
151 181
151 186
151 203
152 21
152 79
152 137
152 145
152 193
152 200
152 211
153 33
153 93
153 107
153 109
153 117
153 122
153 129
153 146
153 164
153 165
153 190
154 33
154 48
154 82
154 103
154 113
154 124
154 126
154 146
155 43
155 79
155 87
155 203
156 7
156 94
156 187
156 196
156 219
157 24
157 55
157 64
157 68
157 84
157 104
157 163
158 5
158 42
158 94
158 122
158 150
158 157
158 182
159 13
159 53
159 88
159 169
159 177
159 188
160 7
160 41
160 58
160 100
160 116
160 218
161 17
161 69
161 132
161 139
161 166
161 212
161 215
162 84
162 154
162 163
162 195
162 220
163 3
163 10
163 75
163 103
163 146
163 157
163 217
164 21
164 24
164 25
164 26
164 46
164 50
164 105
164 117
164 139
164 148
164 179
164 208
164 216
165 9
165 24
165 54
165 64
165 67
165 216
166 1
166 23
166 43
166 55
166 77
166 78
166 173
167 46
167 51
167 94
167 173
167 219
168 23
168 42
168 49
168 62
168 91
169 91
169 123
169 147
170 20
170 29
170 91
170 177
170 188
171 4
171 24
171 27
171 88
171 123
171 157
171 158
171 163
171 182
171 208
171 213
172 76
172 121
172 124
172 142
172 165
172 175
173 31
173 52
173 60
173 79
173 109
173 123
173 124
173 174
173 197
174 4
174 28
174 54
174 98
174 117
174 120
174 141
174 144
174 214
175 24
175 26
175 100
175 109
175 110
175 147
175 204
176 68
176 105
176 127
176 157
177 14
177 17
177 31
177 65
177 113
177 161
178 48
178 59
178 127
178 174
178 197
179 10
179 26
179 44
179 50
179 90
179 154
180 7
180 15
180 16
180 19
180 61
180 69
180 83
180 113
180 119
180 163
180 193
180 211
181 11
181 70
181 79
181 144
181 157
181 160
181 168
181 169
181 204
181 218
182 59
182 91
182 92
182 122
182 186
182 189
182 219
183 6
183 48
183 72
183 79
183 110
183 132
183 159
183 177
183 184
183 206
184 5
184 6
184 21
184 27
184 68
184 72
184 91
184 121
184 122
184 128
184 165
185 40
185 132
185 142
185 144
185 151
185 165
185 198
185 208
186 2
186 14
186 146
186 175
187 15
187 90
187 103
187 121
187 129
187 189
188 22
188 93
188 96
188 148
188 168
188 189
188 209
189 4
189 25
189 56
189 90
189 96
189 101
189 181
189 184
189 209
190 117
190 151
190 199
190 211
191 47
191 51
191 59
191 64
191 150
191 181
192 2
192 24
192 25
192 103
192 122
192 175
192 179
192 199
192 206
192 208
192 213
193 61
194 39
194 46
194 119
194 126
195 61
195 86
195 93
195 134
195 144
195 180
196 51
196 100
196 113
196 154
196 155
196 184
196 193
196 210
196 218
197 15
197 27
197 44
197 52
197 92
197 105
197 150
197 181
197 201
198 21
198 32
198 42
198 54
198 56
198 67
198 96
198 110
198 134
198 179
198 188
198 205
199 23
199 134
199 179
199 213
200 28
200 81
200 112
200 122
200 140
200 176
200 211
200 213
201 38
201 67
201 79
201 147
201 181
202 17
202 52
202 83
202 108
202 126
202 184
202 191
203 11
203 17
203 62
203 85
203 91
203 97
203 110
203 113
203 126
203 140
203 193
204 125
204 145
204 198
205 11
205 34
205 47
205 71
205 90
205 116
205 141
205 143
205 168
205 197
206 27
206 64
206 81
206 111
206 140
206 212
206 214
207 3
207 4
207 73
207 82
207 102
207 117
207 120
207 143
207 167
207 188
208 17
208 166
208 200
209 4
209 141
209 164
209 180
209 205
210 61
210 90
210 134
210 159
211 2
211 29
211 46
211 74
211 148
211 185
211 205
211 206
212 56
212 88
212 96
212 104
212 131
212 191
213 8
213 51
213 56
213 117
213 118
213 146
213 198
214 9
214 10
214 22
214 78
214 79
214 138
215 44
215 124
215 162
215 172
215 196
216 4
216 78
216 82
216 103
216 131
216 143
216 155
216 189
216 193
216 204
217 15
217 19
217 105
217 111
217 117
217 120
217 164
217 173
217 202
217 216
218 75
218 110
218 115
218 163
218 194
218 206
219 6
219 76
219 85
219 86
220 1
220 50
220 61
220 83
220 100
220 146
220 199
