220
218
1 7
1 90
2 196
3 188
4 138
4 154
5 146
6 164
6 180
7 160
8 196
9 101
10 41
10 195
12 53
12 65
13 34
13 75
14 207
15 135
19 61
19 139
20 165
21 2
22 78
23 128
23 144
23 182
24 54
25 186
28 16
28 58
30 28
31 20
31 22
31 213
33 70
33 217
36 28
37 132
38 130
42 191
43 81
47 172
47 213
49 67
49 156
49 176
51 32
51 73
53 71
55 105
59 61
59 138
59 191
60 204
61 71
61 151
62 156
64 163
64 193
66 55
66 189
67 97
67 132
70 155
71 27
73 170
74 6
76 75
77 101
79 32
79 44
81 114
85 213
86 8
88 99
88 142
90 70
91 16
91 30
91 118
91 191
93 123
94 83
95 82
96 54
96 214
100 45
100 186
102 21
102 52
102 123
102 135
103 205
104 11
104 47
104 133
105 52
106 14
106 164
107 148
110 10
110 19
111 67
112 30
112 72
114 58
118 105
118 167
119 103
119 184
120 22
120 24
120 51
120 213
121 60
122 155
122 159
123 219
126 186
128 14
128 22
128 97
128 181
130 39
130 67
130 166
133 177
135 98
135 129
135 179
136 59
138 42
138 61
138 162
141 30
141 97
143 125
144 70
144 202
148 149
149 14
150 1
150 172
151 1
151 172
152 184
153 34
154 167
160 17
161 69
162 118
162 206
163 101
165 30
168 29
168 137
170 3
170 211
171 94
172 163
172 164
173 119
174 85
175 94
176 108
177 125
179 70
179 132
180 153
181 86
182 13
182 142
183 78
186 73
187 69
187 162
187 167
187 205
188 61
189 35
189 192
190 198
191 49
192 175
196 4
196 129
196 198
197 49
197 120
198 68
198 99
198 179
201 23
201 59
201 91
201 145
201 178
202 84
202 153
203 73
204 11
205 14
205 35
205 66
205 113
205 193
206 127
207 135
209 118
210 35
211 180
211 210
213 112
214 8
216 45
220 182
