2250
4498
1 588
1 695
2 1398
3 277
3 512
3 1229
3 2145
4 911
4 1509
6 54
6 701
7 1356
8 305
8 915
8 1118
9 469
10 1369
10 2030
11 685
11 1192
11 1263
11 2014
12 1334
12 1573
14 1865
14 2172
17 957
17 1624
17 1656
18 289
18 1719
18 2001
18 2026
19 1307
19 1788
21 494
21 1528
21 1568
22 1439
22 2195
23 1915
23 1974
24 1456
26 1173
27 609
27 641
27 1067
27 1530
27 2250
28 1487
28 1551
29 1149
30 1712
30 2095
31 1242
32 499
32 1434
32 1964
32 2195
33 992
33 1150
34 199
35 1729
36 1146
36 1404
37 82
37 363
37 836
38 261
38 702
38 1522
38 2198
40 1629
42 1024
42 1287
42 1330
43 1044
43 1778
44 1737
45 1598
48 817
49 1311
50 670
50 862
50 1229
51 153
51 915
51 1182
52 160
52 360
52 1944
55 783
55 2151
56 819
57 1392
57 2044
58 35
58 638
60 152
60 1543
60 1690
60 1723
61 209
61 250
62 881
63 1304
63 1798
63 2176
64 183
65 146
65 199
65 1439
67 288
67 1247
68 14
68 1100
68 2099
69 1258
70 660
70 1379
70 1776
71 1532
72 359
72 1761
73 75
73 254
73 562
73 1719
73 1820
73 1908
74 385
74 1771
75 971
75 1725
76 107
76 1837
77 1540
77 1691
77 2037
78 118
78 347
78 1401
79 781
80 585
80 1400
82 470
83 475
86 204
86 1020
86 1113
87 1605
88 987
88 1686
90 570
90 633
91 274
91 550
91 779
91 831
91 1260
91 1680
91 2055
92 749
92 1511
92 1805
93 668
93 1122
93 1853
94 116
94 1295
94 1325
95 952
96 39
96 1682
98 119
99 33
99 466
100 209
100 1551
100 1793
100 1870
101 1322
102 1070
103 290
103 704
103 1779
104 424
104 587
104 605
105 1371
106 1198
106 1355
106 1614
107 39
107 762
110 410
111 392
111 890
111 2097
112 1911
113 1099
113 1102
114 262
114 1860
115 75
115 637
115 1269
116 642
116 2067
117 1306
118 34
118 1771
120 1121
120 1350
120 1381
120 1736
120 1903
121 553
121 867
121 958
121 1794
122 1635
122 1959
123 1032
124 1248
124 2068
124 2125
125 232
125 460
126 105
126 1002
126 1072
127 1855
127 2207
128 272
128 365
129 2158
130 2023
131 688
131 2125
132 116
132 290
132 883
133 578
134 1207
134 1432
136 1468
136 1613
136 2095
138 380
139 1688
140 1291
140 1516
140 2042
141 245
141 1558
141 1698
142 215
142 987
142 1152
142 1613
143 1113
145 317
145 810
145 1397
145 1997
145 2136
146 351
146 1215
146 1710
146 1856
147 933
148 349
150 834
151 646
151 1138
151 1660
152 253
152 748
152 1071
152 1939
153 624
153 964
153 1471
154 1980
155 116
155 427
155 1257
155 1586
155 1874
156 618
156 1417
157 514
157 1766
159 35
159 922
159 1830
160 124
160 916
160 1382
160 2131
162 485
162 726
162 1296
163 899
163 975
163 1667
163 1765
164 318
165 251
166 1369
166 1458
166 1720
166 2192
167 402
169 459
170 532
170 1661
170 1754
170 1878
172 340
173 846
174 465
174 644
174 1143
174 1201
174 1314
174 1453
175 2204
176 21
176 311
176 320
177 598
177 1515
177 1628
177 1774
177 1938
178 250
179 1043
180 328
180 1003
180 1131
180 1641
180 1821
183 322
183 386
183 802
184 1246
184 1445
185 1411
185 1495
185 1579
185 1639
185 1966
185 2062
186 1714
188 1631
190 882
190 1077
192 569
193 104
193 1118
194 675
194 951
194 1406
194 1411
194 1552
195 1055
195 1586
195 1769
196 332
196 1398
197 1921
198 1155
198 1199
199 1453
200 705
200 1808
201 128
201 1004
201 1857
202 143
202 777
202 846
202 1170
202 2073
203 862
203 1295
204 1074
205 114
205 297
206 995
206 1490
208 1899
211 588
211 1063
212 1574
212 1673
212 1864
213 745
215 547
215 666
216 2055
217 2169
219 1838
220 382
220 1104
220 1451
221 1630
222 1278
222 1487
224 189
224 854
224 1593
225 754
225 815
225 1930
226 1352
226 2188
227 468
228 2125
230 1680
231 331
231 552
231 1472
232 1015
232 1503
233 308
233 1835
233 1871
234 775
234 1121
234 2182
235 1003
235 1590
236 182
236 1601
236 2197
237 2182
238 1089
238 1691
238 1932
238 2069
239 284
240 526
241 131
241 1672
242 684
242 2092
243 175
243 892
243 2059
243 2203
244 553
244 1450
245 8
245 709
245 1505
246 847
246 2020
246 2125
247 999
247 1313
248 465
248 850
248 1136
249 84
249 1984
250 79
250 642
250 1742
250 2097
252 875
252 2193
253 2015
254 26
254 528
255 1063
255 1531
255 1923
257 130
257 524
257 1824
258 338
258 861
258 1165
259 45
259 1872
259 2199
260 1212
261 1513
261 1576
261 1861
262 456
262 808
263 501
263 1801
263 2075
264 983
264 2128
265 918
265 1332
266 1767
267 2042
267 2094
268 337
268 823
269 874
270 2164
272 952
273 1794
274 1508
274 1855
276 1701
277 1596
278 925
278 1062
278 2189
279 559
279 602
279 892
279 1231
280 162
280 424
280 937
281 259
281 903
281 1227
281 1427
282 1932
283 1784
284 1096
284 1438
284 1738
284 2062
284 2109
285 67
285 290
285 797
286 482
286 1362
287 1464
288 640
289 332
289 1203
289 1667
289 2155
290 2201
291 658
291 1100
292 1119
292 2212
293 621
293 1759
293 1953
294 278
295 1426
296 30
296 132
296 242
296 999
296 1290
296 1922
296 1933
297 465
297 1090
297 2114
298 399
298 1272
298 1561
298 1709
298 1830
299 808
300 2061
301 1486
301 1619
302 750
302 1194
302 1250
302 1398
302 2242
303 6
303 1458
303 1576
303 2174
304 342
304 528
304 1442
305 619
305 765
306 37
306 243
306 1671
306 1961
308 1640
308 2195
310 174
310 321
310 814
310 1606
310 2110
311 1856
313 683
313 1599
313 1796
314 1055
314 1146
314 1368
315 370
315 449
315 1373
315 1396
316 1670
317 365
317 689
317 709
317 1474
319 122
319 1246
319 1424
320 1357
320 1950
320 2177
321 531
321 543
321 1774
322 330
322 727
323 1539
323 1586
323 2108
324 44
324 697
324 1239
324 2136
325 452
326 2057
326 2205
327 907
327 1601
328 1216
329 39
329 1711
330 235
330 865
330 1238
330 2039
331 170
332 645
332 853
332 925
334 560
334 833
334 1285
334 1342
335 1354
336 319
336 1489
336 1491
337 682
337 1574
338 55
338 509
338 1006
338 2188
339 383
339 426
340 164
340 865
340 1528
340 1623
340 1730
340 2112
341 10
341 296
341 578
343 1794
344 456
345 598
346 593
347 261
347 500
347 1764
348 790
350 583
350 902
350 1670
350 1827
350 2221
350 2248
351 391
352 453
352 817
353 1924
354 466
354 1382
355 632
356 205
356 569
356 608
356 812
356 1596
356 1729
356 1861
356 1957
357 1115
357 1599
359 1554
361 53
361 125
361 138
361 1905
362 1112
362 1728
363 299
363 1189
363 1438
363 2111
364 109
364 779
364 1592
364 2220
365 532
365 777
365 898
365 1841
366 46
366 1907
368 2049
369 1950
370 1098
370 1441
371 65
371 1273
371 1811
371 2221
372 1570
372 1795
373 787
373 1680
374 567
374 647
374 1423
374 1958
375 523
375 1481
375 1519
375 2171
376 236
376 511
377 293
377 817
377 1274
377 1612
378 264
378 2029
379 92
379 548
380 1111
380 1465
381 11
381 320
381 845
381 1533
381 1657
381 1853
382 446
382 1672
382 1850
384 403
384 1282
384 2190
386 392
386 446
386 1056
386 1746
387 871
387 931
387 2115
388 1177
388 1188
388 1965
389 274
389 537
389 541
389 962
391 452
391 823
391 1884
391 2243
392 649
392 1903
393 675
393 1102
394 280
395 476
395 1107
396 122
396 1043
396 1462
398 688
398 1111
398 1161
398 1767
399 665
399 1326
399 1574
399 2076
401 1706
401 1956
402 159
402 2175
402 2232
403 1389
404 1248
405 387
405 416
405 1460
405 1850
406 519
406 1308
406 1627
406 1815
407 812
407 969
408 1448
408 2060
408 2188
409 1091
410 1728
411 14
411 1142
411 1890
412 1477
413 139
413 1351
414 1769
415 875
416 223
416 1488
417 1321
419 4
419 691
419 1362
419 1456
420 301
420 909
420 1268
421 395
423 297
423 510
423 1279
423 1310
423 1400
424 1273
425 171
425 378
425 1407
426 593
426 1672
427 395
428 331
429 917
429 1086
429 1703
430 353
430 433
430 871
430 1739
431 1587
432 112
432 126
432 796
432 1897
434 214
434 1333
434 1607
435 658
435 1360
435 1952
436 517
436 1012
437 958
438 1084
439 124
440 1473
441 430
442 36
442 1862
443 1489
443 1698
443 1832
444 161
444 1770
445 241
445 1783
446 279
446 1582
448 225
448 544
448 570
448 2010
449 1956
450 345
450 1285
450 1470
452 231
452 235
452 503
454 110
454 596
455 1392
456 100
456 1899
457 613
457 1583
458 1049
458 1516
460 820
460 1674
462 129
462 1138
463 653
463 932
463 1341
464 790
464 867
465 322
465 683
466 37
466 400
466 798
466 2249
467 111
467 660
468 569
468 948
469 330
470 473
470 1620
470 2053
471 200
471 1761
471 2150
472 204
473 1204
473 1780
474 1016
475 1057
475 1241
475 2184
476 1545
476 1756
476 2093
477 1073
477 1544
478 342
478 1029
478 1610
479 1439
479 1662
479 1815
480 471
480 1929
481 719
481 1320
481 1524
482 190
482 302
484 208
484 460
484 929
484 1474
484 1591
485 912
485 1323
487 1147
487 1760
488 10
491 1543
491 1760
491 2098
492 1077
492 1999
493 1061
493 2035
494 1455
494 1504
495 110
495 1258
496 228
497 124
497 1151
497 1239
497 2103
498 829
498 1056
498 1265
498 1551
498 1973
499 1223
500 1062
501 1867
502 309
502 1291
502 1417
502 1590
502 1725
502 1852
503 685
503 1786
503 1932
504 24
505 717
505 1605
506 1169
506 1940
507 46
508 1850
508 2195
509 38
509 410
510 327
510 2210
511 432
511 1195
512 598
512 660
512 1349
513 213
514 432
514 1432
515 1093
516 1141
517 1810
519 281
519 736
519 1197
519 1509
519 2145
520 2230
521 1192
521 1574
521 1921
522 214
522 1205
522 1831
523 1857
524 451
525 551
525 1643
526 103
527 231
528 1255
529 1190
530 364
530 1827
531 471
532 607
532 1843
532 2130
533 1816
534 548
534 1534
535 546
535 961
535 1699
536 1413
537 72
537 73
537 862
537 1256
538 286
539 513
539 579
539 1084
539 2033
541 1879
542 353
542 488
542 714
542 864
542 1278
542 1558
543 94
543 692
543 738
543 1712
544 1725
546 1703
547 38
548 1962
549 1795
549 2194
550 1784
550 2231
551 333
551 1802
551 2084
552 677
552 2201
553 167
554 485
555 1297
555 1991
556 207
556 1636
557 2231
558 303
558 1042
558 1265
560 1157
561 91
562 395
563 997
564 456
564 1179
564 1624
564 2103
565 1651
566 1960
567 1584
568 371
569 720
569 1526
569 1658
570 766
571 255
571 1245
571 2160
572 32
573 598
575 126
575 1432
576 351
576 1138
576 1213
577 1898
578 1135
578 1734
580 552
580 1428
580 1476
581 97
581 185
581 532
581 1039
581 1446
581 1618
582 1398
583 1694
584 447
585 244
585 1050
585 2141
586 1161
586 1864
587 2128
588 744
588 1884
589 1289
589 1959
590 100
590 2091
592 1389
592 2176
593 310
593 1566
594 1306
594 2212
595 1247
596 2017
597 1112
597 2151
598 2050
599 1298
599 2024
600 67
600 231
600 1894
601 1421
601 1579
602 589
603 577
603 995
603 1876
603 1948
604 56
604 589
604 745
604 1007
605 828
605 1898
606 333
606 1397
607 181
607 805
608 248
608 633
608 1918
608 2106
609 1101
610 760
611 24
612 452
612 660
612 1238
613 517
613 627
613 1293
614 486
615 784
616 1281
616 1973
618 1097
618 1544
618 1634
618 2018
619 512
619 1694
620 1950
620 2224
621 620
622 938
623 1552
627 747
627 858
627 1512
628 2081
629 745
629 998
629 1452
629 1793
629 1813
629 1968
629 2088
630 397
631 719
631 1104
631 1186
631 2022
631 2066
632 1262
632 1992
633 7
633 1767
634 443
634 2065
635 1783
636 577
636 1741
636 1990
637 402
637 940
637 975
638 393
639 116
639 1968
640 587
640 755
640 1741
640 2139
641 284
641 1238
641 1442
641 1818
643 398
643 498
643 1579
643 1877
643 2033
643 2200
644 75
645 648
646 914
646 1370
647 1506
648 719
648 2211
649 1962
650 1870
651 409
651 601
651 2054
652 1368
654 6
655 278
655 429
655 1853
656 155
656 742
656 1816
656 2234
657 277
657 305
657 876
658 1041
658 1203
659 19
659 80
660 162
663 726
663 1322
663 1920
664 255
665 1524
665 1747
666 362
666 1620
666 1737
666 1992
667 734
668 588
668 1408
669 794
670 90
673 1190
673 1312
673 1464
674 939
674 1518
674 1864
675 646
675 1174
675 1757
675 2228
676 1012
677 65
677 260
677 2075
678 1717
679 213
679 658
679 764
679 958
679 1060
681 74
681 1786
681 2224
683 1212
683 2071
683 2212
684 423
684 787
685 477
685 1840
685 1898
686 718
686 1286
686 1838
687 284
687 1457
687 1628
687 1902
688 825
689 1036
689 1500
689 2007
690 1297
690 1544
690 1656
691 78
691 549
691 881
691 1241
691 2226
692 560
692 1514
692 1806
693 2061
694 134
694 464
694 557
694 1394
696 740
696 1049
696 1987
697 317
698 756
698 1287
698 1339
699 146
699 386
699 461
699 2175
701 135
701 1139
702 1121
703 1077
703 1539
704 338
704 1417
705 229
706 106
706 347
706 521
706 1027
706 1699
706 1794
706 2148
706 2153
707 469
707 1278
708 1931
708 2017
709 1497
709 2245
710 1687
712 283
712 806
715 364
715 471
715 2213
716 142
716 1122
716 1558
717 1521
717 1743
717 2122
719 1769
719 2051
719 2107
721 526
721 626
721 1443
721 1773
722 1648
722 1835
722 2203
723 80
723 683
724 149
724 1298
725 1856
725 1933
726 833
729 266
730 2067
731 864
731 1208
731 2032
731 2239
732 913
732 1986
733 226
733 879
733 1001
733 1074
733 1771
733 2198
734 1232
735 213
735 2069
736 595
736 2111
738 557
738 1094
739 238
739 874
739 885
739 1500
739 1560
739 1581
739 1773
739 2172
740 476
740 1923
741 685
741 1346
741 1417
742 1259
744 1299
746 981
746 2039
748 962
748 1639
749 775
750 327
752 1855
752 2207
753 1030
754 63
754 734
756 838
756 842
757 2094
757 2223
758 174
758 1028
758 1032
758 2145
758 2166
761 551
761 1048
763 233
763 363
763 412
763 1868
763 2217
766 1041
767 476
767 1730
767 2128
767 2147
768 624
768 782
768 1551
768 1809
769 320
769 2120
771 421
771 927
771 1389
771 1774
772 341
772 453
772 671
773 123
773 1561
773 1886
774 807
774 1363
775 116
775 1107
775 1502
775 1681
775 2030
776 374
776 1071
777 1246
778 341
778 681
778 1413
779 1159
781 1778
782 862
784 116
785 1106
785 1723
786 1009
787 76
787 1196
787 1611
788 272
788 558
789 1165
789 1405
789 2184
790 1179
790 1384
791 1694
792 233
792 1497
794 219
794 499
796 532
796 1452
796 2042
796 2170
797 1350
797 1381
797 1822
799 812
799 1022
799 1156
801 319
801 709
801 840
801 1223
802 1407
802 2177
803 802
803 1176
803 1612
803 1819
804 1506
805 874
805 888
805 1071
805 2246
807 208
807 1033
807 1949
808 541
808 1213
808 1488
809 118
809 423
809 1075
810 1016
810 1905
811 1658
812 788
812 2240
813 276
813 1774
813 2049
813 2056
813 2207
815 316
816 69
816 691
816 973
816 2130
818 598
818 803
818 1643
818 1965
820 1844
821 2152
822 305
822 1195
823 943
823 1228
824 59
824 328
824 1456
824 1555
825 16
825 143
826 335
826 708
826 975
827 1690
827 1931
828 883
829 1316
830 632
830 1657
831 482
831 1298
832 241
832 550
832 1833
835 2005
835 2069
836 2240
837 572
837 1149
837 1243
837 1990
838 672
838 749
841 575
841 1440
841 1997
842 1351
843 717
843 1398
843 1915
844 253
845 1258
845 1828
845 2025
846 431
847 398
847 1012
847 1695
847 1732
847 2010
848 670
849 512
849 1394
850 1583
851 19
851 1979
851 2210
852 255
852 2041
855 1404
855 1523
856 829
856 1896
859 874
859 1797
860 611
860 924
861 1371
862 995
863 16
863 1051
864 292
864 1407
865 189
866 14
866 323
867 446
867 805
867 1335
868 141
868 786
870 664
871 165
871 681
873 571
873 789
874 1304
874 1571
875 364
875 444
875 468
875 1537
875 2082
876 1936
877 1632
877 2033
878 816
878 2118
879 352
880 1221
880 1757
881 1692
881 1813
881 1885
882 120
882 771
882 1118
882 1165
883 790
883 1803
883 1877
884 1491
885 116
885 1349
885 1895
888 1287
888 1459
890 532
891 605
891 618
891 1064
891 2151
894 182
894 487
896 1503
896 1784
897 1375
898 334
898 1067
899 134
899 1987
900 678
900 1068
900 1408
901 121
901 743
901 1971
902 478
902 1553
904 1886
904 2047
905 655
905 726
905 1176
907 1206
907 1276
908 598
908 794
908 1071
908 1972
909 287
909 724
909 802
909 2137
911 593
911 1192
912 924
912 1957
913 602
913 1305
913 2055
914 88
914 613
914 672
915 450
916 1511
916 1910
918 394
919 57
919 1390
920 27
920 738
920 1722
921 983
922 121
922 1101
922 2167
923 1487
923 1893
924 1509
924 1997
924 2120
924 2206
925 1041
925 1072
925 2002
925 2120
926 108
926 739
926 900
926 1621
926 2021
927 1235
928 69
928 357
928 1104
928 1346
928 1837
929 2014
929 2222
931 1209
931 1372
931 1756
932 930
933 758
933 1681
934 60
935 1299
935 2156
936 639
936 1335
937 87
937 1368
937 1607
938 1078
938 1176
938 1785
938 1854
938 1998
939 596
939 720
940 725
942 1881
944 167
944 706
944 1221
945 111
945 148
945 658
946 1050
946 1360
946 1501
946 1900
947 573
947 2064
950 1538
950 2031
951 140
951 2123
952 183
952 326
952 1508
953 628
953 754
954 567
954 614
954 1185
954 1374
954 1658
954 1661
956 1571
956 2161
956 2222
957 862
957 1435
959 1254
961 692
963 769
963 1095
963 1660
965 517
965 1856
966 997
968 2147
969 205
969 462
969 906
969 991
969 1783
970 2
970 219
970 564
972 517
972 2224
973 547
973 2177
975 1012
977 745
978 562
978 1576
979 503
979 841
980 842
980 1878
980 2010
981 325
981 1485
981 1804
983 317
983 1457
984 696
984 699
985 248
985 823
985 2189
986 1019
986 1263
987 210
989 149
989 302
989 1016
990 1540
990 2129
991 103
992 2052
992 2247
993 821
994 636
994 833
994 1005
995 789
995 1392
995 2062
996 223
996 310
996 644
996 1253
997 1076
997 1186
997 1609
997 1688
998 800
998 1518
999 357
999 1342
999 2025
1000 1118
1001 1454
1002 598
1002 624
1002 1951
1003 1451
1004 1947
1005 643
1005 1857
1006 114
1006 1107
1006 1825
1006 1940
1007 704
1007 1794
1008 1260
1009 1336
1010 1779
1011 109
1011 1167
1011 2127
1012 845
1014 1996
1015 503
1015 1496
1015 1918
1016 470
1016 1345
1018 103
1018 452
1018 774
1019 639
1020 105
1021 91
1021 470
1021 1525
1022 310
1022 1105
1023 495
1023 704
1023 1996
1024 176
1024 1158
1025 140
1025 819
1025 2237
1026 552
1027 315
1027 1514
1028 125
1028 1913
1028 1940
1029 469
1029 1391
1029 1415
1029 1767
1030 792
1031 192
1031 754
1031 1842
1032 624
1033 1158
1033 1507
1033 1619
1033 2049
1034 771
1035 1086
1036 318
1036 628
1036 1400
1037 2219
1038 433
1038 1347
1038 1749
1038 2168
1039 279
1039 759
1039 2052
1040 1451
1041 1893
1042 92
1042 182
1042 843
1043 1894
1045 528
1045 622
1045 1644
1046 142
1047 804
1047 1936
1048 719
1048 881
1049 1774
1050 2122
1051 514
1051 771
1052 227
1052 1613
1052 1899
1052 2049
1052 2148
1053 73
1053 819
1054 795
1054 1780
1055 852
1055 908
1056 994
1056 1433
1056 1682
1057 158
1057 794
1057 2018
1058 1910
1059 464
1059 536
1059 699
1061 722
1061 933
1062 1602
1062 1681
1063 272
1063 694
1063 2192
1064 1178
1064 1355
1064 1419
1064 1966
1065 1282
1065 1672
1066 113
1066 507
1066 1494
1067 1879
1067 2059
1068 149
1068 695
1068 1258
1070 519
1071 799
1071 891
1071 1031
1072 139
1072 894
1072 2110
1073 241
1073 1998
1076 307
1077 757
1078 1553
1078 2205
1079 91
1079 222
1079 1429
1079 1666
1079 2214
1080 1915
1082 297
1082 1112
1082 1675
1083 1006
1084 140
1084 142
1084 472
1084 775
1084 920
1084 999
1084 1040
1085 1824
1085 1925
1086 2026
1086 2109
1087 73
1087 1541
1088 313
1088 1839
1088 1904
1090 1135
1091 242
1091 632
1091 1487
1091 2215
1092 1243
1093 900
1093 1387
1095 726
1095 1594
1095 1895
1096 46
1096 1409
1097 1391
1098 729
1098 826
1098 2179
1099 672
1099 923
1099 1006
1099 1385
1099 1924
1100 325
1100 1395
1100 1647
1100 2047
1102 1670
1103 47
1103 422
1103 466
1105 68
1105 2022
1105 2037
1107 1527
1108 116
1109 928
1110 340
1111 260
1111 937
1111 1574
1112 759
1112 1227
1112 1698
1113 53
1113 375
1113 449
1113 1434
1114 1136
1114 1178
1115 720
1115 803
1115 1747
1115 2088
1116 953
1116 2076
1117 510
1117 1038
1118 861
1118 927
1119 1134
1119 2139
1120 47
1120 2071
1121 1199
1121 1544
1121 1836
1122 1801
1123 503
1123 763
1123 837
1123 1644
1125 859
1125 1694
1126 1518
1126 1788
1126 1877
1127 133
1127 257
1127 605
1127 948
1127 1146
1128 7
1130 309
1130 341
1130 1098
1131 369
1131 385
1131 2029
1131 2050
1133 419
1133 518
1134 1261
1135 299
1135 983
1135 1184
1136 491
1136 1377
1136 1463
1137 1163
1138 161
1138 221
1139 1300
1139 2009
1140 126
1141 306
1141 759
1141 1046
1142 650
1142 696
1143 1315
1143 1911
1144 1018
1144 1497
1144 2232
1145 113
1145 1539
1145 1949
1147 2004
1147 2005
1147 2140
1148 1052
1149 964
1149 1231
1149 2003
1150 1286
1150 1469
1151 1024
1151 1447
1151 1509
1151 1782
1151 2109
1152 189
1152 1452
1153 1699
1153 2103
1154 284
1154 437
1154 1027
1154 1314
1154 1365
1155 444
1155 599
1156 1098
1158 1529
1158 2003
1159 2094
1160 825
1160 1372
1160 1548
1161 368
1161 1397
1161 1868
1162 181
1162 749
1163 867
1163 1471
1164 299
1164 610
1164 1403
1165 727
1165 1470
1166 57
1166 631
1166 1070
1166 1173
1166 1330
1167 941
1167 1689
1167 2085
1167 2232
1169 629
1169 1951
1170 1656
1172 1279
1172 1604
1172 2009
1175 158
1175 324
1175 1495
1176 5
1177 1546
1178 1566
1179 750
1179 1608
1180 33
1180 499
1180 942
1180 2117
1181 308
1181 1877
1182 196
1182 1680
1182 1936
1182 2212
1183 1696
1183 1864
1185 550
1185 2047
1186 663
1186 2110
1187 396
1187 1374
1188 2085
1188 2221
1189 176
1189 804
1189 1701
1190 359
1190 582
1190 1521
1191 177
1191 896
1192 254
1192 548
1192 1302
1192 1580
1193 682
1194 337
1194 412
1194 859
1194 1167
1194 1288
1195 1229
1196 1027
1196 1470
1197 341
1198 1709
1199 980
1200 331
1200 637
1200 859
1201 355
1201 1256
1202 230
1202 1134
1203 445
1203 1022
1203 1321
1204 517
1205 676
1205 915
1205 2124
1207 971
1207 1545
1207 1564
1207 1836
1208 459
1208 740
1208 1766
1209 413
1209 484
1210 1492
1211 1305
1211 1644
1211 1782
1211 1810
1212 475
1212 892
1213 893
1213 1909
1214 203
1214 230
1214 1783
1215 1059
1215 1090
1215 1515
1215 1862
1216 997
1216 1972
1216 2040
1216 2192
1219 569
1220 1638
1221 62
1221 1003
1221 1222
1221 1541
1222 926
1223 7
1223 556
1223 1969
1224 1018
1226 626
1226 1266
1227 11
1227 375
1227 1800
1227 2032
1228 45
1229 491
1229 1856
1229 2019
1230 910
1230 1318
1230 1550
1231 241
1231 485
1231 592
1231 761
1231 1666
1231 1885
1231 2199
1231 2208
1233 1552
1234 733
1234 1574
1234 1759
1234 1773
1235 275
1235 1555
1235 1765
1235 2149
1236 31
1236 78
1236 585
1238 325
1238 409
1238 786
1238 791
1238 927
1239 1179
1239 1339
1239 1758
1239 1836
1242 676
1242 2128
1244 2026
1245 1046
1246 391
1246 1373
1247 1659
1248 142
1248 391
1248 1278
1249 1293
1250 2036
1251 652
1252 407
1252 430
1252 1168
1253 701
1253 887
1253 1117
1253 1179
1254 171
1254 757
1254 1404
1255 1047
1255 1097
1255 1818
1256 241
1256 1452
1258 1860
1258 2164
1260 483
1260 1173
1261 159
1261 462
1261 469
1262 582
1262 1486
1262 2053
1262 2094
1263 1813
1264 434
1264 1701
1265 2023
1266 435
1266 1296
1266 1948
1267 359
1267 2065
1267 2160
1268 415
1268 1664
1269 1813
1270 1335
1270 2051
1271 500
1271 740
1272 333
1272 751
1273 967
1273 1600
1274 1449
1275 846
1275 1361
1276 1061
1276 2174
1276 2195
1277 483
1278 717
1278 1498
1278 1756
1279 1982
1280 5
1280 919
1280 2207
1281 24
1281 106
1281 898
1281 1415
1282 341
1282 403
1282 1292
1282 1575
1282 1912
1283 1001
1285 271
1285 1410
1285 1494
1286 214
1286 825
1287 527
1287 1311
1288 2091
1289 980
1290 2127
1291 1705
1292 402
1293 1027
1293 1197
1293 1388
1293 2059
1294 423
1294 690
1294 1182
1294 1194
1294 1372
1294 1924
1294 1957
1295 1463
1295 1637
1297 28
1297 687
1298 615
1298 1523
1299 367
1299 1267
1299 1386
1299 1544
1300 1473
1300 1725
1300 1981
1302 199
1302 1609
1303 1513
1303 1541
1303 1881
1304 1584
1305 1954
1305 2023
1305 2043
1307 1138
1307 1227
1307 1371
1308 83
1308 337
1308 2079
1309 14
1309 1337
1310 7
1310 1062
1310 1160
1311 131
1311 452
1311 2225
1313 892
1313 1505
1314 1703
1314 2009
1315 1328
1316 533
1316 624
1316 760
1319 908
1319 1052
1320 371
1320 1140
1320 1231
1320 1581
1321 1497
1322 260
1322 844
1322 932
1323 395
1323 1398
1323 1885
1324 1658
1325 260
1325 573
1325 831
1325 1167
1325 1972
1326 554
1326 2082
1327 675
1328 1652
1329 1318
1329 2002
1330 221
1330 753
1330 1097
1331 1360
1332 354
1332 1255
1333 1803
1334 899
1335 1294
1336 1482
1337 478
1337 1405
1337 2008
1338 934
1338 1323
1338 2209
1339 1946
1339 2087
1341 349
1341 993
1341 1227
1342 69
1343 962
1344 229
1344 1007
1344 1279
1344 1902
1345 690
1346 601
1346 690
1347 786
1347 863
1347 1450
1347 2174
1348 262
1349 866
1349 918
1349 1373
1349 2002
1350 504
1350 528
1351 586
1352 1077
1352 1798
1353 1066
1353 1992
1353 2104
1354 1469
1354 1860
1355 2171
1355 2220
1356 370
1356 615
1356 1096
1358 4
1358 404
1359 260
1359 1088
1360 555
1360 738
1362 205
1362 749
1363 234
1363 777
1363 2056
1364 828
1364 1030
1364 1643
1365 58
1365 423
1367 1192
1369 1953
1369 2245
1370 1050
1370 1206
1371 4
1372 699
1372 713
1372 749
1372 1643
1373 187
1374 1380
1374 1466
1375 109
1375 534
1375 867
1375 1238
1375 1570
1375 1724
1375 1931
1376 1540
1376 1862
1377 627
1378 366
1378 534
1378 1992
1379 930
1379 1436
1380 1741
1381 1341
1382 303
1382 847
1385 258
1385 373
1385 922
1386 585
1386 1717
1386 1807
1386 1903
1387 538
1388 165
1388 219
1389 1019
1390 1921
1390 2225
1392 520
1393 417
1393 1238
1393 1849
1394 600
1394 1676
1394 1917
1395 1373
1396 640
1396 907
1396 1533
1396 1650
1397 470
1397 555
1397 1130
1397 1223
1398 1928
1398 2028
1399 1764
1400 2070
1401 1195
1401 2128
1402 1626
1402 2028
1403 1158
1403 2244
1404 1321
1405 440
1405 1281
1407 552
1407 1018
1407 1190
1409 826
1409 1403
1409 1816
1409 2150
1410 338
1411 483
1411 1344
1412 1318
1412 1448
1412 1953
1412 2177
1413 53
1413 340
1414 561
1414 1031
1414 1120
1415 1102
1416 480
1416 1008
1416 1563
1418 2203
1420 1431
1420 1746
1421 5
1421 73
1422 1052
1422 1141
1422 1549
1423 1471
1424 220
1425 798
1425 977
1425 1054
1425 1213
1426 201
1426 1222
1426 1402
1427 698
1427 1280
1427 2132
1428 565
1428 634
1428 1056
1428 1200
1428 1969
1429 95
1429 1139
1429 1767
1430 1954
1430 2233
1431 299
1431 420
1431 728
1431 1435
1431 1938
1432 626
1432 643
1434 1357
1435 1461
1436 2210
1437 168
1437 1641
1438 443
1438 1059
1440 565
1440 732
1440 2153
1441 1099
1441 2076
1442 589
1442 1111
1442 1451
1442 1492
1443 946
1443 1879
1444 1064
1444 1885
1445 65
1445 609
1445 1657
1447 1103
1447 2190
1448 461
1448 1008
1448 1614
1449 662
1450 299
1450 2218
1451 1586
1452 1600
1452 1757
1453 1155
1454 1230
1454 1942
1456 130
1456 708
1457 109
1457 1834
1458 25
1458 866
1458 1354
1458 2073
1459 1701
1460 1434
1462 796
1462 959
1463 364
1463 707
1463 982
1463 2080
1464 142
1465 83
1465 1739
1466 1107
1466 1893
1467 324
1467 968
1467 1692
1468 43
1468 597
1468 1992
1469 61
1469 523
1469 852
1469 1032
1469 1350
1469 2156
1469 2171
1470 107
1470 462
1470 652
1470 1243
1470 1597
1470 1860
1471 859
1471 981
1471 1752
1472 1125
1472 1938
1473 290
1473 486
1473 1131
1473 1766
1475 746
1475 1186
1475 1239
1475 2026
1475 2174
1476 210
1476 1607
1476 1829
1478 807
1478 1444
1478 2233
1479 1717
1481 2161
1482 446
1482 488
1482 955
1483 687
1483 703
1484 1370
1484 1695
1484 1808
1485 452
1485 1548
1486 858
1486 987
1487 555
1488 1994
1489 8
1489 515
1489 2245
1490 808
1490 831
1490 934
1490 1211
1491 652
1491 1695
1492 568
1492 1817
1494 1556
1495 138
1496 1383
1497 493
1499 729
1500 625
1500 1371
1500 1844
1501 699
1501 1591
1501 1780
1502 620
1502 866
1503 147
1504 1602
1504 1630
1504 2132
1505 875
1505 1627
1506 615
1507 1217
1507 1671
1508 1522
1508 1752
1508 2188
1509 1463
1511 1097
1511 1235
1511 1645
1512 2064
1512 2102
1513 2010
1514 2096
1515 627
1516 556
1516 1804
1516 1966
1517 718
1518 1557
1519 510
1519 821
1519 1242
1519 1411
1521 1503
1521 2206
1522 740
1522 808
1523 141
1523 574
1523 1355
1524 1251
1524 2225
1525 29
1525 1205
1525 1936
1525 2195
1526 4
1526 371
1526 411
1526 668
1527 93
1527 192
1527 739
1527 1967
1529 411
1529 780
1529 1840
1529 1880
1529 1907
1531 1360
1533 164
1533 755
1533 899
1533 1085
1535 689
1535 2183
1536 160
1536 720
1537 619
1537 1095
1537 1463
1539 38
1539 1102
1539 1408
1539 1654
1540 1600
1543 2005
1544 140
1544 1095
1544 1229
1544 1437
1544 1600
1545 1165
1546 2061
1547 1772
1547 1858
1547 1987
1547 2221
1548 774
1548 1648
1549 213
1549 231
1549 1111
1549 2245
1550 1683
1551 886
1551 1788
1553 308
1553 327
1553 690
1553 905
1553 1065
1553 1356
1554 405
1554 654
1555 41
1555 244
1555 1698
1556 440
1556 1582
1557 1973
1558 204
1558 442
1560 1433
1561 1745
1561 1873
1562 1578
1563 587
1564 1518
1565 799
1566 24
1566 2062
1566 2068
1567 1062
1567 1794
1568 1079
1568 1811
1568 1870
1568 2137
1569 907
1569 1135
1569 1766
1570 1447
1572 2172
1573 130
1573 186
1573 531
1573 801
1573 858
1573 870
1574 30
1574 478
1575 262
1575 573
1576 88
1576 178
1576 1228
1576 1811
1576 2144
1578 2025
1579 1388
1579 1765
1579 2080
1580 445
1580 1918
1581 392
1581 1755
1582 149
1582 486
1582 705
1582 1133
1583 173
1583 1686
1584 571
1584 717
1585 1833
1586 8
1586 1017
1586 1247
1586 1547
1587 110
1587 575
1587 887
1588 611
1588 1403
1589 45
1589 1677
1589 2164
1590 296
1590 600
1590 1621
1592 284
1592 646
1592 741
1592 1023
1592 1405
1593 874
1594 256
1594 716
1594 1102
1594 1940
1595 2063
1596 556
1596 1078
1596 1098
1596 1707
1597 116
1597 887
1597 1300
1599 123
1599 374
1599 1965
1600 871
1601 867
1602 1475
1602 1488
1603 1225
1603 1706
1604 2165
1605 609
1605 683
1605 934
1605 1527
1605 1826
1605 2025
1605 2198
1606 1416
1607 966
1607 1169
1608 597
1608 1413
1608 1933
1609 176
1609 836
1609 1250
1609 1408
1609 1879
1610 1417
1611 1123
1611 1258
1612 2181
1614 704
1614 1044
1615 885
1615 1470
1615 1534
1615 1607
1616 1696
1617 351
1618 1288
1618 2077
1618 2141
1619 862
1620 545
1620 642
1620 644
1620 1990
1621 169
1621 1900
1622 27
1622 1897
1623 1539
1623 2181
1624 219
1625 345
1625 519
1625 2075
1626 414
1626 838
1626 1073
1626 1858
1626 2157
1627 535
1627 1574
1627 1605
1627 2107
1628 271
1628 775
1631 2089
1632 2032
1633 1192
1634 370
1634 403
1634 623
1634 1008
1635 508
1636 1534
1636 1926
1637 998
1637 2193
1638 577
1638 948
1638 964
1639 1762
1640 33
1640 357
1640 720
1640 905
1640 2110
1641 332
1641 1151
1641 1199
1641 1294
1641 2063
1642 1
1642 213
1642 1039
1642 1616
1643 76
1643 1398
1643 1989
1644 406
1644 838
1644 916
1644 1160
1645 350
1645 397
1645 884
1645 1178
1645 1214
1645 1402
1646 2244
1648 1551
1648 1912
1649 703
1650 1571
1650 1846
1651 546
1651 1191
1651 1301
1651 2061
1652 33
1652 839
1652 2217
1653 1147
1654 343
1654 907
1655 1345
1656 745
1657 68
1658 302
1658 1805
1659 73
1659 96
1659 324
1659 813
1659 1272
1659 1879
1659 1914
1660 1313
1661 1859
1662 95
1662 325
1662 1748
1663 841
1663 1270
1663 1598
1663 2019
1664 200
1664 433
1665 43
1665 1263
1666 1616
1666 1976
1666 2243
1667 119
1669 840
1669 883
1669 1384
1670 2021
1672 1563
1672 2077
1673 403
1675 826
1676 1727
1677 709
1677 1491
1677 2184
1678 954
1679 1657
1679 2152
1681 1982
1682 1051
1682 1996
1683 569
1684 1885
1685 547
1686 862
1686 1047
1686 1339
1687 164
1688 789
1688 1938
1689 1270
1690 2003
1690 2193
1690 2236
1691 1019
1692 848
1693 644
1694 210
1694 1928
1694 2215
1695 1818
1695 2053
1696 1254
1698 24
1698 69
1698 1835
1699 380
1699 1140
1699 1247
1700 669
1701 1318
1701 1357
1702 761
1703 921
1703 1355
1703 1833
1704 41
1704 239
1704 790
1705 181
1705 1040
1706 1098
1706 1414
1707 2043
1707 2094
1708 438
1708 551
1708 1144
1708 1364
1708 1741
1709 152
1709 292
1709 397
1710 500
1710 1411
1710 2167
1711 1603
1711 2219
1712 232
1713 287
1713 1623
1715 1493
1715 2118
1716 1156
1716 1930
1716 2056
1717 512
1717 1776
1718 245
1720 819
1721 11
1721 239
1721 1916
1721 2185
1722 1001
1722 1942
1723 894
1724 1852
1724 2028
1726 182
1726 799
1726 1032
1727 1570
1727 2142
1728 648
1728 854
1728 1897
1729 129
1729 677
1730 19
1730 1944
1731 52
1731 1116
1732 881
1732 1610
1732 1783
1732 1842
1732 2066
1733 798
1733 1543
1735 636
1735 780
1735 1543
1736 1570
1737 301
1737 877
1737 993
1738 280
1738 442
1738 936
1738 1215
1738 1441
1739 701
1739 1320
1739 1815
1741 736
1741 1008
1741 1720
1741 2149
1742 60
1742 1164
1743 150
1744 338
1744 1537
1744 1795
1745 476
1745 1115
1746 993
1746 1164
1746 2120
1746 2237
1747 1583
1747 1610
1748 821
1748 2046
1749 1278
1750 26
1750 773
1750 2001
1750 2104
1751 1796
1751 1959
1751 2053
1753 1126
1753 1893
1754 1426
1754 1806
1755 25
1755 835
1755 1195
1755 1691
1756 56
1756 421
1756 758
1756 922
1756 1209
1757 1211
1757 2061
1758 1367
1758 1475
1758 1894
1759 445
1759 818
1759 1310
1760 1169
1760 1419
1761 1539
1762 367
1762 500
1762 911
1762 1325
1764 770
1765 1158
1765 1207
1765 1778
1767 1288
1767 1999
1768 1112
1768 1412
1768 1780
1768 1901
1769 752
1769 877
1769 1107
1769 1291
1770 599
1770 1528
1770 2026
1771 557
1771 1022
1772 695
1772 1615
1773 1757
1774 1088
1775 505
1775 593
1778 230
1778 1062
1778 1247
1778 1511
1778 2103
1779 89
1779 518
1780 1203
1780 1260
1781 352
1781 876
1781 1343
1781 1421
1782 5
1782 1586
1783 562
1783 2086
1784 645
1785 2
1785 1040
1785 1735
1787 1514
1787 1814
1788 303
1788 1043
1788 2090
1788 2098
1789 447
1789 695
1790 1335
1791 1045
1791 1211
1792 104
1792 1693
1792 1768
1793 188
1793 1545
1793 2063
1795 891
1795 1911
1795 2081
1796 791
1796 802
1797 519
1798 553
1798 1726
1798 2158
1799 481
1799 701
1799 1249
1799 1307
1799 1447
1800 683
1800 781
1801 1267
1801 2040
1802 425
1802 882
1803 1377
1803 2059
1804 1031
1804 1814
1805 2169
1806 558
1806 1686
1808 1958
1809 16
1809 420
1810 42
1810 561
1811 194
1811 1259
1812 941
1812 1473
1813 753
1815 105
1816 226
1816 321
1816 674
1816 957
1817 430
1817 2079
1818 1003
1818 1112
1818 1273
1818 1655
1818 1734
1818 1769
1821 157
1821 1406
1822 946
1822 1992
1823 1085
1823 1906
1824 389
1824 964
1824 1048
1825 42
1825 523
1825 1732
1826 1140
1827 308
1827 397
1827 664
1827 741
1827 1717
1827 1920
1828 737
1828 1156
1828 2029
1828 2105
1830 1111
1831 590
1831 2109
1832 1254
1832 1614
1832 1859
1834 559
1836 1488
1837 113
1837 229
1837 795
1837 1016
1837 2069
1838 2073
1839 2141
1840 1641
1841 255
1841 935
1842 1305
1842 1804
1843 583
1843 1520
1843 1664
1844 222
1844 994
1845 470
1846 473
1846 1030
1846 1465
1847 242
1847 393
1847 1830
1848 148
1848 350
1848 2161
1849 1333
1849 1486
1849 1966
1849 2058
1849 2084
1849 2157
1849 2238
1850 483
1850 995
1852 1408
1852 1430
1853 1848
1854 585
1854 1528
1855 469
1855 743
1856 32
1856 551
1856 1079
1856 2174
1857 983
1857 2065
1859 2114
1860 1639
1861 292
1861 1132
1861 1341
1861 1589
1863 824
1864 803
1864 2097
1865 1765
1867 572
1868 538
1868 685
1868 876
1868 1360
1870 584
1870 926
1872 496
1872 1697
1873 427
1873 2081
1874 735
1875 475
1875 490
1875 809
1876 2059
1877 650
1877 1405
1878 358
1878 1631
1879 98
1880 663
1880 2032
1881 15
1881 785
1881 1135
1881 1350
1881 1917
1882 1505
1882 1585
1883 209
1883 2027
1884 636
1884 826
1884 1222
1884 1939
1885 980
1885 1308
1885 1399
1885 1901
1886 146
1886 172
1886 547
1886 981
1886 1079
1886 1579
1886 1589
1886 2041
1887 852
1888 544
1888 1845
1889 2092
1890 2226
1891 337
1891 2173
1892 965
1892 1360
1892 1408
1893 69
1893 610
1895 1509
1897 263
1897 1550
1898 2140
1899 1699
1900 2220
1901 145
1901 1621
1902 1044
1902 1277
1903 102
1904 432
1904 854
1905 44
1905 307
1905 1428
1905 1948
1906 639
1906 1294
1906 1823
1907 74
1907 1255
1908 454
1908 1994
1908 2113
1909 1975
1911 6
1911 1023
1911 2092
1912 1528
1912 1712
1913 1895
1914 95
1914 610
1914 986
1915 274
1915 1106
1916 48
1916 2133
1917 572
1917 885
1917 1277
1918 411
1918 608
1918 794
1918 1253
1919 1676
1920 204
1921 486
1921 919
1922 187
1923 1517
1923 2133
1924 688
1924 1038
1924 1307
1925 198
1925 1500
1926 108
1926 977
1926 2016
1927 1146
1927 1615
1927 2098
1928 562
1928 817
1928 2249
1929 100
1930 176
1931 2088
1932 310
1932 517
1933 436
1933 1904
1934 412
1934 1826
1934 1949
1935 933
1935 1901
1936 858
1936 1275
1936 1521
1937 1043
1937 1441
1938 354
1938 1499
1939 31
1939 430
1939 746
1939 1980
1940 913
1942 387
1942 851
1943 1800
1944 1296
1945 645
1945 1570
1946 238
1946 712
1946 1490
1947 821
1947 1150
1948 876
1948 1539
1949 1080
1949 1410
1950 1221
1950 1550
1951 635
1951 1908
1952 707
1952 1845
1952 2043
1953 387
1953 1611
1953 2155
1954 12
1955 1334
1955 1833
1955 2245
1956 183
1957 28
1957 1670
1958 597
1959 926
1959 1648
1960 1805
1960 1922
1961 699
1962 2213
1963 915
1963 1400
1964 92
1964 446
1964 1626
1964 1855
1965 452
1965 666
1965 1178
1965 1422
1966 700
1966 1482
1966 1769
1966 1853
1967 1393
1967 1674
1968 271
1968 1898
1969 547
1969 1808
1970 139
1970 1031
1970 1060
1970 1602
1972 915
1972 1491
1974 292
1976 135
1976 272
1976 315
1976 492
1976 667
1978 393
1978 819
1980 1233
1980 2221
1981 1403
1981 1744
1981 2188
1982 855
1982 1464
1982 2022
1983 516
1983 518
1984 1523
1985 56
1985 1165
1985 2115
1988 515
1988 1947
1989 108
1989 1224
1990 219
1990 1315
1991 432
1992 301
1992 1359
1992 2012
1993 951
1993 1511
1994 377
1994 636
1994 1366
1995 506
1996 1
1996 632
1998 1665
1998 1678
1999 2228
2000 49
2000 206
2000 304
2000 1291
2001 104
2001 644
2001 703
2001 1509
2001 1651
2002 375
2002 582
2002 869
2003 613
2003 1133
2005 88
2005 749
2005 1001
2006 758
2007 1417
2008 717
2009 2215
2011 711
2012 1824
2013 1194
2014 597
2016 1904
2017 1138
2017 1620
2017 1694
2017 2019
2018 28
2018 420
2019 37
2019 1741
2021 53
2021 1445
2022 1918
2023 1214
2023 1773
2024 647
2024 1163
2025 818
2025 1542
2026 1588
2026 1885
2026 2074
2027 1925
2028 1899
2028 1948
2028 1983
2029 1137
2029 1348
2029 1911
2030 184
2030 1372
2030 1604
2030 1957
2031 1709
2031 1881
2031 2137
2032 389
2032 948
2033 130
2034 778
2034 821
2034 1440
2036 517
2036 867
2036 1953
2037 144
2037 1227
2037 1374
2037 1818
2038 439
2038 1470
2039 1199
2039 1629
2040 1317
2041 907
2041 1384
2041 1428
2041 1749
2041 2219
2042 304
2042 757
2042 1538
2042 1564
2043 394
2044 324
2045 892
2045 1174
2046 2161
2047 393
2047 655
2048 378
2048 1407
2049 328
2049 702
2050 773
2050 1558
2050 1771
2050 2008
2050 2220
2051 207
2051 1417
2051 1493
2052 218
2052 1131
2052 1403
2052 1461
2052 1464
2053 174
2053 330
2054 656
2054 1635
2054 2005
2055 128
2055 1513
2055 1676
2056 1021
2057 104
2057 349
2057 355
2057 835
2057 1950
2058 1022
2058 2101
2059 1831
2060 1706
2060 2169
2061 213
2061 576
2063 602
2063 771
2063 1897
2064 1055
2064 1154
2064 1291
2065 277
2065 634
2065 2076
2066 655
2066 670
2066 2134
2067 204
2067 404
2068 1489
2068 1564
2068 1641
2068 1741
2069 30
2069 981
2070 1213
2071 512
2071 663
2071 1318
2071 1771
2072 121
2072 603
2073 415
2073 632
2073 906
2073 2118
2073 2188
2074 496
2074 508
2074 1249
2075 127
2075 1491
2076 1283
2076 2121
2077 1223
2078 479
2079 596
2079 751
2080 247
2082 637
2082 1033
2082 1669
2082 1942
2082 2083
2082 2226
2083 159
2083 176
2083 659
2086 896
2086 1320
2087 472
2089 1682
2089 2108
2090 787
2090 827
2090 1011
2090 1476
2091 217
2091 330
2091 1469
2092 434
2092 645
2092 1850
2094 346
2094 573
2094 2237
2095 23
2095 30
2095 665
2095 882
2095 954
2095 1247
2095 1250
2096 286
2096 736
2096 1355
2097 730
2097 979
2097 1164
2097 1716
2097 2131
2098 841
2098 1800
2099 394
2100 83
2100 1076
2101 1178
2101 1798
2101 2200
2102 963
2102 1025
2102 1037
2103 219
2103 333
2103 335
2103 366
2103 903
2103 979
2103 1262
2104 672
2104 1479
2104 1520
2105 144
2105 889
2105 967
2106 91
2106 1042
2107 1014
2108 553
2109 152
2109 1005
2109 1586
2110 591
2110 796
2110 1455
2110 1874
2110 1938
2111 1112
2111 1154
2112 402
2113 568
2113 936
2113 1546
2113 1774
2114 87
2114 124
2114 550
2114 1090
2114 1636
2115 335
2115 778
2116 1061
2116 1342
2116 1852
2116 2243
2117 1524
2117 1734
2117 1742
2118 817
2118 1216
2118 1935
2118 2156
2118 2201
2119 125
2119 828
2119 1175
2120 40
2120 2082
2121 210
2121 258
2121 367
2121 888
2122 187
2124 192
2124 617
2125 1286
2126 242
2127 692
2128 38
2128 255
2128 591
2128 888
2128 2012
2130 1887
2131 358
2131 2016
2132 758
2132 1431
2135 665
2135 2073
2135 2228
2136 749
2136 1486
2137 673
2137 1457
2137 1900
2138 982
2139 1301
2140 673
2140 808
2140 1411
2140 2013
2142 1292
2142 1403
2142 1414
2142 2057
2142 2222
2143 167
2143 1300
2144 623
2144 656
2144 1874
2144 1966
2144 1975
2145 1999
2146 1194
2147 1789
2148 1897
2149 1258
2149 2104
2150 1066
2150 1290
2151 105
2151 1258
2154 1310
2154 1361
2154 1384
2155 762
2155 1220
2155 1228
2155 2243
2156 2111
2159 9
2159 403
2159 1823
2160 490
2160 1761
2160 2029
2162 786
2162 909
2163 1001
2163 1420
2163 1666
2163 1684
2164 76
2164 1523
2164 1871
2166 250
2166 1351
2166 1842
2166 2181
2167 1435
2167 1705
2167 1771
2168 1061
2168 1713
2168 2083
2169 690
2169 1471
2170 1027
2170 1803
2171 896
2172 701
2172 902
2172 1383
2173 808
2173 979
2175 1654
2176 1255
2176 2111
2177 1273
2178 661
2179 811
2180 474
2182 259
2185 316
2185 632
2185 1221
2185 1441
2186 1406
2186 1967
2187 107
2188 886
2188 1239
2188 1405
2188 1949
2188 2212
2189 403
2189 599
2189 1107
2189 1327
2189 1513
2189 2039
2190 166
2191 1306
2191 1313
2191 2143
2192 153
2192 191
2192 1832
2192 2034
2193 791
2193 1435
2193 1585
2194 1170
2194 1354
2194 1783
2196 1877
2197 106
2197 220
2197 1258
2199 232
2199 509
2199 888
2200 2092
2201 577
2201 724
2201 841
2201 932
2201 1039
2201 1782
2201 2031
2202 663
2202 1434
2202 1773
2202 2163
2203 434
2203 522
2203 2148
2203 2190
2204 944
2204 1036
2204 1841
2205 1552
2206 1271
2207 290
2207 1699
2207 2008
2208 386
2209 288
2209 436
2209 2133
2210 448
2210 1610
2210 1617
2211 71
2212 599
2212 1178
2212 2130
2213 328
2213 517
2213 2171
2214 2066
2215 447
2215 1055
2215 2076
2215 2097
2216 715
2216 1225
2216 1481
2216 1678
2216 1906
2217 178
2217 2039
2217 2051
2217 2052
2219 233
2221 2038
2222 291
2222 1843
2224 905
2224 985
2225 225
2225 1132
2225 1756
2225 2176
2226 914
2226 1775
2227 246
2227 1383
2227 1679
2227 1955
2227 2206
2228 1983
2229 897
2229 1237
2230 438
2233 1247
2233 2156
2234 1874
2235 1076
2235 1901
2235 1919
2236 723
2237 734
2237 1085
2237 1450
2238 69
2239 608
2239 751
2239 831
2239 1528
2240 701
2240 735
2240 924
2241 944
2241 1955
2242 2067
2243 645
2243 1290
2243 1605
2243 1946
2245 2181
2247 585
2247 640
2247 890
2248 284
2248 876
2248 1949
2249 404
2249 790
2250 230
2250 1418
2250 1939
