230
1142
1 69
1 83
1 193
2 79
2 99
2 133
2 145
2 177
2 211
3 43
3 68
3 127
3 168
3 181
3 192
3 217
3 219
4 9
4 25
4 43
4 78
4 193
4 199
4 223
5 41
5 103
5 128
5 228
6 35
6 68
6 132
6 170
6 211
7 56
7 143
7 147
7 190
7 205
7 212
8 15
8 18
8 41
8 63
8 134
8 192
8 197
8 217
8 222
9 81
9 135
10 18
10 87
10 173
10 193
10 216
11 155
11 216
11 221
12 38
12 70
12 71
12 123
12 146
12 153
12 215
13 75
13 87
13 103
13 179
14 51
14 136
14 166
14 199
15 118
15 155
15 189
16 53
16 66
16 75
16 127
16 193
17 38
17 117
17 134
17 155
17 163
17 197
18 69
18 106
18 122
18 162
18 219
19 134
20 119
20 123
20 128
20 157
20 192
21 23
21 48
21 139
22 41
22 50
22 74
22 79
22 230
23 42
23 96
23 138
24 8
24 10
24 26
24 166
25 5
25 10
25 20
25 32
25 132
25 137
26 33
26 43
26 58
26 150
26 155
26 193
27 17
27 29
27 46
27 61
27 73
27 79
27 100
27 123
27 179
27 197
27 211
28 1
28 86
28 94
28 111
28 117
28 132
28 219
29 12
29 49
29 60
30 10
30 37
30 60
30 95
30 184
30 192
30 209
30 216
31 50
31 191
31 212
32 36
32 92
32 125
32 135
32 136
32 183
33 126
33 166
34 13
34 88
35 14
35 33
35 47
35 141
35 171
35 223
36 5
36 35
36 38
36 51
36 65
36 66
36 144
37 16
37 55
37 135
37 169
38 50
38 79
38 97
38 126
38 141
38 156
38 169
38 213
39 35
39 67
40 58
40 100
40 117
40 128
40 130
40 229
41 12
41 17
41 20
42 41
42 46
42 59
42 144
43 60
43 95
43 145
43 148
43 177
43 209
43 214
44 8
44 9
44 38
44 41
44 151
44 179
44 207
44 225
45 109
45 155
45 172
45 213
46 11
46 87
46 100
46 110
46 227
47 7
47 10
47 74
47 98
47 107
47 127
47 136
47 173
47 184
47 187
47 188
48 80
48 119
48 138
48 180
48 193
49 125
49 139
49 148
49 179
49 210
50 105
50 169
50 201
51 81
51 88
51 228
52 105
52 134
52 171
52 172
52 207
52 225
53 16
53 22
53 66
53 104
53 123
54 3
54 27
54 52
54 93
54 106
54 123
54 127
54 129
54 135
54 159
56 52
56 62
56 70
56 79
56 84
56 88
56 96
56 106
56 115
56 125
57 104
57 109
57 169
57 192
57 206
58 18
58 59
58 86
58 168
58 200
58 214
58 215
58 221
58 228
59 191
59 200
59 217
60 107
60 174
61 70
61 91
61 111
61 129
61 150
61 196
61 200
61 202
61 224
62 8
62 59
62 96
62 155
62 157
62 174
62 206
63 143
63 156
63 172
64 41
64 70
64 227
65 4
65 48
65 53
65 92
65 97
65 123
65 140
66 103
66 124
67 58
67 126
67 129
67 141
67 197
68 37
68 51
68 75
68 112
68 118
68 128
68 129
68 133
68 138
69 30
69 77
69 78
69 108
69 181
70 66
70 69
70 91
70 96
70 119
71 42
71 79
71 114
71 124
71 152
71 212
72 4
72 5
72 10
72 35
72 77
72 87
72 88
72 92
72 149
72 190
72 197
73 41
73 222
74 17
75 4
75 29
75 47
75 64
75 71
76 55
76 98
76 178
77 17
77 34
77 125
77 218
78 2
78 90
78 100
78 126
78 208
79 96
79 159
80 37
80 45
80 124
80 143
80 160
81 6
82 23
82 60
82 155
82 165
82 182
83 227
84 23
84 56
84 119
84 142
84 150
84 199
84 226
85 15
85 65
85 154
86 1
86 2
86 72
86 77
87 16
87 26
87 86
87 89
87 112
87 118
87 124
87 145
87 152
87 161
87 207
87 217
88 6
88 97
88 103
88 123
88 170
88 175
88 217
89 2
89 17
89 90
89 137
90 85
90 162
90 164
90 173
91 17
91 33
91 111
91 118
91 121
91 167
92 16
92 31
92 137
92 141
92 216
92 219
93 6
93 30
93 75
93 109
93 118
93 178
93 192
94 53
94 91
94 131
94 132
95 14
95 63
95 122
95 165
95 175
95 207
96 5
96 63
96 113
97 55
97 162
97 176
97 185
98 95
98 141
99 67
99 147
100 137
101 17
101 22
101 65
101 118
101 171
102 82
102 171
103 29
103 95
103 96
103 210
104 26
104 91
104 149
104 188
105 35
105 129
105 150
105 151
105 155
105 220
106 2
106 16
106 19
106 25
106 80
106 129
106 181
107 61
107 127
107 230
108 99
108 121
108 146
108 153
108 210
109 12
109 43
109 76
109 126
109 159
109 175
110 14
110 40
110 52
110 100
110 193
111 7
111 86
111 128
111 131
111 163
112 59
112 124
112 161
112 166
112 208
113 8
113 17
113 20
113 21
113 57
113 121
114 25
114 42
114 49
114 53
114 71
114 97
114 121
114 145
114 157
114 161
115 9
115 24
115 25
115 68
115 80
115 84
115 128
115 186
116 32
116 39
116 78
116 102
116 137
116 144
116 158
116 164
116 169
116 197
117 70
117 115
117 163
118 45
118 65
118 66
118 107
119 39
119 46
119 70
119 73
119 91
120 23
120 61
120 71
120 73
120 108
120 142
120 144
120 182
121 109
121 129
121 135
121 187
121 208
122 64
123 14
123 39
123 99
123 177
123 184
124 24
124 53
124 77
124 114
124 126
124 201
124 214
125 29
125 53
125 58
125 86
125 181
125 195
126 120
126 155
126 163
126 227
126 230
127 4
127 91
127 153
127 155
127 222
128 8
128 202
129 72
129 145
130 10
130 32
130 110
130 186
130 194
131 129
131 144
132 7
132 45
132 117
132 186
132 219
133 8
133 14
133 61
133 77
134 51
134 88
134 91
134 93
134 185
135 71
135 100
135 229
136 7
136 25
136 32
136 159
137 29
137 54
137 58
137 62
137 66
137 117
138 209
138 219
138 223
139 1
139 62
139 122
139 166
139 180
140 6
140 99
140 175
140 192
140 200
140 208
140 210
141 32
141 71
141 76
141 167
142 54
142 77
142 78
142 84
142 151
143 26
143 36
143 52
143 84
143 157
143 176
143 227
144 12
144 90
144 201
144 222
145 20
145 37
145 216
146 44
146 52
146 70
146 87
146 170
146 193
146 205
147 19
147 30
147 73
147 174
148 173
148 177
148 178
148 195
148 227
149 3
149 17
149 95
149 126
149 187
149 189
149 210
149 213
149 217
150 12
150 66
150 225
151 21
151 83
151 105
151 113
151 118
151 119
151 123
152 104
152 169
152 215
152 230
153 5
153 72
153 176
154 16
154 50
154 66
154 207
154 208
154 225
155 51
155 74
155 111
155 174
156 14
156 160
156 199
156 200
156 226
157 127
157 148
157 178
158 30
158 34
158 109
158 117
158 128
159 22
159 227
160 58
160 113
160 180
160 212
161 49
161 100
161 104
161 135
161 177
162 150
162 152
162 173
163 23
163 31
163 38
163 64
163 83
163 119
163 132
163 185
163 190
163 208
163 216
164 11
164 23
164 53
164 61
164 67
165 13
165 47
165 82
165 145
165 151
165 166
165 184
165 213
165 229
166 119
166 133
166 210
167 74
167 135
167 165
168 51
168 159
169 19
169 48
169 57
169 63
169 64
169 123
169 215
170 26
170 101
170 169
171 51
171 106
171 212
171 215
172 40
172 73
172 95
172 112
172 126
172 136
172 203
173 18
173 29
173 102
173 183
173 201
174 5
174 9
174 20
174 25
174 29
174 91
174 187
175 29
175 201
176 4
176 46
176 134
176 150
176 156
176 167
176 198
177 109
177 115
178 154
178 215
179 3
179 7
179 24
179 177
179 215
180 8
180 96
180 101
180 143
180 161
180 165
180 168
181 49
181 93
181 135
182 1
182 49
182 67
182 95
182 122
182 129
182 143
182 168
182 177
183 53
183 66
183 89
183 96
184 20
184 63
184 68
184 77
184 107
184 112
184 114
184 131
184 179
184 188
185 14
185 50
185 57
185 199
186 5
186 10
186 59
186 201
186 229
187 20
187 49
187 129
187 142
187 205
187 215
188 13
188 17
188 107
188 206
189 205
190 14
190 22
190 28
190 132
190 168
191 34
191 192
191 220
192 10
192 54
192 98
192 152
192 182
192 214
193 16
193 53
193 132
193 212
194 51
194 88
194 111
194 144
194 188
195 9
195 63
195 101
195 204
195 227
195 229
196 4
196 23
196 200
196 203
197 10
197 38
197 140
197 176
197 195
197 227
198 35
198 47
198 73
198 78
198 97
198 169
198 206
199 13
199 59
199 77
199 184
199 215
199 227
200 9
200 20
200 52
200 106
200 131
200 193
200 224
201 27
201 81
201 107
201 141
201 170
202 19
202 162
202 176
202 204
203 20
203 29
203 65
203 99
203 101
203 106
203 136
203 153
204 18
204 64
204 65
204 122
204 183
205 42
205 199
206 64
206 89
206 139
206 173
206 175
207 26
207 35
207 41
207 135
207 147
207 177
207 221
208 72
208 109
208 142
209 63
209 129
209 159
209 208
210 5
210 35
210 106
210 196
210 216
210 219
211 104
211 227
212 56
212 86
212 158
212 176
213 10
213 112
213 151
213 177
213 192
213 218
214 67
214 119
214 146
214 220
215 22
215 57
215 74
215 92
215 96
215 118
215 148
215 161
216 2
216 13
216 127
216 153
216 168
216 171
217 89
217 94
218 29
218 46
218 70
218 110
218 140
218 228
219 96
219 108
219 132
220 16
220 113
220 120
220 127
220 145
221 26
221 72
221 120
221 146
221 180
221 185
221 186
221 197
221 225
222 64
222 115
222 124
222 168
222 209
222 226
223 28
223 31
223 82
223 163
223 166
223 179
223 182
223 184
224 8
224 25
225 18
225 19
225 75
225 105
225 124
226 18
226 93
226 115
226 129
226 149
227 95
227 134
227 141
227 202
228 69
228 140
228 148
228 205
229 21
229 54
229 82
229 122
229 126
229 168
229 179
230 2
230 28
230 58
230 206
230 209
