230
1366
1 10
1 33
1 52
1 57
1 103
1 182
1 187
1 200
2 71
2 96
2 130
2 174
3 6
3 31
3 49
3 56
3 65
3 87
3 136
3 149
3 182
3 210
3 213
3 228
4 19
4 69
4 76
4 106
4 142
4 161
5 51
5 116
5 120
5 122
5 124
5 169
5 183
5 184
5 206
5 210
6 1
6 10
6 46
6 132
6 136
6 194
6 206
7 27
7 110
7 154
7 162
7 202
8 27
8 45
8 63
8 104
8 125
8 154
8 159
8 166
8 172
8 189
8 203
9 35
9 90
9 173
9 219
10 51
10 156
10 170
10 179
10 190
10 194
10 218
11 64
11 86
11 216
12 110
12 161
13 56
13 60
13 81
13 83
13 146
13 190
13 203
13 217
14 108
14 110
14 181
15 36
15 77
15 99
16 1
16 71
16 92
16 134
16 137
16 176
16 199
16 201
16 218
17 25
17 66
17 117
17 206
17 213
18 34
18 100
18 145
18 191
18 203
18 204
19 45
19 89
19 111
19 125
19 172
19 205
20 90
20 107
20 184
21 18
21 35
21 58
21 100
21 139
22 26
22 28
22 111
22 191
23 58
23 73
23 147
23 201
23 202
23 221
24 168
25 10
25 96
25 102
25 120
25 172
25 182
25 185
26 5
26 17
26 69
26 81
26 87
26 134
26 150
26 154
26 172
26 194
26 209
26 211
26 223
27 68
27 74
27 86
27 131
27 145
27 148
27 183
27 218
28 55
28 58
28 140
28 150
29 100
29 109
29 146
29 148
30 9
30 40
30 149
30 216
30 224
31 38
31 148
31 154
31 194
32 8
32 15
32 26
32 56
32 61
32 196
33 71
33 73
34 58
34 79
34 186
34 222
35 14
35 50
35 67
35 95
35 122
35 171
35 199
35 220
36 70
36 118
36 151
36 162
36 188
37 52
37 59
37 97
37 135
37 193
38 40
38 41
38 78
38 152
39 4
39 57
39 72
39 90
39 114
39 145
39 184
40 29
40 135
40 214
40 224
40 225
41 43
41 48
41 58
41 130
41 144
42 3
42 5
42 12
42 21
42 50
42 51
42 103
42 153
42 158
43 105
43 139
43 191
43 201
44 38
44 41
44 106
44 169
45 19
45 50
45 63
45 177
45 188
45 220
46 73
46 76
46 87
46 170
46 225
47 139
47 152
48 23
48 46
48 114
49 2
49 31
49 40
49 90
49 142
49 179
49 189
49 200
50 3
50 25
50 102
50 136
50 162
51 26
51 53
51 112
51 138
51 179
51 218
52 3
52 4
52 51
52 78
52 97
52 124
52 131
52 167
52 205
53 41
53 66
53 68
53 97
54 22
54 35
54 74
54 111
54 129
54 174
54 221
55 19
55 101
55 104
55 106
55 109
55 157
55 230
56 22
56 39
56 53
56 217
57 15
57 82
57 84
57 121
58 11
58 82
58 102
58 141
58 194
58 213
59 5
59 27
59 87
59 196
59 197
60 26
60 31
60 61
60 65
60 68
60 83
60 96
60 139
60 187
61 43
61 107
61 142
62 24
62 54
62 81
62 91
62 98
62 179
63 36
63 45
63 65
63 67
63 73
63 181
63 196
64 98
64 135
64 137
64 149
65 31
65 40
65 72
65 148
65 179
66 49
66 230
67 103
67 140
67 181
67 197
68 9
68 24
68 99
68 115
68 120
68 170
69 16
69 22
69 101
69 163
69 226
70 51
70 104
70 160
70 174
70 194
70 198
70 228
70 230
71 34
71 120
71 203
72 36
72 54
72 184
73 95
73 100
73 157
73 183
73 209
73 214
74 61
74 67
74 72
74 130
74 149
74 190
74 228
75 14
75 18
75 24
75 50
75 163
75 168
76 54
76 62
76 92
76 127
77 33
77 109
77 171
78 43
78 47
78 169
78 198
78 203
78 228
79 57
79 103
79 140
79 149
79 187
79 196
79 200
80 9
80 35
80 42
80 82
80 111
80 174
81 130
81 155
81 162
81 212
82 13
82 64
82 68
82 113
82 173
82 201
82 209
83 27
83 85
83 98
83 126
83 156
83 183
83 186
84 166
84 168
84 170
85 117
85 128
85 197
85 207
85 214
86 115
87 17
87 48
87 107
87 138
87 170
87 181
87 198
87 199
88 26
88 39
88 86
88 123
88 219
89 26
89 75
89 77
89 127
89 181
89 204
89 208
90 9
90 88
90 134
90 157
90 160
90 179
90 225
91 215
91 228
92 9
92 91
92 112
92 113
92 141
92 201
92 208
93 40
93 48
93 53
93 67
93 74
93 94
93 121
93 153
93 190
94 41
94 112
94 136
94 138
94 194
94 201
94 207
94 218
95 97
95 134
95 138
95 145
95 182
95 207
96 48
96 53
96 54
96 71
96 77
96 100
96 118
96 132
96 141
96 175
97 173
97 210
97 230
98 29
98 45
98 75
98 86
98 102
98 189
99 9
99 26
99 40
99 44
99 70
99 78
99 81
99 83
99 108
99 129
99 154
99 181
99 201
99 222
100 23
100 47
100 66
100 110
100 119
100 122
100 140
100 203
101 32
101 38
101 77
101 126
101 138
101 167
101 182
101 194
102 48
102 64
102 83
102 119
102 164
102 198
102 201
103 186
104 28
104 37
104 134
104 162
104 165
104 195
104 217
105 18
105 35
105 74
105 109
105 148
105 186
105 189
106 52
106 97
106 113
106 162
106 221
107 28
107 106
108 29
108 40
108 143
109 11
109 31
109 62
109 89
109 116
109 146
109 161
109 203
110 25
110 63
110 80
110 93
110 111
110 127
110 157
110 192
111 30
111 37
111 98
111 119
111 165
111 215
111 217
112 16
112 29
112 81
112 102
112 134
112 136
112 148
112 191
112 203
112 225
113 14
113 82
113 90
113 116
113 140
113 168
114 145
114 164
114 200
114 206
114 219
115 28
115 41
115 52
115 198
115 218
115 230
116 43
116 68
116 142
117 55
117 142
117 157
117 166
118 88
118 120
118 188
118 199
118 223
119 16
119 94
119 176
120 35
120 86
120 161
120 217
120 221
121 16
121 25
121 29
121 32
121 68
121 72
121 98
121 108
121 220
122 10
122 58
122 91
122 171
123 41
123 66
123 96
123 128
123 142
123 188
123 215
124 4
124 14
124 33
124 74
124 205
125 23
125 209
126 65
126 85
126 129
126 191
126 216
127 47
127 75
127 88
127 149
127 222
128 68
128 73
128 112
128 198
128 216
129 18
129 74
129 133
129 215
130 125
130 159
130 176
130 216
130 218
131 28
131 43
131 54
131 68
131 118
131 167
131 185
131 193
131 196
132 18
132 38
132 50
132 88
132 164
133 37
133 54
133 69
133 188
133 211
134 14
134 65
134 71
134 96
134 164
134 181
134 194
134 213
135 1
135 57
135 62
135 154
135 175
135 214
136 10
136 48
136 69
136 112
136 177
136 220
136 226
137 31
137 45
137 50
137 52
137 60
137 105
137 173
137 206
138 2
138 24
138 62
138 77
138 131
138 132
138 177
138 185
138 199
138 220
139 29
139 47
139 55
139 93
139 148
139 152
139 165
139 228
140 46
140 66
140 133
140 138
140 189
140 213
140 217
141 115
141 147
141 178
141 189
141 203
142 32
142 40
142 48
142 70
142 98
142 106
142 154
142 214
143 15
143 27
143 48
143 50
143 101
143 109
143 137
143 170
143 197
143 203
143 206
143 210
143 218
144 10
144 14
144 15
144 42
144 88
144 157
144 228
145 1
145 28
145 46
145 48
145 50
145 167
146 6
146 87
146 119
146 121
146 145
146 195
146 219
147 1
147 6
147 28
147 69
147 72
147 83
147 101
147 111
147 191
148 21
148 30
148 46
148 51
148 73
148 127
148 131
148 139
149 18
149 28
149 145
149 216
149 225
150 10
150 28
150 39
150 77
150 82
150 99
150 135
150 175
150 193
150 215
151 24
151 77
151 103
151 125
151 154
151 162
151 189
151 226
152 1
152 27
152 38
152 47
152 68
152 159
153 24
153 37
153 91
153 117
153 152
153 180
153 210
154 7
154 12
154 51
154 69
154 78
154 153
154 164
154 174
154 193
154 213
155 12
155 63
155 76
155 101
155 122
155 188
155 219
156 25
156 85
156 90
156 121
156 146
156 155
156 195
157 135
157 151
157 186
157 212
158 33
158 41
158 47
158 74
158 99
158 160
158 212
159 2
159 27
159 66
159 72
159 186
159 221
160 7
160 39
160 51
160 102
160 214
160 218
161 18
161 27
161 134
161 154
161 190
161 203
161 208
162 13
162 80
162 121
162 171
162 181
162 192
162 228
163 65
163 94
163 121
163 132
163 216
164 95
164 111
164 145
164 212
164 226
165 32
165 33
165 44
165 55
165 158
165 167
165 230
166 61
166 126
166 137
166 153
166 206
166 228
167 25
167 64
167 89
167 93
167 120
167 123
167 168
167 181
167 190
167 197
167 199
168 69
168 154
168 197
169 24
169 127
169 131
169 175
169 177
169 209
170 35
170 86
170 206
170 210
171 20
171 49
171 89
171 158
171 159
172 8
172 167
172 180
172 215
173 29
173 40
173 62
173 134
173 143
173 209
174 2
174 29
174 36
174 170
174 206
175 23
175 101
175 128
175 142
175 197
176 100
176 150
176 185
176 221
177 13
177 67
177 115
177 156
177 220
178 65
178 66
178 93
178 169
178 182
178 198
179 48
179 59
179 65
179 92
179 135
179 153
179 210
180 56
180 94
180 96
180 104
180 112
180 208
181 21
181 88
181 96
181 212
181 216
182 13
182 45
182 151
182 219
183 2
183 39
183 134
183 138
183 144
183 147
183 161
183 206
183 228
184 48
184 103
184 135
185 25
185 37
185 108
185 114
185 134
185 147
185 159
185 176
186 3
186 26
186 57
186 67
186 119
186 169
186 182
187 12
187 88
187 98
187 104
187 121
188 78
188 103
188 105
188 109
188 154
188 181
188 187
188 192
188 197
188 215
188 229
189 4
189 73
189 79
189 141
189 186
189 191
190 21
190 61
190 63
190 67
190 79
190 163
190 226
191 2
191 83
191 94
191 173
191 174
191 175
191 178
191 204
191 213
191 218
191 223
192 60
192 84
192 164
193 50
193 64
193 80
193 81
193 137
193 154
193 164
194 6
194 11
194 79
194 95
194 101
194 159
194 208
195 47
195 54
195 57
195 85
195 95
195 224
196 27
196 52
196 122
196 159
196 164
196 169
196 174
196 213
197 46
197 174
197 211
197 217
197 222
198 37
198 56
198 87
198 94
198 98
198 106
198 152
198 162
199 84
199 99
199 110
199 133
199 140
199 178
200 36
200 41
200 62
200 92
200 98
200 185
201 89
201 212
202 14
202 95
202 101
202 112
202 145
202 156
202 172
202 183
202 230
203 70
203 86
203 123
203 140
204 5
204 60
204 71
204 169
204 186
204 209
204 210
204 228
204 229
205 29
205 87
205 153
205 164
206 57
206 167
206 185
206 200
206 207
206 210
207 23
207 56
207 63
207 117
207 161
208 44
208 68
208 109
208 132
208 161
208 175
209 89
209 111
209 159
210 24
210 77
210 99
210 102
210 136
210 146
210 154
210 184
211 45
211 79
211 111
211 133
211 224
212 41
212 48
212 52
212 115
212 137
212 148
212 227
213 5
213 108
213 117
213 119
213 132
213 186
213 191
213 203
213 214
213 215
214 47
214 62
214 65
214 136
214 204
214 224
214 230
215 77
215 95
215 137
216 3
216 4
216 11
216 33
216 41
216 78
216 112
216 122
216 213
217 99
217 125
217 177
217 184
218 5
218 50
218 64
218 91
218 158
218 167
218 186
219 4
219 85
219 117
219 163
219 175
219 185
219 186
220 137
220 146
220 153
220 188
221 13
221 40
221 107
221 111
221 178
222 8
222 84
222 110
222 146
222 228
223 6
223 20
223 80
223 117
223 118
223 119
223 122
223 143
224 1
224 8
224 63
224 66
224 87
224 112
224 209
225 11
225 81
225 145
226 7
226 11
226 26
226 73
226 91
226 107
226 117
226 146
226 176
226 227
226 228
227 112
227 165
228 13
228 39
228 104
228 118
228 201
229 181
230 38
230 46
230 65
230 170
230 220
