250
2450
1 69
1 116
1 126
1 188
1 189
1 190
1 196
1 218
1 230
1 239
1 240
2 8
2 94
2 129
2 134
2 159
2 161
2 168
2 190
2 213
2 220
2 236
3 17
3 70
3 72
3 100
3 103
3 139
3 140
3 156
3 183
3 187
3 215
3 231
3 249
4 26
4 59
4 66
4 77
4 97
4 181
4 196
4 200
4 208
4 238
5 10
5 16
5 61
5 99
5 107
5 112
5 139
5 159
5 172
5 173
5 237
6 1
6 39
6 53
6 70
6 133
6 145
6 167
6 204
6 208
6 219
6 221
6 225
7 11
7 58
7 89
7 105
7 145
7 161
7 171
7 197
7 237
7 245
8 107
8 127
8 144
8 172
8 184
8 202
8 203
8 226
8 240
9 31
9 49
9 70
9 89
9 120
9 152
10 49
10 74
10 96
10 106
10 113
10 136
10 138
10 140
10 142
10 156
10 185
10 190
10 214
10 247
11 13
11 15
11 26
11 68
11 99
11 115
11 121
11 144
11 170
11 179
11 191
11 194
11 238
12 2
12 17
12 55
12 110
12 160
12 211
12 218
13 71
13 92
13 124
13 144
13 180
13 184
13 207
13 236
13 238
13 248
14 9
14 26
14 27
14 35
14 54
14 128
14 137
14 143
14 154
14 211
14 234
14 240
15 11
15 14
15 40
15 51
15 93
15 145
15 187
15 220
15 244
16 72
16 97
16 114
16 117
16 224
17 25
17 74
17 83
17 87
17 126
17 178
17 187
17 190
17 228
18 8
18 51
18 65
18 81
18 104
18 118
18 223
19 94
19 114
19 115
19 120
19 132
19 182
19 194
20 9
20 18
20 76
20 88
20 108
20 122
20 230
21 19
21 41
21 98
21 114
21 167
21 183
21 237
21 240
22 19
22 73
22 118
22 146
22 155
22 173
22 216
23 25
23 29
23 100
23 124
23 147
23 170
23 215
24 20
24 55
24 70
24 84
24 103
24 116
24 120
24 142
24 163
24 198
24 238
25 4
25 24
25 34
25 52
25 58
25 100
25 140
25 144
25 248
26 57
26 115
26 118
26 146
26 148
26 184
26 193
27 6
27 40
27 42
27 82
27 92
27 99
27 120
27 124
27 132
27 149
27 163
27 213
27 217
27 222
27 223
27 250
28 46
28 74
28 102
28 104
28 122
28 131
28 140
28 170
28 197
28 204
29 7
29 43
29 234
29 245
30 26
30 54
30 57
30 84
30 147
30 161
30 204
30 249
31 36
31 41
31 49
31 56
31 67
31 68
31 76
31 88
31 99
31 102
31 108
31 141
31 154
31 163
31 167
31 179
31 237
31 243
32 39
32 40
32 76
32 124
32 179
32 189
32 213
32 231
33 35
33 52
33 54
33 119
33 124
33 198
34 55
34 79
34 87
34 154
34 158
34 192
34 225
35 15
35 20
35 29
35 38
35 104
35 139
36 20
36 48
36 79
36 101
36 133
36 169
36 179
36 204
36 205
36 227
37 8
37 89
37 94
37 152
37 166
37 185
37 208
37 210
37 230
38 74
38 80
38 97
38 141
38 177
38 187
38 206
38 208
38 210
38 237
39 28
39 74
39 78
39 87
39 115
39 117
39 118
39 176
40 18
40 28
40 86
40 90
40 93
40 94
40 113
40 134
40 144
40 148
40 156
40 196
40 229
41 19
41 42
41 48
41 52
41 57
41 66
41 76
41 84
41 167
41 185
41 221
42 5
42 25
42 105
42 116
42 146
42 189
42 196
42 202
42 212
43 1
43 17
43 29
43 30
43 77
43 79
43 82
43 87
43 93
43 114
43 164
43 169
43 187
43 193
43 236
43 239
43 243
44 46
44 59
44 111
44 149
44 182
44 214
44 236
44 237
44 245
45 29
45 33
45 35
45 36
45 42
45 50
45 55
45 85
45 132
45 143
45 158
45 164
45 194
45 212
45 231
45 234
46 134
46 143
46 157
46 163
46 185
46 189
46 228
46 235
47 8
47 30
47 74
47 79
47 81
47 113
47 146
47 172
47 186
47 220
47 231
48 46
48 58
48 69
48 100
48 114
48 116
48 124
48 165
48 215
49 8
49 45
49 64
49 112
49 131
49 137
49 150
49 154
49 192
49 225
50 1
50 21
50 41
50 54
50 78
50 105
50 184
50 186
50 188
50 195
50 216
51 5
51 11
51 23
51 28
51 50
51 77
51 124
51 135
52 28
52 35
52 44
52 50
52 59
52 134
52 154
52 187
52 196
53 5
53 27
53 59
53 124
53 125
53 167
53 176
53 184
53 193
53 237
53 248
54 8
54 9
54 12
54 49
54 51
54 143
55 16
55 28
55 32
55 40
55 43
55 46
55 57
55 93
55 119
55 163
55 197
55 221
56 34
56 101
56 106
56 119
56 196
56 203
56 229
57 5
57 19
57 23
57 29
57 91
57 95
57 98
57 156
57 165
57 191
57 220
57 230
58 20
58 75
58 85
58 96
58 104
58 117
58 119
58 169
58 191
58 195
58 213
59 31
59 33
59 35
59 39
59 52
59 53
59 83
59 92
59 112
59 125
59 209
59 213
59 241
60 9
60 63
60 83
60 165
60 171
60 188
60 215
60 235
61 13
61 52
61 53
61 59
61 63
61 67
61 79
61 106
61 162
61 209
61 226
61 227
61 247
62 34
62 69
62 190
62 193
62 231
63 57
63 89
63 92
63 94
63 104
63 110
63 132
63 172
63 248
64 6
64 21
64 62
64 114
64 176
64 182
64 200
64 209
64 213
65 13
65 59
65 90
65 110
65 174
65 206
65 207
66 17
66 30
66 58
66 97
66 125
66 165
66 169
66 173
66 179
66 196
67 5
67 52
67 69
67 75
67 88
67 102
67 121
67 142
67 151
67 207
67 226
67 227
67 237
68 2
68 29
68 44
68 64
68 96
68 133
68 150
68 155
68 160
68 175
68 212
68 221
69 16
69 73
69 141
69 182
70 81
70 89
70 98
70 114
70 228
70 230
71 23
71 25
71 58
71 86
71 93
71 133
71 151
71 173
71 216
72 2
72 46
72 89
72 121
72 135
72 181
72 188
72 237
73 12
73 68
73 71
73 95
73 142
73 153
73 165
73 180
73 234
74 12
74 37
74 57
74 142
74 145
74 187
74 203
75 10
75 17
75 68
75 90
75 93
75 132
75 146
75 160
75 163
75 169
75 173
75 179
75 210
75 232
76 51
76 120
76 136
76 141
76 145
76 154
76 182
76 220
76 221
77 26
77 62
77 69
77 73
77 97
77 105
77 110
77 187
77 225
77 229
77 241
78 21
78 29
78 70
78 86
78 109
78 115
78 134
78 164
78 166
78 187
79 29
79 30
79 36
79 68
79 70
79 75
79 82
79 151
79 153
79 164
79 170
79 173
79 203
79 220
79 235
79 237
80 9
80 98
80 101
80 130
80 154
80 204
80 214
80 217
80 225
81 17
81 148
81 161
81 180
81 227
81 230
81 247
82 2
82 9
82 33
82 93
82 133
82 194
82 221
82 247
83 9
83 42
83 78
83 98
83 104
83 123
83 165
83 174
83 176
83 192
83 196
84 38
84 60
84 76
84 87
84 110
84 121
84 241
85 43
85 84
85 91
85 93
85 100
85 124
85 141
85 155
85 158
85 173
85 225
85 233
86 6
86 38
86 73
86 105
86 114
86 124
86 143
86 160
86 186
86 193
86 204
86 213
86 231
86 243
86 249
87 17
87 38
87 44
87 69
87 76
87 77
87 88
87 99
87 101
87 132
87 204
88 8
88 10
88 27
88 29
88 34
88 65
88 137
88 206
88 218
88 234
89 5
89 18
89 19
89 109
89 123
89 144
89 154
89 228
90 35
90 38
90 43
90 87
90 112
90 115
90 124
90 139
90 143
90 150
90 156
90 157
90 198
90 233
90 246
90 248
91 28
91 31
91 34
91 46
91 88
91 120
91 202
91 211
91 220
91 228
91 243
92 14
92 52
92 62
92 93
92 103
92 107
92 122
92 123
92 182
92 183
92 208
92 238
92 240
92 247
93 2
93 25
93 50
93 57
93 59
93 60
93 65
93 76
93 80
93 86
93 100
93 106
93 156
93 160
93 193
93 217
93 220
93 246
94 28
94 61
94 69
94 89
94 176
94 183
94 197
94 211
95 4
95 29
95 70
95 96
95 136
95 245
96 72
96 90
96 93
96 104
96 111
96 170
96 179
96 208
96 229
96 230
96 247
97 33
97 64
97 67
97 80
97 89
97 91
97 137
97 173
97 204
97 223
98 35
98 81
98 95
98 119
98 126
98 134
98 145
98 196
98 198
99 34
99 65
99 67
99 82
99 155
99 161
99 167
100 14
100 84
100 97
100 109
100 116
100 138
100 163
100 202
100 222
100 231
101 25
101 42
101 129
102 116
102 131
102 168
103 76
103 78
103 81
103 85
103 94
103 120
103 216
103 224
104 16
104 77
104 122
104 127
104 132
104 134
104 190
104 216
104 229
104 233
104 238
105 38
105 99
105 140
105 169
105 175
106 21
106 27
106 53
106 75
106 162
106 210
107 27
107 40
107 60
107 100
107 199
107 239
107 240
107 249
108 7
108 12
108 17
108 20
108 36
108 87
108 115
108 151
108 172
108 196
109 14
109 19
109 46
109 49
109 113
109 118
109 174
109 236
109 249
110 4
110 105
110 123
110 132
110 138
110 153
110 164
110 207
110 235
111 10
111 30
111 91
111 93
111 94
111 118
111 121
111 128
111 146
111 209
111 214
112 7
112 23
112 24
112 35
112 85
112 90
112 92
112 102
112 124
112 160
112 221
112 248
113 17
113 29
113 49
113 58
113 96
113 109
113 125
113 164
113 183
113 194
114 35
114 71
114 90
114 154
114 166
114 168
114 172
114 185
114 216
115 2
115 20
115 28
115 64
115 77
115 170
115 179
115 197
115 219
115 223
115 245
116 50
116 51
116 59
116 63
116 91
116 97
116 144
116 185
116 188
116 199
116 224
117 2
117 13
117 46
117 84
117 139
117 172
117 201
117 211
117 226
117 230
117 237
117 245
118 32
118 113
118 155
118 162
118 163
118 171
119 38
119 90
119 96
119 158
119 180
119 219
119 246
120 16
120 89
120 136
120 141
120 166
120 167
120 204
120 219
121 114
121 179
121 185
121 193
121 213
121 240
122 4
122 89
122 145
122 173
123 20
123 35
123 37
123 41
123 70
123 74
123 96
123 112
123 121
123 169
123 172
123 184
123 190
123 209
123 235
123 245
124 4
124 32
124 69
124 105
124 143
124 198
124 221
124 224
124 247
125 30
125 44
125 57
125 64
125 77
125 98
125 104
125 112
125 126
125 146
125 151
125 161
125 170
125 192
125 201
125 221
125 235
126 41
126 65
126 84
126 90
126 157
126 226
126 231
126 237
127 52
127 125
127 126
127 158
127 166
127 189
127 241
128 36
128 136
128 160
128 168
128 231
129 4
129 19
129 36
129 77
129 79
129 85
129 92
129 94
129 107
129 176
129 217
129 234
130 25
130 27
130 60
130 71
130 78
130 82
130 150
130 202
130 231
131 24
131 47
131 62
131 81
131 109
131 139
131 167
131 172
131 186
132 16
132 34
132 82
132 108
132 164
132 207
132 208
132 238
132 250
133 6
133 12
133 24
133 27
133 53
133 57
133 118
133 119
133 190
133 192
133 229
134 1
134 33
134 37
134 55
134 101
134 108
134 116
134 163
134 203
134 236
135 16
135 42
135 102
135 117
135 157
135 205
135 215
136 29
136 30
136 54
136 66
136 96
136 139
136 156
136 176
136 181
136 217
136 238
137 25
137 65
137 70
137 73
137 84
137 124
137 177
137 228
138 143
138 168
138 184
138 187
138 194
138 197
138 204
138 224
138 244
139 5
139 25
139 30
139 52
139 53
139 76
139 83
139 93
139 100
139 121
139 243
140 33
140 43
140 107
140 128
140 178
140 198
141 3
141 11
141 30
141 62
141 73
141 127
141 134
141 147
141 173
141 175
141 216
142 4
142 13
142 17
142 23
142 37
142 59
142 64
142 123
142 149
142 154
142 164
142 171
142 177
142 201
142 236
143 7
143 15
143 40
143 86
143 100
143 107
143 112
143 125
143 145
143 173
143 175
143 200
143 216
143 220
143 245
144 20
144 50
144 82
144 166
144 189
144 240
145 12
145 13
145 20
145 34
145 68
145 107
145 162
146 14
146 21
146 39
146 54
146 70
146 139
146 190
147 27
147 67
147 68
147 110
147 120
147 125
147 128
147 177
147 181
147 200
147 203
147 206
148 33
148 63
148 122
148 203
148 206
148 212
148 232
149 10
149 52
149 63
149 106
149 111
149 143
149 184
149 190
149 192
149 225
150 9
150 28
150 92
150 107
150 132
150 141
150 188
150 214
151 3
151 14
151 35
151 82
151 121
151 124
151 150
151 215
151 221
152 22
152 46
152 47
152 59
152 72
152 74
152 111
152 116
152 121
152 139
152 144
152 159
152 196
152 203
152 238
152 247
153 79
153 84
153 85
153 86
153 110
153 135
153 136
153 145
154 64
154 81
154 136
154 139
154 178
154 187
154 233
154 250
155 7
155 10
155 46
155 51
155 69
155 77
155 91
155 132
155 140
155 151
155 154
155 160
155 162
155 177
155 179
155 184
155 222
155 244
156 8
156 50
156 62
156 130
156 220
156 233
157 13
157 31
157 37
157 59
157 62
157 89
157 160
158 11
158 51
158 76
158 84
158 98
158 127
158 164
158 165
158 184
158 185
158 207
159 89
159 101
159 109
159 114
159 133
159 160
159 170
159 222
160 9
160 59
160 61
160 142
160 249
161 12
161 25
161 35
161 97
161 118
161 144
161 150
161 159
161 186
161 188
161 199
161 205
162 11
162 33
162 111
162 138
162 145
162 163
162 185
162 196
162 221
162 240
163 8
163 52
163 65
163 84
163 99
163 104
163 107
163 121
163 177
163 199
163 226
164 19
164 74
164 110
164 116
164 143
164 146
164 169
164 174
165 37
165 45
165 49
165 63
165 101
165 130
165 154
165 169
165 181
165 205
165 221
165 234
166 3
166 24
166 73
166 88
166 108
166 116
166 118
166 183
166 205
166 217
166 230
167 47
167 66
167 115
167 135
167 141
167 233
168 24
168 35
168 84
168 112
168 130
168 131
168 136
168 139
168 181
168 183
168 213
168 241
169 41
169 91
169 101
169 109
169 120
169 122
169 129
169 134
169 180
169 184
169 200
169 237
170 12
170 18
170 24
170 90
170 103
170 123
170 132
170 140
170 150
170 186
170 193
170 204
170 224
170 243
171 29
171 33
171 58
171 99
171 123
171 130
171 173
171 175
171 194
171 247
172 15
172 23
172 68
172 129
172 130
172 133
172 145
172 158
172 177
172 199
172 212
172 220
173 22
173 33
173 43
173 78
173 83
173 114
173 129
173 149
173 167
173 184
173 201
173 217
173 222
173 231
174 5
174 17
174 25
174 56
174 64
174 79
174 218
175 32
175 42
175 90
175 91
175 107
175 110
175 143
175 165
175 187
175 189
175 225
175 232
176 9
176 60
176 71
176 84
176 85
176 116
176 127
176 133
176 145
176 177
176 193
176 218
177 1
177 7
177 21
177 22
177 25
177 37
177 86
177 100
177 114
177 137
177 179
177 214
177 246
178 13
178 20
178 45
178 67
178 117
178 146
178 152
178 172
178 223
178 225
178 228
178 240
179 23
179 44
179 61
179 79
179 128
179 137
179 141
179 172
179 219
179 223
179 224
180 51
180 58
180 96
180 98
180 152
180 167
180 171
180 200
180 201
180 245
180 247
181 59
181 63
181 68
181 69
181 113
181 136
181 137
181 207
181 219
182 23
182 36
182 64
182 99
182 125
182 128
182 159
182 170
182 202
182 233
183 13
183 44
183 80
183 85
183 92
183 134
183 202
183 204
183 217
183 230
183 232
183 249
184 53
184 56
184 67
184 82
184 83
184 116
184 167
184 171
184 174
184 188
184 217
185 50
185 97
185 121
185 122
185 128
185 129
185 143
185 152
185 171
185 198
185 200
185 218
185 222
185 229
186 1
186 16
186 72
186 88
186 120
186 210
186 232
186 243
187 4
187 7
187 20
187 24
187 32
187 44
187 113
187 130
187 178
187 219
187 224
187 226
187 244
188 23
188 46
188 72
188 75
188 77
188 100
188 166
188 187
188 219
188 240
189 16
189 50
189 77
189 103
189 128
189 150
189 159
189 165
189 215
189 226
189 242
189 243
189 245
190 80
190 118
190 183
190 216
190 224
191 2
191 38
191 52
191 53
191 115
191 143
191 151
191 153
191 195
192 6
192 62
192 66
192 93
192 101
192 176
193 27
193 111
193 113
193 123
193 159
193 166
193 176
193 216
193 217
193 231
193 232
193 239
194 9
194 27
194 63
194 72
194 109
194 119
194 138
194 169
194 192
194 200
194 235
195 7
195 40
195 76
195 90
195 106
195 175
195 202
195 216
196 33
196 44
196 81
196 108
196 125
196 132
196 135
196 198
196 203
197 20
197 27
197 48
197 114
197 117
197 169
197 187
197 221
197 229
198 19
198 31
198 55
198 60
198 70
198 83
198 106
198 129
198 144
198 151
198 192
198 227
198 234
198 244
199 20
199 65
199 76
199 90
199 99
199 116
199 137
199 140
199 145
199 146
199 174
199 183
199 239
200 16
200 71
200 81
200 137
200 147
200 168
200 170
200 174
200 180
201 24
201 64
201 67
201 71
201 97
201 103
201 122
201 134
201 164
201 168
201 217
202 5
202 26
202 39
202 43
202 45
202 53
202 72
202 79
202 99
202 104
202 140
202 144
202 148
202 151
202 157
202 165
202 174
202 175
202 248
203 5
203 50
203 83
203 134
203 222
203 226
203 231
203 234
203 248
204 20
204 57
204 106
204 118
204 129
204 130
204 168
204 181
204 201
204 213
204 248
205 24
205 82
205 114
205 243
206 20
206 25
206 40
206 51
206 200
206 241
207 23
207 64
207 78
207 91
207 127
207 131
207 138
207 144
207 189
207 194
207 201
207 212
208 24
208 30
208 41
208 69
208 84
208 99
208 146
208 162
208 203
208 229
208 233
209 1
209 61
209 67
209 85
209 186
209 213
209 225
209 239
210 24
210 45
210 98
210 129
210 149
210 156
210 159
210 167
210 169
210 199
210 240
211 6
211 28
211 32
211 63
211 64
211 129
211 146
211 208
211 235
211 238
212 3
212 5
212 99
212 110
212 126
212 173
212 183
212 188
212 229
213 122
213 211
213 243
214 1
214 2
214 4
214 16
214 29
214 66
214 71
214 101
214 106
214 141
214 237
215 2
215 62
215 70
215 103
215 118
215 121
215 159
215 174
215 176
215 200
215 205
215 220
216 13
216 133
216 161
216 208
216 239
216 244
217 12
217 47
217 55
217 77
217 79
217 136
217 155
217 161
217 170
217 213
217 224
217 233
218 9
218 18
218 63
218 69
218 83
218 103
218 119
218 124
218 127
218 169
218 211
218 220
219 15
219 45
219 68
219 113
219 171
219 173
219 197
219 211
219 230
219 236
219 248
220 36
220 113
220 114
220 132
220 143
220 155
220 160
220 173
220 190
220 221
220 223
220 230
220 242
221 12
221 19
221 54
221 68
221 71
221 89
221 109
221 166
221 237
222 20
222 31
222 38
222 57
222 155
222 201
222 223
223 81
223 82
223 110
223 157
223 203
224 5
224 9
224 16
224 27
224 33
224 63
224 67
224 141
224 147
224 151
224 157
224 160
224 161
224 165
224 178
224 229
224 250
225 34
225 41
225 54
225 56
225 68
225 72
225 74
225 84
225 98
225 121
225 145
225 165
225 187
225 248
226 12
226 51
226 81
226 118
226 130
226 154
226 201
226 217
226 225
226 235
227 37
227 43
227 55
227 61
227 63
227 71
227 90
227 92
227 142
227 154
227 205
227 213
227 225
228 121
228 128
228 138
228 150
228 153
228 192
228 197
228 226
228 249
229 2
229 17
229 39
229 100
229 105
229 110
229 128
229 203
229 225
230 5
230 48
230 93
230 138
230 154
230 182
230 183
230 208
230 220
230 223
230 231
231 6
231 43
231 63
231 70
231 102
231 117
231 199
231 204
231 236
231 241
231 244
232 10
232 24
232 27
232 95
232 131
232 178
232 239
233 54
233 68
233 110
233 120
233 144
233 151
233 161
233 177
233 180
233 182
233 217
233 248
234 7
234 50
234 127
234 148
234 149
234 151
235 9
235 24
235 35
235 86
235 110
235 175
235 210
235 231
235 248
236 69
236 76
236 80
236 88
236 113
236 160
236 161
236 175
236 194
236 209
236 211
236 223
237 4
237 12
237 30
237 31
237 41
237 71
237 86
238 15
238 37
238 81
238 132
238 140
238 149
238 152
238 161
238 173
238 184
238 186
238 210
239 23
239 44
239 60
239 70
239 146
239 202
240 68
240 109
240 131
240 185
240 230
240 237
240 239
241 10
241 72
241 138
241 143
241 152
241 197
241 200
241 243
241 245
242 30
242 54
242 66
242 84
242 99
242 137
242 138
242 223
242 227
242 234
243 29
243 48
243 81
243 89
243 99
243 104
243 138
243 149
243 155
243 160
243 189
243 215
244 8
244 10
244 30
244 49
244 86
244 118
244 136
244 146
244 163
244 193
245 30
245 74
245 93
245 184
245 213
245 240
246 17
246 44
246 51
246 55
246 72
246 73
246 75
246 112
246 119
246 146
246 183
247 30
247 96
247 115
247 117
247 122
247 138
247 177
247 205
247 224
248 7
248 59
248 61
248 70
248 72
248 87
248 105
248 121
248 134
248 152
248 186
248 203
248 246
249 6
249 8
249 17
249 43
249 78
249 87
249 165
249 226
250 22
250 27
250 54
250 83
250 112
250 123
250 128
250 183
250 201
250 211
250 224
250 246
