250
1726
1 47
1 101
1 103
1 108
1 121
2 18
2 136
2 189
2 202
2 207
2 234
2 249
3 13
3 35
3 85
3 127
3 155
3 218
3 242
4 50
4 183
4 195
4 240
5 23
5 36
5 47
5 51
5 101
5 102
6 43
6 59
6 94
6 99
6 120
6 165
6 222
7 35
7 84
7 95
7 98
7 131
7 137
7 148
7 158
7 198
8 22
8 52
8 136
8 214
8 244
8 247
9 34
9 48
9 121
9 133
10 25
10 87
10 100
10 119
10 170
10 178
10 179
10 190
10 221
10 245
11 62
11 72
11 119
11 171
11 181
11 221
11 227
11 236
12 23
12 144
12 185
12 187
12 214
12 243
13 14
13 53
13 55
13 82
13 128
13 206
13 212
13 245
14 22
14 42
14 54
14 61
14 110
14 123
14 127
14 202
14 232
15 24
15 29
15 47
15 55
15 125
16 27
16 34
16 38
16 47
16 179
16 213
16 231
17 10
17 18
17 44
17 61
17 78
17 99
17 179
17 245
18 55
18 123
18 137
18 170
18 184
18 198
19 58
19 116
19 123
19 126
19 127
20 51
20 58
20 123
20 221
20 227
20 243
21 8
21 15
21 80
21 170
21 187
22 44
22 56
22 61
22 76
22 95
22 98
22 131
22 211
23 27
23 39
23 42
23 85
23 152
23 223
23 237
24 38
24 52
24 60
24 66
24 74
24 90
24 92
24 176
24 184
24 214
24 226
24 237
25 51
25 67
25 172
25 205
25 233
26 20
26 47
26 92
26 109
26 111
26 179
26 198
26 245
26 246
27 36
27 73
27 108
27 113
27 151
27 185
27 187
27 201
27 214
27 220
27 228
28 244
29 15
29 33
29 34
29 54
29 67
29 91
29 141
29 155
29 176
29 219
29 233
30 78
30 129
30 199
30 210
31 5
31 62
31 90
31 147
31 161
31 243
32 3
32 109
32 128
32 194
32 198
32 226
32 246
33 17
33 53
33 63
33 68
33 70
33 135
33 204
34 35
34 53
34 66
34 86
34 92
34 111
34 133
34 163
35 12
35 55
35 129
35 144
35 220
35 230
36 29
36 33
36 40
36 105
36 155
36 193
36 199
36 228
36 233
37 99
37 123
37 206
37 248
38 15
38 42
38 75
38 207
39 25
39 35
39 85
39 175
40 5
40 11
40 26
40 41
40 120
40 140
41 113
41 143
41 171
41 183
41 205
41 211
41 224
41 229
42 13
42 17
42 35
42 44
42 58
42 62
42 68
42 84
42 149
42 168
43 31
43 40
43 139
43 161
43 201
44 17
44 26
44 63
44 133
44 136
44 150
44 174
44 209
45 12
45 57
45 113
45 163
45 183
45 212
45 223
45 230
46 25
46 36
46 76
46 96
46 128
46 167
47 11
47 33
47 50
47 83
47 102
47 111
47 162
47 199
48 19
48 30
48 72
48 80
48 123
48 130
48 143
48 152
48 164
48 200
49 73
49 122
49 185
49 210
50 49
50 176
50 190
50 200
51 83
51 128
51 233
51 238
52 16
52 33
52 75
52 80
52 122
52 145
52 169
52 220
53 44
53 133
53 217
53 237
54 8
54 35
54 159
55 39
55 40
55 44
55 45
55 88
55 149
55 183
55 204
56 1
56 46
56 82
56 87
56 130
56 148
57 81
57 119
57 168
57 175
57 207
57 216
57 223
58 32
58 70
58 81
58 106
58 121
58 224
58 246
59 16
59 51
59 75
59 99
59 128
60 21
60 26
60 57
60 138
60 143
60 195
61 56
61 130
61 187
61 202
62 48
62 63
62 82
62 123
62 188
62 218
63 26
63 40
63 137
63 167
63 170
63 174
63 228
63 236
63 244
64 189
64 230
64 241
65 95
65 120
65 144
65 160
65 164
65 186
65 201
65 213
65 218
65 228
66 18
66 40
66 67
66 78
66 113
66 127
66 208
66 213
66 223
67 26
67 34
67 44
67 62
67 79
67 123
67 177
67 227
68 6
68 24
68 32
68 123
68 135
68 152
68 175
68 200
68 212
68 248
69 20
69 46
69 55
69 111
69 162
69 185
69 192
69 227
70 4
70 41
70 43
70 47
70 57
70 89
70 177
70 247
71 9
71 16
71 17
71 72
71 102
71 110
71 129
71 149
71 188
71 229
72 53
72 57
72 76
72 122
72 153
72 223
72 237
73 114
73 144
73 169
74 141
74 244
75 23
75 25
75 40
75 62
75 89
75 92
75 99
75 122
75 142
75 152
75 199
75 204
75 218
75 229
75 234
76 40
76 45
76 99
76 103
76 117
76 179
76 198
76 214
76 247
77 58
77 70
77 71
77 92
77 95
77 103
77 124
77 132
77 160
77 166
77 245
78 2
78 90
78 118
78 133
78 151
78 155
78 235
78 250
79 9
79 24
79 108
79 109
79 160
79 205
80 17
80 121
80 146
80 194
81 125
81 146
81 157
81 177
81 204
81 211
81 244
82 61
82 86
82 189
82 192
82 204
82 205
82 206
82 208
82 209
82 246
83 21
83 45
83 59
83 105
83 162
83 209
84 23
84 54
84 56
84 60
84 85
84 162
84 169
85 61
85 66
85 100
85 116
85 188
85 211
85 233
86 14
86 135
86 161
86 163
86 189
86 222
86 229
87 31
87 60
87 82
87 83
87 95
87 169
87 171
88 26
88 36
88 61
88 77
88 128
88 139
88 173
88 178
88 189
88 195
89 18
89 34
89 213
90 8
90 31
90 50
90 68
90 80
90 86
90 96
90 99
90 189
90 193
90 228
91 11
91 51
91 94
91 212
91 231
92 27
92 225
93 3
93 46
93 110
93 115
93 160
93 175
94 25
94 42
94 154
94 163
94 192
94 209
95 11
95 80
95 147
95 190
95 230
95 240
96 34
96 35
96 88
96 95
96 102
97 4
97 8
97 39
97 40
97 78
98 68
98 100
98 153
98 177
98 250
99 16
99 19
99 56
99 94
99 212
100 88
100 112
100 125
100 133
100 134
100 204
101 43
101 149
101 213
102 6
102 9
102 52
102 62
102 112
102 119
102 122
103 189
103 209
103 244
103 249
104 15
104 27
104 90
104 149
104 240
104 241
105 9
105 68
105 80
105 111
105 178
105 241
106 3
106 34
106 49
106 71
106 93
106 109
106 176
106 190
106 197
107 108
107 151
107 174
107 187
107 202
107 215
107 238
108 43
108 76
108 86
108 226
109 62
109 70
109 89
109 104
109 110
109 112
109 115
109 129
109 131
109 148
109 171
109 194
109 196
110 8
110 41
110 57
110 58
110 78
110 79
110 98
110 99
110 107
110 125
110 150
110 176
110 178
110 188
110 212
110 218
111 18
111 21
111 39
111 61
111 108
111 138
111 208
112 26
112 29
112 51
112 56
112 61
112 90
112 93
112 110
112 116
112 120
112 128
112 151
112 181
112 199
112 221
112 250
113 6
113 13
113 84
113 247
114 24
114 81
114 83
114 207
115 129
115 185
115 225
116 63
116 121
116 241
116 242
117 1
117 99
117 102
117 111
117 227
117 237
117 242
117 243
118 10
118 38
118 86
118 90
118 172
118 222
118 250
119 31
119 67
119 81
119 87
119 93
119 135
119 161
119 211
119 214
120 134
120 233
121 199
121 213
121 237
122 2
122 21
122 109
122 115
122 156
122 242
122 243
122 249
123 4
123 20
123 105
123 199
123 215
124 27
124 35
124 50
124 90
124 98
124 116
124 127
124 169
124 208
124 237
125 4
125 78
125 154
125 172
125 203
126 56
126 66
126 102
126 117
126 201
126 205
126 209
127 29
127 44
127 45
127 73
127 91
127 133
127 144
127 151
127 159
127 169
127 174
127 213
128 31
128 109
128 130
128 148
128 155
128 162
128 191
128 229
128 230
129 5
129 10
129 27
129 38
129 66
129 103
129 212
129 228
130 12
130 22
130 40
130 46
130 64
130 65
130 94
130 138
130 176
130 224
130 250
131 16
131 99
131 100
131 105
131 132
131 162
131 203
131 205
131 222
131 243
132 66
132 86
132 87
132 152
132 153
132 238
133 3
133 28
133 43
133 101
133 139
133 177
133 182
133 228
134 34
134 67
134 81
134 133
135 28
135 89
135 175
135 182
135 219
136 22
136 25
136 57
136 74
136 146
136 160
136 182
136 232
137 10
137 79
137 96
137 122
137 124
137 136
137 140
137 194
137 247
138 17
138 61
138 93
138 211
139 2
139 100
139 124
139 180
140 65
140 85
140 94
140 119
140 121
140 177
140 232
141 3
141 32
141 65
141 71
141 101
141 128
141 129
141 152
141 206
141 211
141 238
141 247
142 47
142 66
142 78
142 83
142 143
142 186
142 187
142 205
142 228
142 250
143 11
143 118
143 156
143 187
143 213
143 221
143 223
143 237
144 30
144 71
144 81
144 98
144 100
144 104
144 134
145 6
145 23
145 38
145 58
145 143
145 226
146 25
146 31
146 133
146 144
146 239
146 243
147 4
147 26
147 157
147 177
147 242
147 245
148 16
148 75
148 112
148 129
148 152
148 166
149 66
149 70
149 75
149 112
149 184
149 243
149 245
150 17
150 47
150 96
150 186
150 231
151 73
151 153
151 154
151 156
151 173
151 210
151 220
151 226
152 13
152 26
152 97
152 107
152 143
152 166
152 195
152 206
152 246
153 22
153 25
153 140
154 6
154 10
154 14
154 33
154 46
154 133
154 137
154 161
154 162
154 202
154 240
155 1
155 5
155 28
155 36
155 45
155 67
155 77
155 80
155 142
155 183
155 237
155 242
156 12
156 46
156 76
156 78
156 106
156 132
156 134
156 181
156 184
157 33
157 62
157 70
157 152
157 171
157 196
158 51
158 179
159 10
159 27
159 87
159 152
159 183
159 188
159 237
160 19
160 22
160 23
160 113
160 221
161 37
161 44
161 72
161 139
161 217
161 247
161 250
162 37
162 47
162 103
163 5
163 223
164 30
164 37
164 53
164 62
164 67
164 130
164 135
164 141
164 154
164 161
164 196
164 219
164 228
165 42
165 120
165 152
165 171
165 190
165 196
167 10
167 94
167 97
167 142
167 145
167 164
167 169
167 171
167 182
167 197
167 214
167 242
168 17
168 25
168 91
168 100
168 124
168 212
168 215
169 19
169 69
169 85
169 226
170 6
170 36
170 76
170 77
170 79
170 94
170 95
170 112
170 128
170 132
170 162
170 235
170 245
170 250
171 46
171 57
171 93
171 123
171 129
171 133
171 187
171 198
171 205
171 234
171 235
172 13
172 35
172 71
172 108
172 134
172 237
173 7
173 12
173 43
173 50
173 53
173 120
173 169
173 187
173 191
173 195
173 208
173 209
173 219
174 58
174 165
174 216
175 131
175 135
175 158
176 10
176 14
176 15
176 24
176 52
176 53
176 92
176 113
176 164
177 24
177 34
177 41
177 44
177 62
177 82
177 140
177 201
178 103
178 171
178 208
179 44
179 47
179 66
179 124
179 136
179 140
179 149
179 154
179 162
179 203
179 206
180 11
180 19
180 49
180 57
180 85
180 99
180 119
180 165
180 182
180 216
180 222
180 249
181 25
181 39
181 54
181 56
181 65
181 98
181 133
181 182
181 185
181 210
181 222
182 41
182 52
182 93
182 95
182 126
182 194
183 11
183 34
183 57
183 125
183 126
183 155
183 228
183 233
184 129
184 172
184 212
184 238
185 5
185 25
185 31
185 38
185 51
185 52
185 112
185 173
185 178
185 184
186 51
186 100
186 115
186 158
186 171
186 225
186 231
187 6
187 50
187 108
187 229
188 7
188 14
188 28
188 54
188 99
189 6
189 11
189 29
189 31
189 36
189 56
189 64
189 116
189 137
189 159
189 180
189 191
189 218
189 220
189 233
190 17
190 62
190 63
190 80
190 167
190 199
190 205
190 218
190 238
191 4
191 37
191 77
191 105
191 129
191 173
191 189
191 199
191 214
191 229
192 1
192 21
192 75
192 84
192 143
192 184
192 191
192 205
192 213
192 249
193 1
193 20
193 57
193 84
193 106
193 114
193 130
193 156
193 199
193 232
193 245
194 20
194 54
194 59
194 65
194 72
194 139
194 238
195 44
195 92
195 117
195 198
195 217
196 39
196 42
196 128
196 151
196 163
196 194
196 225
197 14
197 42
197 190
197 196
197 221
198 16
198 30
198 55
198 91
198 103
198 118
198 121
198 181
199 10
199 50
199 104
199 105
199 107
199 145
199 168
199 175
199 207
200 24
200 49
200 56
200 73
200 163
200 179
200 203
201 9
201 38
201 68
201 156
201 164
201 177
201 179
201 192
201 227
202 5
202 21
202 46
202 91
202 106
202 154
202 175
202 250
203 55
203 129
203 172
204 17
204 44
204 52
204 99
204 107
204 129
204 202
204 230
204 235
204 238
205 1
205 5
205 29
205 79
205 116
205 146
206 17
206 43
206 135
206 141
206 149
206 216
206 220
206 242
207 17
207 75
207 197
207 236
208 73
208 103
208 144
208 151
208 218
208 219
208 245
209 79
209 81
209 121
209 181
209 182
210 49
210 83
210 155
210 216
210 223
211 95
211 104
211 184
211 204
211 225
212 15
212 51
212 67
212 98
212 115
212 169
212 177
212 218
212 237
212 241
213 16
213 80
213 113
213 138
213 172
214 7
214 76
214 99
214 150
214 180
215 27
215 56
215 73
215 106
215 140
215 146
215 180
215 233
215 250
216 36
216 44
216 57
216 137
216 157
216 172
216 205
217 19
217 61
217 63
217 139
217 157
217 160
217 188
217 202
217 219
217 246
218 13
218 39
218 57
218 75
218 94
218 175
218 191
218 206
219 11
219 97
220 4
220 155
220 187
220 207
221 20
221 21
221 64
221 110
221 143
221 149
221 170
221 181
222 14
222 90
222 111
222 114
222 129
222 148
222 231
223 54
223 67
223 117
223 188
223 206
224 3
224 18
224 146
224 157
224 239
224 246
225 34
225 56
225 77
225 105
225 110
225 129
225 167
226 15
226 104
226 144
226 146
226 183
227 54
227 62
227 104
227 130
227 139
227 166
227 175
227 176
227 212
227 245
228 34
228 35
228 49
228 89
228 190
228 198
228 227
229 3
229 36
229 109
229 134
229 155
229 199
230 25
230 60
230 76
230 131
230 141
230 191
230 210
231 18
231 20
231 40
231 47
231 92
231 110
231 175
231 243
232 67
232 83
232 196
232 238
232 245
233 36
233 73
233 87
233 153
233 165
233 202
233 234
233 239
234 19
234 34
234 74
234 76
234 95
234 123
234 190
235 6
235 149
235 154
235 163
235 184
235 199
235 204
236 126
236 221
237 206
237 221
238 6
238 101
238 130
238 141
238 206
238 213
238 226
239 27
239 28
239 45
239 72
239 85
239 103
239 157
239 186
240 2
240 3
240 17
240 34
240 85
240 92
240 105
240 127
240 165
240 182
240 225
240 239
240 241
241 10
241 11
241 78
241 139
241 219
242 23
242 92
242 103
242 105
242 116
242 210
243 10
243 68
243 150
243 159
243 160
244 63
244 95
244 114
244 128
244 153
244 222
245 4
245 60
245 62
245 108
245 127
245 202
245 228
245 238
246 17
246 59
246 250
247 112
247 203
247 211
248 63
248 81
248 118
248 154
248 212
248 234
248 238
249 72
249 77
249 80
249 117
249 187
249 203
249 212
249 231
249 236
250 25
250 143
250 158
250 226
250 235
