250
1962
1 13
1 35
1 36
1 76
1 131
1 158
1 178
1 182
2 66
2 80
2 94
2 124
2 136
2 141
2 175
2 202
2 222
2 228
3 21
3 31
3 42
3 53
3 58
3 103
3 166
3 218
3 224
4 28
4 41
4 54
4 63
4 100
4 140
4 163
4 171
4 181
4 219
4 244
4 248
4 249
5 28
5 52
5 65
5 185
5 201
5 207
5 230
6 55
6 69
6 70
6 73
6 106
6 127
6 195
6 219
7 9
7 14
7 47
7 62
7 135
7 195
7 243
8 1
8 47
8 141
8 156
8 238
9 31
9 66
9 73
9 82
9 100
9 142
9 167
9 243
10 26
10 29
10 36
10 128
10 135
10 143
11 93
11 100
11 102
11 109
11 129
11 205
12 40
12 139
12 160
12 170
12 177
12 186
12 199
12 225
12 240
13 33
13 42
13 64
13 74
13 171
13 175
13 181
13 211
13 228
13 233
14 35
14 57
14 78
14 126
14 136
15 87
15 88
15 99
15 100
15 102
15 114
15 116
15 187
15 199
16 27
16 102
16 167
16 194
16 204
16 230
17 4
17 86
17 104
17 108
17 121
17 149
17 198
17 213
18 4
18 7
18 79
18 139
18 150
18 234
19 35
19 52
19 56
19 90
19 162
19 186
20 28
20 56
20 91
20 136
20 153
20 177
20 218
20 221
21 98
21 105
21 182
21 221
22 29
22 30
22 33
22 92
22 94
22 99
22 126
22 139
22 142
22 144
22 155
22 237
23 31
23 45
23 59
23 76
23 78
23 119
23 148
23 159
23 239
24 83
24 125
24 154
24 182
24 184
24 186
24 187
24 206
25 21
25 36
25 81
25 102
25 114
25 117
25 151
25 196
25 202
25 217
25 220
26 5
26 9
26 29
26 72
26 95
26 147
26 206
26 230
27 7
27 86
27 115
27 117
27 182
27 191
28 20
28 21
28 33
28 50
28 60
28 65
28 82
28 106
28 162
28 204
28 205
28 228
29 17
29 33
29 53
29 89
29 92
29 204
29 208
30 22
30 42
30 74
30 85
30 127
30 211
30 215
30 227
31 33
31 55
31 58
31 62
31 100
31 114
31 127
31 140
31 172
31 207
31 223
32 4
32 15
32 54
32 80
32 101
32 197
32 237
33 10
33 192
33 194
33 217
33 221
34 5
34 50
34 92
34 150
34 175
34 181
34 238
34 239
34 242
35 59
35 62
35 105
35 110
35 124
35 140
35 142
35 196
35 211
35 212
35 216
35 243
36 76
36 108
36 130
36 139
36 239
36 246
37 15
37 16
37 20
37 53
37 63
37 88
37 119
37 145
37 209
38 7
38 46
38 86
38 172
38 199
38 223
38 244
39 5
39 67
39 94
39 111
39 140
39 149
39 158
39 175
39 186
39 194
39 220
39 222
39 235
39 245
39 248
40 39
40 48
40 65
40 99
40 158
40 165
40 182
40 225
40 232
41 43
41 113
41 171
41 172
41 198
42 26
42 32
42 37
42 38
42 50
42 106
42 111
42 118
42 123
42 125
42 157
42 165
42 168
42 181
42 182
42 194
43 117
43 118
43 148
43 176
43 222
43 242
44 37
44 40
44 151
44 250
45 44
45 56
45 67
45 81
45 163
45 189
45 214
46 10
46 12
46 36
46 68
46 102
46 110
46 130
46 187
46 203
46 228
47 24
47 40
47 50
47 58
47 62
47 118
47 148
47 166
48 95
48 127
48 140
48 187
48 221
48 242
49 5
49 37
49 52
49 64
49 73
49 83
49 116
49 143
49 150
49 154
49 244
50 35
50 59
50 156
50 219
50 235
50 240
51 37
51 90
51 125
51 151
51 200
51 211
51 218
51 228
52 37
52 71
52 124
52 177
52 187
52 221
53 4
53 22
53 56
53 95
53 102
53 105
53 191
53 204
53 208
54 24
54 36
54 37
54 64
54 145
54 214
54 246
55 121
55 152
55 178
55 197
55 203
55 246
56 22
56 44
56 71
56 73
56 74
56 85
56 134
56 141
56 178
56 195
56 235
56 245
56 249
57 42
57 65
57 72
57 92
57 112
57 123
57 133
57 145
57 182
57 211
57 247
58 12
58 132
58 139
58 168
58 185
59 8
59 29
59 99
59 153
59 202
59 211
60 15
60 37
60 54
60 119
60 122
60 163
61 12
61 28
61 88
61 90
61 100
61 117
61 141
61 161
61 198
61 209
61 210
61 231
62 14
62 15
62 36
62 80
62 122
62 179
63 22
63 96
63 119
63 140
63 207
63 233
64 4
64 20
64 22
64 85
64 89
64 102
64 144
64 206
65 93
65 111
65 129
65 172
65 181
65 209
65 242
66 8
66 30
66 37
66 69
66 82
66 129
66 138
66 159
66 205
66 223
67 7
67 50
67 79
67 95
67 137
67 138
67 139
67 145
67 177
67 192
67 210
67 223
68 48
68 80
69 12
69 37
69 55
69 56
69 75
69 78
69 102
69 108
69 113
69 125
69 132
69 185
69 208
69 211
69 222
69 247
70 4
70 19
70 40
70 142
70 162
70 173
70 197
71 61
71 114
71 137
71 147
71 150
71 170
71 186
71 201
71 233
71 239
72 34
72 45
72 68
72 79
72 118
72 134
72 136
72 143
72 145
72 146
72 208
72 224
73 13
73 15
73 38
73 45
73 55
73 114
73 152
73 154
73 178
74 14
74 15
74 53
74 65
74 105
74 159
74 187
74 193
74 208
74 220
75 27
75 167
76 6
76 12
76 34
76 110
76 116
76 133
76 175
76 197
76 238
76 246
77 27
77 55
77 57
77 121
77 185
78 2
78 64
78 159
78 167
78 198
79 13
79 18
79 188
79 208
79 209
80 2
80 65
80 66
80 95
80 106
80 107
80 109
80 135
80 137
80 204
80 226
81 24
81 38
81 71
81 91
81 98
81 104
81 127
81 152
81 189
81 231
81 250
82 41
82 44
82 176
82 248
83 14
83 27
83 34
83 39
83 64
83 112
83 205
83 224
83 237
83 238
84 12
84 44
84 54
84 69
84 121
84 141
84 142
84 165
84 175
84 186
84 200
84 210
84 219
84 246
85 19
85 113
85 201
85 205
85 208
85 218
86 56
86 68
86 79
86 102
86 118
86 135
86 164
86 186
87 33
87 106
87 130
87 154
87 185
87 201
87 202
87 206
87 233
88 91
88 110
88 183
88 220
88 221
88 237
89 118
89 128
89 158
89 168
90 27
90 63
90 74
90 94
90 103
90 129
90 170
90 246
91 24
91 26
91 28
91 39
91 71
91 94
91 108
91 139
91 159
91 165
91 224
92 95
92 108
92 109
92 172
92 193
93 2
93 89
93 113
93 119
93 130
93 158
93 174
93 180
93 213
94 1
94 73
94 83
94 118
94 131
94 177
94 222
95 10
95 79
95 118
95 120
95 121
95 130
95 131
95 165
95 240
96 66
96 146
96 167
96 168
96 190
96 247
97 46
97 94
97 109
97 127
97 134
97 199
98 85
98 101
98 106
98 145
98 160
98 190
98 205
98 222
98 248
99 135
99 148
99 150
99 170
100 23
100 41
100 47
100 79
100 155
100 169
100 192
101 46
101 67
101 137
101 187
101 190
101 197
101 237
102 29
102 118
102 186
102 195
102 203
102 231
103 17
103 37
103 49
103 58
103 82
103 148
103 202
104 9
104 35
104 42
104 98
104 162
104 190
104 195
104 202
104 218
104 241
105 8
105 54
105 63
105 166
105 195
105 206
106 7
106 26
106 47
106 70
106 93
107 6
107 15
107 28
107 54
107 113
107 156
107 169
107 175
107 180
108 2
108 49
108 109
108 116
108 176
108 187
108 200
109 33
109 68
109 119
109 147
109 204
109 207
109 225
109 247
110 12
110 79
110 86
110 109
110 118
110 135
110 139
110 153
110 177
110 204
110 215
111 36
111 62
111 123
111 135
111 140
111 206
111 216
112 89
112 159
112 176
112 185
112 192
112 225
112 240
113 2
113 41
113 66
113 87
113 106
113 107
113 131
113 209
113 246
114 23
114 36
114 39
114 44
114 87
114 104
114 119
114 153
114 156
115 63
115 92
115 111
115 118
115 132
115 189
115 214
115 243
116 5
116 14
116 115
116 248
117 14
117 124
117 128
117 150
117 224
117 232
118 31
118 43
118 63
118 87
118 111
118 117
118 119
118 158
118 228
119 23
119 67
119 81
120 24
120 68
120 70
120 181
120 232
120 249
121 82
121 154
121 162
121 190
121 222
122 14
122 46
122 116
122 148
122 183
122 199
122 208
123 61
123 80
123 93
123 120
123 126
123 131
123 208
123 227
124 15
124 21
124 87
124 101
124 129
124 157
125 80
125 129
125 159
125 172
125 192
125 225
125 241
126 3
126 82
126 148
126 183
126 226
127 15
127 16
127 17
127 25
127 27
127 32
127 49
128 24
128 64
128 111
128 118
128 148
128 187
128 204
128 207
128 231
128 247
129 146
129 165
129 208
129 217
129 245
130 7
130 28
130 38
130 41
130 124
130 238
131 22
131 29
131 90
131 98
131 128
131 205
131 206
131 219
132 14
132 25
132 29
132 32
132 34
132 42
132 43
132 46
132 108
132 210
132 241
132 245
133 13
133 89
133 106
133 160
133 195
133 225
133 229
134 71
134 75
134 160
135 27
135 31
135 45
135 92
135 98
135 122
136 33
136 41
136 71
136 102
136 113
136 128
136 147
136 182
136 232
136 235
136 244
137 24
137 91
137 94
137 96
137 107
137 162
137 172
137 176
137 182
137 190
137 235
137 238
138 66
138 76
138 115
138 174
138 181
138 233
139 51
139 53
139 87
139 179
139 183
139 213
140 20
140 24
140 27
140 29
140 39
140 84
140 103
140 163
140 164
140 201
140 204
140 221
140 243
141 3
141 24
141 26
141 36
141 54
141 79
141 115
141 177
141 197
141 220
142 29
142 48
142 156
142 184
142 194
142 212
143 21
143 106
143 155
143 169
143 224
143 231
143 236
143 244
144 16
144 40
144 49
144 63
144 65
144 136
144 177
144 220
144 247
145 13
145 56
145 84
145 94
145 97
145 170
145 202
146 7
146 103
146 110
146 138
146 208
147 23
147 51
147 57
147 99
147 123
147 133
147 198
147 206
147 233
147 245
148 24
148 35
148 109
148 168
148 176
148 178
148 200
148 215
149 33
149 131
149 147
149 205
149 212
149 240
150 94
150 108
150 131
150 169
150 171
150 181
151 19
151 93
151 118
151 143
151 167
151 243
152 19
152 37
152 82
152 85
152 88
152 99
152 104
152 124
152 128
152 137
152 244
153 23
153 64
153 73
153 76
153 85
153 94
153 101
153 104
153 124
153 198
154 98
154 141
154 196
154 217
154 223
155 87
155 115
155 124
155 126
155 213
156 59
156 62
156 67
156 99
156 177
156 192
156 247
157 24
157 32
157 91
157 98
157 204
157 240
158 3
158 5
158 32
158 71
158 90
158 133
158 215
159 49
159 50
159 51
159 86
159 97
159 122
159 173
159 235
160 73
160 91
160 114
160 130
160 166
160 181
160 191
160 199
161 1
161 2
161 25
161 34
161 58
161 62
161 71
161 76
161 144
161 148
161 227
161 232
162 31
162 59
162 72
162 138
162 174
162 191
162 199
162 228
163 3
163 22
163 43
163 46
163 62
163 117
163 119
163 138
163 186
163 235
163 240
164 1
164 8
164 15
164 23
164 29
164 59
164 62
164 116
164 191
164 215
164 219
164 237
165 11
165 36
165 54
165 56
165 130
165 133
165 144
165 179
165 215
165 224
165 242
166 11
166 34
166 45
166 51
166 62
166 79
166 112
166 149
166 182
166 206
166 211
166 247
167 1
167 68
167 96
167 210
167 226
167 227
167 228
168 22
168 29
168 87
168 91
168 167
168 191
168 194
168 202
168 248
169 72
169 84
169 125
169 138
169 147
169 160
169 191
169 201
169 238
169 246
170 36
170 39
170 45
170 49
170 59
170 79
170 138
170 140
170 211
170 232
170 239
170 246
171 39
171 45
171 78
171 140
171 163
171 173
171 195
171 213
171 234
171 240
171 245
172 83
172 87
172 122
172 147
172 167
172 206
172 233
173 4
173 15
173 34
173 47
173 55
173 81
173 161
173 164
173 166
173 209
174 37
174 50
174 175
175 3
175 4
175 94
175 123
175 151
175 219
175 234
176 10
176 39
176 63
176 84
176 132
176 145
176 169
176 203
176 235
177 22
177 31
177 33
177 53
177 74
177 76
177 84
177 93
177 124
177 166
177 169
177 171
177 194
177 230
177 238
178 3
178 23
178 69
178 73
178 75
178 76
178 164
178 180
178 184
178 197
178 200
178 220
179 35
179 55
179 90
179 114
179 184
179 193
179 244
180 23
180 33
180 70
180 105
180 142
180 207
180 209
181 41
181 46
181 70
181 87
181 127
181 143
181 157
181 161
181 166
181 211
181 244
182 4
182 16
182 64
182 79
182 113
182 186
182 217
182 227
183 108
183 146
183 186
183 217
183 227
183 240
184 3
184 21
184 22
184 30
184 48
184 63
184 82
184 137
184 139
184 240
185 28
185 87
185 107
185 119
185 120
185 140
185 224
186 15
186 58
186 164
187 31
187 52
187 150
188 5
188 12
188 13
188 17
188 21
188 135
188 165
188 179
188 187
189 121
189 156
190 39
190 61
190 154
190 177
191 25
191 33
191 56
191 101
191 122
191 170
191 217
191 231
191 248
192 45
192 119
192 134
192 142
192 165
192 249
193 73
193 133
193 157
193 160
194 33
194 61
194 66
194 117
194 126
194 135
194 200
194 228
195 106
195 131
195 151
195 230
195 235
196 40
196 158
196 175
196 194
196 234
197 112
197 219
197 228
198 15
198 86
198 194
198 234
199 13
199 117
200 9
200 42
200 43
200 55
200 93
200 108
200 153
200 170
200 243
201 24
201 88
201 91
201 125
201 138
201 164
201 181
201 208
201 242
201 243
202 17
202 49
202 62
202 100
202 143
202 216
202 233
203 15
203 59
203 102
203 115
203 135
203 140
203 214
203 217
203 238
204 4
204 56
204 83
204 150
204 155
204 199
204 223
204 245
205 8
205 61
205 64
205 78
205 97
205 132
205 153
205 164
205 206
205 232
206 10
206 104
206 144
206 215
206 226
206 228
206 234
206 243
207 21
207 27
207 59
207 61
207 135
207 153
207 157
208 10
208 108
208 133
208 219
208 231
209 15
209 26
209 61
209 93
209 107
209 119
209 156
209 215
210 22
210 58
210 77
210 79
210 157
210 195
210 201
210 246
211 12
211 18
211 30
211 86
211 88
211 105
211 106
211 146
211 162
211 197
212 24
212 31
212 90
212 160
212 168
212 175
212 176
212 186
212 196
212 221
212 225
213 25
213 37
213 44
213 79
213 101
213 108
213 112
213 154
213 165
213 172
213 219
213 240
214 6
214 24
214 60
214 71
214 78
214 92
214 135
214 137
214 168
214 238
215 30
215 100
215 140
215 167
215 169
215 193
216 10
216 56
216 88
216 122
216 125
216 139
216 146
216 152
216 161
216 191
216 211
216 223
216 229
217 18
217 21
217 90
217 147
217 185
217 192
217 193
217 211
217 224
218 32
218 44
218 83
218 174
219 37
219 86
219 99
219 129
219 187
219 218
220 2
220 3
220 26
220 211
220 231
220 236
221 5
221 6
221 35
221 78
221 96
221 143
221 189
221 215
221 218
221 229
221 231
222 18
222 32
222 36
222 65
222 143
222 167
222 197
222 199
222 201
223 46
223 80
223 104
223 114
223 153
224 69
224 104
224 113
224 142
224 167
224 178
224 181
224 207
224 233
224 236
225 32
225 59
225 62
225 100
225 114
225 147
225 184
225 188
225 197
225 211
225 248
226 77
226 88
226 112
226 137
227 46
227 50
227 89
227 105
227 106
227 136
227 167
228 58
228 78
228 106
228 125
228 145
228 150
228 185
228 192
228 205
228 213
228 216
228 235
229 2
229 13
229 85
229 96
229 119
229 144
229 179
229 212
229 239
230 22
230 62
230 86
230 150
230 190
231 7
231 20
231 32
231 47
231 102
231 141
231 243
232 85
232 118
232 125
232 133
232 154
232 159
232 162
232 191
232 213
233 59
233 68
233 114
233 184
233 194
233 214
233 234
234 23
234 72
234 82
234 96
234 118
234 142
234 169
234 181
234 193
235 24
235 94
235 152
235 212
236 57
236 69
236 77
236 101
236 149
236 156
236 177
236 249
237 4
237 33
237 38
237 49
237 89
237 90
237 107
237 108
237 120
237 145
237 152
237 158
238 6
238 34
238 36
238 48
238 185
238 224
238 229
238 232
239 11
239 54
239 55
239 79
239 117
240 30
240 92
240 121
240 149
240 155
241 72
241 107
241 146
241 181
241 195
241 204
241 207
241 214
242 3
242 5
242 31
242 38
242 109
242 132
243 38
243 66
243 118
243 122
243 164
243 165
243 172
243 203
243 205
243 227
243 234
243 245
243 246
244 14
244 54
244 94
244 150
244 157
244 230
245 16
245 49
245 65
245 88
245 117
245 119
245 175
245 221
245 228
246 8
246 24
246 43
246 61
246 69
246 116
246 128
246 157
246 168
246 201
246 204
246 206
246 241
247 3
247 24
247 28
247 130
247 239
248 36
248 53
248 79
248 95
248 115
248 127
248 187
248 209
248 220
248 242
249 7
249 149
249 204
249 229
249 234
249 240
250 42
250 70
250 88
250 133
250 149
250 180
250 232
