30
239
1 3
1 11
1 17
1 18
1 26
1 28
1 30
2 3
2 5
2 8
2 12
2 13
2 19
2 20
2 21
2 22
2 23
2 24
2 27
2 28
2 29
3 1
3 4
3 12
3 19
4 5
4 11
5 1
5 3
5 4
5 6
5 14
5 15
5 19
5 22
5 24
5 28
6 2
6 19
6 21
6 24
7 1
7 2
7 4
7 5
7 11
7 18
7 24
7 25
7 26
7 30
8 1
8 6
8 9
8 15
8 16
8 18
8 20
8 27
9 7
9 8
9 17
9 19
9 20
9 21
9 24
10 2
10 7
10 8
10 9
10 12
10 17
10 24
11 3
11 5
11 8
11 13
11 23
11 30
12 1
12 2
12 6
12 15
12 18
12 19
12 21
12 24
12 26
12 27
13 2
13 12
13 24
13 27
14 3
14 4
14 5
14 6
14 12
14 13
14 16
14 17
14 18
14 19
14 24
14 25
14 29
15 6
15 8
15 13
15 18
15 24
15 27
15 30
16 3
16 6
16 9
16 14
16 18
16 21
16 24
16 28
16 30
17 1
17 9
17 11
17 16
17 18
17 19
17 20
18 1
18 4
18 6
18 13
18 15
18 16
18 19
18 21
18 28
18 29
18 30
19 1
19 2
19 7
19 8
19 13
19 17
19 22
19 23
19 28
20 3
20 4
20 11
20 14
20 17
20 19
20 21
20 24
20 26
20 27
20 29
20 30
21 4
21 6
21 8
21 9
21 10
21 11
21 12
21 17
22 2
22 4
22 5
22 6
22 8
22 10
22 14
22 15
22 23
22 24
22 26
23 9
23 11
23 14
23 19
23 21
23 24
23 27
23 28
23 29
23 30
24 3
24 4
24 7
24 8
24 12
24 25
24 27
25 3
25 5
25 6
25 9
25 11
25 14
25 15
25 17
25 23
25 24
25 29
26 5
26 6
26 12
26 18
26 22
26 27
27 5
27 6
27 11
27 13
27 17
27 19
27 23
27 26
27 28
28 1
28 13
28 29
29 3
29 4
29 14
29 16
29 23
29 25
30 3
30 5
30 6
30 9
30 14
30 25
30 27
