50
241
1 30
1 33
1 38
1 40
1 50
2 4
2 11
2 12
2 15
2 31
2 32
2 44
3 24
3 50
4 3
4 17
4 21
4 43
4 46
4 48
4 49
5 1
5 9
5 25
5 26
5 28
5 34
6 4
6 22
6 26
6 27
6 33
6 41
7 18
8 3
8 14
8 23
8 33
8 45
8 46
8 48
9 4
9 50
10 12
10 21
10 24
10 27
10 29
10 34
10 41
10 46
11 8
11 15
11 36
11 41
11 44
12 3
12 36
13 9
13 11
13 14
13 18
13 23
13 32
14 6
14 18
14 36
15 5
15 27
15 41
16 8
16 9
16 15
16 27
16 33
16 50
17 6
17 7
17 10
17 16
17 22
17 26
17 39
17 45
18 1
18 15
18 20
18 22
18 28
18 33
18 45
19 2
19 7
19 39
19 41
19 43
19 48
20 9
20 11
20 32
20 41
21 11
21 28
21 41
21 48
22 4
22 21
22 36
22 37
23 32
23 43
24 2
24 9
24 15
24 27
24 33
24 36
24 41
25 10
25 20
25 27
25 49
26 18
26 23
26 28
26 42
26 47
26 48
26 49
27 2
27 11
27 12
27 13
27 15
27 37
27 48
28 30
29 10
29 20
29 23
29 48
29 50
30 31
30 49
31 3
31 17
31 19
31 20
31 32
31 41
31 42
32 1
32 21
32 22
32 25
34 1
34 10
34 11
34 13
34 23
34 32
34 41
34 42
34 43
34 49
35 4
35 24
35 36
35 37
35 44
36 5
36 31
37 7
37 20
37 22
37 39
37 45
38 6
38 7
38 9
38 10
38 29
38 50
39 1
39 27
39 30
39 33
39 45
39 46
40 3
40 8
40 15
40 16
40 17
40 45
40 46
40 49
41 5
41 19
41 22
41 31
41 49
42 10
42 37
42 38
43 20
43 31
43 47
44 10
44 30
44 33
44 39
44 41
44 45
45 4
45 9
45 13
45 16
45 38
45 39
45 47
45 50
46 18
46 25
47 9
47 12
47 33
47 38
47 48
48 3
48 4
48 12
48 17
48 19
48 30
48 36
48 40
49 36
50 5
50 10
50 36
