50
325
1 7
1 28
1 36
1 45
2 5
2 38
2 41
2 45
3 6
3 11
3 14
3 19
3 26
3 44
3 45
3 50
4 8
4 37
5 11
5 17
5 23
5 25
5 30
5 37
5 39
5 46
5 47
6 30
6 31
6 34
6 38
6 48
7 5
7 44
7 46
8 5
8 14
8 20
8 22
8 45
8 46
8 47
8 49
8 50
9 4
9 5
9 17
9 33
9 37
9 45
10 6
10 7
10 17
10 18
10 26
10 38
10 39
11 13
11 16
11 29
11 33
12 2
12 8
12 26
12 28
12 33
12 35
12 44
13 11
13 14
13 22
13 28
13 44
14 12
14 13
14 15
14 28
14 33
14 40
14 49
15 12
15 14
15 35
15 44
15 46
15 48
16 3
16 8
16 20
16 21
16 25
16 38
16 43
17 12
17 14
17 16
17 21
17 26
17 35
17 41
18 6
18 8
18 26
18 30
18 31
18 40
18 49
19 5
19 16
19 21
19 47
19 48
20 33
20 44
21 7
21 10
21 28
21 35
21 37
21 40
21 45
22 7
22 8
22 11
22 14
22 20
22 34
22 37
22 45
22 47
22 48
23 7
23 11
23 13
23 18
23 24
23 35
23 37
23 42
24 8
24 12
24 29
24 31
24 32
24 35
24 38
24 46
24 48
24 50
25 12
25 18
25 23
25 41
25 45
26 12
26 13
26 15
26 17
26 22
26 29
26 42
26 47
27 4
27 9
27 29
27 39
27 40
28 3
28 5
28 14
28 21
28 35
29 1
29 5
29 16
29 19
29 22
29 25
29 31
29 34
29 35
29 38
29 42
29 44
30 2
30 6
30 19
30 46
30 49
31 5
31 13
31 20
31 32
31 33
31 43
32 8
32 9
32 17
32 35
32 37
32 39
32 47
32 50
33 21
33 25
33 35
33 39
33 47
33 48
34 4
34 10
34 12
34 15
34 16
34 22
34 23
34 27
34 35
34 39
34 41
34 42
34 45
34 48
35 14
35 20
35 41
35 50
36 2
36 5
36 6
36 17
36 32
36 34
36 48
37 20
37 28
37 29
38 5
38 6
38 8
38 19
38 25
38 31
38 32
38 33
38 41
39 5
39 6
39 7
39 9
39 17
39 29
39 36
40 5
40 15
40 16
40 26
40 28
40 34
41 6
41 7
41 13
41 16
41 27
41 29
41 34
41 40
41 42
41 48
42 8
42 15
42 22
42 23
42 26
42 33
42 49
43 2
43 12
43 29
43 46
43 50
44 1
44 14
44 20
44 23
44 27
44 31
44 48
45 8
45 10
45 11
45 16
45 17
45 39
45 40
45 50
46 3
46 13
46 33
46 36
46 41
46 42
46 47
46 48
47 4
47 21
47 27
47 30
48 3
48 4
48 17
48 18
48 31
48 42
48 50
49 1
49 15
49 20
49 22
49 30
49 41
49 44
50 36
50 45
50 47
