60
542
1 14
1 16
1 26
1 30
1 31
1 36
1 48
1 53
1 55
1 57
2 4
2 6
2 12
2 16
2 21
2 23
2 40
2 44
2 49
2 58
2 59
2 60
3 6
3 9
3 27
3 49
3 53
4 3
4 10
4 12
4 19
4 21
4 32
4 35
4 39
4 40
4 43
4 49
4 50
5 6
5 7
5 31
5 34
5 41
5 44
5 47
5 59
5 60
6 5
6 8
6 9
6 13
6 16
6 18
6 28
6 33
6 35
6 37
6 39
6 43
7 4
7 5
7 11
7 12
7 15
7 17
7 18
7 26
7 31
7 37
7 40
7 54
7 57
8 1
8 3
8 20
8 46
8 54
8 57
9 1
9 6
9 15
9 37
9 41
9 47
9 52
10 4
10 18
10 20
10 28
10 38
10 43
10 45
10 48
10 54
10 55
11 2
11 4
11 8
11 14
11 20
11 26
11 34
11 35
11 36
11 45
11 48
11 60
12 4
12 13
12 15
12 18
12 23
12 24
12 34
12 36
12 38
12 41
12 46
12 47
13 4
13 18
13 20
13 29
13 31
13 33
13 34
13 36
13 38
13 49
13 50
13 53
13 57
14 16
14 24
14 30
14 37
14 38
14 40
14 44
14 54
14 60
15 1
15 4
15 11
15 26
15 31
15 43
15 49
16 8
16 11
16 13
16 19
16 28
16 32
16 36
16 58
17 7
17 25
17 40
17 42
17 49
17 51
17 60
18 6
18 8
18 25
18 37
18 58
18 60
19 6
19 20
19 32
19 36
19 44
19 54
19 60
20 4
20 19
20 27
20 29
20 35
20 36
20 47
20 49
20 51
20 54
20 58
21 4
21 7
21 8
21 9
21 32
21 34
21 45
21 48
21 50
21 51
21 56
21 60
22 2
22 16
22 23
22 44
22 48
22 59
23 4
23 8
23 13
23 24
23 59
24 6
24 8
24 14
24 15
24 16
24 17
24 25
24 29
24 31
24 40
24 49
24 50
24 51
24 52
24 58
25 3
25 30
25 31
25 39
25 40
25 42
25 45
25 50
25 59
26 2
26 10
26 14
26 20
26 27
26 39
26 45
26 53
27 2
27 4
27 8
27 12
27 13
27 17
27 18
27 35
27 37
28 7
28 19
28 21
28 25
28 35
28 43
28 56
28 60
29 4
29 21
29 23
29 30
29 31
29 36
29 47
30 3
30 5
30 25
30 27
30 31
30 38
30 57
30 60
31 9
31 11
31 14
31 21
31 24
31 29
31 45
32 17
32 24
32 26
32 40
32 59
33 5
33 6
33 8
33 15
33 18
33 24
33 26
33 28
33 39
33 40
33 43
33 55
33 57
33 60
34 11
34 26
34 31
34 33
34 38
34 52
35 1
35 31
35 32
35 43
35 46
36 5
36 8
36 28
36 31
36 39
36 46
36 49
36 55
37 2
37 5
37 9
37 23
37 27
37 31
37 35
37 36
37 39
37 57
38 2
38 7
38 8
38 17
38 21
38 37
38 45
38 60
39 12
39 20
39 28
39 36
39 37
39 41
39 50
39 52
39 54
39 59
40 3
40 8
40 9
40 28
40 31
40 38
40 39
40 41
40 42
40 44
40 45
40 49
40 53
40 54
40 56
41 5
41 8
41 11
41 15
41 19
41 24
41 27
41 32
41 37
41 39
41 43
41 48
41 53
42 3
42 9
42 10
42 14
42 16
42 19
42 20
42 31
42 44
42 49
42 59
43 2
43 3
43 15
43 16
43 36
43 37
43 47
43 49
43 53
43 60
44 3
44 8
44 11
44 16
44 18
44 24
44 27
44 28
44 30
44 51
44 53
44 55
44 59
45 4
45 21
45 38
45 41
45 51
45 55
45 57
45 59
46 1
46 2
46 7
46 33
46 37
46 39
46 50
46 53
47 17
47 18
47 21
47 22
47 31
47 42
47 49
47 50
47 55
48 1
48 4
48 8
48 14
48 15
48 20
48 21
48 24
48 52
49 13
49 14
49 36
49 38
49 48
49 54
50 18
50 20
50 24
50 26
50 30
50 31
50 44
50 53
50 57
50 60
51 1
51 4
51 41
51 43
51 44
51 47
51 49
51 50
51 55
52 9
52 21
52 30
52 32
52 41
52 43
52 45
52 49
52 53
52 57
53 13
53 19
53 40
53 42
53 46
53 51
53 57
54 15
54 18
54 20
54 29
54 46
54 47
54 59
55 5
55 8
55 13
55 18
55 25
55 31
55 49
55 51
55 60
56 1
56 3
56 7
56 15
56 36
56 46
57 7
57 15
57 44
57 45
57 48
58 2
58 7
58 13
58 19
58 20
58 23
58 27
58 46
58 55
59 8
59 10
59 26
59 31
59 34
59 35
59 36
59 38
59 41
59 43
59 49
59 50
60 6
60 23
60 26
60 27
60 28
60 46
60 50
60 55
