60
436
1 2
1 5
1 14
1 31
1 34
1 37
1 42
1 52
2 7
2 17
2 22
2 25
2 30
2 39
2 45
3 10
3 12
3 18
3 24
3 29
3 31
3 33
3 34
3 35
3 43
3 44
3 46
3 49
3 56
4 11
4 17
4 31
4 34
4 36
4 39
4 52
4 58
5 9
5 17
5 30
5 31
5 40
5 55
6 13
6 15
6 17
6 19
6 44
7 6
7 19
7 24
7 25
7 30
7 33
7 41
7 42
7 47
7 53
8 22
8 29
8 36
8 42
8 46
8 50
8 59
9 20
9 25
9 29
9 37
9 38
9 39
9 42
9 46
9 53
9 57
9 58
10 5
10 13
10 40
10 59
11 7
11 12
11 27
11 41
12 15
12 18
12 22
12 27
12 28
12 31
12 37
12 47
12 58
13 9
13 10
13 15
13 20
13 28
13 29
13 30
13 43
13 59
14 1
14 7
14 17
14 31
14 35
14 36
14 38
14 60
15 10
15 14
15 21
15 25
15 32
15 44
15 46
16 3
16 5
16 6
16 7
16 10
16 27
16 29
16 39
16 58
17 9
17 10
17 15
17 18
17 24
17 32
17 38
17 39
17 41
17 45
17 50
17 57
17 58
17 60
18 11
18 12
18 17
18 23
18 38
18 46
18 56
19 12
19 31
19 49
20 1
20 6
20 8
20 15
20 25
20 27
20 42
20 45
20 47
20 49
20 58
21 7
21 8
21 14
21 22
21 23
21 31
21 49
22 4
22 16
22 20
22 32
22 34
22 38
22 39
22 42
22 43
22 44
22 49
23 4
23 5
23 7
23 8
23 27
23 34
23 46
23 50
24 9
24 13
24 27
24 28
24 53
24 56
25 2
25 3
25 13
25 19
25 22
25 24
25 35
25 36
25 59
26 2
26 3
26 14
26 17
26 33
26 46
26 49
26 53
26 54
26 56
27 21
27 23
27 25
27 29
27 34
27 38
27 40
27 59
28 5
28 10
28 16
28 55
29 6
29 9
29 30
29 39
29 41
29 43
29 45
29 51
29 57
30 7
30 10
30 54
30 60
31 14
31 20
31 30
31 34
31 36
31 39
31 51
31 57
32 1
32 19
32 21
32 45
33 13
33 41
33 42
33 44
33 47
33 52
34 17
34 19
34 21
34 26
34 50
34 52
35 2
35 6
35 15
35 22
35 33
35 41
35 43
35 50
36 1
36 5
36 10
36 13
36 18
36 20
36 29
36 42
36 51
37 14
37 16
37 17
37 20
37 22
37 32
37 46
37 55
38 3
38 26
38 43
38 51
39 4
39 8
39 27
39 28
39 49
40 3
40 6
40 24
40 27
40 50
40 52
41 4
41 5
41 15
41 37
41 38
41 59
42 15
42 20
42 33
42 60
43 20
43 21
43 22
43 24
43 25
43 26
43 27
43 47
43 55
43 60
44 1
44 3
44 34
44 58
44 59
45 8
45 16
45 39
45 53
45 55
45 60
46 5
46 9
46 15
46 29
46 36
46 40
47 1
47 5
47 34
47 37
47 43
48 1
48 29
48 32
48 52
48 56
49 2
49 7
49 52
49 55
50 9
50 15
50 39
50 49
50 59
51 15
51 16
51 22
51 35
51 37
51 38
51 43
51 45
51 47
51 53
51 55
51 57
51 58
52 5
52 8
52 13
52 30
52 39
52 50
52 54
53 21
53 48
53 50
54 2
54 8
54 12
54 17
54 20
54 34
54 42
54 55
55 23
55 26
55 37
56 3
56 9
56 10
56 30
56 32
56 40
56 44
56 46
56 50
56 55
56 57
56 58
57 4
57 14
57 17
57 23
57 29
57 31
57 43
57 46
57 49
57 51
58 3
58 25
58 38
58 39
58 44
58 45
58 59
59 6
59 17
59 27
59 33
59 37
59 42
59 50
59 52
60 8
60 10
60 21
60 22
60 23
60 41
60 43
60 48
