70
657
1 2
1 15
1 19
1 29
1 31
1 32
1 36
1 50
1 58
1 61
1 66
2 15
2 27
2 28
2 30
2 51
2 53
2 55
3 10
3 14
3 36
3 45
3 61
4 9
4 11
4 14
4 22
4 32
4 36
4 52
4 55
4 57
4 59
4 60
4 62
5 3
5 13
5 16
5 17
5 26
5 30
5 40
5 41
5 56
5 61
5 62
6 4
6 14
6 17
6 29
6 38
6 56
6 61
7 6
7 20
7 24
7 41
7 42
7 47
7 52
7 60
7 63
8 7
8 13
8 20
8 24
8 26
8 34
8 41
8 46
8 53
8 54
8 64
8 67
9 15
9 29
9 39
9 40
9 44
9 51
9 55
9 57
9 60
9 65
10 2
10 4
10 9
10 13
10 14
10 16
10 25
10 26
10 33
10 45
10 50
10 54
10 59
11 12
11 56
11 60
11 63
11 69
12 13
12 14
12 20
12 29
12 57
12 58
12 61
12 65
13 22
13 28
13 36
13 38
13 41
13 43
13 53
13 64
14 19
14 33
14 45
14 46
14 55
14 58
14 68
15 1
15 7
15 27
15 28
15 29
15 30
15 40
15 45
15 49
15 51
15 69
16 2
16 3
16 14
16 17
16 21
16 25
16 26
16 38
16 41
16 44
16 45
16 51
16 69
17 6
17 14
17 21
17 24
17 28
17 29
17 31
17 40
17 43
17 51
17 52
17 53
17 62
18 5
18 14
18 16
18 26
18 30
18 32
18 38
18 47
18 60
18 64
19 11
19 13
19 15
19 28
19 46
19 59
19 64
19 65
19 66
20 6
20 11
20 17
20 26
20 27
20 36
20 43
20 56
20 58
20 61
21 2
21 15
21 29
21 38
21 40
21 53
21 58
21 61
21 63
21 64
22 1
22 11
22 13
22 15
22 18
22 24
22 39
22 43
22 47
22 61
22 62
22 64
23 1
23 18
23 19
23 26
23 29
23 53
23 68
24 6
24 10
24 12
24 21
24 25
24 44
24 53
24 61
24 65
24 66
24 67
25 3
25 7
25 28
25 31
25 38
25 47
25 56
25 70
26 8
26 15
26 18
26 48
26 68
27 14
27 20
27 30
27 31
27 40
27 42
27 46
27 47
27 48
27 59
27 67
28 1
28 3
28 10
28 25
28 27
28 29
28 30
28 37
28 38
28 45
28 47
28 48
28 56
28 61
28 62
29 17
29 28
29 32
29 33
29 42
29 44
29 63
29 67
30 19
30 21
30 24
30 37
30 45
30 58
30 61
31 1
31 9
31 11
31 13
31 14
31 25
31 36
31 39
31 56
32 5
32 13
32 15
32 26
32 27
32 41
32 48
32 49
32 52
32 58
32 60
32 66
33 1
33 15
33 41
33 49
33 60
33 63
34 4
34 8
34 14
34 35
34 36
34 44
34 45
34 60
34 64
34 66
35 1
35 2
35 17
35 25
35 29
35 34
35 39
35 43
35 48
35 52
35 54
35 60
35 70
36 2
36 4
36 14
36 19
36 21
36 39
36 45
37 4
37 6
37 8
37 13
37 18
37 19
37 35
37 44
37 59
37 62
37 63
38 1
38 3
38 10
38 15
38 20
38 22
38 24
38 26
38 28
38 29
38 32
38 37
38 48
38 53
38 61
38 63
38 69
38 70
39 2
39 15
39 22
39 26
39 33
39 36
39 56
39 63
40 11
40 15
40 22
40 31
40 32
40 33
40 61
40 65
40 68
41 4
41 7
41 19
41 70
42 2
42 20
42 27
42 33
42 35
42 39
42 44
42 54
42 66
43 3
43 5
43 6
43 7
43 10
43 17
43 19
43 23
43 26
43 29
43 32
43 36
43 49
43 53
43 69
44 1
44 2
44 26
44 30
44 43
44 52
44 55
44 56
44 66
44 69
45 8
45 10
45 14
45 15
45 25
45 39
45 49
45 61
45 65
45 68
46 9
46 13
46 19
46 22
46 34
46 57
47 1
47 17
47 19
47 27
47 34
47 49
47 57
47 61
47 68
48 3
48 7
48 12
48 13
48 46
48 51
48 55
48 57
49 9
49 11
49 22
49 25
49 33
49 40
49 51
49 55
49 64
49 67
50 9
50 16
50 25
50 27
50 29
50 52
50 57
50 60
51 2
51 10
51 12
51 19
51 27
51 40
51 50
51 55
52 9
52 23
52 29
52 43
52 46
52 47
52 62
52 67
53 2
53 12
53 16
53 67
54 1
54 2
54 9
54 18
54 19
54 20
54 23
54 25
54 27
54 40
54 57
54 70
55 3
55 7
55 8
55 17
55 33
55 36
55 39
55 58
55 62
55 68
55 69
56 3
56 6
56 7
56 8
56 20
56 39
56 45
56 51
56 53
56 62
56 64
56 67
57 2
57 3
57 7
57 16
57 32
57 35
57 36
57 40
57 63
57 68
58 14
58 26
58 29
58 36
58 37
58 55
58 61
58 68
59 9
59 17
59 26
59 32
59 33
59 34
59 44
59 47
59 56
59 70
60 3
60 4
60 23
60 47
60 62
60 66
61 17
61 27
61 29
61 44
61 53
62 4
62 9
62 15
62 16
62 20
62 22
62 25
62 34
62 70
63 1
63 2
63 5
63 11
63 19
63 32
63 46
63 47
63 56
63 66
64 5
64 12
64 25
64 26
64 38
64 46
64 48
64 51
64 55
64 56
64 61
64 68
65 10
65 14
65 20
65 23
65 24
65 39
65 45
65 52
65 64
65 70
66 6
66 37
66 38
66 51
66 57
66 63
67 8
67 12
67 16
67 40
67 43
67 48
67 50
67 62
68 1
68 19
68 20
68 22
68 24
68 51
68 64
69 3
69 6
69 12
69 16
69 19
69 27
69 46
69 53
69 54
69 56
69 68
70 6
70 16
70 23
70 28
70 32
70 33
70 38
70 41
70 45
70 48
70 51
70 68
70 69
