70
403
1 4
1 6
1 19
1 25
1 32
1 41
1 55
1 68
2 19
2 32
3 1
3 37
3 46
3 48
4 2
4 45
4 67
4 69
5 8
5 26
5 33
5 45
5 56
6 3
6 10
6 16
6 25
6 34
6 46
6 60
7 5
7 6
7 8
7 49
8 18
8 35
8 37
8 46
8 48
8 61
8 64
9 40
9 45
9 46
9 52
9 55
9 56
9 68
10 4
10 6
10 8
10 13
10 27
10 41
10 46
10 69
10 70
11 6
11 27
11 30
11 45
11 54
11 55
11 63
12 8
12 11
12 13
12 23
12 28
12 32
12 37
12 40
12 45
13 23
13 24
13 34
13 41
13 46
13 63
14 9
14 16
14 33
14 54
14 60
15 17
15 28
15 44
15 49
15 50
15 54
15 56
15 64
16 6
16 13
16 26
16 63
16 64
17 2
17 14
17 48
17 50
17 70
18 6
18 8
18 16
18 24
18 29
18 38
18 52
18 53
18 57
19 33
19 35
19 48
19 64
19 68
20 6
20 9
20 18
20 52
21 4
21 7
21 33
21 47
21 70
22 12
22 15
22 28
22 29
22 35
22 47
22 55
22 57
22 67
23 19
23 27
23 30
23 36
23 37
23 52
23 64
24 3
24 4
24 9
24 11
24 35
24 51
24 59
24 68
25 13
25 49
25 61
25 69
26 5
26 9
26 30
26 35
26 51
26 62
27 56
27 62
28 32
28 36
28 37
28 44
28 53
28 60
28 65
29 27
29 40
29 42
30 2
30 4
30 32
30 43
30 44
30 58
31 14
31 20
31 22
31 35
31 67
32 14
32 16
32 30
32 45
33 2
33 4
33 15
33 20
33 23
33 39
33 67
34 7
34 20
34 26
34 54
34 59
34 62
35 2
35 11
35 19
35 37
35 38
35 41
35 58
36 7
36 18
36 21
36 47
36 61
36 62
37 3
37 4
37 9
37 24
37 28
37 35
37 41
37 55
38 28
38 35
38 42
38 44
38 66
39 2
39 8
39 10
39 21
39 27
39 37
39 42
39 47
39 50
40 4
40 10
40 56
40 67
41 9
41 61
42 14
42 27
42 57
42 68
43 50
43 52
43 68
44 3
44 8
44 20
44 40
44 61
44 67
45 1
45 6
45 26
45 31
45 33
45 53
45 65
46 5
46 7
46 20
46 25
46 27
46 35
46 40
47 8
47 18
47 23
47 42
47 62
47 66
47 68
47 70
48 1
48 17
48 26
48 67
49 12
49 16
49 52
49 54
49 62
49 68
50 4
50 7
50 52
50 62
51 6
51 18
51 42
51 43
51 47
51 52
51 53
51 54
51 61
52 7
52 36
52 56
53 5
53 9
53 26
53 65
53 68
54 1
54 24
54 25
54 26
54 39
54 40
54 49
54 52
55 12
55 24
55 31
55 33
55 35
55 39
55 57
56 18
56 27
56 38
56 51
56 58
56 59
56 60
56 68
57 11
57 24
57 55
57 60
57 63
58 3
58 31
58 49
58 70
59 7
59 19
59 21
59 22
59 23
59 34
59 37
59 48
60 17
60 25
60 30
61 12
61 14
61 22
61 29
62 1
62 11
62 28
62 36
62 60
62 63
62 65
63 13
63 23
63 42
63 57
63 66
64 2
64 7
64 22
64 24
64 27
64 36
64 42
64 61
64 67
64 68
65 19
65 24
65 25
65 45
65 50
66 16
67 9
67 46
67 55
68 18
68 27
68 31
68 53
68 54
68 59
68 66
68 69
69 3
69 29
69 41
69 53
69 55
70 5
70 12
70 16
70 25
70 26
70 34
