70
528
1 5
1 7
1 49
1 55
1 61
2 9
2 14
2 17
2 31
2 43
2 44
2 52
2 54
2 66
3 2
3 9
3 14
3 36
3 41
3 46
3 47
3 60
3 68
4 3
4 7
4 15
4 23
4 32
4 46
4 48
4 52
5 10
5 11
5 12
5 20
5 23
5 30
5 35
5 39
5 42
5 45
5 60
5 63
6 8
6 9
6 45
6 55
6 56
6 68
7 5
7 11
7 12
7 16
7 20
7 22
7 26
7 35
7 50
7 62
8 1
8 11
8 15
8 16
8 20
8 35
8 38
8 68
8 69
9 5
9 6
9 17
9 29
9 48
9 54
9 55
9 67
10 1
10 3
10 15
10 18
10 32
10 38
10 45
10 67
11 3
11 14
11 16
11 27
11 29
11 36
11 45
11 50
11 57
11 60
11 70
12 8
12 13
12 14
12 15
12 29
12 36
12 38
12 44
12 50
12 68
13 4
13 10
13 11
13 18
13 21
13 22
13 36
13 43
13 44
13 56
14 13
14 17
14 24
14 33
14 35
14 50
15 6
15 58
16 3
16 15
16 19
16 27
16 34
16 36
16 40
16 48
17 7
17 8
17 11
17 14
17 49
17 60
17 66
18 1
18 7
18 24
18 25
18 27
18 30
18 31
18 41
18 48
19 6
19 15
19 16
19 18
19 20
19 50
19 56
20 5
20 68
21 1
21 2
21 5
21 6
21 27
21 49
21 50
21 52
22 12
22 21
22 27
22 34
22 59
22 62
22 67
22 70
23 6
23 16
23 21
23 26
24 3
24 20
24 21
24 26
24 29
24 31
24 35
24 44
24 48
24 49
24 51
24 58
24 69
25 3
25 18
25 28
25 35
25 43
25 48
25 49
25 51
25 52
25 64
26 1
26 6
26 9
26 11
26 14
26 49
26 53
27 1
27 19
27 32
27 39
27 46
27 50
27 60
27 62
27 70
28 4
28 13
28 18
28 48
28 53
28 62
28 67
28 70
29 10
29 12
29 13
29 17
29 30
29 40
29 41
29 43
29 44
29 67
30 1
30 11
30 28
30 38
30 41
30 66
31 6
31 25
31 27
31 38
31 39
31 44
31 59
32 2
32 21
32 24
32 53
32 67
33 4
33 8
33 14
33 30
33 39
33 46
33 57
33 70
34 6
34 11
34 13
34 14
34 29
34 36
34 53
34 62
34 64
34 67
35 16
35 20
35 23
35 32
35 39
35 54
35 57
35 61
35 63
36 22
36 24
36 64
36 65
37 4
37 11
37 12
37 17
37 28
37 32
37 48
37 55
37 57
38 10
38 12
38 35
38 48
38 50
38 67
39 3
39 12
39 22
39 27
39 29
39 41
39 44
39 55
39 56
39 57
39 61
40 4
40 30
40 33
40 43
40 45
40 55
40 56
40 59
40 67
41 14
41 22
41 32
41 35
41 63
42 5
42 7
42 15
42 17
42 26
42 27
42 46
42 53
42 64
42 66
42 68
43 10
43 30
43 62
44 7
44 21
44 23
44 36
44 43
45 4
45 35
45 49
45 56
45 59
46 2
46 10
46 29
46 32
46 41
46 52
46 55
46 65
47 29
47 53
47 60
47 63
48 10
48 13
48 25
48 26
48 28
48 51
48 65
48 68
48 70
49 6
49 7
49 9
49 29
49 38
49 41
49 43
49 44
49 48
49 61
49 66
50 9
50 37
50 40
50 51
50 52
50 65
51 2
51 12
51 28
51 33
51 48
51 62
51 64
52 13
52 19
52 25
52 36
52 62
52 65
53 1
53 13
53 14
53 34
53 36
53 37
53 52
53 57
53 65
53 68
54 29
54 41
54 42
54 45
54 48
54 65
54 70
55 24
55 30
55 31
55 56
55 57
56 2
56 3
56 6
56 13
56 27
56 36
56 39
56 57
56 70
57 2
57 9
57 17
57 21
57 31
57 36
57 47
57 49
57 70
58 13
58 14
58 24
58 40
58 41
58 54
58 60
58 64
58 69
59 1
59 12
59 37
59 41
59 51
59 55
60 13
60 31
60 45
60 56
60 65
61 1
61 4
61 5
61 13
61 34
61 37
61 38
61 43
61 45
61 55
61 66
62 14
62 33
62 36
63 10
63 18
63 22
63 23
63 39
63 45
63 56
63 65
64 19
64 27
64 51
64 56
64 69
65 4
65 23
65 27
65 30
65 46
65 51
65 58
66 15
66 33
66 34
66 39
66 49
66 60
66 64
66 70
67 2
67 5
67 35
67 42
67 62
67 64
68 5
68 10
68 34
68 42
68 48
68 56
68 60
68 64
69 5
69 7
69 17
69 27
69 64
70 7
70 14
70 22
70 30
70 39
70 40
70 44
70 48
70 57
70 62
