70
591
1 6
1 11
1 33
1 38
1 40
1 49
1 52
1 60
1 65
1 66
2 6
2 10
2 12
2 13
2 16
2 18
2 21
2 33
2 34
2 44
2 49
2 58
2 69
3 1
3 13
3 15
3 20
3 32
3 36
3 37
3 40
3 45
3 47
3 58
3 60
3 63
4 16
4 17
4 20
4 23
4 26
4 29
4 46
5 13
5 41
5 43
6 4
6 16
6 30
6 33
6 35
6 40
6 43
6 44
6 56
6 68
7 12
7 17
7 18
7 21
7 49
7 53
7 58
7 68
8 6
8 9
8 14
8 17
8 26
8 27
8 39
8 42
8 45
8 46
8 58
8 64
8 66
9 3
9 11
9 34
9 35
10 9
10 11
10 14
10 18
10 19
10 37
10 41
11 10
11 13
11 15
11 29
11 38
11 44
11 45
12 17
12 19
12 23
12 26
12 34
12 52
12 53
12 63
12 67
13 2
13 10
13 47
13 52
13 53
13 68
13 70
14 7
14 9
14 10
14 29
14 38
14 51
14 55
15 23
15 34
15 35
15 51
15 60
16 10
16 12
16 14
16 41
16 44
16 56
16 60
16 62
17 3
17 8
17 27
17 31
17 34
17 59
17 66
18 8
18 16
18 27
18 47
18 65
19 28
19 36
19 64
20 2
20 11
20 21
20 25
20 31
20 33
20 34
20 51
20 55
20 59
20 67
20 68
21 1
21 2
21 22
21 43
21 53
21 57
21 60
21 66
22 9
22 14
22 24
22 31
22 36
22 40
23 10
23 29
23 34
23 44
23 49
23 54
23 56
23 66
24 10
24 18
24 29
24 45
24 57
24 66
25 15
25 30
25 61
26 1
26 16
26 30
26 31
26 33
26 41
26 42
26 59
27 6
27 14
27 17
27 38
27 40
27 46
27 49
27 59
27 63
27 67
28 7
28 15
28 22
28 45
28 48
28 49
28 55
28 56
29 1
29 4
29 19
29 33
29 51
29 52
29 56
29 62
29 64
29 67
29 69
30 11
30 18
30 31
30 40
30 45
30 46
30 66
31 5
31 6
31 32
31 39
31 44
31 53
31 57
32 4
32 18
32 29
32 36
32 37
32 44
32 46
32 56
32 60
33 27
33 43
33 47
33 70
34 3
34 4
34 8
34 30
34 36
34 40
34 42
34 46
34 55
34 62
35 3
35 4
35 8
35 16
35 21
35 24
35 26
35 32
35 44
35 55
35 56
35 61
35 65
36 1
36 5
36 11
36 29
36 55
36 58
36 65
37 6
37 7
37 11
37 21
37 22
37 24
37 25
37 27
37 40
37 43
37 49
37 54
37 62
37 66
38 3
38 12
38 29
38 37
38 40
38 42
38 50
38 52
38 64
38 66
39 1
39 3
39 5
39 6
39 35
39 55
39 67
39 68
39 70
40 3
40 5
40 13
40 16
40 22
40 26
40 28
40 34
40 38
40 39
40 46
40 51
40 58
41 14
41 20
41 31
41 37
41 56
42 2
42 8
42 20
42 29
42 34
42 46
42 55
42 56
42 64
42 68
42 69
43 1
43 4
43 15
43 23
43 28
43 32
43 37
43 47
44 1
44 3
44 13
44 15
44 25
44 33
44 36
44 50
45 10
45 24
45 30
45 36
45 42
45 44
45 51
45 54
45 61
45 64
45 69
45 70
46 1
46 6
46 17
46 18
46 25
46 26
46 38
46 39
46 44
46 55
46 60
46 61
46 65
46 68
47 5
47 12
47 14
47 17
47 19
47 33
47 36
47 46
47 62
48 8
48 28
48 38
48 41
48 51
48 52
48 62
48 66
49 4
49 5
49 7
49 13
49 17
49 33
49 55
49 57
49 59
49 65
50 2
50 9
50 14
50 44
50 62
50 66
51 2
51 3
51 9
51 20
51 23
51 36
51 40
51 50
51 59
51 65
51 67
52 8
52 32
52 38
52 40
52 46
52 63
52 64
52 69
53 14
53 16
53 20
53 39
53 43
53 47
53 50
54 27
54 29
54 40
54 42
54 44
54 50
55 5
55 10
55 21
55 30
55 36
55 37
55 40
55 43
55 61
55 66
55 69
55 70
56 4
56 7
56 16
56 17
56 19
56 21
56 31
56 36
56 51
57 8
57 14
57 21
57 32
57 42
57 65
58 16
58 23
58 28
58 31
58 32
58 46
58 48
58 49
58 60
58 66
59 4
59 15
59 29
59 40
59 55
59 57
59 61
59 69
59 70
60 3
60 10
60 17
60 41
60 49
60 50
60 52
60 58
60 63
60 69
61 2
61 4
61 6
61 12
61 19
61 27
61 29
61 30
61 42
61 49
61 60
61 67
61 68
62 22
62 23
62 43
62 47
62 55
62 59
63 7
63 14
63 28
63 30
63 34
63 41
64 44
64 49
64 59
65 2
65 11
65 47
65 54
65 62
65 69
66 3
66 8
66 13
66 14
66 30
66 35
66 65
67 16
67 39
67 41
67 46
67 48
67 50
67 56
67 62
68 1
68 10
68 11
68 20
68 21
68 23
68 25
68 27
68 32
68 33
68 43
68 47
68 48
68 49
68 65
69 2
69 8
69 10
69 14
69 17
69 20
69 28
69 34
69 57
69 58
69 62
70 1
70 7
70 40
70 54
70 55
70 57
70 61
70 67
