750
4479
1 130
1 219
1 378
1 438
1 477
1 604
1 686
1 690
2 84
2 530
3 49
3 58
3 317
3 456
3 715
3 740
3 747
4 1
4 135
4 274
4 479
4 570
5 71
5 77
5 100
5 464
5 469
5 515
6 148
6 346
6 481
6 500
7 45
7 518
7 525
7 658
7 734
7 736
8 138
8 267
8 306
8 627
9 123
9 647
9 663
10 99
10 140
10 224
10 277
10 294
10 535
11 80
11 118
11 134
11 159
11 163
11 210
11 297
11 389
11 403
11 456
11 576
11 708
12 40
12 140
12 205
12 613
12 650
12 659
13 22
13 356
13 548
13 669
14 77
14 93
14 352
14 396
14 418
14 430
15 133
15 460
15 475
15 617
15 665
15 672
15 723
16 3
16 55
16 111
16 257
16 489
16 514
16 518
17 278
17 345
17 487
17 559
18 291
18 301
18 350
18 388
18 473
18 508
18 661
18 722
18 747
19 150
19 214
19 367
19 450
19 639
19 660
20 379
20 396
20 420
20 554
20 672
21 23
21 265
21 279
21 465
21 525
21 581
22 74
22 96
22 123
22 182
22 245
22 260
22 344
22 381
23 115
23 183
23 186
23 221
23 321
23 351
23 359
23 363
23 373
23 416
23 420
23 589
24 110
24 124
24 345
24 638
24 702
25 298
25 391
25 449
25 462
25 629
26 230
26 308
26 682
27 66
27 317
27 452
27 542
27 655
28 247
28 340
28 480
28 523
28 744
29 49
29 131
29 191
29 578
30 91
30 107
30 236
30 294
30 457
30 520
30 586
30 644
30 706
31 304
31 559
32 443
32 446
33 1
33 54
33 184
34 47
34 78
34 139
34 157
34 218
34 647
35 88
35 162
35 479
35 669
35 672
35 718
36 204
36 260
36 277
36 354
36 372
36 462
36 486
36 507
36 555
36 563
36 624
36 676
37 43
37 204
37 306
37 369
37 518
37 572
37 654
37 698
38 77
38 187
38 191
38 238
38 457
38 499
38 600
38 674
39 88
39 507
39 596
39 603
39 627
39 736
39 742
40 89
40 173
40 189
40 222
40 247
40 273
40 523
40 646
41 5
41 30
41 79
41 91
41 197
41 317
41 536
41 637
41 723
42 216
42 260
42 312
42 383
42 406
42 428
42 634
42 723
43 58
43 508
43 619
43 625
44 45
44 96
44 239
44 284
44 387
44 471
44 636
44 672
44 709
45 260
45 353
45 533
46 129
46 140
46 218
47 65
47 102
47 106
47 209
47 472
47 517
47 541
48 2
48 46
48 261
48 274
48 356
48 406
48 608
48 677
49 148
49 218
49 560
49 571
49 653
49 717
50 17
50 95
50 182
50 197
50 243
50 489
50 677
50 720
50 745
51 14
51 34
51 35
51 36
51 53
51 63
51 96
51 172
51 297
51 587
51 643
51 672
52 16
52 45
52 153
52 165
52 277
52 306
52 459
52 509
52 658
53 232
53 321
53 502
53 571
53 607
53 656
53 674
53 716
53 730
54 1
54 12
54 140
54 194
54 475
54 521
54 616
55 30
55 229
55 304
55 500
55 543
55 602
55 607
55 697
56 198
56 333
56 525
56 712
56 717
56 747
57 172
57 202
57 257
57 412
57 520
57 527
57 733
58 132
58 134
58 187
58 432
58 483
59 25
59 68
59 199
59 424
59 469
59 483
59 641
59 689
60 213
60 606
60 696
61 152
61 626
62 333
62 389
62 533
62 572
62 614
62 666
62 716
63 120
63 187
63 189
63 308
63 509
63 581
63 593
63 600
63 608
63 612
64 74
64 277
64 353
64 607
65 55
65 74
65 147
65 347
65 369
65 541
65 561
65 562
65 696
66 35
66 348
66 366
66 372
66 478
66 513
66 548
66 604
67 109
67 216
67 227
67 563
67 651
67 745
68 38
68 122
68 245
68 309
68 465
68 585
68 666
69 122
69 217
69 280
69 386
70 266
70 553
70 696
70 723
70 742
71 41
71 218
71 280
71 367
72 60
72 245
72 294
72 590
72 700
72 727
73 82
73 574
73 614
74 453
75 265
75 365
75 523
75 551
76 66
76 137
76 193
76 251
76 428
76 502
76 547
76 635
77 105
77 193
77 477
77 668
77 742
78 655
79 126
79 160
79 361
79 392
79 462
79 642
79 727
80 35
80 168
80 240
80 311
80 482
80 519
80 589
81 15
81 89
81 209
81 368
82 60
82 243
82 430
82 614
83 328
83 439
83 523
84 706
85 250
86 7
86 10
86 106
86 182
86 537
86 591
87 104
87 320
87 352
87 519
87 538
87 623
87 732
87 748
88 116
88 130
88 207
88 582
89 6
89 159
89 241
89 326
89 539
89 593
89 694
90 10
90 218
90 290
90 327
90 511
90 725
91 35
91 58
91 168
91 536
91 583
91 671
91 681
92 3
92 34
92 119
92 216
92 359
92 437
92 671
93 194
93 199
93 235
93 332
93 704
93 720
93 735
94 171
94 424
94 430
94 459
94 496
94 530
94 551
95 458
95 541
95 549
95 556
95 644
95 675
96 251
96 464
96 541
96 621
96 634
96 675
97 31
97 121
97 317
97 460
97 663
98 80
98 149
98 311
98 339
98 365
98 473
98 525
98 717
99 46
99 51
99 188
99 261
99 299
99 538
100 258
100 463
101 61
101 297
101 439
101 461
101 601
101 619
101 748
102 88
102 132
102 163
102 374
102 687
103 101
103 120
103 154
103 330
103 422
103 467
104 47
104 76
104 344
104 511
104 606
104 644
104 711
105 23
105 621
106 33
106 39
106 282
106 497
107 47
107 436
107 691
108 39
108 173
108 206
108 409
108 461
108 563
109 2
109 32
109 293
109 308
109 530
109 723
110 248
110 254
110 358
110 431
110 441
110 507
110 689
110 700
111 13
111 89
111 221
111 323
111 634
112 364
112 377
112 499
112 570
112 706
113 20
113 126
113 142
113 159
113 614
113 652
113 669
113 750
114 169
114 302
114 360
114 505
114 522
114 715
114 742
115 28
115 46
115 107
115 374
115 410
115 512
115 571
115 644
116 303
116 342
116 438
116 472
116 613
117 254
117 389
117 436
117 444
117 542
117 550
117 715
118 1
118 344
118 353
118 439
118 514
118 646
119 140
119 191
119 241
119 365
119 368
119 690
120 6
120 56
120 102
120 105
120 136
120 137
120 233
120 318
120 330
120 360
120 374
120 409
120 507
121 64
121 131
121 213
121 267
121 417
121 600
122 51
122 153
122 195
122 288
122 348
122 692
122 746
123 67
123 122
123 402
123 659
124 112
124 174
124 261
125 33
125 50
125 238
125 714
125 750
126 237
126 669
126 709
127 9
127 237
127 539
127 634
127 648
127 712
128 8
128 356
128 404
128 489
128 490
128 504
129 76
129 214
129 250
129 452
129 475
129 574
129 616
129 623
129 705
130 223
130 541
130 620
131 9
131 25
131 75
131 237
131 252
131 350
131 466
131 544
131 681
131 692
131 734
132 121
132 202
132 408
133 50
133 234
133 678
133 698
134 311
134 407
134 558
134 668
135 17
135 162
135 280
135 451
135 470
135 525
135 669
135 711
136 109
136 208
136 228
136 291
136 430
136 454
137 119
137 162
137 255
137 295
137 305
137 359
137 475
137 581
137 668
137 736
138 151
138 293
138 352
138 362
138 490
138 500
138 560
138 687
139 50
139 188
139 201
139 220
139 315
139 317
139 404
139 445
140 142
140 302
140 375
140 449
140 550
140 602
140 603
140 747
141 28
141 116
141 174
141 278
141 619
141 678
142 336
142 388
142 587
143 16
143 49
143 185
143 633
143 683
143 702
144 123
144 223
144 530
144 608
145 58
145 74
145 163
145 218
145 276
146 137
146 239
146 285
146 311
146 342
146 368
146 369
146 409
146 490
146 555
146 562
146 669
147 55
147 61
147 171
147 172
147 175
147 188
147 231
147 328
147 388
147 653
148 56
148 154
148 163
148 263
148 321
148 485
148 504
148 519
148 583
149 83
149 98
149 243
149 294
149 448
149 544
149 649
149 719
150 409
150 629
151 43
151 232
151 449
151 472
151 691
152 104
152 268
152 332
152 389
152 667
152 691
152 743
153 60
153 302
153 388
153 525
153 569
153 644
154 91
154 180
154 227
154 441
154 474
154 637
154 735
154 738
154 746
155 65
155 83
155 283
155 463
155 635
155 667
155 731
156 53
156 390
156 401
156 749
157 585
157 606
157 708
158 5
158 124
158 246
158 297
158 363
159 62
159 205
159 457
159 535
159 602
159 667
160 436
160 518
160 573
161 88
161 186
161 238
161 253
161 304
161 355
161 402
161 408
161 727
162 150
162 266
162 446
162 500
162 713
162 748
163 9
163 104
163 157
163 186
163 194
163 268
163 434
163 483
163 567
163 607
163 610
163 631
164 64
164 209
164 270
164 430
164 580
164 669
164 748
165 110
165 240
165 373
165 656
166 187
166 279
166 280
166 431
166 542
166 702
167 18
167 127
167 150
167 557
167 604
168 251
168 457
168 472
168 503
168 582
168 618
169 2
169 217
169 219
169 510
169 621
170 25
170 45
170 256
170 628
170 646
170 664
171 34
171 85
171 174
171 196
171 407
171 554
171 562
171 685
172 113
172 220
172 235
172 419
172 628
172 643
172 662
172 701
173 16
173 109
173 299
173 361
173 691
174 27
174 36
174 223
174 235
174 269
174 324
174 382
174 707
175 86
175 467
175 587
175 645
175 678
176 217
176 279
176 458
176 498
176 587
176 625
176 634
176 640
176 748
177 138
177 170
177 242
177 414
177 460
177 609
177 618
177 693
177 698
177 729
178 201
178 369
178 712
179 139
179 464
179 470
179 474
179 494
179 546
179 624
179 691
179 737
179 745
180 385
180 502
180 572
180 607
180 629
180 666
180 719
181 102
181 309
181 407
181 433
181 514
181 547
181 727
182 54
182 100
182 275
182 349
182 470
183 41
183 234
183 241
183 386
183 629
183 641
184 101
184 302
184 341
184 531
185 95
185 248
185 368
185 384
185 501
185 533
186 168
186 251
186 387
187 598
187 719
188 61
188 89
188 108
188 132
188 157
188 164
188 250
188 256
188 262
188 449
189 214
189 278
189 316
189 328
189 331
189 346
189 405
189 412
189 504
190 56
190 210
190 335
190 449
190 587
190 612
191 114
191 327
191 410
191 415
191 416
191 421
191 525
191 576
191 627
191 690
192 94
192 352
192 399
192 519
192 526
192 542
192 567
192 630
193 31
193 111
193 348
193 509
193 651
194 206
194 445
194 565
195 141
195 145
195 322
195 506
195 573
195 590
195 626
195 694
196 352
196 404
196 515
196 681
196 714
197 78
197 136
197 250
197 349
197 401
197 486
197 523
197 555
197 571
197 605
197 608
197 682
198 86
198 131
198 415
198 468
198 714
199 229
199 310
199 510
199 591
199 633
200 496
200 640
200 697
201 58
201 169
201 267
201 282
201 492
201 514
201 522
201 575
201 603
201 615
201 624
201 696
202 33
202 116
202 161
202 317
202 326
202 364
202 446
202 512
202 573
202 698
202 706
203 196
203 710
204 102
204 315
204 334
204 358
204 403
204 495
204 710
205 231
205 249
205 417
205 712
205 726
206 167
206 190
206 225
206 446
206 477
207 65
207 195
207 343
207 362
207 413
207 466
207 471
207 706
208 135
208 159
208 337
208 473
208 537
208 589
208 624
208 630
209 71
209 350
209 583
210 69
210 231
210 282
210 423
210 678
210 685
211 3
211 274
211 480
212 86
212 130
212 182
212 200
212 274
212 398
212 434
212 469
212 471
212 482
212 484
212 679
212 688
213 69
213 170
213 356
213 681
215 40
215 80
215 318
215 429
215 487
215 726
215 743
215 745
216 17
216 88
216 205
216 462
216 607
216 707
216 729
217 40
217 218
217 221
217 264
217 343
217 410
217 431
217 551
217 594
218 23
218 24
218 94
218 163
218 390
218 556
218 624
218 732
219 35
219 62
219 141
219 316
219 418
219 566
220 77
220 202
220 298
220 299
220 436
220 474
220 497
220 633
220 683
221 219
221 245
221 406
221 445
221 514
221 522
221 568
222 423
222 451
222 573
223 667
224 399
224 481
224 562
224 648
225 5
225 23
225 60
225 223
225 376
225 383
225 475
225 596
225 621
225 631
226 41
226 68
226 113
226 304
226 361
226 619
227 7
227 88
227 130
227 147
227 211
227 310
227 449
227 493
227 707
228 167
228 353
228 435
228 656
229 277
229 353
229 364
229 410
230 94
230 397
230 429
230 495
230 639
231 205
231 448
231 714
232 107
232 363
232 405
232 406
232 519
232 587
232 738
233 126
233 272
233 292
233 350
233 484
234 39
234 694
235 18
235 43
235 147
235 212
235 269
235 718
236 12
236 249
236 252
236 319
236 512
236 535
236 662
237 84
237 122
237 138
237 311
237 433
237 538
237 554
237 725
238 62
238 174
238 350
238 384
238 535
239 119
239 189
239 223
239 374
239 458
239 614
240 30
240 246
240 394
240 414
241 8
241 236
241 407
241 519
241 590
241 710
242 16
242 217
242 278
242 551
243 109
243 214
243 237
243 322
244 57
244 91
244 103
244 179
244 367
245 26
245 151
245 301
245 464
245 487
245 518
245 706
245 737
246 85
246 230
246 235
246 260
246 279
246 300
246 400
246 491
246 662
247 183
247 221
247 409
247 527
247 565
247 574
247 604
247 734
248 23
248 126
248 175
248 339
248 433
248 479
248 687
249 13
249 101
249 200
249 584
249 643
249 662
250 176
250 280
250 295
250 449
250 493
250 608
250 669
251 89
251 254
251 342
251 486
251 549
251 665
251 693
251 706
252 33
252 174
252 374
253 138
253 445
253 595
253 664
253 750
254 226
254 322
254 323
254 547
254 596
254 631
254 738
255 86
256 64
256 339
256 344
256 443
256 638
257 99
257 220
257 384
257 438
257 627
257 686
257 730
258 80
258 106
258 448
258 675
259 336
259 348
259 407
259 636
260 76
260 101
260 230
260 350
260 434
261 125
261 185
261 458
262 225
262 423
262 743
263 178
263 232
263 327
263 412
263 415
263 498
264 350
264 354
264 492
264 627
264 730
265 143
265 221
265 326
265 570
265 709
265 720
265 739
266 597
267 82
267 177
267 308
267 341
267 450
268 118
268 134
268 213
268 281
268 326
268 557
268 593
268 729
269 76
269 149
269 195
269 297
269 342
269 394
269 409
269 501
269 529
269 630
269 658
269 722
270 93
270 168
270 171
270 230
270 344
270 399
270 545
270 738
271 228
271 284
271 427
271 473
271 632
271 710
272 155
272 251
272 265
272 402
272 568
272 628
273 167
273 226
273 277
273 374
273 530
274 119
274 153
274 185
274 233
274 235
274 610
274 731
275 132
275 261
275 408
276 387
276 449
276 672
277 19
277 482
277 611
278 246
278 315
278 475
278 571
278 613
278 615
278 669
279 102
279 104
279 197
279 386
279 524
279 606
279 647
279 660
279 726
280 329
280 344
280 367
280 474
280 664
281 100
281 237
281 396
281 644
282 28
282 97
282 217
282 411
282 459
282 528
282 630
282 687
282 721
282 722
283 136
283 362
283 580
284 148
284 326
284 573
284 607
284 729
285 207
285 320
285 489
285 518
286 63
286 124
286 132
286 248
286 517
286 554
286 631
286 660
286 718
286 728
287 9
287 148
287 233
287 243
287 280
287 439
287 574
287 613
287 643
288 217
288 265
288 511
288 735
289 298
289 302
289 430
289 454
289 611
289 625
289 694
289 703
289 737
290 81
290 132
290 391
290 525
290 559
290 624
291 1
291 64
291 82
291 198
291 243
291 542
291 547
292 213
292 434
293 57
293 130
293 208
293 286
293 395
293 427
293 434
293 459
293 529
293 574
293 586
293 589
293 710
294 39
294 339
295 94
295 142
295 143
295 330
295 428
295 551
295 568
295 693
295 714
296 10
296 85
296 365
296 531
297 163
297 166
297 206
297 315
297 327
297 546
297 616
297 641
297 679
297 723
298 11
298 115
298 307
298 408
298 437
299 196
299 283
299 652
300 196
300 357
300 487
300 693
301 22
301 31
301 73
301 233
301 307
301 560
301 650
302 249
302 325
302 671
303 45
303 88
303 139
303 250
303 417
303 464
303 656
303 695
303 724
304 40
304 395
304 481
304 591
304 704
305 7
305 283
305 304
305 366
305 417
305 455
305 544
306 82
306 98
306 100
306 286
306 303
306 482
306 512
306 530
307 26
307 69
307 143
307 367
307 408
307 410
307 440
307 680
308 11
308 46
308 107
308 218
308 296
308 309
308 666
309 42
309 105
309 187
309 371
309 419
309 648
310 127
310 227
310 248
310 417
310 746
311 3
311 79
311 148
311 203
311 310
311 523
311 569
312 10
312 80
312 228
312 273
312 643
312 645
312 694
312 700
313 160
313 441
314 6
314 241
314 334
315 154
315 207
315 289
315 313
315 741
316 209
316 254
316 328
316 438
316 566
316 734
317 315
317 740
318 198
318 300
318 317
318 476
318 554
318 656
318 687
319 118
319 207
319 230
319 379
319 409
319 410
319 457
319 537
319 660
320 76
320 269
320 340
320 357
320 364
320 455
320 550
320 643
321 301
321 441
321 522
322 51
322 55
322 57
322 181
322 222
322 365
322 399
323 29
323 38
323 84
323 88
323 253
323 335
323 409
323 487
323 517
323 741
324 87
324 133
324 326
324 334
324 377
324 453
325 90
325 137
325 198
325 271
325 298
325 446
325 466
325 503
325 555
325 665
325 685
326 105
326 234
326 276
326 310
326 425
326 481
326 681
327 48
327 190
327 601
327 663
328 8
328 91
328 135
328 188
328 421
328 428
328 445
328 647
329 194
330 202
330 234
330 282
330 333
330 410
330 497
330 502
330 618
330 654
330 740
331 552
332 137
332 186
332 610
333 22
333 96
333 162
333 311
333 391
333 501
333 664
333 726
334 57
334 260
334 327
334 566
334 613
334 687
334 702
335 71
335 117
335 395
335 404
335 413
335 436
335 525
336 208
336 399
336 422
336 428
336 556
336 652
336 733
336 741
337 133
337 146
337 261
337 364
337 492
338 220
338 383
338 419
338 461
338 469
338 499
338 715
338 729
339 224
339 395
339 472
339 628
339 691
339 720
340 132
340 301
340 342
340 357
340 544
340 573
340 579
340 680
340 750
341 26
341 393
341 459
342 125
342 132
342 179
342 246
342 286
342 414
342 648
343 70
343 318
343 395
343 513
343 526
343 577
343 620
344 24
344 42
344 89
344 177
344 228
344 332
344 465
344 600
345 43
345 140
345 206
345 242
345 351
345 382
345 480
345 585
345 646
345 655
345 660
346 224
346 359
346 468
346 488
346 646
346 736
347 26
347 125
347 224
347 306
347 321
347 396
347 486
347 740
348 59
348 78
348 107
348 320
348 378
348 489
348 653
349 115
349 123
349 252
349 323
349 597
349 730
350 66
350 72
350 110
350 324
350 412
350 629
351 44
351 64
351 212
351 403
351 432
351 478
351 486
351 489
352 49
352 55
352 642
353 55
353 144
353 191
353 344
353 346
353 369
353 471
353 698
353 729
354 89
354 121
355 194
355 213
355 250
355 544
355 743
356 47
356 347
356 524
356 671
356 709
357 151
357 308
357 346
357 370
357 631
357 638
358 64
358 145
358 211
358 225
358 299
358 343
358 616
358 664
358 676
358 696
359 30
359 128
359 152
359 157
359 300
359 402
360 14
360 337
360 372
360 498
360 557
360 625
361 66
361 259
361 400
361 468
361 557
361 606
361 689
362 72
362 188
362 470
362 486
362 563
363 109
363 249
363 277
363 352
363 360
364 58
364 103
364 312
364 370
364 468
364 562
364 569
364 573
364 606
364 731
365 17
365 453
365 588
366 39
366 194
366 400
366 459
366 572
367 196
367 282
367 451
367 608
367 610
368 386
368 468
368 523
368 579
368 621
368 709
369 18
369 34
369 212
369 265
369 275
369 374
369 421
369 734
370 337
370 346
370 508
370 716
370 733
371 82
371 317
371 513
371 557
371 666
372 149
372 346
372 456
372 474
372 577
372 613
372 713
373 128
373 569
374 236
374 484
374 527
375 142
375 157
375 243
375 309
375 354
376 198
376 212
376 527
376 543
376 556
376 661
377 281
377 295
377 465
378 10
378 481
378 674
379 39
379 212
379 641
380 1
380 168
380 283
381 191
381 284
381 342
381 539
381 588
382 104
382 190
382 309
382 366
382 445
382 631
383 26
383 187
383 240
383 274
383 309
383 352
383 382
383 433
384 27
384 244
384 266
384 349
384 414
384 565
384 737
385 187
385 278
385 356
385 422
385 519
385 558
385 709
385 735
386 103
386 145
386 190
386 328
386 411
386 535
386 634
386 714
387 90
387 222
387 271
387 380
387 503
387 513
387 544
387 548
387 724
387 750
388 177
388 301
388 418
388 430
388 538
388 572
388 629
388 651
388 748
389 138
389 156
389 536
389 671
389 716
390 30
390 131
390 372
390 439
390 676
391 107
391 460
391 581
391 594
391 622
391 682
392 13
392 23
392 37
392 95
392 165
392 197
392 245
392 408
392 552
393 1
393 67
393 296
393 410
393 453
393 542
393 558
393 562
393 650
393 724
394 101
394 389
394 487
394 603
394 692
394 723
395 36
395 280
395 540
396 95
396 243
396 362
396 421
396 645
396 658
397 115
397 119
397 184
397 189
397 304
397 585
398 120
398 126
399 109
399 121
399 141
399 229
399 279
399 455
399 477
399 596
400 643
400 720
400 721
401 28
401 117
401 162
401 293
401 391
401 403
401 713
402 5
402 13
402 83
402 511
402 702
403 208
403 301
403 350
403 466
403 518
403 607
403 615
403 720
403 728
403 750
404 34
404 250
404 342
404 485
404 627
404 715
405 30
405 74
405 153
405 326
405 356
406 157
406 190
406 416
406 534
406 653
406 660
406 695
407 167
407 216
407 263
407 398
407 540
407 581
408 22
408 339
408 430
408 481
408 586
409 108
409 138
409 543
409 641
410 187
410 213
410 459
410 621
410 662
410 739
411 21
411 234
411 292
411 325
411 471
411 621
412 192
412 209
412 216
412 391
412 397
412 477
412 507
412 548
412 640
413 270
413 284
413 316
413 468
413 571
413 599
413 639
413 744
414 170
414 219
414 448
415 25
415 153
415 303
415 394
415 424
415 711
416 39
416 60
416 128
416 198
416 292
417 358
417 453
417 490
417 559
417 641
418 188
418 259
418 554
418 616
418 687
419 42
419 58
419 200
419 314
419 469
419 479
419 496
419 533
419 552
420 103
420 389
420 393
420 451
421 277
421 375
421 389
421 452
421 482
421 655
422 261
422 276
422 350
422 656
422 736
423 37
423 605
423 612
423 618
423 676
423 709
424 81
424 218
424 479
424 605
424 690
425 157
425 214
425 706
426 95
426 172
426 405
426 564
427 15
427 143
427 263
427 373
427 402
427 476
427 488
427 508
427 587
427 628
427 651
427 742
427 743
428 141
428 219
428 333
428 400
428 654
429 94
429 98
429 111
429 138
429 356
429 449
429 572
430 8
430 19
430 77
430 313
430 373
430 578
431 87
431 279
431 446
431 496
432 6
432 45
432 146
432 467
432 578
432 628
432 690
432 702
432 714
433 117
433 217
433 236
433 311
433 535
433 601
433 630
433 665
434 99
435 162
435 524
435 595
435 705
435 748
436 39
436 251
436 482
436 586
436 729
437 20
437 354
438 54
438 73
438 102
438 159
438 273
438 409
438 682
439 212
439 293
439 356
439 431
439 586
439 609
440 27
440 165
440 405
440 578
440 622
441 152
441 198
441 730
442 61
442 82
442 136
442 146
442 232
442 617
442 623
442 687
443 225
443 301
443 329
443 368
443 374
443 616
443 711
443 746
444 153
444 530
444 556
444 676
444 709
445 170
445 176
445 363
445 664
445 693
446 83
446 115
446 213
446 226
446 268
446 333
446 373
446 538
446 555
446 749
447 90
447 303
447 367
447 411
447 523
447 557
448 19
448 123
448 380
448 654
448 712
449 233
449 561
449 683
450 81
450 107
450 192
450 195
450 223
450 230
450 351
451 183
451 208
451 271
451 296
451 358
451 541
452 134
452 199
452 259
452 428
452 438
452 613
453 281
454 7
454 221
454 254
454 476
455 158
455 223
455 422
455 541
455 606
455 673
456 131
456 247
456 343
456 510
456 574
457 41
457 71
457 108
457 169
457 177
457 180
457 403
457 551
457 640
457 651
458 408
458 417
458 534
458 549
458 591
458 614
459 63
459 101
459 575
459 632
460 92
460 133
460 169
460 176
460 205
460 263
460 264
460 330
460 405
460 600
460 605
460 688
461 5
461 68
461 168
461 248
461 357
461 543
461 649
461 657
462 135
462 210
462 323
462 343
462 516
462 576
462 594
462 676
463 202
463 388
463 554
463 577
463 676
463 688
464 4
464 86
464 304
464 429
464 530
464 624
464 648
464 683
465 746
466 109
466 122
466 181
466 207
466 338
466 471
466 544
466 713
468 76
468 122
468 162
468 596
468 713
469 113
469 248
469 444
469 641
469 695
469 707
470 50
470 124
470 341
470 577
471 16
471 42
471 64
471 211
471 346
471 358
471 655
471 750
472 43
472 363
472 468
472 528
472 681
472 686
473 65
473 282
473 441
473 683
474 2
474 143
474 290
474 703
475 23
475 224
475 344
475 508
475 581
476 273
476 338
476 448
476 525
476 645
477 12
477 549
477 632
477 731
477 750
478 28
478 41
478 101
478 171
478 225
478 398
478 530
478 685
479 163
479 292
479 425
479 719
480 59
480 122
480 305
480 453
480 475
480 667
480 749
481 83
481 154
481 203
481 323
482 33
482 50
482 91
482 112
482 310
482 438
483 239
483 362
483 378
483 423
483 460
483 557
483 570
483 734
484 249
484 330
484 442
484 495
484 509
484 590
485 72
485 232
485 328
485 334
485 388
485 603
486 18
486 299
486 382
486 409
486 585
486 626
486 670
486 734
487 229
487 429
487 434
487 492
487 620
488 7
488 125
488 384
488 413
488 448
488 663
488 726
488 737
489 7
489 38
489 184
489 362
489 385
489 642
490 98
490 195
490 495
490 561
490 609
490 636
490 656
491 30
491 117
491 260
491 394
491 396
491 603
491 707
492 32
492 75
492 214
492 221
492 256
492 269
492 284
492 304
492 310
492 488
492 507
492 538
492 632
492 663
492 750
493 237
493 321
493 364
493 544
493 722
494 527
494 713
495 361
495 475
496 196
496 338
496 347
496 377
496 504
497 545
497 591
497 704
498 19
498 392
498 479
498 640
499 449
499 586
499 694
500 464
500 539
501 148
501 189
501 201
501 280
501 306
501 511
501 540
502 137
502 170
502 207
502 231
502 368
502 428
503 161
503 380
503 417
503 491
503 529
503 588
503 695
503 721
504 14
504 179
505 160
505 260
505 274
505 338
505 497
506 26
506 224
506 299
506 466
506 527
506 663
507 30
507 53
507 55
507 293
507 363
507 477
507 647
507 700
508 18
508 184
508 311
508 343
508 576
508 732
509 50
509 100
509 295
509 365
509 571
509 691
510 47
510 64
510 189
510 449
510 619
510 637
510 665
510 667
511 49
511 121
511 178
511 420
511 738
512 68
512 439
512 587
512 590
512 705
513 6
513 512
513 540
513 544
513 639
514 6
514 18
514 30
514 67
514 200
514 382
514 651
515 174
515 707
515 745
516 214
516 237
516 318
516 350
516 394
516 443
517 156
517 168
518 48
518 120
518 269
518 382
518 531
518 629
518 670
518 727
519 48
519 155
519 216
519 251
519 474
519 477
520 38
520 368
520 404
520 503
521 1
521 18
521 25
521 77
521 116
521 268
521 389
521 638
521 641
522 36
522 114
522 218
522 265
522 534
522 594
522 656
523 123
523 146
523 165
523 192
523 224
523 515
523 649
523 678
523 696
523 725
524 180
524 304
524 353
524 446
524 534
525 93
525 113
525 160
525 184
525 224
525 282
525 354
525 496
526 88
526 269
526 422
526 425
526 618
527 95
527 141
527 459
527 648
527 691
527 718
528 70
528 233
528 315
528 462
528 664
528 679
529 93
529 132
529 169
529 200
529 212
529 247
529 347
529 456
529 691
530 2
530 50
530 62
530 219
530 293
530 409
530 465
531 99
531 461
531 479
531 481
531 631
531 689
532 8
532 131
532 182
532 286
532 300
532 314
532 357
532 370
532 411
532 728
533 58
533 164
533 191
533 506
533 682
534 173
534 243
534 245
534 352
534 620
534 635
535 297
535 444
535 567
535 687
535 706
535 747
536 21
536 88
536 98
536 575
536 679
536 714
537 5
537 24
537 26
537 230
537 452
537 462
538 62
538 197
538 272
538 339
538 522
538 688
539 112
539 149
539 445
540 52
540 67
540 169
540 228
540 249
540 303
540 421
540 609
540 678
540 682
540 708
541 69
541 174
541 276
541 613
541 641
541 696
542 466
542 549
542 631
542 635
542 746
543 491
543 535
543 586
543 631
543 727
544 152
544 402
544 418
544 444
544 724
545 163
545 367
545 410
545 509
545 680
545 681
546 3
546 14
546 118
546 383
546 455
546 543
546 640
546 652
547 274
547 296
547 406
547 421
547 712
547 748
548 58
548 192
548 455
548 535
548 540
548 708
549 54
549 285
549 406
549 614
550 87
550 125
550 394
550 406
550 680
550 750
551 3
551 32
551 67
551 453
551 618
551 662
551 665
552 52
552 137
552 386
552 517
552 561
552 580
552 596
552 665
552 743
553 33
553 101
553 308
553 450
553 617
553 655
553 710
554 96
554 99
554 125
554 174
554 211
554 349
554 422
554 454
554 475
554 559
554 744
555 97
555 141
555 260
555 286
555 331
555 384
555 623
555 744
556 111
556 118
556 196
556 351
556 386
556 698
557 286
557 301
557 379
557 385
557 486
557 488
558 103
558 164
558 436
558 450
558 723
559 11
559 144
559 263
559 284
559 304
559 351
559 468
559 539
559 570
560 130
560 143
560 422
560 480
560 585
560 667
561 2
561 21
561 77
561 247
561 332
561 364
561 473
561 539
561 560
561 629
561 632
562 176
562 194
562 213
562 391
563 72
563 606
563 735
564 31
564 170
564 202
564 318
564 450
564 487
564 500
564 521
564 631
564 688
565 36
565 165
565 221
565 688
565 704
566 86
566 315
566 493
566 666
567 59
567 91
567 124
567 212
567 361
567 651
568 85
568 164
568 178
568 457
568 509
568 527
569 7
569 26
569 213
569 237
569 250
569 283
569 371
569 693
569 716
569 748
570 156
570 267
570 292
570 614
570 675
571 17
571 68
571 153
571 172
571 178
572 225
572 231
572 371
572 391
572 552
573 83
573 188
573 236
573 525
573 535
573 631
573 641
573 739
574 72
574 273
574 347
574 436
574 486
574 722
574 739
575 74
575 302
575 483
576 186
576 686
577 69
577 153
577 173
577 211
577 236
577 659
578 295
578 299
578 539
578 685
579 55
579 365
579 437
579 491
579 582
579 731
580 243
580 366
580 749
581 8
581 35
581 126
581 163
581 269
581 384
581 451
581 474
581 486
581 521
581 549
581 558
581 629
581 633
581 643
582 101
582 244
582 246
582 640
582 657
583 74
583 403
584 14
584 131
584 132
584 434
584 471
585 184
585 312
585 340
585 391
585 453
585 459
585 511
585 731
586 128
586 482
586 492
586 515
586 546
586 548
586 746
587 46
587 88
587 145
587 152
587 177
587 236
587 331
587 459
587 499
587 609
587 651
587 719
588 21
588 226
588 358
588 367
588 445
588 663
588 680
588 682
589 102
589 634
589 644
589 728
590 20
590 68
590 107
590 196
590 422
590 660
591 292
591 448
591 583
591 641
591 744
592 23
592 144
592 237
592 240
592 400
592 452
593 36
593 298
593 412
593 679
593 683
594 69
594 98
594 133
594 185
594 392
594 435
594 440
594 643
595 195
595 321
595 377
595 446
596 108
596 144
596 228
596 295
596 514
596 519
596 656
596 704
597 375
597 578
597 735
598 24
598 134
598 177
598 188
598 196
598 362
598 442
598 568
599 162
599 208
599 260
599 337
599 408
599 647
600 298
600 373
600 384
600 521
600 640
601 240
601 464
601 608
601 621
601 623
602 15
602 38
602 116
602 376
602 563
602 714
603 42
603 70
603 215
603 292
603 311
603 375
603 417
603 430
603 555
603 705
603 717
604 15
604 514
604 743
604 747
605 57
605 411
605 458
605 592
606 1
606 14
606 43
606 120
606 232
606 296
607 195
607 214
607 298
607 308
607 312
607 391
607 451
607 590
608 101
608 141
608 189
608 192
608 326
608 556
608 583
608 585
608 679
609 133
609 159
609 277
609 405
609 481
609 532
610 85
610 112
610 225
610 323
610 415
610 419
610 747
611 42
611 201
611 241
611 426
612 606
612 670
612 718
612 734
613 26
613 184
613 267
613 301
613 458
614 209
614 315
614 391
614 505
614 627
615 131
615 251
615 460
615 529
615 658
615 706
616 92
616 183
616 390
616 395
616 413
616 626
616 680
616 694
617 181
617 197
617 308
617 737
618 28
618 339
618 387
618 470
618 586
618 677
619 10
619 51
619 454
619 614
620 11
620 217
620 700
621 26
621 211
621 525
621 549
621 577
621 646
621 651
621 665
622 136
622 243
622 299
622 529
622 656
623 121
623 276
623 304
623 400
623 465
623 523
623 555
623 716
623 722
623 728
623 730
624 49
624 123
624 321
624 377
624 643
625 189
625 366
625 389
625 471
625 492
625 565
625 642
626 260
626 707
626 738
627 245
627 303
627 397
627 446
627 505
627 506
627 541
627 602
627 703
628 74
628 256
628 422
628 636
629 42
629 95
629 140
629 405
629 457
629 534
629 559
629 633
630 27
630 37
630 82
630 365
630 391
630 658
631 175
631 290
631 484
631 639
632 92
632 442
632 639
632 677
633 13
633 20
633 332
633 603
633 729
634 198
634 389
634 414
634 482
635 315
635 515
635 654
635 744
636 4
636 94
636 117
636 267
636 282
636 315
636 371
636 448
636 482
637 239
637 388
637 390
637 583
637 609
637 630
637 735
638 15
638 472
638 516
638 682
638 694
639 80
639 140
639 160
639 440
639 471
639 519
640 301
640 490
640 646
640 687
640 738
641 42
641 114
641 175
642 114
642 146
642 576
642 624
642 633
642 710
643 493
643 594
643 609
644 50
644 334
644 388
644 431
644 504
644 505
644 523
644 619
644 632
645 200
645 274
645 289
645 308
645 328
645 501
645 597
645 738
646 13
646 14
646 31
646 144
646 158
646 176
646 350
646 392
647 198
647 241
647 250
647 261
647 331
647 552
648 21
648 162
648 176
648 308
648 414
648 443
648 716
649 139
649 156
649 207
649 334
649 342
649 462
649 576
649 632
649 676
649 715
650 182
650 353
650 355
650 486
650 545
650 550
650 607
651 91
651 243
651 264
651 461
651 485
651 488
651 586
651 720
652 69
652 108
652 160
652 575
652 608
652 645
652 662
652 700
653 40
653 124
653 313
653 493
653 682
654 33
654 103
654 139
654 322
654 399
654 518
654 600
655 137
655 172
655 181
655 314
655 544
655 569
655 617
656 79
656 522
656 723
657 77
657 109
657 163
657 204
657 297
657 455
657 617
658 163
658 309
658 343
658 693
659 24
659 190
659 228
659 683
659 715
659 747
660 101
660 203
660 546
660 551
660 555
660 564
660 746
661 305
661 372
661 614
662 396
662 609
663 218
663 478
663 552
663 566
663 725
663 748
663 750
664 304
664 415
664 681
664 696
665 2
665 108
665 373
666 1
666 375
667 123
667 219
667 364
667 527
667 651
668 101
668 113
668 142
668 523
668 573
668 600
668 607
668 726
669 233
669 250
669 298
669 334
669 649
669 742
670 19
670 281
670 322
670 354
670 456
670 624
670 663
670 695
671 70
671 124
671 337
671 643
671 684
672 90
672 234
672 299
672 300
672 549
672 635
672 723
673 151
673 464
673 578
673 686
673 699
674 381
674 448
675 152
675 261
675 265
675 334
675 539
675 585
676 115
676 163
676 384
676 555
677 51
677 112
677 113
677 324
677 344
677 696
678 237
678 376
678 521
678 744
679 53
679 325
679 370
679 432
679 585
680 19
680 20
680 77
680 103
680 365
680 488
680 537
680 681
681 569
682 111
682 115
682 137
682 254
682 509
682 622
683 369
683 505
684 5
684 43
684 269
684 399
684 521
685 44
685 212
685 485
685 701
686 180
686 244
686 417
686 434
686 462
686 567
686 578
686 709
687 4
687 123
688 179
688 195
688 218
688 265
688 280
688 482
688 493
688 609
689 84
689 120
689 122
689 372
689 380
689 476
689 591
690 90
690 559
690 682
691 40
691 251
691 689
692 139
692 311
692 493
692 518
692 531
693 71
693 154
693 382
694 76
694 256
694 321
694 670
695 133
695 344
695 366
695 369
695 376
695 412
695 606
695 737
696 35
696 44
696 281
696 427
696 433
696 567
696 693
697 24
697 173
697 237
697 483
697 491
697 558
697 578
697 664
697 700
698 80
698 276
698 413
698 509
698 647
699 3
699 149
699 163
699 202
699 334
699 479
699 560
700 244
700 346
700 568
700 578
700 678
701 64
701 147
701 232
701 292
701 495
701 604
701 728
701 744
702 99
702 163
702 263
702 617
702 671
703 95
703 185
703 534
703 580
703 599
703 660
703 673
703 682
704 56
704 185
704 301
704 402
704 495
704 551
704 622
704 665
704 730
705 57
705 111
705 127
705 191
705 633
706 18
706 47
706 73
706 227
706 253
706 369
706 544
706 551
706 558
706 620
706 680
707 79
707 153
707 392
707 489
707 635
707 676
708 164
708 165
708 332
708 361
708 479
708 549
708 709
709 160
709 514
709 613
709 631
710 98
710 269
710 302
710 492
710 719
711 96
711 129
711 182
711 307
711 348
711 360
711 676
711 683
712 24
712 186
712 233
712 294
712 325
713 210
713 217
713 256
713 293
713 456
713 459
713 490
713 743
714 92
714 262
714 450
714 647
715 207
715 262
715 609
715 645
715 717
715 741
716 189
716 363
716 368
716 397
716 619
716 644
717 280
717 331
717 395
717 433
717 549
717 728
718 216
718 558
718 621
719 17
719 386
719 438
719 676
720 68
720 123
720 147
720 599
721 242
721 376
721 602
721 603
721 673
721 711
722 369
722 474
722 648
723 37
723 56
723 84
723 290
723 338
723 436
723 454
723 693
723 715
723 732
724 232
724 437
724 505
725 9
725 25
726 31
726 148
726 169
726 208
726 447
726 592
726 668
727 49
727 69
727 202
727 262
727 390
727 392
727 430
727 456
727 621
727 682
728 66
728 398
728 511
728 716
729 262
729 368
729 431
729 627
729 733
730 94
730 119
730 173
730 377
730 392
730 545
730 706
731 220
731 280
731 436
731 601
731 623
731 748
732 13
732 316
732 598
732 638
733 589
734 146
734 273
734 355
735 238
735 353
735 483
735 523
735 636
736 37
736 141
736 286
736 353
736 408
736 453
736 552
736 731
737 30
737 144
737 238
737 317
737 428
737 653
738 68
738 117
738 193
738 207
738 518
738 686
739 50
739 125
739 306
739 307
739 554
739 559
739 640
739 647
739 737
740 227
740 393
740 476
740 593
740 610
741 157
741 191
741 245
741 315
741 317
741 358
741 400
741 458
741 518
741 538
741 571
741 689
742 149
742 543
742 698
743 1
743 3
743 132
743 213
743 274
743 384
743 503
743 516
743 680
744 22
744 138
744 409
744 463
744 553
745 90
745 150
745 244
745 318
745 508
745 576
745 632
745 650
745 659
745 705
746 143
746 146
746 322
746 329
746 339
746 503
746 566
746 640
746 731
747 34
747 71
747 102
747 113
747 478
748 66
748 180
748 467
748 515
748 645
748 740
749 327
749 431
750 282
750 309
750 482
750 660
