750
7450
1 59
1 128
1 173
1 227
1 237
1 259
1 298
1 354
1 360
1 658
1 714
1 734
2 92
2 179
2 210
2 256
2 308
2 402
2 420
2 521
2 683
2 729
3 93
3 288
3 427
3 530
3 598
3 615
3 660
3 667
3 720
3 725
3 743
4 83
4 305
4 491
4 498
4 507
4 508
5 65
5 141
5 156
5 216
5 340
5 341
5 373
5 585
5 623
5 663
6 54
6 117
6 226
6 302
6 315
6 588
6 720
7 196
7 228
7 345
7 450
7 486
7 498
7 536
7 550
7 619
8 215
8 446
8 507
8 526
8 546
8 613
9 13
9 45
9 160
9 261
9 374
9 391
9 397
9 511
9 640
9 666
9 675
9 725
10 28
10 248
10 310
10 335
10 442
10 473
10 477
10 524
10 609
10 654
10 690
11 76
11 86
11 91
11 114
11 151
11 288
11 347
11 355
11 471
11 557
11 568
11 586
11 673
12 14
12 121
12 134
12 216
12 348
12 372
12 491
12 520
12 573
12 722
12 733
13 112
13 160
13 253
13 262
13 366
13 369
13 435
13 535
13 614
13 704
13 714
14 108
14 124
14 391
14 394
14 418
14 514
14 522
14 669
14 700
14 701
14 746
15 21
15 23
15 71
15 112
15 144
15 242
15 300
15 580
15 644
15 731
16 160
16 255
16 343
16 392
16 486
16 546
16 550
16 680
16 713
17 57
17 66
17 149
17 191
17 214
17 236
17 403
17 429
17 515
17 608
17 664
17 679
17 715
18 79
18 83
18 88
18 250
18 323
18 380
18 503
18 613
18 712
19 135
19 234
19 353
19 368
19 499
19 524
19 606
19 648
19 750
20 63
20 70
20 80
20 123
20 138
20 208
20 307
20 353
20 471
20 519
20 660
20 662
21 299
21 405
21 438
21 450
21 480
21 513
21 668
21 742
21 748
22 276
22 451
22 460
22 465
22 574
22 635
22 717
23 268
23 447
23 545
23 567
23 572
23 621
23 637
23 696
24 109
24 132
24 245
24 387
24 525
24 544
24 645
24 648
24 703
25 56
25 132
25 267
25 299
25 481
25 548
25 559
25 567
25 628
25 664
25 672
25 705
25 749
26 2
26 20
26 383
26 390
26 411
26 469
26 480
26 492
26 512
26 622
26 629
26 634
26 641
27 348
27 429
27 604
27 619
27 646
28 4
28 78
28 151
28 178
28 184
28 240
28 421
28 467
28 472
28 558
28 560
29 15
29 163
29 205
29 350
29 400
29 494
29 552
29 649
29 685
30 188
30 191
30 427
30 428
30 724
31 157
31 220
31 325
31 728
32 6
32 196
32 212
32 308
32 358
32 493
32 502
32 532
32 578
32 595
32 613
32 700
32 732
33 3
33 27
33 333
33 440
33 443
33 490
33 545
33 616
33 708
33 721
33 725
34 172
34 263
34 343
34 380
34 420
34 480
34 599
34 630
34 637
34 645
34 706
34 720
35 23
35 130
35 264
35 340
35 397
35 417
35 425
35 577
35 628
35 629
36 111
36 115
36 118
36 163
36 173
36 217
36 257
36 371
36 484
36 503
36 565
36 566
36 626
36 701
36 709
37 9
37 11
37 32
37 45
37 89
37 122
37 139
37 383
37 384
37 450
37 572
37 642
37 677
37 703
37 718
38 23
38 97
38 168
38 310
38 330
38 365
38 511
38 515
38 534
38 567
38 573
38 708
38 723
39 27
39 45
39 254
39 294
39 380
39 391
39 422
39 469
39 515
39 613
39 684
39 695
40 89
40 115
40 176
40 268
40 342
40 489
40 558
40 647
40 743
41 169
41 246
41 251
41 372
41 411
41 419
41 447
41 593
41 650
41 706
42 21
42 55
42 105
42 177
42 259
42 271
42 285
42 364
42 421
42 433
42 453
42 494
42 496
42 541
43 178
43 212
43 219
43 250
43 262
43 528
43 674
43 701
44 78
44 219
44 364
44 394
44 445
44 571
45 123
45 157
45 213
45 230
45 309
45 585
45 606
46 61
46 123
46 134
46 191
46 321
46 451
46 606
46 660
47 68
47 91
47 383
47 486
47 536
47 697
47 700
47 735
48 5
48 78
48 317
48 480
48 523
48 543
48 629
49 101
49 165
49 238
49 242
49 363
49 378
49 392
49 516
49 530
49 542
49 607
49 630
49 641
49 721
49 723
49 745
50 75
50 192
50 268
50 434
50 485
50 588
50 616
50 656
51 62
51 214
51 271
51 374
51 560
51 644
51 673
51 674
51 750
52 12
52 95
52 154
52 197
52 326
52 361
52 383
52 557
52 602
52 691
52 707
52 720
52 725
53 13
53 14
53 61
53 151
53 182
53 194
53 312
53 454
53 552
53 595
53 736
54 60
54 109
54 115
54 133
54 175
54 265
54 321
54 344
54 361
54 371
54 613
54 689
54 744
55 293
55 421
55 429
55 531
55 692
56 3
56 151
56 285
56 377
56 397
56 409
56 491
56 527
56 621
56 647
57 18
57 34
57 150
57 299
57 301
57 361
57 454
57 460
57 468
57 651
57 656
57 659
57 696
58 14
58 67
58 136
58 213
58 243
58 270
58 346
58 435
58 509
58 532
58 584
58 611
59 62
59 86
59 99
59 124
59 137
59 173
59 191
59 218
59 376
59 389
59 486
59 581
59 611
59 643
60 373
60 679
61 32
61 162
61 246
61 628
61 656
61 723
62 13
62 21
62 100
62 149
62 314
62 355
62 360
62 373
62 477
62 502
62 750
63 43
63 135
63 141
63 226
63 281
63 328
63 492
63 550
64 23
64 223
64 318
64 326
64 621
65 74
65 212
65 269
65 330
65 343
65 393
65 461
65 470
65 487
65 558
65 611
65 729
66 65
66 105
66 112
66 113
66 390
66 462
66 549
66 668
67 28
67 205
67 207
67 242
67 254
67 283
67 306
67 316
67 334
67 490
67 499
67 708
68 27
68 58
68 71
68 163
68 171
68 191
68 215
68 345
69 100
69 179
69 333
69 374
69 398
69 444
69 474
69 555
69 731
69 735
70 6
70 81
70 180
70 247
70 315
70 450
70 452
70 604
70 605
70 635
70 664
70 744
71 63
71 75
71 310
71 535
71 602
71 696
72 56
72 62
72 78
72 116
72 203
72 232
72 247
72 250
72 296
72 429
72 484
72 504
72 639
72 691
73 15
73 18
73 208
73 291
73 412
73 437
73 491
73 503
73 567
73 574
73 614
74 77
74 89
74 196
74 264
74 357
74 361
74 371
74 427
74 442
74 603
74 604
74 727
75 4
75 40
75 76
75 172
75 186
75 187
75 193
75 266
75 333
75 464
75 474
75 616
76 273
76 309
76 336
76 355
76 363
76 556
76 602
76 611
77 75
77 152
77 247
77 262
77 268
77 279
77 293
77 309
77 324
77 347
77 358
77 400
77 601
77 626
77 669
78 12
78 24
78 68
78 81
78 83
78 131
78 132
78 171
78 179
78 236
78 328
78 362
78 428
78 478
78 576
78 705
78 727
79 27
79 96
79 147
79 447
79 511
79 628
79 643
79 675
79 682
80 92
80 129
80 180
80 323
80 362
80 438
80 741
81 62
81 92
81 124
81 202
81 210
81 393
81 432
81 499
81 666
81 742
82 127
82 178
82 275
82 284
82 286
82 360
82 386
82 459
82 517
82 598
82 675
82 737
83 44
83 246
83 251
83 334
83 475
83 572
83 576
83 649
84 20
84 117
84 196
84 345
84 350
84 409
84 462
84 577
84 642
84 717
85 226
85 274
85 362
85 420
85 498
85 506
85 714
85 727
86 26
86 359
86 425
86 490
86 500
86 550
86 589
86 654
86 675
86 731
87 15
87 80
87 235
87 288
87 716
88 63
88 195
88 207
88 238
88 314
88 373
88 453
88 466
88 604
88 619
89 40
89 54
89 78
89 136
89 142
89 176
89 204
89 230
89 233
89 320
89 347
89 413
89 488
89 523
89 580
89 669
89 683
90 33
90 171
90 216
90 220
90 343
90 362
90 382
90 730
91 204
91 212
91 349
91 416
91 553
91 563
91 566
91 638
91 660
91 740
91 749
92 73
92 122
92 206
92 347
92 537
92 635
92 643
92 677
92 706
92 750
93 16
93 51
93 143
93 176
93 215
93 347
93 385
93 520
93 712
94 74
94 202
94 251
94 259
94 335
94 434
94 654
94 680
95 119
95 159
95 261
95 314
95 340
95 405
95 457
95 471
95 536
95 552
95 556
95 704
95 720
96 27
96 81
96 93
96 190
96 249
96 251
96 319
96 353
96 588
96 622
97 62
97 234
97 291
97 299
97 338
97 527
97 607
97 713
98 72
98 86
98 272
98 305
98 541
98 575
98 591
98 624
98 635
98 712
98 720
99 279
99 281
99 348
99 424
99 446
99 467
99 499
99 500
99 533
99 568
99 623
99 643
99 647
99 666
99 670
99 739
100 86
100 116
100 164
100 209
100 315
100 323
100 355
100 514
100 550
100 584
100 591
101 53
101 92
101 118
101 146
101 227
101 322
101 585
101 589
101 646
102 11
102 60
102 82
102 124
102 299
102 446
102 562
102 650
103 151
103 174
103 180
103 302
103 309
103 468
103 560
103 696
103 741
104 43
104 203
104 256
104 545
104 555
104 657
104 712
104 739
104 749
105 63
105 104
105 343
105 344
105 369
105 378
105 418
105 536
105 629
106 101
106 112
106 318
106 399
106 626
106 657
106 659
106 719
106 735
107 37
107 138
107 170
107 240
107 444
107 705
108 56
108 63
108 126
108 208
108 264
108 320
108 421
108 430
108 457
108 506
108 552
108 586
108 590
108 676
108 743
109 39
109 136
109 186
109 206
109 283
109 346
109 504
109 594
110 71
110 74
110 90
110 160
110 206
110 259
110 462
110 477
110 481
110 507
110 572
111 68
111 106
111 155
111 196
111 448
111 462
111 514
111 540
111 595
111 607
111 617
111 673
111 700
112 40
112 70
112 118
112 171
112 182
112 202
112 220
112 241
112 255
112 343
112 423
112 537
112 560
112 604
112 644
112 744
113 39
113 105
113 151
113 234
113 330
113 346
113 348
113 504
113 604
113 616
114 156
114 285
114 296
114 300
114 340
114 446
114 516
114 572
114 592
114 663
114 667
115 120
115 175
115 278
115 387
116 263
116 300
116 443
116 445
116 578
116 623
116 748
117 148
117 211
117 346
117 428
117 564
117 567
118 37
118 245
118 274
118 280
118 369
118 387
118 536
118 600
118 658
118 674
118 677
118 682
119 40
119 395
119 529
119 638
119 668
120 84
120 343
120 375
120 514
120 517
120 532
120 546
120 576
120 679
120 697
120 726
121 280
121 468
121 588
121 643
121 649
121 671
121 679
121 707
121 740
122 39
122 211
122 308
122 330
122 349
122 643
123 10
123 31
123 92
123 153
123 178
123 208
123 249
123 300
123 389
123 457
123 543
123 569
123 619
123 747
124 77
124 94
124 108
124 201
124 339
124 504
124 567
124 593
124 622
124 721
125 40
125 168
125 184
125 362
125 364
125 487
125 507
125 510
125 594
125 675
125 706
126 45
126 53
126 105
126 301
126 518
126 571
126 608
126 671
126 699
127 36
127 237
127 345
127 388
127 484
127 571
127 675
127 710
127 734
128 170
128 205
128 321
128 580
129 11
129 135
129 221
129 223
129 337
129 638
129 654
129 722
129 728
130 8
130 15
130 56
130 141
130 155
130 207
130 246
130 323
130 335
130 342
130 438
130 523
130 589
130 663
130 671
131 192
131 223
131 378
131 432
131 436
131 468
131 662
132 34
132 177
132 220
132 248
132 472
132 490
132 551
132 592
133 53
133 63
133 92
133 110
133 174
133 203
133 210
133 223
133 357
133 705
134 79
134 162
134 285
134 404
134 446
134 452
134 580
134 696
135 193
135 229
135 245
135 364
135 391
135 400
135 415
135 421
135 591
135 594
135 611
136 64
136 216
136 573
136 644
137 26
137 461
137 603
138 118
138 182
138 238
138 251
138 357
138 435
138 533
138 644
139 22
139 24
139 40
139 60
139 369
139 475
139 518
139 554
139 609
139 621
139 687
139 700
139 735
140 2
140 26
140 43
140 62
140 258
140 310
140 328
140 422
140 470
140 506
140 543
140 635
140 651
140 728
141 142
141 185
141 335
141 553
141 574
141 591
141 692
142 64
142 81
142 117
142 150
142 254
142 286
142 289
142 309
142 487
142 551
142 553
142 595
142 721
143 135
143 600
143 611
143 632
143 736
144 203
144 216
144 217
144 218
144 300
144 329
144 458
144 498
144 566
144 659
144 699
144 709
145 8
145 252
145 301
145 349
145 492
145 516
145 581
145 725
146 120
146 200
146 344
146 415
146 421
146 491
146 587
146 607
146 615
147 16
147 90
147 179
147 182
147 192
147 227
147 247
147 313
147 328
147 407
147 462
147 634
148 4
148 101
148 194
148 258
148 261
148 283
148 490
148 496
148 583
148 610
148 672
148 698
149 117
149 140
149 196
149 375
149 386
149 499
149 586
149 673
149 710
150 39
150 227
150 412
150 492
150 559
150 572
150 599
150 704
151 8
151 121
151 167
151 183
151 190
151 276
151 389
151 478
151 526
151 553
151 589
151 593
151 623
151 700
152 56
152 130
152 159
152 176
152 216
152 280
152 323
152 384
152 582
152 658
152 673
153 76
153 228
153 261
153 266
153 305
153 325
153 364
153 396
153 489
153 571
154 23
154 123
154 326
154 522
154 536
154 548
154 715
155 65
155 112
155 194
155 265
155 566
155 625
156 76
156 83
156 93
156 94
156 204
156 213
156 391
156 415
156 567
157 45
157 180
157 242
157 254
157 531
157 536
157 558
157 647
157 712
157 715
158 415
158 492
158 550
158 643
158 695
158 701
158 712
158 723
159 17
159 146
159 192
159 257
159 328
159 371
159 423
159 496
159 539
159 541
159 562
159 650
159 700
160 28
160 137
160 182
160 381
160 548
160 565
160 570
160 671
160 673
160 718
161 30
161 152
161 169
161 171
161 547
161 569
162 25
162 188
162 194
162 319
162 413
162 460
162 500
162 548
162 579
162 724
163 98
163 127
163 172
163 224
163 239
163 256
163 270
163 495
163 497
163 624
163 640
163 708
164 11
164 86
164 158
164 208
164 351
164 575
164 620
164 684
165 50
165 116
165 144
165 317
165 379
165 434
165 508
165 618
166 70
166 79
166 264
166 323
166 386
166 454
166 471
166 480
166 555
166 617
166 657
167 32
167 172
167 246
167 359
167 474
167 476
167 551
167 655
167 688
167 714
168 25
168 79
168 109
168 355
168 416
168 425
168 428
168 479
168 561
169 20
169 71
169 74
169 193
169 200
169 259
169 263
169 325
169 387
169 393
169 482
169 511
169 604
170 26
170 66
170 95
170 217
170 334
170 348
170 460
170 479
170 492
170 574
170 618
170 697
171 55
171 79
171 252
171 558
171 696
172 105
172 293
172 334
172 350
172 357
172 366
172 428
172 690
173 27
173 367
173 373
173 421
173 441
173 442
173 555
173 657
173 728
173 731
174 82
174 232
174 329
174 370
174 395
174 400
174 402
174 631
174 701
175 75
175 163
175 171
175 235
175 249
175 349
175 384
175 387
175 388
175 423
175 447
175 633
175 741
176 16
176 236
176 312
176 390
176 465
176 467
176 536
176 579
176 723
177 132
177 171
177 178
177 195
177 199
177 217
177 397
177 455
177 612
177 621
178 161
178 219
178 342
178 392
178 401
178 506
178 517
178 667
179 132
179 185
179 271
179 289
179 469
179 485
179 534
179 609
180 136
180 210
180 420
180 549
180 613
180 615
180 684
181 51
181 59
181 231
181 641
181 689
181 705
181 741
182 23
182 109
182 255
182 335
182 379
182 748
183 76
183 103
183 117
183 188
183 260
183 280
183 323
183 520
183 566
184 156
184 213
184 428
184 457
184 464
184 491
184 697
184 737
184 740
185 24
185 56
185 66
185 69
185 138
185 225
185 290
185 414
185 451
185 453
185 524
185 581
186 171
186 320
186 340
186 403
186 465
186 558
186 590
186 635
186 694
187 115
187 166
187 168
187 262
187 390
187 620
187 720
188 3
188 27
188 97
188 112
188 177
188 448
188 500
188 505
188 532
188 642
189 73
189 108
189 181
189 228
189 254
189 347
189 478
189 504
189 595
189 743
190 326
190 327
190 353
190 382
190 403
190 421
190 471
190 490
190 642
190 688
191 109
191 152
191 201
191 208
191 503
191 543
191 570
192 147
192 186
192 285
192 322
192 407
192 438
192 457
192 489
192 520
192 532
192 639
192 652
193 37
193 88
193 150
193 225
193 239
193 283
193 292
193 380
193 429
193 445
193 449
193 472
193 500
193 502
193 506
193 538
193 574
193 619
193 638
193 675
194 16
194 101
194 176
194 202
194 279
194 440
194 447
194 673
194 679
194 730
195 144
195 224
195 364
195 514
195 629
196 281
196 290
196 303
196 320
196 457
196 523
196 632
196 663
197 5
197 64
197 289
197 349
197 459
197 575
197 678
198 139
198 303
198 377
198 435
198 470
198 535
198 614
198 714
198 742
199 205
199 226
199 231
199 309
199 314
199 452
199 495
199 545
199 629
199 702
200 99
200 128
200 146
200 247
200 392
200 466
200 492
200 495
200 548
200 576
200 695
200 702
201 21
201 144
201 213
201 251
201 349
201 379
201 381
201 609
201 617
201 636
201 700
202 216
202 229
202 290
202 353
202 375
202 467
202 512
202 595
202 612
203 88
203 163
203 176
203 322
203 467
203 593
203 707
204 44
204 158
204 385
204 566
204 624
204 703
205 35
205 81
205 150
205 294
205 353
205 399
205 440
205 521
205 524
205 561
205 580
205 734
206 127
206 138
206 190
206 224
206 288
206 512
207 14
207 21
207 55
207 217
207 249
207 257
207 385
207 410
207 463
207 534
207 571
207 705
207 706
207 719
208 8
208 32
208 149
208 326
208 370
208 379
208 672
209 22
209 69
209 143
209 278
209 332
209 393
209 456
209 541
209 546
209 567
209 650
209 660
210 20
210 232
210 294
210 335
210 554
210 572
210 613
210 639
210 676
211 2
211 91
211 170
211 266
211 330
211 397
211 465
211 487
211 492
211 695
211 703
212 1
212 27
212 100
212 249
212 280
212 382
212 494
212 535
212 570
212 615
212 617
212 618
212 644
212 714
213 47
213 217
213 395
213 408
213 436
213 515
213 606
213 611
213 647
213 652
213 706
214 60
214 67
214 160
214 248
214 295
214 600
214 644
214 663
214 687
214 691
214 696
214 697
214 723
215 149
215 225
215 297
215 319
215 488
215 515
215 525
215 555
215 583
215 594
215 710
216 22
216 219
216 307
216 520
216 580
216 743
216 749
217 77
217 101
217 264
217 322
217 341
217 345
217 357
217 402
217 465
217 466
217 510
217 516
217 631
218 17
218 74
218 131
218 167
218 184
218 433
218 434
218 722
218 734
219 22
219 39
219 60
219 71
219 113
219 182
219 210
219 296
219 335
219 430
219 435
219 438
219 549
219 654
220 5
220 117
220 206
220 213
220 263
220 386
220 398
220 519
220 577
220 597
220 598
220 619
220 678
220 680
220 716
220 722
220 727
220 750
221 226
221 381
221 390
221 406
221 489
221 585
221 594
221 664
222 255
222 323
222 332
222 384
222 388
222 558
223 154
223 166
223 204
223 236
223 240
223 430
223 546
223 564
223 722
223 729
224 110
224 142
224 352
224 467
224 490
224 583
224 591
224 671
225 65
225 97
225 227
225 275
225 298
225 435
225 480
225 624
225 632
225 633
225 696
225 747
226 32
226 162
226 276
226 522
226 568
226 614
226 655
226 666
226 745
227 25
227 144
227 148
227 417
227 438
228 39
228 66
228 88
228 210
228 258
228 383
228 393
228 457
228 591
228 706
228 731
229 49
229 129
229 199
229 228
229 247
229 256
229 328
229 416
229 492
229 514
229 673
229 743
230 61
230 127
230 168
230 371
230 409
230 443
230 582
230 613
230 643
230 691
230 700
231 18
231 40
231 236
231 240
231 242
231 435
231 471
231 518
231 536
231 698
231 705
231 715
231 742
232 81
232 105
232 229
232 373
232 380
232 403
232 504
232 543
233 26
233 29
233 48
233 79
233 192
233 277
233 299
233 428
233 433
233 479
233 541
234 5
234 95
234 181
234 278
234 309
234 419
234 468
234 557
234 586
234 600
234 634
234 674
234 685
235 77
235 193
235 285
235 348
235 419
235 435
235 449
235 615
235 633
235 663
236 140
236 182
236 279
236 283
236 460
236 486
236 512
236 568
236 673
236 716
236 750
237 121
237 127
237 230
237 235
237 266
237 285
237 311
237 525
237 540
237 560
237 579
238 44
238 121
238 183
238 216
238 316
238 376
238 443
238 534
238 572
238 593
238 688
238 696
238 732
239 102
239 171
239 189
239 221
239 279
239 293
239 312
239 401
239 427
239 640
239 645
239 706
239 728
240 34
240 57
240 218
240 267
240 270
240 311
240 317
240 366
240 367
240 391
240 412
240 544
240 598
240 632
240 665
240 698
241 15
241 163
241 213
241 318
241 343
241 397
241 437
241 445
241 480
241 531
241 564
242 124
242 175
242 196
242 294
242 386
242 392
242 402
242 626
242 638
242 713
242 715
242 742
243 42
243 198
243 267
243 297
243 323
243 402
243 424
243 468
243 520
244 52
244 80
244 173
244 273
244 374
244 504
244 524
244 589
244 604
245 66
245 75
245 88
245 106
245 261
245 262
245 295
245 357
245 462
245 494
245 498
245 579
245 595
245 670
245 705
246 72
246 434
246 437
246 465
246 518
246 619
246 627
246 693
247 20
247 82
247 146
247 483
247 492
247 673
247 744
248 48
248 49
248 207
248 244
248 262
248 472
248 493
248 549
248 674
248 743
249 43
249 50
249 62
249 216
249 294
249 303
249 470
249 497
249 515
249 618
249 690
249 706
250 34
250 57
250 77
250 106
250 112
250 211
250 399
250 411
250 488
250 510
250 517
250 584
250 587
250 664
250 728
251 106
251 179
251 193
251 338
251 392
251 436
251 456
251 475
251 559
251 589
251 602
251 630
252 153
252 262
252 277
252 289
252 326
252 480
252 549
252 667
252 712
253 2
253 15
253 23
253 93
253 171
253 209
253 251
253 300
253 337
253 430
253 625
253 632
253 658
253 675
254 327
254 425
254 524
254 582
255 38
255 264
255 268
255 309
255 363
255 459
255 549
255 648
255 670
255 707
255 717
256 29
256 183
256 195
256 215
256 349
256 424
256 427
256 456
256 519
256 537
256 580
257 8
257 27
257 102
257 186
257 228
257 709
257 710
258 82
258 135
258 162
258 353
258 539
259 30
259 42
259 43
259 250
259 255
259 340
259 353
259 449
259 531
259 552
259 557
259 564
259 574
259 621
260 115
260 137
260 143
260 191
260 254
260 364
260 384
260 411
260 424
260 434
260 510
260 518
260 660
261 143
261 254
261 342
261 435
261 450
261 575
261 665
261 704
261 708
262 36
262 93
262 124
262 131
262 136
262 214
262 350
262 406
262 537
262 676
263 105
263 145
263 361
263 427
263 454
263 522
263 568
263 648
264 129
264 212
264 269
264 293
264 325
264 386
264 486
264 566
264 623
264 719
265 7
265 10
265 34
265 256
265 315
265 343
265 563
265 609
265 645
266 12
266 195
266 432
266 510
266 584
266 634
266 677
267 85
267 118
267 186
267 209
267 216
267 317
267 338
267 495
267 537
267 572
267 682
267 695
267 715
267 726
268 127
268 134
268 201
268 302
268 536
268 575
268 605
268 617
268 650
268 693
268 701
269 61
269 66
269 115
269 156
269 332
269 606
269 685
269 701
270 154
270 158
270 173
270 255
270 344
270 360
270 402
270 457
270 539
270 546
270 565
270 629
270 675
270 686
271 93
271 102
271 113
271 248
271 310
271 366
271 434
271 561
271 595
272 51
272 65
272 128
272 262
272 371
272 647
272 705
273 8
273 30
273 60
273 173
273 467
273 533
273 573
273 653
273 738
273 741
274 12
274 86
274 170
274 310
274 334
274 487
274 512
274 603
275 175
275 208
275 267
275 278
275 407
275 432
275 435
275 491
275 574
275 633
276 71
276 91
276 225
276 341
276 379
276 465
276 500
276 539
276 564
276 603
276 616
276 699
276 712
277 173
277 206
277 265
277 315
277 332
277 612
277 703
277 720
278 14
278 17
278 36
278 126
278 135
278 191
278 275
278 406
278 658
278 734
279 67
279 206
279 234
279 240
279 278
279 295
279 340
279 368
279 389
279 395
279 602
279 607
279 627
279 641
279 742
279 748
280 8
280 28
280 67
280 96
280 126
280 157
280 214
280 318
280 328
280 382
280 388
280 427
280 434
280 469
280 483
280 504
280 602
280 637
280 653
280 715
281 244
281 251
281 343
281 371
281 428
281 475
281 482
281 588
281 612
281 647
281 662
282 32
282 172
282 275
282 378
282 450
282 600
282 605
283 26
283 63
283 127
283 169
283 298
283 349
283 359
283 421
283 422
283 679
284 23
284 39
284 80
284 335
284 353
284 413
284 495
284 591
285 71
285 101
285 139
285 194
285 350
285 368
285 374
285 395
285 473
285 527
285 618
285 680
285 724
286 53
286 248
286 342
286 404
286 535
286 559
287 36
287 72
287 158
287 595
287 613
287 638
287 650
287 666
288 430
288 466
288 499
288 520
288 604
289 33
289 237
289 424
289 442
289 647
289 652
289 678
290 8
290 53
290 156
290 171
290 178
290 419
290 441
290 457
290 583
290 716
290 718
290 735
291 39
291 245
291 268
291 286
291 457
291 566
291 657
291 718
292 8
292 99
292 135
292 139
292 152
292 328
292 370
292 513
292 542
292 632
292 651
292 667
293 28
293 308
293 356
293 424
293 453
293 592
293 659
293 667
293 734
294 2
294 234
294 355
294 447
294 472
294 565
294 607
294 636
294 664
294 679
294 686
295 206
295 240
295 269
295 283
295 354
296 6
296 7
296 40
296 152
296 437
296 480
296 503
296 510
296 520
296 619
296 725
296 737
297 63
297 157
297 204
297 305
297 371
297 409
297 562
297 606
297 643
298 152
298 173
298 205
298 577
298 648
298 678
298 744
299 15
299 162
299 282
299 329
299 414
299 434
299 448
299 469
299 566
299 596
299 665
300 9
300 33
300 45
300 176
300 200
300 213
300 238
300 309
300 351
300 387
300 429
300 557
300 629
301 83
301 140
301 270
301 325
301 338
301 467
301 625
302 64
302 108
302 132
302 198
302 207
302 561
303 36
303 73
303 126
303 146
303 164
303 213
303 276
303 285
303 322
303 487
303 617
303 688
304 23
304 95
304 118
304 145
304 441
304 580
304 618
304 662
304 680
304 682
305 17
305 88
305 193
305 232
305 309
305 340
305 368
305 374
305 389
305 465
305 605
305 654
306 80
306 124
306 349
306 392
306 467
306 595
306 624
306 643
306 678
307 5
307 105
307 158
307 176
307 207
307 289
307 306
307 384
307 461
308 211
308 395
308 430
308 535
308 619
308 636
308 678
308 746
309 60
309 153
309 204
309 258
309 278
309 462
309 582
309 706
310 24
310 173
310 232
310 266
310 351
310 365
310 440
310 442
311 43
311 328
311 463
311 494
311 526
311 713
312 67
312 83
312 124
312 184
312 197
312 219
312 285
312 321
312 327
312 328
312 401
312 482
312 512
312 583
312 633
313 50
313 133
313 245
313 423
313 467
313 475
313 596
313 697
314 385
314 396
314 441
314 514
315 1
315 6
315 26
315 72
315 163
315 213
315 222
315 259
315 329
315 439
315 507
315 541
315 555
315 611
315 636
315 713
316 36
316 166
316 237
316 448
316 524
316 573
316 596
316 750
317 52
317 94
317 124
317 145
317 218
317 248
317 341
317 385
317 449
317 493
317 507
317 577
317 687
317 699
318 3
318 272
318 345
318 361
318 418
318 460
318 511
318 709
319 195
319 205
319 392
319 629
319 738
320 6
320 144
320 184
320 314
320 404
320 420
320 470
320 495
320 500
320 512
320 639
321 18
321 21
321 61
321 62
321 136
321 491
321 492
321 521
321 525
321 643
321 706
322 30
322 52
322 98
322 112
322 143
322 213
322 378
322 381
322 511
322 565
322 594
322 611
322 620
322 639
322 653
322 656
323 9
323 58
323 102
323 212
323 260
323 399
323 417
323 438
323 600
323 618
323 668
323 694
323 737
324 275
324 309
324 333
324 399
324 511
324 513
324 581
325 76
325 120
325 366
325 368
325 380
325 510
325 596
325 697
325 704
326 117
326 120
326 137
326 213
326 235
326 290
326 324
326 379
326 400
326 542
326 548
326 597
326 654
327 37
327 391
327 398
328 28
328 130
328 228
328 232
328 342
328 389
328 494
328 610
328 650
329 35
329 94
329 95
329 160
329 455
329 557
329 578
329 621
329 689
330 17
330 74
330 80
330 201
330 322
330 341
330 419
330 630
331 12
331 450
331 458
331 467
331 509
331 530
331 533
331 630
332 150
332 169
332 180
332 201
332 262
332 270
332 328
332 386
332 424
332 471
332 569
332 572
332 638
333 85
333 188
333 378
333 415
333 505
333 626
333 719
334 213
334 256
334 309
334 327
334 374
334 630
334 664
335 10
335 132
335 153
335 166
335 319
335 473
335 520
335 614
335 734
336 41
336 45
336 85
336 220
336 240
336 255
336 308
336 561
336 627
336 673
336 719
337 1
337 61
337 91
337 149
337 155
337 235
337 390
337 455
337 563
337 613
337 696
337 709
338 120
338 188
338 428
338 501
339 74
339 383
339 396
339 435
339 480
339 673
340 28
340 98
340 99
340 318
340 363
340 394
340 472
340 514
340 675
341 43
341 84
341 116
341 412
341 499
341 602
341 693
342 76
342 97
342 191
342 229
342 306
342 352
342 393
342 466
342 524
342 660
343 12
343 169
343 237
343 239
343 310
343 631
343 641
344 68
344 221
344 249
344 306
344 330
344 543
344 667
344 706
345 133
345 238
345 266
345 278
345 322
345 407
345 410
345 472
345 486
345 595
345 660
346 36
346 177
346 350
346 360
346 418
346 493
346 515
346 516
346 547
346 645
346 677
347 15
347 62
347 146
347 245
347 268
347 307
347 427
347 505
347 513
347 615
347 656
347 681
348 17
348 47
348 79
348 110
348 176
348 633
349 65
349 127
349 130
349 214
349 368
349 379
350 16
350 146
350 242
350 351
350 352
350 369
350 523
350 557
350 624
350 725
351 100
351 103
351 129
351 226
351 228
351 236
351 284
351 287
351 355
351 569
351 731
352 9
352 18
352 55
352 74
352 187
352 275
352 402
352 409
352 650
352 681
352 707
353 12
353 14
353 20
353 49
353 73
353 126
353 190
353 309
353 519
353 544
353 584
353 664
353 666
353 668
354 53
354 476
354 513
354 567
354 604
355 55
355 80
355 84
355 100
355 165
355 444
355 484
355 651
355 720
356 39
356 110
356 134
356 172
356 265
356 379
356 387
356 617
356 677
357 176
357 315
357 463
357 474
357 644
357 651
357 653
357 662
357 726
358 28
358 33
358 101
358 143
358 163
358 364
358 370
358 380
358 437
358 488
358 528
358 553
359 66
359 86
359 89
359 312
359 404
359 499
359 740
360 183
360 199
360 563
360 659
361 70
361 111
361 193
361 217
361 240
361 457
361 597
361 720
362 34
362 42
362 60
362 70
362 321
362 323
362 357
362 382
362 383
362 438
362 501
362 591
362 615
363 25
363 69
363 179
363 565
363 691
363 706
363 729
364 123
364 162
364 167
364 201
364 211
364 229
364 241
364 294
364 426
364 517
364 535
364 547
364 570
364 579
364 586
365 147
365 154
365 250
365 446
365 457
365 470
365 509
365 587
365 711
366 219
366 295
366 409
366 417
366 590
366 655
366 710
367 13
367 47
367 85
367 87
367 146
367 175
367 216
367 244
367 274
367 311
367 499
367 532
367 650
367 683
368 25
368 101
368 192
368 212
368 268
368 345
368 444
368 618
368 713
369 82
369 178
369 213
369 230
369 240
369 312
369 335
369 443
369 579
369 672
370 93
370 107
370 124
370 146
370 181
370 298
370 471
370 481
370 537
370 654
371 14
371 205
371 215
371 222
371 310
371 546
371 574
371 712
372 127
372 170
372 196
372 209
372 302
372 325
372 328
372 340
372 384
372 406
372 475
372 496
372 497
372 591
372 732
373 58
373 73
373 125
373 153
373 219
373 243
373 250
373 331
373 456
373 531
373 576
373 671
373 689
373 705
374 110
374 292
374 295
374 372
374 523
374 545
375 32
375 151
375 290
375 409
375 590
375 592
375 715
376 62
376 250
376 341
376 391
376 543
376 575
376 649
376 694
377 59
377 121
377 136
377 152
377 253
377 523
377 526
377 620
378 212
378 235
379 1
379 52
379 120
379 136
379 313
379 580
379 582
379 629
379 655
380 29
380 73
380 127
380 281
380 521
380 526
380 567
380 671
380 741
381 5
381 106
381 289
381 533
381 636
381 667
381 703
381 712
382 207
382 221
382 261
382 262
382 318
382 410
382 416
382 561
382 603
383 24
383 115
383 117
383 159
383 166
383 265
383 303
383 400
383 508
383 512
383 560
383 581
383 608
383 646
384 50
384 86
384 181
384 223
384 281
384 308
384 313
384 333
384 348
384 388
384 674
384 726
384 740
385 198
385 542
385 565
385 642
385 649
386 21
386 45
386 269
386 297
386 496
386 518
386 622
387 35
387 111
387 166
387 183
387 302
387 304
387 347
387 418
387 612
387 724
388 104
388 369
388 458
388 474
388 547
388 576
388 631
388 701
388 706
388 714
389 60
389 87
389 191
389 201
389 227
389 265
389 279
389 317
389 318
389 501
389 568
389 576
389 609
389 636
389 708
389 719
389 726
389 742
390 25
390 30
390 100
390 138
390 273
390 343
390 457
390 470
390 535
390 589
390 687
391 177
391 249
391 320
391 327
391 403
391 446
391 510
391 603
392 142
392 202
392 311
392 322
392 326
392 414
392 444
392 557
392 583
392 706
393 167
393 185
393 211
393 296
393 408
393 472
393 506
393 510
393 571
393 607
393 697
393 715
394 162
394 177
394 205
394 321
394 389
394 491
394 721
395 32
395 181
395 222
395 403
395 464
395 664
396 253
396 388
396 416
396 670
396 715
396 742
397 76
397 97
397 183
397 246
397 328
397 350
397 509
397 601
398 104
398 131
398 352
398 501
398 524
398 585
399 133
399 251
399 266
399 398
399 443
399 459
399 514
399 640
399 702
399 721
400 159
400 165
400 313
400 352
400 397
400 406
400 422
400 534
400 574
401 33
401 52
401 90
401 212
401 365
401 367
401 679
402 14
402 87
402 179
402 182
402 272
402 317
402 412
402 422
402 493
402 547
402 564
402 737
403 37
403 83
403 155
403 354
403 400
403 545
403 553
403 554
403 713
403 718
404 25
404 76
404 79
404 148
404 164
404 178
404 182
404 319
404 341
404 476
404 605
404 626
404 698
405 98
405 129
405 207
405 263
405 290
405 409
405 421
405 493
405 494
405 496
405 517
405 518
405 641
405 645
405 704
406 49
406 70
406 78
406 201
406 350
406 422
406 552
407 64
407 210
407 243
407 347
407 620
407 740
408 97
408 100
408 141
408 327
408 359
408 366
408 519
408 557
408 650
409 328
409 353
409 605
409 694
410 85
410 193
410 230
410 261
410 395
410 462
410 553
410 574
410 576
410 613
411 389
411 487
411 590
411 607
411 632
411 641
411 671
412 101
412 438
412 441
412 560
412 566
412 609
412 676
413 19
413 86
413 124
413 452
413 491
413 533
413 556
413 745
414 4
414 14
414 65
414 149
414 151
414 177
414 217
414 283
414 305
414 324
414 347
414 448
414 565
414 601
414 664
414 676
415 19
415 90
415 114
415 279
415 338
415 348
415 368
415 455
415 680
415 703
415 747
416 54
416 93
416 96
416 143
416 184
416 241
416 517
416 570
416 571
416 620
416 714
417 80
417 125
417 155
417 232
417 383
417 389
417 457
417 474
417 536
417 691
418 147
418 269
418 331
418 352
418 438
418 503
418 614
418 628
418 642
418 729
419 26
419 66
419 78
419 187
419 245
419 486
419 524
419 701
420 1
420 60
420 70
420 80
420 110
420 159
420 265
420 349
420 362
420 514
420 643
420 686
420 709
421 116
421 206
421 232
421 329
421 336
421 431
421 546
421 565
421 587
421 608
421 719
421 720
422 39
422 52
422 64
422 77
422 82
422 106
422 213
422 293
422 343
422 492
422 520
422 655
422 745
422 746
423 188
423 241
423 280
423 372
423 390
423 393
423 681
423 723
423 730
423 736
424 109
424 129
424 131
424 196
424 211
424 264
424 276
424 468
425 91
425 111
425 275
425 285
425 315
425 383
425 441
425 483
425 584
425 605
426 43
426 57
426 371
426 386
426 444
426 447
426 532
426 540
426 666
427 92
427 160
427 229
427 426
427 587
427 620
427 716
427 724
427 725
428 117
428 138
428 145
428 203
428 214
428 294
428 317
428 413
428 469
428 654
429 38
429 76
429 280
429 359
429 374
429 463
429 530
429 559
429 591
429 623
429 725
430 276
430 291
430 312
430 451
430 514
430 527
430 556
430 567
430 601
430 695
430 744
430 750
431 111
431 170
431 242
431 355
431 401
431 561
431 577
431 581
431 624
431 630
431 657
431 680
431 703
432 151
432 220
432 297
432 414
432 618
432 720
433 15
433 92
433 157
433 210
433 305
433 330
433 349
433 357
433 365
433 377
433 397
433 516
433 655
433 676
433 677
433 722
434 29
434 46
434 156
434 177
434 214
434 252
434 420
434 432
434 620
435 222
435 229
435 267
435 301
435 507
435 590
435 591
435 703
435 715
435 731
435 745
436 30
436 34
436 37
436 68
436 94
436 144
436 164
436 250
436 272
436 283
436 314
436 387
436 459
436 476
436 551
436 579
436 586
436 659
436 665
437 161
437 192
437 198
437 208
437 209
437 349
437 350
437 367
437 579
437 667
437 693
438 151
438 178
438 210
438 230
438 271
438 307
438 355
438 372
438 395
438 493
438 569
438 637
439 12
439 180
439 239
439 262
439 273
439 324
440 14
440 27
440 102
440 246
440 268
440 276
440 331
440 339
440 342
440 406
440 451
440 491
440 577
440 579
440 634
440 679
440 687
440 691
440 710
441 356
441 403
441 406
441 461
441 477
441 501
441 516
441 536
441 687
442 38
442 389
442 396
442 443
442 590
442 742
443 13
443 39
443 116
443 125
443 374
443 439
443 442
443 571
443 579
443 582
443 707
444 125
444 288
444 373
444 469
444 489
444 560
444 562
444 649
444 696
444 698
444 705
445 9
445 19
445 44
445 100
445 107
445 169
445 213
445 260
445 346
445 567
445 585
445 666
445 681
445 702
445 720
445 723
446 25
446 29
446 37
446 48
446 107
446 161
446 275
446 312
446 398
446 468
446 621
447 5
447 79
447 109
447 181
447 418
447 474
447 534
447 576
447 595
448 72
448 93
448 198
448 287
448 341
448 661
449 25
449 41
449 127
449 137
449 237
449 257
449 301
449 323
449 425
449 481
449 576
449 616
449 629
449 653
450 2
450 41
450 117
450 290
450 315
450 494
450 508
450 613
450 727
451 119
451 120
451 233
451 411
451 622
451 676
451 714
452 4
452 7
452 10
452 13
452 148
452 149
452 174
452 307
452 474
452 520
452 524
452 591
452 658
452 681
453 26
453 27
453 53
453 70
453 125
453 235
453 304
453 322
453 430
453 548
453 565
453 619
453 640
453 686
453 688
453 712
454 47
454 178
454 182
454 187
454 188
454 209
454 242
454 270
454 393
454 428
454 463
454 617
455 40
455 131
455 186
455 261
455 383
455 394
455 476
455 701
456 11
456 112
456 118
456 243
456 425
456 477
456 533
456 587
456 605
457 100
457 147
457 196
457 224
457 256
457 271
457 300
457 442
457 461
457 465
457 494
457 632
457 679
457 689
457 712
457 723
458 71
458 152
458 201
458 261
458 296
458 324
458 396
458 424
458 481
458 513
458 626
459 38
459 47
459 53
459 160
459 354
459 361
459 435
459 506
460 127
460 150
460 189
460 292
460 367
460 447
460 493
460 556
460 580
460 629
461 112
461 315
461 380
461 417
462 66
462 82
462 83
462 302
462 332
462 374
462 379
462 515
462 586
462 632
462 633
462 711
462 746
463 27
463 196
463 342
463 404
463 502
463 512
463 555
463 574
463 669
463 747
464 32
464 335
464 510
465 204
465 208
465 233
465 302
465 484
465 534
465 617
465 660
465 670
465 738
466 275
466 322
466 409
467 88
467 99
467 126
467 214
467 249
467 291
467 410
467 413
467 633
467 640
467 694
468 9
468 132
468 138
468 194
468 203
468 342
468 470
468 560
468 613
469 76
469 139
469 196
469 282
469 311
469 402
469 448
469 487
469 520
469 521
469 552
469 561
469 678
469 689
469 698
469 710
469 741
470 61
470 69
470 76
470 104
470 150
470 154
470 169
470 188
470 274
470 375
470 565
470 609
470 697
470 700
470 744
471 67
471 79
471 85
471 246
471 307
471 311
471 390
471 562
471 583
471 595
471 633
471 657
471 738
472 34
472 269
472 276
472 294
472 313
472 339
472 369
472 400
472 599
472 605
472 721
473 136
473 151
473 153
473 225
473 238
473 307
473 458
473 581
473 589
473 619
473 702
474 30
474 121
474 288
474 298
474 384
474 577
474 639
474 672
474 739
475 263
475 297
475 373
475 478
475 514
475 515
475 619
475 673
476 56
476 60
476 117
476 121
476 203
476 238
476 283
476 460
476 542
476 571
476 575
476 598
476 671
476 676
476 679
476 704
477 46
477 387
477 404
477 443
477 568
478 48
478 333
479 61
479 157
479 189
479 268
479 283
479 336
479 379
479 556
479 577
479 580
479 581
479 666
480 5
480 29
480 87
480 99
480 167
480 241
480 289
480 303
480 340
480 554
480 605
480 606
480 619
481 165
481 355
481 361
481 489
481 543
481 719
482 20
482 97
482 135
482 138
482 280
482 396
482 496
482 545
482 568
482 666
482 735
483 1
483 9
483 107
483 230
483 326
483 438
483 521
483 548
483 647
483 651
483 722
484 11
484 185
484 439
484 568
484 581
484 634
484 715
484 734
485 28
485 104
485 139
485 176
485 190
485 254
485 262
485 264
485 278
485 314
485 340
485 414
485 443
485 468
485 540
485 681
485 700
486 75
486 117
486 201
486 252
486 274
486 278
486 336
486 402
486 404
486 440
486 501
486 587
486 611
486 633
487 193
487 197
487 439
487 495
487 597
487 675
488 304
488 372
488 415
488 432
488 444
488 462
488 636
488 700
489 2
489 47
489 84
489 173
489 174
489 209
489 258
489 531
489 541
489 666
490 13
490 207
490 263
490 287
490 395
490 451
490 487
490 566
490 598
490 635
490 668
490 708
490 738
490 740
491 18
491 49
491 183
491 385
491 440
491 448
491 601
492 3
492 120
492 198
492 206
492 244
492 297
492 382
492 481
492 590
492 728
493 62
493 187
493 338
493 383
493 464
493 559
493 579
493 632
493 711
494 15
494 115
494 125
494 357
494 411
494 467
494 535
494 558
494 629
494 643
494 675
494 679
494 689
494 693
494 742
495 28
495 50
495 185
495 265
495 266
495 385
495 420
495 603
495 703
495 740
496 74
496 129
496 166
496 244
496 363
496 480
496 534
496 610
496 642
496 668
497 12
497 59
497 77
497 182
497 380
497 452
497 605
497 628
498 59
498 98
498 199
498 275
498 282
498 386
498 629
498 680
498 690
499 19
499 86
499 87
499 184
499 241
499 285
499 339
499 352
499 407
499 444
499 457
499 520
499 534
499 655
499 657
499 668
500 108
500 277
500 280
500 301
500 340
500 390
500 490
501 55
501 75
501 144
501 268
501 437
501 568
501 577
501 605
501 671
502 36
502 43
502 185
502 203
502 309
502 383
502 530
502 533
502 561
502 649
502 654
502 672
503 94
503 281
503 345
503 467
503 473
503 476
503 518
503 613
504 1
504 120
504 172
504 416
504 558
504 711
505 61
505 68
505 269
505 314
505 354
505 387
506 39
506 44
506 96
506 296
506 317
506 409
506 417
506 545
506 557
506 559
506 674
506 722
507 14
507 28
507 81
507 245
508 176
508 224
508 291
508 299
508 328
508 367
508 477
508 585
508 666
509 10
509 67
509 90
509 254
509 312
509 524
509 621
510 158
510 197
510 257
511 124
511 153
511 202
511 442
511 448
511 485
511 503
511 657
511 745
512 51
512 197
512 269
512 343
512 403
512 405
512 413
512 423
512 451
512 457
512 548
512 659
512 710
512 730
513 56
513 101
513 170
513 242
513 279
513 399
513 546
513 575
513 610
514 195
514 199
514 206
514 219
514 229
514 243
514 245
514 255
514 351
514 497
514 556
514 561
514 653
514 693
514 739
514 745
515 258
515 300
515 350
515 678
516 35
516 51
516 121
516 223
516 227
516 322
516 341
516 528
516 703
516 730
516 747
517 47
517 92
517 157
517 262
517 305
517 350
517 365
517 391
517 409
517 455
517 544
518 6
518 96
518 138
518 221
518 234
518 283
518 426
518 492
518 533
518 538
518 588
518 589
518 657
519 71
519 133
519 231
519 292
519 414
519 477
519 498
519 562
519 570
519 643
520 154
520 264
520 326
520 340
520 370
520 474
520 507
520 553
520 614
520 662
520 673
520 692
520 695
521 70
521 105
521 220
521 343
521 448
521 452
521 506
521 525
521 528
521 540
521 551
521 557
521 588
521 700
522 103
522 111
522 197
522 267
522 301
522 328
522 554
522 624
522 668
522 726
522 728
523 51
523 145
523 155
523 222
523 248
523 282
523 289
523 333
523 449
523 519
523 636
523 663
524 3
524 261
524 310
524 382
524 421
524 569
524 599
524 600
524 692
525 86
525 152
525 165
525 171
525 200
525 253
525 322
525 329
525 380
525 408
525 448
525 467
525 522
525 527
525 560
525 562
525 581
525 729
526 22
526 45
526 86
526 254
526 370
526 439
526 591
526 689
526 729
527 63
527 94
527 97
527 148
527 221
527 275
527 291
527 392
527 462
527 482
527 495
527 563
528 217
528 236
528 246
528 252
528 293
528 497
528 598
528 675
529 268
529 272
529 582
529 683
529 690
529 694
530 27
530 66
530 114
530 133
530 145
530 224
530 243
530 507
530 682
530 686
530 728
530 743
531 104
531 107
531 171
531 247
531 369
531 380
531 395
531 456
531 597
531 642
531 746
532 14
532 69
532 163
532 192
532 354
532 404
532 412
532 428
532 496
532 584
532 595
532 626
532 737
533 157
533 200
533 246
533 328
533 605
533 617
533 633
533 671
533 747
534 80
534 92
534 200
534 287
534 498
534 519
534 521
534 601
535 82
535 106
535 157
535 243
535 268
535 371
535 409
535 420
535 534
535 567
535 628
535 655
535 681
535 710
536 282
536 334
536 554
536 564
536 653
536 683
536 733
536 750
537 104
537 106
537 107
537 171
537 290
537 297
537 308
537 310
537 325
537 342
537 365
537 478
537 492
537 638
537 727
538 34
538 69
538 87
538 113
538 301
538 325
538 352
538 481
538 603
538 640
539 4
539 52
539 158
539 309
539 345
539 541
539 631
539 724
540 71
540 177
540 201
540 322
540 522
540 568
540 664
541 94
541 95
541 167
541 224
541 403
541 412
541 490
541 573
541 607
542 59
542 173
542 182
542 243
542 306
542 338
542 440
542 549
542 622
542 679
542 713
542 737
543 11
543 77
543 137
543 300
543 328
543 371
543 382
543 421
544 26
544 53
544 221
544 292
544 611
544 687
544 747
545 10
545 53
545 103
545 138
545 153
545 291
545 316
545 345
545 362
545 481
545 494
545 504
545 709
545 749
546 123
546 232
546 316
546 381
546 670
546 741
547 7
547 99
547 103
547 118
547 197
547 378
547 398
547 463
547 477
547 528
547 591
548 38
548 147
548 329
548 360
548 393
548 560
548 617
548 670
549 111
549 187
549 228
549 329
549 338
549 383
549 399
549 511
549 564
549 619
549 628
549 707
549 708
549 724
550 267
550 276
550 306
550 374
550 410
550 523
550 633
551 29
551 37
551 224
551 229
551 403
551 508
551 547
551 578
551 682
551 725
551 741
552 53
552 77
552 145
552 294
552 406
552 457
552 585
552 646
553 31
553 61
553 93
553 182
553 208
553 363
553 369
553 372
553 441
553 555
553 692
553 717
554 4
554 182
554 305
554 425
554 473
554 582
554 614
554 622
554 666
555 49
555 104
555 129
555 132
555 161
555 175
555 254
555 330
555 399
555 618
556 99
556 194
556 265
556 277
556 278
556 299
556 406
556 613
557 19
557 60
557 103
557 116
557 210
557 309
557 451
557 461
557 617
558 67
558 149
558 241
558 268
558 389
558 496
558 528
558 552
558 614
558 651
559 19
559 57
559 79
559 111
559 125
559 262
559 404
559 489
559 512
559 529
559 619
560 17
560 33
560 49
560 231
560 276
560 305
560 311
560 361
560 621
561 12
561 121
561 180
561 190
561 345
561 548
561 570
561 619
562 29
562 35
562 187
562 189
562 217
562 218
562 307
562 563
562 636
562 673
563 120
563 123
563 186
563 208
563 267
563 301
563 328
563 360
563 709
564 305
564 331
564 473
564 511
564 573
564 611
564 689
565 227
565 353
565 372
565 428
565 527
565 547
565 566
565 586
565 621
565 658
565 739
566 144
566 256
566 350
566 359
566 437
566 467
566 475
566 527
566 648
566 702
566 703
567 572
567 660
567 709
568 115
568 133
568 255
568 282
568 290
568 325
568 330
568 406
568 423
568 635
568 738
569 28
569 77
569 309
569 532
569 542
569 548
569 567
569 578
569 579
569 585
570 1
570 3
570 11
570 233
570 254
570 476
570 493
570 540
570 608
570 689
571 208
571 324
571 332
571 479
571 496
571 510
571 538
571 553
571 626
571 640
571 740
572 13
572 48
572 360
572 383
572 498
572 519
572 630
572 664
572 718
572 738
572 744
573 323
573 548
573 577
573 614
573 649
573 656
573 685
574 12
574 62
574 73
574 108
574 168
574 171
574 187
574 189
574 203
574 328
574 491
574 604
574 676
575 18
575 132
575 232
575 233
575 295
575 312
575 355
575 371
575 510
575 604
575 613
575 630
575 649
575 667
576 21
576 50
576 173
576 192
576 245
576 294
576 549
576 572
576 583
577 154
577 183
577 244
577 254
577 292
577 317
577 333
577 406
577 424
577 568
577 700
578 217
578 336
578 347
578 366
578 392
578 450
578 569
578 662
578 702
578 721
579 135
579 402
579 407
579 597
579 647
580 14
580 47
580 50
580 63
580 260
580 263
580 339
580 402
580 579
580 730
581 24
581 118
581 145
581 505
581 658
581 689
582 84
582 144
582 233
582 236
582 304
582 377
582 440
582 663
583 38
583 121
583 385
583 441
583 445
583 507
583 544
583 586
583 593
583 627
584 81
584 93
584 127
584 137
584 208
584 210
584 282
584 327
584 342
584 387
584 675
584 688
584 730
584 736
585 142
585 166
585 177
585 256
585 317
585 328
585 479
585 497
585 628
585 688
585 708
586 65
586 75
586 122
586 138
586 143
586 193
586 202
586 238
586 366
586 409
586 524
586 541
586 647
586 695
587 23
587 54
587 104
587 124
587 144
587 193
587 211
587 316
587 369
587 384
587 429
587 499
587 728
588 66
588 87
588 146
588 155
588 181
588 284
588 300
588 480
588 510
588 599
589 33
589 95
589 109
589 272
589 290
589 436
589 500
589 518
589 555
589 587
589 684
589 687
589 704
590 25
590 43
590 101
590 130
590 387
590 389
590 400
590 568
590 587
591 21
591 37
591 70
591 212
591 415
591 563
591 582
591 696
592 191
592 264
592 279
592 480
592 637
592 705
592 731
593 101
593 117
593 121
593 169
593 329
593 332
593 371
593 383
593 445
593 454
593 455
593 462
593 550
594 5
594 67
594 85
594 87
594 159
594 162
594 163
594 189
594 509
594 533
594 584
594 666
594 684
594 702
595 151
595 397
595 468
595 489
595 569
595 614
595 631
595 694
595 738
596 115
596 130
596 204
596 389
596 397
596 450
596 470
596 483
596 514
596 529
596 553
597 93
597 128
597 162
597 201
597 465
597 503
597 592
597 708
598 98
598 113
598 189
598 257
598 284
598 351
598 584
598 680
598 702
598 742
599 118
599 231
599 408
599 420
599 709
600 13
600 270
600 342
600 345
600 349
600 431
600 440
600 456
600 459
600 501
600 526
600 636
600 735
601 37
601 125
601 144
601 181
601 287
601 318
601 398
601 450
601 474
601 644
601 668
601 712
602 185
602 407
602 410
602 428
602 431
602 514
602 573
602 579
603 5
603 109
603 161
603 172
603 242
603 314
603 325
603 460
603 483
604 4
604 48
604 102
604 144
604 269
604 630
605 53
605 105
605 122
605 199
605 222
605 232
605 234
605 394
605 452
605 455
605 513
605 590
605 593
605 665
605 723
606 2
606 28
606 92
606 96
606 121
606 289
606 343
606 529
606 582
606 592
607 32
607 193
607 223
607 276
607 413
607 475
607 494
607 508
608 83
608 86
608 151
608 352
608 411
608 431
608 630
608 644
608 672
608 713
608 721
609 3
609 198
609 317
609 413
609 445
609 450
609 581
609 640
609 673
610 122
610 208
610 229
610 360
610 525
610 596
611 58
611 139
611 205
611 209
611 312
611 444
611 503
611 546
611 738
612 45
612 82
612 123
612 324
612 444
612 451
613 213
613 326
613 405
613 406
613 443
613 458
613 461
613 489
613 506
613 528
613 569
613 594
613 607
613 665
613 706
614 45
614 75
614 113
614 174
614 228
614 326
614 352
614 392
614 453
614 503
614 557
614 739
615 19
615 209
615 267
615 293
615 434
615 476
615 526
615 659
615 721
616 22
616 90
616 102
616 164
616 225
616 310
616 335
616 579
616 618
617 32
617 137
617 145
617 180
617 307
617 361
617 593
617 648
617 744
618 245
618 297
618 322
618 405
618 411
618 443
618 529
619 137
619 154
619 218
619 302
619 473
619 522
619 597
619 664
619 692
620 110
620 288
620 319
620 557
620 714
621 70
621 194
621 209
621 395
621 573
621 595
621 624
621 627
621 727
622 105
622 129
622 150
622 198
622 249
622 290
622 364
622 421
622 427
622 439
622 475
622 682
622 691
622 738
623 15
623 64
623 164
623 186
623 249
623 261
623 303
623 418
623 433
623 501
623 595
623 731
624 102
624 188
624 331
624 381
624 564
624 675
624 703
625 32
625 136
625 243
625 299
625 333
625 416
625 472
625 637
625 694
625 705
626 65
626 115
626 276
626 311
626 315
626 342
626 387
626 514
626 616
626 702
627 439
627 487
627 539
627 603
627 647
627 688
627 695
627 701
627 705
628 55
628 296
628 302
628 409
628 423
628 447
628 486
628 681
628 745
629 157
629 384
629 395
629 492
629 538
629 566
629 652
629 744
630 100
630 139
630 365
630 385
630 509
630 532
630 558
630 595
630 599
630 640
630 645
631 32
631 213
631 502
631 611
631 620
631 657
631 672
632 10
632 201
632 212
632 263
632 300
632 528
632 600
632 715
633 17
633 104
633 170
633 198
633 319
633 541
633 572
633 743
634 222
634 342
634 450
634 487
635 55
635 76
635 120
635 122
635 203
635 231
635 410
635 537
635 694
636 62
636 88
636 91
636 150
636 322
636 328
636 391
636 397
636 401
636 571
636 589
636 709
636 737
637 5
637 29
637 32
637 49
637 210
637 332
637 389
637 411
637 421
637 543
637 597
637 661
637 696
638 23
638 98
638 190
638 204
638 256
638 286
638 421
638 481
638 503
638 547
638 549
638 649
639 8
639 43
639 103
639 104
639 112
639 139
639 260
639 427
639 429
639 447
639 454
639 596
639 673
640 187
640 257
640 285
640 288
640 303
640 394
640 550
640 573
640 589
640 688
640 705
641 50
641 70
641 102
641 150
641 290
641 346
641 446
641 589
641 653
641 692
642 10
642 198
642 200
642 217
642 227
642 238
642 299
642 358
642 415
642 474
642 530
642 540
642 561
642 744
643 90
643 121
643 160
643 165
643 181
643 198
643 233
643 438
643 475
643 522
643 546
643 565
643 641
643 659
644 80
644 139
644 184
644 195
644 273
644 326
644 357
644 411
644 418
644 540
644 621
644 693
645 21
645 104
645 182
645 268
645 309
645 382
645 569
645 588
645 612
646 29
646 31
646 84
646 244
646 245
646 291
646 508
646 522
646 542
646 638
646 707
647 169
647 609
647 610
648 68
648 144
648 163
648 329
648 443
648 716
648 742
648 744
649 18
649 103
649 154
649 331
649 389
649 469
649 507
649 728
649 730
649 738
650 63
650 145
650 177
650 235
650 303
650 304
650 327
650 450
650 536
650 582
650 680
651 6
651 221
651 294
651 464
651 494
651 552
651 586
651 618
651 650
651 657
651 705
651 721
652 65
652 224
652 265
652 300
652 452
652 480
652 571
652 655
653 133
653 359
653 400
653 441
653 621
653 635
653 748
654 39
654 78
654 106
654 107
654 112
654 289
654 319
654 329
654 339
654 514
654 544
654 571
655 66
655 100
655 169
655 251
655 383
655 520
655 654
656 19
656 94
656 179
656 181
656 187
656 200
656 227
656 376
656 401
656 416
656 432
656 458
656 534
656 589
656 591
656 631
656 736
657 30
657 76
657 216
657 244
657 324
657 360
657 491
657 571
657 588
657 646
657 667
658 2
658 7
658 76
658 116
658 215
658 294
658 369
658 385
658 474
658 578
658 590
658 666
658 740
659 34
659 215
659 286
659 348
659 427
659 525
659 555
659 706
660 67
660 107
660 134
660 361
660 364
660 368
660 460
660 483
660 597
660 636
660 681
660 695
661 32
661 74
661 145
661 154
661 179
661 199
661 480
661 545
661 613
661 615
661 627
661 729
662 305
662 416
662 433
662 438
662 445
662 673
662 722
662 731
663 98
663 220
663 333
663 518
664 207
664 209
664 319
664 353
664 562
664 602
664 656
665 26
665 33
665 412
665 442
665 463
665 561
665 566
665 608
665 648
665 679
665 703
666 11
666 96
666 97
666 253
666 388
666 440
666 463
666 478
666 553
667 69
667 97
667 205
667 286
667 420
667 474
667 503
667 506
667 514
667 586
667 609
667 636
667 684
667 688
668 81
668 95
668 179
668 224
668 278
668 331
668 385
668 410
668 454
668 468
668 549
668 550
668 689
668 697
669 32
669 52
669 115
669 156
669 356
669 374
669 579
669 628
670 26
670 66
670 295
670 302
670 405
670 414
670 661
670 699
670 733
671 78
671 84
671 199
671 210
671 405
671 730
672 18
672 67
672 124
672 173
672 297
672 368
672 389
672 400
672 453
672 524
672 532
672 623
672 730
672 737
673 248
673 309
673 324
673 348
673 446
673 574
674 55
674 88
674 249
674 261
674 307
674 334
674 393
674 514
674 525
674 545
674 569
674 585
674 607
674 654
675 94
675 173
675 179
675 206
675 216
675 353
675 372
675 706
675 721
676 104
676 113
676 170
676 232
676 322
676 361
676 363
676 447
676 483
676 505
676 527
676 651
676 673
676 734
676 747
677 41
677 72
677 210
677 329
677 465
677 571
677 581
677 609
677 692
678 30
678 31
678 50
678 81
678 134
678 211
678 263
678 422
678 453
678 506
678 524
678 534
678 648
678 748
679 141
679 199
679 218
679 283
679 431
679 437
679 467
679 468
679 482
679 724
679 750
680 20
680 102
680 126
680 307
680 344
680 363
680 424
680 485
680 589
680 635
681 136
681 178
681 225
681 329
681 336
681 400
681 546
681 568
682 76
682 160
682 162
682 284
682 290
682 353
682 505
682 573
682 612
682 683
682 716
683 161
683 222
683 255
683 346
683 355
683 448
683 505
683 599
683 645
683 648
684 55
684 184
684 202
684 221
684 411
684 472
684 477
684 568
684 640
684 664
685 3
685 43
685 77
685 176
685 197
685 416
685 576
685 635
685 649
685 691
685 725
686 42
686 99
686 268
686 295
686 307
686 317
686 318
686 416
686 439
686 464
686 500
686 564
686 565
686 622
686 732
687 387
687 515
687 527
687 583
688 77
688 123
688 167
688 168
688 174
688 198
688 220
688 222
688 271
688 323
688 384
688 484
688 532
688 574
688 630
688 663
689 67
689 167
689 280
689 345
689 403
689 487
689 674
689 688
689 728
690 71
690 147
690 178
690 237
690 290
690 299
690 334
690 358
690 378
690 474
690 509
690 549
690 712
691 155
691 200
691 240
691 254
691 266
691 423
691 426
691 444
691 524
691 542
691 605
691 706
691 747
692 108
692 209
692 257
692 410
692 437
692 471
692 629
692 630
692 653
692 685
693 103
693 127
693 186
693 435
693 514
693 537
693 545
693 731
693 742
694 57
694 204
694 211
694 244
694 430
694 482
694 518
694 628
694 633
694 717
695 160
695 242
695 321
695 348
695 352
695 412
695 460
695 552
695 632
696 35
696 443
696 450
696 550
696 573
696 687
696 728
697 129
697 256
697 271
697 290
697 391
697 474
697 658
697 695
698 8
698 29
698 152
698 332
698 352
698 383
698 392
698 527
698 533
698 597
698 725
698 744
699 334
699 496
699 546
699 584
700 13
700 113
700 155
700 173
700 246
700 264
700 265
700 268
700 445
700 490
701 41
701 68
701 147
701 179
701 262
701 299
701 394
701 444
701 477
701 572
701 636
701 650
701 739
701 749
702 86
702 87
702 221
702 223
702 236
702 450
702 482
702 494
702 622
702 665
703 5
703 17
703 73
703 127
703 399
703 718
703 735
704 33
704 40
704 294
704 525
704 738
704 744
705 4
705 69
705 236
705 268
705 478
705 557
706 70
706 95
706 97
706 107
706 250
706 395
706 400
706 529
706 592
706 741
707 46
707 76
707 290
707 378
707 486
707 510
707 613
707 721
708 1
708 5
708 134
708 220
708 273
708 310
708 603
708 720
708 730
708 731
709 26
709 36
709 118
709 130
709 155
709 192
709 224
709 250
709 268
709 433
709 442
709 541
709 645
709 694
709 749
710 101
710 267
710 329
710 330
710 347
710 349
710 428
710 488
711 16
711 184
711 398
711 554
711 576
711 592
711 716
712 59
712 96
712 129
712 152
712 199
712 307
712 324
712 333
712 448
712 495
712 506
712 560
712 576
712 605
712 607
712 617
712 637
713 96
713 119
713 128
713 171
713 237
713 277
713 289
713 376
713 383
713 458
713 621
713 740
714 13
714 40
714 62
714 160
714 235
714 251
714 306
714 341
714 415
714 462
714 499
714 550
714 607
714 615
715 71
715 139
715 174
715 234
715 249
715 287
715 349
715 383
715 424
716 108
716 130
716 324
716 472
716 524
716 582
717 38
717 108
717 153
717 212
717 335
717 363
717 469
717 564
717 598
717 609
718 4
718 170
718 186
718 267
718 316
718 336
718 425
718 465
718 469
718 510
718 521
718 534
718 553
718 560
718 684
718 732
718 746
719 7
719 188
719 450
719 530
719 650
719 688
719 716
719 737
719 746
720 121
720 136
720 137
720 147
720 215
720 367
720 370
720 431
721 162
721 211
721 214
721 408
721 545
721 670
721 695
722 183
722 330
722 417
722 504
722 526
722 649
722 684
722 744
723 47
723 127
723 541
723 621
723 645
723 652
724 10
724 58
724 456
724 471
724 492
724 671
724 715
724 729
725 138
725 150
725 301
725 333
725 588
725 602
725 704
726 167
726 209
726 256
726 354
726 373
726 471
726 492
726 519
726 527
726 541
726 564
726 583
727 4
727 115
727 143
727 289
727 364
727 538
727 562
727 594
728 136
728 186
728 195
728 320
728 649
729 75
729 182
729 186
729 320
729 329
729 406
729 518
729 670
729 717
729 748
730 176
730 258
730 360
730 383
730 414
730 533
730 539
730 564
730 590
730 616
731 42
731 311
731 634
731 665
731 720
731 746
732 4
732 43
732 55
732 224
732 309
732 442
732 543
732 567
732 576
732 649
733 137
733 249
733 299
733 337
733 377
733 415
733 443
733 483
733 544
734 11
734 59
734 76
734 241
734 262
734 297
734 349
734 382
734 394
734 425
734 535
734 555
734 647
734 679
735 90
735 125
735 184
735 229
735 310
735 361
735 410
735 431
735 540
735 562
735 596
735 665
735 671
735 678
735 710
736 80
736 166
736 188
736 339
736 435
736 465
736 511
736 581
736 606
736 612
736 708
736 729
737 176
737 183
737 263
737 411
737 509
738 34
738 72
738 109
738 114
738 122
738 169
738 362
738 366
738 382
738 392
738 403
738 416
738 453
738 478
738 694
739 14
739 48
739 75
739 88
739 107
739 220
739 224
739 233
739 245
739 275
739 411
739 420
739 532
739 567
739 737
740 34
740 76
740 107
740 314
740 317
740 320
740 344
740 432
740 608
740 621
740 633
740 675
740 708
740 727
741 21
741 26
741 306
741 356
741 404
741 450
741 452
741 526
741 534
741 561
741 564
741 569
741 672
741 685
741 694
742 43
742 111
742 117
742 133
742 239
742 382
742 471
742 586
742 621
742 648
742 653
742 735
743 60
743 133
743 197
743 200
743 219
743 245
743 304
743 321
743 339
743 360
743 449
743 532
743 563
743 591
743 608
743 619
743 659
743 716
744 24
744 150
744 189
744 193
744 254
744 284
744 358
744 405
744 559
744 589
744 596
744 611
744 632
744 671
744 714
745 38
745 77
745 114
745 171
745 209
745 279
745 388
745 441
745 467
745 493
745 516
745 556
745 565
745 649
746 12
746 14
746 167
746 203
746 228
746 492
746 540
746 559
746 623
746 695
746 718
747 47
747 169
747 220
747 223
747 286
747 290
747 299
747 394
747 397
747 465
747 471
747 518
747 559
747 627
747 629
747 709
748 28
748 33
748 43
748 112
748 153
748 229
748 257
748 291
748 518
748 529
748 535
748 606
748 652
749 40
749 123
749 154
749 156
749 179
749 219
749 236
749 282
749 308
749 311
749 359
749 435
749 451
749 468
749 511
749 561
749 614
749 662
750 166
750 266
750 312
750 497
750 593
750 728
