750
3732
1 73
1 223
1 562
2 84
2 121
2 178
2 189
2 264
2 408
2 678
3 112
3 175
3 425
3 500
3 573
3 675
4 132
4 342
4 382
4 630
4 695
5 62
5 90
5 103
5 159
5 179
5 246
5 272
6 40
6 114
6 724
7 90
7 341
7 380
7 466
7 568
7 681
8 33
8 94
8 192
8 393
8 448
9 89
9 713
10 408
10 584
11 10
11 58
11 75
11 210
11 219
11 283
11 473
11 490
11 576
11 691
11 719
12 3
12 113
12 194
12 300
12 369
12 535
13 135
13 150
13 318
13 687
13 721
14 67
14 77
14 87
14 660
14 697
14 739
15 345
15 431
15 507
15 554
16 87
16 200
16 426
16 480
16 627
17 425
17 509
17 520
17 538
17 589
17 687
18 68
18 232
18 412
18 446
18 520
18 523
18 548
19 100
19 378
19 404
19 470
19 645
19 741
20 71
20 412
20 675
21 6
21 152
21 702
22 166
22 331
22 363
22 572
22 689
22 701
23 211
23 438
23 542
23 616
23 644
24 222
24 395
24 661
25 17
25 115
25 152
26 80
26 239
26 309
26 333
26 566
26 571
27 113
27 165
28 87
28 140
28 252
28 558
29 33
29 251
29 263
29 335
29 447
29 486
29 596
29 686
29 730
30 174
30 509
31 103
31 333
31 371
31 422
31 445
31 512
31 519
32 279
32 283
32 325
32 402
32 701
33 85
33 541
33 542
33 591
34 93
34 212
34 268
34 415
34 504
34 633
35 286
35 404
35 580
35 734
36 60
36 259
36 500
37 312
38 166
38 192
38 229
38 235
38 376
39 266
39 300
39 342
39 386
39 406
39 490
39 533
39 674
40 36
40 123
40 170
40 333
41 35
41 253
41 465
41 500
41 634
42 293
42 474
42 606
43 126
43 158
43 593
43 701
44 29
44 74
44 295
44 406
44 445
44 562
44 649
45 346
45 434
45 716
45 717
46 12
46 22
46 75
46 92
46 115
47 98
47 279
47 374
47 383
47 463
47 467
49 308
49 400
49 739
50 181
50 220
50 352
50 454
50 459
51 326
51 462
51 559
51 627
52 80
52 467
52 543
53 475
54 140
54 234
54 440
54 474
54 502
54 677
55 56
55 105
55 132
55 267
56 193
56 567
56 647
57 15
57 56
57 105
57 208
57 213
57 280
57 291
57 559
57 583
57 616
57 673
58 52
58 77
58 242
58 264
58 279
58 344
58 569
58 698
59 211
59 298
59 351
59 420
59 480
59 481
59 508
59 675
59 740
60 101
60 358
60 566
60 703
61 50
61 242
61 324
61 675
62 108
62 122
62 411
62 681
63 594
63 698
64 32
64 310
64 419
64 546
64 591
65 41
65 113
65 342
66 157
66 366
66 484
66 592
66 750
67 86
67 607
67 611
67 647
68 150
68 452
68 503
69 37
69 116
69 543
69 736
70 158
70 363
70 475
70 489
70 523
70 533
70 737
71 36
71 81
71 201
71 344
71 384
71 416
71 583
71 722
72 116
72 169
72 297
72 311
72 331
72 425
73 18
73 71
73 574
74 101
74 147
75 100
75 206
75 337
75 578
75 642
75 658
75 682
76 258
76 465
76 518
76 687
77 154
77 169
77 260
77 456
77 463
77 534
77 552
77 566
78 446
79 131
79 324
79 327
79 354
79 482
79 676
80 296
80 298
80 318
80 396
80 527
80 742
81 153
81 529
81 705
82 54
82 61
82 108
82 112
82 293
82 341
82 582
82 642
83 219
83 327
83 439
84 14
84 102
84 592
84 666
84 710
85 47
85 89
85 168
85 336
85 419
85 526
85 533
85 562
85 633
86 76
86 189
86 203
86 285
86 462
86 563
87 114
87 232
87 274
88 99
88 108
89 7
89 193
89 374
89 382
89 403
89 510
89 536
89 556
90 79
90 214
91 10
91 17
91 126
91 133
91 315
92 246
92 283
92 398
93 68
93 223
93 224
93 688
93 697
94 570
94 675
95 281
95 581
95 712
96 125
96 222
96 382
96 509
96 569
96 680
97 148
97 247
97 418
97 535
97 637
98 63
98 599
99 27
99 454
99 491
99 511
99 749
100 474
101 221
101 261
101 383
101 497
101 573
101 579
101 631
101 722
102 132
102 228
102 261
102 377
102 396
103 313
103 530
104 70
104 164
104 373
104 606
104 695
104 732
105 221
105 222
105 232
105 312
105 608
106 65
106 86
106 563
106 579
106 719
107 54
107 240
107 452
108 84
108 134
108 181
108 248
108 521
108 527
109 116
109 130
109 269
109 553
109 590
110 57
110 100
110 257
110 343
110 476
110 612
111 19
111 147
111 168
111 215
111 257
111 265
111 582
111 640
112 405
112 418
112 460
112 501
112 739
113 302
113 380
113 405
113 537
113 555
113 723
114 108
114 332
114 659
114 711
114 727
115 141
115 177
115 203
115 340
115 343
115 621
116 73
116 106
116 142
116 213
117 85
117 192
117 193
117 225
117 273
117 281
117 346
117 372
117 420
117 494
117 519
117 522
118 43
118 97
118 277
118 316
119 50
119 153
119 420
119 442
119 492
119 539
119 569
119 651
120 527
120 582
120 693
121 134
121 210
121 272
121 392
121 440
121 571
121 628
121 688
122 43
122 80
122 129
122 227
122 597
122 666
123 40
123 240
123 423
124 189
124 208
124 437
125 69
125 201
125 268
125 746
126 69
126 454
126 469
127 59
127 203
127 526
128 160
128 202
128 222
128 310
128 446
128 635
129 459
129 624
130 263
130 285
130 348
130 594
130 738
131 106
131 141
131 163
131 242
131 246
131 296
131 505
131 633
131 700
132 269
132 295
132 423
132 667
133 127
133 311
133 371
133 545
133 608
133 673
133 675
134 142
134 165
134 546
134 551
134 559
134 653
135 13
135 139
135 239
135 348
135 396
135 657
136 130
136 176
136 583
136 688
137 247
137 279
137 482
137 612
137 629
137 669
138 8
138 159
138 215
138 357
138 476
138 491
138 611
138 618
139 37
139 160
139 191
139 503
139 509
139 578
139 683
139 695
140 139
140 169
140 221
140 374
140 511
141 59
141 210
141 454
141 547
141 635
142 8
142 380
142 651
143 150
143 223
143 472
144 325
144 504
144 527
144 687
145 79
145 170
145 252
145 370
145 401
146 48
146 110
146 438
146 506
146 657
146 669
146 683
147 552
148 322
148 360
148 680
149 107
149 199
149 213
149 503
149 514
149 689
150 96
150 360
150 441
150 450
151 36
151 185
151 354
151 633
151 684
152 517
152 532
152 572
153 521
153 578
153 736
154 12
154 211
154 524
154 596
154 700
155 2
155 99
155 232
155 393
156 215
156 527
156 581
156 671
156 684
156 720
157 23
157 373
157 532
157 573
157 662
157 708
158 616
159 335
159 578
159 601
160 312
160 503
160 649
160 750
161 53
161 97
161 115
161 210
161 238
161 275
161 308
161 335
161 603
162 157
162 195
162 207
162 234
162 254
162 280
162 528
162 690
163 31
163 150
163 195
163 235
163 252
163 298
163 508
164 175
164 229
164 270
164 298
164 435
164 452
164 559
164 619
164 690
164 742
164 743
165 68
165 348
165 435
166 506
166 551
166 563
167 5
167 58
167 214
167 695
168 439
168 498
169 35
169 302
169 319
169 541
169 574
169 596
169 630
170 70
170 115
170 181
170 184
170 252
170 256
170 419
170 504
170 574
171 73
171 109
171 244
172 32
172 137
172 494
172 598
172 627
172 649
173 262
173 301
173 305
173 674
174 225
174 353
174 578
175 26
175 230
175 348
175 382
175 557
176 99
176 400
176 510
176 514
176 533
176 706
176 728
177 106
177 136
177 300
177 743
178 86
178 370
178 373
178 523
178 690
179 49
179 112
179 181
179 280
179 509
180 118
180 256
180 487
180 661
181 259
181 570
181 580
181 590
181 634
181 637
182 83
182 94
182 111
182 328
182 521
182 534
182 669
183 27
183 75
183 492
183 564
183 589
184 40
184 149
184 279
184 556
184 605
184 607
185 2
185 364
185 386
185 448
185 634
186 181
186 297
186 391
186 396
186 409
186 461
186 703
187 93
187 179
187 306
187 629
187 659
187 736
188 21
188 508
188 567
188 578
189 130
189 158
189 175
189 179
189 287
189 309
190 327
190 486
190 646
191 2
191 6
191 708
192 211
192 329
192 383
193 79
193 113
193 122
193 134
193 191
193 320
193 350
193 648
193 667
194 118
194 165
194 219
194 281
194 310
194 671
195 23
195 190
195 355
195 379
195 659
195 711
197 323
197 543
197 684
197 727
198 328
198 687
199 193
199 244
199 323
199 486
199 577
199 595
200 272
200 509
201 61
201 274
201 326
201 408
201 690
202 171
202 309
202 382
202 585
203 150
203 460
204 46
204 473
205 104
205 183
205 320
205 349
205 357
205 571
205 576
205 586
205 590
205 629
205 668
206 180
206 324
206 498
206 699
206 737
207 276
207 303
207 324
207 359
207 449
207 745
208 36
208 235
208 466
208 601
209 74
209 96
209 220
209 368
209 495
209 529
209 700
209 708
210 101
210 230
210 252
210 473
210 515
210 571
210 713
211 81
211 185
211 262
211 339
211 341
211 398
211 445
211 477
212 19
212 101
212 178
212 640
212 668
213 133
213 227
213 251
213 326
213 345
213 459
213 683
214 29
214 115
214 299
214 562
215 96
215 127
215 439
215 555
216 460
217 31
217 261
217 405
217 480
218 134
218 199
218 219
218 233
218 249
218 408
218 495
218 658
218 748
219 56
219 276
219 481
219 613
220 18
220 24
220 323
220 493
220 514
220 530
220 592
220 623
220 747
221 224
221 549
222 88
222 92
222 263
222 342
222 600
223 102
223 122
223 328
223 516
223 568
224 80
224 204
224 246
224 281
224 297
224 456
224 492
224 574
225 231
225 426
226 288
226 592
227 329
227 399
227 591
227 622
228 251
228 319
228 417
228 490
228 661
229 215
229 464
230 58
230 252
230 305
231 20
231 142
231 182
231 378
231 620
232 173
232 190
232 323
233 11
233 22
233 28
233 133
233 195
233 261
233 671
234 8
234 162
234 200
234 330
234 336
234 448
234 569
235 135
235 407
235 409
236 463
236 586
237 78
237 245
237 327
237 338
237 438
237 471
237 641
237 695
238 89
238 256
238 262
238 290
238 596
238 704
239 9
239 110
239 210
239 289
239 595
239 747
240 59
240 100
241 32
241 84
241 240
241 726
242 28
242 544
242 561
242 597
243 153
243 372
243 409
243 444
244 215
244 252
244 288
244 393
244 507
244 608
245 68
245 207
245 248
245 480
245 536
246 37
246 234
246 394
246 454
247 256
247 346
247 531
247 596
247 663
247 692
247 748
248 24
248 238
248 377
248 484
248 732
249 64
249 442
249 460
250 19
250 90
250 542
251 377
251 402
251 439
251 630
251 649
252 448
252 459
252 544
253 85
253 130
253 300
253 337
253 362
253 572
253 675
254 104
254 109
254 373
254 424
254 515
254 556
255 79
255 489
255 526
256 330
256 516
256 663
257 208
257 324
257 354
257 513
257 624
257 652
257 653
257 687
258 138
258 419
258 719
259 131
259 357
259 451
260 293
261 341
261 617
262 140
262 204
262 311
262 419
262 467
262 482
262 534
262 628
263 96
263 133
263 247
263 389
263 391
263 398
263 645
264 485
264 704
265 78
265 334
265 360
265 459
265 471
265 555
265 610
267 76
267 100
267 148
267 153
267 320
267 358
267 465
267 623
267 647
267 686
267 706
268 245
268 254
268 646
268 667
269 43
269 74
269 102
269 116
270 41
270 59
270 81
270 113
270 120
270 186
270 263
270 300
270 355
270 571
271 6
271 43
271 392
271 437
271 529
273 89
273 130
273 326
273 374
273 480
273 584
273 727
274 216
274 396
274 723
275 332
275 648
276 125
276 251
276 294
277 150
277 236
278 12
278 64
278 220
279 185
279 322
279 379
279 440
279 452
279 518
280 22
280 114
280 279
280 400
280 449
280 598
281 81
281 298
281 503
282 51
282 121
282 144
282 335
282 352
282 413
282 504
282 639
282 726
283 271
283 504
283 663
284 9
284 243
284 330
284 338
284 380
285 210
285 392
285 396
285 617
285 631
285 665
285 690
286 226
286 325
286 435
286 585
287 168
287 533
288 201
288 572
288 678
288 713
288 718
289 240
289 256
289 580
289 658
290 11
290 378
290 434
290 453
290 492
290 714
290 718
291 42
291 250
291 309
291 391
291 616
291 645
292 39
292 112
292 269
293 62
293 144
293 275
293 395
293 707
294 158
294 567
294 624
294 663
295 262
295 276
295 372
295 450
295 529
295 611
295 639
295 737
296 679
297 156
297 175
297 325
297 362
297 391
298 77
298 233
298 257
298 537
298 644
299 89
299 186
299 478
299 575
300 281
300 532
300 615
301 205
301 217
301 226
301 690
302 44
302 439
302 515
302 675
302 747
303 74
303 79
303 171
303 350
303 358
303 398
303 437
303 445
303 575
304 178
304 361
304 440
304 458
304 505
305 56
305 105
305 230
305 733
306 102
306 157
306 229
306 408
306 418
306 525
306 577
306 666
307 161
307 172
307 221
307 433
307 462
307 491
307 522
307 567
307 592
307 620
308 20
308 630
308 715
309 67
309 468
309 586
309 627
309 665
309 696
309 715
310 4
310 227
310 285
310 675
311 40
311 359
311 455
311 478
311 490
311 614
311 673
312 44
312 340
312 489
312 572
312 603
312 627
313 21
313 282
313 320
313 455
313 623
313 709
313 721
314 37
314 38
314 114
314 297
314 634
314 699
315 32
315 124
315 196
315 224
315 248
315 341
315 432
315 500
315 603
316 136
316 262
317 634
317 659
318 41
318 319
318 337
318 414
319 46
319 71
319 141
319 188
319 281
319 382
319 525
319 606
319 626
320 237
320 328
320 423
321 87
321 383
322 94
322 161
322 313
322 381
322 489
322 522
322 570
322 592
322 676
323 194
323 300
323 417
323 449
323 542
323 548
323 722
324 42
324 68
324 118
324 203
324 258
324 377
324 637
324 659
325 12
325 122
325 750
326 89
326 538
326 661
326 689
326 747
327 521
328 136
328 456
328 488
328 594
329 97
329 98
329 161
329 281
329 302
329 548
329 582
329 644
330 331
330 623
331 52
331 69
331 101
331 147
331 270
331 635
332 579
332 655
333 419
333 559
334 249
334 336
335 82
335 359
335 514
335 740
336 216
336 241
336 436
336 471
336 567
337 241
337 490
337 516
337 625
337 633
338 23
338 76
338 458
338 504
338 550
339 201
339 311
339 397
339 464
340 96
340 224
340 317
340 480
340 591
340 632
341 59
341 93
341 125
341 157
341 272
342 13
342 120
342 198
342 352
342 405
342 486
342 655
343 351
343 374
343 433
343 630
344 97
344 208
344 272
344 303
344 672
344 733
345 273
345 422
345 460
345 486
345 530
345 605
345 609
345 626
345 705
346 49
346 163
346 195
346 730
347 208
347 272
347 318
347 423
348 257
348 552
348 567
349 58
349 110
349 462
349 577
350 213
350 513
350 559
350 595
351 83
351 176
351 186
351 374
352 100
352 224
352 423
352 490
352 614
352 619
353 54
353 425
353 562
353 582
353 603
353 706
354 27
354 190
354 277
354 450
354 600
354 647
355 124
355 269
355 395
355 403
355 437
355 466
355 517
355 564
355 621
355 706
355 746
356 132
356 168
356 377
356 408
356 456
356 688
356 723
357 81
357 171
357 374
357 473
357 554
357 596
357 648
358 282
358 669
358 673
358 707
359 455
359 522
359 569
359 643
359 745
360 101
360 179
360 318
360 415
360 456
361 130
361 239
361 253
361 601
361 695
362 31
362 131
362 145
362 238
362 408
362 494
362 584
363 135
363 213
363 259
363 506
363 515
363 523
363 739
364 54
364 66
364 78
364 547
365 90
365 646
365 681
365 740
366 32
366 99
366 218
366 384
366 402
367 249
367 406
367 479
368 153
368 324
368 371
368 376
368 411
368 539
368 598
369 146
369 155
369 176
369 179
369 247
369 298
369 567
369 596
369 647
370 64
370 148
370 516
370 655
371 20
371 441
372 194
372 601
372 677
373 110
373 231
373 331
374 90
374 109
374 700
375 2
375 309
375 365
375 413
375 616
375 664
375 668
376 35
376 69
376 208
376 287
376 317
376 456
376 457
376 503
376 747
377 157
377 171
377 225
377 306
377 433
377 479
377 646
378 142
378 412
378 418
378 518
378 593
378 658
378 737
379 132
379 402
379 408
379 501
379 580
379 606
379 648
379 700
380 116
380 568
380 590
380 736
380 750
381 280
381 480
382 396
382 436
382 654
382 689
382 743
383 230
383 244
383 355
383 374
383 377
383 561
384 77
384 100
384 176
384 434
384 656
385 277
385 318
385 419
385 424
385 571
385 602
385 744
386 36
386 146
386 352
386 674
386 743
387 98
387 100
387 318
387 319
387 627
387 660
388 54
388 281
388 437
388 464
389 187
389 229
389 411
389 488
389 535
390 111
390 290
390 364
391 1
391 178
391 249
392 50
392 70
392 310
392 345
392 543
392 686
392 693
392 713
393 355
393 479
393 750
394 54
394 402
395 143
395 215
395 219
395 286
395 377
395 447
395 490
396 283
396 476
396 634
397 57
397 141
397 184
397 199
397 258
397 387
397 722
398 208
398 219
399 222
399 641
400 549
400 652
401 121
401 168
401 440
402 54
402 102
402 123
402 221
402 338
402 459
402 517
402 562
402 714
403 338
403 352
403 712
404 15
404 35
404 190
404 234
405 159
405 162
405 214
405 234
405 328
405 342
405 356
405 519
405 738
406 391
406 540
406 649
406 652
406 727
407 44
407 734
408 226
408 389
408 471
408 560
408 609
409 38
409 347
409 350
409 438
409 590
409 644
409 649
409 688
409 707
410 455
410 486
410 604
411 66
411 673
412 6
412 19
412 169
412 411
413 99
413 370
413 419
413 604
414 167
414 196
414 235
414 325
414 339
414 364
414 386
414 459
414 492
414 526
414 699
415 30
415 648
416 347
416 387
416 698
417 87
417 105
417 121
417 132
417 246
417 434
417 519
417 549
417 691
417 715
418 329
418 377
418 453
419 148
419 493
419 565
419 567
419 574
419 606
419 658
419 662
419 675
420 474
420 681
421 110
421 326
421 507
421 521
421 598
421 689
422 163
422 216
422 286
422 385
422 398
423 68
423 526
424 34
424 120
424 195
424 314
424 350
424 712
424 728
424 745
425 47
425 320
425 357
425 509
425 526
425 578
426 206
426 259
426 298
426 413
426 461
426 529
426 615
426 662
427 234
427 277
427 356
427 508
427 655
428 9
428 504
429 12
429 725
430 174
430 185
430 197
430 230
430 544
431 220
431 443
431 611
431 612
431 706
432 24
432 27
432 318
432 473
432 496
432 500
432 581
432 741
433 651
433 737
434 70
434 178
434 279
434 311
434 381
434 697
435 282
435 627
435 660
435 692
435 741
435 750
436 55
436 394
436 411
437 117
437 195
437 207
437 226
437 259
437 269
437 456
437 669
438 91
438 516
438 634
438 674
438 724
439 371
439 611
440 21
440 57
440 92
440 186
440 205
440 303
440 406
440 408
440 713
441 32
441 41
441 74
441 153
441 162
441 170
441 182
441 271
441 330
441 672
442 111
442 290
442 593
442 747
443 148
443 193
443 306
443 390
443 424
443 629
443 685
443 709
444 5
444 476
444 592
445 92
445 316
445 417
445 532
445 710
446 149
446 170
446 173
446 265
446 397
446 524
446 623
446 636
447 174
447 249
447 295
447 354
447 441
447 599
447 699
448 17
448 192
448 286
448 322
449 195
449 329
449 513
450 140
450 286
450 488
450 504
450 590
450 593
450 700
451 142
451 193
451 453
451 564
451 582
451 616
451 659
452 13
452 250
452 300
452 359
452 383
452 475
452 636
452 688
453 85
453 118
453 608
453 735
454 77
454 88
454 119
454 154
454 319
454 523
454 555
454 612
455 14
455 134
455 143
455 168
455 228
455 356
455 375
455 377
455 424
455 438
456 136
456 536
456 627
456 654
456 693
457 212
457 278
457 319
457 357
457 381
457 386
457 422
457 624
458 5
458 382
458 399
458 474
458 641
458 679
459 197
459 198
459 293
459 442
459 513
460 192
461 22
461 59
461 390
461 473
461 514
461 698
461 727
462 79
462 124
462 159
463 27
463 93
463 147
463 529
464 3
464 71
464 202
464 219
464 294
464 316
464 445
464 663
464 693
465 181
465 381
465 723
466 447
466 637
466 643
467 27
467 30
467 280
467 365
467 407
468 17
468 91
468 288
468 292
468 454
468 493
469 70
469 152
469 197
469 199
469 214
469 290
469 467
469 655
470 172
470 420
470 552
470 722
471 365
471 409
471 606
471 607
471 749
472 260
472 440
472 495
473 317
473 349
473 399
473 484
473 541
473 639
474 159
474 165
474 340
474 466
474 518
475 254
475 295
475 386
475 436
475 650
476 48
476 100
476 637
477 38
477 160
477 362
477 405
477 542
477 549
477 672
477 702
478 159
478 196
478 226
478 277
478 317
478 427
478 433
478 722
479 98
479 239
479 330
479 334
479 667
480 422
480 476
481 412
481 702
481 734
482 94
482 195
482 362
482 464
482 738
483 348
483 374
483 387
483 535
483 557
483 655
484 13
484 65
484 98
484 145
484 355
484 454
484 500
484 558
484 599
484 655
485 41
485 411
485 543
486 94
486 425
486 442
486 484
487 241
487 368
488 102
488 205
488 211
488 228
488 503
488 519
489 31
489 90
489 177
489 201
489 256
489 271
489 272
489 430
489 465
489 619
489 735
490 44
490 74
490 460
490 518
490 694
491 41
491 510
491 585
492 449
492 456
492 577
492 727
493 450
494 68
494 115
494 311
494 415
494 468
494 648
495 15
495 141
495 231
495 485
495 490
495 652
496 7
496 226
496 443
496 565
496 689
497 41
497 196
497 284
497 378
497 481
497 749
498 175
498 664
498 724
499 29
499 314
499 324
499 382
499 533
500 71
500 227
500 536
500 631
500 730
501 114
501 335
501 477
501 491
501 650
501 710
502 84
502 191
502 330
502 347
503 214
503 369
503 549
503 588
503 631
504 63
504 80
504 138
504 196
504 475
504 565
505 51
505 120
505 126
505 182
505 187
505 319
505 418
505 590
505 727
505 740
506 8
506 22
506 265
506 395
506 435
506 450
506 469
506 554
506 563
506 630
506 644
507 97
507 414
508 51
508 280
508 335
508 376
508 475
508 496
509 137
509 190
509 248
509 665
510 36
510 119
510 235
510 306
510 325
510 450
511 177
511 315
511 493
511 530
512 203
512 239
512 589
512 599
512 600
512 655
512 702
512 729
513 84
513 308
513 598
513 622
514 291
514 367
514 427
514 537
514 682
515 289
515 569
516 41
516 66
516 92
516 337
516 343
516 485
516 495
516 629
516 670
517 174
517 227
517 240
517 258
517 316
517 524
518 120
518 134
518 233
518 566
518 638
519 218
519 257
519 274
519 297
519 459
519 503
519 550
519 669
519 716
520 210
520 236
520 286
520 530
520 652
521 80
521 491
521 672
522 101
522 131
522 189
522 493
522 652
523 140
523 400
524 58
524 118
524 142
524 433
524 513
524 715
525 26
525 53
525 177
525 418
526 64
526 210
526 227
526 350
526 420
526 467
527 192
527 572
527 670
528 20
528 79
528 152
528 419
529 96
529 118
529 196
529 251
529 503
529 523
529 557
529 633
530 223
531 96
531 123
531 168
531 388
531 509
531 516
532 521
533 113
533 474
533 663
534 264
534 292
534 377
534 416
534 423
534 522
534 744
535 227
535 260
536 46
536 120
536 461
536 600
536 735
537 13
537 353
537 389
537 439
537 516
537 542
537 740
538 124
538 218
538 420
538 459
539 76
539 467
539 656
540 98
540 200
540 205
540 323
540 425
540 557
541 149
541 162
541 234
541 737
542 47
542 77
542 103
542 279
542 331
542 520
542 599
542 673
543 125
543 246
543 296
543 345
543 487
543 671
543 689
543 713
544 61
544 154
544 323
544 447
544 489
545 121
545 325
545 352
545 472
545 536
545 631
546 30
546 733
546 744
547 369
547 453
548 167
548 185
548 364
548 737
549 157
549 289
549 317
549 511
549 577
550 18
550 243
550 488
550 635
551 207
551 535
551 645
551 683
552 126
552 270
552 434
552 436
552 688
553 544
553 575
553 668
554 41
554 329
554 337
554 627
554 692
554 747
555 242
555 450
555 587
555 636
555 663
555 694
556 169
556 396
556 470
556 474
556 674
557 230
557 467
558 22
558 153
558 638
559 23
559 41
559 127
559 135
559 322
559 398
559 498
559 543
560 58
560 551
560 695
560 746
561 211
561 281
561 339
561 365
561 590
561 692
561 702
562 79
562 87
562 282
562 552
562 746
563 98
563 153
563 376
563 396
563 669
564 77
564 142
564 367
564 680
564 732
565 84
565 118
565 314
565 359
565 361
565 466
565 702
566 55
566 87
566 144
567 30
567 196
567 224
567 250
567 286
567 339
567 501
567 532
567 620
568 313
568 408
568 422
568 467
568 637
569 78
569 156
569 171
569 264
569 348
569 570
569 641
570 137
570 140
570 151
570 198
570 493
571 296
571 304
571 323
571 715
572 51
572 420
572 484
573 12
573 181
573 406
573 417
573 594
573 636
574 10
574 155
574 478
575 106
575 266
575 267
575 316
575 356
575 368
575 431
575 492
575 674
576 258
576 427
576 658
576 695
577 17
577 72
577 155
577 259
577 315
577 693
578 5
578 27
578 178
578 441
578 509
578 599
579 294
579 722
580 40
580 346
580 468
580 489
580 587
580 600
580 739
581 109
581 203
581 308
581 546
581 681
582 79
582 134
582 288
582 334
582 341
582 704
583 38
583 99
583 148
583 196
583 202
583 215
583 309
583 321
583 523
584 78
584 143
584 168
584 477
584 619
584 645
585 73
585 179
585 246
585 257
586 212
586 707
587 336
587 474
587 549
588 49
588 127
588 248
588 348
588 455
588 715
589 12
589 339
589 419
589 610
590 4
590 261
590 367
590 477
591 525
592 33
592 57
592 171
592 327
592 560
592 619
593 80
593 84
593 179
593 215
593 307
593 455
593 742
594 166
594 409
594 739
595 188
596 277
596 365
596 388
596 676
597 159
597 747
598 204
598 354
598 409
598 538
598 596
599 250
599 292
599 333
599 337
599 409
599 431
599 474
599 507
599 513
599 629
599 685
599 741
600 249
600 260
600 267
600 495
600 540
601 206
601 366
601 384
601 473
601 475
601 587
601 681
602 207
602 268
603 70
603 145
603 181
603 218
603 552
603 661
603 662
604 69
604 156
604 211
604 303
604 515
604 524
604 547
604 575
604 576
605 176
605 553
605 632
605 649
606 408
606 534
606 620
607 34
607 95
607 149
607 256
607 315
607 405
607 479
607 535
607 626
607 670
608 497
609 117
609 179
609 330
610 120
610 323
610 359
610 482
610 700
610 702
610 719
611 65
611 77
611 152
611 162
611 213
611 335
611 630
611 642
611 730
612 70
612 112
612 156
612 185
612 190
612 245
612 306
612 336
612 547
612 590
613 315
613 515
613 664
613 681
613 710
614 65
614 134
614 191
614 230
614 395
614 636
615 70
615 121
615 414
615 486
615 590
616 12
616 177
616 218
616 266
616 742
617 94
617 214
617 324
617 524
617 565
617 716
617 729
617 750
618 73
618 188
618 206
618 661
618 720
619 149
619 218
619 227
619 307
619 574
619 585
619 648
619 651
619 722
620 43
620 169
620 310
620 331
620 452
620 627
621 429
621 532
621 547
621 585
622 50
622 81
622 263
622 351
622 543
622 637
622 715
623 264
623 735
624 243
624 259
624 508
624 627
624 654
625 98
625 164
625 321
625 385
625 661
625 700
625 726
626 54
626 171
626 359
626 469
626 705
626 750
627 438
628 440
628 538
628 546
628 615
628 635
628 733
629 1
629 46
629 197
629 208
629 305
629 404
630 82
630 122
630 411
630 507
630 586
631 186
631 200
631 248
631 368
631 376
631 701
632 1
632 42
632 81
632 336
632 389
632 405
632 478
632 579
633 71
633 94
633 97
633 437
633 596
633 741
634 173
634 372
634 391
634 451
634 628
634 677
634 695
635 137
635 180
635 330
635 370
635 486
635 597
635 645
636 19
636 220
636 363
636 434
637 186
637 248
637 284
637 287
637 385
637 475
638 191
638 240
638 291
638 337
638 365
638 460
638 468
638 479
638 608
639 124
639 177
639 217
639 378
639 424
639 500
639 532
640 87
640 385
640 392
640 404
640 436
640 636
640 736
641 79
641 116
641 213
641 246
641 494
642 18
642 168
642 297
642 507
643 250
643 383
643 477
643 667
643 718
644 269
645 105
645 202
645 221
645 330
645 746
646 73
646 273
646 393
646 510
646 564
647 45
647 267
647 548
647 690
647 706
648 95
648 694
649 185
649 343
650 152
650 171
650 214
650 323
650 334
650 486
650 714
651 19
651 44
651 336
651 355
651 499
651 534
651 605
652 115
652 632
653 69
653 624
653 633
654 17
654 371
654 397
655 82
655 179
655 468
655 476
655 624
656 249
656 334
656 336
656 518
656 678
657 54
657 103
657 127
657 521
657 644
657 681
658 89
658 210
659 28
659 166
659 218
659 277
659 451
659 513
660 158
660 582
660 692
661 21
661 22
661 137
661 224
661 328
661 418
661 494
661 579
661 589
661 601
662 35
662 274
662 512
662 636
662 735
663 35
663 273
663 682
664 292
664 509
664 679
665 195
665 458
665 465
665 560
665 702
666 341
666 415
666 440
666 532
667 14
667 30
667 241
667 373
667 481
667 601
668 9
668 131
668 241
668 260
668 634
669 556
669 606
670 62
670 83
670 104
670 123
670 181
671 148
671 152
671 495
671 653
672 51
672 87
672 167
672 335
672 460
672 495
673 231
673 302
673 355
673 366
673 533
674 278
674 379
675 168
675 503
676 34
676 68
676 299
676 541
676 631
677 57
677 202
677 278
677 713
678 94
678 260
678 357
678 369
678 400
678 541
678 604
678 696
680 249
680 446
680 487
680 661
680 667
681 68
681 142
682 145
682 205
682 216
682 357
682 382
682 566
682 611
683 166
683 180
683 349
683 362
683 604
683 626
683 681
683 724
684 8
684 86
684 152
684 516
684 533
684 537
685 160
685 183
685 291
685 355
685 673
686 166
686 356
686 646
686 707
686 709
686 723
687 10
687 11
687 75
687 483
688 74
688 83
688 240
688 359
688 468
689 62
689 245
689 430
689 502
689 650
690 7
690 59
690 62
690 158
690 161
690 213
691 92
691 323
691 330
691 448
691 547
692 162
692 175
692 446
692 508
692 653
693 84
693 276
693 284
693 388
693 406
694 119
694 301
694 304
694 462
694 504
695 11
695 31
695 45
695 69
695 447
695 522
695 591
695 671
695 747
696 93
696 481
697 167
697 525
698 32
698 703
699 111
699 119
699 371
699 523
699 560
700 1
700 105
700 387
700 439
700 566
700 599
700 646
700 649
701 88
701 127
701 169
701 363
702 169
702 376
702 638
702 642
703 192
703 236
703 491
703 642
704 313
704 419
705 175
705 381
705 395
705 470
705 507
705 551
705 578
705 674
706 98
706 189
706 296
706 493
706 496
706 690
707 293
707 333
707 407
707 568
707 605
707 699
708 31
708 406
708 611
709 79
709 85
709 275
709 487
709 512
709 642
710 300
710 434
710 445
710 464
710 616
710 669
710 740
711 211
712 138
712 141
712 152
712 194
712 338
712 431
712 631
712 656
713 119
713 137
713 141
713 220
713 486
713 709
713 714
714 54
714 128
714 419
714 475
714 544
714 547
714 703
715 110
715 191
715 302
715 326
716 4
716 139
716 178
716 224
716 558
717 271
717 311
717 313
717 404
717 730
718 199
718 272
718 305
718 394
718 643
719 86
719 345
719 550
720 61
720 62
720 90
720 452
720 608
720 642
721 126
721 139
721 273
721 418
721 444
721 516
721 725
722 67
722 336
722 563
722 660
723 221
723 391
723 453
723 537
723 542
724 204
724 550
724 591
725 81
725 445
725 460
725 548
725 621
725 715
726 2
726 36
726 68
726 479
727 35
727 50
727 213
727 235
727 248
727 568
728 49
728 76
728 143
728 266
728 373
728 483
728 568
728 637
729 233
729 245
729 496
729 660
729 719
730 208
730 576
731 20
732 274
732 394
732 395
732 460
732 654
732 748
733 310
733 611
734 626
735 286
735 469
736 54
736 150
736 224
736 507
736 524
737 114
737 238
737 367
737 403
737 454
737 539
738 169
738 190
738 411
738 438
738 537
738 564
739 314
739 381
739 628
739 740
740 141
740 216
740 330
740 557
740 597
741 87
741 390
741 406
741 459
741 551
741 610
741 620
742 29
742 253
742 305
742 353
742 377
742 460
742 659
742 687
742 701
742 722
743 222
743 223
743 664
743 738
744 24
744 134
744 225
744 333
744 615
744 616
745 134
745 290
745 531
746 631
747 25
747 49
747 56
747 81
747 192
748 64
748 212
748 390
748 392
748 696
748 717
748 721
748 747
749 214
749 294
749 491
749 710
750 77
750 171
750 381
750 391
750 552
