80
158
1 8
1 11
2 19
2 35
2 57
2 62
3 6
3 17
4 40
5 40
5 56
6 46
6 73
7 21
7 24
9 3
9 75
9 80
10 12
11 61
11 69
12 17
13 47
13 63
14 44
14 73
15 59
17 68
18 3
18 6
18 12
18 42
18 73
18 75
18 80
19 11
19 24
21 3
21 50
22 7
22 8
22 9
23 78
24 49
25 3
25 28
26 70
27 26
27 30
27 36
27 61
27 77
28 3
28 15
28 58
28 60
29 41
30 7
30 45
31 11
31 32
32 22
32 43
32 76
33 22
34 60
35 20
35 48
36 4
36 19
36 46
37 27
37 72
38 52
39 34
39 40
39 46
39 55
40 2
40 34
40 49
41 61
42 39
43 14
43 72
44 47
44 66
45 14
45 41
45 79
46 23
48 7
48 64
48 72
49 48
49 55
51 8
51 60
51 77
52 5
52 23
52 40
52 44
52 46
53 9
53 15
54 16
54 35
55 42
56 61
57 50
59 11
59 39
59 75
60 29
61 10
61 19
61 31
61 37
62 17
62 49
63 39
63 62
64 6
64 48
65 47
65 80
66 17
66 23
66 34
66 55
67 8
67 35
67 52
68 7
68 16
68 26
69 36
69 40
69 74
71 2
71 3
71 4
72 22
76 12
76 54
77 24
77 61
77 64
78 12
78 44
79 39
79 47
80 15
80 17
80 26
80 59
80 61
