90
90
2 18
3 36
3 51
4 50
5 9
5 18
5 27
7 1
7 2
7 58
9 2
9 11
9 41
11 54
12 84
13 36
15 57
15 59
17 82
18 30
18 44
18 59
19 79
20 60
21 13
21 59
22 57
25 11
27 26
27 67
29 78
30 52
31 34
32 35
35 34
36 48
37 7
37 68
37 90
38 26
38 31
39 50
41 20
41 42
41 84
43 58
44 42
45 36
47 88
50 14
52 32
52 59
52 83
54 2
55 19
56 26
56 40
57 62
57 69
57 75
59 74
60 70
60 82
62 24
62 81
64 30
65 45
68 64
69 2
69 30
69 38
69 43
70 26
73 29
73 79
73 83
73 89
78 62
79 2
79 48
82 51
84 4
84 72
85 13
86 34
88 64
88 84
89 12
89 40
90 59
