90
521
1 13
1 15
1 32
1 43
1 49
1 59
1 84
2 6
2 39
2 42
3 13
3 16
3 25
3 55
3 68
4 28
4 72
4 73
5 10
5 27
5 37
5 40
5 54
5 63
5 82
6 20
6 28
6 35
6 65
6 77
7 65
8 4
9 2
9 18
9 43
9 57
10 1
10 11
10 14
10 26
10 33
10 47
10 69
10 75
11 2
11 13
11 29
11 36
11 47
11 57
11 64
11 65
11 67
11 77
12 8
12 42
12 63
12 81
13 7
13 11
13 18
13 70
13 74
14 55
14 66
14 71
14 78
15 11
15 12
15 21
15 33
15 54
16 9
16 19
16 46
16 55
16 66
16 84
16 87
17 12
17 30
18 12
18 33
18 37
18 46
18 86
19 9
19 13
19 35
19 45
19 69
19 70
19 89
20 11
20 28
20 70
21 8
21 14
21 19
21 27
21 57
21 72
21 80
22 3
22 16
22 41
22 56
22 90
23 2
23 10
23 50
23 54
23 70
23 80
24 25
24 33
24 49
25 1
25 12
25 17
25 45
25 51
25 53
25 76
26 13
26 33
26 38
26 62
26 63
26 74
26 77
26 82
27 14
27 25
28 33
28 53
28 74
28 78
29 20
29 25
29 38
29 62
30 9
30 27
30 47
30 54
31 25
31 37
31 49
31 71
31 82
32 8
32 13
32 16
32 23
32 36
32 51
32 63
32 75
32 82
33 7
33 46
33 70
33 87
34 7
34 12
34 39
34 54
34 60
34 61
34 79
34 84
34 87
35 2
35 3
35 10
35 32
35 34
35 36
35 45
35 59
35 86
36 11
36 26
36 32
36 49
36 79
37 9
37 26
37 31
37 73
37 75
38 1
38 12
38 15
38 28
38 33
38 50
38 75
38 76
38 81
39 18
39 57
39 61
39 70
39 71
40 16
40 21
40 38
40 43
40 44
40 51
40 63
41 15
41 28
41 45
41 90
42 9
42 18
42 37
42 47
42 67
42 72
43 6
43 29
43 51
43 53
43 54
43 70
43 73
43 76
44 5
44 8
44 10
44 15
44 59
44 74
45 5
45 11
45 17
45 25
45 39
45 58
45 78
45 82
45 85
45 88
46 4
46 41
46 71
46 88
47 23
47 24
47 30
47 38
47 74
47 90
48 8
48 9
48 11
48 13
48 16
48 18
48 36
48 80
48 88
49 5
49 38
49 61
49 65
49 90
50 6
50 13
50 53
50 56
50 68
50 78
50 80
50 89
51 1
51 9
51 12
51 33
51 71
52 1
52 15
52 30
52 38
52 45
52 53
52 62
52 71
52 88
53 18
53 42
53 61
53 71
53 76
53 77
53 83
54 4
54 6
54 16
54 31
54 37
54 47
54 49
55 3
55 12
55 32
55 57
55 67
55 77
56 18
56 39
56 47
56 48
56 57
56 67
56 85
56 87
57 2
57 15
57 17
57 50
58 1
58 6
58 13
58 15
58 24
58 29
58 40
58 52
58 78
59 1
59 17
59 28
59 40
59 46
59 64
59 77
59 90
60 23
60 27
60 79
61 2
61 21
61 25
61 29
61 35
61 43
61 44
61 57
61 68
61 77
62 15
62 26
62 29
62 46
62 48
62 51
62 73
62 85
63 18
63 38
63 58
63 61
64 8
64 10
64 20
64 34
64 46
64 57
65 13
65 45
65 56
65 60
66 7
66 11
66 13
66 33
66 49
66 51
66 64
66 78
67 5
67 21
67 66
67 72
67 87
68 58
68 59
69 9
69 20
69 35
69 58
69 78
69 83
69 87
69 90
70 1
70 14
70 26
70 42
70 46
70 85
70 90
71 9
71 28
71 34
71 37
71 41
71 73
71 89
72 1
72 37
72 84
73 19
73 27
73 30
73 84
74 20
74 31
74 33
74 44
74 54
75 19
75 28
75 47
75 65
75 71
75 72
75 82
75 86
76 62
76 73
77 21
77 27
77 39
77 49
77 52
77 58
77 74
78 5
78 6
78 10
78 11
78 16
78 18
78 60
78 69
78 85
79 8
79 32
79 39
79 41
79 67
79 80
79 81
79 89
80 14
80 22
80 57
80 72
80 75
81 10
81 40
81 73
81 76
81 88
82 2
82 7
82 8
82 15
82 18
82 24
82 39
82 40
82 60
82 61
82 86
82 89
84 1
84 35
84 45
84 66
84 74
85 2
85 69
86 11
86 32
86 35
86 46
86 52
86 60
86 78
87 37
87 54
87 58
87 76
87 81
87 85
88 14
88 36
88 42
88 49
88 52
88 83
89 15
89 18
89 28
89 41
89 43
89 50
89 70
89 84
90 9
90 22
90 38
90 57
90 86
