90
770
1 4
1 11
1 13
1 15
1 26
1 29
1 35
1 42
1 76
2 22
2 29
2 31
2 33
2 40
2 55
2 64
2 69
2 81
2 89
2 90
3 13
3 40
3 45
3 58
3 62
3 68
4 19
4 23
4 24
4 32
4 56
4 71
4 74
4 78
4 88
5 1
5 3
5 4
5 16
5 27
5 43
5 49
5 50
5 77
5 79
5 87
6 4
6 37
6 53
6 58
6 67
6 68
6 70
6 84
7 18
7 36
7 53
7 63
7 65
7 79
7 88
8 6
8 7
8 44
8 45
8 51
8 60
8 65
8 83
8 84
8 87
9 7
9 15
9 21
9 27
9 43
9 58
9 60
9 66
9 72
10 4
10 19
10 22
10 34
10 37
10 57
10 74
10 89
11 23
11 34
11 39
11 42
11 49
11 51
11 66
11 83
12 37
12 52
12 53
12 61
12 72
12 89
13 3
13 7
13 18
13 45
13 48
13 54
13 66
13 77
13 78
14 12
14 13
14 16
14 18
14 22
14 55
14 58
14 66
15 11
15 13
15 19
15 37
15 47
15 58
15 59
15 79
15 85
16 21
16 31
16 46
16 51
16 59
16 62
16 82
16 88
17 11
17 35
18 2
18 36
18 45
18 47
18 55
18 75
18 77
18 83
19 24
19 34
19 54
19 55
19 57
19 65
19 81
20 38
20 42
20 49
20 51
20 68
20 69
20 70
20 75
20 82
20 88
21 4
21 14
21 24
21 27
21 49
21 60
21 63
21 64
21 66
21 69
21 78
22 3
22 7
22 11
22 43
22 49
22 51
22 60
22 65
22 81
23 40
23 58
23 71
23 73
23 87
23 88
24 6
24 7
24 26
24 31
24 40
24 46
24 52
24 89
25 14
25 26
25 56
25 61
25 69
25 82
25 90
26 3
26 5
26 7
26 16
26 21
26 39
26 50
26 75
27 8
27 19
27 60
27 62
28 36
28 39
28 48
28 52
28 61
28 62
28 65
28 74
28 75
28 76
28 89
28 90
29 45
29 54
29 61
29 68
29 82
30 14
30 15
30 18
30 21
30 75
30 88
31 12
31 24
31 27
31 30
31 34
31 45
31 69
31 84
31 87
31 90
32 18
32 22
32 24
32 27
32 31
32 46
32 57
32 74
32 89
33 29
33 32
33 54
33 66
33 71
33 84
33 86
34 16
34 24
34 25
34 47
34 84
35 10
35 24
35 25
35 41
35 51
35 62
35 66
35 73
35 90
36 15
36 25
36 28
36 30
36 52
36 63
37 7
37 8
37 40
37 57
37 64
37 76
37 79
38 2
38 3
38 23
38 31
38 46
38 55
38 65
38 68
38 81
39 11
39 17
39 19
39 41
39 42
39 48
39 49
39 50
39 56
39 73
40 9
40 14
40 17
40 44
40 61
40 73
40 77
40 78
40 84
40 85
41 38
41 43
41 53
41 57
41 66
41 74
41 88
42 7
42 14
42 19
42 24
42 38
42 46
42 50
42 55
42 67
42 90
43 3
43 7
43 15
43 51
43 70
43 77
43 80
44 51
44 70
44 81
44 90
45 9
45 11
45 14
45 25
45 35
45 43
45 47
45 48
45 65
45 73
45 80
46 10
46 40
46 49
46 51
46 52
46 53
46 56
46 58
46 61
46 64
46 80
47 22
47 50
47 59
47 82
48 7
48 19
48 20
48 25
48 50
48 55
48 64
48 67
48 75
48 80
49 6
49 14
49 26
49 90
50 13
50 22
50 31
50 53
50 64
50 67
50 70
50 78
50 84
50 85
50 87
51 1
51 16
51 29
51 33
51 44
51 45
51 66
51 82
51 83
51 88
51 90
52 7
52 17
52 18
52 22
52 34
52 71
52 76
53 15
53 25
53 27
53 28
53 57
53 59
53 65
53 75
53 88
54 13
54 19
54 26
54 33
54 34
54 35
54 47
54 58
54 64
54 72
54 79
54 80
54 86
54 87
55 8
55 13
55 17
55 32
55 41
55 58
55 60
55 65
56 19
56 22
56 23
56 34
56 39
56 40
56 44
56 85
57 12
57 14
57 46
57 54
57 55
57 68
57 71
57 90
58 9
58 11
58 20
58 25
58 28
58 71
58 72
58 74
58 87
58 88
58 90
59 1
59 12
59 29
59 45
59 56
59 80
59 85
59 90
60 11
60 13
60 28
60 40
60 44
60 45
60 49
60 50
60 54
60 68
60 70
60 71
60 73
60 76
60 79
60 86
60 87
60 89
61 4
61 11
61 15
61 49
61 50
61 65
61 83
62 27
62 42
62 74
62 85
62 87
63 11
63 38
63 45
63 55
63 57
63 67
63 73
63 76
63 80
63 86
64 11
64 16
64 34
64 35
64 41
64 42
64 58
64 60
64 69
64 87
64 89
65 14
65 20
65 21
65 37
65 39
65 41
65 43
65 50
65 53
65 59
65 74
65 77
65 81
66 3
66 17
66 20
66 29
66 39
66 40
66 61
66 81
67 6
67 22
67 29
67 36
67 48
67 57
67 73
67 75
67 80
68 11
68 16
68 18
68 28
68 44
68 52
68 61
68 86
69 16
69 21
69 33
69 38
69 53
70 6
70 12
70 18
70 26
70 29
70 43
70 45
70 50
70 61
70 69
70 71
70 74
70 75
71 2
71 7
71 20
71 30
71 42
71 50
71 51
71 73
72 2
72 7
72 26
72 27
72 29
72 33
72 46
72 62
73 10
73 20
73 27
73 33
73 42
73 56
73 61
73 65
73 68
73 72
74 2
74 8
74 15
74 19
74 33
74 55
74 65
74 72
74 73
74 76
74 83
75 5
75 17
75 18
75 22
75 33
75 36
75 37
75 40
75 52
75 61
75 64
75 88
76 2
76 4
76 5
76 8
76 9
76 11
76 16
76 18
76 19
76 24
76 26
76 27
76 31
76 61
76 64
76 72
76 84
76 86
77 28
77 56
77 58
78 10
78 17
78 34
78 38
78 52
78 73
79 16
79 24
79 31
79 43
79 46
79 50
79 51
79 53
79 59
79 66
80 9
80 12
80 24
80 31
80 42
80 49
80 62
80 64
80 76
80 84
81 17
81 20
81 33
81 47
81 59
81 78
81 84
82 3
82 5
82 10
82 12
82 19
82 46
82 50
82 90
83 31
83 42
83 54
83 60
83 65
83 69
83 72
83 78
83 82
84 31
84 58
84 78
84 90
85 28
85 42
85 44
85 46
85 50
85 71
85 73
85 77
85 81
86 3
86 27
86 40
86 44
86 48
86 52
86 56
86 75
86 82
87 6
87 10
87 29
87 34
87 37
87 47
87 72
87 78
87 79
87 90
88 13
88 14
88 16
88 31
88 32
88 38
88 50
88 66
88 89
89 6
89 14
89 21
89 30
89 41
89 43
89 48
89 51
89 54
89 75
89 77
89 84
90 6
90 9
90 39
90 68
90 69
90 88
