1000
2998
1 333
1 793
1 964
2 210
2 352
2 721
2 824
3 200
3 202
3 956
4 802
6 67
6 364
6 423
6 706
7 358
7 371
7 714
9 416
10 462
10 595
10 616
11 147
11 717
12 420
12 432
12 470
12 740
12 878
13 293
13 690
13 971
14 20
14 377
14 439
14 599
14 604
14 954
14 967
16 134
18 65
18 257
19 453
19 655
19 941
20 421
21 38
21 96
21 555
21 823
22 24
22 214
22 356
22 394
22 940
23 49
23 94
23 564
23 951
25 500
26 120
26 275
26 556
27 795
27 981
28 158
28 161
28 631
28 702
28 917
29 22
29 155
29 441
29 785
30 250
30 577
31 625
32 383
32 749
32 868
33 278
33 338
33 469
33 713
34 281
35 420
36 54
36 588
36 985
37 100
38 594
39 78
39 496
39 587
39 719
39 800
39 977
40 486
40 819
40 934
41 359
41 782
42 72
42 331
43 67
44 302
44 430
44 456
44 692
45 199
45 458
45 769
46 721
46 875
47 250
47 324
48 259
48 283
48 399
48 501
49 163
49 358
49 453
49 861
50 124
50 169
50 721
50 796
51 215
51 639
51 655
51 952
52 97
52 191
52 689
52 866
52 945
52 971
53 891
54 51
54 278
54 728
55 200
55 302
55 435
55 472
55 660
56 277
56 510
56 610
56 759
57 115
57 236
58 293
58 394
58 504
59 300
59 330
60 428
60 996
61 116
61 248
61 382
61 645
62 121
62 348
62 467
62 630
62 870
62 938
63 244
64 125
64 375
64 420
64 640
66 38
66 205
66 550
66 595
66 685
66 891
67 288
67 488
67 771
67 824
68 15
69 90
69 237
69 500
69 971
70 15
70 131
70 144
70 226
70 564
70 716
70 887
71 127
71 143
71 248
71 418
71 560
71 857
72 329
72 342
73 5
73 379
73 481
73 625
73 937
74 47
74 645
74 805
74 935
75 373
77 499
77 943
78 309
78 497
78 633
78 821
79 461
79 548
80 47
80 296
81 194
81 369
81 508
81 656
82 219
83 382
83 473
83 870
84 67
84 243
84 362
84 568
84 652
84 793
85 80
85 350
85 572
85 613
85 845
86 163
86 211
86 243
87 853
88 3
89 300
89 426
89 669
91 207
91 594
91 859
91 973
92 643
93 118
94 297
94 947
96 241
96 246
96 289
96 472
96 640
96 943
96 950
97 371
97 515
97 723
98 243
98 875
98 992
100 294
100 459
100 782
100 827
101 141
101 348
101 522
101 621
101 666
101 701
101 970
102 684
102 715
103 131
103 689
104 190
104 227
104 262
104 320
104 382
104 783
104 924
105 405
105 834
106 740
106 857
107 53
107 376
107 650
107 999
108 28
109 422
110 102
110 188
110 531
110 568
111 363
111 585
111 694
112 99
114 598
114 708
115 263
116 76
116 166
116 229
116 821
116 971
117 180
118 354
119 290
119 792
120 144
120 940
121 24
121 774
121 883
122 395
122 748
123 15
123 476
123 556
123 988
124 896
125 267
125 481
125 692
126 488
126 732
126 917
127 357
128 472
128 514
128 518
128 796
128 883
129 640
130 203
130 326
130 607
131 819
131 902
132 150
132 242
132 288
132 517
132 653
132 670
133 418
133 866
134 49
134 264
134 378
134 555
135 11
135 92
135 171
135 305
136 134
136 669
136 704
136 945
137 159
137 736
137 818
137 833
138 257
138 685
139 51
139 485
139 843
140 17
140 134
140 674
140 726
140 903
141 242
141 510
141 753
141 787
141 974
142 598
143 769
144 104
144 188
144 219
144 478
144 591
144 959
145 61
145 282
146 279
146 636
147 479
147 531
147 565
147 607
147 802
147 943
147 996
148 210
148 374
149 637
150 427
150 632
150 996
151 149
151 990
152 541
152 998
153 100
153 104
153 339
153 397
153 779
154 134
154 166
154 716
155 355
155 988
156 1
156 94
156 480
156 777
156 906
157 420
157 575
157 766
157 814
158 21
158 215
159 199
159 229
159 364
159 580
159 615
159 759
159 827
160 65
160 193
160 509
160 547
160 604
160 742
160 746
160 817
161 255
161 580
161 991
161 994
162 629
162 873
164 26
164 48
164 385
164 648
164 686
164 863
164 891
165 77
165 248
165 273
166 353
166 476
166 548
166 554
166 752
166 867
166 903
166 951
167 903
168 2
168 890
169 269
169 324
170 282
170 844
171 294
171 497
171 510
171 612
171 699
171 722
171 920
171 985
172 40
172 759
172 991
173 501
174 623
174 802
174 831
174 883
174 939
175 656
176 69
176 172
176 424
176 578
176 740
177 214
177 472
178 75
179 355
179 537
179 906
180 126
180 565
181 223
181 629
181 666
181 704
181 711
183 260
183 530
183 687
183 974
184 289
184 377
184 618
184 844
185 142
186 246
186 280
186 498
187 605
187 637
188 224
188 242
188 372
188 517
189 15
189 67
189 245
189 378
189 837
190 547
190 847
191 125
191 300
191 689
191 824
192 533
193 105
193 571
194 119
194 346
195 234
195 691
196 56
196 62
196 509
196 530
196 957
198 797
198 898
199 464
199 614
199 648
199 787
199 819
199 904
199 911
200 76
200 147
200 452
200 569
200 663
200 851
201 169
201 690
201 783
202 209
202 362
202 821
202 883
203 46
203 166
204 304
204 408
204 931
205 166
205 305
205 459
205 491
205 844
206 186
206 843
207 189
207 775
208 435
208 921
209 76
209 119
209 264
209 387
209 446
209 962
210 234
210 307
210 540
210 748
211 140
211 207
211 243
211 548
212 111
212 245
212 560
212 881
212 964
213 22
214 19
214 217
214 614
214 879
215 70
215 284
215 429
216 625
216 836
216 969
217 98
217 506
218 14
218 267
218 422
218 512
218 670
218 843
218 964
219 824
220 323
220 796
221 52
221 822
222 26
223 24
224 275
224 727
227 374
227 389
228 939
229 69
229 514
230 221
230 342
230 437
230 815
231 589
231 647
232 40
232 939
233 119
233 350
233 426
233 760
234 586
235 325
235 473
235 807
235 818
237 59
237 290
237 400
237 687
237 848
238 171
238 186
238 307
238 508
238 661
238 887
239 49
239 358
239 878
239 912
240 87
240 332
240 393
241 183
241 524
242 857
242 945
243 52
243 408
243 635
244 281
244 603
244 862
245 194
245 464
245 865
246 63
246 678
246 681
246 914
247 222
248 119
248 397
248 423
248 804
249 150
249 689
250 260
250 402
250 950
251 46
251 398
251 533
251 626
252 212
252 551
252 916
253 73
253 247
254 15
254 383
254 531
255 311
255 899
256 51
256 577
256 588
256 763
257 169
257 270
257 547
258 65
258 754
258 774
258 794
258 818
259 45
259 475
259 613
259 807
259 839
260 359
260 398
260 438
260 700
260 871
261 147
261 259
261 454
261 576
261 927
262 481
263 959
265 477
265 543
266 16
266 18
266 30
266 877
266 897
266 919
266 994
267 334
267 739
267 814
267 884
268 420
268 461
268 996
269 517
269 986
270 133
270 333
271 137
271 341
272 696
273 148
273 480
273 590
274 448
274 626
274 997
275 260
275 666
275 973
275 980
276 178
276 355
276 566
276 904
277 362
277 514
277 953
278 184
278 216
278 250
278 446
279 180
279 408
280 197
280 223
280 476
280 510
281 57
281 265
282 78
282 663
282 888
282 915
283 700
284 189
284 399
284 665
284 790
285 233
285 924
286 84
286 845
286 847
286 861
286 873
286 967
287 93
287 628
287 764
287 806
287 849
288 446
288 588
288 610
288 896
289 97
289 323
289 415
290 606
290 727
291 296
291 507
291 557
292 37
292 122
292 226
292 402
292 517
292 611
292 636
293 267
293 395
293 493
293 737
293 940
294 298
294 429
294 653
294 895
295 22
295 41
295 118
295 330
295 601
295 816
296 70
296 573
296 586
296 644
297 86
297 249
297 269
297 575
297 689
298 359
298 374
298 483
299 48
299 338
299 339
300 113
300 288
300 538
300 996
300 1000
301 53
301 990
302 174
302 411
302 464
302 605
303 17
303 126
303 249
303 557
303 823
303 845
304 241
304 317
304 420
304 973
305 168
305 205
305 480
305 484
305 821
306 653
307 479
308 304
308 436
308 475
308 653
308 671
309 835
309 931
309 959
310 239
310 264
311 340
311 398
311 470
311 582
312 49
312 160
312 209
312 290
312 499
312 994
313 17
313 195
314 232
314 380
315 83
315 253
315 299
315 310
315 849
316 277
316 498
316 782
318 283
318 553
318 564
318 651
318 789
318 954
318 997
319 62
319 503
319 520
319 603
319 630
319 667
319 798
319 889
319 944
320 69
320 180
321 325
321 762
323 13
323 431
323 794
324 598
324 616
324 821
325 229
325 303
326 35
326 636
327 118
327 192
327 731
327 876
328 66
328 159
330 418
330 468
330 824
331 145
331 441
331 473
331 525
331 527
331 833
331 885
331 925
331 981
332 223
332 743
332 767
333 136
333 201
333 300
333 686
333 863
333 928
334 234
334 335
334 883
335 122
335 257
336 313
336 448
337 478
338 491
339 400
339 421
339 531
340 94
340 845
341 453
342 76
342 481
342 721
342 742
342 753
343 14
343 359
343 476
343 675
344 1
344 187
344 816
344 998
345 561
345 619
345 732
345 809
346 438
346 515
346 542
346 550
346 668
346 670
346 767
346 798
347 955
348 57
348 275
348 602
349 229
349 273
349 664
349 791
350 250
350 402
350 730
350 795
351 179
351 372
351 739
351 761
351 814
351 843
352 1
352 44
352 49
352 468
352 534
352 679
352 733
352 763
353 511
353 584
353 798
355 292
355 661
355 666
356 62
356 94
356 170
356 758
356 844
357 53
357 56
357 90
357 168
357 950
358 427
358 653
359 371
359 723
359 799
360 667
361 17
361 19
361 949
362 32
362 102
362 497
363 139
363 305
363 330
363 426
363 489
363 617
363 800
363 925
363 934
363 954
364 320
364 967
365 313
365 366
365 387
365 936
366 144
366 210
366 471
366 629
366 760
367 455
367 646
367 660
368 585
368 749
369 116
369 314
369 635
369 925
370 180
370 193
370 742
370 926
371 76
371 444
371 699
372 437
372 469
372 590
372 661
372 777
373 134
373 159
373 431
373 633
373 709
374 117
374 404
374 564
374 781
374 804
374 970
374 980
376 195
376 676
376 742
376 964
376 1000
377 131
377 501
378 117
378 205
378 364
378 408
378 636
379 174
379 490
379 804
379 852
379 862
379 906
380 44
380 399
380 455
380 641
380 781
381 54
381 897
382 245
382 375
382 702
382 765
383 876
384 3
384 216
384 894
385 156
385 524
386 90
386 647
386 715
387 169
388 281
388 349
388 466
388 723
388 973
389 331
389 489
391 37
391 100
391 814
391 877
392 60
392 857
393 231
393 319
393 884
394 33
394 567
394 732
394 766
395 165
395 257
395 398
395 404
395 829
396 49
396 203
396 882
397 630
397 640
398 97
398 651
398 863
399 197
399 504
400 114
400 341
400 893
401 279
401 421
402 4
402 101
402 103
402 482
402 754
402 816
403 606
403 647
403 866
404 109
405 454
405 599
406 825
407 122
407 172
407 337
407 817
408 513
408 566
408 751
408 872
409 386
409 393
409 934
410 425
410 743
410 748
410 933
411 481
411 811
411 952
412 65
412 79
412 218
412 369
412 474
412 532
412 946
412 967
413 136
413 735
414 407
414 424
414 971
415 210
415 297
415 480
415 747
416 650
416 664
416 672
416 786
417 323
417 438
417 508
417 913
417 948
417 953
418 427
419 46
419 597
420 79
420 124
420 392
420 570
421 44
421 213
421 414
421 460
421 911
422 534
423 451
423 577
424 29
424 644
424 990
425 116
425 121
425 758
426 398
426 516
426 710
427 239
428 377
428 519
428 631
428 817
429 356
429 530
431 685
431 943
433 253
433 976
434 97
434 151
434 773
434 892
435 25
435 320
435 486
435 638
435 731
435 948
436 410
437 754
438 179
438 558
438 932
439 159
439 175
439 583
440 313
440 908
441 77
441 672
441 754
442 503
442 937
443 39
443 80
443 121
443 942
444 104
444 121
444 206
444 257
444 924
446 353
446 499
446 614
447 345
448 374
448 892
449 389
450 112
450 916
451 758
452 426
452 546
452 653
453 181
453 375
453 648
454 4
454 343
454 354
454 946
455 71
455 605
455 779
455 880
456 137
456 181
456 443
456 857
456 870
457 312
457 624
457 854
458 3
458 135
458 604
459 597
460 293
460 404
460 573
460 988
461 20
461 181
462 97
462 555
463 50
463 167
463 578
463 931
464 23
464 79
464 672
464 679
464 680
465 356
465 580
465 897
466 12
466 114
466 349
466 751
467 18
467 340
468 66
468 80
468 593
468 800
468 939
468 950
469 161
469 795
470 255
470 517
470 941
471 240
472 802
472 834
473 218
473 237
473 315
473 536
473 785
473 919
475 279
475 638
475 937
476 778
477 135
477 260
477 772
478 449
479 38
479 214
479 555
479 733
479 889
480 256
480 425
480 466
480 866
480 936
481 21
481 710
481 780
482 855
482 975
483 505
483 545
483 712
483 931
484 769
484 919
485 63
485 255
485 775
486 463
486 582
486 657
486 833
487 168
487 660
487 737
487 947
488 197
488 311
488 509
488 522
488 717
488 795
488 948
488 968
489 249
489 809
490 723
490 921
492 79
492 330
492 670
493 77
493 101
493 122
493 172
493 183
494 754
495 563
496 322
496 691
496 760
497 25
497 31
497 157
497 265
497 361
497 643
498 351
499 203
499 401
499 793
499 809
500 217
500 248
500 608
500 779
501 93
501 251
502 146
502 670
502 732
502 739
503 20
503 870
504 211
505 213
505 421
506 67
506 314
506 353
506 406
506 453
506 670
506 696
506 771
506 915
508 76
508 988
509 823
510 122
510 148
511 196
512 670
512 888
513 436
513 914
514 118
514 385
514 869
515 72
515 933
516 563
516 631
516 841
517 121
517 568
518 174
518 327
518 557
518 657
519 98
519 251
519 503
519 558
519 571
520 537
520 695
521 48
521 196
521 222
521 592
521 851
521 900
522 210
522 469
522 647
522 807
522 925
523 89
523 576
524 112
525 156
525 495
526 37
526 84
526 250
526 630
526 733
527 153
527 222
527 735
527 918
528 385
528 511
528 903
528 978
529 243
529 885
530 616
530 761
532 146
532 170
532 476
532 533
533 310
534 366
534 618
534 637
534 743
534 887
534 956
535 39
535 218
535 452
536 628
536 839
537 506
538 395
539 35
539 381
539 609
539 625
539 664
540 36
540 153
541 62
541 746
541 750
541 782
541 825
541 837
542 329
543 448
543 532
543 845
544 184
544 527
545 429
546 74
546 92
546 349
546 594
546 768
546 798
546 894
547 233
547 253
547 386
547 614
548 74
548 595
548 999
550 48
550 570
550 572
550 816
551 426
551 520
552 264
552 416
552 434
552 599
553 272
554 440
554 568
555 559
555 792
556 241
556 271
556 699
556 817
556 905
557 317
557 548
557 978
558 115
558 118
558 670
559 162
559 345
559 499
559 620
559 853
560 327
560 386
560 860
561 101
561 336
561 488
561 518
561 757
562 83
562 127
562 641
562 775
562 891
563 286
565 95
565 290
565 316
565 391
565 449
565 751
565 786
565 867
566 117
566 966
567 191
567 253
567 285
567 336
567 723
568 424
568 509
568 747
569 228
569 343
569 819
569 872
570 224
570 274
570 292
570 994
571 401
571 583
571 586
572 383
572 408
572 450
572 737
572 913
573 4
574 30
574 845
575 56
575 76
576 583
577 9
577 475
577 521
577 974
578 210
579 14
579 47
579 246
579 921
580 60
580 109
580 159
580 620
580 641
580 655
580 767
581 475
582 211
582 236
582 571
582 821
583 271
583 366
583 392
583 688
583 756
583 774
584 536
584 841
585 3
585 59
585 762
586 6
586 333
587 415
587 512
587 820
587 849
588 254
588 429
588 564
589 33
589 68
589 310
589 453
589 812
590 16
590 77
590 542
590 996
591 174
591 592
591 750
592 701
592 759
592 902
593 370
593 557
593 699
594 127
594 173
594 589
595 76
595 137
596 261
596 799
596 959
596 978
597 384
597 401
597 437
597 914
597 954
598 547
598 869
599 363
599 426
599 536
600 165
600 972
601 410
601 497
603 445
603 496
603 854
604 187
604 881
604 959
604 979
605 237
605 423
605 429
605 593
605 742
605 753
606 359
606 373
606 827
606 846
607 109
607 191
607 268
607 919
607 937
608 275
608 615
608 861
609 133
610 505
610 655
610 935
610 987
611 75
611 238
611 496
611 626
611 904
612 919
613 248
613 756
613 767
613 963
614 992
615 378
615 740
616 613
617 255
617 564
617 686
617 897
618 559
618 950
619 393
619 487
620 90
620 175
620 363
620 427
620 584
620 671
620 731
620 775
620 883
621 258
621 413
621 575
621 856
622 327
622 795
623 88
623 239
623 382
623 471
624 386
624 477
624 493
624 686
625 394
625 476
625 628
625 650
626 29
626 85
626 88
626 130
627 246
627 412
627 792
627 876
628 131
628 151
628 442
628 449
628 908
629 764
630 350
630 821
631 121
631 551
631 933
632 839
633 203
634 327
634 624
634 813
635 175
635 177
635 649
636 721
636 887
637 80
637 213
637 772
638 552
639 364
639 387
639 626
640 6
640 778
640 948
640 956
641 66
641 178
641 188
641 198
641 869
642 27
642 38
642 213
642 656
642 899
642 959
642 993
643 6
643 147
643 248
643 573
643 619
644 506
644 681
645 161
645 866
646 27
646 401
646 635
646 734
647 203
647 789
647 838
648 306
648 389
648 601
648 844
649 68
649 157
649 626
649 817
650 143
650 223
650 439
650 775
650 862
651 953
652 530
652 543
652 743
653 847
654 552
655 41
655 294
655 738
655 929
656 376
656 665
656 696
656 990
657 784
658 80
658 525
658 566
658 638
658 924
659 718
660 80
660 362
660 727
662 54
662 71
662 253
662 937
663 60
663 725
663 941
664 359
664 601
665 23
665 118
665 417
665 658
665 733
665 790
665 818
666 315
666 404
667 372
668 367
668 554
668 647
669 163
669 187
669 881
670 73
671 64
672 531
672 641
673 33
673 163
674 228
674 448
674 488
675 378
675 642
676 317
676 640
677 35
677 374
678 20
678 339
678 586
678 615
679 544
679 553
679 766
679 996
680 27
680 440
680 733
681 175
681 561
681 694
681 896
682 280
682 766
682 1000
683 125
683 214
683 418
683 484
683 523
683 645
683 975
684 237
684 485
684 631
684 737
686 54
686 344
686 573
686 736
687 90
687 616
687 624
689 162
689 413
690 830
691 133
691 139
691 308
691 809
691 959
692 295
692 482
692 982
693 192
694 2
694 112
694 152
694 240
695 324
695 663
696 27
696 201
696 643
696 795
696 831
697 134
697 362
697 417
698 429
698 752
698 827
698 877
699 37
699 574
699 952
700 309
700 663
701 338
701 575
701 901
702 261
702 441
703 436
703 755
703 790
703 820
703 909
704 282
704 581
704 745
704 896
704 928
705 454
705 496
705 583
705 601
705 843
706 106
706 568
706 856
707 73
707 86
707 242
707 753
708 156
708 522
708 657
708 774
708 962
709 93
709 616
709 977
710 150
710 173
710 223
711 206
711 356
711 912
712 484
712 582
712 654
712 922
713 130
713 579
713 762
714 47
714 52
714 706
715 226
715 406
716 194
716 389
716 572
717 598
717 841
718 524
718 611
718 955
720 49
720 125
720 582
720 696
721 7
721 976
722 15
722 54
722 262
722 427
722 498
722 838
723 68
723 102
723 897
724 585
725 32
726 98
726 100
726 836
727 865
727 888
728 244
728 255
728 406
729 777
729 887
729 963
730 63
730 882
731 250
731 361
731 974
732 304
732 540
734 172
734 283
734 451
734 786
735 99
735 118
735 441
735 517
735 713
735 781
735 881
736 242
736 793
736 977
737 140
737 327
737 829
738 553
738 574
739 4
739 106
739 364
740 39
741 56
741 372
741 585
741 798
741 867
742 69
742 305
742 606
742 674
743 771
744 525
745 255
745 284
745 434
745 724
746 171
746 247
746 715
746 965
747 605
747 656
749 374
749 719
749 866
750 162
750 261
750 498
750 932
750 989
751 53
751 83
751 149
752 92
752 114
752 204
752 713
753 22
753 42
753 478
753 847
754 918
755 149
755 251
755 693
755 739
756 3
756 197
756 622
756 931
757 49
757 416
757 774
757 784
757 829
757 951
757 987
758 88
758 238
758 554
758 772
759 426
759 676
759 729
759 923
760 459
760 513
760 551
760 586
760 991
761 323
761 416
762 41
763 79
763 157
763 267
763 585
764 72
764 854
764 871
765 613
766 49
766 186
766 747
766 814
766 877
767 373
767 520
768 661
768 709
768 786
769 281
769 671
770 200
770 739
770 927
771 236
771 366
773 606
773 675
773 776
774 539
774 691
775 313
775 388
775 813
776 310
776 363
776 649
777 127
777 155
777 906
777 980
778 406
778 791
778 956
779 526
779 598
779 654
779 837
780 125
780 312
780 411
780 778
780 844
781 896
781 984
782 199
782 356
782 696
782 705
782 785
782 898
784 245
784 707
785 187
785 295
785 367
786 742
787 88
787 240
787 650
787 862
787 974
788 844
789 6
789 294
789 520
789 532
789 706
789 715
789 934
790 736
790 756
791 2
791 812
792 434
793 15
793 162
793 363
793 372
794 215
794 227
794 292
795 161
795 430
795 499
795 809
796 816
797 126
797 405
797 589
798 99
798 179
800 364
800 967
800 969
801 110
801 323
801 378
801 406
801 736
802 112
802 135
803 216
804 673
805 139
805 368
806 87
806 606
806 669
806 861
806 888
807 110
807 167
807 177
807 595
807 620
808 375
809 383
809 852
810 63
810 140
810 310
810 765
811 295
811 808
811 812
811 842
812 604
812 927
813 683
813 699
814 341
814 343
815 63
815 456
815 488
815 717
816 502
816 542
816 812
817 228
818 136
818 159
818 181
818 476
818 862
819 918
820 24
821 119
821 532
821 691
821 894
822 301
824 256
824 261
824 471
824 718
825 368
825 446
825 631
825 703
825 724
826 438
826 588
827 63
827 354
827 355
827 362
827 666
827 738
828 338
828 339
828 604
828 756
828 820
829 224
829 922
829 934
830 61
830 283
830 285
830 695
830 941
830 988
831 25
831 230
831 454
832 117
832 191
832 351
832 708
832 884
833 395
835 327
835 340
835 385
835 437
835 834
836 559
836 691
837 673
837 872
837 899
838 370
838 849
838 944
839 236
839 709
839 845
839 983
840 535
841 92
841 206
841 287
841 551
841 584
842 467
842 985
843 104
843 446
843 695
844 193
844 523
845 783
846 426
846 764
846 785
847 37
847 501
847 524
847 732
847 978
848 47
848 364
848 483
848 527
848 638
848 691
848 753
848 930
849 274
849 904
850 750
850 841
852 110
852 707
852 824
853 60
853 288
853 442
853 955
854 60
854 270
854 442
855 656
855 999
856 31
856 118
856 120
856 616
857 213
857 262
857 518
858 131
860 483
860 657
861 338
861 498
861 507
862 195
863 816
864 32
864 518
864 902
865 26
865 287
865 753
865 857
866 688
867 3
867 320
867 767
868 205
868 263
868 961
869 685
869 883
870 148
870 234
870 317
870 446
871 633
871 923
873 267
873 336
873 443
874 93
874 556
874 620
875 530
875 803
876 260
876 284
876 391
877 186
877 317
877 712
878 223
878 315
878 332
878 422
878 573
879 538
879 953
880 160
880 417
880 637
881 221
881 301
881 492
882 155
882 320
882 792
883 165
883 716
883 927
884 68
884 570
885 423
885 663
885 924
887 316
888 566
889 467
889 785
889 857
890 452
891 551
891 817
891 909
891 972
892 583
892 636
892 817
893 117
893 411
894 100
894 350
894 469
895 760
895 770
896 554
897 36
897 194
897 284
897 757
897 932
898 85
898 255
898 383
898 834
899 43
899 224
899 731
900 210
901 27
901 99
901 687
901 921
902 368
902 370
902 422
902 432
902 756
903 26
903 273
904 67
904 207
904 274
904 419
904 550
904 709
905 219
905 314
905 654
905 701
905 752
905 904
906 124
906 173
906 972
907 386
907 432
907 680
908 390
909 554
909 657
910 181
910 405
910 881
911 9
911 657
912 254
913 272
913 523
913 838
913 863
914 426
914 486
914 818
915 145
915 245
915 723
916 901
917 475
917 915
918 953
919 159
919 501
919 965
920 174
920 257
920 484
921 162
921 245
921 462
922 247
922 343
922 719
922 841
922 982
923 91
923 548
923 621
923 692
924 164
924 264
924 498
924 695
924 776
924 882
924 992
925 144
925 492
925 731
925 963
926 298
926 468
926 921
927 309
928 62
928 779
928 866
929 40
929 46
929 449
930 44
930 481
930 558
930 742
930 768
930 809
931 116
931 355
931 610
932 510
932 556
933 124
933 633
933 649
933 782
934 834
934 860
935 54
936 142
936 714
936 877
936 945
937 731
937 962
937 998
938 978
939 42
939 171
939 665
939 886
940 145
941 158
941 684
942 121
942 229
942 327
942 836
943 167
943 353
943 835
943 894
944 783
944 988
945 232
945 553
945 921
946 377
946 464
947 108
947 720
948 219
948 283
948 305
949 448
949 901
949 951
949 979
950 183
950 187
950 318
950 935
951 242
951 757
952 141
952 249
952 478
952 713
952 878
952 909
953 141
953 153
953 278
953 360
953 569
954 165
954 357
954 919
955 190
955 264
955 290
955 545
955 738
956 776
957 140
957 259
958 237
958 327
958 558
959 24
959 165
959 534
959 936
959 949
960 102
960 120
960 617
961 3
961 291
961 382
961 552
961 596
961 757
962 387
963 160
963 197
963 318
963 497
963 870
964 8
964 410
964 760
965 884
966 200
966 795
966 910
966 945
967 234
967 329
967 522
969 410
969 470
969 712
971 11
971 131
971 916
972 272
972 689
973 45
973 455
973 461
973 784
973 797
974 28
974 734
975 13
975 384
975 531
975 548
975 607
975 749
975 989
976 436
976 517
976 737
977 164
978 428
979 431
979 462
979 944
980 40
980 223
980 355
980 806
981 309
981 483
981 491
981 712
981 758
981 773
982 78
982 520
983 545
983 850
984 420
984 470
984 900
985 638
985 993
986 208
986 437
986 473
986 630
986 672
986 693
986 780
986 927
987 339
987 648
987 765
987 865
988 131
988 211
988 444
988 609
988 918
988 938
989 66
989 375
989 640
989 905
990 155
990 454
990 489
990 659
990 885
991 221
991 244
991 448
991 800
992 110
992 208
992 728
994 8
994 618
994 775
995 167
995 435
995 541
996 363
996 937
998 149
998 462
998 487
998 716
998 839
999 134
999 186
999 334
999 372
999 730
1000 46
1000 152
1000 481
1000 625
1000 914
