1000
1000
5 561
9 710
9 726
10 227
12 89
12 603
12 853
14 364
14 988
15 599
15 663
15 778
16 162
17 225
17 697
17 882
19 438
19 738
20 261
23 865
24 334
25 877
26 82
27 147
27 784
28 106
28 437
29 167
31 533
32 666
34 64
35 318
35 845
36 254
36 357
36 843
37 399
39 698
39 990
41 34
41 205
41 1000
42 766
43 713
46 27
46 684
47 214
50 215
51 989
52 25
53 401
54 4
58 813
59 556
60 479
60 824
61 631
61 968
62 70
62 911
64 99
64 496
64 621
66 812
66 927
67 565
68 298
68 614
70 69
70 475
70 919
70 979
73 2
74 619
75 206
76 372
76 804
77 631
77 652
82 255
84 517
85 251
85 351
85 814
86 154
88 106
89 98
89 708
92 385
93 6
93 533
96 526
97 757
99 563
99 582
99 874
100 710
101 834
102 198
103 901
104 163
104 763
105 75
105 717
106 17
107 333
107 679
108 873
109 465
110 390
111 481
112 308
113 423
117 490
117 818
121 676
124 287
124 984
126 167
126 543
126 668
128 508
130 37
130 75
130 714
131 564
136 48
136 538
138 247
139 453
141 463
143 496
144 34
144 298
144 815
145 277
145 381
145 946
147 98
151 949
152 580
154 28
154 556
156 299
156 698
157 169
157 662
160 893
161 212
161 759
165 826
166 227
166 369
166 395
166 866
168 501
174 545
177 54
177 148
177 844
179 483
179 996
180 438
181 407
181 779
182 25
183 286
185 488
185 988
186 963
187 896
189 255
190 709
191 364
191 893
191 938
192 746
192 873
193 155
193 895
194 297
194 990
195 977
196 513
197 966
201 367
203 764
204 547
205 186
207 94
207 308
208 103
208 111
208 545
209 400
209 877
210 271
210 587
211 140
212 887
214 853
215 922
216 358
216 382
221 14
222 212
222 675
223 882
224 806
225 266
226 20
227 874
229 524
229 891
230 199
230 749
230 885
234 887
235 611
237 239
237 898
238 939
240 99
240 140
240 181
241 83
241 616
242 255
242 363
243 364
243 559
243 964
244 994
247 645
247 983
248 586
249 887
250 477
250 712
251 73
251 797
252 214
253 92
253 751
253 866
254 224
254 493
254 909
255 111
255 199
255 868
255 876
256 558
258 256
259 332
263 131
264 546
265 106
268 606
268 885
269 810
270 509
271 1
273 588
274 359
274 714
278 587
278 918
281 82
281 96
282 675
284 888
287 533
287 961
292 632
292 740
292 921
293 12
293 647
294 102
294 268
294 431
294 826
295 518
296 882
297 663
299 723
300 307
300 329
300 954
301 63
301 531
302 218
303 143
303 387
304 770
307 188
309 276
310 274
311 489
312 536
313 75
315 227
316 126
317 577
317 857
318 453
321 146
322 180
324 491
324 765
325 894
327 821
328 977
329 189
329 875
330 30
334 607
334 891
335 5
335 197
336 92
336 922
337 234
338 497
339 72
340 359
340 880
341 344
341 357
342 16
343 744
344 700
345 504
345 745
346 599
348 51
349 185
349 341
352 226
352 842
355 295
355 325
355 630
357 249
359 230
360 604
360 807
363 26
365 17
366 376
366 509
367 760
369 687
370 13
371 963
372 253
373 85
373 295
374 662
375 384
376 408
376 468
377 230
381 903
382 703
382 910
386 491
386 652
387 378
388 577
389 312
390 548
391 707
392 237
392 331
392 463
393 363
394 694
395 812
396 552
398 213
400 478
401 547
402 30
402 697
405 171
406 931
407 149
407 254
408 119
408 561
408 822
411 546
412 476
412 716
413 758
413 815
413 972
414 212
414 837
415 33
417 591
418 87
418 91
418 508
419 314
421 65
421 535
422 496
424 613
426 894
427 611
427 995
428 326
429 436
430 627
430 699
433 96
433 896
434 146
434 284
434 666
436 115
436 357
436 458
437 335
440 748
441 929
442 998
448 269
448 916
450 346
450 756
453 356
455 865
456 891
457 300
457 794
457 880
459 900
461 205
464 749
465 535
468 68
468 355
468 826
469 189
469 507
469 705
469 791
470 41
470 720
470 999
471 251
474 18
474 243
475 334
475 493
475 703
475 771
476 389
479 33
480 265
480 421
481 145
481 544
482 832
484 116
484 418
486 152
486 674
486 919
486 943
487 236
488 973
489 755
489 825
490 193
492 53
492 798
494 52
496 109
496 540
496 790
497 340
498 145
498 674
498 937
500 54
500 250
501 906
503 212
503 345
504 693
507 971
510 973
511 91
511 576
511 983
512 618
512 707
516 846
520 655
522 405
523 900
524 168
525 206
527 258
528 399
528 829
529 409
529 726
530 165
530 421
530 725
533 984
534 264
534 496
534 685
534 783
534 785
535 175
535 493
535 507
536 742
536 993
537 261
537 370
538 336
541 287
541 917
542 800
543 371
543 917
544 809
546 301
549 850
550 38
550 690
551 307
551 513
552 732
553 709
554 348
555 683
556 459
556 729
557 566
557 698
559 141
560 863
561 1
561 289
562 218
563 359
565 240
565 467
566 177
567 909
571 166
571 690
573 832
576 123
576 225
576 241
577 872
581 373
582 499
584 820
585 788
586 84
586 238
587 673
589 978
590 360
590 787
592 878
593 319
594 410
594 499
594 619
595 267
595 629
595 753
596 612
596 952
598 379
598 606
599 15
601 845
602 886
604 225
605 972
606 327
608 262
608 831
609 249
609 382
611 307
611 347
612 822
614 237
614 766
617 899
618 654
619 165
619 299
619 574
620 249
620 852
621 743
622 747
623 890
624 969
625 335
627 479
628 520
629 747
632 241
632 501
633 352
633 526
635 206
636 310
636 381
636 589
636 622
636 874
637 467
639 925
641 187
645 937
647 401
648 44
650 344
650 373
651 16
651 137
651 811
653 332
655 459
655 921
656 302
656 682
657 419
657 459
658 60
658 939
661 340
664 213
664 895
665 84
666 565
667 325
667 519
667 537
673 24
673 103
673 759
674 511
674 641
677 478
678 503
678 760
678 786
684 272
685 355
685 767
685 810
686 757
687 139
687 222
689 811
690 126
692 83
693 346
693 365
693 381
694 357
694 530
694 535
694 935
695 614
696 32
697 236
698 67
698 89
698 701
698 799
698 895
699 624
700 342
700 393
701 870
703 269
704 696
704 776
705 580
705 831
706 723
709 366
710 462
710 672
711 89
711 419
711 584
711 658
712 582
713 34
714 261
716 338
716 659
717 245
717 817
719 935
722 797
725 320
725 701
727 288
728 192
728 539
729 906
730 511
730 570
732 375
734 111
734 696
734 826
734 904
737 77
737 204
737 375
737 493
738 815
739 101
739 803
742 118
742 492
749 410
751 39
751 78
751 332
751 714
755 479
756 981
756 984
759 405
761 149
763 601
765 358
767 52
767 622
770 435
770 578
772 285
772 362
772 762
773 329
773 630
775 66
775 418
775 487
775 965
778 112
778 571
780 759
781 73
784 693
786 513
786 644
788 163
789 209
790 718
792 209
792 311
792 486
793 299
793 304
793 335
793 658
797 495
797 986
799 708
801 96
801 604
802 749
803 380
803 642
803 660
804 225
806 448
809 444
809 756
809 762
811 118
811 296
811 425
812 73
812 641
812 769
813 923
814 323
814 377
814 943
815 192
815 241
819 108
820 367
820 902
821 797
822 439
822 858
823 976
825 138
827 487
827 694
827 792
828 47
830 395
831 488
832 424
833 362
834 669
834 996
835 166
836 380
837 868
837 926
838 776
840 204
840 504
840 616
840 653
843 670
845 34
846 512
846 682
847 236
847 531
847 739
848 291
848 482
848 873
851 404
854 57
854 201
855 735
856 423
857 947
860 884
861 649
861 674
861 969
862 15
864 977
865 655
865 694
866 299
866 671
867 59
867 133
867 473
869 467
869 891
869 987
870 305
870 635
871 158
872 191
873 380
873 515
873 618
874 480
876 626
879 755
879 834
881 273
881 347
881 998
883 433
883 457
885 425
885 882
885 909
886 210
890 848
891 428
891 477
892 958
893 348
895 889
896 992
897 96
899 708
899 815
901 40
901 176
902 945
904 218
905 345
905 854
906 797
907 609
909 60
911 597
911 770
912 203
912 450
915 519
916 648
917 765
918 333
923 185
923 523
923 590
923 747
924 126
924 424
924 705
926 736
926 836
927 105
927 925
928 970
931 277
931 612
935 255
935 398
935 988
936 95
937 269
938 343
939 695
939 712
939 803
941 272
942 708
943 592
944 43
947 103
947 133
949 318
950 817
950 945
951 164
951 249
951 329
953 721
956 231
957 349
958 601
960 669
962 634
963 637
964 645
965 196
965 574
966 789
967 556
968 589
969 512
969 692
971 112
971 387
971 519
972 106
972 531
973 861
974 149
974 297
974 854
975 288
975 988
976 159
976 181
978 109
979 981
983 275
985 920
986 288
986 314
986 667
986 919
987 576
987 727
987 762
987 824
988 372
989 226
990 459
992 270
992 660
994 597
994 767
995 104
995 168
996 761
998 879
999 381
