1000
6977
1 6
1 9
1 183
1 391
1 469
1 642
1 770
1 784
2 630
2 649
2 747
2 886
2 991
2 992
2 999
3 80
3 146
3 173
3 393
3 565
3 781
3 849
4 114
4 141
4 578
4 681
4 724
4 783
4 944
4 953
5 64
5 194
5 486
5 541
5 846
6 641
6 708
6 780
7 121
7 346
7 389
7 482
7 733
7 777
7 799
7 886
7 891
7 915
8 82
8 265
8 358
8 993
9 165
9 206
9 459
9 597
9 837
9 973
10 135
10 275
10 310
10 391
10 742
11 167
11 227
11 311
11 374
11 692
11 716
11 931
12 64
12 221
12 339
12 581
12 796
12 988
13 114
13 604
13 672
13 828
13 991
14 232
14 480
14 500
14 693
14 764
14 968
15 835
15 874
15 951
16 9
16 40
16 109
16 149
16 370
16 665
16 808
16 826
16 863
16 878
16 909
16 921
16 962
17 113
17 115
17 487
17 970
17 991
18 100
18 131
18 224
18 328
18 422
18 523
18 524
18 745
18 826
18 903
18 907
19 51
19 63
19 322
19 532
19 638
19 856
20 15
20 76
20 149
20 266
20 448
20 615
20 634
20 657
20 685
20 804
20 819
20 932
21 217
21 323
21 344
21 414
21 424
21 448
21 887
21 930
21 972
22 59
22 462
22 715
22 859
22 975
23 131
23 357
23 757
23 930
23 949
23 960
24 44
24 89
24 318
24 591
24 950
25 370
25 387
25 733
25 872
26 24
26 77
26 233
26 287
26 716
26 896
27 379
27 450
27 940
28 123
28 289
28 300
28 499
28 593
29 71
29 90
29 226
29 282
29 357
29 573
29 701
29 764
29 996
30 169
30 229
30 413
30 566
30 718
30 895
31 33
31 113
31 180
31 442
31 532
31 899
32 77
32 432
32 468
32 678
32 719
32 880
33 171
33 276
33 387
33 398
33 675
34 285
34 612
34 635
35 29
35 378
35 381
35 486
35 564
35 631
35 643
35 700
35 922
35 991
36 55
36 293
36 351
36 435
36 615
36 620
36 639
36 951
36 953
37 99
37 422
37 789
37 985
37 999
38 448
38 541
38 591
38 592
38 943
38 961
39 60
39 64
39 358
39 381
39 383
39 590
39 754
39 967
39 980
39 997
40 377
40 421
40 422
40 427
40 488
40 711
40 770
40 928
41 42
41 133
41 261
41 602
41 774
41 843
41 937
42 150
42 345
42 517
42 556
42 737
42 850
42 851
42 922
43 35
43 158
43 276
43 336
43 605
43 691
43 889
44 8
44 624
44 779
44 913
44 936
44 940
45 36
45 106
45 209
45 495
45 556
45 722
45 765
45 766
45 783
45 803
46 31
46 114
46 146
46 625
46 652
46 655
46 724
46 905
46 993
47 170
47 295
47 358
47 526
47 561
47 824
47 951
48 227
48 434
48 478
48 715
48 757
48 809
48 837
48 846
49 72
49 207
49 231
49 245
49 661
49 698
49 777
50 72
50 73
50 157
50 274
50 351
50 373
50 400
50 454
50 469
50 576
50 773
51 75
51 136
51 295
51 308
51 327
51 373
51 420
51 616
51 675
52 179
52 272
52 385
52 394
52 462
52 522
52 642
52 998
53 120
53 147
53 222
53 341
53 436
53 575
54 240
54 456
54 726
54 853
54 993
55 1
55 247
55 289
55 540
55 720
55 765
55 963
56 24
56 78
56 181
56 530
56 679
56 769
56 819
56 881
56 966
57 474
57 638
57 773
57 832
57 981
58 89
58 336
58 357
58 553
58 924
58 967
59 230
59 234
59 536
59 565
59 641
59 714
59 741
59 796
59 799
59 998
60 11
60 84
60 157
60 167
60 267
60 518
60 529
60 553
61 152
61 275
61 320
61 522
61 712
61 762
61 984
61 1000
62 19
62 44
62 141
62 267
62 382
62 430
62 598
62 791
63 143
63 162
63 793
63 878
63 923
64 106
64 251
64 259
64 284
64 336
64 394
64 495
64 570
64 611
64 909
65 171
65 202
65 256
65 298
65 428
65 470
65 545
65 890
65 944
66 73
66 319
66 512
66 670
66 916
66 944
66 950
67 12
67 60
67 127
67 209
67 273
67 306
67 515
67 563
67 577
67 612
67 805
67 827
67 837
67 856
68 29
68 98
68 385
68 579
68 627
68 824
68 945
69 112
69 387
69 550
69 571
69 604
69 917
70 358
70 546
70 833
70 860
70 926
70 957
71 213
71 413
71 457
71 505
72 31
72 34
72 152
72 352
72 636
72 695
72 818
72 889
72 936
73 49
73 125
73 200
73 245
73 576
73 670
73 720
73 725
74 314
74 342
74 424
74 444
74 556
74 962
74 987
75 411
75 431
75 779
75 788
75 805
75 827
76 175
76 480
76 550
76 615
76 678
76 696
76 709
76 815
77 17
77 145
77 276
77 512
77 582
77 818
77 897
77 962
78 100
78 135
78 211
78 280
78 371
78 470
78 908
78 927
79 134
79 307
79 324
79 835
80 14
80 143
80 201
80 326
80 658
80 803
81 61
81 176
81 304
81 335
81 504
81 515
81 870
81 932
82 62
82 399
82 640
83 181
83 185
83 304
83 387
83 448
83 528
84 309
84 411
84 464
84 622
84 659
84 821
84 965
85 356
85 414
85 838
86 375
86 480
86 753
86 926
86 957
87 151
87 364
87 379
87 392
87 425
87 567
87 619
88 195
88 463
88 663
88 925
88 951
89 15
89 28
89 31
89 138
89 164
89 332
89 373
89 541
89 852
89 935
90 173
90 230
90 414
90 668
91 15
91 447
91 448
91 530
91 540
91 797
91 917
91 942
91 990
92 230
92 244
92 256
92 693
92 747
92 785
93 130
93 555
93 810
93 864
93 906
94 118
94 202
94 239
94 259
94 699
95 255
95 660
95 746
95 789
96 181
96 224
96 288
96 565
96 994
97 101
97 145
97 428
97 464
97 645
97 675
97 680
98 213
98 332
98 407
98 764
98 838
99 528
99 563
99 698
100 52
100 166
100 323
100 408
100 550
100 682
100 722
100 766
100 946
100 979
101 56
101 123
101 149
101 476
101 626
101 711
101 714
101 761
101 889
102 224
102 233
102 257
102 355
102 472
102 559
102 592
102 852
102 953
103 114
103 593
103 610
103 698
103 871
103 937
103 996
104 186
104 450
104 717
104 905
105 64
105 389
105 551
105 584
105 603
105 605
105 768
105 773
105 789
105 923
106 88
106 200
106 234
106 278
106 293
106 346
106 481
106 509
106 676
106 745
106 821
106 966
107 221
107 318
107 870
107 878
107 922
108 258
108 371
108 638
108 680
108 697
108 934
109 159
109 267
109 439
109 659
109 737
109 750
109 815
110 14
110 51
110 106
110 141
110 342
110 385
110 546
110 875
111 103
111 266
111 292
111 307
111 359
111 657
111 771
112 58
112 514
112 697
112 959
113 140
113 236
113 386
113 553
113 554
113 591
113 687
113 846
113 897
114 20
114 282
114 459
114 666
114 1000
115 197
115 299
115 363
115 454
115 470
115 484
115 589
115 633
115 767
115 834
116 107
116 471
116 587
116 630
116 698
116 727
116 902
116 926
117 78
117 339
117 356
117 373
117 380
117 439
118 34
118 41
118 51
118 480
118 640
118 728
118 778
119 485
120 39
120 393
120 550
120 604
120 753
121 287
121 874
121 924
121 957
122 221
122 271
122 455
122 559
122 582
122 963
123 22
123 168
123 286
123 350
123 402
123 481
123 487
123 668
123 929
124 31
124 73
124 423
124 698
124 874
124 909
125 5
125 82
125 256
125 754
126 136
126 606
126 610
126 833
126 851
127 64
127 128
127 296
127 438
127 511
127 648
127 725
127 856
127 926
127 933
128 134
128 291
128 338
128 417
128 478
128 825
129 47
129 171
129 397
130 227
130 248
130 411
130 433
130 434
130 576
131 378
131 711
131 803
132 41
132 329
132 488
132 626
132 648
132 860
132 889
133 241
133 633
133 736
134 162
134 332
134 341
134 371
134 646
134 699
134 908
135 202
135 469
135 493
135 902
136 24
136 36
136 307
136 538
136 625
136 636
136 670
137 15
137 96
137 257
137 440
137 524
137 795
137 818
137 822
137 998
138 109
138 244
138 324
138 407
138 626
138 675
138 694
138 841
138 927
138 953
139 11
139 164
139 293
139 380
139 414
139 601
139 666
139 791
139 974
140 127
140 359
140 378
140 463
140 825
141 8
141 25
141 166
141 193
141 200
141 282
141 325
141 418
141 568
141 584
141 588
141 723
141 984
142 138
142 337
142 575
142 939
143 349
143 491
143 783
143 826
143 846
144 86
144 212
144 233
144 294
144 332
144 468
144 508
144 600
144 683
144 997
145 14
145 131
145 496
145 557
145 615
145 966
146 115
146 302
146 393
146 446
146 929
147 296
147 323
147 551
147 749
147 792
147 805
147 811
147 999
148 84
148 102
148 768
148 826
148 962
148 984
149 106
149 183
149 483
149 589
149 615
149 642
149 877
150 52
150 106
150 219
150 359
150 397
150 491
150 604
150 823
151 164
151 234
151 797
151 827
152 138
152 233
152 249
152 302
152 503
152 692
152 828
153 29
153 175
153 358
153 453
153 497
153 513
153 565
153 753
153 945
154 24
154 42
154 127
154 491
154 610
154 714
154 813
155 76
155 368
155 483
155 537
155 599
155 744
155 824
155 945
156 179
156 215
156 532
156 541
156 691
157 105
157 154
157 595
157 700
157 883
157 942
158 57
158 96
158 134
158 258
158 286
158 307
158 569
158 616
158 780
158 784
158 924
158 996
158 1000
159 449
159 679
159 723
159 878
159 999
160 187
160 252
160 604
161 346
161 399
161 500
161 513
161 553
161 777
161 878
161 945
162 313
162 337
162 734
162 836
163 29
163 95
163 308
163 386
163 527
163 861
163 943
164 28
164 182
164 194
164 311
164 370
164 378
164 401
164 453
164 557
164 618
164 641
164 651
164 655
164 704
164 949
164 954
165 2
165 259
165 377
165 803
165 825
166 12
166 150
166 157
166 246
166 499
166 652
166 675
166 825
167 330
167 660
167 737
167 769
167 923
167 957
167 959
168 13
168 65
168 194
168 214
168 247
168 360
168 822
168 873
168 902
169 392
170 9
170 145
170 220
170 471
170 573
170 590
170 798
170 852
170 949
171 178
171 288
171 310
171 330
171 663
171 762
171 807
171 936
171 955
172 6
172 188
172 226
172 266
172 564
172 592
172 821
173 25
173 147
173 484
173 569
173 587
173 713
173 715
173 752
173 798
174 133
174 139
174 171
174 237
174 616
174 670
174 811
175 158
175 336
175 372
175 690
175 865
175 987
175 997
176 324
176 369
176 385
176 519
176 569
176 828
176 912
176 999
177 140
177 246
177 271
177 362
177 756
177 795
177 913
178 525
178 619
178 802
178 832
178 852
178 920
179 51
179 74
179 83
179 279
179 312
179 655
179 704
179 708
179 809
180 2
180 70
180 334
180 507
180 533
180 588
180 667
180 719
180 784
180 788
180 906
180 996
181 164
181 174
181 325
181 364
181 410
181 463
181 591
181 619
181 705
182 118
182 150
182 156
182 223
182 363
182 372
182 618
182 774
183 22
183 82
183 429
183 469
183 556
183 714
184 102
184 283
184 338
184 480
184 530
184 545
184 601
184 640
184 678
184 789
184 906
185 53
185 109
185 182
185 430
185 478
186 57
186 176
186 390
186 856
187 155
187 175
187 243
187 384
187 399
187 409
188 26
188 465
188 700
188 753
189 203
189 515
189 825
189 826
190 56
190 232
190 309
190 755
190 845
191 11
191 13
191 44
191 68
191 76
191 320
191 478
191 490
191 512
191 540
191 551
191 628
191 675
191 709
191 757
191 929
192 7
192 58
192 84
192 249
192 299
192 328
192 385
192 416
192 557
192 680
192 920
193 212
193 563
193 689
194 38
194 212
194 464
194 593
194 759
195 80
195 89
195 308
195 770
195 929
196 343
196 599
196 896
196 950
197 165
197 172
197 259
197 320
197 428
197 488
197 716
197 900
197 976
198 201
198 256
198 359
198 381
198 410
198 550
198 659
198 766
198 903
198 926
198 972
199 218
199 617
199 723
199 821
199 904
199 995
200 116
200 184
200 572
201 72
201 657
201 707
201 845
201 918
202 29
202 53
202 177
202 521
202 625
202 727
202 792
202 853
202 939
203 622
203 729
203 851
203 938
204 54
204 83
204 147
204 153
204 350
204 377
204 482
204 603
204 605
204 864
205 540
205 559
205 941
205 958
206 59
206 219
206 232
206 377
206 535
206 648
207 31
207 36
207 195
207 363
207 739
207 835
207 975
208 79
208 339
208 400
208 416
208 646
208 910
209 301
209 506
209 629
209 692
210 311
210 321
210 342
210 347
210 380
210 392
210 517
210 935
211 28
211 288
211 377
212 196
212 206
212 267
212 545
212 695
212 746
212 764
212 950
213 39
213 103
213 388
213 447
213 511
214 319
214 345
214 776
214 859
215 49
215 203
215 416
215 793
215 862
216 14
216 98
216 451
216 597
216 638
216 910
216 988
217 109
217 125
217 275
217 432
217 670
217 674
217 794
217 844
218 63
218 106
218 426
218 491
218 535
218 622
218 693
219 39
219 64
219 308
219 457
219 528
219 589
219 905
219 976
220 169
220 434
220 535
220 708
220 763
220 887
221 22
221 383
221 938
221 974
222 113
222 181
222 455
222 490
222 780
222 927
223 55
223 335
223 362
223 432
224 25
224 62
224 605
224 617
224 715
224 758
225 31
225 198
225 441
225 493
225 741
225 766
225 826
225 945
226 362
226 367
226 492
227 49
227 127
227 152
227 159
227 214
227 247
227 492
227 759
227 780
227 811
227 926
227 928
227 999
228 25
228 135
228 369
228 608
228 854
228 891
229 241
229 275
229 280
229 298
229 361
229 452
229 579
229 606
229 615
229 789
229 803
229 852
230 93
230 347
230 372
230 385
230 421
230 730
230 877
231 48
231 335
231 492
231 514
231 577
231 695
231 782
232 24
232 273
232 419
232 491
232 510
233 14
233 83
233 418
233 724
233 977
234 684
235 242
235 261
235 969
236 80
236 93
236 111
236 407
236 415
236 529
236 825
236 838
236 868
236 961
236 975
237 499
237 604
237 679
238 704
238 737
239 109
239 192
239 257
239 314
239 370
239 676
239 781
240 99
240 334
240 587
240 664
240 908
241 52
241 417
241 508
241 543
241 606
241 628
241 703
242 97
242 276
242 432
242 737
242 994
243 370
243 481
243 539
243 857
243 878
243 881
243 952
243 962
243 976
244 20
244 69
244 152
244 160
244 517
244 559
244 568
244 616
244 760
244 915
244 918
245 5
245 155
245 544
245 612
245 630
245 671
245 847
246 308
246 547
246 911
247 142
247 404
247 593
247 683
247 705
247 708
247 834
248 61
248 177
248 275
248 537
248 600
248 636
248 849
249 47
249 88
249 134
249 313
249 417
249 437
249 483
249 688
249 874
249 959
249 961
250 145
250 185
250 231
250 635
250 665
250 713
250 806
250 898
250 902
251 4
251 53
251 74
251 262
251 363
251 670
251 867
251 874
251 926
251 928
251 999
252 3
252 88
252 147
252 267
252 285
252 334
252 448
252 510
252 547
252 632
252 767
252 981
253 21
253 174
253 211
253 256
253 272
253 372
253 424
253 508
253 514
253 868
254 224
254 256
254 383
254 420
254 496
254 944
255 86
255 236
255 268
255 410
255 566
255 631
256 30
256 167
256 463
257 125
257 323
257 358
257 461
257 650
257 789
258 193
258 233
258 313
258 395
258 554
258 603
258 653
258 856
259 39
259 713
259 838
260 73
260 536
260 634
260 703
261 93
261 280
261 469
261 528
261 681
261 882
262 79
262 175
262 474
262 525
262 590
262 603
262 629
262 665
262 997
263 81
263 260
263 366
263 916
264 368
264 392
264 469
264 477
264 577
264 596
264 663
264 703
264 734
264 752
264 765
264 879
265 36
265 128
265 199
265 273
265 399
266 24
266 37
266 55
266 115
266 344
266 492
266 527
266 561
266 735
266 936
267 17
267 121
267 462
267 604
267 768
267 868
267 899
268 24
268 230
268 371
268 528
268 555
268 578
268 580
268 597
268 688
268 760
268 791
269 322
269 339
269 650
269 725
269 886
270 97
270 299
270 313
270 371
270 657
271 281
271 422
271 446
271 600
271 692
271 861
271 956
272 27
272 109
272 510
272 706
273 70
273 292
273 326
273 447
273 565
273 715
273 767
273 833
273 962
274 199
274 257
274 280
274 289
274 510
274 568
274 651
274 775
275 37
275 50
275 125
275 229
275 258
275 340
275 431
275 556
275 761
275 800
275 896
276 62
276 156
276 560
276 760
276 761
276 782
276 803
276 818
276 936
277 22
277 347
277 540
277 650
277 726
277 853
277 865
277 938
277 948
277 998
278 291
278 419
278 504
278 524
279 99
279 116
279 125
279 423
279 800
280 64
280 444
281 378
281 744
281 946
282 36
282 170
282 511
282 747
282 872
282 920
282 944
283 64
283 86
283 270
283 322
283 387
283 404
283 589
283 791
283 886
284 250
284 408
284 902
284 962
285 5
285 127
285 433
285 763
286 66
286 496
286 537
286 787
286 798
287 239
287 346
287 998
288 71
288 190
288 214
288 560
288 643
288 649
288 806
288 835
288 840
288 953
288 959
289 91
289 111
289 133
289 230
289 362
289 387
289 651
289 657
289 726
289 853
290 360
290 408
290 484
290 487
290 619
290 668
291 13
291 27
291 64
291 320
291 491
291 635
292 82
292 111
292 116
292 124
292 136
292 176
292 206
292 511
293 266
293 276
293 464
293 494
293 546
293 647
293 703
293 961
294 55
294 112
294 239
294 283
294 297
294 415
294 524
294 816
294 987
295 90
295 91
295 436
295 525
295 610
295 858
296 345
296 553
296 620
296 708
296 917
297 22
297 284
297 301
297 325
297 498
297 699
297 716
297 810
298 222
298 455
298 840
299 63
299 350
299 725
299 831
299 881
300 63
300 394
300 611
300 724
301 7
301 128
301 457
301 765
301 960
302 25
302 113
302 127
302 372
302 421
302 423
302 752
302 896
303 38
303 43
303 537
303 558
303 577
303 698
304 100
304 124
304 333
304 613
304 748
304 775
305 21
305 87
305 191
305 453
305 482
305 593
305 602
305 639
306 31
306 81
306 118
306 197
306 208
306 521
306 744
306 832
307 7
307 66
307 106
307 343
307 484
307 595
307 657
307 776
307 880
308 34
308 126
308 187
308 290
308 296
308 316
308 429
308 433
308 599
308 702
308 979
309 669
309 715
309 804
309 945
310 108
310 122
310 475
310 534
310 535
310 578
311 139
311 282
311 673
311 888
311 916
311 923
311 975
312 143
312 545
312 573
312 584
312 664
312 843
312 983
313 176
313 194
313 315
313 488
313 497
313 520
313 560
313 697
314 34
314 75
314 167
314 199
314 227
314 329
314 810
314 840
315 79
315 90
315 259
315 371
315 480
315 563
315 661
315 670
315 819
315 859
315 881
316 97
316 183
316 246
316 595
316 811
316 833
316 899
317 56
317 158
317 584
317 709
317 786
317 911
317 976
317 982
317 985
318 54
318 90
318 259
318 416
318 564
318 621
318 898
318 943
318 980
319 76
319 255
319 334
319 479
319 534
319 575
319 577
319 594
319 744
320 50
320 530
320 549
320 570
320 694
320 695
320 844
321 98
321 231
321 282
321 466
321 969
322 265
322 334
322 600
322 762
322 806
322 862
322 989
323 184
323 227
323 281
323 330
323 373
323 524
323 687
323 825
323 826
323 990
324 156
324 361
324 383
324 623
324 745
324 816
325 231
325 369
325 530
325 608
325 633
325 829
326 217
326 687
326 719
327 67
327 161
327 206
327 296
327 355
327 973
327 974
328 201
328 568
328 593
328 812
328 817
328 820
328 851
329 324
329 363
329 631
329 705
329 803
329 855
329 889
330 185
330 551
330 641
330 647
330 924
331 43
331 74
331 136
331 233
331 564
331 675
331 812
332 44
332 70
332 173
332 327
332 368
332 771
332 853
333 195
333 208
333 242
333 271
333 316
333 663
333 676
333 855
333 980
334 193
334 392
334 449
334 462
334 534
334 547
335 541
335 690
335 914
335 933
336 43
336 226
336 272
336 363
336 718
336 872
336 896
336 936
337 194
337 561
337 905
337 942
338 48
338 356
338 678
338 718
338 796
338 837
338 964
339 112
339 185
339 235
339 356
339 367
339 505
339 524
339 525
339 714
339 813
339 834
339 909
340 178
340 189
340 366
340 576
340 658
340 935
341 471
341 697
341 870
342 269
342 295
342 313
342 329
342 501
342 602
342 636
342 688
342 899
342 943
342 947
343 133
343 417
343 547
343 554
343 555
343 724
343 777
343 785
344 30
344 222
344 230
344 478
344 503
344 718
344 861
345 199
345 306
345 557
345 630
345 694
345 765
345 972
346 331
346 633
346 722
346 816
346 938
347 59
347 115
348 293
348 589
348 607
348 766
348 846
349 281
349 506
349 520
349 684
349 850
350 79
350 150
350 228
350 242
350 245
350 365
350 512
350 772
350 861
350 919
351 128
351 545
351 549
351 600
351 747
351 765
351 813
352 140
352 328
353 40
353 616
353 617
353 826
354 74
354 92
354 382
354 433
354 744
354 754
354 831
354 931
355 187
355 540
355 657
355 773
355 895
356 12
356 73
356 152
356 274
356 324
356 582
356 803
356 896
356 924
356 925
357 48
357 93
357 361
357 447
357 670
357 679
357 996
358 165
358 203
358 261
358 585
358 615
358 619
358 625
358 762
358 888
358 945
359 91
359 125
359 275
359 678
359 770
360 145
360 421
360 443
360 592
360 871
360 939
361 24
361 101
361 153
361 472
361 544
361 582
361 972
362 4
362 70
362 138
362 597
362 652
362 752
363 102
363 123
363 278
364 427
364 537
364 829
364 866
364 955
364 994
365 160
365 189
365 282
365 326
365 492
365 780
366 186
366 304
366 459
366 485
366 653
366 687
366 699
366 748
366 760
366 797
366 973
367 69
367 91
367 204
367 221
367 659
367 698
367 865
367 897
368 18
368 398
368 404
368 510
368 526
368 851
369 126
369 672
369 875
370 2
370 198
370 300
370 486
370 510
370 553
370 909
371 17
371 654
371 656
371 660
371 687
371 895
372 52
372 313
372 354
372 581
372 783
372 804
372 905
373 35
373 211
373 286
373 396
373 428
373 448
373 509
373 838
373 953
374 109
374 205
374 216
374 378
374 986
375 249
375 373
375 385
375 468
375 733
375 913
375 943
376 51
376 108
376 232
376 356
376 383
376 386
376 632
376 639
376 674
376 735
376 736
376 765
376 829
377 72
377 173
377 396
377 501
377 852
378 194
378 413
378 532
378 768
378 821
378 838
378 856
378 995
379 74
379 121
379 484
379 513
379 702
379 784
379 785
379 813
379 907
380 240
380 295
380 777
381 123
381 205
381 208
381 304
381 377
381 859
381 929
382 156
382 360
382 545
382 624
382 911
383 91
383 189
383 320
383 352
383 908
384 136
384 218
384 534
384 853
385 341
385 352
385 452
385 739
385 753
385 781
385 866
385 896
386 181
386 240
386 355
386 366
386 589
386 683
386 824
386 899
386 969
387 135
387 198
387 250
387 814
388 117
388 166
388 503
388 615
388 788
388 930
388 957
389 45
389 234
389 453
389 748
389 863
389 994
390 476
390 491
390 586
390 724
390 749
390 811
390 935
391 21
391 372
391 512
391 627
391 631
391 768
391 771
391 923
392 81
392 98
392 201
392 432
392 544
392 959
392 982
393 494
393 628
393 677
393 926
394 102
394 213
394 265
394 298
394 621
395 75
395 342
395 367
395 383
395 904
395 995
396 38
396 65
396 219
396 248
396 337
396 445
396 786
396 835
396 925
396 982
397 149
397 469
397 534
397 588
397 666
397 850
398 103
398 196
398 249
398 272
398 339
398 754
398 848
398 890
398 967
399 116
399 177
399 347
399 478
399 767
399 963
400 231
400 313
400 368
400 375
401 233
401 306
401 577
401 735
401 850
401 993
402 11
402 279
402 296
402 419
402 672
402 867
402 899
402 981
403 32
403 65
403 132
403 236
403 516
403 689
403 737
403 861
404 154
404 383
404 445
404 923
405 14
405 26
405 268
405 550
405 608
405 726
405 950
406 369
406 398
406 438
406 544
406 685
406 919
406 965
407 42
407 105
407 334
407 479
407 617
407 634
407 811
407 912
408 12
408 118
408 128
408 274
408 437
408 477
408 677
408 704
408 814
408 908
408 909
408 919
409 233
409 294
409 325
409 438
409 573
409 663
409 902
409 948
409 956
410 242
410 307
410 486
410 503
410 548
410 732
410 832
410 844
410 845
410 976
411 178
411 248
411 290
411 367
411 418
411 590
411 649
411 812
411 926
412 273
412 431
412 449
412 473
412 493
412 523
412 860
412 881
412 938
413 427
413 446
413 527
413 681
413 701
414 13
414 70
414 155
414 295
414 309
414 357
414 358
414 374
414 450
414 587
414 596
414 606
414 792
414 795
414 899
415 308
415 310
415 346
415 503
415 742
415 997
416 1
416 331
416 400
416 578
416 774
417 11
417 54
417 186
417 222
417 224
417 360
417 368
417 481
417 604
417 713
417 920
418 15
418 161
418 211
418 367
418 679
418 718
418 894
418 948
419 425
419 504
419 542
419 586
419 617
419 789
420 20
420 44
420 114
420 519
420 569
420 629
420 662
420 790
420 815
420 954
420 955
421 70
421 187
421 188
421 353
421 407
421 462
421 662
422 175
422 475
422 533
422 601
422 682
422 800
423 31
423 79
423 100
423 260
423 311
423 361
423 388
423 564
423 902
423 938
424 31
424 103
424 452
424 589
424 823
425 91
425 177
425 273
425 280
425 285
425 336
425 837
425 844
426 3
426 355
426 481
426 669
426 699
426 717
426 855
426 974
427 122
427 127
427 207
427 456
427 500
427 807
427 815
427 996
428 145
428 556
428 657
428 758
429 56
429 94
429 407
429 414
429 517
429 628
429 849
429 868
430 3
430 151
430 241
430 360
430 624
430 792
430 892
431 77
431 279
431 350
431 486
431 573
431 787
431 940
432 118
432 289
432 309
432 351
432 567
432 582
432 619
432 642
432 785
432 855
432 912
433 2
433 60
433 226
433 259
433 276
433 352
433 498
433 514
433 703
433 993
434 466
435 316
435 535
435 569
435 863
435 920
436 19
436 177
436 336
436 345
436 524
436 614
436 944
436 957
436 961
436 970
437 268
437 408
437 409
437 862
437 879
437 940
437 971
437 998
438 134
438 148
438 218
438 294
438 408
438 654
438 799
438 892
438 978
439 103
439 256
439 542
439 575
439 692
439 785
439 919
439 923
440 186
440 235
440 380
440 421
440 435
440 456
440 465
440 491
440 700
440 880
440 910
441 42
441 114
441 774
441 887
441 910
441 964
442 68
442 75
442 170
442 297
442 418
442 448
443 184
443 192
443 282
443 372
443 577
443 657
443 689
443 701
443 809
443 900
444 898
444 912
444 944
445 216
445 247
445 419
445 875
445 974
445 1000
446 251
446 303
446 318
446 377
446 499
446 659
446 819
446 885
446 976
446 997
447 18
447 46
447 105
447 164
447 573
447 685
448 40
448 71
448 336
448 546
448 656
448 721
448 761
448 811
448 871
448 873
448 882
449 93
449 498
449 579
449 706
449 758
449 1000
450 242
450 444
450 774
450 796
450 916
451 111
451 139
451 211
451 401
451 513
451 552
451 630
451 792
452 42
452 59
452 664
452 922
453 26
453 213
453 234
453 467
453 657
453 735
453 788
453 943
453 977
454 35
454 226
454 278
454 421
454 462
454 700
454 717
454 849
454 862
454 922
454 999
455 29
455 42
455 163
455 236
455 337
455 366
455 520
455 567
455 618
455 758
456 149
456 235
456 245
456 275
456 299
456 459
456 519
456 535
456 877
456 897
456 935
457 57
457 105
457 184
457 206
457 227
457 363
457 433
458 74
458 445
458 496
458 523
458 559
458 717
458 910
459 69
459 72
459 106
459 192
459 383
459 526
459 618
459 625
459 629
459 745
459 848
460 205
460 243
460 248
460 375
460 402
460 465
460 634
460 650
460 655
460 657
460 727
460 844
461 29
461 79
461 89
461 481
461 797
461 977
462 82
462 111
462 151
462 377
462 537
462 666
462 704
462 754
463 238
463 273
463 315
463 488
463 559
463 693
463 828
464 88
464 214
464 407
464 468
464 593
464 875
465 203
465 674
465 775
465 794
465 977
466 31
466 377
466 403
466 480
466 583
466 689
466 926
466 945
466 973
467 177
467 241
467 256
467 294
467 317
467 539
467 702
467 894
467 994
467 999
468 264
468 666
468 941
469 69
469 81
469 156
469 172
469 200
469 221
469 274
469 278
469 703
469 825
469 864
469 912
470 188
470 193
470 401
470 720
470 862
471 452
471 523
471 702
471 792
472 121
472 173
472 186
472 330
472 755
472 944
473 52
473 155
473 251
473 517
473 529
473 857
474 47
474 111
474 364
474 423
474 483
474 534
474 602
474 927
474 939
475 622
475 651
475 788
475 826
476 155
476 213
476 454
476 767
476 827
476 841
476 945
477 175
477 190
477 904
478 41
478 152
478 357
478 554
478 662
478 824
478 841
479 99
479 126
479 465
479 572
479 658
479 672
479 803
479 984
480 180
480 247
480 250
480 523
480 524
480 669
480 696
480 745
480 756
480 815
480 877
480 881
480 919
480 984
480 989
481 24
481 289
481 552
481 703
482 73
482 217
482 572
482 617
482 682
482 708
482 840
483 12
483 150
483 353
483 870
484 1
484 61
484 209
484 232
484 638
484 835
484 841
485 16
485 57
485 500
485 510
485 620
485 647
485 868
486 78
486 402
486 423
486 515
486 589
486 682
486 856
486 993
487 12
487 100
487 194
487 337
487 378
487 470
487 481
487 604
487 659
487 741
487 765
487 838
487 962
488 46
488 68
488 79
488 187
488 627
488 641
489 121
489 148
489 444
489 684
489 858
489 998
490 20
490 475
490 549
491 23
491 106
491 194
491 548
491 730
492 186
492 317
492 475
492 500
492 934
493 354
493 658
493 815
494 49
494 81
494 251
494 495
494 657
494 857
494 911
495 58
495 250
495 434
495 479
495 806
495 855
495 872
496 144
496 172
496 271
496 323
496 431
496 500
496 681
496 836
497 258
497 397
497 775
497 786
498 125
498 184
498 263
498 326
498 462
499 266
499 388
499 511
499 828
500 85
500 100
500 359
500 729
501 260
501 449
501 584
501 617
501 648
501 695
501 794
501 918
502 256
502 387
502 811
502 838
502 876
503 277
503 287
503 315
503 526
503 539
503 629
503 674
503 934
503 1000
504 1
504 181
504 347
504 350
504 557
504 719
504 898
504 927
505 258
505 327
505 649
505 706
505 739
505 770
505 905
505 989
506 85
506 160
506 220
506 244
506 260
506 358
506 429
506 686
506 827
507 107
507 603
507 857
507 874
507 879
508 108
508 112
508 225
508 483
508 505
508 593
508 677
508 845
508 962
508 996
509 125
509 480
509 549
509 697
509 844
509 846
509 960
510 233
510 273
510 498
510 649
510 752
510 765
510 932
511 95
511 230
511 364
511 395
511 463
511 572
511 577
511 740
512 87
512 334
512 419
512 467
512 643
512 954
513 48
513 168
513 329
513 671
513 780
513 969
513 974
514 105
514 242
514 482
514 788
515 110
515 181
515 243
515 541
515 749
515 808
516 19
516 88
516 292
516 473
516 583
516 845
516 871
516 927
517 193
517 304
517 513
517 806
517 879
518 495
518 618
518 847
518 855
518 882
518 992
519 91
519 93
519 213
519 214
519 398
519 429
519 446
519 498
519 571
519 741
519 782
519 806
520 123
520 218
520 282
520 373
520 376
520 399
520 401
520 414
520 612
520 862
520 890
520 911
521 146
521 217
521 724
521 763
521 834
522 58
522 191
522 530
522 859
523 270
523 323
523 773
523 832
523 896
523 977
524 274
524 286
524 887
524 943
524 961
525 50
525 480
525 787
525 801
525 982
526 62
526 73
526 149
526 402
526 701
526 808
526 883
526 985
527 29
527 200
527 283
527 341
527 420
527 470
527 539
527 550
527 724
527 789
527 867
528 2
528 40
528 303
528 461
528 482
528 519
528 707
528 782
528 809
529 164
529 365
529 622
530 179
530 241
530 317
530 325
530 353
530 552
530 711
530 972
530 992
531 129
531 261
531 469
531 514
531 610
531 850
532 313
532 321
532 426
532 452
532 612
532 784
532 948
533 159
533 346
533 353
533 399
533 431
533 436
534 251
534 345
534 417
534 454
534 521
534 543
534 704
534 787
534 819
534 830
535 103
535 136
535 184
535 186
535 486
535 986
536 142
536 149
536 180
536 401
536 648
536 775
537 38
537 134
537 138
537 270
537 448
537 816
537 920
537 970
537 994
538 117
538 215
538 448
538 467
538 504
538 530
538 549
538 622
538 752
538 809
538 851
539 20
539 134
539 345
539 494
539 586
539 707
539 846
540 68
540 159
540 359
540 405
540 682
540 965
541 265
541 344
541 528
541 734
541 769
542 28
542 126
542 291
542 376
542 399
542 500
542 760
542 958
543 2
543 195
543 355
543 391
543 493
543 506
543 631
543 805
543 941
543 958
543 991
544 206
544 221
544 341
544 788
544 985
545 2
545 308
545 335
545 467
545 487
545 507
545 514
545 641
545 827
545 881
545 883
545 894
545 989
546 26
546 281
546 523
546 963
547 222
547 445
547 467
547 565
547 840
547 900
547 933
548 378
548 481
548 676
548 717
548 849
548 995
549 207
549 237
549 461
549 514
549 604
549 836
549 918
550 34
550 374
550 545
551 10
551 245
551 463
551 600
551 637
551 806
552 91
552 129
552 147
552 381
553 43
553 193
553 499
553 526
553 658
553 923
553 931
553 966
554 688
554 788
554 945
555 253
555 440
555 556
555 653
555 805
555 864
555 869
556 341
556 351
556 414
556 477
556 655
556 814
556 958
557 71
557 278
557 391
557 661
558 82
558 111
558 177
558 341
558 388
558 413
558 564
558 963
559 24
559 34
559 260
559 842
559 879
559 958
560 75
560 119
560 132
560 338
560 372
560 416
560 525
560 627
560 747
560 855
561 33
561 228
561 292
561 535
561 622
561 687
561 732
561 782
561 829
561 854
562 311
562 325
562 340
562 465
562 731
562 998
563 134
563 340
563 492
563 594
563 621
563 747
563 763
564 116
564 146
564 337
564 343
564 690
564 875
564 929
564 977
564 990
565 10
565 62
565 104
565 395
565 448
565 457
565 463
565 835
565 965
566 7
566 29
566 304
566 324
566 461
566 676
566 846
567 159
567 294
567 361
567 617
567 717
567 752
567 798
568 132
568 153
568 194
568 204
568 491
568 544
568 569
568 633
568 774
569 12
569 217
569 240
569 296
569 550
569 625
569 728
569 944
569 969
570 56
570 70
570 192
570 349
570 383
570 533
570 861
571 2
571 116
571 169
571 196
571 241
571 275
571 472
571 768
571 942
571 967
572 95
572 217
572 340
572 399
572 570
572 640
572 688
572 867
573 11
573 15
573 92
573 195
573 446
573 517
573 529
573 612
573 702
573 757
573 797
574 125
574 175
574 239
574 366
574 769
574 928
575 178
575 209
575 362
575 482
575 905
576 410
576 464
576 627
576 689
576 892
577 140
577 235
577 281
577 434
577 527
577 647
577 795
578 47
578 93
578 116
578 317
578 378
578 471
579 1
579 105
579 221
579 383
579 479
579 511
579 736
579 935
580 16
580 36
580 176
580 297
580 394
580 522
580 709
580 736
580 753
581 49
581 197
581 377
581 524
581 582
581 599
581 791
582 162
582 271
582 381
582 528
582 740
582 801
583 141
583 205
583 346
583 464
583 663
583 780
583 831
584 72
584 79
584 315
584 480
584 498
584 665
584 725
585 25
585 292
585 317
585 569
585 596
585 637
585 654
585 781
585 799
586 313
586 327
586 838
586 979
587 34
587 182
587 248
587 266
587 355
587 359
587 391
587 468
587 684
587 834
588 7
588 95
588 145
588 222
588 407
588 530
588 823
589 126
589 311
589 315
589 396
589 962
589 987
590 166
590 179
590 573
590 665
590 828
590 989
591 1
591 21
591 274
591 537
592 1
592 172
592 175
592 186
592 242
592 382
592 701
592 811
592 917
593 21
593 78
593 188
593 202
593 256
593 391
593 498
593 601
593 656
593 842
593 884
594 20
594 166
594 303
594 366
594 509
594 525
594 571
595 230
595 522
595 544
595 572
595 614
595 682
595 843
596 356
596 431
596 711
596 859
597 244
597 474
597 852
597 863
597 870
598 42
598 158
598 271
598 514
598 537
598 572
598 612
598 699
598 812
599 16
599 97
599 301
599 426
599 437
599 501
599 546
599 704
600 37
600 110
600 210
600 303
600 333
600 540
600 747
600 812
601 29
601 137
601 198
601 304
601 368
601 470
601 615
601 787
601 877
601 968
601 969
602 338
602 433
602 475
602 554
602 885
602 891
603 236
603 258
603 280
603 316
603 373
603 385
603 394
603 512
603 667
603 711
603 927
604 299
604 423
604 500
604 592
604 782
604 916
604 981
605 89
605 201
605 203
605 549
605 608
605 638
605 820
605 908
605 933
605 965
606 631
606 755
606 767
606 960
606 968
607 205
607 300
607 359
607 467
607 788
608 26
608 38
608 214
608 247
608 290
608 319
608 513
608 586
608 670
608 912
608 951
608 960
608 973
608 976
609 23
609 224
609 318
609 747
609 807
609 855
610 18
610 51
610 162
610 201
610 217
610 375
610 389
610 646
610 915
610 985
611 557
611 623
611 626
611 693
611 710
611 809
611 861
611 868
611 909
612 121
612 650
612 666
612 803
612 836
613 29
613 96
613 218
613 780
614 29
614 217
614 503
614 533
614 882
615 28
615 47
615 200
615 255
615 266
615 342
615 456
615 486
615 587
615 694
615 706
615 853
615 944
616 137
616 371
617 262
617 476
617 558
617 625
617 929
618 243
618 290
619 123
619 282
619 510
619 814
619 856
620 41
620 59
620 221
620 324
620 392
620 614
620 623
620 714
620 749
620 869
620 921
620 938
621 235
621 547
621 675
621 910
622 122
622 159
622 234
622 414
622 551
623 179
623 355
623 413
623 444
623 643
623 696
623 746
623 832
624 185
624 396
624 815
624 894
624 938
625 123
625 310
625 512
625 543
625 641
625 750
625 774
625 802
626 15
626 159
626 345
626 586
626 604
626 682
626 855
627 52
627 106
627 199
627 386
627 549
627 585
627 678
627 686
627 809
627 903
627 983
628 333
628 353
628 415
628 542
628 610
628 789
628 895
628 955
629 197
629 288
629 388
629 398
629 663
630 49
630 158
630 460
630 579
630 703
630 756
630 758
630 955
631 167
631 300
631 978
632 294
632 364
632 414
632 849
632 982
633 89
633 121
633 197
633 284
633 317
633 464
633 505
633 785
633 821
633 937
634 58
634 83
634 123
634 418
634 502
634 546
634 573
634 992
635 62
635 383
635 844
635 915
636 203
636 679
637 197
637 438
637 440
637 890
638 100
638 282
638 344
638 463
638 576
638 728
638 779
638 848
638 928
639 284
639 432
639 448
639 536
639 898
640 253
640 626
640 752
641 228
641 230
641 300
641 932
642 45
642 64
642 89
642 146
642 209
642 508
642 819
643 569
643 588
643 607
643 626
643 660
643 681
643 690
643 764
643 919
644 120
644 224
644 433
644 509
644 629
645 14
645 42
645 69
645 386
645 420
645 442
645 544
645 578
645 649
645 666
645 685
645 925
645 942
645 962
646 142
646 199
646 315
646 368
646 444
646 530
646 879
647 33
647 237
647 546
647 991
648 49
648 200
648 399
648 421
648 552
648 655
648 879
649 8
649 217
649 394
649 620
649 687
649 692
649 708
649 868
650 47
650 124
650 217
650 236
650 366
650 370
650 629
650 886
650 954
651 5
651 26
651 196
651 222
651 715
651 960
652 213
652 266
652 281
652 304
652 308
652 321
652 346
652 348
652 393
652 583
652 613
652 757
652 977
653 97
653 176
653 196
653 224
653 368
653 474
653 493
653 529
653 893
654 6
654 149
654 355
654 509
654 824
654 859
655 71
655 156
655 168
655 191
655 340
655 372
655 560
655 609
655 648
655 789
655 912
655 943
656 61
656 206
656 458
656 754
656 880
656 944
656 958
656 972
657 56
657 81
657 85
657 188
657 384
657 441
657 463
657 643
657 853
658 53
658 276
658 334
658 419
658 633
658 732
658 994
659 176
659 229
659 269
659 279
659 325
659 450
659 589
659 949
659 963
660 65
660 95
660 149
660 219
660 477
660 690
660 900
660 911
660 930
660 970
661 137
661 222
661 422
661 649
661 990
661 993
662 21
662 28
662 203
662 226
662 336
662 505
662 600
662 647
662 903
663 10
663 55
663 129
663 216
663 885
664 449
665 87
665 379
665 416
665 588
665 754
665 860
666 95
666 122
666 178
666 196
666 221
666 871
667 189
667 388
667 559
667 684
667 740
667 839
667 853
668 106
668 148
668 209
668 384
668 647
668 661
668 722
668 778
668 867
669 5
669 218
669 278
669 553
670 241
670 503
670 590
670 756
670 876
671 150
671 259
671 281
671 317
671 728
671 917
671 988
672 74
672 384
672 451
672 681
673 692
673 697
673 702
673 721
673 963
673 965
674 616
674 700
675 106
675 108
675 277
675 451
675 489
675 609
675 784
675 919
676 508
676 530
676 779
676 914
676 937
677 155
677 227
677 255
677 289
677 301
677 310
677 322
677 375
677 493
678 5
678 24
678 101
678 194
678 370
678 461
678 723
678 882
679 61
679 328
679 448
679 464
679 479
679 545
679 906
679 964
680 177
680 232
680 244
680 443
680 632
681 32
681 333
681 590
681 696
681 703
682 180
682 244
682 438
682 939
682 968
683 302
683 318
683 322
683 424
683 581
683 772
683 996
684 65
684 125
684 287
684 610
684 662
684 700
684 862
684 871
684 954
684 976
685 289
685 363
685 724
685 808
685 823
686 97
686 298
686 434
686 647
686 867
686 977
686 978
687 16
687 76
687 296
687 664
687 991
688 300
688 366
688 368
688 541
688 697
689 592
689 819
689 843
689 906
690 2
690 63
690 294
690 311
690 609
690 794
690 920
691 7
691 68
691 280
691 397
691 425
691 519
691 644
691 939
692 52
692 248
692 268
692 270
692 291
692 498
693 139
693 702
693 786
693 839
693 855
694 7
694 118
694 194
694 231
694 345
694 354
694 456
694 463
694 649
694 770
694 784
694 858
694 889
694 977
695 20
695 194
695 208
695 558
695 638
695 669
695 864
695 927
696 48
696 61
696 118
696 237
696 278
696 346
696 519
696 539
696 595
696 601
696 635
696 839
696 859
697 235
697 290
697 428
697 528
697 749
697 814
698 218
698 296
698 477
698 514
698 642
698 753
698 785
698 861
698 940
699 123
699 159
699 180
699 318
699 670
699 687
699 778
699 876
699 882
700 8
700 38
700 372
700 505
700 766
700 849
700 880
700 951
701 9
701 208
701 236
701 297
701 356
701 711
701 766
701 857
701 931
702 58
702 100
702 363
702 598
702 704
702 732
702 898
703 2
703 111
703 388
703 405
703 593
703 672
703 749
704 57
704 87
704 398
704 613
704 617
704 878
704 937
704 982
705 131
705 132
705 426
705 655
705 726
705 856
705 951
705 967
706 196
706 287
706 330
706 499
706 675
706 806
707 153
707 205
707 290
707 772
707 797
707 988
708 48
708 157
708 378
708 419
708 452
708 487
708 616
708 663
708 780
708 833
708 936
709 124
709 466
709 472
709 617
709 780
709 884
709 920
710 134
710 207
710 344
710 513
710 888
710 956
711 22
711 414
711 510
711 559
711 600
711 789
711 898
711 977
711 982
712 19
712 83
712 122
712 292
712 687
712 847
712 963
712 970
713 197
713 322
713 568
713 762
713 772
714 31
714 621
714 739
714 880
714 926
714 992
715 330
715 437
715 721
715 747
715 905
715 918
716 197
716 341
716 453
716 530
716 660
716 712
716 887
716 992
717 20
717 75
717 199
717 219
717 255
717 257
717 346
717 356
717 801
717 819
718 22
718 29
718 105
718 128
718 175
718 191
718 202
718 261
718 445
718 569
718 720
718 735
719 148
719 326
719 407
719 713
719 814
720 341
720 382
720 523
720 595
720 610
720 736
720 981
721 62
721 72
721 442
721 519
721 572
721 648
721 913
722 6
722 62
722 134
722 143
722 259
722 360
722 441
722 443
722 453
722 549
722 555
722 706
722 811
723 258
723 350
723 797
723 918
724 19
724 441
724 614
725 17
725 223
725 623
725 691
725 779
726 102
726 177
726 237
726 242
726 684
727 21
727 46
727 99
727 102
727 263
727 314
727 560
727 703
727 758
727 948
728 197
728 262
728 327
728 616
728 697
728 861
728 865
729 61
729 201
729 278
729 378
729 413
729 485
729 616
730 10
730 162
730 589
730 757
730 927
730 951
731 516
731 667
732 424
732 686
732 750
732 764
732 797
732 855
733 29
733 72
733 145
733 302
733 480
733 667
734 80
734 366
734 490
734 793
734 871
735 31
735 34
735 135
735 273
735 303
735 522
735 707
735 857
735 937
736 74
736 144
736 521
736 581
736 658
736 769
736 843
737 11
737 282
737 455
737 643
738 238
738 260
738 312
738 390
738 552
738 613
738 894
738 976
738 985
738 992
739 171
739 257
739 272
739 598
739 918
740 414
740 508
740 536
740 571
740 635
740 735
740 762
740 961
740 990
741 26
741 199
741 355
741 436
741 529
741 536
741 804
741 884
742 75
742 795
742 835
742 916
743 12
743 444
743 715
743 942
743 983
744 208
744 347
744 401
744 457
744 569
744 636
744 637
744 693
745 157
745 595
745 691
745 922
746 370
746 571
746 664
746 711
746 742
747 56
747 153
747 315
747 379
747 384
747 403
747 511
747 518
747 729
747 932
748 137
748 337
748 418
748 821
749 140
749 157
749 311
749 639
749 660
749 811
749 923
749 979
750 6
750 98
750 471
750 599
750 610
750 649
750 691
750 812
750 943
751 12
751 62
751 260
751 483
751 596
751 614
751 924
751 929
752 142
752 326
752 487
752 488
752 559
752 564
752 737
752 749
753 10
753 373
753 574
753 820
753 858
754 110
754 201
754 296
754 311
754 694
754 771
754 919
754 986
755 90
755 124
755 375
755 561
755 833
756 4
756 36
756 226
756 458
756 492
756 583
756 632
756 643
756 681
756 767
756 778
756 856
757 209
757 296
757 321
757 424
757 541
757 959
757 989
758 41
758 279
758 384
758 565
758 705
758 774
758 907
758 964
759 167
759 269
759 361
759 448
759 560
759 683
759 777
759 908
759 994
760 17
760 61
760 214
760 241
760 375
760 417
760 426
760 557
761 174
761 212
761 453
761 657
761 679
761 741
762 199
762 212
762 512
762 543
762 588
762 593
762 705
762 731
762 744
762 749
762 761
762 878
762 882
762 942
763 99
763 181
763 478
763 642
763 897
763 948
764 693
764 729
764 777
764 834
765 60
765 223
765 354
766 188
766 202
766 212
766 334
766 444
766 722
766 745
766 910
766 984
767 45
767 83
767 183
767 287
767 384
767 408
767 918
768 51
768 208
768 241
768 322
768 560
768 668
768 787
768 811
769 49
769 229
769 230
769 374
769 377
769 526
769 534
769 719
769 793
769 850
769 865
769 891
769 951
770 106
770 249
770 250
770 254
770 289
770 374
770 445
770 467
770 518
770 786
770 811
771 139
771 236
771 711
771 756
771 897
771 972
772 295
772 471
772 500
772 724
772 779
772 788
772 908
773 137
773 200
773 453
773 639
774 317
774 323
774 368
774 611
774 843
774 926
774 940
774 977
775 45
775 138
775 239
775 269
775 534
775 581
776 118
776 185
776 251
776 486
776 563
776 582
777 14
777 45
777 372
777 485
777 750
777 856
778 44
778 156
778 421
778 448
778 753
778 852
778 929
778 937
779 155
779 329
779 787
780 78
780 461
780 465
780 547
780 736
780 801
780 830
781 20
781 54
781 451
781 495
782 139
782 146
782 597
782 626
782 628
782 774
783 139
783 217
783 580
783 775
784 175
784 198
784 642
784 898
785 39
785 153
785 189
785 281
785 450
785 620
785 738
785 792
786 37
786 364
786 465
786 482
786 520
786 528
786 709
786 793
786 842
787 144
787 151
787 281
787 442
787 609
788 65
788 215
788 218
788 327
788 677
788 706
788 714
788 763
788 776
789 18
789 364
789 444
789 511
789 854
789 890
789 911
790 67
790 81
790 126
790 478
790 604
790 739
790 764
790 804
791 39
791 219
791 541
791 677
791 881
791 923
792 2
792 83
792 141
792 155
792 174
792 381
793 32
793 38
793 67
793 209
793 617
793 751
793 835
793 901
794 223
794 387
794 645
794 678
795 80
795 273
795 402
795 512
795 517
795 786
795 894
796 238
796 262
796 275
796 353
796 437
796 519
796 710
796 889
796 953
796 988
797 86
797 177
797 379
797 525
797 765
797 854
797 862
797 930
797 939
798 109
798 300
798 383
798 508
798 606
798 730
798 806
798 990
799 78
799 208
799 213
799 278
799 444
799 579
799 714
799 736
799 750
799 936
799 972
800 136
800 141
800 181
800 238
800 317
800 347
800 587
800 728
800 779
801 320
801 441
801 608
801 864
801 990
801 994
802 32
802 462
802 666
802 841
802 910
803 112
803 229
803 269
803 302
803 871
804 45
804 106
804 493
804 496
804 916
805 127
805 347
805 570
805 605
806 10
806 61
806 186
806 401
806 545
806 555
806 648
806 807
806 954
806 998
807 342
807 531
807 559
807 560
807 576
807 602
807 661
807 752
808 511
808 573
808 660
808 964
808 994
809 73
809 154
809 275
809 284
809 496
809 506
809 772
809 933
809 971
810 220
810 358
810 375
810 510
810 524
810 552
810 556
810 559
810 924
811 23
811 65
811 93
811 220
811 526
811 639
812 287
812 353
812 562
812 729
812 765
812 809
813 11
813 16
813 55
813 279
813 667
813 686
813 735
813 821
813 864
814 388
814 429
814 500
814 529
815 157
815 236
815 315
815 408
815 412
815 414
815 460
815 779
815 803
816 342
816 745
816 859
816 912
816 955
817 3
817 18
817 30
817 205
817 239
817 452
817 546
817 677
817 721
817 996
818 12
818 80
818 100
818 124
818 172
818 545
818 801
818 942
819 78
819 219
819 549
819 609
819 710
819 861
820 619
821 375
821 528
821 602
821 650
821 707
821 827
821 840
821 972
821 999
822 29
822 169
822 662
822 743
822 915
823 306
823 408
823 852
824 28
824 206
824 262
824 446
824 687
824 713
825 92
825 133
825 214
825 226
825 284
825 478
825 486
825 615
825 628
825 943
825 944
825 949
826 18
826 90
826 165
826 463
826 641
826 709
826 719
826 782
827 293
827 412
827 522
827 856
828 21
828 235
828 243
828 348
828 372
828 446
828 502
828 655
828 902
829 149
829 199
829 265
829 316
829 380
829 875
829 960
830 260
830 719
830 938
831 415
831 496
831 669
831 790
831 826
832 16
832 192
832 260
832 299
832 861
832 945
833 41
833 187
833 234
833 427
833 773
833 998
834 340
834 861
834 973
835 363
835 406
835 605
835 640
835 822
835 872
836 212
836 649
836 862
836 883
836 942
836 963
837 12
837 52
837 155
837 175
837 207
837 626
837 899
838 56
838 513
838 640
838 660
838 877
839 22
839 55
839 215
839 220
839 278
839 394
839 411
839 422
839 486
839 545
839 703
839 750
839 997
840 127
840 168
840 274
840 501
840 628
840 906
840 935
841 106
841 183
841 381
841 500
841 506
841 595
842 45
842 65
842 141
842 246
842 319
842 355
842 371
842 447
842 505
842 823
842 877
843 134
843 137
843 234
843 460
843 689
843 692
843 927
843 937
843 978
843 994
844 35
844 561
844 629
844 850
844 932
845 141
845 560
845 766
846 216
846 529
846 703
846 897
847 49
847 66
847 88
847 121
847 380
847 414
847 421
847 427
847 469
848 81
848 184
848 274
848 443
848 731
848 789
848 797
848 891
849 43
849 564
849 940
849 941
849 980
850 791
850 877
850 952
851 60
851 225
851 241
851 463
851 684
852 56
852 112
852 578
852 645
852 658
852 739
852 762
852 911
852 959
853 90
853 123
853 168
853 171
853 219
853 316
853 368
853 489
853 542
853 905
853 925
854 304
854 659
855 13
855 121
855 565
855 706
855 849
855 857
855 895
855 928
855 945
856 396
856 434
856 554
856 600
856 872
857 76
857 154
857 178
857 368
857 454
857 730
857 800
857 847
857 892
857 918
857 958
857 960
857 995
858 250
858 332
858 426
858 482
858 494
858 539
858 758
858 836
858 866
858 896
858 944
859 244
859 552
859 553
859 579
859 627
859 670
859 679
860 242
860 371
860 551
860 628
860 635
860 654
860 656
860 657
860 914
861 553
861 736
861 837
862 79
862 98
862 100
862 220
862 483
862 484
862 527
862 532
862 645
862 667
862 768
862 875
863 119
863 644
863 747
863 900
863 917
864 34
864 114
864 270
864 305
864 313
864 438
864 848
865 21
865 49
865 394
865 502
865 560
865 698
866 3
866 81
866 214
866 315
866 380
866 397
866 518
866 634
866 665
866 718
866 836
866 867
866 900
867 155
867 176
867 249
867 283
867 348
867 368
867 381
867 396
867 440
867 547
867 614
867 873
868 6
868 43
868 121
868 231
868 448
868 479
868 510
868 528
868 599
868 699
868 717
869 199
869 393
869 572
869 580
869 610
869 654
870 388
870 405
870 415
870 645
870 968
871 67
871 82
871 523
871 691
871 908
872 117
872 156
872 172
872 240
872 459
872 627
872 652
872 737
872 773
872 922
872 965
873 42
873 313
873 406
873 475
873 500
873 505
873 556
873 739
873 979
874 1
874 127
874 209
874 401
874 672
874 772
874 786
874 921
875 48
875 334
875 551
875 737
875 928
875 964
875 993
876 482
876 561
876 656
876 707
876 772
876 846
876 937
877 630
877 636
878 289
878 794
878 946
879 39
879 167
879 414
879 436
879 489
880 166
880 230
880 281
880 309
880 448
880 537
880 816
880 887
880 888
880 898
880 987
881 33
881 159
881 228
881 271
881 701
881 740
881 951
882 63
882 257
882 304
882 307
882 545
882 678
882 818
883 178
883 277
883 279
883 527
883 633
883 715
883 726
883 909
883 930
884 187
884 251
884 255
884 352
884 423
884 622
884 730
884 781
884 862
884 970
885 38
885 228
885 280
885 681
885 720
885 751
886 181
886 229
886 405
886 673
886 888
886 913
886 978
887 195
887 386
887 527
887 792
887 893
888 6
888 60
888 105
888 207
888 434
888 697
889 23
889 58
889 110
889 262
889 265
889 320
889 468
889 506
889 548
889 812
889 853
890 136
890 259
890 294
890 459
890 487
890 773
890 860
891 34
891 207
891 209
891 352
891 445
891 503
891 573
891 797
891 854
892 101
892 105
892 271
892 357
892 376
892 385
892 698
892 749
892 863
892 959
892 978
892 994
893 231
893 842
893 891
893 894
894 610
894 880
894 890
895 146
895 553
895 773
895 793
895 971
895 994
896 323
896 500
896 531
896 629
896 719
897 157
897 352
897 368
897 512
897 519
897 624
897 741
897 910
897 966
897 982
898 170
898 189
898 226
898 256
898 526
898 841
898 846
898 855
899 29
899 229
899 302
899 415
899 590
899 623
899 656
899 690
899 740
899 829
899 838
899 900
899 947
900 9
900 492
900 766
901 68
901 178
901 468
901 628
901 641
901 695
901 848
902 173
902 318
902 616
902 737
902 755
903 309
903 411
903 618
903 720
904 65
904 245
904 334
904 597
904 602
904 675
904 849
904 860
904 893
904 908
905 474
905 547
905 620
905 731
905 928
906 14
906 94
906 171
906 277
906 508
906 657
906 745
906 810
906 907
907 35
907 74
907 81
907 93
907 127
907 302
907 338
907 783
908 101
908 122
908 232
908 237
908 310
908 326
908 471
908 540
908 656
908 781
908 920
908 921
909 21
909 40
909 46
909 99
909 415
909 655
909 667
909 705
909 859
910 65
910 73
910 115
910 344
910 480
910 862
910 863
910 916
910 993
911 91
911 209
911 226
911 269
911 367
911 380
911 423
911 426
911 484
911 537
911 759
911 864
911 905
912 27
912 53
912 424
912 897
913 264
913 295
913 333
913 430
913 540
913 684
913 961
914 8
914 66
914 116
914 156
914 250
914 289
914 426
914 588
914 641
914 738
914 850
915 467
915 639
915 700
915 707
915 811
915 849
915 917
915 979
916 45
916 456
916 473
916 695
916 809
917 144
917 160
917 287
917 584
917 921
918 560
918 680
918 703
918 716
918 788
919 15
919 366
919 607
919 670
919 716
919 820
919 860
920 27
920 373
920 402
920 639
920 776
921 407
921 462
921 582
921 686
921 757
921 896
922 140
922 447
922 604
922 758
922 842
923 6
923 455
923 562
923 628
923 843
924 64
924 97
924 181
924 215
924 410
924 422
924 539
924 687
924 706
924 851
924 943
924 952
924 961
925 68
925 70
925 139
925 154
925 351
925 429
925 728
925 768
926 349
926 383
926 566
926 733
926 742
926 839
926 878
926 967
927 100
927 121
927 184
927 241
927 347
927 369
927 472
927 554
927 568
927 638
927 670
927 891
927 979
928 80
928 277
928 282
928 600
928 617
928 633
929 81
929 379
929 400
929 406
929 832
929 904
930 66
930 267
930 278
930 293
930 774
931 226
931 283
931 308
931 322
931 470
931 493
931 514
931 662
931 912
931 947
932 16
932 257
932 325
932 376
932 605
932 804
932 870
932 933
932 946
933 319
933 641
933 953
934 130
934 134
934 274
934 282
934 386
934 605
934 612
934 708
935 161
935 312
935 627
936 71
936 78
936 270
936 301
936 303
936 311
936 746
936 813
937 53
937 403
937 432
937 483
937 803
937 958
938 28
938 50
938 178
938 343
938 465
938 567
938 888
939 60
939 216
939 417
939 462
939 502
939 648
939 818
940 87
940 181
940 333
940 420
940 489
940 521
940 642
940 743
941 89
941 96
941 160
941 303
941 528
941 639
941 640
941 665
941 686
941 878
942 7
942 138
942 184
942 292
942 483
943 7
943 50
943 182
943 373
943 406
943 461
943 622
943 652
943 694
943 801
943 836
943 848
944 207
944 517
944 561
944 564
944 589
944 680
944 704
944 734
944 756
944 809
944 878
944 902
945 112
945 334
945 343
945 662
945 675
946 304
946 333
946 575
946 630
946 846
946 848
947 116
947 130
947 179
947 458
947 865
948 16
948 33
948 560
948 585
948 594
948 603
948 631
949 106
949 143
949 171
949 246
949 827
950 231
950 412
950 487
950 801
950 939
951 46
951 444
951 583
951 598
951 933
951 967
951 982
951 985
952 213
952 433
952 612
952 861
952 886
952 947
953 8
953 187
953 456
953 510
953 743
953 847
953 914
953 989
954 178
954 922
954 966
955 78
955 134
955 231
955 322
955 327
955 545
955 643
955 725
955 797
956 190
956 216
956 503
956 512
956 819
957 83
957 142
957 202
957 560
957 598
957 802
957 890
958 23
958 203
958 263
958 509
958 533
958 713
958 879
959 171
959 269
959 590
959 681
959 721
960 19
960 80
960 204
960 345
960 746
960 804
961 255
961 299
961 425
961 671
961 682
961 734
961 783
962 365
962 395
962 488
962 630
962 951
963 71
963 271
963 318
963 345
963 680
963 701
963 765
963 771
963 810
963 945
964 272
964 556
964 568
964 574
964 589
964 596
964 630
964 724
964 746
964 808
964 825
965 145
965 160
965 301
965 499
965 785
965 793
965 832
966 3
966 151
966 168
966 283
966 333
966 447
966 762
966 867
967 208
967 331
967 607
967 672
967 834
968 78
968 83
968 136
968 279
968 376
968 543
968 883
969 184
969 467
969 659
969 755
970 86
970 105
970 106
970 108
970 251
970 263
970 307
970 334
970 487
970 544
970 665
971 76
971 189
971 278
971 385
971 642
971 656
971 819
971 967
972 26
972 27
972 531
973 116
973 314
973 411
973 458
973 576
973 674
973 884
973 981
974 188
974 196
974 267
974 362
974 413
974 479
974 561
974 636
974 773
974 814
974 832
974 844
974 923
975 262
975 295
975 751
975 824
975 926
975 979
976 365
976 605
976 734
976 785
976 827
976 920
977 13
977 71
977 129
977 130
977 430
977 532
977 681
977 816
977 961
978 47
978 77
978 179
978 185
978 192
978 263
978 302
978 370
978 646
978 798
978 997
979 73
979 76
979 96
979 388
979 752
980 77
980 83
980 191
980 209
980 225
980 248
980 335
980 386
980 453
980 468
980 483
980 606
980 769
981 290
981 343
981 347
981 489
981 584
981 588
981 838
982 95
982 281
982 322
982 390
982 651
982 714
983 24
983 123
983 166
983 241
983 244
983 603
983 736
983 772
983 778
984 156
984 215
984 245
984 386
984 467
984 483
984 995
985 207
985 236
985 260
985 638
985 904
986 173
986 260
986 287
986 318
986 528
986 600
987 61
987 269
987 519
987 622
987 694
987 753
987 773
987 957
988 456
988 620
988 716
988 833
988 983
989 257
989 323
989 481
989 530
989 612
989 617
989 668
989 751
989 831
990 73
990 477
990 640
991 66
991 96
991 238
991 288
991 363
991 508
991 914
991 959
992 243
992 272
992 325
992 405
992 730
992 791
992 920
993 106
993 681
993 813
994 112
994 199
994 282
994 763
994 885
995 101
995 424
995 671
995 739
995 781
995 793
995 830
995 978
995 988
995 996
996 60
996 78
996 256
996 311
996 419
996 441
996 497
996 591
996 946
996 972
997 50
997 123
997 159
997 212
997 269
997 650
997 812
998 282
998 317
998 379
998 827
998 992
999 117
999 211
999 370
999 393
999 826
999 985
1000 16
1000 205
1000 258
1000 327
1000 582
1000 713
1000 720
1000 800
1000 890
1000 945
