100
675
1 6
1 42
1 46
1 48
1 70
1 80
1 91
2 9
2 12
2 14
2 26
2 33
2 76
2 84
2 99
3 1
3 42
3 43
3 44
3 51
3 63
3 64
3 68
3 73
3 84
3 97
4 9
4 54
4 62
4 65
4 73
5 37
5 43
5 60
5 74
5 79
5 89
6 13
6 23
6 49
6 51
6 61
6 63
6 80
6 84
7 22
7 32
7 42
7 48
7 69
7 72
7 80
7 82
8 4
8 17
8 20
8 42
8 51
8 67
9 7
9 33
9 49
9 53
9 76
9 83
10 26
10 28
10 40
10 45
10 46
10 47
10 76
11 30
11 34
11 61
11 66
11 69
11 73
12 1
12 2
12 3
12 15
12 24
12 34
12 38
12 41
12 48
12 53
12 61
12 63
12 67
12 88
13 8
13 14
13 93
14 37
14 38
14 72
14 88
14 94
14 100
15 19
15 26
15 48
15 93
15 100
16 11
16 23
16 36
16 61
16 69
16 75
16 79
16 94
16 99
17 2
17 40
17 64
17 87
17 94
18 6
18 20
18 40
18 53
18 56
18 82
18 100
19 17
19 34
19 38
19 39
19 73
19 82
19 87
20 28
20 33
20 90
21 8
21 23
21 36
21 46
21 51
21 57
21 63
21 64
21 80
21 99
22 9
22 13
22 45
22 55
22 66
22 99
23 54
23 59
23 63
23 71
24 10
24 29
24 34
24 60
24 79
24 89
24 96
24 99
25 12
25 39
25 41
25 46
25 77
25 83
26 8
26 20
26 21
26 32
26 54
26 66
26 70
26 91
26 94
27 3
27 24
27 31
27 63
27 69
27 83
27 87
28 26
28 34
28 48
28 58
28 66
28 71
28 84
28 86
28 94
28 95
28 97
28 99
29 3
29 31
29 51
30 16
30 24
30 32
30 38
30 84
30 98
31 23
31 27
31 37
31 46
31 89
31 92
32 7
32 94
33 1
33 6
33 31
33 61
33 76
33 90
33 92
34 7
34 11
34 31
34 51
34 52
34 53
34 62
34 74
34 75
34 77
35 6
35 8
35 26
35 29
35 61
35 68
35 96
36 2
36 10
36 16
36 38
36 45
36 54
36 67
36 68
36 79
36 81
37 5
37 24
37 29
37 34
37 52
37 54
37 56
37 61
38 19
38 22
38 31
38 79
38 82
38 94
38 96
39 6
39 9
39 22
39 27
39 32
39 34
39 37
39 56
39 60
39 72
39 98
40 4
40 6
40 8
40 14
40 26
40 31
40 37
40 38
40 41
40 46
40 82
40 87
40 91
41 3
41 17
41 29
41 53
41 67
41 81
41 93
42 2
42 16
42 21
42 66
43 10
43 49
43 61
43 97
44 15
44 20
44 22
44 28
44 31
44 51
44 53
44 65
44 73
44 85
44 88
44 94
45 22
45 34
45 39
45 54
45 56
45 64
45 85
45 89
45 93
45 98
46 8
46 25
46 75
46 77
46 81
46 90
47 7
47 24
47 35
47 48
47 63
47 72
47 86
47 89
47 98
48 2
48 5
48 18
48 36
48 43
48 62
48 63
48 92
48 99
49 8
49 51
49 54
49 89
50 22
50 28
50 45
50 76
51 1
51 22
51 28
51 44
51 69
51 73
51 78
51 82
51 87
51 90
51 97
52 18
52 35
52 36
52 76
52 90
53 14
53 20
53 23
53 76
53 77
53 83
53 92
53 93
53 100
54 25
54 53
54 55
54 95
55 75
55 80
55 100
56 52
56 72
56 100
57 98
57 99
58 3
58 6
58 24
58 53
58 69
58 73
58 87
58 99
59 17
59 36
59 40
59 55
59 71
59 80
59 81
59 98
60 18
60 82
60 93
60 99
61 2
61 19
61 24
61 26
61 35
61 40
61 70
61 79
61 99
62 5
62 14
62 18
62 27
62 31
62 56
62 76
62 81
63 29
63 30
63 52
63 57
63 65
63 80
63 83
63 94
64 18
64 21
64 48
64 60
64 73
65 20
65 24
65 34
65 44
65 63
65 69
65 74
65 77
65 92
65 95
65 100
66 21
66 39
66 49
66 51
66 61
66 73
66 92
67 30
67 57
67 64
67 65
67 87
68 4
68 13
68 14
68 18
68 27
68 35
68 41
68 43
68 55
68 74
69 2
69 4
69 6
69 29
69 51
69 60
69 64
70 12
70 40
70 48
70 52
70 54
70 85
71 9
71 21
71 23
71 27
71 46
71 47
71 52
71 62
71 74
71 95
72 3
72 10
72 26
72 31
72 34
72 50
72 62
72 76
72 89
73 20
73 22
73 37
73 47
73 57
73 59
73 70
73 78
73 79
73 93
74 10
74 27
74 56
74 75
74 88
75 8
75 21
75 24
75 38
75 59
75 76
75 84
76 18
76 48
76 51
76 55
76 58
76 62
76 89
77 8
77 10
77 15
77 29
77 49
77 76
77 89
78 1
78 4
78 21
78 77
78 82
79 4
79 20
79 41
79 67
80 9
80 31
80 33
80 37
80 55
80 69
80 73
80 95
81 14
81 35
81 88
82 50
82 54
82 57
82 60
82 88
82 99
83 5
83 17
83 20
83 44
83 45
84 18
84 31
84 39
84 74
84 89
84 91
85 36
86 7
86 25
86 32
86 48
86 96
87 2
87 12
87 22
87 58
87 89
88 17
88 23
88 25
88 30
88 39
88 65
88 72
88 86
88 98
89 10
89 15
89 25
89 29
89 69
90 17
90 64
90 95
90 97
91 39
91 51
91 59
91 82
91 86
91 98
92 28
92 34
92 36
92 51
92 57
92 84
92 85
93 11
93 13
93 37
93 45
93 59
93 64
93 92
93 97
94 2
94 66
94 77
95 3
95 6
95 62
96 7
96 22
96 31
96 45
96 77
96 91
97 16
97 36
97 63
97 66
97 86
97 88
98 5
98 15
98 47
98 52
98 60
98 64
98 65
98 70
98 90
98 92
98 95
98 97
99 54
99 62
99 72
99 82
99 95
100 29
100 48
100 61
100 64
100 84
100 88
100 92
