100
99
3 9
3 38
4 71
5 70
6 71
7 12
7 70
7 95
8 62
9 31
9 74
9 80
11 1
11 35
12 72
13 29
13 65
16 19
16 33
18 91
19 11
20 24
20 98
21 14
22 18
22 35
23 28
24 94
25 19
26 47
26 99
28 80
29 37
30 51
33 25
33 29
34 18
34 54
34 68
38 4
38 55
39 9
40 76
41 8
45 43
46 7
47 64
48 46
50 10
51 4
51 47
52 19
55 46
56 31
57 9
57 12
58 4
58 63
62 10
62 80
63 82
64 14
66 19
66 28
67 17
67 82
68 47
68 85
69 72
70 14
70 17
70 49
75 76
76 24
76 71
77 29
77 91
78 24
78 36
78 76
80 14
80 75
81 8
81 13
83 41
84 6
84 60
88 39
89 5
93 37
94 72
94 74
94 92
96 47
97 42
97 82
98 57
100 20
100 96
