100
294
1 5
1 29
1 99
2 45
2 50
3 9
3 19
3 61
4 39
4 45
4 47
5 24
5 40
5 63
6 11
8 35
8 61
8 64
8 86
9 43
9 69
9 70
9 71
10 84
11 86
11 97
12 3
12 10
12 60
16 50
16 52
16 67
16 79
16 91
16 100
17 21
17 98
18 10
18 16
18 60
19 26
19 88
20 19
21 47
21 48
21 90
22 27
22 59
22 100
23 5
23 10
24 6
24 15
24 32
24 89
25 3
25 96
26 43
27 11
27 36
27 42
27 52
29 16
29 57
29 59
29 96
30 13
30 39
30 64
31 7
31 45
31 94
31 98
33 28
33 65
33 87
34 15
34 37
34 73
34 100
36 22
36 27
36 39
36 60
36 66
36 93
36 97
37 25
37 47
37 81
37 84
38 66
39 7
39 84
40 44
40 73
40 81
41 76
42 4
42 7
42 78
43 34
43 41
43 56
44 43
44 82
45 4
45 12
45 16
45 35
45 51
45 85
46 18
46 33
46 37
46 68
46 77
47 10
47 24
47 55
47 97
48 16
48 25
48 73
48 93
49 6
49 20
49 56
49 59
49 61
50 26
50 79
51 5
51 17
51 59
52 16
52 59
52 64
52 97
53 35
53 46
53 48
53 71
54 43
54 84
54 86
54 87
54 91
54 96
55 26
56 48
56 57
56 67
56 83
56 87
57 51
57 56
57 96
58 39
58 92
59 4
59 12
59 80
59 97
60 26
60 66
61 22
61 60
61 75
62 34
62 97
64 13
65 17
65 29
66 19
66 85
67 13
67 63
67 65
67 82
67 83
68 58
68 100
69 2
69 19
69 31
69 37
69 60
69 68
69 72
69 77
70 10
70 90
71 28
71 64
72 14
72 28
72 36
73 15
73 23
73 27
73 37
74 18
76 13
76 21
76 46
76 48
76 57
76 66
76 68
77 6
77 24
77 60
77 99
78 6
78 31
78 94
79 5
79 78
79 84
80 44
80 46
80 51
80 100
81 38
81 50
81 54
81 63
81 99
82 1
82 21
82 75
82 89
83 27
83 95
84 1
84 68
84 72
85 13
85 25
85 28
85 33
85 46
85 55
86 14
86 34
86 36
86 56
86 84
86 88
87 6
87 18
87 66
87 83
88 30
88 38
88 41
88 47
88 57
88 62
89 8
89 32
89 52
89 56
90 89
91 4
91 7
91 20
91 74
92 31
92 32
92 59
92 89
93 3
93 4
93 5
94 11
94 49
94 60
94 68
95 33
96 9
96 19
96 40
96 65
96 90
97 81
98 2
98 29
98 65
99 21
99 46
99 90
100 64
