100
584
1 14
1 20
1 38
1 42
1 67
1 84
1 98
2 30
2 32
2 36
2 55
2 60
2 62
2 70
2 98
3 2
3 11
3 27
3 47
3 90
4 9
4 12
4 15
4 21
4 26
4 54
4 64
4 74
4 79
4 95
5 16
5 18
5 32
5 38
5 48
5 62
5 63
5 66
5 78
5 79
5 91
6 7
6 8
6 9
6 10
6 23
6 28
6 37
7 6
7 66
7 84
8 15
8 24
8 28
8 55
8 90
8 95
9 8
9 19
9 30
9 37
9 58
9 99
10 1
10 14
10 33
10 40
10 48
10 93
11 22
11 63
11 86
11 87
11 96
12 13
12 91
12 94
13 40
13 45
13 69
13 89
13 92
13 97
14 24
14 25
14 36
14 39
14 49
14 53
14 57
14 73
14 76
14 87
15 1
15 28
15 41
15 75
16 2
16 11
16 21
16 47
16 61
16 88
17 21
17 22
17 29
17 30
17 77
17 91
17 99
18 34
18 42
18 51
18 59
18 71
18 72
19 12
19 44
19 47
19 61
19 73
19 91
19 95
20 13
20 36
20 46
20 66
20 84
20 90
20 96
21 27
21 32
21 61
22 39
22 50
22 55
22 79
23 16
23 43
23 60
23 72
23 75
23 79
23 82
23 90
24 41
24 48
24 59
24 63
24 72
24 76
24 96
25 36
25 41
25 68
25 90
26 2
26 6
26 59
26 77
26 78
27 1
27 8
27 9
27 12
27 16
27 25
27 30
27 39
27 47
27 49
27 73
27 77
27 80
28 5
28 32
28 45
28 72
28 92
28 94
28 98
29 3
29 7
29 9
29 36
29 39
29 57
29 62
29 70
29 75
29 92
29 96
30 18
30 43
30 52
30 59
30 61
30 78
30 80
30 96
31 3
31 5
31 11
31 15
31 37
31 58
31 66
31 70
31 84
32 6
32 19
32 21
32 30
32 98
33 1
33 2
33 10
33 23
33 39
33 83
34 36
34 48
34 61
34 62
35 27
35 41
35 45
35 96
36 23
36 54
36 89
36 93
37 9
37 42
37 66
38 8
38 24
38 45
38 48
39 27
39 56
39 79
39 95
40 20
40 63
40 75
41 1
41 24
41 59
41 66
41 91
42 17
42 29
42 45
42 53
42 77
42 79
42 85
42 92
43 4
43 12
43 18
43 20
43 40
43 57
43 80
43 86
43 94
44 51
44 80
44 81
44 84
45 8
45 13
45 16
45 34
45 43
45 52
45 60
45 70
45 72
45 73
45 89
45 92
46 28
46 32
46 36
46 48
46 59
46 93
46 95
46 96
47 11
47 13
48 33
48 37
48 56
48 62
48 67
48 72
48 84
48 87
49 47
49 57
49 59
49 80
50 17
50 21
50 70
50 75
50 95
51 18
51 25
51 95
52 9
52 13
52 40
52 42
52 79
52 96
53 1
53 11
53 12
53 43
53 48
53 81
53 85
53 96
53 100
54 32
54 41
55 18
55 34
55 41
55 43
55 75
55 89
55 98
56 66
56 73
56 83
57 64
57 77
58 1
58 13
58 22
59 5
59 20
59 39
59 47
59 58
59 78
59 86
59 91
59 94
59 95
59 97
59 98
60 24
60 35
60 87
60 99
61 1
61 20
61 23
61 83
61 93
61 94
62 4
62 28
62 37
62 55
62 71
62 82
62 85
63 36
63 40
63 83
64 8
64 19
64 32
65 4
65 15
65 16
65 30
65 42
65 58
65 61
65 74
65 95
66 18
66 25
66 51
66 86
67 8
67 41
67 82
68 8
68 32
68 37
68 55
68 69
69 21
69 23
69 27
69 36
69 73
69 76
69 88
70 66
70 88
71 10
71 15
71 17
71 29
71 36
71 45
71 56
71 87
71 91
72 3
72 41
72 52
72 79
73 16
73 42
73 51
73 60
73 64
73 75
74 3
74 16
74 37
74 52
74 61
74 80
75 56
75 68
75 89
76 6
76 8
76 36
76 41
76 52
76 59
76 69
77 28
77 35
77 44
77 46
77 48
77 63
77 75
77 76
77 79
77 87
77 99
78 36
78 86
78 89
79 17
79 29
79 34
79 37
79 54
79 58
79 88
79 90
79 94
80 23
80 39
80 54
80 61
80 99
81 11
81 15
81 34
81 45
81 55
82 14
82 73
82 83
82 100
83 16
83 29
83 43
83 58
83 74
83 89
83 100
84 8
84 18
84 47
84 73
84 88
84 89
84 90
85 3
85 34
85 49
85 61
85 69
85 100
86 10
86 14
86 18
86 29
86 57
86 73
86 87
87 64
87 74
87 97
87 99
88 6
88 22
88 39
88 42
88 84
88 96
89 59
89 64
89 79
89 88
89 93
90 8
90 25
90 46
90 74
90 86
90 95
91 9
91 27
91 62
92 5
92 28
92 30
92 35
92 64
92 67
92 91
93 6
93 21
93 62
93 81
93 83
93 87
94 13
94 23
94 27
94 28
94 60
94 77
95 22
95 23
95 27
95 47
95 98
96 4
96 32
96 62
96 64
96 76
96 93
97 12
97 14
97 20
97 39
97 59
97 82
98 5
98 13
98 16
98 27
98 35
98 63
98 75
99 7
99 22
100 4
100 45
100 46
100 72
100 78
