110
955
1 11
1 29
1 34
1 53
1 60
1 74
2 7
2 15
2 30
2 50
2 54
2 77
2 83
2 91
2 104
3 8
3 10
3 52
3 63
3 70
3 78
3 96
4 5
4 9
4 25
4 54
4 59
4 60
4 65
4 70
4 93
4 98
5 32
5 35
5 44
5 50
5 56
5 57
5 90
5 100
5 102
5 106
6 30
6 70
6 76
6 89
6 98
6 110
7 37
7 63
7 88
7 94
7 96
7 109
8 11
8 63
8 70
8 72
8 76
8 82
8 92
8 108
9 41
9 53
9 69
9 71
9 82
9 88
9 105
10 32
10 53
10 79
10 100
10 103
10 108
11 7
11 14
11 20
11 22
11 33
11 35
11 38
11 44
11 63
11 67
11 70
11 87
12 9
12 10
12 15
12 21
12 32
12 41
12 63
12 68
12 72
12 82
12 83
12 89
12 102
12 109
13 26
13 46
13 55
13 59
13 93
13 103
14 11
14 43
14 49
14 59
14 63
14 91
14 96
14 97
15 18
15 26
15 32
15 47
15 50
15 51
15 52
15 56
15 76
15 78
15 93
15 99
15 103
16 3
16 10
16 35
16 39
16 46
16 54
16 55
16 59
16 92
17 6
17 20
17 23
17 30
17 73
17 110
18 7
18 20
18 21
18 39
18 54
18 64
18 89
18 92
18 100
18 107
19 9
19 24
19 25
19 37
19 42
19 55
19 68
19 69
19 70
19 91
19 92
19 102
20 13
20 14
20 17
20 22
20 24
20 47
20 53
20 67
20 71
20 91
20 92
20 99
20 108
21 4
21 5
21 6
21 11
21 22
21 43
21 54
21 65
21 71
21 88
21 103
21 104
22 16
22 19
22 32
22 53
22 55
22 71
22 77
22 81
22 85
22 86
22 91
23 6
23 35
23 37
23 39
23 58
23 75
23 77
23 80
23 87
23 96
23 101
23 106
24 8
24 11
24 13
24 17
24 21
24 34
24 44
24 47
24 77
24 82
24 85
24 90
24 103
25 18
25 19
25 40
25 55
25 83
25 97
25 102
25 104
26 12
26 20
26 30
26 53
26 55
26 58
26 61
26 70
26 77
26 83
26 86
26 109
27 2
27 20
27 44
27 56
27 61
27 66
27 79
27 92
27 98
28 7
28 8
28 10
28 38
28 39
28 42
28 61
28 78
28 81
28 97
28 98
29 15
29 37
29 46
29 53
29 55
29 57
29 77
29 78
29 81
29 89
29 97
30 21
30 24
30 27
30 38
30 49
30 81
30 85
30 89
30 91
30 96
30 97
31 18
31 34
31 52
31 53
31 55
31 68
31 84
31 89
31 100
32 3
32 6
32 15
32 24
32 31
32 55
32 66
32 76
32 78
32 110
33 19
33 25
33 53
33 56
33 57
33 85
33 100
34 32
34 40
34 45
34 49
34 59
34 79
34 110
35 27
35 55
35 61
35 96
36 6
36 8
36 13
36 21
36 32
36 37
36 62
36 69
36 99
37 9
37 39
37 41
37 42
37 52
37 59
37 69
37 87
37 88
37 94
38 1
38 13
38 20
38 36
38 42
38 48
38 75
38 106
39 60
39 68
39 80
39 83
39 85
39 88
39 94
39 102
40 3
40 29
40 43
40 45
40 47
40 65
40 79
40 86
40 105
40 108
41 8
41 10
41 17
41 82
41 98
41 106
42 3
42 16
42 27
42 61
42 64
42 79
42 93
43 2
43 21
43 22
43 24
43 26
43 54
43 55
43 61
43 68
43 76
43 90
43 92
44 11
44 26
44 52
44 57
44 59
44 64
44 65
44 68
44 80
44 81
44 110
45 26
45 35
45 46
45 49
45 60
45 65
45 75
45 90
45 95
45 98
46 12
46 15
46 20
46 22
46 49
46 86
46 102
46 110
47 26
47 34
47 39
47 51
47 62
47 63
47 78
47 79
47 105
47 108
48 18
48 33
48 36
48 60
48 78
48 87
48 94
48 102
48 106
49 14
49 21
49 29
49 40
49 42
49 52
49 63
49 73
49 77
49 98
50 2
50 18
50 38
50 53
50 77
50 89
50 93
51 9
51 55
51 57
51 62
51 82
51 85
51 97
51 102
51 103
52 31
52 49
52 80
52 84
53 15
53 41
53 46
53 62
53 82
54 3
54 6
54 7
54 25
54 32
54 39
54 42
54 46
54 48
54 60
54 61
54 68
54 74
54 81
54 86
54 93
54 100
54 101
55 14
55 36
56 32
56 40
56 49
56 70
56 76
56 96
57 3
57 14
57 52
57 95
57 106
58 16
58 17
58 36
58 41
58 43
58 50
58 53
58 64
58 65
58 73
58 99
59 1
59 4
59 7
59 16
59 28
59 43
59 53
59 64
59 71
59 101
59 105
60 23
60 37
60 56
60 61
60 64
60 92
60 95
60 104
61 9
61 24
61 40
61 57
61 58
61 68
61 75
61 80
61 81
61 85
61 86
61 88
61 96
62 6
62 42
62 55
62 78
62 81
62 94
62 96
62 98
63 64
63 69
63 74
63 85
63 87
64 5
64 11
64 25
64 26
64 35
64 52
64 56
64 60
64 71
64 83
64 86
64 91
64 98
64 103
65 19
65 37
65 49
65 50
65 55
65 57
65 84
65 87
65 90
65 94
65 102
66 1
66 16
66 27
66 30
66 33
66 65
66 68
66 97
66 100
66 102
67 6
67 23
67 31
67 93
67 101
68 3
68 11
68 15
68 28
68 38
68 42
68 54
68 60
68 61
68 76
69 68
69 81
69 91
69 106
69 109
70 11
70 12
70 17
70 49
70 52
70 60
70 92
70 93
71 10
71 17
71 26
71 47
71 56
71 80
71 81
71 90
72 5
72 19
72 26
72 28
72 34
72 37
72 42
72 43
72 52
72 70
72 87
73 20
73 26
73 31
73 49
73 55
73 62
74 27
74 40
74 43
74 57
74 69
74 96
74 98
75 12
75 15
75 24
75 27
75 46
75 51
75 52
75 92
75 94
75 95
76 2
76 4
76 11
76 16
76 19
76 37
76 40
76 47
76 54
76 63
76 73
77 11
77 25
77 31
77 49
77 78
77 84
77 87
77 92
77 96
78 2
78 3
78 4
78 27
78 28
78 63
78 76
78 87
79 15
79 20
79 43
79 51
79 86
80 19
80 25
80 26
80 51
80 53
80 57
80 68
80 70
80 81
80 88
80 92
80 96
80 99
81 16
81 28
81 41
81 56
81 64
81 70
81 77
81 84
82 1
82 12
82 16
82 28
82 54
82 87
82 96
83 5
83 6
83 26
83 43
83 47
83 48
83 54
83 79
83 102
83 106
84 1
84 5
84 14
84 69
84 86
84 93
84 108
85 10
85 13
85 48
85 91
85 95
85 96
86 17
86 23
86 46
86 67
86 72
86 79
86 93
86 105
87 8
87 17
87 19
87 20
87 44
87 62
87 71
87 86
88 2
88 36
88 50
88 54
88 57
88 95
88 98
88 109
89 8
89 22
89 23
89 31
89 46
89 65
89 81
89 84
89 88
89 108
90 14
90 20
90 35
90 42
90 43
90 56
90 75
90 81
90 99
91 3
91 25
91 47
91 54
91 62
91 65
91 72
91 74
91 103
92 1
92 24
92 30
92 39
92 50
92 53
92 84
92 88
92 91
92 110
93 7
93 14
93 32
93 40
93 72
93 86
93 98
93 104
93 107
94 6
94 8
94 16
94 25
94 27
94 37
94 40
94 76
95 18
95 72
95 83
95 90
95 103
95 107
96 59
96 65
96 95
96 102
97 2
97 9
97 21
97 25
97 36
97 52
97 69
97 83
97 91
97 100
97 104
97 109
98 4
98 22
98 31
98 42
98 43
98 44
98 84
98 110
99 6
99 14
99 19
99 43
99 45
99 49
99 59
99 72
99 75
99 86
99 108
100 1
100 10
100 20
100 27
100 58
100 95
101 19
101 43
101 49
101 78
101 110
102 18
102 26
102 67
102 71
102 91
102 110
103 2
103 10
103 29
103 30
103 36
103 39
103 52
103 59
103 75
103 77
103 79
104 1
104 36
104 52
104 58
104 72
104 89
104 92
104 93
105 7
105 16
105 34
105 44
105 79
105 87
106 22
106 42
106 47
106 62
106 110
107 3
107 14
107 34
107 35
107 55
107 61
107 89
107 104
108 7
108 9
108 12
108 19
108 20
108 31
108 50
108 65
108 76
108 93
108 102
109 3
109 13
109 14
109 32
109 36
109 38
109 58
109 72
109 77
110 24
110 30
110 53
110 59
110 87
110 106
