110
745
1 6
1 23
1 39
1 44
1 56
1 65
1 76
1 91
1 101
2 53
2 95
2 102
2 106
2 107
3 10
3 15
3 36
3 54
3 58
3 60
3 84
3 91
4 6
4 39
4 87
4 91
4 100
5 4
5 8
5 11
5 13
5 29
5 50
5 58
5 81
5 103
5 105
6 37
6 51
6 69
6 89
6 90
7 18
7 49
7 61
7 66
7 67
7 71
7 101
8 25
8 95
8 102
9 15
9 34
9 95
9 99
10 70
10 78
10 95
10 100
10 103
10 104
11 1
11 10
11 12
11 22
11 25
11 51
11 74
11 91
12 17
12 22
12 27
12 39
12 43
12 67
12 71
12 78
12 85
12 92
12 96
12 102
12 108
13 3
13 67
13 68
13 83
13 98
13 109
14 24
14 27
14 33
14 37
14 39
14 45
14 59
14 66
14 110
15 10
15 11
15 48
15 56
15 74
15 95
16 30
16 39
16 41
16 47
16 80
16 83
17 47
17 74
17 104
18 13
18 36
18 54
18 69
18 77
18 94
18 99
19 13
19 15
19 46
19 58
19 65
19 85
19 109
20 5
20 6
20 25
20 36
20 55
20 60
20 84
20 86
21 10
21 30
21 36
21 56
21 100
21 102
22 2
22 5
22 38
22 56
22 57
22 78
22 97
23 5
23 8
23 17
23 20
23 38
23 78
23 82
23 100
23 101
23 103
24 4
24 6
24 12
24 41
24 43
24 61
24 79
24 83
24 89
25 5
25 9
25 16
25 17
25 29
25 45
25 53
25 85
25 91
25 93
26 13
26 17
26 18
26 43
26 57
26 65
26 67
26 68
27 36
27 56
27 72
27 87
28 1
28 5
28 11
28 45
28 53
28 62
28 81
28 92
28 99
28 108
29 6
29 35
29 54
29 62
29 65
29 67
29 87
29 92
29 104
30 12
30 29
30 56
30 61
30 75
30 110
31 29
31 39
31 52
31 68
32 12
32 27
32 44
32 52
32 60
32 91
32 103
33 6
33 8
33 11
33 30
33 39
33 49
33 64
33 69
33 98
33 110
34 22
34 31
34 41
34 54
34 64
34 69
34 86
34 103
35 23
35 65
35 68
36 2
36 17
36 73
37 2
37 11
37 15
37 18
37 21
37 45
37 48
37 63
37 72
37 84
37 85
37 87
37 92
37 100
37 106
38 9
38 19
38 43
38 44
38 49
38 69
38 91
38 94
38 108
39 14
39 18
39 53
39 57
39 62
39 93
39 97
39 101
39 108
40 25
40 36
40 72
40 76
40 80
40 82
40 88
40 106
41 33
41 42
42 66
42 79
42 92
42 93
42 100
43 9
43 32
43 53
43 57
43 67
43 108
44 3
44 70
44 74
45 12
45 22
45 27
45 41
45 42
45 50
45 53
45 60
45 63
45 73
45 79
46 4
46 6
46 9
46 13
46 39
46 54
46 74
46 97
46 102
47 6
47 66
47 68
47 80
48 5
48 24
48 28
48 44
48 53
48 76
48 77
48 79
48 95
49 5
49 26
49 36
49 106
50 13
50 30
50 32
50 38
50 39
50 43
50 63
50 109
51 6
51 32
51 45
51 58
51 63
51 65
51 69
51 75
51 83
51 86
51 92
52 5
52 14
52 18
52 19
52 20
52 40
52 60
52 79
52 82
52 106
53 29
53 31
53 37
53 40
53 46
53 67
53 103
54 2
54 8
54 24
54 28
54 55
54 62
54 68
54 77
54 84
54 108
55 9
55 11
55 17
55 21
55 46
55 47
55 95
55 106
56 16
56 41
56 55
56 82
57 2
57 15
57 44
57 51
57 52
57 73
57 99
57 107
57 110
58 26
58 39
58 67
58 68
58 82
58 103
59 23
59 55
59 61
59 66
59 68
59 73
60 1
60 18
60 26
60 38
60 49
60 69
60 73
60 75
61 11
61 29
61 31
61 37
61 68
61 91
61 95
62 42
62 67
62 93
62 97
62 100
63 69
63 92
63 96
63 102
64 6
64 58
64 67
64 96
64 100
64 102
65 7
65 13
65 41
65 85
66 1
66 22
66 46
66 68
66 75
66 77
66 80
66 81
66 82
66 85
67 13
67 59
67 68
67 74
67 76
67 98
67 99
67 100
67 102
67 107
67 110
68 5
68 13
68 25
68 26
68 40
68 86
68 106
69 9
69 14
69 60
69 64
69 71
69 102
70 11
70 49
70 54
70 69
70 77
71 9
71 15
71 16
71 28
71 59
71 86
71 89
72 4
72 51
72 84
72 86
72 105
73 23
73 41
73 48
73 53
73 54
73 89
73 109
74 7
74 25
74 59
74 62
74 102
74 107
74 108
75 10
75 25
75 31
75 52
75 54
75 71
75 91
76 18
76 43
76 47
76 82
76 83
76 88
77 5
77 45
77 46
77 55
77 59
77 86
77 102
78 1
78 8
78 39
78 44
78 85
78 90
79 6
79 9
79 23
79 54
79 83
79 86
79 87
80 13
80 20
80 54
80 60
80 94
81 66
81 83
81 94
81 99
81 110
82 5
82 15
82 39
82 42
82 59
82 60
82 61
82 66
82 74
82 103
82 108
83 25
83 28
83 36
83 45
83 58
83 82
83 91
83 103
84 5
84 6
84 64
84 75
84 90
85 30
86 13
86 70
86 91
86 92
86 107
87 8
87 17
87 92
88 9
88 12
88 18
88 56
88 58
88 82
88 84
88 98
89 9
89 28
89 34
89 55
89 87
89 103
90 9
90 10
90 11
90 18
90 29
90 31
90 89
90 91
90 105
91 9
91 22
91 56
91 74
91 102
92 70
92 83
93 4
93 11
93 33
93 37
93 66
93 97
93 101
94 7
94 23
94 33
94 37
94 41
94 61
94 71
94 75
95 33
95 37
95 41
95 44
95 51
95 58
95 60
95 86
96 10
96 19
96 49
96 59
96 64
96 97
97 9
97 36
97 40
97 62
97 86
97 87
97 91
98 29
98 45
98 56
98 94
99 20
99 41
99 65
99 85
99 104
100 10
100 34
100 45
100 56
101 16
101 24
101 29
101 32
101 48
101 75
101 81
101 84
101 102
101 105
102 13
102 16
102 17
102 99
103 3
103 17
103 19
103 35
103 63
103 85
103 89
103 98
104 13
104 21
104 25
104 28
104 31
104 40
104 87
104 101
104 102
105 1
105 2
105 34
105 91
105 93
106 30
106 35
106 37
106 50
106 53
106 55
106 58
106 59
106 67
106 78
106 80
106 97
107 14
107 40
107 79
107 83
107 94
107 108
108 4
108 10
108 19
108 46
109 3
109 19
109 39
109 47
109 51
109 81
110 20
110 38
110 54
110 78
110 87
