110
220
1 68
1 105
2 3
3 10
3 64
3 100
4 20
4 106
5 10
5 63
6 54
7 17
7 26
7 65
7 97
8 21
8 49
8 58
8 68
9 58
9 62
9 107
10 44
10 87
11 13
11 45
12 5
12 21
12 53
12 106
13 43
13 99
14 81
15 27
15 51
16 107
17 64
17 82
17 95
18 23
18 87
19 6
19 46
19 56
20 17
20 45
20 58
20 92
21 42
21 103
21 110
22 30
22 65
22 108
23 30
23 53
24 23
25 14
25 64
26 83
26 87
26 109
28 2
29 86
30 101
30 105
31 69
31 84
31 95
33 11
33 74
34 7
34 48
34 90
35 88
36 12
36 28
38 65
38 105
39 13
40 8
40 75
41 77
41 79
41 94
41 100
42 47
43 40
44 22
44 33
44 51
44 55
44 62
44 73
44 83
46 44
47 78
48 95
49 50
49 103
50 24
50 26
50 89
51 16
51 49
52 5
53 31
54 28
55 16
55 42
55 63
55 92
56 18
56 55
56 69
56 99
57 50
57 73
60 90
61 43
62 25
62 76
62 98
63 1
63 18
63 78
63 86
64 4
64 26
64 31
65 87
65 93
66 16
66 42
66 61
67 105
68 49
69 3
71 44
72 110
73 28
73 32
73 37
73 74
74 21
74 56
74 73
75 79
75 90
76 89
76 97
77 39
77 60
77 90
78 10
78 58
79 39
79 74
80 49
81 22
81 57
81 99
82 57
82 64
82 101
84 82
85 48
85 103
86 18
86 27
86 28
86 52
86 65
87 60
87 94
87 105
88 52
88 67
88 95
89 38
89 64
90 17
90 20
90 92
90 104
90 105
91 23
91 68
91 74
91 98
92 10
92 54
92 104
93 29
95 64
95 84
95 85
96 7
96 70
97 9
97 35
97 50
98 97
98 101
99 34
100 13
100 95
101 6
101 64
102 34
103 81
103 84
103 105
104 50
105 27
105 52
106 22
106 109
108 73
110 76
