110
851
1 2
1 26
1 27
1 28
1 29
1 35
1 36
1 60
1 70
1 89
2 4
2 41
2 48
2 59
2 71
2 90
2 91
2 100
3 23
3 33
3 50
3 55
3 58
3 59
3 65
3 68
3 69
3 71
3 80
3 96
3 107
3 108
4 1
4 28
4 35
4 38
4 44
4 55
4 89
4 92
4 104
5 3
5 27
5 68
5 69
5 83
5 86
5 99
5 106
6 17
6 28
6 32
6 37
6 43
6 61
6 62
6 63
6 84
6 94
6 101
7 38
7 43
7 63
7 69
7 76
7 98
7 104
8 4
8 44
8 56
8 62
8 66
8 95
8 107
9 1
9 7
9 40
9 90
10 19
10 35
10 39
10 50
10 53
10 63
10 77
10 83
10 93
11 1
11 17
11 21
11 24
11 25
11 37
11 62
11 66
11 76
11 108
12 2
12 27
12 65
12 79
12 80
12 82
12 84
12 95
13 20
13 27
13 54
13 101
14 13
14 17
14 27
14 36
14 48
14 49
14 75
14 80
14 100
15 6
15 18
15 35
15 60
15 62
15 82
16 1
16 22
16 31
16 33
16 37
16 85
16 104
16 106
17 10
17 58
17 100
18 7
18 10
18 23
18 57
18 60
18 64
18 70
18 72
18 81
18 97
18 98
18 101
19 40
19 60
19 63
19 66
19 79
19 87
19 89
19 92
19 95
19 98
20 8
20 27
20 42
20 57
20 108
21 10
21 23
21 27
21 75
21 92
21 93
21 95
21 106
22 11
22 33
22 52
22 73
22 84
22 97
22 109
23 8
23 40
23 42
23 47
23 55
23 83
23 88
23 90
23 98
23 100
23 103
24 1
24 16
24 21
24 39
25 32
25 55
25 62
25 74
25 77
25 87
25 100
26 25
26 43
26 46
26 50
26 59
26 77
26 84
27 3
27 26
27 51
27 83
27 90
27 97
28 30
28 32
28 37
28 45
28 47
29 17
29 23
29 59
29 73
29 86
29 108
30 2
30 17
30 32
30 34
30 47
30 50
30 52
30 56
30 100
31 6
31 48
31 62
31 82
31 104
32 3
32 9
32 13
32 25
32 33
32 39
32 42
32 62
32 63
32 98
32 103
33 1
33 4
33 11
33 25
33 38
33 40
33 47
33 77
33 82
33 86
33 90
33 99
33 100
33 110
34 1
34 11
34 14
34 40
34 53
34 82
34 86
34 91
35 36
35 78
35 100
36 15
36 20
36 22
36 44
36 57
36 60
36 65
36 78
36 98
36 102
37 5
37 7
37 23
37 28
37 50
37 90
37 106
38 25
38 34
38 44
38 60
38 62
38 66
38 74
38 88
38 102
39 9
39 31
39 37
39 44
39 55
39 62
39 71
39 88
39 89
39 97
40 50
40 57
40 71
40 72
40 91
40 97
41 12
41 25
41 28
41 52
41 66
41 83
41 105
42 31
42 48
42 54
42 66
42 69
42 95
42 110
43 14
43 15
43 22
43 48
43 58
43 70
43 79
44 3
44 12
44 20
44 36
44 47
44 51
44 66
44 75
44 89
44 95
44 101
44 105
45 12
45 29
45 31
45 82
45 101
46 5
46 53
46 57
46 91
46 92
47 19
47 37
47 39
47 62
47 72
48 3
48 50
48 97
49 4
49 42
49 45
49 47
49 60
49 90
49 92
49 93
50 9
50 25
50 35
50 58
50 70
50 96
51 2
51 8
51 12
51 18
51 21
51 34
51 37
51 45
51 54
51 62
51 63
51 64
51 77
51 78
51 94
51 100
51 102
52 4
52 7
52 48
52 73
52 78
52 88
53 14
53 39
53 74
53 83
53 90
53 99
54 21
54 28
54 55
54 64
54 75
54 79
54 99
54 103
55 28
55 41
55 47
55 62
55 92
55 93
55 94
56 28
56 31
56 39
56 59
56 78
56 87
56 88
56 97
56 101
56 103
57 24
57 76
58 12
58 13
58 34
58 42
58 48
58 52
58 55
58 74
58 98
59 5
59 7
59 12
59 17
59 41
59 46
59 68
59 74
59 80
59 95
59 103
60 50
60 51
60 74
60 76
61 20
61 57
61 81
61 84
61 89
61 93
61 95
61 100
61 104
61 108
62 2
62 16
62 18
62 21
62 39
62 64
62 71
62 82
62 89
62 94
62 108
63 19
63 44
63 58
63 64
63 79
63 88
64 17
64 34
64 36
64 43
64 59
64 67
64 91
65 3
65 4
65 18
65 25
65 27
65 28
65 30
65 38
65 64
65 78
65 91
65 92
65 107
66 11
66 15
66 36
66 37
66 64
66 74
66 90
66 97
66 108
66 110
67 27
67 34
67 52
67 54
67 58
67 59
67 71
67 83
67 88
68 5
68 8
68 14
68 16
68 26
68 30
68 34
68 43
68 81
68 87
68 98
69 19
69 33
69 41
69 58
69 60
69 70
69 77
69 83
69 85
69 100
70 18
70 68
70 75
70 78
70 100
70 103
71 20
71 24
71 26
71 27
71 54
71 70
71 89
71 109
71 110
72 10
72 21
72 63
72 96
72 102
72 108
73 16
73 35
73 41
73 72
73 81
73 88
73 96
73 102
73 103
74 1
74 6
74 18
74 30
74 63
74 71
74 87
75 10
75 11
75 16
75 38
75 61
75 71
75 80
76 25
76 64
76 68
76 93
76 108
77 8
77 13
77 20
77 36
77 64
77 109
78 8
78 19
78 24
78 27
78 32
78 39
78 65
78 76
78 97
78 104
78 110
79 45
79 88
79 93
79 103
80 12
80 23
80 27
80 35
80 47
80 61
80 70
80 71
80 84
80 98
80 103
81 13
81 21
81 28
81 32
81 36
81 41
81 50
81 65
81 70
81 74
81 89
82 5
82 22
82 49
82 66
82 110
83 5
83 46
83 56
83 70
83 103
83 110
84 7
84 12
84 25
84 32
84 50
84 56
84 69
84 74
84 76
85 18
85 26
85 30
85 45
85 47
85 78
86 18
86 32
86 38
86 41
86 44
86 59
86 66
86 79
86 89
86 93
86 96
86 105
87 2
87 9
87 14
87 17
87 25
87 45
87 47
87 69
87 81
87 95
87 103
87 110
88 17
88 94
88 98
89 1
89 4
89 13
89 20
89 21
89 36
89 56
89 70
89 76
89 88
90 13
90 25
90 30
90 35
90 59
90 62
90 77
90 85
90 92
91 1
91 4
91 13
91 22
91 58
91 64
91 73
91 75
91 78
91 82
91 87
91 95
91 96
92 67
92 107
93 4
93 30
93 61
93 66
93 73
93 77
93 79
93 85
93 103
93 110
94 6
94 21
94 51
94 62
94 70
95 28
95 51
95 53
95 63
95 72
95 97
96 5
96 9
96 10
96 15
96 20
96 27
96 41
96 49
96 66
96 86
97 7
97 77
98 3
98 15
98 22
98 37
98 52
98 59
98 100
98 105
98 107
99 21
99 27
99 31
99 37
99 48
99 52
99 84
99 96
100 26
100 35
100 37
100 43
100 47
100 80
101 20
101 36
101 73
101 96
102 5
102 6
102 7
102 13
102 19
102 25
102 37
103 5
103 12
103 27
103 79
103 86
103 95
104 17
104 47
104 58
104 61
104 65
104 99
105 13
105 26
105 29
105 31
105 42
105 45
105 52
105 58
105 60
105 62
105 85
106 14
106 24
106 34
106 67
106 73
106 74
106 82
107 18
107 28
107 31
107 48
107 51
107 65
107 72
107 88
108 16
108 19
108 31
108 42
108 51
108 63
108 64
109 74
109 93
110 3
110 7
110 17
110 24
110 53
110 59
110 76
110 80
110 94
110 100
110 105
