120
1157
1 5
1 18
1 25
1 52
1 57
1 74
1 79
1 106
2 1
2 26
2 28
2 52
2 61
2 64
2 85
2 107
2 112
2 115
3 5
3 62
3 67
3 75
3 78
3 88
3 114
4 9
4 14
4 16
4 37
4 55
4 67
4 71
4 75
4 103
4 105
4 118
5 2
5 15
5 26
5 32
5 39
5 51
5 80
5 86
5 104
6 21
6 40
6 42
6 61
6 81
6 91
6 107
6 114
7 8
7 12
7 29
7 48
7 80
7 99
7 102
7 116
8 20
8 26
8 40
8 90
8 118
8 120
9 26
9 28
9 39
9 40
9 58
9 85
9 104
9 109
9 113
9 119
10 1
10 7
10 25
10 39
10 40
10 52
10 83
10 92
10 98
10 101
10 111
11 15
11 21
11 28
11 30
11 38
11 49
11 63
11 67
11 73
11 75
11 83
11 106
12 1
12 17
12 46
12 49
12 60
12 69
12 97
12 99
12 103
13 1
13 11
13 30
13 50
13 53
13 54
13 64
13 69
13 103
13 112
13 115
13 117
14 1
14 7
14 8
14 24
14 29
14 43
14 51
14 53
14 59
14 69
14 78
14 85
14 97
14 105
14 106
14 108
14 120
15 11
15 25
15 33
15 51
15 92
15 106
15 116
16 11
16 17
16 23
16 32
16 33
16 47
16 57
16 58
16 78
16 81
16 88
16 90
16 92
16 115
16 116
17 11
17 32
17 37
17 38
17 40
17 54
17 75
17 96
17 100
17 117
18 9
18 25
18 34
18 48
18 60
18 78
18 79
18 87
18 90
18 93
18 120
19 21
19 23
19 32
19 38
19 46
19 56
20 8
20 26
20 36
20 45
20 46
20 51
20 72
20 106
20 111
21 16
21 44
21 56
21 67
21 92
21 98
21 102
21 103
21 116
22 6
22 10
22 13
22 35
22 39
22 42
22 59
22 63
22 69
22 71
22 85
22 86
22 104
22 113
22 114
23 33
23 35
23 36
23 42
23 56
23 64
23 66
23 108
24 2
24 22
24 45
24 86
24 98
24 112
25 8
25 13
25 40
25 55
25 63
25 66
25 82
25 91
25 96
25 103
25 104
26 2
26 10
26 36
26 59
26 61
26 64
26 88
26 94
26 99
27 17
27 24
27 31
27 37
27 48
27 50
27 52
27 57
27 64
27 65
27 73
27 75
27 76
27 85
27 100
27 105
27 107
27 112
28 1
28 9
28 34
28 47
28 69
28 80
28 86
28 115
29 7
29 10
29 26
29 28
29 41
29 51
29 62
29 64
29 76
29 84
29 87
29 108
29 116
29 120
30 7
30 9
30 14
30 21
30 44
30 47
30 101
30 102
30 118
31 4
31 7
31 8
31 26
31 32
31 49
31 56
31 61
31 81
31 88
31 95
31 114
31 120
32 3
32 12
32 17
32 63
32 71
32 92
32 100
32 102
32 104
33 4
33 5
33 43
33 48
33 72
33 82
33 91
33 105
34 4
34 63
34 83
34 105
35 27
35 50
35 54
35 83
35 88
35 95
35 100
35 101
35 108
35 109
35 113
36 9
36 15
36 16
36 41
36 78
36 83
36 106
37 1
37 4
37 7
37 15
37 36
37 40
37 46
37 51
37 68
37 95
37 104
37 116
38 13
38 19
38 21
38 43
38 48
38 70
38 93
38 116
38 119
39 24
39 25
39 67
39 80
39 92
39 97
39 103
39 104
39 113
39 116
40 45
40 48
40 52
40 60
40 68
40 73
40 90
41 2
41 14
41 19
41 25
41 40
41 61
41 77
41 107
42 7
42 28
42 39
42 47
42 57
42 68
42 70
42 72
42 77
42 95
42 108
43 11
43 23
43 34
43 47
43 58
43 61
43 63
43 68
43 74
43 89
43 112
43 113
43 114
43 115
44 14
44 48
44 80
44 89
44 96
44 114
45 5
45 8
45 13
45 31
45 52
45 59
45 65
45 70
45 82
45 100
45 104
45 110
46 7
46 29
46 36
46 59
46 62
46 70
46 88
46 103
46 106
46 115
47 19
47 29
47 42
47 55
47 60
47 72
47 73
47 88
47 102
47 107
47 109
47 114
48 16
48 50
48 51
48 52
48 68
48 85
48 96
48 109
49 38
49 69
49 70
49 93
49 101
50 6
50 8
50 16
50 22
50 36
50 51
50 57
50 76
50 78
50 87
50 97
50 98
50 118
51 15
51 68
51 75
51 88
51 106
52 3
52 6
52 15
52 48
52 49
52 65
52 86
52 91
52 93
52 118
53 3
53 5
53 20
53 25
53 74
53 81
53 89
53 101
53 103
54 19
54 20
54 22
54 48
54 100
54 113
54 117
55 32
55 33
55 56
55 85
55 115
56 7
56 20
56 29
56 30
56 93
56 118
57 18
57 41
58 19
58 33
58 38
58 42
58 44
58 50
58 51
58 54
58 77
58 90
58 97
58 101
58 108
58 109
58 111
58 119
59 4
59 27
59 56
59 75
59 76
59 80
59 87
59 89
59 99
59 101
59 117
59 119
60 20
60 25
60 28
60 31
60 36
60 54
60 61
60 104
60 105
60 107
60 115
61 2
61 5
61 14
61 20
61 31
61 39
61 40
61 43
61 52
61 58
61 62
61 73
61 79
61 84
61 86
61 87
61 103
61 114
62 8
62 9
62 16
62 25
62 27
62 33
62 36
62 57
62 60
62 61
62 69
62 72
62 74
62 81
62 84
63 25
63 29
63 91
63 109
64 18
64 27
64 31
64 33
64 40
64 45
64 60
64 90
64 99
64 109
64 112
64 114
65 22
65 27
65 29
65 30
65 44
65 53
65 79
65 97
66 3
66 5
66 9
66 10
66 11
66 29
66 70
66 91
66 97
66 103
66 119
67 1
67 4
67 55
67 69
68 11
68 13
68 30
68 41
68 45
68 47
68 67
68 90
68 100
69 40
69 42
69 44
69 59
69 63
69 82
69 90
69 99
69 100
69 115
69 120
70 11
70 48
70 50
70 64
70 72
70 92
71 7
71 11
71 16
71 17
71 37
71 42
71 46
71 70
71 76
72 2
72 15
72 24
72 30
72 32
72 45
72 64
72 79
72 87
72 104
72 117
73 10
73 17
73 52
73 84
73 88
73 95
73 99
74 14
74 25
74 27
74 28
74 33
74 34
74 40
74 45
74 48
74 49
74 73
74 77
74 105
74 108
74 111
75 7
75 8
75 21
75 27
75 30
75 41
75 42
75 53
75 78
75 94
75 103
75 105
75 110
75 112
76 4
76 17
76 19
76 37
76 43
76 50
76 65
76 68
76 73
76 82
76 91
76 109
77 15
77 31
77 83
77 96
77 115
77 117
78 12
78 20
78 21
78 48
78 65
78 67
78 79
78 93
78 114
79 24
79 63
79 69
80 9
80 29
80 35
80 41
80 47
80 52
80 55
80 88
81 6
81 24
81 35
81 72
81 74
81 90
81 92
81 99
81 107
81 109
82 6
82 8
82 22
82 30
82 38
82 55
82 62
82 65
82 79
82 84
83 4
83 15
83 18
83 24
83 28
83 39
83 56
83 73
83 84
83 97
83 104
83 111
84 1
84 5
84 7
84 12
84 15
84 30
84 31
84 76
84 100
84 101
84 102
84 104
84 107
84 110
84 117
85 12
85 13
85 20
85 38
85 57
85 82
85 102
85 112
86 10
86 16
86 19
86 20
86 24
86 31
86 52
86 64
86 66
86 67
86 72
86 77
86 115
87 1
87 8
87 17
87 19
87 28
87 31
87 95
87 100
88 8
88 49
88 59
88 60
88 72
88 81
88 97
89 31
89 82
89 85
89 101
89 103
89 107
90 4
90 28
90 68
90 105
90 106
91 30
91 40
91 59
91 83
92 59
92 60
92 69
92 76
92 84
92 89
92 91
92 95
92 105
93 3
93 4
93 18
93 25
93 45
93 116
94 10
94 15
94 31
94 33
94 54
94 61
94 70
94 99
94 108
95 38
95 74
95 76
95 84
95 101
95 108
95 113
96 13
96 16
96 18
96 38
96 41
96 43
96 68
96 69
96 79
96 83
96 94
96 104
96 109
97 5
97 25
97 30
97 39
97 47
97 96
97 99
97 117
98 26
98 33
98 38
98 51
98 56
98 67
98 72
98 79
98 80
98 83
98 87
98 100
98 101
98 105
98 108
98 113
98 117
99 4
99 17
99 38
99 67
99 75
99 77
99 84
99 85
99 87
99 90
99 108
99 109
99 112
100 41
100 60
100 76
100 79
100 83
100 89
100 90
100 96
100 106
101 6
101 16
101 32
101 38
101 40
101 45
101 60
101 69
101 71
101 73
101 105
101 119
102 26
102 32
102 73
102 74
102 103
102 108
103 9
103 13
103 50
103 60
103 79
103 81
103 82
103 93
104 17
104 25
104 33
104 40
104 48
104 51
104 52
104 57
104 60
104 67
104 91
104 105
105 3
105 4
105 5
105 11
105 16
105 20
105 27
105 28
105 32
105 69
105 86
105 91
105 107
106 60
106 61
106 64
106 66
106 80
106 95
106 100
106 108
106 110
107 19
107 50
107 59
107 78
107 94
108 33
108 54
108 62
108 66
108 86
108 90
108 94
108 119
109 11
109 31
109 54
109 55
109 65
109 70
109 71
109 80
109 110
110 1
110 34
110 56
110 63
110 65
110 90
110 98
111 2
111 8
111 13
111 24
111 40
111 81
111 104
111 116
112 2
112 17
112 23
112 24
112 27
112 29
112 39
112 54
112 57
112 61
112 63
112 77
112 86
112 100
112 111
113 13
113 57
113 67
113 85
113 107
113 110
113 116
113 118
114 10
114 19
114 33
114 37
114 44
114 46
114 48
114 65
114 66
114 100
114 101
114 117
115 4
115 8
115 25
115 30
115 35
115 55
115 72
115 77
115 81
115 87
115 105
115 107
115 108
115 109
115 116
116 3
116 16
116 26
116 28
116 30
116 31
116 36
116 60
116 63
116 98
116 109
117 37
117 38
117 47
117 53
117 61
117 85
117 90
117 95
117 100
117 102
118 12
118 18
118 35
118 71
118 76
118 79
118 87
118 99
119 8
119 9
119 17
119 43
119 70
119 80
119 98
119 104
119 107
119 109
119 111
120 1
120 6
120 11
120 13
120 17
120 27
120 33
120 80
120 93
120 94
120 98
120 108
120 111
120 116
