120
1035
1 14
1 19
1 31
1 51
1 55
1 60
1 69
1 70
1 99
1 120
2 4
2 16
2 24
2 29
2 30
2 35
2 36
2 42
2 45
2 72
2 87
2 120
3 19
3 23
3 46
3 51
3 54
3 56
3 100
3 105
3 116
4 20
4 37
4 50
4 51
4 89
4 107
5 1
5 9
5 13
5 23
5 29
5 67
5 71
5 73
5 101
5 117
6 73
6 76
6 85
6 90
6 93
6 114
7 13
7 18
7 36
7 75
7 118
7 119
8 1
8 14
8 19
8 35
8 36
8 39
8 40
8 51
8 53
8 59
8 60
8 67
8 68
8 73
8 81
8 85
8 92
8 96
8 113
9 15
9 50
9 73
9 75
9 78
9 83
9 85
10 3
10 30
10 44
10 47
10 62
10 76
10 83
10 99
10 100
10 107
10 112
10 117
11 29
11 33
11 47
11 52
11 84
11 102
12 3
12 18
12 22
12 48
12 54
12 79
12 106
12 107
13 11
13 15
13 27
13 43
13 51
13 117
14 2
14 5
14 9
14 21
14 58
14 67
14 82
14 88
14 89
14 92
14 105
14 106
15 14
15 20
15 30
15 74
15 84
15 93
15 102
15 120
16 1
16 34
16 40
16 43
16 53
16 63
16 80
16 90
16 97
17 1
17 13
17 16
17 48
17 51
17 92
17 94
18 3
18 7
18 20
18 36
18 55
18 69
18 75
18 80
18 82
18 110
18 118
19 7
19 13
19 36
19 37
19 38
19 55
19 56
19 70
19 75
19 84
19 96
19 111
19 117
20 14
20 26
20 29
20 38
20 47
20 63
20 116
21 7
21 20
21 24
21 31
21 68
22 7
22 16
22 24
22 26
22 31
22 51
22 61
22 78
22 97
22 114
23 19
23 35
23 69
24 19
24 26
24 63
24 95
24 101
24 113
24 117
25 16
25 27
25 34
25 38
25 52
25 56
25 60
25 62
25 104
25 118
26 16
26 30
26 66
26 71
26 78
26 83
26 84
26 120
27 3
27 8
27 10
27 38
27 60
27 95
27 100
27 116
28 1
28 19
28 29
28 40
28 77
28 101
28 112
29 11
29 27
29 67
29 82
29 91
29 93
29 101
30 42
30 45
30 60
30 71
30 110
31 4
31 21
31 55
31 62
31 72
31 85
32 21
32 37
32 51
32 56
32 59
32 66
32 85
32 99
32 112
33 25
33 35
33 49
33 73
33 77
33 86
33 93
33 110
34 1
34 6
34 24
34 37
34 79
35 6
35 13
35 26
35 36
35 48
35 77
35 89
35 90
35 96
35 100
35 104
35 113
36 8
36 21
36 44
36 72
36 79
36 98
37 24
37 33
37 59
37 78
37 98
37 120
38 18
38 48
38 51
38 74
38 91
39 10
39 12
39 19
39 32
39 47
39 52
39 64
39 73
39 76
39 82
39 86
39 101
39 104
39 114
40 1
40 41
40 42
40 43
40 49
40 63
40 64
40 98
40 114
41 15
41 59
41 62
41 63
41 105
41 117
42 2
42 13
42 25
42 27
42 61
42 70
42 80
42 90
42 91
43 7
43 15
43 31
43 40
43 59
44 10
44 36
44 47
44 52
44 89
44 90
44 111
44 114
45 17
45 39
45 69
45 103
45 116
45 119
46 40
46 41
46 60
46 80
46 89
46 94
46 100
46 102
46 104
46 109
47 1
47 2
47 27
47 35
47 45
47 57
47 72
47 97
47 102
47 104
47 112
48 2
48 8
48 28
48 29
48 40
48 50
48 56
48 74
48 107
48 115
49 6
49 8
49 23
49 36
49 45
49 59
49 61
49 81
49 82
49 90
49 104
49 109
49 119
50 2
50 7
50 24
50 26
50 55
50 68
50 87
50 114
51 10
51 17
51 24
51 32
51 52
51 56
51 57
51 72
51 74
51 80
51 93
51 100
51 103
52 8
52 19
52 27
52 33
52 58
52 61
52 71
53 10
53 11
53 25
53 26
53 49
53 61
53 94
53 105
53 110
53 112
54 23
54 26
54 28
54 29
54 30
54 51
54 53
54 58
54 59
54 64
54 75
54 86
54 92
54 94
54 111
54 112
55 7
55 10
55 20
55 23
55 36
55 41
55 50
55 61
55 77
55 78
55 82
55 88
55 93
55 99
56 10
56 28
56 36
56 37
56 39
56 44
56 45
56 60
56 63
56 72
56 79
56 94
56 95
56 100
56 109
56 120
57 23
57 32
57 52
57 60
57 66
57 76
57 108
57 112
58 9
58 11
58 22
58 35
58 44
58 72
58 81
58 120
59 21
59 27
59 43
59 64
59 76
59 92
59 117
59 118
60 5
60 22
60 26
60 61
60 72
60 85
60 92
60 102
60 113
60 118
61 15
61 25
61 31
61 37
61 58
61 71
61 77
61 82
61 90
61 95
62 1
62 15
62 19
62 20
62 25
62 58
62 69
62 80
62 81
62 108
62 110
62 119
63 5
63 28
63 31
63 39
63 40
63 44
63 55
63 78
63 86
63 103
63 120
64 10
64 25
64 70
64 104
65 5
65 28
65 38
65 99
65 104
66 12
66 20
66 30
66 36
66 65
66 89
66 102
66 107
66 111
66 116
67 23
67 30
67 36
67 79
67 80
67 94
68 1
68 9
68 17
68 24
68 25
68 54
68 105
68 111
68 112
69 3
69 12
69 29
69 43
69 56
69 61
69 63
69 77
69 99
69 101
70 11
70 35
70 38
70 56
70 79
70 93
70 105
71 4
71 25
71 55
71 65
71 66
71 73
71 81
71 118
72 1
72 2
72 5
72 12
72 20
72 35
72 41
72 53
72 65
72 67
72 69
72 80
72 94
73 8
73 17
73 23
73 49
73 54
73 59
74 1
74 40
74 44
74 51
74 56
74 70
74 83
74 89
74 93
74 96
75 15
75 20
75 21
75 23
75 26
75 107
76 18
76 33
76 36
76 52
76 53
76 90
76 111
77 7
77 12
77 32
77 35
77 67
77 99
77 102
78 14
78 25
78 50
78 90
78 92
78 117
79 8
79 14
79 35
79 40
79 48
79 55
79 63
79 72
79 97
79 101
79 102
80 1
80 9
80 39
80 87
80 111
80 114
81 22
81 33
81 54
81 74
81 102
81 112
82 9
82 21
82 22
82 25
82 77
82 103
83 3
83 19
83 26
83 30
83 43
83 52
83 53
83 89
83 102
83 110
83 118
84 6
84 20
84 32
84 35
84 69
84 88
85 5
85 30
85 45
85 52
85 60
85 65
85 68
85 93
85 116
85 120
86 3
86 43
86 45
86 47
86 69
86 80
86 93
86 94
86 108
87 19
87 20
87 25
87 42
87 56
87 74
87 83
87 97
87 100
87 110
87 111
88 23
88 24
88 57
88 76
88 78
88 79
88 80
89 8
89 13
89 23
89 26
89 31
89 35
89 44
89 50
89 63
89 97
89 108
89 115
89 120
90 16
90 18
90 31
90 47
90 57
90 69
90 77
90 79
90 118
91 30
91 56
91 66
91 71
91 77
92 11
92 12
92 14
92 17
92 39
92 55
92 72
92 75
92 116
93 2
93 11
93 14
93 33
93 42
93 49
93 74
93 83
93 90
93 114
94 1
94 11
94 72
94 96
94 98
94 100
94 104
95 7
95 11
95 14
95 21
95 27
95 41
95 48
95 52
95 55
95 64
95 77
95 80
95 105
96 18
96 28
96 44
96 68
96 71
96 81
96 87
96 97
96 98
96 102
96 106
97 17
97 28
97 66
97 68
97 76
97 105
97 107
97 109
98 16
98 31
98 36
98 86
98 115
99 4
99 23
99 39
99 72
99 107
99 108
100 18
100 38
100 40
100 55
100 56
100 84
100 91
100 110
101 25
101 37
101 40
101 57
101 76
101 99
101 103
101 114
102 1
102 15
102 17
102 35
102 37
102 38
102 48
102 51
102 63
102 73
102 88
102 103
102 109
103 16
103 65
103 68
103 69
103 94
104 8
104 10
104 32
104 77
104 82
104 102
105 23
105 31
105 32
105 40
105 53
105 72
105 76
105 86
105 95
105 96
105 102
105 117
106 13
106 40
106 71
106 74
106 87
106 92
106 104
106 120
107 3
107 11
107 31
107 46
107 47
107 55
107 65
107 73
107 94
107 95
107 104
107 111
108 1
108 24
108 30
108 46
108 50
108 51
108 64
108 66
108 72
108 77
108 95
108 98
108 99
108 101
109 16
109 30
109 34
109 41
109 43
109 46
109 62
109 63
109 73
109 89
109 118
110 16
110 35
110 46
110 53
110 56
110 72
110 73
110 83
110 88
110 95
111 1
111 22
111 35
111 41
111 44
111 64
111 70
111 110
112 2
112 16
112 92
113 35
113 61
113 93
113 100
113 112
114 13
114 23
114 36
114 51
114 56
114 62
114 107
114 108
114 111
115 9
115 11
115 25
115 34
115 72
115 100
115 117
116 3
116 8
116 18
116 20
116 34
116 50
116 57
116 83
116 86
116 91
117 5
117 78
117 105
117 106
117 110
118 6
118 7
118 33
118 42
118 46
118 47
118 69
119 2
119 13
119 17
119 28
119 32
119 45
119 47
119 53
119 67
119 76
119 81
119 89
119 113
120 5
120 11
120 36
120 100
120 112
