120
358
1 9
1 30
1 57
1 86
1 120
2 77
2 112
3 11
4 10
4 56
4 63
4 64
4 67
4 79
5 18
5 99
6 86
6 102
7 61
7 83
7 118
8 36
8 48
8 94
8 106
8 117
9 102
9 110
10 57
10 61
10 65
10 113
11 8
11 69
11 76
12 102
13 108
14 5
14 19
14 35
14 46
14 67
16 37
17 65
18 4
18 81
19 14
19 23
19 29
20 82
21 9
21 47
21 99
22 4
22 35
22 50
22 82
22 88
23 4
23 9
23 30
23 49
23 75
23 98
23 109
24 50
24 101
24 118
25 7
25 72
25 76
26 32
26 72
27 4
27 36
27 48
27 62
27 63
27 82
28 5
28 57
28 58
28 78
28 99
29 23
29 50
29 75
29 107
30 6
31 37
31 41
32 61
32 68
33 20
33 55
34 17
34 27
34 47
34 120
35 15
35 38
36 34
38 47
38 48
38 108
39 50
39 63
39 82
39 93
39 113
40 5
40 6
40 31
40 96
42 17
42 106
42 120
43 113
46 91
46 116
47 37
47 40
47 43
47 108
48 81
49 3
49 95
49 100
50 14
50 36
50 58
50 105
51 2
51 112
52 41
53 18
53 22
53 84
53 102
53 104
54 31
54 59
54 65
54 69
54 88
54 117
55 4
55 56
55 99
56 98
56 101
57 32
57 95
57 118
58 3
58 40
58 86
58 102
58 103
59 15
59 67
59 74
60 47
60 105
60 107
60 115
61 53
61 88
61 94
61 103
62 12
62 36
62 83
62 90
62 92
62 105
63 34
63 54
64 24
64 48
64 55
64 88
65 12
66 14
67 24
67 66
68 82
69 12
69 26
69 34
69 39
69 59
69 61
69 88
69 91
70 2
70 30
70 45
70 53
70 98
71 7
71 10
72 30
72 55
72 90
72 96
72 114
73 25
73 69
73 87
74 108
75 10
75 23
75 76
76 42
77 4
77 8
77 10
77 28
77 33
77 50
77 85
77 111
78 30
78 117
78 118
79 21
79 67
80 88
80 114
81 10
81 24
81 38
81 61
81 103
81 113
83 33
83 54
83 77
83 97
83 101
84 2
84 48
84 104
85 50
85 65
85 75
85 79
85 83
85 90
85 101
86 3
86 27
86 28
86 35
86 43
86 44
86 75
86 112
87 20
87 25
87 48
87 69
88 87
88 98
89 26
89 80
89 98
90 48
90 82
90 92
91 66
91 99
92 53
93 61
93 100
94 9
94 33
94 55
94 103
94 119
95 54
95 72
95 94
96 33
96 45
96 64
96 68
96 98
97 114
97 117
98 24
98 29
98 68
98 83
99 12
99 16
99 22
99 32
99 40
100 34
101 15
101 40
101 82
101 95
101 108
102 9
102 57
102 105
104 39
104 88
104 111
105 25
105 66
105 83
105 96
106 38
106 46
106 95
107 8
107 22
107 38
108 33
108 94
109 79
109 85
109 120
110 7
110 53
110 81
111 48
111 100
112 4
112 10
112 59
112 98
113 31
113 56
114 87
115 59
115 60
115 65
116 33
117 65
117 76
117 86
117 89
117 107
118 31
118 32
118 43
118 64
119 85
119 118
120 11
120 37
120 53
120 75
