120
469
1 3
1 11
1 13
1 88
1 116
3 33
3 117
4 28
4 74
5 9
5 13
6 29
6 54
6 88
6 93
6 107
7 34
7 108
7 112
8 42
8 61
9 18
9 23
9 25
9 34
9 53
9 91
10 38
10 52
10 81
10 88
10 89
11 2
11 75
12 19
12 23
12 58
12 103
12 110
13 4
13 12
13 20
13 34
13 46
13 53
13 99
13 100
13 102
13 117
14 6
14 15
14 21
14 46
15 12
15 29
15 32
15 34
15 46
15 50
15 74
16 71
17 25
17 75
17 79
18 9
18 15
18 16
18 29
18 38
18 106
19 31
19 49
19 69
20 11
20 16
20 81
20 98
21 89
21 91
22 3
22 37
22 41
23 38
23 60
23 103
24 2
24 35
25 33
25 44
25 50
25 110
25 120
26 15
26 31
26 48
26 111
27 5
27 7
27 44
27 113
29 42
29 79
29 108
30 41
30 53
30 81
30 98
30 114
32 27
32 82
32 83
32 115
33 2
33 37
33 47
33 60
33 102
33 107
33 118
34 73
34 78
35 48
35 76
35 107
36 9
36 33
36 88
36 91
36 119
36 120
37 6
37 33
37 39
37 62
37 71
37 98
37 113
38 4
38 16
38 50
38 53
38 85
38 98
38 108
38 115
39 32
39 70
39 85
39 87
39 106
40 11
40 19
40 116
41 17
42 18
42 31
42 40
42 46
42 59
42 83
43 42
43 59
43 61
43 98
43 105
44 16
44 27
44 41
44 95
44 115
45 7
45 21
45 104
46 17
46 80
46 81
47 22
47 23
47 50
48 97
48 112
49 34
49 51
49 61
49 79
50 4
50 84
50 89
50 93
50 106
51 19
51 65
51 111
52 31
52 58
52 65
53 113
54 39
55 14
55 33
55 38
55 41
55 52
55 67
55 85
55 98
56 11
56 25
56 38
56 45
56 68
56 98
56 117
56 118
57 22
57 96
57 97
58 4
58 6
58 28
58 29
58 40
58 69
58 78
58 88
58 92
58 116
59 8
59 51
59 96
60 5
60 46
60 90
60 102
60 113
61 1
61 17
61 90
62 61
62 107
62 116
63 15
63 52
63 81
63 107
64 2
64 24
64 31
64 93
65 61
65 87
65 91
65 113
65 116
65 117
66 52
66 69
66 79
67 5
67 24
67 81
67 98
68 20
68 48
68 96
69 5
69 27
69 31
69 48
69 80
70 14
70 38
70 67
71 109
72 1
72 14
72 33
72 79
72 111
73 18
73 40
73 62
74 63
74 86
75 9
75 77
75 89
75 99
77 43
77 44
77 56
77 112
77 113
78 7
78 22
78 89
79 35
79 57
79 90
79 104
80 37
80 72
81 23
81 50
81 63
82 46
82 65
82 97
83 1
83 4
83 14
83 18
83 30
83 43
83 75
83 97
84 7
84 77
85 16
85 64
85 65
86 9
86 16
86 17
86 84
86 92
86 95
87 13
87 89
87 111
87 112
87 118
88 38
88 81
88 99
88 114
89 20
89 60
89 66
89 71
89 90
90 25
90 43
90 44
90 55
90 59
90 81
90 107
91 7
91 35
91 60
91 80
91 119
92 19
92 21
92 28
92 61
92 82
92 83
92 116
93 7
93 10
93 54
93 114
94 33
94 45
94 60
94 85
94 96
94 106
95 47
95 55
95 70
95 92
95 120
96 23
96 86
96 92
97 44
97 57
97 113
97 119
98 11
98 26
98 74
98 91
98 107
98 109
99 39
99 48
99 72
99 98
100 9
100 61
100 108
101 82
101 105
102 55
103 15
103 56
103 79
103 84
103 85
104 1
104 14
104 63
104 69
105 55
105 99
106 8
106 69
106 71
106 120
107 10
107 111
108 65
108 77
108 80
108 101
108 112
108 115
109 21
109 27
109 49
109 90
109 103
109 120
110 17
110 21
110 41
110 53
111 5
111 9
111 15
111 17
111 23
111 50
112 30
112 35
112 103
112 106
113 18
113 34
113 43
113 66
113 109
114 6
114 17
114 38
114 42
114 81
115 8
115 37
115 45
115 52
115 60
115 102
115 110
116 69
116 107
117 30
117 34
117 52
118 20
118 23
118 58
120 10
120 32
120 119
