120
590
1 68
2 47
2 63
2 83
2 107
3 66
3 70
3 85
3 99
3 112
4 37
4 60
4 65
4 68
4 77
4 92
4 100
4 120
5 22
5 37
5 42
5 59
5 69
5 77
5 83
5 112
6 24
6 46
6 63
6 73
6 78
6 91
7 5
7 98
7 112
7 116
8 29
8 60
8 69
8 88
8 106
8 108
8 118
9 1
9 5
9 27
9 53
9 84
9 90
9 100
9 118
10 61
10 68
11 43
11 48
11 78
11 83
12 8
12 53
12 61
13 23
13 26
13 33
13 45
13 70
13 106
13 113
14 6
14 27
14 32
14 35
14 82
14 95
15 6
15 88
15 98
15 107
16 21
16 36
16 60
16 83
16 120
17 25
17 92
17 105
18 2
18 20
18 65
18 94
18 99
19 15
19 38
19 58
19 107
19 114
19 119
20 28
20 40
20 93
21 12
21 15
21 30
21 56
21 82
21 107
21 118
22 23
22 42
22 54
22 79
22 108
23 15
23 76
23 87
23 93
23 101
23 103
24 11
24 12
24 17
24 36
24 66
24 70
24 103
25 16
25 30
25 39
25 43
25 90
26 23
26 48
26 74
26 107
27 9
27 21
27 91
27 104
27 118
27 120
28 26
28 47
28 62
28 70
28 76
28 80
28 85
28 101
29 6
29 55
29 70
29 116
29 120
30 40
30 50
31 8
31 82
31 104
32 28
32 61
32 93
33 49
33 50
33 99
34 6
34 11
35 12
35 46
35 110
35 115
36 1
36 7
36 14
36 32
36 46
36 72
36 81
36 86
36 105
37 6
37 13
37 48
37 57
37 84
37 92
37 111
38 16
38 29
38 89
38 101
38 109
39 20
39 33
39 43
39 63
39 79
39 90
40 4
40 12
40 42
40 117
40 119
41 7
41 81
41 85
41 114
41 119
42 28
42 33
42 37
42 69
42 103
42 110
42 118
43 1
43 5
43 21
43 51
43 81
44 71
44 86
44 114
45 111
46 10
46 29
46 63
46 89
46 109
46 118
47 3
47 58
47 78
47 89
48 53
48 69
48 75
48 94
48 103
48 116
49 4
49 7
49 15
49 19
49 61
49 114
49 117
50 22
50 44
50 74
50 77
50 115
51 7
51 61
51 63
51 67
51 74
51 78
51 83
52 4
52 26
52 27
52 57
52 103
53 21
53 56
53 57
53 84
54 16
54 59
54 73
54 93
54 113
55 3
55 33
55 34
55 41
55 45
55 63
55 67
55 87
55 113
56 40
56 58
56 71
56 84
56 102
57 37
57 54
57 83
57 86
57 105
58 36
58 51
58 99
59 30
59 35
59 50
59 81
59 113
60 18
60 36
60 54
60 74
60 98
61 6
61 9
61 13
61 24
61 43
61 64
61 79
61 100
61 107
61 112
62 14
62 15
62 35
62 72
62 90
63 7
63 13
63 85
63 119
64 31
64 61
64 73
64 97
65 13
65 85
66 7
66 51
66 56
67 33
67 56
67 71
67 81
67 104
68 21
68 55
68 93
68 99
69 5
69 79
69 81
70 14
70 37
70 44
70 58
70 103
71 4
71 65
71 76
71 82
71 113
72 20
72 49
72 80
72 96
73 3
73 27
73 33
73 38
73 45
73 53
73 96
74 80
74 82
75 15
75 31
75 40
75 87
76 21
76 34
76 50
76 66
76 94
76 102
77 31
77 47
77 49
77 53
77 65
77 68
77 82
77 103
77 107
78 13
78 53
78 86
78 96
79 9
79 37
79 53
79 69
79 100
80 1
80 94
80 116
81 6
81 65
81 95
82 10
82 23
82 34
82 36
82 43
82 80
82 90
82 111
82 116
83 1
83 28
83 102
84 9
84 18
84 30
84 35
84 51
84 73
84 74
84 89
84 100
84 114
85 46
85 63
85 74
86 14
86 68
86 102
87 17
87 20
87 49
87 62
87 86
87 113
88 4
88 5
88 15
88 16
88 19
88 87
88 104
89 1
89 11
89 46
89 67
90 32
90 60
90 63
90 80
90 86
90 104
90 109
91 6
91 16
91 31
91 34
91 77
91 105
92 46
93 21
93 28
93 33
93 68
93 101
93 116
94 8
94 19
94 24
94 53
94 62
95 39
95 60
95 64
95 106
96 4
96 29
96 50
96 93
96 105
97 25
97 29
97 32
97 46
97 57
97 58
98 37
98 91
99 37
99 67
100 5
100 69
100 73
100 83
100 99
101 36
101 59
101 63
101 64
101 116
101 118
102 6
102 10
102 21
102 42
102 67
102 70
103 17
103 42
103 68
103 89
103 94
104 46
104 66
104 67
104 91
104 117
105 102
105 112
106 4
106 45
106 70
106 84
106 85
106 109
106 113
106 116
106 117
107 5
107 9
107 11
107 18
107 60
107 81
107 85
107 88
108 16
108 65
108 72
108 73
108 85
109 11
109 31
109 51
109 69
109 82
109 107
109 110
110 5
110 62
110 95
111 6
111 40
111 44
111 94
111 119
112 19
112 47
113 9
113 15
113 24
113 25
113 55
113 57
114 38
114 58
114 69
114 115
114 117
115 13
115 21
115 22
115 34
115 48
115 51
115 103
115 107
115 116
116 85
116 97
117 5
117 45
117 78
117 83
118 19
118 109
119 77
119 81
119 113
120 19
120 94
