1250
9960
1 177
1 195
1 252
1 262
1 271
1 298
1 310
1 353
1 459
1 667
1 926
1 976
1 1154
1 1220
1 1240
2 202
2 240
2 261
2 390
2 457
2 951
2 1082
2 1127
3 56
3 312
3 390
3 814
3 819
3 829
3 913
3 961
3 1151
3 1165
4 25
4 338
4 408
4 545
4 589
4 629
4 633
4 931
4 1161
5 218
5 263
5 282
5 463
5 760
5 787
5 884
5 993
5 1033
6 143
6 291
6 303
6 544
6 904
6 1100
7 41
7 47
7 403
7 509
7 587
7 606
7 1199
8 39
8 755
8 836
8 1084
9 6
9 228
9 289
9 370
9 536
9 546
9 699
9 758
9 994
9 1051
10 447
10 464
10 630
10 696
10 760
10 814
10 1217
11 24
11 329
11 664
11 763
11 878
11 1057
12 137
12 163
12 314
12 377
12 829
12 885
12 1022
12 1103
13 25
13 389
13 685
13 775
13 823
13 1160
13 1166
14 450
14 549
14 590
14 657
14 711
14 781
14 804
14 1215
15 107
15 321
15 490
15 645
15 816
15 836
15 865
15 888
15 1008
15 1157
15 1247
16 56
16 554
16 876
16 1245
17 172
17 312
17 478
17 578
17 603
17 928
17 963
18 29
18 370
18 383
18 398
18 465
18 551
18 555
18 652
18 710
18 731
19 211
19 763
19 1012
19 1054
19 1197
19 1230
20 45
20 276
20 392
20 435
20 561
20 691
20 1039
21 172
21 275
21 549
21 602
21 630
21 650
21 865
21 904
21 1047
21 1076
21 1110
21 1114
21 1130
21 1164
21 1173
22 155
22 432
22 433
22 441
22 755
22 879
22 899
22 970
22 1010
22 1071
23 194
23 407
23 432
23 593
23 636
23 937
23 1148
24 113
24 227
24 281
24 330
24 556
24 1033
24 1069
25 94
25 142
25 149
25 257
25 317
25 388
25 404
25 793
25 1122
25 1203
26 439
26 934
27 51
27 558
27 564
27 589
27 992
27 1011
27 1148
28 8
28 318
28 516
28 603
28 655
28 1114
29 12
29 329
29 346
29 474
29 563
29 666
29 830
29 949
29 978
29 1033
29 1056
29 1220
29 1243
30 83
30 230
30 340
30 341
30 521
30 728
30 833
30 848
30 982
31 72
31 85
31 262
31 440
31 769
31 810
31 953
31 1048
31 1062
31 1181
31 1214
32 19
32 181
32 286
32 519
32 522
32 759
32 887
32 1202
33 67
33 452
33 566
33 907
33 961
33 971
34 174
34 355
34 602
34 616
34 847
34 893
34 1003
34 1017
35 498
35 541
35 567
35 602
35 669
35 739
35 810
35 817
35 860
35 958
35 1173
36 79
36 89
36 323
36 353
36 441
36 578
36 1092
36 1140
36 1181
36 1201
37 95
37 272
37 497
37 634
37 637
37 873
37 947
37 1003
37 1058
37 1061
37 1130
37 1132
37 1144
38 12
38 91
38 426
38 629
38 1114
38 1127
39 170
39 179
39 251
39 336
39 389
39 431
39 467
39 482
39 579
39 966
39 1105
39 1170
39 1192
40 3
40 96
40 174
40 201
40 274
40 276
40 667
40 702
40 799
40 921
40 1008
41 6
41 84
41 100
41 101
41 193
41 360
41 870
41 1014
41 1078
42 20
42 89
42 105
42 309
42 395
42 528
42 677
42 683
42 901
42 995
43 11
43 316
43 475
43 506
43 570
43 585
43 609
43 627
43 766
43 948
43 1019
44 343
44 395
44 1028
44 1097
44 1242
44 1247
45 351
45 505
45 609
45 793
45 892
45 960
45 1078
46 91
46 454
46 457
46 500
46 527
46 658
46 1054
46 1082
46 1120
46 1225
46 1250
47 399
47 533
47 630
47 943
47 1028
47 1221
48 21
48 235
48 249
48 310
48 439
48 494
48 736
48 990
48 1028
48 1108
48 1217
49 106
49 469
49 838
49 1096
49 1142
49 1198
50 378
50 413
50 530
50 670
50 717
50 1039
50 1077
51 63
51 273
51 566
51 950
51 1000
51 1017
51 1055
51 1071
52 111
52 202
52 313
52 345
52 384
52 488
52 537
52 861
52 914
52 1100
53 93
53 174
53 524
53 820
53 868
53 1072
53 1077
53 1209
53 1239
54 8
54 95
54 812
54 913
54 970
54 1125
55 28
55 245
55 374
55 561
55 643
55 781
55 783
55 871
55 958
55 974
55 986
55 1112
56 313
56 521
56 681
56 776
56 812
56 913
56 986
56 1132
56 1145
57 81
57 239
57 375
57 755
57 768
57 828
57 1172
57 1179
58 309
58 894
59 224
59 557
59 858
59 1014
60 109
60 134
60 235
60 365
60 386
60 426
60 532
60 628
60 723
60 779
60 825
60 826
60 1068
60 1244
61 88
61 223
61 586
61 617
61 890
61 1065
61 1142
61 1201
62 53
62 63
62 171
62 564
62 755
62 1094
62 1107
63 215
63 264
63 608
63 1071
63 1161
64 236
64 307
64 421
64 507
64 557
64 572
64 755
64 873
64 900
64 919
64 1094
65 408
65 438
65 645
65 654
65 754
65 804
65 869
65 1071
65 1140
65 1166
66 98
66 134
66 450
66 512
66 809
66 999
67 105
67 295
67 355
67 356
67 440
67 455
67 480
67 551
67 642
67 829
67 1027
67 1107
67 1143
67 1248
68 15
68 172
68 578
68 615
68 704
68 730
68 827
68 938
68 949
68 1048
69 774
69 789
69 806
69 994
69 1012
69 1147
70 111
70 118
70 470
70 659
70 726
70 735
70 971
70 977
70 1244
71 510
71 697
71 1006
71 1043
71 1060
71 1202
72 276
72 452
72 616
72 678
72 1082
73 237
73 278
73 700
73 735
73 870
73 1115
74 9
74 324
74 906
74 925
74 969
74 1126
74 1165
74 1249
75 750
75 920
75 1171
76 130
76 225
76 646
76 918
77 148
77 485
77 555
77 1035
77 1177
77 1179
78 8
78 232
78 322
78 419
78 472
78 475
78 628
78 760
78 824
78 898
78 933
78 1025
78 1144
79 6
79 127
79 131
79 150
79 583
79 694
79 919
79 1093
79 1129
80 61
80 308
80 311
80 878
80 1062
80 1108
81 4
81 129
81 268
81 327
81 483
81 807
81 822
81 933
81 991
81 1093
82 46
82 270
82 287
82 312
82 381
82 513
82 681
82 910
82 924
82 1065
82 1079
82 1089
82 1132
82 1215
83 97
83 172
83 542
83 566
83 599
83 602
83 652
83 822
83 866
83 924
84 250
84 317
84 603
84 621
84 761
84 865
84 1227
85 327
85 333
85 337
85 339
85 425
85 445
85 509
85 838
85 920
86 22
86 207
86 493
86 816
86 876
86 881
86 1018
86 1100
87 209
87 356
87 581
87 668
87 957
87 1033
87 1083
88 260
88 385
88 605
88 647
88 951
88 1043
88 1057
88 1154
89 192
89 448
89 487
89 609
89 735
89 743
89 753
89 869
89 1015
89 1152
89 1153
90 68
90 313
90 871
90 1088
91 243
91 286
91 504
91 505
91 587
91 809
91 845
92 5
92 27
92 392
92 583
92 599
92 876
92 906
92 1113
93 314
93 395
93 517
93 580
93 645
93 823
93 851
93 923
93 979
93 995
93 1132
94 294
94 343
94 421
94 567
94 658
94 923
94 1143
95 38
95 287
95 296
95 385
95 411
95 512
95 753
95 785
95 793
95 811
95 1248
96 182
96 260
96 319
96 574
96 599
96 830
96 934
96 1072
96 1171
97 52
97 163
97 334
97 464
97 541
97 978
97 1028
97 1069
97 1169
98 218
98 239
98 349
98 667
98 737
98 876
98 1110
98 1145
98 1186
99 34
99 57
99 122
99 168
99 255
99 391
99 778
99 831
99 1236
100 8
100 44
100 183
100 212
100 293
100 385
100 411
100 605
100 653
100 699
100 849
101 147
101 305
101 324
101 429
101 561
101 713
101 743
101 1179
102 655
102 697
103 164
103 229
103 398
103 473
103 495
103 505
103 538
103 759
103 794
103 1030
103 1081
104 259
104 361
104 486
104 714
104 960
105 53
105 122
105 143
105 223
105 301
105 719
105 921
105 1082
106 230
106 754
106 860
106 891
106 940
106 952
106 954
106 974
106 1163
106 1227
107 469
107 580
107 622
107 781
107 843
107 1071
107 1201
108 42
108 64
108 81
108 161
108 287
108 414
109 183
109 296
109 316
109 494
109 497
109 1185
110 10
110 201
110 260
110 304
110 313
110 389
110 596
110 633
110 885
110 961
110 1183
110 1230
111 151
111 197
111 326
111 528
111 542
111 827
111 867
112 28
112 823
112 868
112 923
112 1020
112 1082
112 1153
113 211
113 304
113 308
113 424
113 441
113 594
113 895
113 968
113 1117
113 1207
114 64
114 237
114 510
114 671
114 749
114 1161
114 1191
115 154
115 258
115 354
115 378
115 398
115 494
115 581
115 633
115 678
115 1057
116 131
116 163
116 206
116 220
116 681
116 927
116 1078
117 5
117 258
117 351
117 381
117 483
117 497
117 532
117 615
117 689
117 701
117 736
117 813
117 820
117 869
117 974
117 1025
117 1198
118 270
118 293
118 430
118 696
118 714
118 831
118 1154
118 1164
118 1217
118 1221
119 181
119 317
119 1231
120 66
120 196
120 200
120 211
120 345
120 568
120 588
120 749
120 853
120 925
120 1014
120 1175
120 1193
121 43
121 392
121 1124
122 215
122 244
122 252
122 298
122 364
122 467
122 714
122 834
122 847
122 983
122 995
122 1092
122 1103
122 1154
122 1168
122 1216
123 91
123 246
123 248
123 325
123 345
123 611
123 649
123 860
123 881
124 258
124 332
124 381
124 781
124 811
124 992
124 1002
124 1200
125 57
125 103
125 219
125 282
125 296
125 337
125 365
125 564
125 599
125 616
125 637
125 704
125 816
125 980
125 1143
125 1219
126 80
126 358
126 611
126 634
126 731
126 750
126 926
126 986
126 1041
126 1164
127 139
127 180
127 279
127 310
127 915
127 950
127 952
127 958
127 992
127 994
127 1194
128 76
128 199
128 249
128 254
128 487
128 916
128 970
128 975
128 1105
128 1181
128 1207
129 140
129 361
129 449
129 784
129 808
129 1186
130 77
130 180
130 257
130 420
130 432
130 1059
130 1135
131 184
131 519
131 528
131 1062
131 1078
131 1235
132 32
132 303
132 387
132 392
132 431
132 799
132 937
132 975
132 1217
133 213
133 422
133 440
133 637
133 815
133 1014
133 1023
133 1055
133 1204
134 51
134 86
134 419
134 432
134 606
134 665
134 683
134 814
134 1087
134 1165
134 1244
135 64
135 175
135 356
135 389
135 404
135 978
136 400
136 436
136 619
136 828
136 863
136 906
137 425
137 467
137 630
137 931
137 1076
137 1143
138 43
139 19
139 91
139 126
139 271
139 347
139 370
139 485
139 679
139 718
139 800
139 962
139 1077
139 1111
140 77
140 116
140 131
140 204
140 222
140 538
140 715
140 838
140 1083
141 30
141 74
141 210
141 411
141 587
141 724
141 918
141 956
141 962
141 999
141 1041
141 1107
142 91
142 104
142 538
142 604
143 25
143 38
143 140
143 284
143 295
143 454
143 679
144 57
144 125
144 132
144 278
144 323
144 336
144 493
144 554
144 915
144 999
144 1105
145 157
145 252
145 646
145 655
145 766
145 908
145 1063
145 1068
146 156
146 178
146 271
146 370
146 376
146 459
146 541
146 732
147 36
147 41
147 298
147 299
147 389
147 637
147 947
148 392
148 411
148 682
148 746
149 263
149 627
149 905
149 966
149 1021
149 1110
150 154
150 345
150 900
150 961
151 104
151 290
151 330
151 399
151 425
151 825
151 858
151 872
151 938
151 1176
152 618
152 681
152 1070
153 68
153 177
153 708
153 802
153 805
153 930
153 1125
154 112
154 518
154 589
154 607
154 637
154 656
154 685
154 1180
154 1181
155 5
155 218
155 250
155 399
155 613
155 780
155 946
156 54
156 215
156 223
156 225
156 292
156 350
156 380
156 437
156 533
156 828
156 903
156 976
156 1050
156 1162
157 130
157 144
157 221
157 457
157 591
157 645
157 721
157 748
157 868
157 874
158 273
158 331
158 668
159 267
159 349
159 350
159 414
159 613
159 623
159 629
159 1071
160 30
160 196
160 222
160 325
160 460
160 734
160 786
160 942
160 991
160 1030
160 1245
161 237
161 429
161 490
161 547
161 643
161 900
161 1138
162 648
162 667
162 760
162 884
162 1063
163 8
163 48
163 315
163 490
163 580
163 581
163 642
163 672
163 676
164 9
164 314
164 483
164 867
164 1017
165 250
165 286
165 443
165 468
165 521
165 636
165 648
165 872
165 1067
165 1078
165 1151
166 5
166 294
166 406
166 599
166 669
166 693
166 1036
166 1097
166 1163
167 145
167 220
167 445
167 625
167 827
167 920
167 1053
167 1185
168 108
168 233
168 280
168 505
168 688
168 723
169 6
169 242
169 342
169 497
169 663
169 751
169 759
169 1134
170 161
170 729
170 822
170 1017
170 1178
171 3
171 236
171 378
171 540
171 773
171 921
171 1103
172 100
172 146
172 329
172 358
172 535
172 925
172 959
172 1112
172 1196
173 309
173 592
173 806
173 1101
173 1238
174 215
174 402
174 993
174 1102
174 1203
175 95
175 100
175 494
175 782
175 927
175 1225
176 146
176 427
176 570
176 630
176 643
176 714
176 753
176 838
176 1088
176 1207
177 71
177 475
177 518
177 603
177 676
177 1021
177 1135
178 312
178 629
178 655
178 675
178 688
178 1043
178 1098
179 438
179 681
179 963
179 1004
179 1161
179 1183
180 268
180 402
180 472
180 568
180 868
180 999
180 1195
180 1235
181 29
181 235
181 277
181 410
181 427
181 441
181 512
181 796
181 801
181 1078
181 1090
182 72
182 104
182 161
182 263
182 299
182 747
182 857
182 1079
182 1095
183 9
183 185
183 237
183 253
183 270
183 330
183 338
183 412
183 443
183 541
183 558
183 635
183 958
183 1183
184 189
184 210
184 266
184 456
184 874
184 897
184 1165
185 108
185 262
185 340
185 508
185 731
185 858
185 880
185 993
186 212
186 241
186 247
186 369
186 811
186 1098
187 128
187 322
187 339
187 622
187 722
187 762
188 75
188 156
188 161
188 207
188 258
188 383
188 458
188 733
188 875
188 895
189 155
189 231
189 304
189 521
189 710
189 751
189 779
189 838
189 957
189 1086
190 417
190 432
190 505
190 1034
190 1091
190 1201
191 127
191 344
191 422
191 428
191 447
191 452
191 762
191 852
191 1098
191 1142
192 349
192 1078
193 159
193 540
193 626
193 630
194 37
194 121
194 273
194 634
194 1122
194 1134
195 19
195 122
195 890
195 1127
196 61
196 89
196 457
196 503
196 573
196 630
196 755
197 297
197 327
197 405
197 621
197 784
197 1151
198 213
198 401
198 492
198 623
198 913
199 80
199 89
199 137
199 153
199 259
199 566
199 633
199 644
199 706
199 712
199 811
199 879
199 1207
200 29
200 169
200 176
200 373
200 467
200 591
200 593
200 677
200 714
200 813
200 873
200 876
200 897
200 1051
201 132
201 552
201 572
201 820
201 823
201 1013
201 1053
201 1136
202 462
202 955
202 992
202 1024
202 1102
203 257
203 273
203 302
203 347
203 625
203 669
203 813
203 860
203 951
203 1001
204 53
204 80
204 118
204 171
204 386
204 561
204 597
205 360
205 398
205 537
205 733
205 791
205 964
205 989
205 1055
205 1086
205 1091
205 1202
206 43
206 133
206 514
206 704
206 898
206 1009
206 1049
206 1132
207 134
207 436
207 469
207 623
207 688
207 763
207 805
207 880
207 959
207 962
207 1014
207 1207
208 64
208 272
208 565
208 768
208 813
208 995
208 1246
209 60
209 90
209 210
209 232
209 257
209 321
209 903
209 966
209 1134
209 1224
210 43
210 155
210 847
210 1158
211 3
211 396
211 507
211 544
211 614
211 752
211 759
211 834
212 66
212 776
212 949
213 251
213 381
213 876
213 1025
213 1205
214 166
214 168
214 579
214 849
214 1113
214 1118
215 313
215 647
215 775
215 834
215 985
216 48
216 122
216 139
216 147
216 237
216 291
216 393
216 442
216 692
216 810
216 1066
216 1084
217 57
217 76
217 301
217 371
217 490
217 643
217 644
217 709
217 943
217 1036
218 40
218 46
218 155
218 172
218 515
218 627
218 662
218 813
218 826
218 992
219 60
219 69
219 89
219 177
219 377
219 549
219 597
219 722
219 874
219 921
219 945
219 975
219 1233
220 23
220 202
220 203
220 333
220 636
220 826
220 997
220 1042
221 135
221 403
221 422
221 656
221 929
221 1229
222 88
222 108
222 144
222 195
222 413
222 594
222 942
222 1021
222 1148
223 306
223 362
223 428
223 598
223 646
223 671
223 683
223 1069
223 1087
223 1138
224 17
224 66
224 134
224 202
224 407
224 565
224 632
224 898
224 1092
224 1208
224 1230
225 98
225 117
225 155
225 475
225 618
225 761
225 1102
226 54
226 104
226 263
226 837
226 1001
227 19
227 111
227 213
227 445
227 927
227 1038
227 1132
228 243
228 319
228 499
228 1222
229 498
229 1122
229 1141
230 77
230 153
230 370
230 427
230 460
230 640
230 859
230 925
230 966
230 1233
231 174
231 599
231 679
231 812
231 972
231 993
231 1112
231 1127
231 1143
232 408
232 641
232 677
232 678
232 715
232 794
232 808
232 859
232 977
232 1250
233 497
234 24
234 105
234 106
234 131
234 288
234 600
234 871
234 880
234 945
235 93
235 118
235 178
235 439
235 503
235 1009
235 1075
236 17
236 91
236 98
236 135
236 407
236 653
236 842
236 854
236 1236
237 100
237 230
237 314
237 593
237 763
237 1013
237 1087
237 1208
238 184
238 461
238 498
238 608
238 736
238 1022
238 1042
238 1185
239 128
239 312
239 371
239 399
239 497
239 564
239 832
239 937
239 1152
239 1157
240 347
240 510
240 596
240 945
240 1041
241 13
241 69
241 428
241 549
241 569
241 983
241 1002
241 1031
241 1142
241 1219
242 113
242 255
242 274
242 598
242 639
242 714
242 829
242 862
242 887
242 926
242 1129
243 470
243 839
243 931
243 955
243 1077
244 273
244 487
244 511
244 610
244 689
244 755
244 763
244 1008
244 1162
244 1229
245 3
245 449
245 693
245 1083
245 1170
246 194
246 334
246 664
246 876
246 978
246 1004
246 1054
246 1173
246 1178
247 281
247 300
247 668
247 728
247 854
247 1002
247 1059
248 29
248 130
248 188
248 733
248 757
248 829
248 1228
249 258
249 259
249 404
249 495
249 523
249 701
249 1120
250 27
250 164
250 202
250 285
250 362
250 385
250 450
250 461
250 538
250 610
250 784
250 1106
250 1192
250 1243
251 6
251 87
251 304
251 435
251 548
251 554
251 1062
251 1168
252 202
252 481
252 887
252 1224
253 282
253 845
253 846
253 857
253 1023
253 1200
254 274
254 320
254 361
254 384
254 455
254 740
254 1169
255 37
255 235
255 789
255 796
255 810
255 936
256 15
256 50
256 111
256 215
256 476
256 649
256 726
256 747
256 777
256 1008
256 1076
256 1208
257 207
257 595
257 657
257 944
257 1249
258 207
258 361
258 639
258 807
258 1006
258 1018
258 1122
258 1182
259 228
259 503
259 749
259 771
259 772
259 981
259 1049
259 1105
259 1117
260 19
260 62
260 147
260 587
260 708
260 847
260 925
260 1081
261 239
261 253
261 429
261 529
261 571
261 759
261 1056
261 1205
262 273
262 291
262 441
262 627
262 685
262 695
262 701
262 763
262 1108
263 96
263 100
263 354
263 403
263 465
263 587
263 650
263 847
263 1110
263 1149
264 497
264 868
264 913
264 945
264 982
264 1105
265 20
265 37
265 93
265 464
265 669
265 1023
265 1084
265 1107
265 1110
265 1173
266 74
266 118
266 924
266 950
266 1038
267 239
267 280
267 337
267 664
267 813
267 949
267 1001
267 1042
267 1132
268 93
268 235
268 513
268 808
268 937
268 942
268 1110
268 1138
268 1208
269 129
269 244
269 283
269 311
269 536
269 585
269 645
269 758
269 1053
270 390
270 603
270 692
270 921
270 1145
270 1172
270 1247
271 89
271 110
271 128
271 171
271 214
271 331
271 494
271 721
271 951
271 1116
272 160
272 522
272 975
272 1023
272 1153
272 1214
273 14
273 19
273 186
273 554
273 630
273 698
273 776
273 786
273 812
273 919
273 1126
273 1157
274 119
274 182
274 196
274 367
274 1015
274 1061
274 1084
275 110
275 636
275 799
275 1051
275 1079
275 1082
276 410
276 967
276 1225
276 1233
277 7
277 72
277 85
277 589
277 843
277 1142
278 95
278 134
278 151
278 249
278 567
278 712
278 965
278 966
278 979
278 1038
279 211
279 262
279 317
279 618
279 648
279 652
279 688
279 696
280 40
280 180
280 341
280 380
280 415
280 447
280 796
280 871
280 1042
281 195
281 1002
281 1005
281 1099
282 116
282 173
282 243
282 363
282 517
282 666
282 688
282 816
283 179
283 252
283 326
283 856
283 918
283 974
283 1060
284 121
284 256
284 279
284 559
284 680
284 751
284 821
284 890
284 981
284 1051
284 1070
285 75
285 170
285 648
285 654
285 871
285 1204
286 190
286 384
286 460
286 533
286 632
286 682
286 1059
286 1162
286 1181
286 1221
287 526
287 627
287 747
287 972
287 1140
287 1150
288 232
288 260
288 409
288 415
288 444
288 516
288 647
288 1216
289 261
289 282
289 374
289 608
289 695
289 986
289 1185
289 1190
289 1220
290 2
290 482
290 595
290 693
290 721
290 818
290 873
291 4
291 57
291 121
291 141
291 335
291 433
291 668
291 791
291 812
291 847
291 952
292 89
292 150
292 249
292 340
292 425
292 442
292 564
292 625
292 751
292 912
292 930
293 28
293 205
293 306
293 652
293 1012
294 412
294 452
294 472
294 1002
295 229
295 242
295 750
295 798
295 926
295 1068
296 340
296 357
296 589
296 601
296 604
296 808
296 1000
296 1110
297 23
297 127
297 437
297 595
297 622
297 964
297 1087
297 1127
297 1211
298 417
298 532
298 573
298 581
298 585
298 832
299 165
299 480
299 670
299 907
299 934
300 50
300 212
300 630
300 706
300 892
300 1067
300 1188
301 44
301 72
301 111
301 284
301 479
301 632
301 692
301 789
301 894
302 55
302 98
302 119
302 129
302 140
302 185
302 265
302 756
302 890
302 914
302 1051
302 1063
302 1102
302 1183
302 1208
303 221
303 343
303 423
303 449
303 806
303 870
303 926
303 1083
304 120
304 182
304 188
304 215
304 249
304 302
304 548
304 551
304 611
304 672
304 694
305 32
305 96
305 494
305 589
305 946
305 1093
305 1100
306 171
306 472
306 500
306 940
306 966
306 1074
307 89
307 256
307 608
307 645
307 740
307 927
307 967
307 1208
308 29
308 49
308 162
308 207
308 322
308 377
308 524
308 627
308 631
308 731
308 788
308 858
308 1002
308 1018
308 1182
308 1198
308 1200
309 90
309 732
309 766
309 853
309 890
309 894
309 1100
310 208
310 456
310 825
310 925
310 956
310 1224
311 279
311 303
311 313
311 315
311 415
311 525
311 669
311 795
311 828
311 1226
312 117
312 201
312 217
312 282
312 494
312 691
312 724
312 935
312 1128
312 1243
313 39
313 128
313 546
313 695
313 993
313 1139
313 1180
314 45
314 223
314 488
314 508
314 563
314 603
314 1109
315 87
315 181
315 340
315 357
315 358
315 444
315 525
315 680
315 887
315 919
315 963
316 192
316 362
316 684
316 695
316 734
316 952
316 969
316 1023
316 1047
316 1089
316 1155
317 360
317 601
317 743
317 803
317 809
317 977
317 1139
318 39
318 118
318 192
318 207
318 340
318 508
318 630
318 664
318 790
318 911
318 996
318 1003
318 1025
318 1044
318 1134
318 1210
319 16
319 120
319 201
319 421
319 656
319 663
319 730
319 1126
319 1172
319 1201
320 85
320 144
320 155
320 162
320 291
320 495
320 516
320 869
320 873
320 903
320 1081
320 1097
320 1142
321 153
321 159
321 432
321 1101
322 79
322 235
322 280
322 359
322 366
322 369
322 817
322 1036
322 1111
322 1176
322 1213
322 1243
323 163
323 386
323 637
323 878
323 942
323 1002
323 1016
323 1226
323 1243
324 221
324 273
324 451
324 694
324 1036
325 12
325 65
325 154
325 453
325 546
325 688
325 733
325 755
325 762
325 1026
325 1143
326 18
326 149
326 408
326 503
326 706
327 21
327 516
327 853
327 919
327 1227
328 613
328 617
328 669
328 962
328 988
328 992
328 1050
328 1197
329 81
329 259
329 545
329 733
329 860
329 960
329 1248
330 917
330 923
330 1060
330 1103
330 1240
331 43
331 261
331 336
331 740
332 49
332 485
332 651
332 1187
332 1199
333 24
333 67
333 112
333 128
333 246
333 430
333 457
333 458
333 682
333 793
333 852
333 896
333 1044
333 1135
333 1146
334 950
334 1014
334 1067
334 1111
334 1221
335 181
335 703
335 1090
335 1130
335 1219
336 215
336 511
336 556
336 694
336 1163
336 1193
336 1233
337 253
337 493
337 759
338 153
338 246
338 327
338 375
338 405
338 572
338 888
338 1007
338 1039
338 1059
338 1125
339 101
339 381
339 420
339 462
339 601
339 662
339 795
339 813
340 173
340 552
340 720
340 827
340 967
340 971
340 1069
341 205
341 518
341 655
341 731
341 752
341 865
341 984
341 1103
341 1155
341 1224
342 114
342 198
342 265
342 616
342 638
342 653
342 919
343 99
343 490
343 519
343 659
343 991
343 1003
343 1072
343 1155
344 214
344 238
344 278
344 634
344 832
344 928
344 1018
344 1124
344 1192
345 74
345 103
345 137
345 584
345 625
345 714
345 840
345 949
345 965
345 979
345 989
345 1013
345 1045
345 1213
346 239
346 413
346 497
346 623
346 1202
346 1213
346 1227
347 615
347 634
347 661
347 910
347 1051
348 101
348 107
348 188
348 419
348 756
348 818
348 1017
348 1043
348 1049
348 1081
348 1116
348 1205
349 2
349 18
349 407
349 418
349 442
349 477
349 516
349 806
349 826
350 85
350 101
350 145
350 165
350 244
350 518
350 740
350 782
350 810
351 263
351 325
351 526
351 853
351 1151
351 1219
352 18
352 27
352 247
352 456
352 463
352 517
352 960
353 43
353 121
353 157
353 205
353 343
353 657
353 922
353 1018
353 1200
354 93
354 193
354 463
354 978
354 1012
355 250
355 287
355 347
355 451
355 926
355 929
355 947
356 140
356 194
356 460
356 645
357 12
357 229
357 389
357 545
358 78
358 86
358 304
358 320
358 563
358 691
358 837
358 1008
358 1148
359 186
359 195
359 658
359 939
359 1017
359 1102
359 1103
359 1125
359 1210
360 148
360 483
360 700
360 846
360 1157
360 1226
361 245
361 266
361 438
361 495
361 760
361 848
361 889
361 1058
361 1070
361 1122
362 184
362 444
362 497
362 598
362 697
363 39
363 399
363 641
363 696
363 876
363 958
363 964
363 1075
363 1140
363 1151
363 1217
363 1238
364 94
364 362
364 589
364 760
364 926
364 1094
364 1231
365 194
365 708
365 713
365 742
365 940
365 1070
366 56
366 59
366 305
366 760
366 851
366 885
367 208
367 416
367 930
367 1035
368 5
368 179
368 483
368 655
368 691
368 709
368 764
368 1218
369 21
369 76
369 319
369 448
369 506
369 656
369 669
369 786
369 1027
369 1115
370 3
370 83
370 135
370 234
370 240
370 633
370 868
370 1021
370 1028
371 66
371 236
371 462
371 535
371 551
371 652
371 714
371 928
371 1066
371 1082
371 1247
372 315
372 451
372 468
372 564
372 654
372 1015
372 1109
373 142
373 494
373 788
374 366
374 496
374 556
374 642
374 772
374 1106
375 222
375 271
375 632
375 1184
375 1202
376 156
376 499
376 936
376 1028
377 88
377 202
377 301
377 402
377 545
377 555
377 723
377 778
377 817
378 337
378 347
378 357
378 809
378 984
378 1039
379 17
379 181
379 405
379 496
379 748
379 776
379 780
379 953
379 1034
380 172
380 552
380 657
380 760
380 785
380 994
380 1016
380 1055
381 55
381 151
381 496
382 100
382 248
382 677
382 718
382 791
382 924
382 1051
382 1247
383 15
383 144
383 302
383 358
383 543
383 573
383 671
383 724
383 742
383 745
383 821
383 1000
384 479
384 586
384 739
384 814
384 982
384 1019
384 1067
384 1097
385 544
385 586
385 821
385 1065
385 1072
385 1124
385 1153
385 1220
386 47
386 79
386 82
386 157
386 182
386 500
386 689
386 733
386 1032
386 1048
386 1140
386 1145
386 1187
387 16
387 185
387 275
387 384
387 551
387 646
387 796
387 887
387 1249
388 78
388 116
388 151
388 194
388 407
388 646
389 102
389 161
389 384
389 443
389 482
389 495
389 577
389 622
390 39
390 44
390 243
390 350
390 845
390 902
390 957
391 66
391 98
391 279
391 683
391 968
392 10
392 119
392 444
392 868
393 155
393 207
393 355
393 480
393 793
393 857
393 901
393 1219
394 130
394 288
394 296
394 547
394 900
394 1196
395 176
395 215
395 245
395 277
395 376
395 527
395 772
395 961
395 1024
396 103
396 258
396 570
396 673
396 819
396 860
396 868
396 911
396 1008
397 67
397 506
397 744
397 839
397 923
398 9
398 50
398 137
398 253
398 314
398 484
398 567
398 692
398 764
398 843
398 969
398 1071
398 1093
398 1199
398 1218
399 238
399 358
399 423
399 579
399 614
399 768
399 1017
399 1021
399 1164
399 1195
400 125
400 480
400 619
400 690
401 158
401 216
401 359
401 488
401 497
401 745
401 770
401 1085
401 1120
402 15
402 198
402 381
402 467
402 474
402 600
402 605
402 641
402 861
402 911
402 921
402 1005
403 3
403 129
403 164
403 418
403 469
403 481
403 515
403 675
403 696
403 846
403 849
403 1006
404 145
404 422
404 489
404 705
404 720
404 818
404 1044
404 1053
405 101
405 450
405 687
405 802
405 815
405 912
405 1111
405 1142
405 1163
405 1217
406 130
406 181
406 876
406 908
406 1017
407 11
407 241
407 278
407 367
407 742
407 892
408 58
408 321
408 330
408 376
408 430
408 616
408 691
408 816
408 888
408 918
408 1062
409 43
409 414
409 489
409 669
409 731
409 848
409 852
409 1202
410 102
410 112
410 511
410 689
410 985
410 1034
411 96
411 350
411 793
411 794
411 816
411 837
411 1055
411 1074
411 1144
412 168
412 363
412 700
412 729
412 751
412 954
412 1111
412 1215
413 472
413 747
413 1046
414 309
414 338
414 589
414 825
415 72
415 106
415 238
415 499
415 700
415 743
415 795
415 852
416 61
416 133
416 251
416 289
416 319
416 475
416 757
416 808
416 985
416 1128
417 147
417 231
417 624
417 948
417 1007
418 621
418 637
418 750
418 822
418 885
418 930
418 1020
418 1123
418 1231
419 63
419 229
419 337
419 474
419 591
419 610
419 942
419 1041
420 214
420 260
420 525
420 554
420 878
420 1105
420 1202
420 1231
421 44
421 245
421 378
421 401
421 572
421 802
421 858
422 70
422 123
422 130
422 150
422 220
422 256
422 319
422 370
422 400
422 454
422 685
422 864
422 945
422 1070
422 1164
422 1240
423 354
423 397
423 826
423 966
423 1096
423 1175
423 1202
424 84
424 99
424 139
424 176
424 227
424 289
424 291
424 374
424 432
424 822
424 1203
425 215
425 356
425 904
425 1049
426 166
426 227
426 377
426 560
426 636
426 826
426 908
426 990
426 993
426 1071
426 1093
426 1200
427 273
427 568
427 636
427 690
427 733
427 784
427 790
427 901
427 987
428 75
428 91
428 374
428 621
428 856
428 998
428 1018
428 1179
428 1196
429 248
429 430
429 503
429 1214
430 85
430 195
430 232
430 315
430 389
430 421
430 457
430 634
430 645
430 950
430 1043
431 34
431 75
431 312
431 464
431 471
431 520
431 554
431 734
431 808
431 842
431 984
431 1062
431 1147
431 1158
432 79
432 116
432 117
432 490
432 646
432 879
432 1062
432 1105
432 1143
432 1151
433 45
433 55
433 259
433 676
433 761
433 939
433 1086
433 1114
433 1197
434 126
434 154
434 180
434 210
434 437
434 468
434 512
434 755
434 956
434 1007
435 96
435 161
435 218
435 224
435 415
435 478
435 602
435 695
435 720
435 776
435 955
435 1065
436 64
436 80
436 417
436 494
436 497
436 511
436 595
436 708
436 909
436 933
436 1002
436 1034
436 1225
437 57
437 92
437 146
437 539
437 561
437 758
437 804
437 1135
437 1198
437 1199
438 297
438 726
438 773
438 861
439 13
439 145
439 293
439 376
439 534
439 542
439 586
439 890
439 1187
440 27
440 104
440 195
440 556
440 574
440 954
440 1088
440 1157
440 1191
440 1209
441 423
441 574
441 583
441 701
441 862
441 1015
441 1207
442 260
442 850
442 891
442 986
442 998
442 1074
442 1171
442 1248
443 479
443 494
443 556
443 567
443 1203
444 172
444 337
444 900
444 956
444 1118
444 1200
445 36
445 112
445 148
445 178
445 186
445 435
445 486
445 679
445 750
445 761
445 877
445 880
445 884
445 1119
445 1178
446 13
446 99
446 609
446 769
446 1205
447 25
447 528
447 618
447 653
447 725
447 758
447 801
447 989
448 88
448 200
448 430
448 548
448 590
448 740
448 837
448 946
448 1127
448 1194
449 66
449 91
449 231
449 529
449 545
449 857
449 927
449 966
449 1142
450 976
450 1006
450 1036
450 1043
450 1102
451 178
451 285
451 358
451 477
451 504
451 585
451 804
451 943
451 1067
452 122
452 160
452 251
452 332
452 477
452 536
452 561
452 587
452 621
452 893
453 58
453 386
453 435
453 882
453 1010
453 1129
454 219
454 513
454 525
454 567
454 800
454 843
454 885
454 1001
455 639
455 643
455 668
455 881
455 1072
455 1189
456 2
456 298
456 450
456 511
456 555
456 732
457 80
457 463
457 733
457 963
457 1112
458 16
458 18
458 29
458 79
458 161
458 609
458 737
458 880
458 926
458 961
458 1075
458 1149
458 1219
459 23
459 28
459 447
459 607
459 644
459 653
459 778
459 1180
459 1247
460 1
460 61
460 171
460 382
460 507
460 929
460 1162
461 124
461 182
461 264
461 523
461 822
461 1009
461 1058
462 25
462 165
462 218
462 278
462 592
462 669
462 817
462 1019
462 1046
462 1194
463 53
463 162
463 685
463 892
463 951
463 1024
463 1178
464 25
464 621
464 628
464 880
464 921
464 985
464 991
464 1064
465 66
465 141
465 279
465 323
465 413
465 736
465 1047
465 1108
466 153
466 189
466 548
466 639
466 672
467 270
467 461
467 622
467 627
467 765
467 774
467 818
467 884
468 131
468 364
468 503
468 521
468 829
468 1010
469 150
469 406
469 476
469 576
469 593
469 632
469 792
469 989
469 1022
470 36
470 135
470 455
470 627
470 915
470 1206
471 87
471 718
471 745
471 790
471 853
472 338
472 416
472 466
472 480
472 863
472 1089
473 359
473 447
473 691
473 696
473 1189
474 140
474 751
474 787
474 902
474 928
474 1089
475 72
475 124
475 256
475 271
475 310
475 477
475 521
475 571
475 601
475 729
475 853
475 1110
475 1247
476 119
476 338
476 342
476 437
476 448
476 535
476 589
476 615
476 1045
476 1102
476 1165
477 113
477 153
477 189
477 209
477 227
477 558
477 597
477 942
477 1166
477 1231
478 284
478 371
478 520
478 667
478 887
478 1227
479 614
479 659
479 688
479 718
479 881
479 1020
479 1132
480 13
480 80
480 216
480 610
480 697
480 820
480 926
480 1086
480 1106
480 1179
481 9
481 112
481 214
481 260
481 385
481 396
481 679
481 769
481 790
481 814
481 878
481 887
481 938
481 977
481 987
481 1163
482 95
482 416
482 540
482 552
482 603
482 848
482 952
482 1108
482 1241
483 155
483 157
483 197
483 591
483 610
483 975
483 995
483 1078
483 1090
484 61
484 269
484 281
484 307
484 308
484 335
484 826
484 1165
484 1212
485 115
485 134
485 455
485 847
485 926
485 1115
486 24
486 173
486 292
486 825
486 900
486 911
486 948
486 990
486 1033
487 156
487 163
487 220
487 239
487 242
487 256
487 367
487 618
487 620
487 744
487 767
487 1086
487 1117
487 1159
487 1230
488 166
488 177
488 396
488 1043
488 1205
489 240
489 251
489 285
489 302
489 316
489 374
489 441
489 671
489 1043
489 1107
490 6
490 106
490 507
490 665
490 697
490 787
490 1104
491 249
491 273
491 408
491 479
491 521
491 672
491 1045
491 1230
492 257
492 317
492 802
492 859
492 887
492 909
492 969
493 74
493 237
493 323
493 401
493 558
493 720
494 85
494 318
494 878
495 113
495 511
495 556
495 734
495 1025
495 1110
495 1180
495 1213
496 113
496 147
496 281
496 316
496 788
496 999
496 1230
497 39
497 282
497 635
498 272
498 375
498 564
498 637
498 893
498 1000
498 1012
499 205
499 253
499 384
499 906
499 1066
500 150
500 459
500 496
500 684
500 760
500 840
500 845
500 1024
500 1058
500 1107
501 163
501 668
501 694
501 971
501 1031
501 1182
502 62
502 77
502 318
502 369
502 374
502 1077
503 145
503 434
503 522
503 597
503 756
503 852
503 1132
503 1208
503 1239
504 99
504 254
504 331
504 349
504 757
504 846
504 1013
505 174
505 293
505 346
505 677
505 764
505 1141
506 160
506 295
506 332
506 524
506 621
506 807
506 960
506 1174
507 45
507 58
507 60
507 208
507 331
507 535
507 562
507 611
507 631
507 889
507 929
507 1113
508 107
508 409
508 577
508 1042
508 1207
509 98
509 186
509 220
509 266
509 372
509 437
509 736
509 813
509 928
509 986
509 997
509 1029
510 96
510 168
510 213
510 301
510 408
510 442
510 898
510 1141
511 37
511 141
511 146
511 152
511 245
511 255
511 258
511 457
511 461
511 556
511 619
511 674
511 1096
511 1112
511 1187
512 113
512 122
512 133
512 333
512 452
512 590
512 607
512 777
512 814
512 1166
513 141
513 308
513 569
513 648
513 690
513 726
513 1110
513 1228
514 22
514 99
514 397
514 420
514 781
514 872
514 995
514 1162
515 115
515 235
515 271
515 485
515 751
515 811
515 826
515 916
515 1011
515 1064
516 16
516 341
516 446
516 498
516 530
516 704
516 777
516 967
516 1123
516 1172
517 38
517 181
517 438
517 465
517 756
517 796
517 831
517 921
517 1099
518 45
518 121
518 508
518 840
518 859
519 28
519 31
519 162
519 457
519 661
519 968
519 1045
519 1105
519 1133
519 1152
519 1163
520 123
520 292
520 466
520 604
520 632
520 703
520 784
520 798
521 92
521 346
521 575
521 579
521 646
521 752
521 877
521 1051
521 1190
522 9
522 91
522 195
522 422
522 663
522 1017
522 1066
522 1079
523 66
523 627
523 743
523 809
523 948
523 1129
523 1146
524 448
524 472
524 526
524 815
524 942
524 1062
525 22
525 272
525 485
525 515
525 543
525 949
525 1016
526 13
526 78
526 140
526 372
526 426
526 595
526 631
526 682
526 739
526 794
526 1092
526 1127
527 165
527 202
527 433
527 460
527 936
527 1211
528 17
528 176
528 418
528 618
528 681
528 757
528 845
529 32
529 183
529 403
529 556
529 642
529 898
529 1072
530 292
530 723
530 746
530 1053
531 104
531 243
531 282
531 442
531 1048
531 1055
532 39
532 147
532 327
532 361
532 515
532 541
532 625
532 702
532 888
532 967
532 1029
532 1163
532 1165
533 70
533 202
533 736
533 1179
534 278
534 528
534 601
534 616
534 684
534 1077
534 1160
534 1207
534 1218
535 150
535 214
535 527
535 588
535 735
535 800
535 995
536 433
536 512
536 892
536 1061
536 1091
536 1137
536 1216
537 66
537 74
537 233
537 323
537 504
537 687
537 968
538 313
538 841
538 1048
538 1089
539 203
539 577
539 627
539 680
539 725
539 902
540 360
540 569
540 602
540 912
540 977
540 1024
541 6
541 171
541 241
541 449
541 475
541 601
541 639
541 767
541 819
541 844
541 1115
541 1216
542 13
542 57
542 275
542 281
542 360
542 445
542 551
542 628
542 635
542 987
542 1012
542 1194
542 1211
543 5
543 114
543 206
543 447
543 499
543 587
543 620
543 686
543 787
543 918
543 1035
543 1121
544 450
544 478
544 599
544 955
544 1192
545 7
545 21
545 250
545 279
545 541
545 675
545 714
545 1167
545 1231
546 236
546 514
546 525
546 643
546 732
546 784
546 923
546 1077
546 1089
547 42
547 93
547 144
547 167
547 179
547 706
547 1229
548 22
548 85
548 344
548 521
548 537
548 556
548 783
548 926
548 1192
549 310
549 693
549 729
549 1057
549 1215
550 305
550 423
550 717
550 766
550 1223
551 496
551 847
551 885
551 1128
551 1204
551 1212
552 316
552 386
552 433
552 482
552 610
552 871
552 1047
552 1112
553 4
553 7
553 77
553 197
553 199
553 204
553 249
553 310
553 342
553 492
553 560
553 608
553 856
553 929
553 1040
553 1247
554 75
554 157
554 290
554 349
554 502
554 848
554 897
554 1148
555 142
555 389
555 836
556 157
556 243
556 802
556 1101
557 5
557 33
557 37
557 57
557 125
557 150
557 267
557 445
557 831
557 975
558 691
558 707
558 792
558 869
558 910
558 1007
558 1180
558 1204
558 1224
559 221
559 238
559 389
559 566
559 1112
559 1129
559 1170
560 3
560 4
560 37
561 16
561 130
561 345
561 399
561 454
561 462
561 1005
561 1150
562 136
562 312
562 389
562 499
562 1110
562 1119
563 22
563 69
563 820
563 850
563 1056
563 1182
563 1238
564 48
564 54
564 549
564 742
564 792
564 834
564 990
565 96
565 184
565 420
565 584
565 626
565 824
565 947
565 1040
566 127
566 278
566 404
566 581
566 738
566 792
567 155
567 163
567 279
567 408
567 766
567 820
567 932
568 75
568 408
568 1085
568 1166
569 53
569 439
569 458
569 731
569 774
569 1186
570 281
570 349
570 984
570 1088
570 1113
570 1202
571 314
571 413
571 489
571 859
572 72
572 351
572 527
572 658
572 798
572 924
572 1088
572 1106
573 42
573 547
573 676
573 972
573 999
573 1019
573 1230
574 48
574 583
574 719
574 791
574 935
574 970
574 1076
574 1215
575 222
575 403
575 633
575 708
575 945
575 986
575 1071
575 1097
576 14
576 124
576 349
576 867
576 880
576 894
576 1088
576 1206
577 37
577 50
577 293
577 316
577 406
577 454
577 827
577 1153
577 1187
578 191
578 404
578 449
578 525
578 529
578 616
578 720
578 914
578 1035
578 1091
578 1131
579 22
579 88
579 162
579 264
579 297
579 298
579 320
579 393
579 462
579 632
579 845
579 1024
579 1173
579 1179
580 40
580 109
580 116
580 262
580 365
580 449
580 469
580 916
580 1118
580 1196
580 1199
581 343
581 397
581 567
581 619
581 1029
581 1202
582 217
582 346
582 389
582 542
582 563
582 596
582 775
582 1042
582 1123
583 283
583 356
583 364
583 549
583 1209
583 1236
584 10
584 108
584 130
584 209
584 264
584 546
584 834
584 838
584 860
584 1186
585 93
585 140
585 188
585 666
585 719
585 787
585 836
585 1110
585 1151
585 1183
585 1189
585 1239
586 73
586 233
586 295
586 501
586 814
587 135
587 317
587 452
587 498
587 753
587 942
587 974
587 1055
587 1147
588 17
588 352
588 878
588 1150
589 148
589 186
589 350
589 454
590 81
590 202
590 468
590 504
590 587
590 599
590 844
590 863
590 923
590 935
591 242
591 325
591 422
591 680
591 971
591 1225
592 159
592 419
592 478
592 512
592 569
592 846
592 901
592 1109
593 1
593 181
593 270
593 360
593 450
593 566
593 944
593 988
593 1081
593 1118
593 1168
593 1246
594 167
594 189
594 583
594 633
594 646
594 689
594 705
594 856
595 231
595 276
595 452
595 1071
596 161
596 345
596 428
596 851
596 1091
597 74
597 122
597 133
597 292
597 414
597 465
597 646
597 829
597 944
597 976
598 185
598 474
598 545
598 617
598 710
598 767
598 1010
599 158
599 186
599 257
599 386
599 464
599 514
599 573
599 708
599 835
600 36
600 100
600 141
600 248
600 369
600 681
600 686
600 976
600 1166
601 179
601 233
601 405
601 495
601 562
601 802
601 1160
602 48
602 110
602 276
602 605
602 617
602 637
602 1020
602 1050
602 1138
602 1160
603 8
603 268
603 298
603 307
603 518
603 598
603 954
603 1215
604 94
604 345
604 365
604 396
604 858
604 925
605 184
605 345
605 421
605 479
605 693
605 878
605 937
605 988
605 1154
606 48
606 55
606 219
606 401
606 575
606 579
606 627
606 990
606 1053
606 1121
606 1247
607 38
607 665
607 725
607 869
607 934
607 1094
607 1102
608 18
608 825
608 884
608 1136
608 1154
609 117
609 136
609 230
609 427
609 541
609 690
609 844
609 1011
609 1202
610 650
610 761
610 810
610 982
610 1051
610 1095
610 1205
610 1211
610 1217
611 20
611 121
611 222
611 625
611 734
612 344
612 356
612 618
612 1192
613 130
613 305
613 364
613 438
613 944
613 1116
613 1156
614 171
614 361
614 572
614 926
614 971
614 1067
614 1086
614 1192
615 301
615 364
615 409
615 443
615 472
615 518
615 522
615 617
615 628
615 697
615 708
615 1138
616 69
616 142
616 158
616 240
617 217
617 276
617 340
617 537
617 561
617 727
617 762
617 963
617 1023
617 1086
618 245
618 560
618 609
618 708
618 858
619 343
619 456
619 754
619 841
619 846
619 1147
619 1193
620 72
620 850
620 922
620 924
620 1008
620 1032
620 1051
621 163
621 446
621 528
621 565
621 786
621 813
621 1059
621 1076
621 1181
622 122
622 129
622 374
622 741
623 153
623 765
623 894
623 928
623 1060
623 1141
624 543
624 712
625 41
625 78
625 259
625 340
625 715
625 774
625 827
625 997
626 49
626 126
626 222
626 232
626 248
626 252
626 555
626 583
626 640
626 818
626 929
626 1085
626 1137
627 60
627 499
627 530
627 688
627 721
627 1002
627 1077
627 1152
628 47
628 513
628 579
628 1059
629 119
629 128
629 264
629 548
629 707
629 876
629 929
629 1120
629 1212
630 121
630 158
630 176
630 840
630 989
630 1137
631 312
631 570
631 676
631 689
632 86
632 171
632 358
632 498
632 745
632 823
632 1084
633 43
633 116
633 153
633 211
633 630
633 783
633 1093
633 1159
634 452
634 490
634 881
634 940
634 1155
635 20
635 406
635 627
635 838
635 1057
635 1071
635 1224
636 159
636 171
636 186
636 212
636 722
636 754
636 1140
636 1199
637 66
637 218
637 791
637 808
637 900
637 1137
638 48
638 206
638 213
638 280
638 383
638 519
638 529
638 544
638 648
638 964
638 1041
639 218
639 292
639 432
639 590
640 66
640 212
640 224
640 365
640 371
640 510
640 819
640 961
640 1086
640 1162
640 1242
641 27
641 349
641 362
641 535
641 1138
642 181
642 188
642 221
642 262
642 296
642 739
642 766
642 772
642 820
642 824
642 937
642 943
642 1032
642 1085
642 1217
643 98
643 207
643 580
643 622
643 794
643 880
643 1218
644 187
644 568
644 730
644 987
644 1180
644 1184
645 84
645 120
645 700
645 943
645 1033
645 1138
645 1140
646 170
646 197
646 216
646 554
646 579
646 1045
646 1207
647 58
647 103
647 234
647 332
647 695
647 766
647 1009
647 1154
648 409
648 553
648 583
648 596
648 697
648 716
648 722
648 812
648 1155
649 61
649 294
649 629
649 746
649 826
649 949
649 1188
649 1245
650 90
650 113
650 254
650 315
650 365
650 729
650 896
650 1197
651 336
651 451
651 694
651 798
652 9
652 295
652 488
652 551
652 712
652 799
652 891
652 999
652 1000
653 142
653 212
653 265
653 464
653 574
653 711
653 792
653 888
653 940
653 1060
654 337
654 428
654 487
654 711
654 1183
655 364
655 489
655 527
655 536
655 652
655 947
655 1193
656 140
656 162
656 195
656 199
656 414
656 1068
657 263
657 564
657 726
657 900
658 546
659 33
659 38
659 72
659 160
659 174
659 288
659 313
659 315
659 347
659 441
659 446
659 762
659 792
659 1099
660 459
660 491
660 753
660 1002
660 1097
660 1116
660 1153
661 212
661 356
661 567
661 711
661 719
661 790
661 844
661 1112
662 44
662 52
662 76
662 391
662 409
662 422
662 423
662 465
662 547
662 995
662 1088
662 1101
662 1221
663 60
663 157
663 288
663 615
663 762
663 765
663 801
663 872
663 933
664 29
664 36
664 222
664 309
664 400
664 420
664 725
664 889
664 1016
664 1119
665 83
665 264
665 304
665 619
665 635
665 723
665 998
665 1008
665 1191
666 117
666 164
666 293
666 341
666 731
666 817
666 1078
667 46
667 57
667 187
667 200
667 228
667 523
667 558
667 764
667 765
667 1086
668 84
668 394
668 429
668 483
668 853
668 936
669 79
669 134
669 280
669 294
669 542
669 729
669 998
669 1122
669 1234
670 32
670 39
670 149
670 234
670 265
670 356
670 669
670 689
670 929
670 940
670 1033
670 1198
671 44
671 57
671 203
671 392
671 611
671 1052
672 168
672 190
672 300
672 421
672 499
672 747
672 864
672 1057
672 1136
673 4
673 340
673 584
673 588
673 715
673 1098
673 1120
674 21
674 47
674 696
674 701
674 713
674 797
674 991
674 994
674 1073
674 1125
675 190
675 344
675 621
675 778
675 964
675 1032
675 1239
676 166
676 573
676 697
677 230
677 246
677 512
677 641
677 919
677 1102
677 1176
678 153
678 259
678 454
678 492
678 511
678 922
678 983
678 1061
678 1072
679 175
679 226
679 280
679 435
679 742
679 777
679 902
679 1130
680 107
680 588
680 930
680 1110
681 29
681 203
681 369
681 388
681 577
681 594
681 614
681 633
681 762
681 780
681 807
681 885
681 887
681 1028
681 1108
682 5
682 178
682 193
682 451
682 476
682 498
682 515
682 581
682 726
682 730
682 995
682 1127
683 97
683 152
683 211
683 289
683 475
683 802
683 1175
683 1231
684 91
684 335
684 337
684 409
684 558
684 718
684 1070
684 1219
685 5
685 200
685 396
685 820
685 943
686 316
686 771
686 1075
686 1164
686 1188
687 76
687 173
687 292
687 349
687 363
687 717
687 1011
688 269
688 431
688 720
688 804
688 814
688 1075
689 289
689 427
689 478
689 734
690 4
690 243
690 473
690 639
690 661
690 679
690 683
690 1138
691 598
691 718
691 792
691 827
692 346
692 711
692 993
692 1208
693 66
693 264
693 525
693 728
693 766
694 124
694 166
694 192
694 219
694 335
694 429
694 478
694 482
694 846
694 857
694 985
694 1015
694 1069
695 198
695 247
695 263
695 501
695 624
695 714
695 900
695 1133
696 17
696 289
696 372
696 497
696 504
696 595
696 660
696 706
696 750
696 771
696 1010
696 1196
697 380
697 409
697 508
697 642
697 1235
698 38
698 51
698 139
698 149
698 597
698 822
698 1169
699 159
699 275
699 381
699 881
699 917
700 154
700 547
700 726
700 913
700 1090
701 128
701 891
701 1072
702 87
702 239
702 360
702 523
702 900
702 1149
702 1176
703 35
703 223
703 273
703 660
703 1163
703 1185
704 98
704 152
704 162
704 316
704 588
704 748
704 872
704 972
704 1170
704 1225
705 454
705 496
705 990
706 198
706 360
706 420
706 606
707 214
707 256
707 282
707 1021
707 1224
708 25
708 348
708 423
708 503
708 561
708 604
708 710
708 713
708 1228
709 282
709 315
709 382
709 494
709 572
709 634
709 696
709 878
710 42
710 69
710 184
710 199
710 420
710 489
710 828
710 997
711 288
711 431
711 459
711 570
711 713
711 731
711 840
711 1169
712 99
712 252
712 323
712 494
712 576
712 639
712 1174
712 1189
713 4
713 58
713 236
713 268
713 358
713 391
713 643
713 726
713 944
713 965
713 1234
714 86
714 236
714 239
714 926
714 937
714 1090
714 1163
715 604
715 632
715 733
716 240
716 584
716 658
716 745
716 753
716 910
716 1087
717 389
717 552
717 558
717 648
717 716
717 721
717 724
717 764
717 916
718 225
718 562
718 826
718 968
718 983
718 986
718 990
718 1030
718 1094
719 346
719 353
719 531
719 645
719 737
719 1225
720 34
720 174
720 218
720 325
720 500
720 511
720 724
720 788
720 952
720 997
720 1018
720 1073
720 1197
721 17
721 540
721 749
721 821
721 1001
721 1022
722 37
722 176
722 365
722 431
722 440
722 502
722 901
722 1093
723 159
723 212
723 1025
723 1136
724 190
724 211
724 506
724 793
724 844
724 907
724 937
724 1211
724 1235
725 30
725 83
725 122
725 292
725 348
725 355
725 687
725 1229
726 81
726 204
726 218
726 323
726 395
726 666
726 872
726 905
726 1177
727 86
727 87
727 375
727 711
727 714
727 749
727 912
727 1082
727 1118
727 1133
728 124
728 277
728 339
728 589
728 872
728 923
728 974
729 26
729 282
729 346
729 365
729 470
729 508
729 670
729 723
729 985
730 208
730 503
730 1116
730 1147
731 31
731 258
731 594
731 615
731 724
731 988
731 1064
731 1128
731 1184
731 1209
732 76
732 97
732 151
732 188
732 235
732 282
732 347
732 611
732 637
732 682
732 779
732 1023
732 1201
733 68
733 245
733 483
733 506
733 643
733 679
733 805
733 1053
733 1057
733 1188
734 2
734 560
734 871
735 10
735 15
735 88
735 351
735 561
735 757
735 779
735 836
735 904
735 924
735 957
735 1192
735 1208
735 1215
736 29
736 31
736 48
736 330
736 422
736 470
736 540
736 562
736 923
737 289
737 316
737 656
737 683
737 689
737 935
738 149
738 233
738 377
738 458
738 599
738 800
738 983
739 454
739 745
739 840
739 867
739 955
739 1191
740 5
740 163
740 346
740 855
740 899
740 967
740 987
740 1102
740 1130
740 1152
740 1178
741 180
741 233
741 419
741 619
741 744
741 866
741 939
741 972
741 1005
741 1009
741 1087
741 1132
742 30
742 390
742 569
742 657
742 777
742 789
742 941
742 976
742 1006
742 1117
742 1195
743 540
743 646
743 660
743 736
743 741
743 747
743 1152
744 60
744 242
744 400
744 494
744 505
744 556
744 631
744 786
744 1055
745 180
745 482
745 520
745 600
745 923
745 1165
745 1188
745 1249
746 165
746 423
746 522
746 559
746 1074
746 1169
747 276
747 422
747 583
747 739
747 946
747 1138
748 70
748 116
748 376
748 531
748 550
748 672
748 723
748 914
748 1079
749 128
749 295
749 339
749 490
749 598
749 622
749 937
749 1102
749 1245
750 14
750 102
750 303
750 407
750 444
750 589
750 638
750 1109
750 1193
751 30
751 168
751 647
751 720
751 786
751 935
751 1004
751 1087
752 142
752 210
752 276
752 475
752 554
752 703
752 744
752 982
752 1002
752 1037
753 600
753 720
753 1163
754 184
754 294
754 395
754 567
754 600
754 665
754 676
754 827
754 1212
755 56
755 94
755 109
755 185
755 189
755 314
755 437
755 456
755 468
755 743
755 760
755 1176
756 189
756 195
756 203
756 282
756 312
756 421
756 512
756 760
756 798
756 1090
756 1147
757 99
757 292
757 678
757 1155
758 130
758 371
758 543
758 547
758 666
758 672
758 684
758 686
758 836
758 949
758 1105
759 16
759 208
759 508
759 654
759 865
759 913
759 1232
760 230
760 260
760 286
760 696
760 744
760 877
760 897
760 968
760 1136
761 54
761 158
761 280
761 354
761 540
761 673
761 775
761 1024
761 1039
762 34
762 63
762 163
762 259
762 313
762 581
762 583
762 707
762 846
762 1099
763 191
763 259
763 541
763 574
763 699
763 897
763 940
763 1047
764 602
764 679
764 737
764 1002
764 1079
765 27
765 199
765 456
765 589
765 673
765 812
765 940
765 1159
765 1187
766 149
766 196
766 433
766 473
766 474
766 719
766 1142
767 169
767 343
767 431
767 553
767 622
767 656
767 928
767 1154
767 1180
768 14
768 427
768 471
768 529
768 828
768 836
768 903
768 1016
768 1025
769 32
769 38
769 55
769 371
769 605
769 1114
770 23
770 171
770 177
770 412
770 587
770 928
770 973
770 1003
770 1100
770 1191
771 609
771 780
771 792
771 1140
771 1195
772 31
772 38
772 375
772 482
772 552
772 766
772 1073
772 1172
773 113
773 226
773 343
773 393
773 502
773 642
773 795
773 1245
774 228
774 233
774 369
774 667
774 793
775 99
775 347
775 354
775 484
775 665
775 1221
776 209
776 647
776 779
776 852
777 10
777 127
777 154
777 173
777 345
777 425
777 702
777 707
777 791
777 872
778 57
778 415
778 427
778 518
778 829
778 986
778 1050
778 1131
778 1168
779 204
779 416
779 456
779 669
779 839
779 865
779 892
779 950
779 1085
779 1201
780 246
780 297
780 319
780 368
780 393
780 472
780 542
780 674
780 683
780 846
780 1093
780 1205
781 180
781 188
781 224
781 537
781 560
781 948
782 163
782 667
782 700
782 756
782 779
782 946
783 87
783 143
783 258
783 307
783 319
783 684
783 854
783 993
783 1008
784 65
784 126
784 269
784 324
784 347
784 551
784 629
784 749
784 774
784 892
784 1051
784 1052
785 63
785 720
785 820
785 852
785 924
785 1086
786 48
786 239
786 542
786 557
786 627
786 803
786 808
786 851
786 973
786 1246
787 21
787 58
787 310
787 319
787 382
787 527
787 753
787 808
787 869
787 1064
788 177
788 255
788 267
788 311
788 351
788 507
788 856
788 881
788 999
788 1097
788 1163
789 375
789 403
789 410
789 526
789 819
789 832
789 911
789 1102
789 1121
790 108
790 121
790 457
790 465
790 579
790 722
790 861
790 1043
791 59
791 94
791 166
791 611
791 634
791 905
791 1206
792 120
792 547
792 565
792 663
792 738
792 864
792 959
792 975
792 1218
793 24
793 222
793 619
793 737
793 879
794 80
794 157
794 502
794 519
794 796
794 859
794 1122
795 54
795 166
795 449
795 504
795 749
795 889
795 1044
795 1097
796 24
796 25
796 119
796 526
796 688
796 717
796 918
796 923
796 1244
797 54
797 240
797 866
797 1169
798 169
798 182
798 344
798 491
798 557
798 701
798 874
798 1246
799 172
799 178
799 289
799 307
799 465
799 573
799 594
799 656
799 661
799 984
800 265
800 383
800 1164
801 417
801 526
801 679
801 730
802 37
802 123
802 178
802 309
802 315
802 574
802 610
802 960
802 1012
802 1027
803 76
803 280
803 335
803 354
803 495
803 530
803 765
803 1120
804 327
804 412
804 426
804 625
804 768
804 1191
804 1210
805 402
805 447
805 541
805 781
805 1002
805 1142
805 1242
806 113
806 129
806 157
806 237
806 551
806 561
806 659
806 756
806 853
806 861
806 1000
807 34
807 148
807 438
807 456
807 1092
807 1097
807 1169
807 1214
808 61
808 167
808 409
808 648
808 900
808 929
808 1101
808 1197
809 254
809 399
809 405
809 451
809 473
809 627
809 646
809 808
809 876
809 911
810 182
810 276
810 373
810 586
810 787
810 976
810 1032
811 184
811 304
811 672
811 848
811 971
811 1032
811 1155
812 258
812 822
813 67
813 134
813 251
813 725
813 740
813 863
813 1241
814 213
814 354
814 367
814 398
814 641
814 669
814 888
814 1202
814 1249
815 325
815 327
815 360
815 1038
815 1091
815 1162
816 52
816 131
816 256
816 446
816 604
816 724
816 866
816 964
816 986
817 3
817 43
817 192
817 234
817 343
817 665
817 758
817 775
817 1239
818 186
818 684
818 904
818 1217
819 9
819 394
819 482
819 959
819 969
819 1122
819 1207
820 81
820 353
820 388
820 495
820 606
820 649
820 692
820 801
820 804
820 964
821 38
821 172
821 175
821 522
821 597
821 687
821 814
821 909
821 967
821 1244
822 299
822 651
822 696
822 855
822 915
822 938
822 1202
823 30
823 93
823 402
823 438
823 444
823 581
823 1044
823 1071
823 1121
824 37
824 51
824 448
824 584
824 611
824 622
824 648
824 837
824 961
824 977
824 1055
824 1227
825 50
825 86
825 91
825 173
825 476
825 609
825 615
825 744
825 781
825 997
826 80
826 98
826 463
826 1185
827 154
827 216
827 294
827 571
827 693
827 730
827 865
827 1187
828 58
828 385
828 626
828 642
828 648
828 761
828 796
828 925
829 54
829 94
829 226
829 338
829 357
829 358
829 379
829 510
829 568
829 662
829 918
829 1211
830 312
830 858
830 1031
830 1247
831 260
831 649
831 999
831 1082
831 1241
832 82
832 103
832 110
832 139
832 167
832 214
832 510
832 610
832 1178
832 1179
833 65
833 134
833 338
833 345
833 388
833 400
833 708
833 834
833 932
833 1131
834 141
834 249
834 268
834 386
834 421
834 472
834 774
834 947
834 1095
835 21
835 110
835 143
835 187
835 228
835 413
835 738
835 941
835 1062
835 1113
835 1141
835 1220
835 1230
836 211
836 330
836 337
836 575
836 675
836 745
836 1198
837 48
837 149
837 878
837 941
837 1023
838 351
838 430
838 604
838 834
838 1019
838 1067
838 1177
839 570
839 941
839 964
839 970
839 997
839 1017
839 1020
839 1099
839 1222
840 172
840 231
840 282
840 716
840 917
840 1169
841 67
841 167
841 299
841 314
841 594
841 599
841 746
841 973
841 1016
841 1024
841 1054
841 1073
841 1110
842 124
842 322
842 480
842 493
842 741
842 782
842 844
842 942
842 955
843 288
843 325
843 375
843 1033
843 1092
843 1206
844 1
844 254
844 266
844 306
844 357
844 383
844 430
844 595
844 836
844 871
844 898
844 1111
845 180
845 448
845 458
845 757
845 956
845 958
845 1195
846 6
846 116
846 272
846 432
846 500
846 511
846 688
846 754
846 763
846 826
846 933
846 1051
847 602
847 664
847 852
847 1076
848 134
848 425
848 713
848 780
848 842
848 890
848 1047
848 1176
848 1241
849 216
849 349
849 377
849 437
849 540
849 615
849 669
849 698
849 777
849 816
849 885
849 899
850 157
850 275
850 492
850 517
850 1003
850 1007
850 1233
851 28
851 57
851 125
851 192
851 220
851 692
852 323
852 468
852 531
852 749
852 787
852 953
852 1003
852 1216
853 262
853 293
853 343
853 390
853 416
853 729
853 816
853 819
853 912
853 947
853 978
853 1005
854 37
854 281
854 773
854 832
854 1171
854 1243
855 696
855 791
855 955
855 1178
855 1195
856 202
856 421
856 778
856 956
856 1228
857 129
857 517
857 529
857 554
857 684
857 743
857 758
857 848
857 877
857 944
857 1037
857 1096
857 1133
858 20
858 259
858 292
858 839
858 985
858 993
858 1032
859 178
859 324
859 330
859 346
859 403
859 792
859 793
859 883
859 904
859 1206
860 479
860 764
860 891
860 1050
860 1080
860 1245
861 94
861 628
861 771
861 863
861 925
861 1118
862 477
862 580
862 1100
862 1150
863 493
863 603
863 655
863 734
863 754
863 961
864 112
864 272
864 292
864 380
864 426
864 574
864 651
864 671
864 686
865 83
865 625
865 660
865 763
865 770
865 897
865 994
865 1006
865 1079
865 1181
865 1237
865 1240
866 461
866 1045
867 496
867 1035
867 1046
868 105
868 174
868 324
868 482
868 802
868 814
868 866
868 963
868 1213
869 75
869 418
869 594
869 663
869 714
869 768
869 777
869 781
869 820
869 898
869 1102
869 1242
870 379
870 400
870 752
870 874
870 933
870 1184
871 96
871 242
871 254
871 274
871 479
871 773
871 819
871 861
872 79
872 457
872 657
872 967
872 1056
872 1235
873 185
873 275
873 717
874 86
874 380
874 481
874 665
874 1177
874 1241
875 18
875 192
875 353
875 626
875 782
875 884
875 1019
876 13
876 257
876 289
876 493
876 629
876 759
876 892
877 19
877 31
877 86
877 94
877 237
877 360
877 390
877 402
877 424
877 485
877 525
877 610
877 644
877 773
877 932
877 1045
877 1067
877 1110
878 299
878 482
878 554
878 789
878 891
878 1240
878 1241
879 88
879 89
879 216
879 482
879 629
879 900
879 941
879 943
879 1112
880 2
880 214
880 306
880 315
880 456
880 467
880 700
880 888
880 911
880 1081
881 11
881 249
881 473
881 708
881 1130
881 1133
882 49
882 90
882 129
882 343
882 500
882 824
882 1207
883 104
883 168
883 427
883 625
883 677
883 735
883 934
883 1192
884 57
884 603
884 613
884 626
884 632
884 1120
884 1170
884 1243
885 84
885 231
885 269
885 412
885 438
885 468
885 495
885 653
885 944
885 977
885 1102
885 1113
885 1121
886 124
886 459
886 810
886 858
886 1085
886 1151
886 1239
887 52
887 77
887 289
887 293
887 521
887 892
887 959
887 1022
887 1123
888 122
888 123
888 267
888 525
888 539
888 791
889 170
889 363
889 457
889 513
889 628
889 1018
890 74
890 95
890 151
890 398
890 610
890 827
890 936
890 1017
890 1125
890 1161
890 1205
891 621
891 681
891 833
891 856
891 879
891 954
891 1238
891 1247
892 2
892 41
892 122
892 249
892 304
892 415
892 802
892 881
892 961
892 1190
893 104
893 164
893 229
893 383
893 735
893 756
893 900
893 1045
893 1196
894 503
894 699
894 803
894 804
894 943
894 945
895 116
895 156
895 191
895 464
895 467
895 488
895 877
895 930
895 945
895 960
895 978
895 1189
896 44
896 369
896 419
896 505
896 720
896 880
896 1088
896 1165
896 1201
897 12
897 22
897 92
897 351
897 360
897 410
897 1087
898 104
898 183
898 236
898 347
898 377
898 429
898 529
898 622
898 723
898 768
899 351
899 467
899 977
899 990
899 1027
900 115
900 485
900 865
900 876
900 947
901 151
901 332
901 434
901 463
901 547
901 773
901 932
901 1171
902 52
902 549
902 793
902 828
903 119
903 302
903 308
903 423
903 849
903 874
903 1123
903 1145
904 162
904 226
904 231
904 347
904 365
904 380
904 452
904 560
904 1026
905 20
905 48
905 193
905 223
905 278
905 517
905 593
905 821
905 864
905 878
905 882
905 922
905 1179
906 119
906 191
906 205
906 385
906 912
906 1035
906 1167
907 354
907 460
907 485
907 764
907 965
907 1008
907 1021
908 4
908 84
908 101
908 355
908 429
908 436
908 542
908 594
908 767
908 926
908 1084
908 1194
909 32
909 146
909 176
909 352
909 393
909 517
909 550
909 906
909 922
909 1137
909 1227
910 52
910 56
910 491
910 494
910 518
910 531
910 612
910 772
910 807
910 851
910 1215
910 1231
911 68
911 89
911 204
911 400
911 431
911 439
911 871
911 1019
911 1042
911 1218
912 211
912 287
912 569
912 845
912 1125
912 1217
913 194
913 277
913 323
913 618
913 812
913 1127
913 1187
914 305
914 313
914 356
914 458
914 531
914 596
914 705
914 773
915 205
915 446
915 500
915 546
915 834
915 912
915 962
915 1031
915 1147
916 116
916 239
916 285
916 287
916 466
916 581
916 724
916 865
916 1032
916 1143
917 71
917 341
917 360
917 610
917 841
917 951
917 1045
917 1169
918 23
918 105
918 177
918 282
918 317
918 772
918 802
918 830
918 855
918 883
919 266
919 545
919 684
919 756
919 949
919 1084
919 1188
920 148
920 205
920 296
920 575
920 724
920 913
920 1064
920 1079
921 135
921 723
921 820
921 1043
921 1068
921 1198
921 1232
922 6
922 58
922 237
922 833
922 1101
923 266
923 316
923 418
923 632
923 637
923 639
923 1006
923 1049
923 1059
923 1110
924 231
924 244
924 282
924 417
924 595
924 740
924 763
924 772
924 887
924 1200
924 1238
924 1243
925 156
925 429
925 706
925 745
925 762
925 843
925 1002
925 1249
926 190
926 303
926 557
926 629
926 636
926 737
926 770
926 785
926 1108
926 1159
927 293
927 427
927 442
927 529
927 627
927 707
927 709
927 1103
927 1160
928 16
928 295
928 414
928 858
928 1018
928 1054
928 1088
929 11
929 65
929 117
929 122
929 300
929 326
929 333
929 336
929 589
929 845
929 868
929 1162
930 164
930 589
930 767
930 955
930 1048
931 120
931 170
931 255
931 320
931 549
932 178
932 397
932 416
932 449
932 453
932 753
932 769
932 788
932 935
932 1133
933 187
933 216
933 468
933 606
933 1105
933 1186
934 32
934 317
934 522
934 615
934 828
934 988
934 1109
934 1204
935 255
935 463
935 702
935 956
935 1070
935 1224
936 311
936 540
936 554
936 578
936 582
936 693
936 760
936 948
936 1100
936 1147
936 1207
937 186
937 560
937 963
937 1232
938 34
938 208
938 298
938 481
938 679
938 756
938 831
938 935
938 977
938 1047
938 1224
939 169
939 285
939 517
939 889
939 929
939 1072
939 1199
940 8
940 82
940 450
940 669
940 685
940 985
940 999
940 1014
940 1106
940 1167
941 200
941 212
941 336
941 447
941 520
941 541
941 950
941 1106
941 1160
942 525
942 639
942 848
942 1055
942 1136
943 261
943 398
943 783
943 1097
943 1108
944 222
944 531
944 845
944 853
945 340
945 1086
945 1144
945 1146
946 126
946 322
946 451
946 474
946 569
946 771
946 805
946 1187
947 406
947 683
947 693
947 846
947 1052
948 101
948 150
948 384
948 503
948 720
948 750
948 829
948 1048
949 139
949 292
949 341
949 507
949 578
949 636
949 666
949 705
949 725
949 789
949 950
949 1064
949 1186
949 1233
950 126
950 205
950 242
950 802
950 1003
950 1068
951 90
951 105
951 160
951 749
951 917
951 1197
951 1214
952 254
952 388
952 636
952 728
952 835
952 917
952 1244
953 263
953 333
953 539
953 1111
954 300
954 568
954 745
954 784
954 802
954 944
954 1102
954 1187
954 1203
955 8
955 165
955 220
955 565
955 845
955 1050
955 1075
956 12
956 168
956 286
956 367
956 506
956 536
956 574
956 737
956 1227
957 320
957 326
957 346
957 611
957 985
957 1028
958 186
958 402
958 734
958 773
958 775
958 781
958 871
958 946
959 39
959 514
959 709
959 825
959 826
959 1032
959 1081
959 1250
960 31
960 46
960 125
960 142
960 339
960 348
960 512
960 583
960 610
960 802
960 964
960 1047
961 48
961 72
961 224
961 776
961 980
961 1041
961 1181
962 39
962 774
962 841
962 959
962 1016
962 1185
963 286
963 450
963 624
963 663
963 817
963 900
963 1051
964 18
964 107
964 194
964 232
964 269
964 461
964 489
964 619
964 811
964 998
965 226
965 374
965 535
965 670
965 840
965 1019
965 1150
965 1249
966 118
966 362
966 363
966 599
966 684
966 829
966 972
966 1054
967 40
967 305
967 623
967 799
967 802
967 907
967 1046
967 1084
967 1190
968 39
968 191
968 282
968 284
968 298
968 338
968 498
968 584
968 601
968 782
968 853
968 1085
968 1091
968 1196
969 261
969 312
969 332
969 394
969 694
969 813
969 860
969 1051
969 1072
969 1078
970 92
970 238
970 408
970 480
970 576
970 590
970 610
970 618
970 669
970 825
970 962
970 1129
971 13
971 195
971 216
971 303
971 555
971 584
971 626
971 698
971 718
971 725
971 759
971 811
971 822
971 1047
971 1054
972 1
972 27
972 172
972 296
972 386
972 519
972 584
972 803
973 195
973 444
973 517
973 596
973 627
973 742
973 755
973 1195
974 128
974 421
974 434
974 468
974 781
974 790
974 957
974 1036
974 1142
974 1163
975 211
975 347
975 366
975 818
975 820
975 825
975 917
975 947
975 1198
975 1231
976 37
976 409
976 452
976 683
976 859
976 1124
976 1196
977 142
977 177
977 290
977 470
977 1107
978 69
978 557
979 101
979 302
979 357
979 398
979 423
979 675
979 741
980 31
980 382
980 495
980 695
980 783
980 799
980 900
980 913
980 961
980 1005
981 224
981 471
981 583
981 623
981 1023
981 1193
982 72
982 127
982 290
982 318
982 389
982 403
982 502
982 544
982 641
982 647
982 1154
983 1
983 148
983 196
983 496
983 651
983 709
983 728
983 803
983 932
983 1055
984 146
984 275
984 530
984 601
984 617
984 921
984 938
984 1061
984 1182
985 34
985 139
985 182
985 505
985 528
985 1074
986 239
986 305
986 523
986 602
986 767
986 1041
986 1052
987 94
987 135
987 240
987 260
987 442
987 473
987 946
988 48
988 123
988 533
988 896
988 1049
989 38
989 110
989 133
989 420
989 430
989 1177
989 1192
989 1229
990 16
990 67
990 341
990 360
990 402
990 534
990 665
990 697
990 852
990 853
990 1220
991 292
991 473
991 943
991 951
991 975
992 25
992 147
992 198
992 634
992 822
992 890
992 1120
993 339
993 521
993 565
993 711
993 1099
993 1114
993 1249
994 243
994 428
994 822
994 838
995 35
995 153
995 276
995 499
995 916
995 1051
995 1106
995 1151
996 156
996 318
996 339
996 345
996 831
996 930
996 1158
996 1225
997 77
997 375
997 415
997 796
997 855
997 858
997 887
998 272
998 485
998 790
998 889
998 1133
998 1179
999 156
999 408
999 538
999 652
999 763
999 923
999 950
999 955
999 1038
999 1045
999 1102
1000 55
1000 598
1000 632
1000 853
1000 875
1000 1015
1001 498
1001 628
1001 700
1001 1091
1002 14
1002 69
1002 464
1002 568
1002 728
1002 751
1002 1001
1002 1115
1003 409
1003 426
1003 511
1003 524
1003 565
1003 667
1003 783
1003 815
1003 880
1003 1034
1004 121
1004 143
1004 182
1004 209
1004 259
1004 330
1004 440
1004 464
1004 638
1004 761
1004 864
1004 1048
1005 78
1005 385
1005 488
1005 490
1005 564
1005 682
1005 983
1005 1049
1005 1064
1006 14
1006 519
1006 736
1006 949
1007 127
1007 526
1007 568
1007 1192
1008 272
1008 321
1008 387
1008 505
1008 588
1008 745
1008 1207
1008 1231
1009 190
1009 299
1009 549
1009 578
1009 639
1009 729
1009 816
1009 1177
1009 1215
1009 1243
1010 185
1010 246
1010 290
1010 299
1010 307
1010 470
1010 587
1010 907
1010 927
1010 968
1010 1109
1010 1136
1011 40
1011 529
1011 675
1011 764
1011 968
1011 1010
1011 1212
1012 238
1012 564
1012 1024
1013 93
1013 195
1013 281
1013 291
1013 1000
1013 1140
1013 1200
1013 1249
1014 161
1014 644
1014 683
1014 1111
1014 1146
1014 1198
1014 1238
1015 85
1015 112
1015 483
1015 495
1015 505
1015 587
1015 607
1015 650
1015 760
1015 975
1015 1025
1015 1040
1016 15
1016 138
1016 199
1016 373
1016 485
1016 495
1016 631
1016 1088
1017 70
1017 138
1017 282
1017 821
1017 822
1017 968
1017 1109
1018 21
1018 305
1018 538
1018 896
1018 1234
1019 51
1019 94
1019 249
1019 496
1019 801
1019 856
1019 965
1019 983
1019 1032
1020 72
1020 272
1020 439
1020 495
1020 579
1020 695
1020 814
1020 909
1020 1103
1020 1116
1020 1138
1021 29
1021 247
1021 340
1021 359
1021 381
1021 588
1021 704
1021 1090
1021 1174
1022 177
1022 261
1022 440
1022 586
1022 976
1022 1017
1023 212
1023 549
1023 575
1023 678
1023 712
1023 960
1023 1113
1023 1216
1024 104
1024 152
1024 779
1024 799
1024 817
1024 846
1024 934
1024 994
1024 1020
1024 1029
1024 1053
1024 1189
1025 21
1025 25
1025 173
1025 354
1025 422
1025 786
1025 893
1025 1096
1025 1111
1026 213
1026 240
1026 305
1026 547
1026 601
1026 928
1026 965
1026 1099
1026 1205
1027 320
1027 433
1027 530
1027 802
1027 908
1027 931
1027 1030
1028 183
1028 217
1028 392
1028 438
1028 496
1028 507
1028 606
1028 854
1028 1080
1028 1131
1029 8
1029 54
1029 168
1029 326
1029 342
1029 365
1029 465
1029 763
1029 1014
1029 1071
1029 1212
1029 1236
1030 599
1030 875
1030 954
1031 653
1031 1001
1031 1130
1031 1200
1032 224
1032 302
1032 496
1032 566
1032 849
1032 1100
1032 1139
1033 104
1033 229
1033 443
1033 491
1033 649
1033 685
1033 791
1033 1153
1034 62
1034 72
1034 161
1034 804
1034 894
1034 896
1034 1042
1034 1062
1034 1083
1034 1239
1034 1249
1035 296
1035 363
1035 536
1035 594
1035 926
1035 1043
1035 1225
1036 47
1036 139
1036 293
1036 339
1036 363
1036 498
1036 938
1036 1097
1037 43
1037 146
1037 158
1037 333
1037 408
1037 529
1037 537
1037 564
1037 689
1037 752
1037 841
1037 919
1038 92
1038 224
1038 396
1038 450
1038 538
1038 665
1038 731
1038 737
1038 1106
1038 1158
1039 114
1039 268
1039 400
1039 412
1039 695
1039 1034
1040 463
1040 522
1040 820
1040 1154
1041 249
1041 344
1041 390
1041 400
1041 661
1041 757
1041 1162
1042 12
1042 624
1042 1125
1043 19
1043 81
1043 472
1043 604
1043 635
1043 646
1043 936
1043 1161
1044 235
1044 261
1044 726
1044 914
1044 969
1045 105
1045 201
1045 266
1045 281
1045 360
1045 800
1045 1042
1045 1046
1045 1132
1045 1148
1045 1217
1046 22
1046 47
1046 267
1046 342
1046 559
1046 699
1046 891
1046 1038
1047 207
1047 249
1047 315
1047 528
1047 962
1048 154
1048 401
1048 610
1048 706
1048 884
1048 995
1048 1196
1049 124
1049 333
1049 452
1049 483
1049 489
1049 541
1049 988
1049 1212
1050 132
1050 300
1050 373
1050 524
1050 584
1050 617
1050 888
1050 1047
1050 1203
1051 97
1051 300
1051 301
1051 438
1051 532
1051 617
1051 665
1051 748
1051 753
1052 44
1052 155
1052 594
1052 846
1052 982
1052 983
1053 110
1053 132
1053 663
1053 915
1053 967
1053 1171
1054 13
1054 26
1054 122
1054 446
1054 481
1054 667
1054 683
1054 787
1054 792
1054 944
1054 1020
1054 1112
1055 198
1055 255
1055 389
1055 575
1055 604
1055 680
1055 790
1055 863
1055 867
1055 995
1056 551
1056 608
1056 613
1056 641
1057 55
1057 149
1057 356
1057 383
1057 622
1057 823
1057 946
1057 1096
1058 295
1058 349
1058 420
1058 701
1058 711
1058 794
1058 1027
1058 1115
1059 24
1059 335
1059 360
1059 685
1059 686
1060 182
1060 236
1060 258
1060 562
1060 667
1060 693
1060 809
1060 1098
1060 1248
1061 217
1061 222
1061 496
1061 878
1061 993
1061 1002
1061 1036
1062 67
1062 386
1062 395
1062 767
1062 862
1062 1193
1063 79
1063 570
1064 802
1064 1057
1065 41
1065 679
1065 752
1066 151
1066 275
1066 357
1066 565
1067 132
1067 592
1067 626
1067 668
1067 697
1067 704
1067 741
1067 858
1067 1231
1068 70
1068 236
1068 321
1068 447
1068 553
1068 629
1068 739
1068 912
1068 969
1068 1011
1068 1115
1069 61
1069 63
1069 238
1069 507
1069 1097
1069 1130
1070 237
1070 283
1070 293
1070 862
1070 986
1070 1186
1070 1203
1071 31
1071 496
1071 589
1071 639
1071 786
1071 1204
1072 121
1072 129
1072 256
1072 728
1072 756
1072 938
1072 1111
1073 283
1073 299
1073 318
1073 327
1073 645
1073 887
1073 1004
1073 1019
1073 1034
1073 1092
1074 179
1074 195
1074 204
1074 526
1074 613
1074 822
1075 7
1075 12
1075 137
1075 497
1075 549
1075 664
1075 676
1075 679
1075 709
1075 752
1075 757
1075 765
1075 931
1075 1146
1076 580
1076 582
1076 801
1076 1019
1077 23
1077 50
1077 88
1077 119
1077 169
1077 261
1077 581
1077 642
1077 689
1077 831
1077 1191
1077 1205
1078 163
1078 219
1078 249
1078 362
1078 411
1078 497
1078 564
1078 880
1078 979
1078 1006
1079 40
1079 111
1079 193
1079 726
1079 784
1079 1057
1079 1149
1080 252
1080 286
1080 592
1080 833
1080 951
1080 972
1080 1016
1081 88
1081 346
1081 357
1081 631
1081 810
1081 813
1081 906
1081 1120
1082 215
1082 224
1082 360
1082 396
1082 398
1082 587
1082 597
1082 947
1082 1246
1083 174
1083 364
1083 498
1083 591
1083 623
1083 650
1083 708
1083 764
1083 819
1083 976
1083 1073
1083 1088
1084 227
1084 260
1084 447
1084 550
1084 568
1084 747
1084 815
1084 822
1084 871
1084 951
1084 1165
1085 186
1085 199
1085 445
1085 602
1085 715
1085 887
1085 924
1085 990
1085 1134
1085 1162
1086 229
1086 437
1086 619
1086 704
1086 721
1086 834
1086 1112
1086 1140
1086 1204
1087 87
1087 178
1087 211
1087 230
1087 506
1087 553
1087 619
1087 670
1087 735
1087 1039
1087 1104
1087 1163
1088 3
1088 87
1088 127
1088 130
1088 228
1088 576
1088 786
1088 881
1088 1192
1089 404
1089 418
1089 601
1089 603
1089 669
1089 731
1089 793
1089 895
1089 925
1090 476
1090 595
1090 757
1090 945
1091 123
1091 193
1091 629
1091 762
1091 907
1091 1032
1091 1047
1091 1236
1092 92
1092 332
1092 453
1092 605
1092 1084
1092 1105
1092 1182
1093 188
1093 765
1093 956
1093 983
1093 984
1094 232
1094 300
1094 314
1094 688
1094 968
1094 997
1094 1217
1094 1221
1095 49
1095 410
1095 461
1095 576
1095 712
1095 820
1095 827
1095 886
1095 971
1095 1011
1095 1218
1096 137
1096 159
1096 181
1096 424
1096 427
1096 1043
1096 1219
1097 64
1097 127
1097 167
1097 177
1097 240
1097 559
1097 623
1097 627
1097 733
1097 860
1097 1025
1098 198
1098 503
1098 697
1098 740
1098 770
1098 781
1098 848
1098 906
1098 937
1098 949
1098 1108
1099 118
1099 472
1099 587
1099 654
1099 747
1099 786
1099 971
1099 1042
1099 1179
1099 1233
1100 214
1100 424
1100 441
1100 538
1100 579
1100 645
1100 670
1100 724
1100 744
1100 794
1100 806
1100 846
1100 952
1101 109
1101 123
1101 328
1101 350
1101 598
1101 979
1101 1174
1102 41
1102 152
1102 464
1102 738
1102 826
1102 896
1102 975
1102 1012
1102 1195
1103 44
1103 98
1103 110
1103 161
1103 323
1103 372
1103 432
1103 745
1103 880
1103 897
1103 1029
1103 1036
1103 1152
1104 157
1104 163
1104 446
1104 448
1104 495
1104 797
1104 800
1104 1091
1104 1111
1104 1125
1105 31
1105 719
1105 874
1105 905
1105 936
1105 962
1105 1101
1106 15
1106 163
1106 499
1106 631
1106 679
1106 930
1106 1033
1106 1116
1107 61
1107 100
1107 259
1107 357
1107 579
1107 874
1107 1015
1107 1146
1108 93
1108 122
1108 158
1108 780
1108 859
1108 1013
1108 1061
1108 1129
1109 92
1109 112
1109 481
1109 546
1109 595
1109 637
1109 741
1109 942
1109 1041
1110 266
1110 395
1110 434
1110 670
1110 800
1110 1161
1111 46
1111 201
1111 216
1111 648
1111 786
1111 1053
1111 1125
1111 1131
1112 61
1112 272
1112 386
1112 421
1112 510
1112 666
1112 752
1112 806
1112 811
1113 48
1113 133
1113 175
1114 138
1114 242
1114 388
1114 476
1114 528
1114 630
1114 998
1114 1043
1114 1234
1115 230
1115 323
1115 325
1115 357
1115 406
1115 432
1115 1198
1115 1243
1116 90
1116 358
1116 457
1116 644
1116 787
1117 458
1117 896
1117 1039
1117 1209
1118 59
1118 290
1118 351
1118 442
1118 620
1118 697
1118 775
1118 905
1118 1202
1119 276
1119 413
1119 581
1119 959
1119 1126
1120 159
1120 388
1120 464
1120 596
1120 673
1120 762
1120 804
1120 809
1120 825
1120 839
1120 853
1120 1200
1120 1238
1121 16
1121 130
1121 221
1121 1079
1122 35
1122 100
1122 275
1122 303
1122 326
1122 430
1122 721
1122 845
1122 900
1122 960
1122 987
1122 1067
1122 1163
1123 115
1123 476
1123 686
1123 727
1123 741
1123 837
1123 974
1123 1009
1123 1069
1123 1097
1123 1099
1124 19
1124 91
1124 223
1124 376
1124 1143
1124 1188
1124 1213
1125 574
1125 664
1125 769
1125 1021
1125 1087
1126 36
1126 71
1126 368
1126 387
1126 540
1126 670
1126 766
1126 967
1127 151
1127 291
1127 292
1127 335
1127 349
1127 582
1127 592
1127 651
1127 675
1127 1236
1128 2
1128 36
1128 79
1128 191
1128 394
1128 487
1128 665
1128 1048
1129 122
1129 185
1129 375
1129 712
1129 783
1129 790
1129 816
1129 967
1129 973
1129 1112
1129 1181
1130 23
1130 135
1130 275
1130 316
1130 588
1130 910
1130 963
1130 1079
1131 168
1131 272
1131 322
1131 813
1131 1118
1131 1166
1132 334
1132 515
1132 663
1132 844
1132 1020
1132 1155
1132 1159
1133 310
1133 602
1133 1026
1133 1035
1133 1098
1133 1137
1134 24
1134 247
1134 367
1134 943
1134 1135
1134 1138
1134 1167
1135 217
1135 330
1135 344
1135 352
1135 365
1135 423
1135 556
1135 636
1135 1111
1135 1191
1136 61
1136 180
1136 200
1136 398
1136 614
1136 1158
1136 1185
1137 233
1137 467
1137 533
1137 943
1137 963
1138 343
1138 345
1138 547
1138 573
1138 586
1138 662
1138 707
1138 807
1138 826
1139 57
1139 655
1139 690
1139 934
1139 989
1140 55
1140 221
1140 290
1140 324
1140 668
1141 20
1141 48
1141 51
1141 318
1141 380
1141 549
1141 664
1141 724
1141 742
1141 848
1141 853
1141 977
1141 1090
1141 1185
1142 94
1142 347
1142 544
1142 654
1142 808
1142 813
1142 909
1142 1105
1142 1130
1143 251
1143 365
1143 644
1144 148
1144 315
1144 654
1144 723
1144 829
1144 1088
1144 1149
1144 1150
1145 20
1145 29
1145 225
1145 364
1145 488
1145 667
1145 711
1145 917
1145 980
1145 1105
1145 1147
1146 134
1146 697
1146 730
1146 751
1146 1029
1146 1132
1147 205
1147 223
1147 350
1147 356
1147 409
1147 531
1147 800
1147 1025
1147 1034
1147 1220
1148 150
1148 397
1148 415
1148 573
1148 589
1148 678
1148 741
1148 774
1149 247
1149 291
1149 585
1149 720
1149 728
1149 847
1149 981
1149 1133
1149 1203
1150 201
1150 396
1150 425
1150 503
1150 688
1150 1026
1150 1082
1150 1137
1150 1146
1151 81
1151 166
1151 281
1151 525
1151 566
1151 828
1151 882
1151 984
1151 1163
1151 1203
1151 1221
1152 70
1152 218
1152 243
1152 300
1152 427
1152 510
1152 518
1152 570
1152 657
1152 894
1153 87
1153 651
1153 1243
1153 1245
1154 12
1154 44
1154 92
1154 153
1154 384
1154 826
1154 833
1154 857
1154 874
1154 924
1155 14
1155 84
1155 150
1155 215
1155 341
1155 430
1155 470
1155 636
1155 956
1155 1099
1155 1238
1155 1250
1156 52
1156 156
1156 179
1156 303
1156 319
1156 550
1156 557
1156 745
1156 846
1157 4
1157 268
1157 392
1157 574
1157 628
1157 737
1157 813
1157 1028
1158 83
1158 366
1158 372
1158 538
1158 878
1158 930
1159 72
1159 175
1159 484
1159 662
1159 883
1159 963
1160 33
1160 244
1160 353
1160 485
1160 717
1160 859
1160 973
1160 1030
1160 1216
1161 75
1161 89
1161 130
1161 178
1161 206
1161 237
1161 419
1161 440
1161 570
1161 589
1161 712
1161 760
1161 854
1161 946
1162 100
1162 143
1162 164
1162 271
1162 425
1162 652
1162 784
1162 813
1162 896
1162 927
1162 983
1162 1091
1163 51
1163 223
1163 242
1163 243
1163 578
1163 660
1163 669
1163 674
1163 799
1163 808
1163 881
1163 1033
1163 1130
1163 1146
1163 1223
1164 65
1164 644
1164 727
1164 832
1164 923
1164 951
1164 1182
1165 88
1165 259
1165 274
1165 555
1165 815
1165 986
1166 141
1166 300
1166 423
1166 568
1166 715
1166 775
1166 839
1166 1072
1166 1142
1166 1219
1167 64
1167 215
1167 353
1167 374
1167 383
1167 497
1167 712
1167 731
1167 1052
1168 113
1168 638
1168 716
1168 838
1168 872
1168 920
1169 103
1169 157
1169 231
1169 593
1169 764
1169 845
1169 890
1169 1062
1169 1248
1170 74
1170 126
1170 378
1170 682
1170 920
1170 965
1170 1053
1170 1079
1171 432
1171 818
1171 833
1171 841
1172 87
1172 102
1172 189
1172 196
1172 372
1172 737
1172 876
1172 977
1172 1088
1173 24
1173 298
1173 457
1173 798
1173 935
1174 219
1174 592
1174 634
1174 844
1174 923
1175 15
1175 29
1175 120
1175 341
1175 493
1175 552
1175 792
1175 1066
1176 103
1176 150
1176 269
1176 346
1176 556
1176 630
1176 649
1176 812
1176 821
1176 861
1176 923
1176 1100
1176 1118
1177 248
1177 601
1178 18
1178 22
1178 537
1178 580
1178 750
1178 849
1178 871
1178 882
1178 1036
1179 78
1179 165
1179 252
1179 736
1179 772
1180 69
1180 117
1180 161
1180 283
1180 1033
1180 1112
1181 62
1181 66
1181 225
1181 422
1181 467
1181 956
1181 1174
1182 183
1182 186
1182 203
1182 413
1182 418
1182 915
1182 971
1182 1001
1182 1125
1182 1169
1183 208
1183 299
1183 583
1183 684
1183 804
1183 1004
1183 1068
1184 362
1184 500
1184 863
1184 952
1184 1003
1184 1016
1184 1066
1184 1071
1184 1119
1184 1139
1184 1145
1185 409
1185 651
1185 917
1185 1009
1186 415
1186 488
1186 705
1186 770
1186 795
1186 945
1186 975
1187 144
1187 221
1187 341
1187 397
1187 446
1187 465
1187 535
1187 597
1187 827
1187 897
1187 899
1188 6
1188 171
1188 209
1188 714
1188 916
1188 995
1188 1219
1189 120
1189 501
1189 507
1189 528
1189 984
1189 1229
1189 1250
1190 197
1190 514
1190 577
1190 767
1190 768
1190 891
1190 906
1190 961
1191 186
1191 190
1191 255
1191 473
1191 587
1191 681
1191 767
1192 15
1192 17
1192 163
1192 228
1192 896
1192 901
1192 907
1192 999
1192 1054
1193 69
1193 81
1193 178
1193 293
1193 364
1193 410
1193 651
1193 673
1193 701
1193 846
1193 928
1193 1092
1193 1096
1193 1140
1194 172
1194 272
1194 313
1194 394
1194 615
1194 620
1194 681
1194 694
1194 890
1194 898
1194 944
1194 958
1194 1141
1195 84
1195 96
1195 143
1195 153
1195 332
1195 353
1195 496
1195 541
1195 598
1195 646
1195 773
1195 902
1195 980
1195 1126
1195 1185
1195 1198
1196 279
1196 391
1196 395
1196 587
1196 639
1196 702
1196 802
1196 879
1196 1022
1196 1064
1196 1172
1197 401
1197 542
1197 778
1197 880
1197 995
1197 1141
1198 2
1198 23
1198 623
1198 651
1198 871
1198 939
1198 953
1198 1022
1198 1120
1199 131
1199 159
1199 246
1199 839
1199 964
1199 988
1199 1012
1200 68
1200 148
1200 822
1200 1042
1200 1044
1201 153
1201 218
1201 351
1201 418
1201 888
1201 991
1201 1114
1201 1190
1202 26
1202 177
1202 306
1202 622
1202 1000
1202 1013
1202 1123
1203 127
1203 200
1203 212
1203 224
1203 324
1203 427
1203 742
1203 1025
1203 1136
1203 1139
1203 1204
1204 392
1204 567
1204 575
1204 619
1204 644
1204 742
1204 816
1204 864
1204 902
1204 1163
1205 23
1205 112
1205 348
1205 374
1205 465
1205 577
1205 704
1205 772
1205 780
1205 1089
1206 135
1206 172
1206 180
1206 300
1206 466
1206 517
1206 557
1206 643
1206 649
1206 818
1206 846
1206 929
1206 1039
1206 1203
1207 51
1207 160
1207 174
1207 566
1207 880
1207 1014
1207 1052
1207 1239
1208 5
1208 23
1208 269
1208 511
1208 718
1208 745
1208 955
1208 1014
1208 1084
1208 1085
1209 27
1209 211
1209 326
1209 734
1209 800
1209 949
1209 1027
1209 1124
1210 266
1210 420
1210 492
1210 538
1210 638
1210 692
1210 772
1210 990
1210 1084
1211 24
1211 67
1211 75
1211 218
1211 297
1211 353
1211 513
1211 643
1211 785
1211 945
1212 305
1212 530
1212 1127
1213 6
1213 30
1213 39
1213 175
1213 244
1213 672
1213 731
1213 1083
1213 1173
1213 1225
1214 251
1214 621
1214 648
1214 675
1214 766
1215 74
1215 120
1215 279
1215 334
1215 354
1215 640
1216 447
1216 452
1216 460
1216 481
1216 530
1216 592
1216 632
1216 692
1217 59
1217 94
1217 458
1217 515
1217 609
1217 885
1217 911
1217 1093
1217 1121
1217 1154
1218 53
1218 56
1218 113
1218 803
1218 1068
1218 1148
1218 1176
1219 419
1219 503
1219 614
1219 641
1219 697
1219 813
1219 943
1219 972
1220 28
1220 315
1220 355
1220 614
1220 749
1220 852
1220 940
1220 969
1221 218
1221 276
1221 682
1221 685
1221 718
1221 895
1221 927
1221 956
1222 40
1222 413
1222 685
1222 711
1222 924
1222 1155
1223 39
1223 499
1223 690
1223 783
1223 799
1223 963
1224 429
1224 447
1224 464
1224 511
1224 538
1224 790
1224 819
1225 41
1225 115
1225 176
1225 301
1225 411
1225 522
1225 614
1225 674
1225 1016
1225 1156
1226 216
1226 262
1226 396
1226 635
1226 890
1226 903
1226 924
1226 992
1226 1155
1226 1238
1227 151
1227 476
1227 574
1227 701
1227 767
1227 884
1227 1070
1228 182
1228 212
1228 273
1228 301
1228 569
1228 635
1228 980
1228 1144
1228 1169
1228 1227
1229 357
1229 672
1229 677
1229 680
1229 815
1230 58
1230 264
1230 528
1230 611
1230 748
1230 886
1230 1061
1230 1159
1230 1171
1231 35
1231 52
1231 277
1231 493
1231 874
1231 996
1231 1159
1231 1220
1232 444
1232 587
1232 851
1232 961
1232 1250
1233 67
1233 222
1233 229
1233 382
1233 525
1233 672
1233 678
1233 821
1233 916
1233 989
1233 1173
1233 1205
1234 120
1234 262
1234 286
1234 428
1234 524
1234 535
1234 906
1234 1008
1234 1173
1234 1182
1235 35
1235 62
1235 201
1235 324
1235 413
1235 591
1235 685
1235 754
1235 1043
1236 49
1236 198
1236 259
1236 430
1236 714
1236 848
1236 893
1236 1001
1236 1101
1236 1187
1237 145
1237 314
1237 708
1237 929
1237 1003
1237 1220
1238 239
1238 341
1238 382
1238 492
1238 841
1238 979
1238 990
1238 1160
1238 1172
1239 269
1239 1073
1239 1110
1240 65
1240 85
1240 253
1240 326
1240 535
1240 615
1240 784
1240 817
1240 1115
1241 149
1241 229
1241 374
1241 518
1241 625
1241 874
1241 882
1242 99
1242 196
1242 456
1242 488
1242 655
1242 681
1242 776
1242 970
1242 1001
1242 1147
1242 1233
1243 20
1243 251
1243 329
1243 458
1243 718
1243 1124
1243 1233
1244 296
1244 605
1244 857
1244 868
1244 1098
1245 162
1245 163
1245 256
1245 868
1245 1091
1245 1093
1246 26
1246 60
1246 259
1246 294
1246 643
1246 1084
1247 121
1247 303
1247 706
1247 1181
1248 103
1248 353
1248 696
1248 717
1248 1023
1248 1056
1248 1128
1248 1148
1249 116
1249 152
1249 298
1249 429
1249 442
1249 510
1249 691
1249 736
1249 763
1249 875
1249 928
1249 945
1249 1192
1250 146
1250 258
1250 485
1250 615
1250 761
1250 765
1250 927
1250 954
1250 1079
1250 1084
