130
1252
1 21
1 22
1 29
1 30
1 33
1 67
1 81
1 129
1 130
2 34
2 51
2 58
2 59
2 69
2 74
2 108
2 117
2 125
2 128
3 6
3 36
3 99
4 11
4 27
4 45
4 50
4 53
4 60
4 91
4 105
4 107
5 36
5 43
5 59
5 74
5 105
5 115
5 118
5 122
5 125
6 3
6 9
6 37
6 40
6 45
6 51
6 61
6 78
6 99
6 107
6 110
6 112
6 122
7 45
7 71
7 75
7 94
7 99
7 106
7 112
7 116
7 125
7 130
8 2
8 14
8 24
8 40
8 51
8 107
8 109
8 110
8 115
8 118
9 7
9 32
9 50
9 54
9 63
9 93
9 94
9 104
9 111
9 116
9 119
10 50
10 56
10 77
10 83
10 106
11 30
11 42
11 52
11 90
11 102
11 110
11 114
11 116
12 3
12 38
12 69
12 93
12 99
12 110
13 5
13 15
13 53
13 73
13 78
13 87
13 130
14 2
14 11
14 16
14 26
14 48
14 51
14 65
14 67
14 97
14 111
15 1
15 5
15 6
15 14
15 36
15 49
15 77
15 80
15 89
15 95
15 120
15 129
16 3
16 4
16 32
16 37
16 44
16 45
16 49
16 69
16 81
16 105
16 120
17 49
17 50
17 60
17 75
17 82
17 86
17 107
18 5
18 15
18 17
18 23
18 52
18 62
18 75
18 89
18 93
18 113
18 114
18 115
19 9
19 11
19 20
19 58
19 60
19 68
19 84
19 85
19 89
19 111
19 129
20 14
20 16
20 61
20 90
20 106
21 6
21 16
21 22
21 49
21 50
21 53
21 54
21 62
21 72
21 91
21 107
21 117
21 123
21 126
22 3
22 20
22 27
22 34
22 37
22 43
22 111
23 22
23 24
23 59
23 66
23 70
23 79
23 94
23 109
23 123
23 130
24 9
24 10
24 12
24 17
24 29
24 39
24 41
24 61
24 116
24 128
25 28
25 31
25 34
25 48
25 49
25 75
25 79
25 80
25 86
25 100
25 109
26 28
26 60
26 67
26 99
26 122
26 125
27 8
27 14
27 47
27 50
27 81
28 7
28 10
28 22
28 37
28 43
28 60
28 73
28 82
28 105
28 108
28 111
28 126
28 130
29 23
29 33
29 57
29 60
29 63
29 78
29 84
29 110
29 112
29 121
29 124
30 3
30 18
30 33
30 60
30 65
30 102
30 130
31 5
31 11
31 21
31 60
31 69
31 97
31 98
31 116
32 14
32 16
32 29
32 43
32 65
32 66
32 96
32 115
33 7
33 41
33 62
33 64
33 83
33 84
33 85
33 88
33 97
33 99
33 121
34 6
34 20
34 38
34 83
34 91
34 97
34 100
34 118
35 36
35 70
35 78
35 80
35 95
35 97
35 102
36 2
36 12
36 23
36 38
36 69
36 77
36 84
36 91
36 100
36 104
36 124
37 1
37 23
37 24
37 31
37 32
37 36
37 42
37 68
37 72
37 79
37 100
38 15
38 47
38 63
38 70
38 75
38 126
38 129
39 11
39 38
39 52
39 57
39 59
39 68
39 92
39 93
39 109
39 119
39 125
40 2
40 17
40 37
40 49
40 53
40 79
40 89
40 99
40 118
40 125
40 126
41 23
41 27
41 37
41 42
41 54
41 59
41 76
41 112
41 114
42 4
42 5
42 20
42 36
42 47
42 68
42 76
42 90
42 123
43 5
43 10
43 13
43 69
43 71
43 72
43 84
44 4
44 10
44 13
44 20
44 32
44 38
44 42
44 67
44 80
44 83
44 93
44 100
44 116
45 10
45 12
45 21
45 22
45 57
45 89
45 90
45 110
45 111
45 119
45 125
46 9
46 30
46 53
46 71
46 84
46 95
46 107
46 109
46 111
46 130
47 13
47 16
47 28
47 29
47 37
47 54
47 56
47 114
47 120
48 1
48 40
48 44
48 57
48 71
48 80
48 84
48 95
48 99
48 120
49 9
49 10
49 16
49 17
49 29
49 34
49 42
49 43
49 56
49 75
49 77
49 79
49 95
50 7
50 10
50 20
50 28
50 39
50 41
50 45
50 68
50 79
50 95
50 102
50 106
50 116
51 3
51 34
51 46
51 49
51 67
51 78
51 93
51 109
51 114
51 120
51 121
52 6
52 21
52 47
52 67
52 69
52 91
52 92
52 121
53 5
53 13
53 14
53 37
53 58
53 72
53 93
53 95
53 106
54 9
54 23
54 36
54 39
54 59
54 77
54 89
54 97
54 111
54 115
54 119
54 124
54 125
55 18
55 26
55 33
55 36
55 43
55 85
55 87
55 110
56 19
56 21
56 24
56 57
56 63
56 91
56 94
56 98
56 108
56 113
56 118
57 2
57 22
57 32
57 67
57 98
57 101
57 108
57 128
57 130
58 3
58 5
58 24
58 26
58 27
58 33
58 52
58 60
58 89
58 91
58 98
58 117
58 128
59 8
59 12
59 32
59 50
59 58
59 61
59 64
59 70
59 109
59 121
60 11
60 15
60 38
60 76
60 79
60 84
60 88
60 94
61 5
61 9
61 10
61 22
61 25
61 37
61 54
61 55
61 67
61 88
61 104
61 115
62 3
62 11
62 32
62 35
62 44
62 48
62 89
62 105
62 121
62 122
63 38
63 42
63 68
63 69
63 82
63 94
63 103
63 114
63 118
64 12
64 33
64 45
64 113
64 126
65 3
65 12
65 34
65 44
65 47
65 73
65 89
65 96
65 107
65 119
66 8
66 23
66 29
66 36
66 38
66 39
66 49
66 61
66 64
66 65
66 85
66 86
66 89
66 109
66 115
66 122
66 124
67 1
67 3
67 17
67 28
67 29
67 57
67 63
67 69
67 106
67 108
67 114
67 118
68 25
68 59
68 110
69 1
69 7
69 13
69 20
69 60
69 83
69 88
69 108
69 127
69 130
70 28
70 30
70 58
70 61
70 76
70 80
70 93
70 97
70 98
70 105
70 109
70 119
70 126
71 4
71 8
71 11
71 13
71 38
71 58
71 96
71 107
71 109
71 112
71 113
71 126
72 3
72 9
72 11
72 22
72 27
72 110
72 116
72 122
73 15
73 20
73 41
73 44
73 45
73 61
73 76
73 91
73 92
73 95
74 1
74 8
74 9
74 19
74 69
74 70
74 100
74 117
74 130
75 11
75 24
75 41
75 68
75 73
75 87
75 112
75 122
75 129
76 26
76 70
76 75
76 97
77 12
77 94
77 99
77 107
77 116
77 122
77 128
78 2
78 22
78 37
78 47
78 49
78 60
78 67
78 79
78 82
78 121
79 5
79 21
79 22
79 51
79 84
79 122
80 4
80 7
80 49
80 54
80 71
80 85
80 88
80 98
80 114
80 116
80 123
80 129
81 54
81 65
81 71
81 72
81 77
81 104
81 123
82 4
82 11
82 12
82 16
82 17
82 46
82 47
82 53
82 55
82 92
82 99
82 120
82 121
83 6
83 11
83 28
83 70
83 75
83 81
83 87
83 113
83 122
84 6
84 35
84 43
84 47
84 51
84 71
84 74
84 99
84 104
84 118
84 122
84 125
85 14
85 24
85 37
85 42
85 47
85 51
85 53
85 64
85 75
85 80
85 96
85 106
86 7
86 16
86 20
86 27
86 30
86 61
86 65
86 76
86 94
86 96
86 98
86 111
86 117
86 122
86 129
87 7
87 24
87 46
87 53
87 84
87 102
87 119
87 123
88 27
88 29
88 47
88 50
88 71
88 86
88 104
88 107
89 4
89 29
89 38
89 45
89 48
89 51
89 81
89 113
89 118
89 129
90 8
90 25
90 34
90 77
90 80
90 89
90 103
90 116
90 123
90 126
91 17
91 18
91 61
91 63
91 78
91 98
91 104
91 109
92 8
92 15
92 21
92 22
92 24
92 40
92 60
92 61
92 83
92 90
93 7
93 15
93 38
93 45
93 88
93 99
93 113
93 116
94 1
94 11
94 42
94 59
94 62
94 79
94 90
94 105
94 113
95 22
95 51
95 60
95 63
95 71
95 83
96 6
96 10
96 16
96 17
96 26
96 45
96 48
96 94
96 98
96 115
96 124
97 28
97 36
97 55
97 78
97 89
97 93
97 102
97 112
98 25
98 45
98 107
98 115
98 122
98 127
99 2
99 5
99 31
99 39
99 62
99 65
99 85
99 96
99 113
100 9
100 13
100 16
100 19
100 35
100 37
100 39
100 43
100 51
100 61
100 62
100 63
100 64
100 69
100 77
100 90
100 113
100 122
101 13
101 36
101 42
101 46
101 56
101 63
101 69
101 81
101 122
101 127
102 17
102 26
102 61
102 67
102 106
103 25
103 31
103 34
103 46
103 50
103 77
103 90
103 95
103 100
103 108
103 109
103 110
103 127
104 24
104 25
104 48
104 66
104 83
104 90
104 99
104 108
104 110
105 9
105 23
105 29
105 30
105 41
105 42
105 60
105 89
105 98
105 111
106 1
106 3
106 14
106 15
106 28
106 36
106 44
106 45
106 53
106 54
106 65
106 92
106 100
106 108
106 120
106 121
106 128
107 21
107 40
107 46
107 54
107 66
107 67
107 73
107 120
108 30
108 47
108 54
108 60
108 70
108 73
108 79
108 85
108 90
108 97
108 101
109 4
109 15
109 34
109 43
109 62
109 63
109 72
109 76
109 84
109 117
109 123
109 124
109 126
109 130
110 7
110 27
110 44
110 49
110 60
110 93
110 105
110 114
111 4
111 32
111 50
111 62
111 90
111 107
111 108
111 125
112 29
112 54
112 66
112 101
112 120
113 5
113 6
113 21
113 87
113 95
113 126
114 20
114 33
114 35
114 93
114 118
115 15
115 26
115 37
115 39
115 51
115 96
115 99
115 113
115 121
115 126
116 23
116 40
116 41
116 54
116 61
116 71
116 83
116 90
116 110
116 114
116 125
117 24
117 32
117 57
117 58
117 79
117 112
118 7
118 29
118 38
118 39
118 64
118 78
118 81
118 90
118 128
119 1
119 7
119 16
119 28
119 31
119 39
119 46
119 56
119 93
119 107
120 1
120 3
120 6
120 31
120 74
120 83
120 88
120 93
120 95
120 99
120 100
120 116
120 119
120 122
120 125
121 10
121 26
121 44
121 48
121 62
121 68
121 76
121 83
121 108
122 1
122 2
122 23
122 27
122 41
122 51
122 58
122 67
122 83
122 94
123 6
123 7
123 21
123 25
123 31
123 40
123 43
123 45
123 64
123 66
123 67
123 83
123 92
123 94
123 112
123 118
123 122
124 6
124 7
124 11
124 17
124 27
124 42
124 58
124 64
124 69
124 71
124 79
124 83
124 98
124 123
124 129
125 5
125 6
125 39
125 44
125 46
125 62
125 71
125 84
125 102
125 104
125 116
125 126
126 20
126 23
126 25
126 35
126 71
126 78
126 80
126 84
126 93
126 94
126 107
126 110
126 129
127 55
127 76
127 90
127 100
127 105
127 109
127 113
127 129
128 18
128 19
128 37
128 42
128 73
128 76
128 79
128 92
128 115
128 122
128 124
129 4
129 18
129 74
129 108
130 6
130 20
130 21
130 33
130 35
130 63
130 76
130 79
130 112
