130
386
1 55
1 81
1 91
1 98
1 128
2 1
2 12
2 64
2 101
3 12
3 16
3 23
3 35
3 87
3 101
4 37
4 67
4 128
5 4
5 15
5 25
5 35
5 46
5 102
5 105
5 130
6 26
7 35
8 23
8 33
8 66
8 78
8 96
8 118
9 8
9 49
9 74
11 60
12 30
12 87
12 89
12 120
12 121
13 8
13 46
13 57
13 78
13 112
13 118
14 46
14 127
15 1
15 35
16 82
16 91
17 29
17 104
18 29
18 37
18 106
19 1
19 59
19 67
19 122
20 86
21 116
21 126
21 129
22 36
22 86
23 6
23 7
23 27
23 83
23 101
23 113
24 5
24 91
24 128
24 129
25 96
26 53
26 73
27 56
27 70
27 89
28 12
28 64
28 128
29 14
29 91
30 44
30 107
30 108
30 115
31 20
31 45
31 72
31 92
31 97
31 119
32 95
33 35
33 87
34 5
34 16
34 32
34 110
35 42
35 53
35 71
35 126
36 22
36 38
36 74
37 42
37 45
37 119
38 18
38 50
38 93
38 125
39 80
40 10
40 15
40 49
40 75
40 127
41 61
41 89
41 117
42 50
42 101
42 114
43 55
43 81
43 92
44 10
44 31
44 45
45 13
45 47
45 58
46 116
47 6
47 51
48 43
48 56
48 117
49 76
49 88
49 108
50 27
50 31
50 86
50 89
50 124
51 11
51 22
51 55
51 76
52 33
52 117
52 119
54 47
54 57
54 72
54 113
54 130
55 74
56 12
57 31
57 111
57 119
58 26
58 66
58 87
59 29
59 52
59 124
59 127
60 66
62 35
62 87
63 36
63 103
64 53
64 68
64 71
64 128
65 74
65 130
66 4
66 31
67 24
67 25
68 28
68 73
68 88
68 92
68 110
68 119
69 40
69 66
69 97
69 99
69 108
70 81
70 94
70 104
70 129
71 18
71 93
71 103
71 113
71 121
72 126
73 27
73 37
73 92
74 90
75 7
75 17
75 38
77 115
78 82
79 17
79 51
79 88
79 109
80 55
80 72
80 98
80 117
80 127
81 9
81 19
81 51
81 73
81 103
82 16
82 52
82 79
83 38
83 40
84 41
85 60
85 75
85 98
85 127
86 6
86 38
86 45
86 88
86 106
86 115
87 103
88 51
88 80
88 95
88 104
88 109
88 111
88 117
88 130
89 2
89 61
90 9
90 43
91 7
91 26
91 79
91 105
91 115
91 123
92 73
92 85
92 116
93 13
93 91
93 107
93 112
94 7
94 63
95 24
95 69
95 107
95 128
96 4
96 10
96 77
96 80
96 127
97 78
97 87
97 118
98 39
98 74
98 122
99 9
99 81
100 82
101 47
101 62
101 83
102 34
102 36
102 49
102 63
102 70
102 98
102 116
103 50
103 113
104 11
106 29
106 44
106 53
106 116
107 40
107 104
107 113
108 31
108 96
108 109
108 130
109 119
110 5
110 84
111 6
111 29
111 125
112 3
112 20
112 21
112 34
112 38
112 85
112 128
113 25
113 44
113 85
113 86
113 111
114 44
114 117
115 75
116 2
116 22
116 79
116 129
117 1
117 63
117 92
117 93
117 105
118 20
118 31
118 49
118 65
118 71
118 119
120 35
120 53
120 82
120 83
121 37
121 94
123 6
123 31
123 100
124 39
125 66
125 97
126 78
127 1
127 68
127 130
128 1
128 49
128 58
128 77
129 22
130 7
130 80
130 93
