130
129
1 89
2 18
4 59
4 101
4 102
4 122
5 50
8 38
8 45
9 82
10 98
13 42
13 49
13 57
14 64
14 69
16 18
16 123
18 68
22 76
29 27
30 28
33 9
34 9
34 75
34 85
36 95
36 110
38 55
38 93
38 97
39 51
40 58
41 60
42 35
42 121
43 84
44 120
46 75
47 2
47 85
48 96
48 127
50 17
51 29
52 81
53 31
56 84
56 105
57 26
57 124
58 84
59 127
60 1
60 62
61 11
62 48
64 31
65 27
67 54
67 84
67 100
68 87
70 117
71 86
71 95
72 110
77 16
79 29
79 119
80 79
81 11
81 27
83 100
85 99
86 18
88 71
90 21
90 93
90 97
91 2
92 102
92 109
94 41
94 83
95 87
96 22
96 66
98 37
98 128
98 130
99 24
99 68
100 101
101 75
101 103
104 17
105 39
105 67
106 113
107 98
107 111
108 91
108 96
111 16
111 70
112 108
113 6
113 15
115 116
116 4
116 37
116 51
117 11
118 5
119 46
120 74
122 51
123 42
124 121
125 74
126 18
126 91
128 28
129 55
130 8
130 85
130 103
130 113
