130
1009
1 6
1 28
1 33
1 36
1 63
1 68
1 77
1 85
1 90
1 100
1 126
2 33
2 47
2 50
2 93
2 109
2 114
2 117
2 124
3 8
3 17
3 41
3 102
3 120
3 122
3 123
4 13
4 28
4 40
4 53
4 80
4 83
4 113
5 29
5 69
5 78
5 79
5 90
6 5
6 11
6 23
6 27
6 92
6 117
7 10
7 29
7 45
7 82
7 89
7 94
7 99
7 103
7 112
8 27
8 33
8 52
8 58
8 63
8 65
8 66
8 78
8 101
8 117
8 125
8 127
9 22
9 40
9 51
9 61
9 66
9 77
9 78
10 12
10 13
10 60
10 78
10 84
10 85
10 93
10 123
11 7
11 10
11 20
11 24
11 47
11 59
11 69
11 75
11 79
11 113
12 34
12 35
12 72
12 127
13 14
13 27
13 36
13 37
13 50
13 51
13 80
13 97
13 107
14 2
14 28
14 48
14 106
15 10
15 18
15 23
15 26
15 29
15 30
15 35
15 41
15 63
15 98
15 109
15 113
15 115
16 5
16 15
16 23
16 25
16 39
16 64
16 72
16 84
16 105
16 114
17 18
17 24
17 35
17 39
17 84
17 98
17 102
17 111
17 130
18 10
18 13
18 22
18 52
18 68
18 74
19 27
19 49
19 81
19 104
19 107
19 121
19 127
19 130
20 10
20 23
20 25
20 52
20 80
20 92
20 108
20 121
20 129
21 63
21 82
21 89
21 91
21 106
21 115
22 7
22 16
22 28
22 29
22 31
22 33
22 65
22 93
22 98
23 34
23 38
23 64
23 112
24 11
24 27
24 36
24 69
24 92
24 121
25 2
25 28
25 56
25 62
25 82
25 113
25 129
26 3
26 39
26 42
26 87
26 117
27 5
27 7
27 44
27 54
27 85
27 103
27 112
28 9
28 20
28 27
28 75
28 83
28 107
28 116
28 127
29 46
29 100
29 106
29 108
30 35
30 47
30 68
30 95
31 1
31 22
31 46
31 63
31 65
31 70
31 77
31 79
31 95
31 96
32 11
32 15
32 54
32 77
32 96
32 104
32 111
33 5
33 11
33 20
33 31
33 50
33 59
33 67
33 94
33 102
33 120
34 3
34 48
34 50
34 56
34 71
34 95
34 99
34 120
35 21
35 31
35 64
35 82
35 92
35 100
35 106
36 4
36 6
36 64
36 69
36 93
36 96
36 103
36 106
36 125
37 1
37 5
37 8
37 46
37 53
37 58
37 68
37 73
37 93
37 107
37 115
37 121
38 4
38 5
38 12
38 20
38 41
38 48
38 58
38 67
38 101
38 107
39 1
39 41
39 46
39 54
39 74
39 107
39 118
39 126
39 127
39 129
40 7
40 12
40 16
40 64
40 65
40 72
40 87
40 95
40 96
40 98
40 105
41 3
41 12
41 38
41 57
41 76
41 96
41 108
41 109
42 14
42 20
42 35
42 52
42 55
42 77
42 105
43 60
43 73
43 97
43 102
43 113
43 127
44 1
44 6
44 11
44 70
44 74
44 80
44 90
44 94
44 117
44 127
45 1
45 13
45 28
45 63
45 65
46 61
46 68
46 95
46 126
47 13
47 54
47 56
47 104
48 27
48 30
48 36
48 71
48 81
48 82
48 86
48 121
49 48
49 64
49 74
49 126
50 2
50 4
50 16
50 23
50 52
50 70
50 80
50 82
50 127
50 129
51 52
51 78
51 83
51 113
52 6
52 30
52 51
52 74
53 14
53 27
53 52
53 59
54 46
54 53
54 76
54 91
54 94
54 95
54 99
55 21
55 27
55 31
55 39
55 42
55 44
55 46
55 53
55 54
55 57
55 81
55 89
55 109
55 114
55 115
56 4
56 19
56 38
56 46
56 119
57 8
57 27
57 33
57 46
57 52
57 68
57 70
57 81
57 98
57 102
58 11
58 37
58 44
58 55
58 73
58 81
58 99
58 126
58 129
59 5
59 7
59 11
59 13
59 41
59 44
59 52
59 81
59 83
59 88
59 90
59 106
59 121
60 11
60 29
60 46
60 47
60 54
60 65
60 83
60 86
60 101
60 114
61 8
61 9
61 34
61 38
61 42
61 52
61 59
61 72
61 97
61 98
61 114
61 124
62 13
62 15
62 43
62 69
62 77
62 92
62 94
62 110
63 16
63 20
63 38
63 96
63 106
64 9
64 48
64 74
64 80
64 113
65 6
65 26
65 35
65 45
65 58
65 66
65 116
65 117
65 124
66 10
66 11
66 43
66 56
66 85
66 86
66 110
66 111
66 118
66 126
67 10
67 27
67 46
67 97
68 47
68 55
68 63
68 85
68 114
68 121
69 65
69 67
70 11
70 35
70 49
70 51
70 54
70 74
70 75
70 111
70 112
70 115
71 18
71 23
71 25
71 28
71 68
71 106
71 130
72 20
72 39
72 49
72 54
72 98
72 99
72 107
72 111
72 121
73 15
73 72
73 74
73 86
73 97
73 99
73 112
73 114
73 121
74 46
74 48
74 70
75 11
75 23
75 27
75 68
75 78
75 80
75 100
75 111
75 115
75 126
75 129
76 18
76 39
76 71
76 77
76 92
76 99
76 113
76 124
76 129
77 10
77 42
77 44
77 49
77 52
77 55
77 65
77 69
77 74
77 104
77 122
77 125
78 7
78 29
78 32
78 69
78 107
79 1
79 12
79 13
79 39
79 69
79 76
79 84
79 107
79 112
80 2
80 11
80 47
80 85
80 107
80 110
80 113
81 5
81 13
81 43
81 97
81 121
81 124
82 19
82 28
82 29
82 30
82 66
82 79
83 46
83 51
83 67
83 73
83 78
83 100
83 107
83 127
84 8
84 51
84 66
84 96
84 112
85 12
85 20
85 24
85 26
85 41
85 51
85 52
85 60
85 65
85 69
85 71
85 75
85 97
85 100
86 7
86 56
86 68
86 85
86 98
86 106
86 121
87 15
87 28
87 63
87 112
87 119
87 126
88 37
88 60
88 64
88 94
88 99
88 105
88 109
88 114
89 13
89 21
89 35
89 67
89 115
90 1
90 8
90 25
90 36
90 50
90 51
90 114
91 11
91 12
91 33
91 126
92 10
92 11
92 31
92 85
92 90
92 93
92 110
92 115
93 6
93 17
93 45
93 50
93 64
93 82
93 90
93 99
93 130
94 43
94 93
94 98
95 3
95 4
95 5
95 32
95 46
95 58
95 62
95 69
95 73
95 75
95 82
95 106
95 115
95 117
96 22
96 30
96 41
96 43
96 48
96 49
96 69
96 72
96 74
96 77
96 78
96 83
96 109
96 116
97 12
97 23
97 28
97 47
97 115
97 124
98 23
98 64
98 69
98 76
98 86
99 42
99 44
99 60
99 69
99 89
99 110
99 126
100 5
100 14
100 59
100 65
100 68
100 71
100 110
100 119
100 128
101 39
101 44
101 69
101 90
101 105
102 7
102 15
102 26
102 52
102 61
102 69
102 73
102 126
102 130
103 23
103 34
103 39
103 58
103 65
103 75
103 84
103 127
104 6
104 25
104 63
104 66
104 70
104 88
105 33
105 46
105 80
105 92
105 98
105 120
106 11
106 14
106 24
106 56
106 81
106 115
106 118
106 121
106 124
107 5
107 18
107 48
107 54
107 85
107 111
108 4
108 31
108 34
108 49
108 119
109 6
109 15
109 29
109 48
109 51
109 60
109 70
109 76
109 82
109 100
109 103
110 16
110 26
110 40
110 54
110 64
110 85
111 32
111 39
111 64
111 78
111 86
111 88
111 89
111 109
111 126
111 127
111 129
112 5
112 10
112 17
112 36
112 58
112 80
112 81
112 82
112 88
112 119
113 6
113 14
113 55
113 60
113 86
114 3
114 28
114 68
114 70
114 74
114 84
114 101
114 102
114 107
114 108
115 85
115 92
115 95
115 100
116 26
116 27
116 44
116 63
116 68
116 94
116 130
117 10
117 15
117 44
117 47
117 75
117 92
117 95
117 114
118 4
118 18
118 23
118 129
119 10
119 11
119 35
119 36
119 44
119 65
119 66
119 73
119 83
119 91
119 104
120 4
120 21
120 29
120 30
120 61
120 72
120 78
120 84
120 91
120 92
120 98
120 104
120 127
121 7
121 44
121 68
121 78
121 91
122 1
122 34
122 38
122 57
122 67
122 78
122 92
122 99
122 123
123 7
123 14
123 22
123 37
123 47
123 82
123 84
123 101
123 124
124 27
124 30
124 33
124 68
124 103
124 129
125 41
125 50
125 57
125 72
125 107
125 110
126 31
126 46
126 59
126 69
126 71
126 78
126 88
126 103
126 110
126 127
126 130
127 5
127 16
127 18
127 21
127 22
127 26
127 29
127 34
127 47
127 111
127 119
127 122
127 125
127 126
128 7
128 16
128 22
128 26
128 33
128 36
128 38
128 43
128 61
128 62
128 77
128 78
128 94
128 103
128 106
129 20
129 27
129 42
129 56
129 62
129 79
130 1
130 17
130 28
130 41
130 45
130 68
130 73
130 97
