130
505
1 27
1 84
1 97
1 106
2 25
2 71
2 74
2 75
2 97
2 129
3 7
3 21
3 53
4 2
4 20
4 22
4 38
4 52
4 78
4 86
5 34
5 36
5 42
5 53
5 111
5 116
5 125
6 89
6 113
6 119
6 122
7 4
7 19
7 50
7 80
7 111
8 31
8 67
9 40
9 44
9 85
9 88
9 126
10 23
10 26
10 56
10 59
10 73
10 82
10 109
11 46
11 113
11 125
12 3
12 17
12 46
12 81
12 110
13 2
13 24
13 80
13 123
14 23
14 54
14 73
14 90
14 111
15 5
15 28
15 41
15 50
15 59
15 85
15 86
15 122
16 14
16 25
16 34
16 54
16 69
16 90
16 106
17 14
17 27
17 71
17 90
17 119
18 48
18 129
19 3
19 21
19 42
19 108
19 129
20 14
20 54
20 83
20 101
20 109
20 116
20 120
20 127
21 20
21 38
21 64
21 94
21 127
22 6
22 12
22 19
22 51
22 91
22 108
23 90
23 100
23 119
24 93
25 11
25 26
25 56
25 62
25 80
26 75
26 78
26 87
27 1
27 37
27 114
27 121
28 90
28 94
29 22
29 104
29 115
30 15
30 34
30 76
30 100
31 15
31 106
32 37
32 38
32 63
32 70
32 87
32 103
33 30
33 39
33 57
33 105
33 117
34 63
34 82
34 104
35 68
36 73
37 16
37 57
37 81
37 126
38 14
38 15
38 39
38 40
38 48
38 127
39 33
39 62
39 67
40 18
40 56
40 57
40 61
40 68
40 95
40 98
41 67
41 104
42 18
42 26
42 130
43 17
43 56
43 66
43 93
43 95
43 111
43 115
44 23
44 35
44 55
44 130
45 17
45 20
45 39
46 57
46 71
46 87
46 128
47 14
47 15
47 22
47 32
47 74
47 119
48 32
48 33
48 44
48 105
48 129
48 130
49 65
50 33
50 43
50 109
50 122
51 8
51 18
51 75
51 76
51 103
52 14
52 19
52 84
52 90
53 14
53 30
55 3
55 46
56 25
56 124
57 27
57 40
57 64
57 81
57 84
57 94
58 37
58 99
58 102
58 113
59 5
59 7
59 9
59 110
59 117
59 125
59 126
60 73
60 77
60 85
61 18
61 81
61 82
61 84
61 89
62 48
62 64
63 56
63 113
63 115
64 62
65 2
65 20
65 36
65 55
66 70
66 120
66 123
67 1
67 30
68 19
68 64
68 96
69 3
69 44
69 71
69 93
70 65
70 79
71 13
71 18
71 31
71 40
72 7
72 20
72 38
72 47
72 52
72 56
72 64
72 81
72 82
73 63
73 78
73 79
74 6
74 19
74 27
74 49
74 114
75 12
75 53
75 65
75 99
75 103
76 61
76 62
76 63
76 91
76 97
76 103
77 21
77 24
77 126
78 36
78 107
79 88
79 95
79 99
79 103
79 122
80 74
80 106
80 110
81 25
81 95
81 107
81 117
82 124
83 14
83 28
83 73
83 96
84 26
84 30
84 47
84 49
84 78
84 117
84 129
85 24
85 27
85 58
85 126
86 23
86 75
87 1
87 28
87 29
87 49
87 105
87 129
88 24
88 26
88 33
88 114
88 121
89 50
89 88
89 98
89 115
90 11
90 119
90 123
91 42
91 52
91 71
91 74
91 118
91 125
92 25
92 31
93 114
93 117
94 91
94 97
95 116
96 60
96 63
96 104
96 106
97 46
97 85
97 126
98 6
98 17
98 96
98 107
99 18
99 24
99 25
99 37
99 65
99 70
99 92
100 30
100 32
100 52
100 67
101 6
101 60
101 75
101 111
102 101
102 109
102 118
103 36
103 51
103 96
104 4
104 45
104 61
104 66
104 84
104 93
105 123
106 128
107 96
108 14
109 3
109 94
110 12
110 56
110 65
110 122
111 58
111 77
112 30
112 43
112 92
113 19
113 46
113 75
113 122
113 124
113 128
114 2
114 41
114 80
114 89
114 113
114 122
115 70
115 95
116 15
116 16
116 46
116 54
116 83
116 120
117 35
117 54
117 62
117 70
117 121
117 127
118 23
118 55
118 73
118 100
118 105
118 115
119 28
119 116
120 20
120 50
120 84
120 119
121 21
121 49
121 90
122 19
122 24
122 33
123 3
123 48
123 53
124 33
124 77
125 4
125 66
125 92
126 4
126 45
126 80
126 89
126 96
126 101
126 108
127 9
127 32
127 111
128 6
128 72
128 110
128 114
129 28
129 51
129 53
129 95
129 106
129 127
130 112
130 117
