140
1095
1 3
1 20
1 81
1 129
1 132
1 139
2 8
2 11
2 33
2 53
2 64
2 68
2 71
2 106
3 19
3 27
3 32
3 34
3 37
3 43
3 50
3 60
3 84
3 113
3 131
4 5
4 10
4 12
4 17
4 24
4 34
4 36
4 54
4 59
4 67
4 76
4 92
4 122
4 123
5 26
5 64
5 81
5 105
5 107
5 108
5 117
6 3
6 4
6 11
6 49
6 74
6 76
6 81
6 93
6 116
7 48
7 66
7 113
7 116
8 45
8 54
8 56
8 63
8 122
9 1
9 3
9 53
9 57
9 76
9 137
10 6
10 16
10 22
10 24
10 29
10 50
10 76
10 98
10 103
10 105
10 112
10 113
10 128
11 13
11 32
11 69
11 72
11 88
11 131
11 136
12 4
12 6
12 13
12 36
12 76
12 96
12 102
12 126
13 36
13 39
13 101
13 131
13 135
14 10
14 12
14 31
14 37
14 59
14 60
14 104
14 118
14 136
14 140
15 4
15 58
15 93
15 110
16 19
16 36
16 41
16 69
16 73
16 79
16 83
16 99
16 124
16 126
17 36
17 66
17 73
17 89
17 123
17 139
18 2
18 19
18 25
18 31
18 33
18 89
18 103
18 133
18 135
19 31
19 43
19 72
19 81
19 86
19 94
19 98
20 19
20 38
20 43
20 48
20 77
20 94
20 103
20 105
20 124
21 4
21 42
21 45
21 48
21 72
21 84
21 129
21 138
21 139
22 71
22 94
22 128
23 25
23 37
23 105
23 112
24 19
24 22
24 68
24 73
24 74
24 81
24 97
24 132
24 139
25 2
25 53
25 59
25 76
25 81
26 44
26 58
26 79
26 85
26 88
26 102
26 104
27 2
27 56
27 73
27 118
27 131
27 135
28 6
28 8
28 13
28 42
28 54
28 72
28 93
28 104
28 114
28 127
28 130
29 25
29 32
29 66
29 71
29 80
29 87
29 125
30 50
30 78
30 138
31 3
31 5
31 43
31 70
31 114
31 115
31 132
32 6
32 15
32 30
32 36
32 43
32 47
32 49
32 53
32 74
32 85
32 94
32 97
32 111
32 123
32 134
33 11
33 13
33 16
33 23
33 38
33 44
33 45
34 29
34 50
34 64
34 84
34 88
34 92
34 99
34 108
34 133
35 25
35 45
35 49
35 70
35 77
35 86
35 108
35 125
35 127
36 40
36 59
36 70
36 75
36 102
36 117
36 118
36 130
37 34
37 50
37 54
37 67
37 74
37 99
37 100
37 101
37 106
37 119
38 51
38 60
38 67
38 87
38 89
38 106
38 116
38 118
38 119
38 124
39 3
39 35
39 68
39 113
39 124
39 127
40 7
40 10
40 21
40 60
40 67
40 77
40 87
40 88
40 93
40 97
40 136
41 26
41 32
41 57
41 129
42 1
42 32
42 45
42 64
42 68
42 127
42 133
43 3
43 7
43 9
43 21
43 32
43 52
43 94
44 2
44 40
44 43
44 54
44 83
44 86
45 13
45 32
45 33
45 66
45 70
45 101
45 104
45 117
45 132
45 140
46 14
46 50
46 51
46 68
46 77
46 89
47 12
47 136
48 1
48 72
48 75
48 76
48 77
48 82
48 96
48 108
48 140
49 18
49 60
49 69
49 73
49 84
49 94
49 101
49 111
50 8
50 11
50 26
50 28
50 58
50 105
50 122
50 123
51 9
51 34
51 45
51 56
51 111
51 113
51 139
52 28
52 77
52 85
52 89
52 96
52 131
53 33
53 79
54 11
54 15
54 43
54 57
54 82
54 83
54 87
54 102
54 120
54 123
55 7
55 20
55 36
55 43
55 101
55 132
56 8
56 86
56 104
56 113
57 40
57 42
57 63
57 81
57 86
57 94
57 137
58 15
58 48
58 60
58 101
58 140
59 32
59 39
59 61
59 66
59 103
59 120
59 124
60 13
60 16
60 17
60 28
60 35
60 51
60 52
60 56
60 61
61 17
61 19
61 51
61 66
61 71
61 118
61 121
62 6
62 9
62 61
62 89
62 91
62 109
62 110
62 125
63 48
63 77
63 82
63 134
64 67
64 85
64 103
64 107
64 127
65 7
65 11
65 33
65 41
65 97
65 99
65 112
66 18
66 25
66 33
66 40
66 48
66 104
66 105
66 110
66 113
67 9
67 19
67 27
67 29
67 48
67 66
67 68
68 46
68 86
68 119
68 122
69 6
69 10
69 35
69 128
69 134
69 135
70 15
70 35
70 56
70 108
70 109
70 122
70 127
71 5
71 11
71 53
71 90
71 93
71 98
72 17
72 23
72 46
72 68
72 101
72 110
73 9
73 10
73 18
73 22
73 45
73 57
73 77
73 82
73 95
73 135
73 139
74 48
74 73
74 75
74 90
74 124
75 3
75 26
75 37
75 47
75 49
75 83
75 92
75 101
75 113
75 118
75 119
75 136
75 138
76 19
76 20
76 28
76 45
76 48
76 64
76 73
77 18
77 29
77 33
77 36
77 65
77 66
77 82
77 117
78 11
78 32
78 43
78 54
78 67
78 102
78 126
79 8
79 26
79 32
79 40
79 81
79 92
79 96
79 97
79 99
79 102
79 103
79 117
79 127
79 136
80 21
80 26
80 30
80 48
80 89
80 94
80 107
80 126
81 4
81 15
81 21
81 32
81 70
81 96
81 105
82 15
82 32
82 38
82 79
82 98
82 105
82 107
82 111
83 25
83 27
83 108
83 123
83 127
84 8
84 41
84 44
84 48
84 123
84 131
85 3
85 7
85 16
85 17
85 30
85 47
85 48
85 50
85 61
85 84
85 90
85 115
86 12
86 23
86 30
86 58
86 84
86 85
86 104
86 107
86 113
86 121
86 124
87 9
87 52
87 62
87 103
87 122
87 127
88 15
88 24
88 61
88 78
88 93
88 99
89 20
89 22
89 54
89 74
89 92
89 115
89 126
89 136
89 140
90 21
90 23
90 44
90 55
90 56
90 59
90 62
90 71
90 74
90 75
90 91
90 131
91 12
91 13
91 24
91 27
91 77
91 113
91 124
91 131
91 133
91 136
92 12
92 36
92 61
92 78
92 113
92 140
93 6
93 13
93 15
93 16
93 20
93 29
93 47
93 51
93 85
93 110
93 112
93 122
93 123
94 3
94 26
94 41
94 52
94 53
94 57
94 76
94 88
94 119
95 18
95 22
95 32
95 41
95 57
95 68
95 69
95 81
95 83
95 119
95 125
96 10
96 58
96 90
96 99
97 9
97 10
97 43
97 50
97 87
97 112
97 113
97 119
97 125
98 14
98 33
98 40
98 62
98 87
98 102
99 1
99 28
99 67
99 97
100 2
100 8
100 15
100 29
100 34
100 41
100 42
100 54
100 57
100 67
100 96
100 109
100 115
101 9
101 34
101 45
101 77
101 102
101 103
101 124
102 4
102 39
102 48
102 51
102 62
102 86
102 90
102 96
102 108
102 125
102 131
102 139
103 44
103 75
103 112
104 11
104 29
104 45
104 48
104 58
104 109
105 8
105 27
105 31
105 53
105 100
106 32
106 63
106 68
106 80
106 94
107 11
107 42
107 63
107 87
107 91
107 125
107 126
108 7
108 49
108 93
108 118
109 25
109 47
109 48
109 51
109 65
109 84
109 104
109 127
109 135
110 6
110 123
110 135
111 9
111 33
111 85
111 138
112 18
112 32
112 35
112 55
112 59
112 67
112 93
112 114
113 9
113 19
113 20
113 33
113 37
113 44
113 85
114 15
114 26
114 34
114 40
114 44
114 53
114 59
114 79
114 83
114 93
114 121
115 17
115 36
115 42
115 43
115 50
115 56
115 57
115 72
115 102
115 124
115 129
116 33
116 34
116 44
116 57
116 66
116 75
116 93
116 122
116 133
116 135
117 1
117 22
117 46
117 49
117 63
117 73
117 74
117 77
117 115
117 129
118 4
118 13
118 20
118 33
118 76
118 78
118 95
118 96
118 109
118 126
118 133
119 4
119 10
119 15
119 21
119 23
119 27
119 30
119 42
119 60
119 108
119 122
119 123
119 126
120 25
120 48
120 64
120 77
120 102
120 134
121 2
121 6
121 55
121 93
121 106
121 108
121 128
121 131
121 132
121 134
122 8
122 28
122 37
122 40
122 67
122 74
122 76
122 94
122 125
122 135
122 139
123 11
123 18
123 20
123 23
123 44
123 52
123 87
123 95
123 109
123 111
123 113
123 118
123 122
124 3
124 4
124 41
124 98
124 100
124 111
124 137
125 15
125 34
125 37
125 59
125 63
125 71
125 78
125 91
125 94
125 131
126 7
126 46
126 50
126 67
126 101
126 113
126 131
127 29
127 34
127 35
127 54
127 60
127 73
127 86
127 87
127 104
127 117
127 119
127 121
128 6
128 35
128 47
128 49
128 62
128 94
128 99
128 116
128 118
128 119
128 123
128 126
129 21
129 31
129 40
129 68
129 106
129 124
129 125
130 18
130 21
130 76
130 114
130 126
131 18
131 45
131 46
131 47
131 61
131 95
131 126
131 132
132 9
132 11
132 13
132 17
132 29
132 49
132 51
132 85
132 96
132 106
132 130
133 6
133 15
133 26
133 39
133 54
133 60
133 131
133 137
134 4
134 16
134 25
134 35
134 42
134 52
134 59
134 67
134 76
134 77
134 135
135 17
135 43
135 73
135 76
135 115
136 36
136 41
136 42
136 50
136 73
136 122
136 137
137 15
137 31
137 43
137 50
137 51
137 57
137 67
137 69
137 74
137 86
137 97
137 118
137 121
137 131
138 2
138 5
138 51
138 58
138 96
138 111
138 132
139 6
139 15
139 25
139 30
139 38
139 42
139 49
139 64
140 26
140 32
140 34
140 48
140 67
140 79
140 81
140 95
140 99
140 113
