140
1228
1 2
1 56
1 72
1 85
1 97
1 121
1 128
2 34
2 73
2 84
2 111
2 115
2 119
2 138
3 7
3 15
3 16
3 20
3 25
3 32
3 55
3 135
4 25
4 30
4 71
4 102
4 108
5 19
5 67
5 70
5 74
5 89
5 92
5 94
5 123
5 135
6 8
6 11
6 20
6 62
6 79
6 92
6 93
6 98
6 105
6 116
7 16
7 66
7 86
7 89
7 119
7 124
8 43
8 62
8 90
8 97
8 104
8 124
9 5
9 26
9 40
9 44
9 45
9 55
9 72
9 76
9 83
9 97
9 102
10 51
10 68
10 69
10 83
10 99
10 105
11 6
11 30
11 42
11 54
11 55
11 70
11 78
11 86
11 91
11 101
11 102
11 114
11 119
11 134
12 15
12 106
12 127
12 135
12 138
13 17
13 24
13 73
13 90
13 101
13 117
13 119
13 135
13 136
14 32
14 35
14 38
14 39
14 48
14 80
14 86
14 122
14 138
14 140
15 5
15 14
15 23
15 82
15 92
15 93
15 110
16 4
16 25
16 37
16 41
16 50
16 94
16 100
16 134
17 16
17 28
17 45
17 58
17 87
17 92
17 97
17 107
17 113
17 117
18 11
18 26
18 30
18 42
18 91
18 103
18 113
18 117
18 135
19 40
19 59
19 62
19 77
19 78
19 106
19 111
20 15
20 23
20 118
20 127
21 2
21 5
21 24
21 29
21 59
21 73
21 119
22 15
22 23
22 37
22 45
22 63
22 95
22 106
22 111
22 114
23 12
23 25
23 36
23 37
23 53
23 62
23 87
23 123
23 127
23 139
24 1
24 21
24 39
24 49
24 77
24 87
24 93
24 124
24 131
24 135
24 138
25 2
25 14
25 19
25 23
25 100
25 105
25 117
25 123
26 19
26 45
26 50
26 54
26 112
26 133
27 3
27 4
27 15
27 43
27 50
27 77
27 82
27 89
27 92
27 95
27 117
27 121
28 42
28 51
28 52
28 54
28 138
29 3
29 10
29 24
29 43
29 81
29 86
29 115
30 4
30 14
30 16
30 50
30 71
30 79
30 82
30 89
30 103
30 114
30 115
30 125
31 1
31 7
31 10
31 41
31 56
31 61
31 82
31 90
31 112
31 127
32 8
32 15
32 16
32 38
32 44
32 54
32 55
32 61
32 79
32 118
32 127
32 129
33 6
33 19
33 56
33 60
33 87
33 88
33 90
33 99
34 36
34 41
34 116
34 128
34 134
34 139
35 32
35 41
35 47
35 58
35 75
35 82
35 106
35 118
35 128
35 131
35 132
35 139
36 16
36 23
36 52
36 61
36 75
36 95
36 122
36 125
37 14
37 18
37 32
37 38
37 97
37 109
37 114
37 117
38 5
38 22
38 31
38 40
38 43
38 48
38 55
38 86
38 97
38 106
38 107
38 110
38 126
38 136
39 2
39 28
39 41
39 43
39 57
39 74
39 80
39 81
39 94
39 97
39 101
39 109
39 113
39 135
40 7
40 9
40 11
40 16
40 17
40 39
40 49
40 56
40 59
40 60
40 71
40 75
40 117
40 135
41 15
41 17
41 32
41 46
41 57
41 60
41 85
41 91
41 95
41 96
41 105
41 110
41 119
42 2
42 21
42 57
42 75
42 83
42 90
42 98
42 113
42 117
42 127
43 26
43 60
43 78
43 93
43 105
43 114
43 136
44 14
44 21
44 46
44 68
44 75
44 97
44 105
44 117
44 129
45 9
45 30
45 31
45 50
45 120
45 133
45 136
46 19
46 36
46 49
46 51
46 57
46 99
46 103
46 134
47 1
47 6
47 38
47 55
47 67
47 101
48 7
48 25
48 30
48 35
48 58
48 73
48 92
48 113
48 129
49 9
49 29
49 31
49 52
49 53
49 55
49 89
49 92
49 110
49 117
49 123
49 126
49 131
49 140
50 20
50 52
50 54
50 66
50 109
50 128
50 134
51 11
51 43
51 94
51 95
51 111
51 115
51 118
52 4
52 7
52 32
52 34
52 78
52 81
52 108
52 114
52 123
53 2
53 6
53 84
53 89
53 103
53 114
53 116
53 126
54 12
54 14
54 26
54 104
54 109
54 117
55 49
55 60
55 83
55 114
55 127
56 33
56 52
56 53
56 58
56 61
56 75
56 103
56 104
56 108
56 138
57 20
57 36
57 51
57 53
57 89
57 104
57 115
57 125
57 136
58 33
58 36
58 44
58 63
58 64
58 85
58 87
58 94
58 95
58 98
58 114
58 125
58 129
58 131
58 132
58 134
59 6
59 11
59 39
59 73
59 82
59 105
59 123
59 125
60 13
60 20
60 27
60 37
60 64
60 116
61 9
61 45
61 76
61 77
61 81
61 97
61 102
61 116
61 131
61 132
61 134
61 137
62 19
62 48
62 59
62 80
62 86
62 136
63 8
63 24
63 39
63 67
63 71
63 110
63 121
63 122
64 11
64 37
64 56
64 59
64 63
64 74
64 89
64 101
64 130
64 138
65 25
65 44
65 48
65 53
65 56
65 91
65 95
65 96
65 104
65 113
65 120
66 29
66 101
66 102
66 108
66 128
66 135
67 6
67 13
67 36
67 44
67 56
67 82
67 97
67 136
68 85
68 87
68 92
69 16
69 37
69 60
69 64
69 66
69 68
69 112
69 113
69 122
69 137
70 8
70 47
70 67
70 82
70 128
71 12
71 30
71 69
71 72
71 95
71 104
71 106
71 117
72 6
72 26
72 49
72 65
72 71
72 79
72 124
72 139
73 14
73 24
73 33
73 36
73 41
73 46
73 79
73 81
73 85
73 93
73 111
73 118
73 123
73 127
73 135
74 16
74 30
74 66
74 73
74 101
74 109
74 114
74 138
75 48
75 53
75 60
75 64
75 66
75 116
75 117
76 11
76 22
76 27
76 42
76 44
76 48
76 54
76 60
76 64
76 65
76 79
76 104
76 108
76 118
76 121
77 25
77 69
77 70
77 76
77 91
77 106
77 109
77 121
77 123
77 126
77 133
77 137
78 3
78 20
78 104
79 9
79 24
79 34
79 63
79 67
79 116
79 117
80 7
80 32
80 51
80 55
80 111
81 47
81 73
81 128
81 138
81 140
82 29
82 68
82 87
82 106
82 109
82 114
82 116
82 120
83 20
83 29
83 31
83 41
83 48
83 50
83 64
83 102
83 104
83 107
83 118
83 119
83 135
84 6
84 7
84 34
84 89
84 97
84 104
84 118
84 122
84 124
84 127
84 131
85 1
85 6
85 7
85 11
85 53
85 77
85 111
85 131
85 132
86 6
86 17
86 53
86 70
86 83
86 84
86 115
86 116
86 119
86 127
86 131
86 137
87 19
87 30
87 37
87 52
87 93
87 103
87 108
87 136
87 137
88 31
88 33
88 43
88 49
88 78
89 6
89 21
89 32
89 80
89 86
89 130
90 7
90 8
90 32
90 59
90 102
90 103
90 106
90 108
90 110
91 24
91 38
91 47
91 49
91 58
91 69
91 96
91 97
91 102
91 115
91 127
91 135
91 140
92 51
92 67
92 68
92 70
92 81
92 84
92 120
92 137
93 18
93 20
93 29
93 46
93 62
93 65
93 103
93 106
93 108
94 6
94 21
94 48
94 65
94 80
94 86
94 117
94 129
94 135
95 6
95 8
95 21
95 27
95 32
95 64
95 77
95 86
96 11
96 18
96 21
96 40
96 47
96 53
96 68
96 83
96 90
96 125
96 137
97 2
97 20
97 39
97 78
97 138
98 2
98 12
98 29
98 56
98 66
98 79
98 99
98 104
98 116
98 120
98 122
98 126
99 8
99 17
99 72
99 93
99 108
99 110
99 112
99 115
100 10
100 14
100 16
100 27
100 35
100 42
100 52
100 56
100 98
100 111
100 128
100 135
101 1
101 17
101 23
101 29
101 38
101 46
101 57
101 66
101 86
101 135
102 10
102 39
102 41
102 45
102 83
102 101
102 103
102 123
102 132
103 9
103 17
103 24
103 44
103 53
103 67
103 94
103 98
103 120
103 133
104 1
104 5
104 18
104 38
104 60
104 65
104 69
104 71
104 72
104 107
104 114
105 3
105 5
105 20
105 28
105 64
105 77
105 94
105 106
105 113
105 126
105 134
105 136
106 11
106 14
106 18
106 32
106 45
106 50
106 81
106 82
106 87
106 88
106 93
106 134
107 3
107 30
107 48
107 83
107 93
107 114
107 116
107 123
107 129
108 18
108 25
108 36
108 52
108 77
108 78
108 79
108 110
109 11
109 14
109 25
109 58
109 101
109 137
110 1
110 32
110 56
110 66
111 8
111 11
111 22
111 24
111 37
111 69
111 74
111 85
111 105
111 114
111 126
111 130
112 37
112 59
112 65
112 73
112 87
112 96
112 139
113 24
113 48
113 52
113 88
113 130
113 137
113 140
114 20
114 24
114 26
114 69
114 71
114 86
114 97
114 101
114 118
115 9
115 19
115 26
115 34
115 62
115 72
115 89
115 110
115 122
115 125
116 2
116 4
116 41
116 57
116 64
116 72
116 104
116 106
116 124
117 15
117 39
117 77
117 82
117 87
117 91
117 93
117 96
117 105
117 134
117 137
118 18
118 24
118 51
118 85
118 98
118 103
118 117
118 127
119 30
119 45
119 65
119 73
119 97
119 126
120 6
120 10
120 15
120 23
120 33
120 36
120 47
120 48
120 69
120 80
120 89
120 99
120 117
121 2
121 34
121 66
121 94
121 103
121 110
121 139
122 14
122 33
122 37
122 86
122 93
122 107
122 116
123 15
123 55
123 59
123 68
123 75
123 111
123 130
124 4
124 40
124 50
124 53
124 69
124 102
124 103
124 107
124 119
124 138
125 23
125 26
125 35
125 39
125 47
125 102
125 134
125 138
126 11
126 12
126 49
126 84
126 85
126 95
126 109
126 116
126 127
126 133
127 13
127 33
127 40
127 43
127 49
127 65
127 109
127 122
128 16
128 27
128 42
128 48
128 63
128 114
128 116
128 139
129 29
129 56
129 65
129 85
129 92
129 95
129 101
129 127
130 9
130 11
130 20
130 23
130 42
130 46
130 55
130 60
130 79
130 100
130 103
130 104
130 116
130 125
131 61
131 92
131 93
132 4
132 50
132 99
132 103
132 134
133 21
133 32
133 33
133 38
133 40
133 49
133 60
133 62
133 76
134 7
134 21
134 30
134 43
134 52
134 59
134 75
134 91
134 97
134 121
134 128
135 25
135 29
135 36
135 45
135 59
135 80
135 99
135 103
135 104
135 117
136 3
136 4
136 13
136 20
136 59
136 67
136 68
136 71
136 106
136 123
136 126
137 1
137 8
137 25
137 38
137 42
137 73
137 116
138 10
138 39
138 42
138 67
138 71
138 74
138 113
138 118
138 122
138 127
139 2
139 10
139 30
139 50
139 73
139 81
139 91
139 107
139 122
140 17
140 33
140 48
140 49
140 55
140 101
140 113
140 135
140 137
