1500
8976
1 333
1 356
1 357
1 400
1 477
1 543
1 766
1 898
1 1101
1 1193
1 1446
2 1086
3 44
3 78
3 96
3 177
3 184
3 363
3 406
3 495
3 648
3 663
3 927
3 1014
3 1472
4 233
4 313
4 324
4 576
4 979
4 1374
5 113
5 242
5 597
5 945
5 1237
5 1345
5 1455
5 1487
6 355
6 604
6 799
6 913
6 925
7 87
7 145
7 216
7 222
7 268
7 529
7 603
7 626
7 1016
7 1459
8 178
9 673
9 1121
9 1161
9 1162
9 1356
10 347
10 1229
10 1324
10 1369
10 1387
10 1412
11 454
12 600
12 1364
13 452
13 480
13 649
13 1379
14 209
14 375
14 689
14 947
14 977
14 1500
15 154
15 437
15 643
15 781
15 1150
15 1170
15 1363
16 323
16 658
16 1115
17 60
17 73
17 142
17 470
17 774
17 957
17 1315
18 164
18 175
18 217
18 593
18 640
18 1230
18 1438
19 93
19 284
19 618
19 1198
19 1321
19 1472
20 13
20 695
20 812
20 813
20 1448
21 234
21 368
21 937
22 101
22 206
22 226
22 627
22 690
22 889
22 1030
22 1097
22 1399
22 1418
23 187
23 249
23 303
23 393
23 605
23 1089
23 1251
24 56
24 68
24 224
24 568
24 626
24 628
24 665
24 741
24 743
25 53
25 627
25 654
25 701
25 839
26 93
26 119
26 534
26 843
26 1305
27 309
27 783
27 794
27 1307
28 51
28 284
28 329
28 339
28 450
28 546
28 574
28 644
28 710
28 1270
29 17
29 290
29 779
29 953
29 1080
29 1156
29 1416
30 111
30 375
30 631
30 662
30 968
30 983
30 1277
30 1427
31 241
31 276
31 351
31 583
31 801
31 927
31 987
31 1146
31 1273
32 42
32 156
32 308
32 798
32 1131
32 1428
32 1447
33 196
33 461
33 845
33 923
33 1182
34 6
34 350
34 434
34 501
34 574
34 780
34 970
34 1483
35 227
35 351
35 594
35 813
35 1109
36 536
36 922
36 993
36 1196
36 1238
37 113
37 762
37 1251
37 1397
38 128
38 751
38 891
38 897
38 899
38 950
38 1062
38 1261
39 145
39 441
39 631
40 388
40 474
40 492
40 802
40 1054
41 59
41 268
41 390
41 917
41 1238
42 236
42 341
42 1074
42 1412
43 775
43 825
43 1138
43 1415
44 781
44 968
44 987
45 15
45 336
45 502
45 645
46 199
46 649
46 1049
46 1053
46 1424
47 261
47 546
47 549
47 664
47 905
47 1113
47 1172
47 1232
47 1264
47 1434
48 461
48 651
48 662
48 830
48 944
48 1289
48 1350
49 292
49 1081
50 47
50 395
50 941
50 1227
50 1389
51 68
51 150
51 902
51 1290
51 1339
51 1404
52 298
52 621
52 1216
53 373
53 1013
53 1168
53 1412
55 229
55 459
55 882
56 101
56 156
56 743
56 754
56 862
56 1412
57 415
57 1248
57 1481
58 384
58 581
58 724
58 1184
58 1220
58 1248
58 1403
59 306
59 428
59 520
59 656
59 803
59 1047
60 106
60 197
60 666
60 709
61 60
61 114
61 751
61 817
61 1100
61 1136
61 1314
61 1390
62 234
62 339
62 1016
62 1352
62 1361
62 1365
63 166
63 247
63 1150
63 1223
63 1239
64 264
64 940
64 1107
64 1321
64 1358
65 193
65 482
65 861
65 970
65 1003
65 1304
66 257
66 549
66 801
66 846
66 1123
66 1486
66 1492
67 102
67 129
67 373
67 541
67 705
67 785
67 1018
67 1133
67 1399
68 158
68 388
68 1300
68 1322
68 1359
69 50
69 106
69 276
69 490
69 546
69 580
69 833
69 850
70 81
70 277
70 584
70 1192
70 1421
70 1494
71 3
71 161
71 253
71 531
71 564
71 608
71 1143
71 1242
71 1445
71 1496
72 272
72 496
72 680
72 770
72 796
72 983
72 1101
73 71
73 457
73 823
73 829
73 1376
74 94
74 514
74 896
74 1343
74 1438
75 45
75 334
75 399
75 480
75 572
75 582
75 672
75 858
75 893
75 1035
75 1066
75 1268
76 249
76 327
76 430
76 552
77 419
77 984
77 1075
77 1086
78 30
78 77
78 185
78 277
78 924
78 954
78 1188
79 47
79 203
79 351
79 404
79 409
79 499
79 581
79 1106
80 198
80 793
80 815
80 885
80 1066
80 1280
80 1308
80 1461
80 1500
81 87
81 104
81 114
81 264
81 386
81 857
81 956
81 1412
82 408
82 462
82 883
82 1211
82 1296
83 165
83 180
83 767
83 1076
83 1089
83 1265
83 1392
83 1448
84 445
84 497
84 669
84 1002
84 1119
84 1212
84 1307
84 1424
85 279
85 407
85 685
85 1011
85 1057
85 1117
85 1227
85 1297
86 459
86 463
86 784
86 793
86 1182
87 37
87 154
87 160
87 292
87 360
87 382
87 603
87 760
87 841
87 967
87 1436
88 24
88 202
88 442
88 639
88 786
88 790
88 808
88 832
88 1210
88 1268
88 1307
89 600
89 601
89 795
89 885
89 1219
89 1399
90 51
90 286
90 551
90 651
90 691
90 1270
91 67
91 469
91 476
91 623
91 1082
91 1104
92 159
92 540
92 747
92 801
92 1341
92 1403
93 22
93 127
93 312
93 398
93 442
93 661
93 906
93 1130
93 1146
94 242
94 243
94 359
94 703
94 865
94 975
94 1169
94 1304
95 180
95 573
95 718
95 728
95 932
95 1127
95 1199
95 1212
96 121
96 439
96 760
96 962
96 1000
96 1257
96 1444
97 73
97 115
97 332
97 512
97 525
97 554
97 1002
97 1144
97 1180
98 614
98 651
98 684
98 776
98 811
98 970
98 1039
98 1314
98 1340
99 15
99 653
100 62
100 848
100 999
101 678
101 896
101 1166
101 1329
102 40
102 165
103 56
103 270
103 878
103 972
103 1014
103 1216
103 1282
103 1498
104 312
104 325
104 399
104 464
104 795
104 1206
105 296
105 1004
105 1223
105 1245
105 1262
105 1344
106 531
106 568
106 580
106 944
106 1191
106 1283
106 1388
106 1495
107 457
107 840
107 1128
107 1274
108 544
108 1012
109 144
109 634
109 754
109 1238
109 1398
110 24
110 246
110 316
110 599
110 983
110 995
110 1279
110 1317
111 72
111 175
111 244
111 278
111 474
111 872
111 877
111 909
111 924
111 1003
111 1017
112 31
112 477
112 683
112 949
112 974
112 1492
113 87
113 187
113 435
113 935
113 1014
113 1051
113 1055
113 1205
114 307
114 313
114 589
114 1030
115 85
115 216
115 320
115 704
115 784
116 206
116 302
116 322
116 447
116 485
116 642
116 751
116 941
116 1101
116 1491
117 67
117 483
117 1248
118 614
118 705
118 1135
118 1249
119 310
119 337
119 643
119 817
119 886
119 955
119 1039
119 1176
119 1455
119 1481
120 317
120 550
120 656
120 747
120 791
120 1069
120 1080
120 1251
121 408
121 877
121 952
122 69
122 425
122 427
122 773
122 1078
122 1089
123 434
123 731
123 872
123 934
123 1477
124 75
124 624
124 689
124 821
124 955
124 1210
124 1372
124 1441
125 340
125 468
125 572
125 961
125 1334
126 145
126 400
126 455
126 518
126 817
126 834
126 1267
126 1357
126 1378
127 161
127 695
127 728
128 216
128 272
128 410
128 498
128 863
128 1063
129 384
129 454
129 603
129 748
129 952
129 1268
130 133
130 1237
131 5
131 200
131 304
131 358
131 754
131 898
132 649
132 688
132 1469
133 289
133 478
133 489
133 556
133 1087
134 222
134 234
134 258
134 382
134 867
134 1214
135 810
135 834
135 1142
135 1238
136 266
136 635
136 648
136 996
137 467
137 601
137 1051
138 396
138 468
138 828
138 877
139 190
139 939
139 942
139 1128
139 1486
140 21
140 206
140 311
140 568
140 989
140 1481
141 43
141 438
141 645
141 951
141 1004
141 1026
141 1419
142 243
142 248
142 743
142 756
142 760
142 917
143 243
143 448
143 551
143 598
143 731
143 1015
144 639
144 1250
145 66
145 198
145 446
145 687
145 754
145 872
145 984
145 996
145 1049
145 1134
145 1156
145 1199
145 1236
145 1276
146 85
146 883
146 1011
146 1069
147 81
147 272
147 572
148 333
148 514
148 784
148 815
148 958
148 1007
149 360
149 1109
149 1189
149 1439
150 207
150 649
150 837
150 1244
150 1352
151 93
151 347
151 688
151 722
151 735
151 806
151 1403
152 6
152 258
152 259
152 543
152 581
152 1087
152 1363
152 1387
153 537
153 852
153 876
153 1171
154 50
154 218
154 383
154 494
154 733
154 757
155 47
155 438
155 720
155 1330
155 1398
156 366
156 433
156 1291
157 254
157 506
157 1139
157 1217
157 1276
157 1442
158 57
158 123
158 139
158 164
158 541
158 587
158 601
158 623
158 706
158 847
158 1020
158 1051
158 1193
159 473
159 1089
159 1378
159 1471
160 129
160 222
160 243
160 1062
160 1150
160 1457
161 308
161 541
161 588
161 776
161 1276
162 72
162 692
162 954
162 1045
162 1244
162 1416
163 288
163 704
163 705
163 1122
164 195
164 315
164 338
164 828
164 1253
165 252
165 260
165 726
165 1057
165 1283
165 1285
165 1346
166 559
166 581
166 1006
166 1183
167 186
167 300
167 716
167 900
167 986
167 1212
168 182
168 256
168 586
168 1106
169 217
169 219
169 268
169 472
169 790
169 1329
170 612
170 667
170 872
170 946
170 1011
171 908
171 1109
171 1188
171 1247
172 428
172 1060
172 1159
172 1233
172 1328
173 89
173 365
173 486
173 647
173 716
173 829
173 1091
173 1148
173 1224
173 1292
173 1436
174 144
174 251
174 534
174 679
174 718
174 790
174 839
174 1224
174 1281
175 297
175 659
175 742
175 1069
175 1088
176 498
176 547
176 746
176 867
176 1043
177 79
177 181
177 214
177 326
177 740
177 810
177 1268
178 102
178 224
178 266
178 543
178 558
178 565
178 699
178 1290
178 1359
179 1338
180 629
180 925
180 1046
181 245
181 375
181 897
181 1014
181 1035
181 1108
181 1223
182 93
182 594
182 614
182 651
182 785
182 1120
182 1133
182 1268
183 719
183 916
184 148
184 325
184 453
184 629
184 834
184 953
184 1175
185 403
185 556
185 635
185 851
185 924
185 1240
186 135
186 165
186 272
186 412
186 1178
186 1381
186 1487
187 845
187 846
187 1232
188 724
188 801
188 816
188 1143
188 1295
188 1440
189 163
189 347
189 394
189 580
189 766
189 1014
189 1288
189 1373
189 1399
190 18
190 146
190 363
190 742
190 1236
191 192
191 457
191 691
191 720
192 116
192 448
192 644
192 681
192 716
192 737
192 1123
192 1187
192 1212
193 145
193 260
193 287
193 514
193 735
193 738
193 890
193 960
193 1018
193 1078
193 1098
193 1199
194 51
194 213
194 846
194 880
194 896
194 1241
194 1362
195 407
195 420
195 535
195 698
195 919
195 923
195 1087
195 1379
195 1413
196 505
196 1146
196 1256
196 1315
196 1349
197 184
197 737
197 789
197 1349
197 1370
197 1497
198 33
198 257
198 289
198 634
198 1039
199 664
199 736
199 1088
199 1341
199 1374
200 43
200 294
200 373
200 429
200 619
200 910
201 241
201 440
201 1391
201 1434
202 171
202 1430
202 1444
203 152
203 296
203 383
203 777
203 1214
203 1310
204 422
204 577
204 620
204 1126
204 1171
204 1319
205 65
205 218
205 456
205 799
205 849
205 1242
206 2
206 149
206 223
206 607
206 1038
206 1229
207 213
207 491
207 763
207 1014
207 1426
207 1448
207 1498
208 79
208 246
208 711
208 1238
208 1244
209 533
209 692
209 732
209 1142
210 551
210 642
210 882
210 1105
210 1383
211 603
211 1215
212 498
212 1485
213 164
213 223
213 372
213 568
213 816
213 1165
213 1469
214 268
214 408
214 527
214 572
214 862
214 864
214 1176
215 1410
216 228
216 1080
216 1357
217 387
217 771
217 1257
218 89
218 521
218 661
218 709
219 109
219 221
219 377
219 573
219 595
219 831
219 1151
219 1420
220 566
220 926
220 1416
221 3
221 142
221 166
221 175
221 200
221 1101
221 1452
222 82
222 453
222 658
222 1178
222 1468
223 170
224 65
224 451
224 509
224 625
224 1165
224 1349
224 1444
224 1487
224 1491
225 322
225 583
225 809
225 1101
225 1139
225 1214
225 1323
226 60
226 429
226 719
226 1250
227 345
227 449
227 511
227 734
227 1018
227 1121
227 1304
227 1470
227 1482
228 403
228 464
228 604
228 738
228 1356
228 1361
229 390
229 960
229 1078
229 1115
230 15
230 71
230 188
230 296
230 369
230 692
230 697
230 1188
230 1403
231 393
231 508
231 827
231 1175
231 1210
231 1246
231 1355
231 1459
232 3
232 689
232 805
232 844
232 1003
232 1414
233 95
233 148
233 154
233 548
233 690
233 863
234 127
234 179
234 407
234 508
234 564
234 845
234 934
234 944
234 1057
234 1207
235 210
235 371
235 538
235 788
235 842
235 1001
235 1434
236 101
236 342
236 581
236 820
236 902
236 975
236 1091
236 1132
237 132
237 530
237 761
237 973
237 974
237 1278
237 1297
238 705
239 122
239 166
239 617
239 645
239 868
239 1065
239 1091
239 1418
240 175
240 279
240 353
240 657
240 771
240 822
240 1018
240 1367
240 1497
241 153
241 164
241 261
241 853
242 13
242 328
242 368
242 490
242 676
242 678
242 831
242 950
242 1276
243 128
243 490
243 560
243 1017
243 1230
244 3
244 69
244 115
244 153
244 338
244 339
244 576
244 785
244 1266
244 1322
244 1456
245 145
245 296
245 308
245 841
245 1075
245 1098
245 1105
245 1399
245 1412
246 187
246 308
246 525
246 1093
246 1257
246 1366
246 1389
247 309
247 915
247 1054
247 1219
248 765
248 884
248 902
249 54
249 481
249 482
249 626
249 1278
250 390
250 761
250 825
250 1048
250 1120
250 1192
250 1374
251 630
251 657
251 685
251 1346
252 258
252 690
252 928
252 1001
252 1015
252 1032
252 1370
253 38
253 720
253 970
254 450
254 456
254 769
254 865
254 929
254 930
254 1178
254 1189
254 1238
254 1250
255 215
255 285
255 487
255 695
255 882
255 974
255 1076
255 1159
255 1440
256 1051
256 1334
257 500
257 597
257 632
257 709
257 1014
257 1398
257 1464
258 127
258 134
258 733
258 1296
258 1387
259 183
259 572
260 187
260 232
260 483
260 484
261 242
261 439
261 594
261 645
261 1067
262 72
262 200
262 355
262 804
262 1086
263 203
263 277
263 298
263 301
263 310
263 1196
263 1411
263 1486
264 278
264 590
264 1275
264 1285
264 1292
264 1414
264 1489
265 275
265 326
265 478
265 568
265 661
265 722
265 1039
265 1148
265 1382
265 1474
266 825
266 1053
266 1208
266 1466
267 917
267 1118
267 1220
267 1349
268 53
268 351
268 408
268 488
268 697
268 727
268 796
268 1177
268 1456
269 129
269 587
269 698
269 884
269 910
269 1005
269 1108
269 1166
269 1447
270 148
270 376
270 486
270 566
270 999
270 1013
270 1060
270 1072
270 1474
271 106
271 112
271 309
271 554
271 1008
271 1255
271 1354
271 1392
271 1408
272 1288
272 1289
273 294
273 488
273 712
273 843
273 1067
274 280
274 290
274 409
274 421
274 637
274 836
274 1259
274 1392
275 24
275 171
275 431
275 433
275 474
275 586
275 1100
275 1329
276 924
277 71
277 308
277 1330
278 66
278 536
278 639
278 909
278 1114
279 37
279 67
279 434
279 454
279 999
279 1443
280 54
280 641
280 902
280 1032
280 1048
280 1242
281 70
281 87
281 93
281 736
281 1444
282 674
282 905
282 1236
283 180
283 594
283 829
283 925
283 986
283 1397
283 1435
284 318
284 898
284 1082
284 1083
284 1099
284 1111
285 390
285 429
285 529
285 910
285 934
285 1070
285 1296
286 40
286 45
286 137
286 154
286 499
286 560
286 575
286 676
286 705
286 736
286 1158
287 109
287 286
287 366
287 510
287 686
287 788
287 1484
287 1493
288 243
288 673
288 835
288 1201
288 1262
288 1380
288 1429
289 783
289 1027
289 1337
289 1416
289 1418
290 128
290 226
290 231
290 637
290 861
290 1136
290 1279
291 38
291 259
291 636
291 815
291 896
291 1041
291 1060
291 1190
292 212
292 321
292 1042
292 1459
293 56
293 479
293 1253
293 1300
293 1466
294 146
294 501
294 872
295 11
295 54
295 672
295 870
295 876
295 934
295 940
295 991
295 1027
295 1207
295 1302
296 319
296 360
296 1026
296 1171
296 1384
296 1444
297 331
297 678
297 782
297 1086
297 1203
298 284
298 620
298 1144
298 1160
299 573
299 665
299 685
299 875
299 984
299 1394
300 132
300 786
300 841
300 1093
300 1228
301 239
301 613
301 916
301 958
301 1219
302 512
302 735
302 760
302 1199
303 93
303 139
303 140
303 961
303 1144
303 1177
303 1309
304 601
304 978
305 1375
305 1380
306 380
306 445
306 1122
306 1476
307 66
307 90
307 190
307 498
307 738
307 1026
307 1078
307 1196
307 1311
308 649
308 834
308 844
308 1063
309 92
309 126
309 784
309 1493
310 152
310 272
310 287
310 451
310 484
310 696
310 847
310 1060
310 1270
310 1399
311 224
311 683
311 699
311 735
311 825
311 1273
311 1343
312 291
312 399
312 446
312 859
312 1330
313 196
313 584
313 1130
313 1295
313 1446
313 1495
314 178
314 213
314 226
314 370
314 395
314 767
314 874
315 476
315 589
315 654
315 1020
315 1279
315 1319
316 698
316 1105
316 1335
316 1486
317 888
317 932
317 1418
317 1477
318 76
318 282
318 693
318 715
318 1288
318 1415
319 97
319 158
319 457
319 523
319 552
319 831
319 853
319 1128
320 751
320 1025
321 875
321 1075
321 1205
321 1215
322 563
322 641
322 730
322 923
322 1271
322 1327
323 98
323 252
323 1325
324 677
324 694
324 724
324 958
324 1339
324 1423
324 1440
325 122
325 450
325 597
325 717
325 796
325 804
325 880
325 1373
326 713
326 790
326 1044
326 1128
327 217
327 261
327 343
327 417
327 565
327 917
327 1486
328 12
328 143
328 184
328 406
328 628
328 689
328 745
329 238
329 406
329 446
329 615
329 723
329 863
330 177
330 477
330 981
331 115
332 52
332 115
332 400
332 508
332 610
332 958
332 1090
332 1160
332 1186
332 1196
332 1440
333 276
333 538
333 634
333 871
333 1171
333 1286
333 1380
333 1397
334 82
334 562
334 771
334 788
334 1230
334 1460
335 222
335 262
335 283
335 499
335 905
335 913
335 939
335 1415
335 1418
336 171
336 694
336 1058
336 1350
337 173
337 201
337 270
337 520
337 853
337 990
337 1258
337 1264
337 1462
338 504
338 688
338 727
338 1017
339 74
339 399
339 643
339 806
339 1006
339 1063
339 1094
340 371
340 550
340 675
340 778
340 836
340 859
340 1152
340 1202
340 1330
341 76
341 164
341 208
341 392
341 535
341 653
341 1049
342 583
342 607
342 744
342 886
342 896
342 957
343 179
343 294
343 695
343 1066
343 1197
343 1378
344 103
344 223
344 488
344 776
344 779
344 1329
344 1385
344 1445
344 1482
345 228
345 526
345 615
345 798
345 852
345 1020
346 618
346 642
346 1233
347 235
348 137
348 486
348 510
348 678
348 1011
349 67
349 682
349 724
349 1151
349 1311
349 1322
349 1353
349 1477
349 1490
349 1496
350 259
350 905
350 1067
350 1287
351 402
351 435
351 471
351 746
351 905
352 63
352 86
352 180
352 450
352 698
352 749
352 901
352 1084
352 1169
353 20
353 299
353 555
353 1088
353 1262
354 161
354 1020
354 1377
354 1483
354 1494
355 41
355 101
355 231
355 280
355 336
355 785
355 789
355 1014
355 1348
355 1355
355 1369
356 5
356 33
356 121
356 249
356 618
356 860
356 1013
356 1184
357 134
357 179
357 217
357 481
357 1353
357 1418
357 1442
358 251
358 597
358 783
359 62
359 383
359 419
359 1391
360 399
360 499
360 1083
361 504
361 617
361 1121
361 1129
361 1243
361 1399
362 539
362 573
362 756
362 799
362 813
362 866
363 225
363 228
363 483
363 1037
363 1288
363 1423
363 1496
364 400
364 528
364 566
364 648
364 843
364 934
364 1237
364 1337
364 1496
365 277
365 290
365 681
365 793
365 1130
365 1198
366 353
366 585
366 671
366 807
366 839
366 977
367 81
367 125
367 189
367 340
367 341
367 345
367 1158
367 1336
368 17
368 463
368 762
368 981
368 1019
368 1023
368 1214
368 1215
368 1261
369 92
369 156
369 222
369 970
369 1223
369 1319
369 1342
369 1345
370 365
370 571
370 980
370 1034
370 1120
370 1300
371 193
371 249
371 263
371 513
371 571
371 637
371 780
371 1164
371 1494
372 243
372 299
372 350
372 537
372 833
372 856
372 919
372 943
372 1348
373 140
373 946
373 1281
373 1371
373 1478
374 299
374 982
374 1165
374 1173
374 1297
375 36
375 234
375 500
375 816
375 1126
376 319
376 495
376 566
376 1065
377 136
377 548
377 659
377 1105
378 206
378 472
378 762
378 792
378 1031
378 1343
379 657
379 752
379 963
379 1065
380 130
380 555
380 644
380 887
380 922
380 930
380 1469
381 29
381 316
381 610
381 838
381 884
382 786
382 1071
383 1086
383 1141
384 565
384 801
384 804
384 1085
384 1330
384 1374
384 1436
385 55
385 724
385 1284
385 1313
386 132
386 181
386 569
386 796
386 1041
386 1126
386 1190
386 1280
386 1330
386 1482
387 127
387 230
387 330
387 474
387 570
387 886
387 979
387 1056
388 524
388 1019
388 1384
389 114
389 178
389 341
389 553
389 1320
389 1420
390 635
390 932
391 14
391 206
391 429
391 495
391 608
391 783
391 841
391 1009
391 1330
391 1441
391 1465
392 129
392 503
392 650
392 1330
392 1421
393 207
393 417
393 436
393 846
393 1235
393 1286
393 1432
394 124
394 262
394 266
394 443
394 1081
394 1174
394 1414
395 429
395 1122
395 1294
396 565
396 606
396 1187
397 282
397 370
397 674
397 746
397 794
397 1271
397 1374
398 63
398 108
398 294
398 524
398 1086
398 1387
399 79
399 241
399 481
399 862
399 1343
399 1477
400 240
400 1334
401 838
401 881
401 1272
401 1481
402 131
402 368
402 609
402 1053
402 1116
402 1208
402 1435
403 134
403 147
403 228
403 594
403 992
404 145
404 165
404 475
404 1013
404 1353
405 37
405 64
405 176
405 561
405 809
405 1214
406 161
406 310
406 560
406 985
407 609
407 617
407 740
407 762
407 808
407 860
407 930
408 103
408 626
408 816
408 1056
408 1065
408 1161
408 1167
409 36
409 280
409 450
409 516
409 591
409 744
409 955
409 977
409 1167
409 1221
409 1311
410 246
410 540
410 913
410 934
410 1090
410 1099
410 1109
410 1357
411 214
411 226
411 362
411 751
411 821
411 838
411 1081
411 1197
411 1256
412 288
412 334
412 427
412 588
412 630
412 749
412 992
412 1175
413 285
413 327
413 770
413 839
413 1151
414 885
414 1381
415 14
415 235
415 392
415 502
415 812
415 1250
416 497
416 982
416 999
416 1079
417 80
417 121
417 793
417 888
417 955
417 1471
418 6
418 690
418 707
419 1334
420 24
420 319
420 410
420 444
420 481
420 490
420 994
420 1085
421 327
421 330
421 429
421 544
421 617
421 1029
421 1096
422 184
422 467
422 648
422 691
422 820
422 862
422 885
422 1123
422 1344
423 159
423 295
423 330
423 388
423 1392
424 69
424 144
424 352
424 710
424 925
424 1055
424 1091
425 38
425 109
425 837
425 977
425 1123
425 1198
425 1307
426 87
426 560
426 615
426 670
426 721
426 853
426 1263
427 374
427 731
427 1120
427 1461
427 1474
428 30
428 167
428 209
428 370
428 371
428 613
428 888
429 1169
429 1397
430 91
430 147
430 262
430 658
430 754
430 867
430 1060
430 1129
430 1208
431 101
431 831
431 1181
431 1272
431 1332
431 1464
432 101
432 302
432 363
432 534
432 720
432 1351
432 1435
433 57
433 492
433 517
433 581
433 899
433 1052
433 1240
433 1376
433 1435
434 72
434 161
434 438
434 1027
434 1289
434 1329
435 185
435 728
435 1059
435 1461
436 42
436 321
436 1260
437 26
437 127
437 382
437 434
437 694
437 790
437 1355
438 341
438 561
438 596
438 812
438 1175
438 1227
438 1235
438 1402
439 39
439 333
439 806
439 1459
440 56
440 219
440 1179
440 1194
440 1414
441 376
441 387
441 390
441 680
441 824
441 1261
441 1276
441 1469
442 441
442 776
442 1154
443 238
443 263
443 386
443 626
443 1264
444 54
445 92
445 137
445 261
445 544
445 642
445 862
445 1317
446 253
446 1020
446 1174
446 1252
447 269
447 275
447 1037
447 1375
447 1418
447 1429
448 454
448 884
448 1094
448 1114
448 1299
448 1394
449 398
449 593
449 613
449 1290
450 80
450 744
450 749
450 1236
451 14
451 40
451 102
451 398
451 422
451 436
451 554
451 715
452 75
452 94
452 208
452 468
452 500
452 784
452 1047
452 1197
453 23
453 180
453 314
453 551
453 570
453 923
453 928
453 998
453 1058
453 1070
454 63
454 195
454 941
454 1201
455 256
455 287
455 339
455 394
455 552
455 871
455 1029
455 1425
455 1442
455 1453
456 46
456 95
456 408
456 584
456 693
456 987
456 1038
456 1298
457 200
457 201
457 533
457 671
457 841
457 950
457 997
458 588
458 682
458 1059
458 1188
458 1395
459 47
459 483
459 1078
460 40
460 41
460 151
460 309
460 466
460 1143
460 1482
461 390
461 782
461 949
461 1493
462 173
462 202
462 281
462 822
462 945
462 1179
462 1216
462 1454
462 1500
463 174
463 475
463 517
463 690
463 755
463 774
463 939
463 967
463 1182
463 1415
463 1473
464 14
464 535
464 626
464 1493
465 43
465 286
465 545
465 824
465 1226
465 1337
465 1444
465 1492
466 239
466 278
466 645
466 1299
466 1467
467 52
467 449
467 720
467 791
467 881
467 893
467 1293
468 368
468 412
468 413
468 781
468 1165
468 1296
469 126
469 168
469 783
469 949
469 1287
470 167
470 462
470 773
470 864
470 1065
470 1219
471 133
471 174
471 367
471 658
471 749
471 841
471 897
471 1282
472 37
472 117
472 666
472 1081
472 1181
472 1189
473 292
473 538
473 781
473 1114
473 1152
473 1455
473 1477
473 1479
474 118
474 200
474 343
474 612
474 717
474 811
474 1026
474 1467
475 593
475 628
475 739
475 952
475 972
475 1030
475 1076
475 1326
475 1349
476 659
476 717
476 762
476 802
476 943
476 963
476 1439
477 120
477 277
477 628
477 1060
477 1130
477 1189
477 1311
477 1498
478 5
478 206
478 318
478 430
478 726
478 844
478 1348
479 403
479 664
479 1061
479 1145
479 1149
479 1333
480 255
480 622
480 660
480 1318
480 1469
481 429
481 462
481 990
481 1194
482 3
482 21
482 41
482 130
482 370
482 816
482 1069
483 249
483 305
483 421
483 448
483 773
483 1263
483 1322
483 1361
484 2
484 284
484 361
484 449
484 454
484 455
484 529
484 633
484 1109
484 1253
484 1446
484 1488
485 137
485 757
485 805
485 1176
486 461
486 476
486 491
486 817
486 1096
486 1119
487 158
487 310
487 1067
487 1123
487 1154
488 1296
488 1406
489 22
489 455
489 517
489 662
489 1096
489 1354
490 245
490 534
490 998
490 1136
490 1327
491 104
491 415
491 556
491 686
491 867
491 958
491 1102
491 1249
491 1345
492 537
492 725
492 848
492 1061
493 168
493 995
493 1197
494 119
494 228
494 247
494 389
494 422
494 499
494 1484
495 387
495 603
495 698
495 1073
495 1373
496 67
496 356
496 607
496 890
496 915
497 358
497 481
497 1315
497 1429
498 62
498 820
498 908
498 1070
498 1196
498 1485
499 42
499 142
499 184
499 306
499 841
499 1003
499 1336
499 1461
500 11
500 449
500 733
500 790
500 911
501 343
501 361
501 395
501 433
501 634
501 1048
501 1230
501 1277
502 112
502 474
502 740
502 779
502 914
502 915
502 1011
503 81
503 215
503 687
503 815
503 823
504 224
504 279
504 536
504 567
504 802
504 1054
504 1336
505 389
505 889
505 1204
505 1252
505 1403
505 1498
506 25
506 386
506 1148
507 862
508 119
508 257
508 262
508 462
508 578
508 872
509 273
509 388
509 604
509 1164
509 1231
509 1358
509 1406
510 40
510 386
510 808
510 889
510 925
511 221
511 395
511 617
511 638
511 917
511 1426
512 113
512 362
512 443
512 582
512 1386
512 1393
513 26
513 63
513 268
513 277
513 543
513 680
513 770
513 1010
513 1327
513 1419
514 396
514 679
514 731
514 1412
515 104
515 854
515 949
515 1328
516 308
516 337
516 469
516 528
516 746
516 1285
516 1478
517 348
517 566
517 1057
517 1406
518 92
518 97
518 221
518 341
518 349
518 645
518 746
518 831
518 924
518 1430
518 1434
519 196
519 213
519 363
519 367
519 392
519 614
520 257
520 515
520 517
520 782
520 1034
520 1118
520 1154
520 1362
521 525
521 591
521 651
521 1042
521 1248
522 287
522 766
522 776
522 965
522 991
523 219
523 613
523 620
523 645
523 1099
523 1265
523 1411
524 267
524 497
524 774
524 1102
524 1176
524 1230
525 88
525 1193
526 769
526 1394
526 1500
527 221
527 615
527 1060
527 1393
528 490
528 1212
528 1449
529 629
529 856
529 874
529 1084
529 1085
529 1129
530 448
530 519
530 575
530 746
530 751
530 1043
530 1115
530 1362
530 1393
530 1404
531 984
531 1246
531 1372
531 1394
532 452
532 518
533 395
534 113
534 508
534 922
534 947
535 623
535 627
535 1200
535 1468
536 25
536 156
536 343
536 484
536 1228
536 1246
536 1294
537 103
537 619
537 703
537 932
537 1221
537 1260
538 179
538 666
538 734
538 1193
538 1462
539 56
539 432
539 1021
539 1399
540 198
540 427
540 613
540 706
540 832
540 889
540 1064
540 1399
541 649
541 820
541 1245
542 57
542 208
542 624
542 659
542 726
542 736
542 787
542 891
542 1279
542 1379
542 1413
542 1479
543 182
543 202
543 460
543 737
543 803
543 969
543 986
543 1251
543 1356
543 1454
544 535
544 791
544 805
545 19
545 241
545 251
545 1068
546 144
546 556
546 708
546 823
547 865
547 911
547 1133
548 20
548 282
548 366
548 1005
548 1067
549 7
549 215
549 294
549 709
549 927
549 1021
549 1321
550 205
550 312
550 424
550 647
550 832
550 1332
551 29
551 280
551 308
551 880
551 1183
552 155
552 593
552 830
552 857
552 926
552 1151
553 358
553 618
554 358
554 836
554 955
555 95
555 301
555 707
555 905
555 1205
555 1234
555 1299
556 31
556 178
556 321
556 448
556 561
556 582
556 671
556 712
556 733
557 230
557 596
557 1039
557 1497
558 31
558 78
558 202
558 434
558 528
558 1188
558 1374
559 405
559 410
559 503
559 694
559 879
559 976
559 1281
559 1367
560 84
560 1328
561 11
561 566
561 773
561 1252
562 94
563 77
563 357
563 817
563 885
563 938
563 1063
563 1291
564 297
564 623
564 733
564 811
564 926
564 1059
565 24
565 139
565 833
565 889
565 1157
565 1239
566 180
566 187
566 602
566 676
566 854
566 862
566 1494
567 186
567 208
567 343
567 355
567 650
567 1319
567 1350
567 1358
568 3
568 61
568 136
568 157
568 468
568 1492
569 563
569 837
569 1174
569 1402
569 1500
570 111
570 179
570 272
570 329
570 579
570 868
570 1057
571 1169
571 1496
572 37
572 189
572 574
572 842
572 876
572 916
572 1431
573 248
573 307
573 606
573 941
573 1040
573 1165
573 1339
573 1435
573 1482
574 9
574 521
574 921
574 1021
574 1113
575 5
575 119
575 126
575 382
575 641
576 76
576 99
576 289
576 311
576 597
576 1303
576 1411
577 5
577 197
577 284
577 319
577 530
577 1000
577 1169
577 1445
578 122
578 492
578 753
578 863
578 1313
579 133
579 348
579 546
579 1036
579 1124
579 1324
579 1456
580 598
580 1057
580 1076
580 1247
580 1498
581 53
581 281
581 549
581 915
581 945
581 1277
582 39
582 293
582 310
582 705
582 809
582 878
582 1062
583 86
583 213
583 628
583 644
583 694
583 737
583 912
583 1185
584 843
584 887
584 1387
584 1437
585 123
585 251
585 994
585 1482
586 49
586 93
586 344
586 645
587 155
587 211
587 344
587 653
587 760
587 936
588 68
588 497
588 571
588 577
588 733
588 1165
589 103
589 547
589 685
589 1090
590 497
590 562
590 574
590 639
590 726
590 806
590 1139
590 1366
591 488
591 714
591 883
592 931
592 1028
592 1069
592 1292
593 92
593 262
593 784
594 79
594 251
594 473
594 573
594 625
594 743
594 971
594 1280
594 1304
595 43
595 204
595 337
595 378
595 414
595 596
595 1047
595 1290
596 359
596 592
596 802
596 861
596 906
597 245
597 406
597 1387
598 240
598 300
598 475
598 518
598 602
598 972
598 1271
599 371
599 604
599 736
599 849
599 902
599 1037
599 1137
599 1211
599 1300
600 210
600 225
600 246
600 320
600 440
600 449
600 633
600 840
600 848
600 974
600 1103
601 653
601 893
602 534
602 547
602 938
602 965
603 446
603 1045
603 1254
603 1265
603 1381
604 251
604 409
604 501
604 693
604 841
604 1333
605 40
605 342
605 395
605 471
605 918
605 1001
605 1056
605 1145
605 1148
605 1227
605 1324
606 139
606 271
606 474
606 568
606 690
606 924
606 1224
607 524
607 889
607 962
607 1092
607 1244
607 1414
608 110
608 145
608 347
608 385
608 453
608 538
608 1163
609 685
609 692
609 1466
610 283
610 441
610 627
610 962
610 1204
611 1165
612 579
612 723
612 786
612 847
612 1126
612 1476
613 95
613 378
613 385
613 412
613 496
613 500
613 1112
613 1411
614 74
614 90
614 179
614 422
614 674
614 869
614 874
614 1243
614 1325
614 1365
615 307
615 348
615 382
615 668
615 719
615 1391
616 54
616 284
616 335
616 336
616 363
616 369
616 405
616 590
616 855
616 1082
617 68
617 144
617 770
617 1159
617 1245
617 1471
618 105
618 190
618 332
618 437
618 558
618 699
618 769
618 1468
619 6
619 170
619 475
619 663
619 739
619 778
619 945
619 1012
619 1042
619 1162
620 84
620 176
620 252
620 818
620 934
620 1471
621 34
621 118
621 275
621 276
621 553
621 775
621 824
621 930
621 1120
621 1425
622 42
622 292
622 614
622 1060
622 1272
622 1438
622 1445
623 20
623 68
623 251
623 646
623 745
623 912
623 1008
623 1195
623 1262
623 1287
624 122
624 138
624 705
624 855
624 1204
625 358
625 576
625 1177
625 1267
625 1349
626 73
626 98
626 262
626 888
626 1072
626 1186
626 1404
627 236
627 256
627 642
627 1277
628 263
628 915
628 977
628 1104
628 1158
628 1258
628 1408
629 204
629 402
629 403
629 1495
630 202
630 466
630 617
630 660
630 752
630 1315
630 1400
631 224
631 1152
631 1206
632 959
632 1212
632 1307
633 172
633 176
633 749
633 801
633 1041
633 1264
633 1463
634 62
634 113
634 297
634 569
634 681
634 1044
634 1188
635 46
635 123
635 580
635 595
635 921
635 970
635 974
635 1232
635 1287
636 133
636 196
636 550
636 958
636 989
636 1019
637 30
637 459
637 515
637 1250
637 1496
638 100
638 330
638 418
638 458
638 475
638 659
638 729
638 995
638 1089
638 1357
638 1396
639 343
639 450
639 497
639 698
639 1018
639 1022
639 1031
639 1146
639 1388
639 1469
640 91
640 272
640 620
640 1123
640 1291
641 43
641 133
641 352
641 461
641 469
641 671
641 1293
641 1305
642 226
642 321
642 400
642 720
642 1293
642 1389
643 249
643 490
643 536
643 982
643 999
643 1054
644 110
644 272
644 364
644 957
644 1044
645 65
645 218
645 365
645 498
645 506
645 669
646 672
646 803
646 1046
646 1161
646 1173
646 1292
646 1442
646 1500
647 11
647 97
647 330
647 561
647 771
647 776
647 794
647 1333
648 88
648 217
648 455
648 688
648 1395
648 1399
649 148
649 433
649 740
649 883
649 1025
649 1261
650 335
650 641
650 677
650 1022
651 406
651 431
651 546
651 759
651 781
651 922
651 1027
651 1273
651 1361
651 1456
651 1465
652 296
652 414
652 646
652 739
652 1472
653 143
653 276
653 317
653 528
653 590
653 614
653 648
654 498
654 927
654 1357
655 349
655 682
655 745
655 947
655 1451
656 57
656 277
656 340
656 341
656 485
656 486
656 626
656 698
656 717
656 832
656 1271
657 90
657 129
657 341
657 778
657 1066
657 1081
657 1223
657 1381
657 1430
658 197
658 1232
658 1370
659 665
659 666
659 700
659 750
659 774
659 1083
659 1156
659 1162
659 1265
660 257
660 619
660 761
660 1234
660 1369
661 282
661 455
661 749
661 760
661 1039
661 1404
661 1451
662 294
662 336
662 540
662 626
662 744
662 835
662 843
662 1122
662 1348
663 19
663 95
663 372
663 987
663 1409
663 1485
664 5
664 205
664 235
664 340
664 682
664 802
664 847
664 964
664 1411
665 17
665 219
665 697
665 785
665 934
665 1204
665 1358
665 1463
665 1499
666 63
666 332
666 387
666 460
666 854
666 1117
666 1283
666 1411
667 578
667 937
667 996
667 1349
668 495
668 519
668 641
668 654
668 844
669 315
669 514
669 670
669 1001
669 1478
670 187
670 300
670 382
670 1064
670 1099
670 1207
671 394
671 707
671 756
671 989
671 1034
671 1132
671 1210
671 1270
671 1318
671 1467
672 392
672 1067
672 1371
673 334
673 901
673 948
673 1039
673 1238
673 1293
674 182
674 323
674 421
674 839
675 312
675 574
675 647
675 728
675 1007
675 1156
675 1242
675 1246
675 1384
675 1456
676 221
676 463
676 563
676 966
676 1393
677 88
677 259
677 309
677 469
677 556
677 806
677 1176
678 484
678 545
678 686
678 1413
679 67
679 344
679 952
679 971
679 1364
679 1454
679 1456
680 364
680 407
680 539
680 652
680 1168
680 1430
681 141
681 661
681 992
681 1002
681 1378
682 295
682 450
682 632
682 938
682 1446
683 60
683 490
683 508
683 514
683 721
683 783
683 1179
683 1427
684 494
684 686
684 783
684 814
684 967
684 1030
685 21
685 336
685 710
685 760
685 774
685 822
685 970
685 1149
686 205
686 359
686 558
686 1201
687 104
687 154
687 586
687 666
687 756
687 799
687 818
687 823
687 912
687 938
687 958
687 1268
687 1303
687 1318
687 1464
688 522
688 803
688 911
689 259
689 343
689 630
689 700
689 817
689 978
689 1110
689 1393
690 193
690 485
690 893
690 1131
690 1218
690 1285
690 1337
690 1453
691 303
691 323
691 612
691 1452
692 96
692 140
692 478
692 1246
693 118
693 228
693 667
694 11
694 27
694 574
694 881
694 891
694 979
694 1062
694 1402
694 1411
695 343
695 753
695 1105
695 1484
696 226
696 843
696 1183
696 1374
697 274
697 441
697 694
697 728
697 768
697 1354
698 631
698 850
698 1363
699 33
699 494
699 912
699 969
699 976
699 1099
699 1179
699 1233
699 1277
699 1393
700 86
700 311
700 1286
700 1471
701 90
701 378
701 462
701 491
701 656
701 1025
701 1416
702 33
702 54
702 106
702 230
702 602
702 845
702 892
702 908
702 916
702 968
702 997
703 807
703 1276
703 1477
704 1
704 209
704 280
704 503
704 639
704 892
704 1179
704 1282
705 203
705 497
705 517
705 710
705 748
705 904
705 927
705 1251
705 1259
706 134
706 162
706 341
706 718
706 773
706 811
706 853
706 1232
706 1260
706 1418
707 168
707 484
707 642
707 682
707 927
707 1203
707 1315
708 5
708 365
708 425
708 665
708 721
708 1004
708 1160
708 1183
709 145
709 456
709 960
709 1009
709 1194
710 272
710 1254
710 1275
711 39
711 619
711 986
711 1129
711 1292
712 101
712 331
712 420
712 578
712 779
712 880
712 1060
712 1344
712 1431
712 1464
713 121
713 538
713 1080
713 1327
714 261
714 1083
714 1116
714 1381
715 127
715 138
715 139
715 494
715 678
715 869
715 975
715 1040
715 1226
715 1264
715 1481
716 59
716 418
716 422
716 523
716 1393
717 173
717 288
717 807
717 878
717 1028
717 1067
717 1161
717 1488
718 190
718 567
718 873
718 1203
718 1475
719 56
719 442
720 183
720 275
720 344
720 607
720 769
720 1261
721 63
721 72
721 120
721 416
721 441
721 636
721 797
721 935
722 19
722 337
722 620
722 814
722 851
722 1000
722 1079
722 1128
722 1361
723 902
723 922
723 989
724 13
724 239
724 519
724 972
724 1358
725 186
725 322
725 1012
725 1104
726 145
726 1075
726 1429
726 1474
727 4
727 297
727 638
727 856
727 946
727 1095
728 177
728 346
728 921
728 1263
728 1278
728 1341
729 119
729 343
729 349
729 410
729 509
729 613
729 735
729 1163
729 1175
730 111
730 280
730 418
730 443
730 451
731 104
731 128
731 182
731 186
731 235
731 466
731 696
731 734
731 870
731 1153
731 1367
732 49
732 252
732 1337
732 1391
732 1447
733 479
733 800
733 824
733 1136
733 1242
733 1302
733 1447
734 218
734 224
734 661
734 762
734 806
734 865
734 1111
734 1121
735 112
735 609
735 1242
736 260
736 592
736 936
736 1027
737 198
737 373
737 567
737 1243
737 1296
738 7
738 69
738 141
738 196
738 366
738 449
738 467
738 644
738 746
738 818
738 1155
738 1169
738 1324
738 1465
739 156
739 249
739 347
739 352
739 436
739 1109
739 1187
739 1275
740 117
740 129
740 364
740 566
740 840
740 1098
741 843
741 1199
741 1270
741 1298
742 59
742 302
742 420
742 741
742 903
743 122
743 509
743 592
743 1441
744 166
744 371
744 494
744 673
744 791
744 958
744 1164
744 1310
744 1415
745 96
745 810
746 25
746 50
746 143
746 150
746 198
746 343
746 477
746 537
746 1245
747 287
747 524
747 819
747 1102
747 1228
748 315
748 635
748 673
748 753
748 996
749 386
749 523
749 1380
749 1498
750 162
750 171
750 919
750 1366
750 1369
751 367
751 734
751 806
751 849
752 107
752 219
752 223
752 350
752 802
752 1194
753 617
753 761
753 878
753 990
753 1427
754 835
754 1189
754 1363
754 1389
754 1449
755 135
755 229
755 307
755 536
755 544
755 551
755 846
755 903
755 1076
755 1207
755 1219
755 1434
756 447
756 995
757 198
757 262
757 302
757 572
757 671
757 976
757 1251
758 129
758 252
758 458
758 948
758 975
759 262
759 533
759 1088
759 1142
759 1143
759 1208
759 1210
759 1328
760 690
760 744
760 888
760 900
760 1095
760 1125
761 264
761 942
761 1091
762 330
762 599
762 918
762 1193
763 386
763 625
763 873
763 958
764 387
764 773
764 1083
764 1433
765 23
765 205
765 540
765 1024
766 356
766 1397
766 1481
767 318
767 621
767 686
767 719
767 832
767 1150
767 1213
767 1222
768 44
768 224
768 371
768 571
768 990
768 1290
768 1315
768 1493
769 376
769 810
769 1078
769 1292
770 402
770 626
770 773
770 1339
770 1343
771 398
771 860
771 984
771 1043
771 1100
772 74
772 722
772 755
772 904
772 1394
773 207
773 255
773 272
773 352
773 619
773 993
774 50
774 945
774 1059
774 1256
775 27
775 197
775 408
775 537
775 834
775 1254
776 218
776 353
776 529
776 609
776 742
776 883
776 888
776 953
776 983
776 1166
776 1448
777 58
777 249
777 1174
777 1455
778 559
778 561
778 612
778 691
778 914
778 961
778 978
778 1417
779 678
779 1291
780 73
780 433
780 645
780 964
780 1260
780 1381
781 179
781 530
781 865
781 1137
781 1438
782 233
782 399
782 463
782 568
782 593
782 1080
782 1331
782 1448
783 203
783 774
783 1173
783 1408
784 1246
785 1
785 319
785 481
785 723
785 806
785 889
785 964
785 968
785 1161
785 1328
786 51
786 1131
786 1267
786 1320
787 67
787 77
787 310
787 768
787 1281
788 207
788 217
788 317
788 688
788 862
788 1357
789 162
789 611
789 616
789 1104
789 1252
789 1451
790 218
790 480
790 796
790 884
790 1320
791 36
791 120
791 203
791 428
791 587
791 758
791 821
791 1165
791 1412
792 256
792 1129
792 1215
792 1222
793 159
793 271
793 465
793 630
793 796
793 814
794 433
794 586
794 1401
794 1477
795 231
795 322
795 457
795 471
795 1480
796 213
796 299
796 368
796 795
797 156
797 614
797 1075
797 1087
797 1091
798 37
798 108
798 920
798 1173
798 1486
799 116
799 388
799 450
799 494
799 687
799 937
799 1050
799 1218
799 1322
799 1327
800 475
800 1114
800 1393
801 538
801 664
801 900
801 1164
801 1203
801 1245
801 1299
802 7
802 401
802 417
802 486
802 767
802 779
802 790
802 965
802 1461
803 72
803 332
803 372
803 980
803 1017
803 1063
803 1312
804 277
804 333
804 532
804 766
804 938
804 1174
804 1221
804 1424
805 6
805 475
805 801
805 1351
805 1480
806 196
807 116
807 362
807 370
807 401
807 686
807 1144
807 1220
807 1346
807 1492
808 308
808 382
808 415
808 422
808 442
808 539
808 600
808 796
808 804
808 909
808 984
808 1158
809 267
809 597
809 889
809 1387
809 1447
810 242
810 269
810 383
810 449
810 552
810 775
810 1048
810 1451
811 175
811 366
811 523
811 767
811 816
811 1229
811 1240
811 1332
811 1333
811 1346
812 267
812 786
812 1110
812 1228
812 1341
813 232
813 428
813 434
813 516
813 615
813 987
813 1370
813 1411
814 126
814 163
814 498
814 508
814 690
814 826
814 1110
814 1203
814 1407
815 180
815 750
815 765
815 1106
815 1168
815 1364
815 1457
816 425
816 774
816 983
816 1017
816 1157
816 1310
816 1395
816 1419
817 1009
817 1058
818 258
818 1078
818 1121
818 1407
819 601
819 702
819 817
819 1216
819 1332
819 1371
820 9
820 153
820 198
820 273
820 867
820 1101
820 1313
821 566
821 710
821 949
821 1066
821 1383
821 1482
822 431
822 458
822 692
822 816
822 1057
823 155
823 214
823 239
823 1051
824 11
824 301
824 417
824 593
824 747
824 931
824 1020
824 1396
825 90
825 148
825 222
825 335
825 339
825 431
825 616
825 732
825 812
825 852
825 883
826 95
826 461
826 733
826 787
826 810
826 1000
826 1119
826 1132
827 56
827 437
827 662
827 807
827 906
827 1019
827 1049
827 1184
827 1271
827 1434
828 266
828 517
828 598
828 685
828 810
828 1180
829 212
829 495
829 565
829 814
829 932
829 1406
830 45
830 449
830 846
830 916
830 1200
830 1238
831 1322
831 1335
831 1347
831 1414
832 28
832 85
832 300
832 348
832 520
832 698
832 820
832 1188
832 1335
833 264
833 537
833 641
833 799
833 1087
834 74
834 114
834 131
834 290
835 80
835 339
836 371
836 497
836 588
836 686
836 693
836 718
836 920
836 945
836 1249
836 1331
837 85
837 259
837 463
837 678
838 326
838 512
838 673
838 698
838 1013
838 1074
838 1093
838 1361
839 48
839 69
839 376
839 442
839 496
839 566
839 612
839 649
839 847
840 383
840 474
840 503
840 741
840 1310
841 125
841 218
841 383
841 567
841 827
841 1138
841 1316
841 1336
842 31
842 779
842 834
842 836
842 1029
842 1140
842 1284
843 287
843 442
843 711
843 820
843 855
843 895
843 1166
843 1376
843 1444
843 1449
844 837
844 958
844 1203
844 1291
844 1318
844 1497
845 438
845 1001
845 1091
845 1239
846 168
846 219
846 511
846 585
846 762
846 1280
846 1454
847 731
847 1076
847 1082
847 1197
847 1340
848 33
848 66
848 317
848 624
848 1169
848 1220
848 1424
848 1431
849 133
849 914
849 1185
849 1459
850 818
850 839
850 1192
850 1369
851 23
851 1072
851 1103
851 1359
852 23
852 213
852 638
852 678
852 1294
853 241
853 359
853 411
853 457
853 649
853 704
853 896
853 1198
854 34
854 133
854 201
854 354
854 501
854 565
854 691
854 1028
854 1460
855 29
855 553
855 872
855 1012
855 1214
855 1327
856 412
856 538
856 1292
857 322
857 471
857 653
857 1222
857 1235
857 1245
858 38
858 301
858 936
858 1025
858 1053
858 1237
858 1477
859 456
859 592
859 672
859 926
859 1010
859 1320
859 1360
859 1382
860 649
860 746
860 959
860 1062
860 1129
860 1373
861 40
861 421
861 524
862 68
862 78
862 134
862 329
862 433
862 443
862 482
862 728
862 958
863 101
863 398
863 399
863 565
863 833
863 929
863 950
863 1348
863 1392
864 37
864 483
864 754
864 772
864 949
864 1056
864 1227
865 142
865 246
865 375
865 407
865 567
865 1205
865 1215
865 1248
865 1495
866 284
866 947
866 994
866 1154
866 1311
867 467
867 682
867 910
867 921
867 965
867 1095
867 1124
867 1316
868 176
868 213
868 291
868 385
868 544
868 650
868 768
868 921
868 980
868 1378
868 1415
868 1471
869 162
869 394
869 923
869 1059
869 1317
869 1376
869 1393
869 1462
870 135
870 144
870 146
870 237
870 485
870 841
870 939
870 1208
870 1351
871 43
871 89
871 143
871 215
871 463
871 480
871 570
871 835
871 859
871 1048
871 1223
871 1249
871 1353
871 1500
872 446
872 600
872 870
872 950
873 79
873 367
873 424
873 816
873 1019
873 1078
873 1341
873 1347
873 1373
874 55
874 297
874 825
874 1021
874 1094
874 1214
874 1365
875 22
875 33
875 180
875 214
875 807
875 1194
875 1458
876 283
876 364
876 881
876 1026
876 1344
877 419
877 758
877 922
877 1091
878 835
878 1230
879 77
879 490
879 649
879 799
879 1172
879 1225
880 943
881 136
881 318
881 569
881 768
881 803
881 949
881 1178
881 1254
882 103
882 122
882 274
882 814
882 1466
882 1484
883 419
883 467
883 659
883 707
883 905
883 999
883 1154
883 1294
883 1491
884 367
884 803
885 162
885 409
885 590
885 700
885 764
885 1464
886 242
886 610
886 1012
887 281
887 998
887 1176
888 87
888 485
888 574
888 743
888 977
888 1061
888 1267
888 1294
889 210
889 342
889 1247
890 363
890 486
890 539
890 711
890 803
890 871
890 1496
891 375
891 540
891 767
892 56
892 97
892 480
893 308
893 597
893 794
893 807
893 824
893 914
893 939
893 1410
893 1487
894 84
894 311
894 610
894 890
894 1091
894 1227
895 112
895 678
895 1429
895 1457
896 335
896 672
896 1447
897 242
897 366
897 680
897 819
897 967
897 1026
897 1346
897 1425
897 1478
898 297
898 493
898 772
898 1239
899 362
899 569
899 607
899 780
899 782
899 790
899 826
899 1163
899 1276
900 264
900 470
900 583
900 1105
900 1443
901 72
901 687
901 962
901 1126
901 1200
901 1257
901 1411
902 19
902 222
902 492
902 623
902 637
902 1252
902 1394
902 1468
903 628
903 780
903 850
903 985
903 1325
904 47
904 64
904 83
904 1041
905 349
905 408
905 453
905 606
905 973
906 352
906 359
906 1231
906 1410
906 1494
907 225
907 362
907 404
907 513
907 662
907 1403
908 225
908 476
909 66
909 226
909 325
909 350
909 519
909 635
909 743
909 767
909 931
909 1251
909 1326
910 367
910 438
910 711
910 718
910 906
910 962
910 1025
910 1027
910 1077
910 1137
911 247
911 351
911 420
911 423
911 494
911 638
911 1009
911 1302
911 1306
911 1381
911 1496
912 49
912 588
912 840
912 974
913 71
913 664
913 990
913 1360
914 73
914 426
914 827
914 845
914 1161
914 1430
915 688
915 792
915 1025
915 1461
916 192
916 224
916 279
916 340
916 471
916 651
916 740
916 838
916 1211
917 394
917 396
918 522
918 1395
918 1466
919 244
919 566
919 785
919 1058
919 1070
920 247
920 290
920 621
920 1064
920 1128
920 1315
920 1479
921 411
921 589
921 741
921 776
921 1211
922 610
922 1108
922 1213
922 1402
923 159
923 624
923 687
923 730
923 877
923 1452
924 99
924 108
924 1024
924 1358
925 250
925 707
925 711
925 900
925 943
925 1083
925 1133
925 1170
925 1267
925 1452
926 543
926 557
926 863
926 875
926 952
927 399
927 488
928 629
928 934
928 1079
928 1302
929 132
929 353
929 371
930 128
930 529
930 602
930 658
930 870
930 997
930 1377
930 1436
930 1443
931 295
931 353
931 614
931 639
931 1091
931 1364
931 1405
932 139
932 295
932 509
932 1034
932 1109
932 1308
932 1344
933 198
933 351
933 517
933 638
933 695
933 874
933 986
933 1088
933 1498
934 158
934 249
934 287
934 539
934 625
934 853
934 990
934 1096
934 1184
934 1259
934 1408
935 466
935 605
935 734
935 880
935 1024
935 1067
935 1461
936 237
936 845
936 929
936 1037
936 1179
936 1240
937 76
937 138
937 440
937 454
937 753
937 887
937 1241
937 1253
937 1368
938 242
938 435
938 569
938 717
938 921
939 136
939 452
939 490
939 983
939 1031
939 1103
939 1212
940 111
940 500
940 814
940 929
940 1198
941 204
941 453
941 579
941 631
941 837
941 892
941 906
942 502
942 595
942 622
942 735
942 790
942 849
942 1011
942 1213
942 1373
942 1387
942 1464
943 322
943 373
943 889
943 1272
944 674
944 727
944 826
944 880
944 1102
944 1319
945 445
945 710
946 389
946 817
946 966
947 163
947 503
947 672
947 1325
948 16
948 73
948 279
948 508
948 835
948 1041
948 1043
948 1402
949 588
949 732
949 830
949 875
949 908
949 1078
949 1116
949 1324
950 83
950 225
950 559
950 827
951 13
951 666
951 829
951 1129
951 1379
951 1424
951 1473
952 93
952 242
952 425
952 809
952 949
952 1025
953 71
953 123
953 268
953 280
953 526
953 766
953 770
953 777
953 854
953 1042
954 91
954 420
954 573
954 605
954 870
954 1273
954 1328
954 1495
955 198
955 200
955 381
955 530
955 785
955 836
955 933
956 324
956 652
956 818
957 243
957 524
957 525
957 658
957 1225
957 1394
958 201
958 325
958 481
958 561
958 709
958 1244
958 1425
959 153
959 230
959 352
959 569
959 856
960 134
960 436
960 912
960 1080
960 1159
960 1412
961 87
961 260
961 587
961 699
961 910
962 55
962 102
962 226
962 417
962 540
962 834
962 1224
962 1396
963 25
963 254
963 522
963 1023
963 1089
963 1403
964 758
964 790
964 1097
964 1145
964 1369
965 464
965 503
965 1043
965 1052
966 71
966 220
967 177
967 578
967 618
967 778
967 1286
967 1421
968 285
968 288
968 321
968 896
968 1230
968 1402
968 1493
968 1494
969 24
969 218
969 259
969 318
969 866
969 1090
969 1321
970 15
970 442
970 639
970 1023
970 1315
971 89
971 144
971 323
971 563
971 1034
971 1054
971 1099
972 75
972 87
972 516
972 562
972 566
972 589
972 655
972 699
972 863
972 1304
972 1441
973 755
973 909
973 1233
973 1445
974 311
974 835
974 845
974 1126
975 1065
975 1294
976 440
976 707
976 845
976 1150
976 1342
976 1451
977 18
977 65
977 423
977 456
977 540
977 722
977 892
977 991
977 1154
977 1353
977 1416
978 99
978 369
978 377
978 664
978 1090
978 1141
979 87
979 99
979 316
979 713
979 873
979 890
979 1027
979 1053
980 178
980 324
980 368
980 1192
981 437
981 758
981 821
981 848
981 1385
982 259
982 724
982 760
982 933
982 1064
982 1175
982 1248
983 21
983 61
983 238
983 472
983 639
983 1300
984 551
984 680
984 1250
984 1465
984 1466
985 156
985 326
985 474
985 757
985 998
985 1279
985 1466
986 114
986 734
986 1443
987 413
987 1054
988 266
988 1154
988 1258
988 1356
988 1399
989 652
989 997
989 1363
989 1468
990 249
990 518
990 894
990 1016
990 1389
991 421
991 426
991 1061
991 1084
991 1112
991 1258
991 1412
992 112
992 1054
992 1142
992 1401
992 1457
993 70
993 189
994 329
995 545
995 568
995 765
995 801
995 1166
995 1341
995 1428
996 33
996 111
996 941
996 1147
996 1151
996 1436
997 453
997 1350
997 1395
997 1412
998 68
998 152
998 1242
998 1289
999 95
999 196
999 329
999 654
999 676
999 721
999 798
999 1336
1000 394
1000 630
1000 720
1001 281
1001 485
1001 1200
1002 522
1002 541
1002 1308
1002 1441
1003 77
1003 78
1003 157
1003 192
1003 196
1003 415
1003 1076
1003 1453
1004 390
1004 826
1004 891
1004 931
1004 934
1005 9
1005 76
1005 185
1005 644
1005 858
1005 1178
1005 1240
1005 1307
1005 1431
1006 86
1006 231
1006 471
1006 522
1006 639
1006 1237
1006 1361
1007 29
1007 517
1008 329
1008 618
1008 718
1008 740
1008 975
1008 1090
1008 1258
1009 12
1009 249
1009 597
1009 1382
1010 84
1010 1307
1010 1333
1011 427
1011 583
1011 757
1011 949
1011 1012
1011 1112
1012 184
1012 652
1012 689
1012 702
1012 1148
1012 1323
1013 90
1013 339
1013 358
1013 572
1013 627
1013 784
1013 1220
1013 1305
1013 1354
1014 229
1014 639
1014 706
1014 723
1014 858
1014 1086
1015 475
1015 583
1015 604
1015 605
1015 729
1015 755
1015 854
1015 1011
1015 1163
1015 1199
1015 1227
1016 69
1016 276
1016 370
1016 399
1016 516
1016 701
1016 1500
1017 372
1017 379
1017 521
1017 770
1017 901
1017 1202
1018 749
1018 1009
1018 1403
1018 1429
1019 1075
1019 1156
1019 1314
1020 304
1020 360
1020 407
1020 584
1020 673
1020 714
1020 1164
1020 1329
1021 49
1021 88
1021 251
1021 507
1021 931
1021 1104
1021 1288
1021 1386
1022 62
1022 77
1022 243
1022 582
1022 616
1022 661
1022 708
1023 34
1023 271
1023 316
1023 325
1023 800
1023 895
1023 937
1023 947
1023 1302
1024 87
1024 1354
1024 1389
1024 1479
1025 789
1025 1180
1025 1232
1025 1281
1025 1302
1025 1400
1025 1401
1026 607
1026 632
1026 827
1026 1242
1027 166
1027 519
1027 669
1027 829
1027 1175
1028 361
1028 372
1028 410
1028 519
1028 1399
1029 919
1029 1278
1030 83
1030 974
1030 1097
1030 1107
1031 79
1031 210
1031 278
1031 735
1031 982
1032 46
1032 52
1032 249
1032 514
1032 727
1032 741
1032 841
1032 991
1032 1306
1033 348
1033 1087
1033 1160
1033 1190
1034 315
1034 998
1034 1147
1035 175
1035 272
1035 450
1035 539
1035 990
1035 1066
1035 1085
1035 1126
1035 1188
1036 64
1036 131
1036 217
1036 583
1036 622
1036 812
1036 951
1036 1347
1037 33
1037 573
1037 594
1037 672
1037 722
1037 795
1037 883
1038 81
1038 257
1038 478
1038 616
1038 814
1038 880
1038 1174
1039 130
1039 398
1039 676
1039 786
1040 49
1040 904
1040 1250
1041 52
1041 302
1041 351
1041 517
1041 532
1041 1358
1041 1437
1041 1482
1043 289
1043 367
1043 501
1043 530
1043 771
1043 923
1043 1445
1044 49
1044 608
1044 1379
1045 144
1045 297
1045 522
1045 526
1045 1083
1045 1379
1046 564
1046 794
1046 871
1046 964
1046 1036
1046 1336
1047 689
1047 823
1047 965
1047 1052
1047 1102
1047 1407
1048 371
1048 523
1048 612
1048 631
1048 644
1048 774
1048 823
1048 841
1048 946
1048 1270
1049 56
1049 624
1049 914
1049 1117
1049 1492
1050 46
1050 463
1050 816
1050 826
1050 1193
1050 1421
1051 789
1051 877
1051 1420
1052 116
1052 935
1052 953
1052 1148
1052 1275
1053 444
1053 918
1053 1026
1053 1437
1054 159
1054 249
1054 308
1054 503
1054 795
1054 894
1054 970
1054 1215
1055 128
1055 220
1055 313
1055 331
1055 945
1055 1142
1055 1270
1055 1353
1056 101
1056 256
1056 668
1056 954
1056 1461
1057 124
1057 702
1057 1299
1057 1335
1057 1354
1057 1378
1057 1494
1058 344
1058 639
1058 667
1058 686
1058 768
1058 971
1058 1223
1058 1382
1059 194
1059 254
1059 265
1059 334
1059 546
1059 621
1059 698
1059 1355
1060 175
1060 729
1060 1125
1060 1266
1060 1497
1061 279
1061 406
1061 488
1061 1026
1061 1185
1061 1335
1062 121
1062 619
1062 798
1062 1363
1063 175
1063 374
1063 752
1063 883
1063 991
1063 1307
1063 1498
1064 48
1064 495
1064 618
1065 149
1065 184
1065 385
1065 592
1065 633
1065 1329
1066 88
1066 322
1066 382
1066 814
1066 854
1066 1050
1066 1057
1066 1269
1066 1402
1067 186
1067 349
1067 761
1067 935
1067 1251
1067 1280
1068 34
1068 166
1068 950
1068 1072
1068 1080
1068 1295
1068 1394
1069 392
1069 568
1069 768
1069 1022
1069 1177
1069 1257
1070 409
1070 497
1070 610
1070 1007
1070 1254
1070 1329
1070 1440
1071 620
1071 1019
1071 1023
1071 1065
1071 1192
1072 294
1072 308
1072 751
1072 1063
1072 1102
1073 279
1073 313
1073 572
1073 812
1073 1130
1073 1351
1074 154
1074 1122
1074 1177
1074 1463
1075 887
1076 340
1076 523
1076 1299
1076 1347
1077 5
1077 65
1077 887
1078 457
1078 539
1078 632
1078 663
1078 1195
1078 1292
1079 415
1079 420
1079 861
1079 1070
1079 1164
1079 1246
1080 220
1080 346
1080 1280
1081 401
1081 551
1081 635
1081 781
1081 898
1081 1371
1082 406
1082 817
1082 918
1082 1122
1083 375
1083 576
1083 641
1083 803
1083 1045
1083 1404
1084 317
1084 849
1084 1146
1084 1277
1084 1305
1084 1311
1084 1475
1085 55
1085 80
1085 319
1085 491
1085 625
1086 30
1086 257
1086 314
1086 688
1086 719
1086 1189
1086 1214
1086 1354
1086 1412
1086 1485
1087 1301
1087 1322
1088 170
1088 228
1088 420
1088 999
1088 1094
1088 1142
1088 1221
1088 1441
1088 1461
1089 343
1089 1451
1090 62
1090 338
1090 941
1090 1056
1090 1198
1090 1301
1091 423
1091 442
1091 834
1091 1090
1091 1267
1091 1461
1091 1479
1092 980
1093 478
1093 685
1093 827
1093 875
1093 890
1093 1205
1093 1244
1093 1328
1093 1398
1094 111
1094 268
1094 283
1095 9
1095 1411
1095 1444
1095 1481
1096 27
1096 97
1096 141
1096 223
1096 332
1096 521
1096 1047
1096 1148
1096 1345
1097 318
1097 680
1097 1191
1098 23
1098 35
1098 547
1098 588
1098 758
1098 1316
1099 178
1099 253
1099 796
1099 1167
1099 1450
1100 230
1100 237
1100 284
1100 287
1100 494
1100 565
1100 595
1100 1004
1100 1466
1101 177
1101 526
1101 644
1101 696
1101 865
1101 1058
1101 1062
1101 1075
1101 1258
1102 28
1102 146
1102 264
1102 467
1102 499
1102 1023
1102 1205
1102 1336
1103 376
1103 655
1103 1130
1103 1185
1103 1371
1104 419
1104 677
1104 772
1104 964
1105 163
1105 310
1105 412
1105 1044
1105 1296
1105 1347
1106 57
1106 307
1106 361
1106 471
1106 502
1106 696
1106 739
1106 853
1106 891
1106 1213
1106 1241
1106 1459
1107 217
1107 323
1107 672
1107 908
1107 1284
1108 120
1108 786
1108 1144
1108 1241
1108 1263
1108 1271
1108 1488
1109 159
1109 239
1109 545
1109 736
1109 860
1109 985
1109 1094
1109 1360
1109 1410
1110 411
1110 436
1110 462
1110 837
1110 854
1110 876
1110 1070
1111 52
1111 142
1111 399
1111 599
1111 1343
1112 410
1112 728
1112 864
1112 950
1112 1121
1112 1201
1112 1452
1113 3
1113 47
1113 183
1113 264
1113 296
1113 390
1113 560
1113 562
1113 815
1113 1013
1113 1161
1113 1204
1113 1269
1113 1273
1113 1320
1113 1340
1113 1353
1113 1445
1114 84
1114 153
1114 517
1114 541
1114 646
1114 744
1114 1151
1114 1460
1114 1489
1115 605
1115 612
1115 659
1115 828
1115 1093
1115 1396
1115 1491
1116 901
1116 1245
1116 1437
1117 131
1117 219
1117 344
1118 122
1118 145
1118 162
1118 291
1118 422
1118 536
1118 823
1118 863
1118 924
1118 1228
1118 1289
1118 1316
1118 1482
1119 177
1119 385
1119 712
1119 1211
1120 52
1120 334
1120 453
1120 455
1120 590
1120 695
1121 129
1121 464
1121 737
1121 998
1121 1100
1121 1176
1121 1388
1122 482
1122 522
1122 647
1122 827
1122 1021
1122 1070
1122 1179
1122 1232
1122 1371
1123 271
1123 331
1123 473
1123 682
1123 892
1123 1317
1123 1467
1124 149
1124 1136
1124 1207
1125 89
1125 909
1125 1061
1125 1166
1126 12
1126 83
1126 127
1126 152
1126 405
1126 500
1126 506
1126 599
1126 836
1126 1055
1126 1321
1127 461
1127 650
1127 1177
1127 1335
1127 1483
1128 279
1128 339
1128 360
1128 632
1128 898
1128 1155
1128 1237
1128 1277
1128 1325
1128 1456
1129 14
1129 415
1130 66
1130 339
1130 844
1130 957
1130 1103
1130 1260
1131 194
1131 271
1131 303
1131 848
1131 1016
1131 1119
1131 1197
1131 1220
1131 1238
1131 1421
1132 209
1132 276
1132 376
1132 717
1133 11
1133 28
1133 183
1133 359
1133 817
1133 1139
1134 683
1134 724
1134 781
1134 831
1135 54
1135 56
1135 127
1135 311
1135 457
1135 893
1135 1125
1135 1247
1136 85
1136 176
1136 708
1136 1006
1136 1378
1137 88
1137 196
1137 938
1137 971
1137 1030
1138 57
1138 106
1138 459
1138 615
1138 748
1138 751
1138 884
1138 1255
1138 1301
1139 407
1139 842
1139 1360
1139 1413
1139 1470
1139 1495
1140 127
1140 350
1140 380
1140 527
1140 687
1140 730
1140 1270
1140 1415
1141 421
1141 664
1141 960
1141 1001
1141 1153
1141 1248
1141 1266
1142 202
1142 468
1142 534
1142 594
1142 631
1142 690
1142 820
1142 1054
1143 198
1143 288
1143 425
1143 719
1143 915
1143 1043
1143 1108
1144 849
1144 1121
1144 1457
1144 1489
1145 117
1145 519
1145 728
1146 545
1146 696
1146 732
1146 798
1146 822
1146 877
1146 1160
1146 1409
1147 63
1147 149
1147 280
1147 324
1147 438
1147 534
1147 591
1147 641
1147 647
1147 676
1147 1487
1148 305
1148 441
1148 503
1148 535
1148 775
1148 1139
1148 1446
1149 542
1149 734
1149 825
1149 1172
1150 165
1150 216
1150 253
1150 595
1150 876
1150 1062
1150 1134
1150 1162
1151 166
1151 379
1151 574
1151 1165
1151 1458
1152 215
1152 565
1152 860
1152 1010
1152 1294
1152 1483
1153 360
1153 519
1153 1217
1153 1254
1153 1469
1154 29
1154 127
1154 403
1154 690
1154 1008
1154 1185
1154 1316
1154 1427
1155 94
1155 123
1155 237
1155 396
1155 416
1155 682
1155 743
1155 1457
1156 912
1156 1316
1156 1353
1157 78
1157 228
1157 556
1157 1258
1158 153
1158 968
1158 1293
1158 1299
1159 217
1159 365
1159 595
1159 714
1159 923
1159 936
1159 937
1159 1080
1159 1455
1160 48
1160 153
1160 357
1160 530
1160 541
1160 944
1160 1130
1161 43
1161 172
1161 329
1161 462
1161 522
1161 1418
1161 1425
1162 232
1162 829
1163 59
1163 370
1163 521
1163 754
1163 845
1163 981
1163 1136
1163 1257
1163 1380
1164 99
1164 379
1164 469
1164 843
1164 1274
1164 1336
1165 609
1165 722
1165 920
1165 1032
1165 1172
1166 225
1166 311
1166 314
1166 438
1166 466
1166 561
1166 591
1166 669
1166 685
1166 912
1166 1069
1166 1417
1167 409
1167 670
1167 693
1167 759
1167 979
1167 1082
1167 1144
1167 1324
1167 1459
1168 252
1168 283
1168 1420
1168 1500
1169 52
1169 610
1169 794
1169 798
1169 959
1169 1161
1170 168
1170 785
1170 965
1170 1400
1171 447
1171 747
1171 849
1171 992
1171 1268
1172 419
1172 530
1172 546
1172 626
1172 676
1172 714
1172 955
1172 1249
1172 1285
1172 1387
1172 1492
1173 143
1173 254
1173 1022
1174 64
1174 302
1174 379
1174 548
1174 628
1175 101
1175 102
1175 147
1175 196
1175 658
1175 698
1175 779
1175 934
1175 995
1175 1281
1175 1472
1176 271
1176 1000
1176 1013
1176 1073
1177 194
1177 462
1177 1390
1177 1495
1177 1496
1178 180
1178 276
1178 673
1178 676
1178 782
1178 1074
1178 1180
1179 525
1179 715
1179 795
1179 804
1179 822
1179 849
1179 921
1179 930
1179 1171
1180 443
1180 972
1180 1084
1181 22
1181 735
1181 945
1181 966
1182 38
1182 246
1182 413
1182 751
1182 767
1182 916
1182 992
1182 1142
1182 1296
1183 467
1183 492
1183 662
1183 684
1183 1181
1184 314
1184 1109
1184 1111
1184 1198
1184 1422
1185 241
1185 583
1185 604
1185 630
1185 1167
1185 1273
1185 1275
1186 1
1186 140
1186 690
1186 761
1186 827
1186 1256
1187 6
1187 89
1187 332
1187 516
1187 529
1187 657
1187 1355
1187 1363
1188 213
1188 423
1188 551
1188 1281
1189 310
1189 553
1189 638
1189 643
1189 722
1189 1451
1190 84
1190 190
1190 374
1190 421
1190 555
1190 760
1190 814
1190 930
1190 1424
1191 40
1191 527
1191 555
1191 669
1191 798
1191 806
1191 1012
1192 160
1192 204
1192 536
1192 601
1192 732
1193 345
1193 941
1193 1343
1194 350
1194 981
1194 1023
1194 1283
1194 1351
1194 1468
1195 547
1195 599
1195 1462
1196 69
1196 462
1196 500
1196 598
1196 716
1196 940
1196 955
1196 1055
1197 212
1197 389
1197 394
1197 422
1197 575
1197 584
1197 628
1197 801
1197 1105
1197 1475
1198 7
1198 229
1198 410
1198 524
1198 1033
1198 1167
1198 1240
1198 1308
1199 349
1199 705
1199 783
1199 1047
1199 1344
1200 1096
1200 1454
1200 1488
1201 24
1201 81
1201 282
1201 290
1201 369
1201 754
1201 1286
1201 1371
1201 1426
1201 1441
1201 1467
1202 933
1202 1104
1202 1238
1203 486
1203 636
1204 508
1204 884
1204 978
1204 994
1204 1253
1204 1364
1205 198
1205 227
1205 276
1205 298
1205 388
1205 390
1205 492
1205 827
1205 908
1205 1042
1205 1218
1206 458
1206 776
1206 1372
1207 30
1207 277
1207 306
1207 425
1207 514
1207 680
1207 1074
1207 1103
1207 1393
1208 56
1208 60
1208 117
1208 175
1208 316
1208 505
1208 518
1208 896
1208 987
1208 1222
1209 274
1209 543
1209 824
1209 887
1209 1427
1210 395
1210 565
1210 678
1210 1087
1211 26
1211 45
1211 201
1211 1053
1211 1193
1211 1410
1211 1485
1212 83
1212 129
1212 760
1212 896
1212 1112
1213 12
1213 428
1213 949
1214 291
1214 720
1214 838
1214 963
1214 1117
1214 1239
1214 1291
1215 142
1215 189
1215 457
1215 507
1215 697
1215 1036
1215 1164
1215 1349
1216 480
1216 713
1216 948
1216 1105
1216 1340
1217 222
1217 416
1217 448
1217 611
1217 945
1217 1270
1217 1303
1218 231
1218 897
1218 924
1218 1334
1219 66
1219 360
1219 927
1219 987
1219 1271
1220 364
1220 444
1220 445
1220 455
1220 709
1220 751
1220 1005
1220 1434
1221 144
1221 202
1221 255
1221 307
1221 607
1221 990
1221 1010
1221 1124
1221 1192
1221 1262
1221 1461
1222 227
1222 376
1222 1048
1222 1303
1223 3
1223 1183
1224 106
1224 168
1224 670
1224 761
1224 862
1224 1296
1225 293
1225 654
1225 738
1225 952
1225 1267
1225 1360
1226 272
1226 279
1226 422
1226 1041
1226 1092
1226 1242
1226 1396
1227 566
1227 579
1227 769
1227 930
1227 932
1227 1139
1227 1228
1228 43
1228 384
1228 392
1228 450
1228 623
1228 814
1228 825
1228 1009
1228 1111
1228 1147
1228 1148
1228 1480
1229 112
1229 220
1229 435
1229 768
1229 902
1229 975
1229 1153
1230 162
1230 323
1230 481
1230 499
1230 725
1230 805
1230 943
1230 1322
1230 1456
1231 118
1231 134
1231 226
1231 497
1231 643
1231 957
1231 1094
1231 1222
1231 1336
1232 200
1232 508
1232 1373
1233 9
1233 720
1233 1303
1233 1480
1234 401
1234 445
1234 668
1234 713
1234 764
1234 831
1234 993
1234 1112
1235 720
1235 944
1235 965
1235 1144
1236 43
1236 128
1236 295
1236 399
1236 554
1236 653
1236 930
1237 70
1237 445
1237 479
1237 536
1237 815
1237 1070
1237 1380
1238 29
1238 30
1238 299
1238 462
1238 599
1238 634
1238 819
1238 1290
1238 1381
1239 93
1239 281
1239 409
1239 729
1239 823
1239 919
1239 1061
1239 1464
1240 99
1240 218
1240 619
1240 743
1240 1061
1240 1137
1240 1339
1240 1359
1240 1463
1241 1436
1242 314
1242 476
1243 436
1243 1391
1244 46
1244 221
1244 285
1244 331
1244 358
1244 571
1244 829
1245 112
1245 468
1245 679
1245 850
1245 899
1245 1080
1246 415
1246 713
1246 1111
1247 135
1247 227
1247 231
1247 505
1247 947
1247 991
1247 1007
1247 1009
1247 1123
1247 1175
1247 1231
1247 1258
1247 1315
1247 1436
1247 1438
1247 1481
1248 222
1248 420
1248 581
1248 800
1248 1223
1248 1456
1249 1071
1250 206
1250 301
1250 466
1250 493
1250 699
1250 772
1250 996
1250 1230
1251 30
1251 669
1251 920
1251 1212
1252 172
1252 194
1252 206
1252 795
1252 810
1252 897
1252 920
1252 1459
1252 1467
1253 58
1253 869
1253 1289
1253 1389
1254 104
1254 471
1254 904
1254 907
1254 951
1254 1111
1254 1307
1255 120
1255 297
1255 500
1255 905
1255 930
1255 932
1255 948
1255 965
1255 1153
1255 1204
1255 1437
1256 331
1256 642
1256 1018
1256 1042
1256 1391
1256 1449
1257 119
1257 382
1257 585
1257 833
1257 937
1257 1190
1258 87
1258 385
1258 557
1258 563
1258 937
1259 155
1259 277
1259 337
1259 358
1259 513
1259 613
1259 772
1259 897
1259 1013
1260 65
1260 68
1260 365
1260 377
1260 511
1260 613
1260 1394
1261 7
1261 173
1261 681
1261 1097
1261 1164
1261 1278
1262 12
1262 190
1262 713
1262 763
1262 806
1262 823
1262 979
1262 1106
1262 1150
1262 1162
1262 1255
1262 1322
1262 1399
1263 436
1263 576
1263 1096
1263 1166
1263 1316
1264 31
1264 539
1264 559
1264 1075
1264 1437
1265 396
1265 578
1265 834
1265 1166
1265 1291
1266 62
1266 429
1266 510
1266 849
1266 1290
1266 1332
1267 252
1267 266
1267 412
1267 868
1267 1482
1267 1488
1268 47
1268 591
1268 641
1268 665
1268 878
1268 1015
1268 1246
1268 1450
1268 1491
1269 4
1269 78
1269 350
1269 500
1269 597
1269 674
1269 1237
1270 175
1270 557
1270 932
1270 1029
1270 1363
1270 1369
1270 1443
1271 555
1271 1484
1272 80
1272 277
1272 316
1272 328
1272 464
1272 704
1272 956
1272 1205
1272 1301
1272 1339
1273 46
1273 398
1273 442
1274 307
1274 465
1274 640
1274 753
1274 836
1274 887
1274 1075
1274 1244
1274 1303
1275 514
1275 539
1275 794
1276 207
1276 972
1276 981
1276 1073
1276 1457
1277 1077
1277 1107
1278 843
1278 905
1278 1061
1278 1175
1278 1404
1278 1483
1279 160
1279 545
1279 703
1279 720
1279 1123
1279 1209
1279 1272
1280 115
1280 665
1280 736
1280 1386
1280 1500
1281 41
1281 204
1281 387
1281 630
1281 792
1281 814
1281 1102
1281 1399
1281 1458
1282 4
1282 187
1282 448
1282 582
1282 640
1282 989
1282 1019
1282 1240
1282 1260
1283 66
1283 131
1283 304
1283 462
1283 501
1283 674
1283 808
1283 849
1283 903
1283 908
1284 4
1284 169
1284 343
1284 775
1284 1121
1284 1166
1284 1242
1284 1258
1284 1473
1285 57
1285 610
1285 658
1285 1030
1285 1410
1286 133
1286 456
1286 501
1286 868
1286 869
1286 874
1287 349
1287 907
1287 996
1288 1234
1289 191
1289 230
1289 247
1289 403
1289 406
1289 482
1289 553
1289 1207
1289 1218
1289 1287
1290 672
1290 894
1290 1104
1290 1139
1290 1155
1290 1324
1291 168
1291 181
1291 648
1291 1081
1291 1223
1291 1345
1292 198
1292 378
1292 564
1292 687
1292 1192
1292 1265
1293 326
1293 1102
1293 1320
1293 1404
1293 1467
1294 224
1294 662
1294 1100
1294 1395
1294 1442
1295 332
1295 448
1295 844
1295 1271
1296 15
1296 789
1296 988
1296 1119
1297 84
1297 151
1297 294
1297 350
1297 403
1297 730
1297 1121
1297 1193
1297 1359
1297 1478
1298 43
1298 1097
1298 1405
1298 1431
1299 205
1299 578
1299 655
1299 877
1299 1233
1299 1359
1300 97
1300 110
1300 226
1300 247
1300 366
1300 424
1300 679
1300 723
1300 1364
1301 523
1301 793
1301 1490
1302 100
1302 243
1302 1247
1302 1318
1303 29
1303 253
1303 294
1303 835
1303 986
1303 1462
1304 21
1304 218
1304 224
1304 1021
1304 1327
1304 1422
1305 351
1305 424
1305 567
1305 874
1305 1150
1305 1473
1305 1495
1306 74
1306 150
1306 1029
1306 1334
1307 129
1307 317
1307 1270
1307 1408
1307 1431
1308 248
1309 653
1309 1023
1309 1187
1310 13
1310 92
1310 111
1310 906
1310 912
1310 1034
1310 1250
1311 31
1311 148
1311 193
1311 356
1311 580
1311 652
1311 928
1311 947
1311 1236
1312 892
1312 1142
1312 1172
1313 135
1313 496
1313 1003
1313 1180
1313 1181
1313 1225
1314 341
1314 633
1314 695
1314 1216
1315 19
1315 943
1315 976
1315 1352
1315 1386
1315 1459
1316 1031
1316 1118
1316 1493
1317 103
1317 456
1317 688
1317 1168
1317 1441
1317 1497
1318 82
1318 406
1318 455
1318 702
1318 941
1318 1238
1318 1314
1318 1476
1319 135
1319 321
1319 1021
1319 1230
1319 1457
1319 1472
1320 13
1320 650
1320 1041
1320 1042
1320 1333
1321 343
1321 480
1321 643
1321 752
1321 1071
1321 1148
1321 1212
1322 64
1322 208
1322 421
1322 581
1322 648
1322 716
1322 786
1322 961
1322 962
1322 1428
1322 1477
1323 24
1323 103
1323 555
1323 688
1323 879
1324 95
1324 621
1324 947
1324 1001
1324 1036
1324 1236
1325 192
1325 224
1325 268
1325 415
1325 868
1325 883
1325 934
1325 999
1326 75
1326 89
1326 268
1326 330
1326 371
1326 390
1326 901
1327 76
1327 614
1327 646
1327 770
1327 803
1327 843
1327 921
1327 1018
1327 1082
1327 1348
1328 4
1328 97
1328 707
1328 733
1328 1463
1328 1471
1329 88
1329 324
1329 638
1329 957
1329 1047
1330 162
1330 368
1330 1075
1331 110
1331 252
1331 403
1331 551
1331 686
1331 938
1331 1028
1332 122
1332 348
1332 443
1332 541
1332 836
1332 890
1332 1011
1332 1217
1332 1376
1333 16
1333 440
1333 463
1333 497
1333 1028
1333 1280
1334 93
1334 685
1334 934
1334 1425
1335 1
1335 220
1335 506
1335 544
1335 843
1335 1306
1335 1371
1336 285
1336 422
1336 581
1336 797
1336 815
1336 933
1337 665
1337 781
1337 1000
1337 1046
1338 401
1338 413
1338 448
1338 506
1338 535
1338 1246
1339 252
1339 498
1339 1035
1340 87
1340 1047
1341 654
1341 863
1341 1063
1341 1113
1341 1357
1341 1381
1342 203
1342 411
1342 703
1342 758
1342 1225
1342 1349
1343 331
1343 337
1343 634
1343 644
1343 957
1343 1295
1344 411
1344 457
1344 500
1344 587
1344 674
1344 881
1344 1047
1345 33
1345 41
1345 461
1345 634
1346 1321
1347 345
1347 517
1347 695
1347 1437
1347 1442
1347 1484
1348 484
1348 552
1348 595
1348 1189
1349 150
1349 206
1349 265
1349 924
1349 948
1349 1126
1349 1196
1349 1391
1350 107
1350 194
1350 499
1350 580
1350 614
1350 899
1350 917
1350 978
1351 31
1351 431
1351 519
1351 545
1351 1150
1352 934
1352 1170
1352 1180
1353 322
1353 721
1354 124
1354 130
1354 568
1354 780
1354 836
1354 868
1354 879
1354 1289
1355 3
1355 264
1355 621
1355 860
1356 33
1356 39
1356 474
1356 941
1356 989
1356 1049
1356 1327
1356 1338
1357 108
1357 168
1357 272
1357 367
1357 627
1357 780
1357 1027
1357 1139
1358 159
1358 181
1358 330
1358 545
1358 1476
1359 161
1359 455
1359 913
1359 1029
1359 1125
1359 1303
1359 1313
1359 1471
1360 114
1360 186
1360 915
1360 1327
1360 1359
1361 108
1361 338
1361 514
1361 556
1361 817
1361 838
1361 1006
1361 1203
1361 1272
1362 137
1362 284
1362 342
1362 393
1362 399
1362 529
1362 675
1362 1060
1362 1095
1363 478
1363 998
1363 1049
1363 1380
1364 26
1364 107
1364 545
1364 597
1364 827
1364 1177
1364 1224
1364 1273
1365 165
1365 299
1365 327
1365 457
1365 554
1365 931
1365 1393
1366 412
1366 643
1366 679
1366 683
1366 739
1366 1174
1367 151
1367 692
1367 1082
1368 419
1368 770
1368 1478
1369 36
1369 505
1369 577
1369 750
1369 803
1370 243
1370 315
1370 620
1370 1375
1371 2
1371 86
1371 263
1371 440
1371 791
1371 831
1371 1167
1371 1226
1372 364
1372 624
1372 707
1372 967
1372 1195
1372 1474
1373 87
1373 149
1373 304
1373 372
1373 376
1373 463
1373 644
1373 645
1373 916
1373 1343
1374 154
1374 314
1374 660
1374 1093
1374 1453
1375 99
1375 206
1375 601
1375 643
1375 1168
1375 1358
1375 1361
1376 155
1376 557
1376 1446
1377 195
1377 203
1377 272
1377 582
1377 800
1377 1325
1377 1417
1377 1426
1378 329
1378 893
1378 1059
1379 206
1379 617
1379 923
1379 1197
1380 207
1380 467
1380 764
1380 1409
1381 282
1381 645
1381 747
1381 925
1381 1133
1382 121
1382 126
1382 307
1382 913
1382 1158
1383 119
1383 151
1383 400
1383 504
1383 543
1383 1191
1384 794
1384 1063
1384 1255
1384 1301
1385 472
1385 621
1385 743
1385 901
1386 155
1386 305
1386 334
1386 362
1386 598
1386 705
1386 793
1386 849
1386 953
1387 188
1387 442
1387 615
1387 1389
1387 1465
1388 150
1388 301
1388 671
1388 780
1388 885
1388 1343
1389 170
1389 245
1389 826
1389 991
1389 1053
1389 1236
1389 1441
1390 683
1390 972
1390 1027
1390 1165
1391 6
1391 651
1391 880
1391 1033
1391 1063
1391 1089
1391 1388
1391 1498
1392 531
1392 639
1392 760
1392 931
1392 1134
1392 1234
1393 373
1393 811
1393 1270
1394 320
1394 547
1394 611
1394 728
1394 760
1394 800
1394 828
1394 849
1394 1042
1395 482
1395 1242
1395 1249
1395 1472
1396 99
1396 792
1396 884
1397 143
1397 752
1397 847
1397 907
1397 1133
1397 1180
1397 1213
1398 374
1398 471
1398 764
1398 873
1398 951
1399 155
1399 206
1399 597
1399 812
1400 9
1400 576
1400 894
1400 999
1400 1386
1401 359
1401 558
1401 1131
1401 1268
1402 698
1402 1000
1402 1216
1402 1307
1402 1367
1403 370
1403 371
1403 607
1403 853
1403 1277
1404 120
1404 426
1404 448
1404 881
1404 936
1404 1086
1404 1127
1404 1471
1405 95
1405 260
1405 363
1405 466
1405 818
1405 958
1405 1170
1406 9
1406 520
1406 799
1406 863
1406 1037
1407 442
1407 443
1407 1259
1407 1432
1408 87
1408 702
1408 1028
1408 1445
1409 262
1409 601
1409 999
1409 1107
1409 1121
1409 1142
1409 1226
1410 59
1410 200
1410 879
1410 902
1410 1294
1410 1364
1411 81
1411 569
1411 754
1411 780
1411 1334
1411 1435
1412 1049
1413 402
1413 484
1413 568
1413 1042
1413 1243
1413 1251
1414 140
1414 213
1414 891
1414 923
1414 1290
1414 1333
1414 1445
1415 320
1415 556
1415 651
1415 928
1415 1247
1416 518
1416 912
1416 1096
1416 1166
1417 30
1417 53
1417 379
1417 554
1417 886
1417 903
1417 999
1417 1000
1418 108
1418 174
1418 458
1418 715
1418 1193
1419 360
1419 430
1419 809
1420 67
1420 77
1420 341
1420 549
1420 929
1420 974
1420 1296
1420 1392
1421 335
1421 488
1421 504
1421 674
1421 823
1421 901
1421 969
1421 1068
1421 1179
1421 1186
1422 108
1422 381
1422 977
1422 1059
1422 1151
1422 1238
1422 1272
1422 1293
1423 380
1423 612
1423 867
1423 969
1423 1491
1424 6
1424 176
1424 277
1424 655
1424 1154
1424 1220
1425 29
1425 323
1425 540
1425 605
1425 838
1425 1000
1425 1072
1425 1125
1425 1148
1426 19
1426 539
1426 910
1426 1142
1426 1173
1427 14
1427 28
1427 171
1427 243
1427 406
1427 446
1427 452
1427 600
1427 847
1427 968
1427 1181
1427 1276
1428 101
1428 172
1428 317
1428 350
1428 730
1428 896
1428 980
1428 998
1428 1257
1428 1382
1429 313
1429 458
1429 567
1429 934
1429 1465
1430 25
1430 278
1430 308
1430 321
1430 551
1430 1016
1430 1117
1430 1288
1430 1345
1431 156
1431 536
1431 915
1431 1450
1432 345
1432 394
1432 419
1432 443
1432 754
1432 857
1432 966
1432 1137
1432 1186
1432 1348
1433 196
1433 663
1433 961
1433 980
1433 1168
1433 1195
1433 1461
1434 508
1435 1112
1435 1234
1436 242
1436 408
1436 502
1437 33
1437 78
1437 353
1437 905
1437 1072
1437 1088
1437 1308
1438 72
1438 86
1438 87
1438 320
1439 877
1439 1109
1439 1179
1439 1215
1440 50
1440 234
1440 597
1440 698
1440 794
1440 882
1440 1067
1440 1074
1440 1150
1441 299
1441 446
1441 1086
1441 1195
1442 46
1442 153
1442 522
1442 582
1442 694
1443 419
1443 757
1443 993
1443 1124
1443 1432
1444 388
1444 600
1445 54
1445 212
1445 308
1445 980
1446 69
1446 139
1446 174
1446 705
1446 1253
1446 1295
1446 1317
1447 265
1447 906
1447 1195
1447 1310
1447 1414
1448 39
1448 497
1448 668
1449 130
1449 178
1449 284
1449 388
1449 818
1449 1085
1449 1411
1450 109
1450 222
1450 592
1450 898
1450 904
1450 928
1450 1046
1450 1175
1451 86
1451 363
1451 408
1451 429
1451 752
1451 1466
1452 95
1452 209
1452 909
1452 1182
1452 1254
1452 1372
1452 1437
1453 109
1453 488
1453 524
1453 766
1453 774
1453 1026
1453 1471
1454 458
1454 495
1454 733
1454 892
1454 953
1454 1035
1455 301
1455 574
1455 639
1455 674
1455 787
1455 984
1455 1245
1456 15
1456 948
1456 1061
1457 138
1457 477
1457 628
1457 829
1457 837
1457 1124
1458 610
1458 910
1459 345
1459 508
1459 534
1459 611
1459 1007
1459 1155
1460 274
1460 1030
1460 1040
1460 1495
1461 6
1461 38
1461 892
1461 1296
1462 661
1462 950
1462 952
1462 1137
1462 1324
1463 582
1463 887
1463 985
1463 1198
1463 1473
1464 187
1464 285
1464 465
1464 575
1464 1037
1465 544
1465 671
1465 980
1465 1202
1465 1236
1466 85
1466 116
1466 630
1466 673
1466 1470
1467 68
1467 387
1467 407
1467 711
1467 956
1467 1005
1467 1207
1467 1242
1467 1366
1467 1481
1468 512
1468 1009
1469 343
1469 686
1469 688
1469 1014
1469 1318
1470 35
1470 404
1470 661
1470 914
1470 1292
1470 1452
1471 589
1471 913
1471 1025
1471 1360
1472 81
1472 1028
1472 1180
1472 1397
1472 1456
1473 382
1473 408
1473 681
1473 716
1473 1067
1473 1218
1473 1263
1474 92
1474 393
1474 519
1474 1156
1475 289
1475 334
1475 448
1475 676
1475 758
1475 1009
1475 1206
1475 1211
1475 1435
1476 87
1476 222
1476 472
1476 557
1476 599
1476 839
1476 1085
1476 1404
1477 123
1477 128
1477 934
1477 1018
1477 1300
1478 98
1478 324
1478 436
1478 803
1478 925
1479 135
1479 173
1479 331
1479 578
1479 591
1479 691
1479 731
1479 759
1479 786
1479 979
1479 1009
1480 191
1480 998
1480 1078
1480 1168
1480 1442
1481 163
1481 411
1481 468
1481 577
1481 589
1481 651
1481 688
1481 754
1481 1199
1481 1467
1482 77
1482 506
1482 762
1482 1098
1482 1230
1482 1315
1483 315
1483 466
1483 832
1483 895
1483 1012
1483 1274
1483 1430
1484 88
1484 252
1484 548
1484 560
1484 680
1484 713
1484 1057
1484 1439
1485 252
1485 291
1485 413
1485 564
1485 807
1485 820
1486 346
1486 461
1486 762
1486 820
1486 1375
1486 1454
1487 572
1487 1319
1487 1465
1488 90
1488 93
1488 99
1488 379
1488 416
1488 479
1488 923
1488 1086
1488 1453
1489 26
1489 38
1489 55
1489 437
1489 656
1489 736
1489 1479
1490 154
1490 378
1490 616
1490 785
1490 813
1490 1110
1491 7
1491 450
1491 677
1491 798
1491 875
1491 1107
1491 1422
1491 1480
1492 43
1492 50
1492 76
1492 118
1492 492
1492 646
1492 1024
1492 1091
1493 97
1493 193
1493 681
1493 692
1493 834
1493 1142
1494 118
1494 167
1494 182
1494 245
1494 321
1494 367
1494 790
1494 1113
1494 1369
1494 1448
1495 254
1495 746
1495 754
1495 1106
1495 1259
1495 1293
1496 301
1496 386
1496 566
1496 590
1496 642
1496 863
1496 1132
1497 363
1497 453
1497 638
1497 1142
1497 1198
1498 381
1498 564
1498 688
1498 1135
1498 1401
1498 1402
1499 140
1499 671
1499 824
1499 1050
1500 258
1500 390
1500 768
1500 1150
1500 1223
1500 1318
