1500
2994
1 81
1 757
1 1164
2 697
2 1302
3 343
3 1103
4 30
5 1289
7 386
8 330
8 521
9 1163
10 394
10 925
11 513
11 1466
12 1313
13 255
13 542
13 586
13 737
13 879
14 745
14 809
14 964
14 1157
14 1393
14 1476
15 1266
15 1456
16 126
16 717
17 81
17 1476
18 562
18 726
18 768
19 549
19 1245
19 1249
20 1
20 283
21 374
22 90
22 173
22 1352
24 1303
25 286
26 1340
27 1228
28 1226
28 1228
30 1231
31 51
31 277
31 606
32 296
32 534
32 1084
33 611
33 1193
33 1238
33 1381
34 1052
35 1267
36 697
36 1245
36 1266
37 105
37 197
37 1053
39 483
39 590
40 487
40 586
40 1241
41 78
41 272
41 462
41 1053
41 1216
42 1111
42 1337
42 1388
43 1212
43 1284
44 1057
44 1288
46 170
46 671
46 893
46 1109
47 1143
47 1235
48 1154
49 1120
50 602
50 1010
51 221
51 1393
52 303
52 723
52 917
53 851
55 617
55 1335
56 241
56 668
56 896
57 417
57 1115
58 622
58 656
58 804
59 25
59 612
59 986
59 1351
60 710
60 806
60 1238
61 287
61 1259
62 737
62 967
62 1093
63 135
63 775
64 73
64 532
64 702
64 1103
65 390
65 1296
66 1036
67 465
67 574
68 1196
69 274
69 427
70 518
71 580
72 76
72 510
72 974
73 1427
73 1430
74 88
74 249
74 559
75 312
76 22
76 227
76 630
76 647
76 1248
76 1448
78 317
79 879
79 1305
80 288
80 809
80 925
81 762
82 848
82 896
82 1297
83 447
83 836
83 987
84 125
84 439
84 876
84 1344
85 345
85 750
85 856
85 1398
86 110
86 761
86 1151
87 480
87 1425
87 1428
88 1457
88 1490
89 343
89 497
89 849
89 1029
89 1357
90 276
90 412
92 699
92 1191
92 1278
92 1315
93 161
93 1438
94 472
95 119
95 1377
95 1473
96 124
96 286
96 767
96 1012
98 1289
99 529
99 565
99 1043
99 1485
100 1009
100 1082
101 564
101 880
101 1204
101 1216
102 1041
103 166
103 663
103 885
103 886
103 999
104 738
106 1248
107 22
107 1077
108 367
108 538
110 197
110 1153
110 1440
111 1124
112 483
112 1285
113 309
114 31
114 63
114 595
115 806
116 961
116 1368
118 433
118 1026
118 1457
119 280
119 498
119 1060
120 361
120 1394
120 1496
121 522
121 863
121 881
121 1257
122 756
122 1235
123 52
124 542
124 734
124 1413
124 1422
125 859
125 1051
125 1306
126 699
127 261
127 659
127 1278
129 1049
129 1234
130 67
130 194
130 679
131 1119
133 157
133 280
133 1367
135 188
135 1134
136 90
136 279
136 507
136 1446
137 311
137 531
137 545
138 48
138 508
138 920
139 449
139 1229
140 193
140 381
140 555
140 891
141 508
142 1147
142 1411
143 595
143 928
143 1373
144 71
144 246
144 988
145 903
146 1418
148 1234
149 300
149 969
149 1247
150 414
155 501
155 792
155 1461
156 1322
156 1346
157 494
157 808
158 1376
159 162
159 493
159 979
159 1192
160 372
161 38
161 112
162 176
162 1270
164 127
164 573
165 73
165 376
165 403
165 432
167 552
167 1326
168 529
168 668
168 737
168 1405
169 579
170 89
171 252
171 656
172 682
173 806
174 554
174 837
174 1424
175 85
175 438
176 1120
176 1491
177 278
177 977
177 1014
177 1166
178 111
178 1420
179 201
179 497
179 636
179 729
180 79
180 384
180 644
180 849
181 267
181 605
181 726
181 783
182 299
182 475
182 823
182 1044
182 1434
183 1419
184 93
184 858
184 1423
185 477
185 583
185 1246
186 1190
187 292
188 948
188 1420
189 223
189 544
189 961
191 1196
191 1204
192 135
192 232
193 926
193 1214
194 729
194 1193
196 1382
196 1491
197 330
197 499
197 719
197 1388
198 156
198 950
198 1395
199 732
199 939
199 1096
199 1426
200 283
200 610
200 695
201 91
201 1316
202 433
202 1426
203 786
204 207
205 166
205 435
205 763
205 1004
206 147
206 184
206 359
208 910
208 1320
208 1356
209 441
210 846
210 986
211 707
211 882
212 111
212 154
212 1143
212 1354
215 164
215 340
216 1058
217 60
217 249
217 886
218 327
218 385
219 104
220 1017
221 457
221 834
222 694
223 106
223 488
223 1052
223 1263
223 1412
224 1399
225 824
226 758
226 1437
227 408
227 668
227 772
231 799
232 3
232 153
232 1121
232 1401
233 767
234 59
234 148
235 239
235 368
236 127
236 1129
237 245
237 403
237 1217
239 646
239 964
240 306
240 802
240 818
240 865
241 39
244 139
244 934
244 1234
245 352
245 756
246 1221
246 1265
246 1429
247 501
248 765
249 1179
250 329
250 1348
250 1462
251 1413
252 216
252 453
252 610
252 828
253 961
253 1354
254 69
254 479
254 547
254 1203
255 451
257 726
258 282
258 614
259 386
260 419
260 818
261 504
261 1439
262 1001
262 1050
263 108
263 1126
264 211
264 397
264 708
264 1067
264 1217
265 1247
266 269
267 27
267 943
268 722
268 1097
268 1486
269 359
269 389
269 437
270 71
270 343
270 1183
271 976
271 1124
271 1339
272 295
273 254
275 1082
275 1329
276 61
276 1033
277 512
278 223
278 479
279 274
279 542
279 585
279 1415
279 1489
280 632
280 737
280 1180
280 1395
281 84
281 368
283 268
283 473
283 959
284 1032
285 388
286 450
288 305
288 417
288 1005
288 1215
289 1017
289 1475
290 176
290 879
290 950
290 987
291 511
291 802
293 520
293 824
295 456
295 536
295 869
295 1002
295 1279
296 109
296 407
297 527
297 656
298 302
298 384
298 551
298 881
298 884
299 91
299 403
299 841
299 966
300 1284
300 1348
301 186
301 739
301 1036
302 393
302 798
303 486
303 1077
304 1240
305 20
305 272
305 299
306 837
306 1041
306 1429
307 306
307 1049
308 1308
309 495
309 1270
310 749
310 864
310 883
310 1365
311 266
311 821
311 905
311 1322
311 1425
311 1438
312 430
312 913
312 1450
313 454
314 13
314 489
314 745
316 955
316 1263
316 1461
317 1104
317 1446
318 328
318 495
318 1379
320 725
322 948
322 1094
322 1252
323 810
325 371
325 444
326 41
326 323
326 697
327 731
327 984
327 1106
328 1033
328 1362
328 1366
328 1430
329 8
329 1131
330 1351
331 34
331 58
332 786
332 991
332 1168
333 822
333 1092
334 525
335 515
335 854
335 1114
336 196
336 1200
336 1277
336 1366
336 1464
336 1465
339 1259
340 1041
341 112
341 1057
342 406
342 417
342 984
342 1230
343 1346
344 960
344 1269
345 1323
346 342
346 972
347 281
347 885
347 1215
348 1475
349 106
349 450
350 1148
351 554
351 1476
352 1009
353 277
353 572
353 972
353 1395
353 1400
354 259
354 1003
354 1063
354 1289
355 271
355 529
355 539
356 1450
358 92
358 1165
359 1048
360 1231
361 176
361 177
361 789
362 475
362 1475
363 93
364 646
364 727
364 884
366 1304
367 493
367 771
367 1170
368 1379
368 1458
369 1
369 792
369 1211
369 1408
370 10
371 1475
372 551
373 897
373 1296
374 818
374 980
375 743
375 1036
375 1460
376 106
376 669
377 631
377 659
377 808
377 831
377 1290
378 470
378 489
378 1239
381 1402
382 1262
383 111
383 626
384 1446
385 1086
386 419
386 740
386 1045
387 1079
388 593
389 58
389 917
389 931
389 1210
390 538
390 693
390 839
390 1020
391 128
392 903
392 937
393 172
393 526
393 1289
393 1370
394 1418
395 317
395 737
395 1059
396 79
396 1057
396 1423
397 820
398 677
399 350
399 1044
399 1190
400 1129
401 1136
402 743
402 1243
403 148
403 1426
404 591
405 883
405 1341
406 240
406 358
407 329
408 212
408 1053
409 240
409 315
410 70
412 1344
413 282
413 595
414 549
414 1121
415 416
415 686
416 503
416 761
416 857
416 1486
418 1350
419 1106
419 1121
421 1020
421 1040
421 1471
422 341
422 1113
423 22
423 87
423 823
423 1207
423 1301
423 1393
424 181
424 899
425 74
425 296
425 646
425 707
426 895
426 1362
427 850
427 978
427 1438
429 88
429 209
429 531
429 838
430 501
430 649
431 91
431 585
431 735
431 1424
431 1488
432 299
432 582
432 744
433 236
433 1213
433 1381
434 43
435 25
435 267
436 130
436 434
436 1109
436 1335
437 198
437 653
438 1225
439 30
439 378
439 384
439 792
440 577
440 1196
441 118
441 944
441 1315
442 495
442 824
442 1266
443 886
444 455
445 540
446 1318
447 51
447 305
447 382
447 404
447 1480
448 169
448 1008
449 382
449 698
449 1256
450 1301
451 550
451 1265
452 45
452 101
453 113
453 133
453 356
453 584
453 698
453 1383
454 142
454 1255
455 586
455 600
455 1010
456 303
456 1365
457 6
457 586
457 1216
458 453
458 1349
460 669
460 761
462 296
462 847
462 1169
463 1189
464 162
464 890
464 1297
465 861
466 356
466 928
467 78
468 213
468 599
468 1306
471 1343
472 1358
472 1426
473 143
473 242
473 440
473 1365
474 17
474 210
474 1281
474 1499
475 453
475 1274
475 1460
476 249
476 448
476 1262
476 1318
477 54
478 505
478 856
478 1376
479 457
479 608
479 648
480 341
480 773
480 1299
481 1056
481 1169
483 174
483 1335
484 232
485 1156
486 457
486 580
486 1422
487 5
487 402
487 450
487 1260
488 567
488 895
489 973
489 1114
489 1136
490 1361
491 39
492 523
492 1029
492 1493
493 1388
494 442
494 502
494 927
495 440
496 1442
497 1278
498 181
498 945
499 123
499 543
500 272
500 403
500 417
501 636
504 471
505 358
505 377
506 352
506 661
508 1162
508 1430
510 268
510 725
511 1439
512 48
512 576
512 882
513 188
513 428
514 734
514 868
515 1102
516 943
516 1054
517 27
517 510
517 715
518 1296
519 160
520 1247
521 388
521 756
522 132
522 974
523 415
523 596
523 1188
524 54
524 429
524 801
524 893
525 276
526 462
527 239
527 292
528 171
528 883
528 987
528 1254
529 133
529 430
529 450
529 965
529 1308
530 868
531 236
531 846
531 913
532 54
533 28
533 903
533 1022
534 152
534 1136
534 1427
534 1477
536 38
536 699
536 897
536 992
537 5
537 838
537 977
538 1056
539 362
539 653
540 1145
541 1302
541 1428
542 947
544 301
544 734
545 100
547 4
548 724
548 1002
549 233
550 651
550 988
551 2
551 230
551 433
552 33
552 352
552 460
553 643
553 1470
554 344
554 468
554 1215
555 261
555 712
556 278
556 308
556 1297
557 265
558 1359
559 366
560 478
561 553
561 637
561 923
562 619
562 810
563 714
565 476
566 628
566 1182
566 1453
567 24
567 392
567 434
567 689
568 1359
569 553
569 1321
570 35
571 176
571 488
571 567
572 1100
573 398
573 871
574 1142
575 15
576 599
576 790
577 275
578 1014
578 1118
579 15
579 848
580 387
580 405
580 542
580 781
580 947
580 1235
580 1361
581 627
581 734
581 1132
581 1491
581 1500
582 669
583 267
583 565
584 106
584 1130
585 4
585 662
586 82
586 229
586 1307
586 1341
587 1296
587 1368
588 76
589 217
589 1364
590 762
592 302
593 823
593 1080
594 981
594 1400
595 488
595 842
595 1002
595 1139
595 1176
595 1252
596 586
596 1423
597 367
597 1443
598 521
598 1246
599 1500
600 99
600 1284
601 532
601 726
603 977
603 1105
603 1212
604 346
604 663
604 1242
604 1359
604 1438
605 253
605 439
605 1354
606 24
606 1219
606 1280
606 1321
607 452
607 906
607 1146
608 1457
610 621
610 884
610 1410
611 284
611 620
611 1214
612 214
612 1277
612 1304
613 425
615 377
615 1388
616 1425
617 414
617 1185
618 182
618 183
619 1065
620 334
621 238
621 476
621 747
622 968
623 131
623 585
625 287
625 1266
626 68
626 248
627 136
627 258
627 311
627 1324
628 1205
630 1253
631 1483
632 572
632 1177
632 1388
633 11
633 414
633 470
633 471
633 595
633 747
635 34
635 653
636 799
636 1303
637 669
637 737
638 12
638 303
638 330
639 438
639 661
639 1239
640 52
640 96
640 152
640 841
640 919
641 168
641 764
641 1390
643 826
643 1290
644 19
644 565
644 665
644 1439
645 607
646 517
647 1088
647 1406
647 1459
648 943
648 1084
648 1136
649 598
649 664
649 865
650 805
652 1057
653 177
653 867
654 500
655 485
656 573
656 690
656 1313
656 1359
657 916
658 180
658 326
658 401
658 838
658 1159
660 275
661 755
662 213
662 413
662 430
662 437
662 704
664 890
665 764
665 1115
665 1447
665 1481
666 372
666 695
666 991
666 1284
667 646
667 1219
668 618
668 730
668 891
669 353
669 1444
670 233
670 238
670 1490
672 202
672 241
672 299
672 397
672 683
673 845
673 910
674 320
675 622
675 863
675 882
675 903
676 755
677 817
679 23
680 521
680 1210
680 1353
681 707
681 1307
682 971
683 746
684 1316
686 63
687 66
687 266
687 952
688 1157
689 208
690 149
690 1277
692 140
692 952
692 1017
692 1038
693 1045
693 1134
694 1497
695 280
695 547
695 1353
697 17
697 99
697 187
698 262
698 1053
698 1312
699 377
700 792
701 141
701 446
701 1184
702 266
702 684
702 1340
703 81
703 307
703 405
703 504
704 420
704 717
704 1105
705 306
705 453
707 283
707 418
707 742
707 875
708 824
708 1396
709 951
709 1069
710 400
710 855
711 321
712 400
713 914
713 1258
714 1219
714 1227
714 1238
714 1357
716 333
716 1170
717 464
717 465
717 813
717 1027
717 1268
718 106
718 764
718 766
718 1084
718 1085
720 92
720 217
720 265
720 362
720 932
720 1423
721 599
721 1221
721 1495
723 852
723 1042
725 970
725 1236
726 996
726 1279
727 277
727 872
727 1389
728 755
729 41
729 658
729 718
729 1018
729 1336
730 318
730 537
731 465
731 543
731 901
731 968
731 1181
732 1354
733 60
733 520
734 667
734 851
735 668
735 1111
736 398
737 135
737 464
737 1355
738 56
738 355
738 404
738 922
739 1055
739 1327
740 1152
741 1061
742 98
742 527
742 740
742 1100
743 51
743 784
743 943
743 1068
743 1350
744 557
744 1437
745 4
746 29
746 409
746 683
747 93
747 432
747 649
747 831
748 1087
748 1177
749 271
750 264
750 752
751 1127
752 305
753 740
753 1173
754 627
754 1155
755 1013
755 1096
756 674
757 600
757 720
757 847
757 1214
757 1391
758 173
759 477
759 1192
760 364
760 1225
760 1325
760 1400
761 335
761 858
762 87
762 771
762 1044
763 1403
765 231
765 414
765 539
765 764
765 1104
766 1118
767 407
767 634
769 611
769 1065
769 1118
769 1193
769 1436
770 1494
771 959
771 1323
772 1247
772 1459
773 282
774 748
774 950
774 994
775 6
775 294
775 952
775 1037
775 1211
776 20
776 149
776 917
777 339
779 649
779 1114
780 136
780 1342
782 311
782 1000
783 920
784 1115
784 1275
785 402
785 624
785 1185
786 219
786 564
786 671
786 821
786 856
787 487
787 815
790 249
790 1072
791 737
791 1001
791 1060
792 234
792 1179
792 1358
793 1216
794 379
794 399
795 133
796 244
796 663
796 1010
796 1374
797 1455
798 473
798 773
798 915
799 727
799 1320
800 420
800 732
800 984
800 1156
800 1396
801 287
801 1018
802 929
802 1040
803 951
803 1199
803 1302
803 1315
804 1130
805 82
805 1343
806 355
807 132
807 1029
808 765
808 1330
809 365
809 563
809 962
810 361
810 498
810 826
811 54
811 238
812 349
812 475
812 481
812 599
812 1055
814 23
814 1252
814 1467
815 20
815 1002
816 286
817 367
817 434
817 916
819 805
819 1232
820 400
821 296
821 673
822 198
822 1045
823 218
823 765
823 1083
824 68
824 604
825 1162
826 924
826 1174
827 1285
828 725
828 754
830 1029
831 483
831 491
831 822
831 959
831 1291
832 123
832 188
832 880
832 1157
833 168
833 818
834 813
835 1141
836 428
836 711
837 804
837 1434
838 233
838 467
840 1131
841 728
841 1172
842 187
842 245
844 965
845 757
846 78
846 618
846 956
847 257
847 488
847 511
849 330
849 457
849 718
850 365
850 414
850 574
850 598
850 1412
851 667
851 1334
852 457
852 1053
853 266
853 445
853 740
853 1380
853 1413
854 704
855 706
855 1490
856 1187
856 1387
857 114
857 377
857 1317
857 1457
858 967
858 1231
859 724
860 211
860 471
861 629
861 1080
861 1255
862 300
862 621
862 1070
862 1224
863 220
864 482
867 22
867 506
867 713
869 861
870 818
870 1225
870 1362
871 42
871 473
872 170
872 341
873 363
874 978
874 1177
874 1197
874 1404
875 409
876 1089
877 398
878 676
878 1452
880 525
881 397
881 920
881 1096
881 1437
882 521
882 680
882 946
882 1059
882 1452
883 375
884 4
884 27
885 1372
886 225
887 105
888 117
888 522
888 972
888 1056
889 5
889 49
890 29
890 1012
891 932
892 66
892 884
893 274
893 654
893 1459
895 859
895 1108
895 1279
896 396
896 974
897 269
897 1160
898 63
898 1141
901 108
901 238
901 1109
902 196
902 311
902 1359
903 189
903 782
904 318
905 273
907 632
908 1162
909 29
909 804
909 886
910 867
910 1383
910 1464
911 1188
911 1386
912 683
912 1097
913 63
913 858
913 1319
914 184
914 210
914 522
915 825
916 469
918 260
918 1303
920 649
920 972
920 1242
921 1064
923 472
923 538
923 955
923 1381
924 9
924 1343
924 1386
925 186
925 340
925 587
926 906
927 261
928 166
928 1119
929 130
929 664
929 1134
930 876
931 712
932 339
932 1375
933 336
933 515
933 968
935 470
935 518
935 572
936 254
936 427
936 1150
937 79
937 301
937 1375
938 410
939 168
939 472
939 846
939 1026
940 418
940 604
940 693
940 708
940 782
940 929
940 1299
941 149
941 1311
943 317
944 70
944 335
944 543
944 777
944 1208
945 133
946 98
946 209
947 243
947 1057
948 89
949 223
949 1173
951 88
951 912
952 675
952 1429
953 32
953 885
953 1422
954 1242
955 191
956 798
956 1339
957 1052
957 1069
958 1311
959 181
959 210
959 1499
961 199
961 323
961 339
961 463
962 694
962 782
962 952
962 1208
963 505
963 796
963 821
964 533
965 192
965 459
965 841
965 1079
966 894
967 211
967 317
967 904
967 1373
969 252
971 97
971 292
971 671
971 1152
972 997
972 1185
973 404
974 763
974 840
975 775
975 1068
978 933
979 236
979 847
979 921
981 367
982 804
983 352
984 93
984 829
985 406
985 606
985 640
985 864
985 1147
985 1466
986 23
986 276
986 1060
987 1166
989 252
989 1122
989 1167
990 312
990 400
990 1257
991 172
992 140
992 297
994 428
994 479
994 1161
994 1252
995 37
996 15
996 1146
998 86
998 1188
999 883
999 1102
1000 403
1002 1490
1004 175
1004 337
1005 207
1005 515
1005 694
1006 429
1006 692
1007 347
1007 973
1008 223
1009 29
1009 496
1009 786
1009 879
1009 901
1010 647
1011 710
1011 793
1012 634
1012 1130
1013 17
1013 1288
1014 184
1014 521
1014 1476
1016 639
1016 880
1016 936
1017 373
1018 1197
1019 183
1019 383
1020 232
1020 935
1020 1141
1020 1475
1021 380
1021 537
1021 756
1022 345
1022 566
1023 536
1023 1365
1023 1432
1024 51
1024 1045
1024 1261
1025 521
1026 630
1027 255
1027 874
1027 1256
1027 1298
1027 1362
1027 1417
1028 1246
1028 1335
1029 307
1029 513
1029 697
1031 26
1031 293
1031 466
1032 31
1032 795
1032 1001
1033 195
1033 1361
1034 281
1035 1119
1037 406
1037 534
1037 821
1037 1324
1039 964
1039 1218
1040 327
1041 847
1041 915
1042 1148
1045 505
1045 985
1046 562
1046 1113
1047 386
1048 294
1048 1078
1048 1148
1048 1392
1049 130
1049 276
1050 433
1050 1411
1051 194
1051 495
1051 817
1051 1167
1052 1354
1053 1102
1053 1254
1054 1095
1054 1179
1056 221
1056 250
1056 894
1056 1460
1057 148
1057 1435
1059 1063
1059 1497
1061 604
1061 1454
1062 1072
1062 1207
1062 1235
1062 1497
1064 503
1064 1017
1064 1142
1065 422
1065 771
1066 805
1068 157
1068 505
1068 895
1068 967
1068 1207
1068 1498
1069 257
1070 757
1070 1443
1071 53
1071 643
1071 857
1071 861
1073 575
1073 758
1074 736
1075 455
1075 923
1075 1015
1075 1354
1076 588
1077 124
1077 553
1078 500
1078 717
1078 1369
1079 1154
1080 35
1080 1115
1081 448
1081 515
1081 813
1083 1117
1083 1148
1084 32
1084 124
1085 96
1085 1168
1086 595
1087 726
1087 1460
1088 40
1089 218
1089 241
1089 933
1089 1475
1090 195
1090 327
1090 535
1092 231
1092 1211
1093 147
1093 707
1094 304
1094 929
1095 140
1095 1061
1096 496
1096 732
1096 741
1098 787
1098 816
1099 686
1100 27
1100 168
1100 184
1100 350
1100 1102
1100 1330
1100 1399
1101 165
1101 614
1101 930
1102 275
1102 845
1104 201
1105 345
1105 526
1106 1
1106 100
1108 245
1108 496
1108 1295
1109 17
1109 483
1109 1463
1110 70
1110 335
1110 1220
1111 602
1111 1041
1112 141
1113 985
1113 1182
1114 769
1114 1435
1115 61
1115 436
1115 576
1115 1160
1116 832
1116 908
1116 1089
1116 1473
1117 168
1118 55
1119 825
1119 1154
1120 383
1120 595
1120 886
1121 1291
1122 653
1123 101
1123 994
1124 76
1124 93
1124 713
1124 1117
1125 378
1125 525
1125 1148
1126 327
1126 346
1126 553
1126 757
1126 933
1128 722
1128 969
1128 1124
1128 1409
1130 692
1130 1158
1130 1458
1131 356
1132 110
1132 389
1132 1407
1133 1400
1134 512
1134 1411
1135 58
1135 291
1135 700
1136 170
1137 105
1137 387
1137 637
1137 824
1137 987
1137 1244
1137 1331
1138 1252
1139 280
1139 729
1140 167
1140 518
1141 1483
1142 271
1142 1241
1143 385
1143 568
1143 1000
1144 7
1145 1048
1145 1493
1146 616
1146 1191
1147 251
1148 512
1148 1154
1149 966
1149 989
1149 1390
1150 649
1150 1163
1151 413
1151 426
1151 999
1151 1096
1152 620
1152 899
1153 523
1153 1261
1156 178
1156 271
1157 554
1157 1009
1157 1308
1157 1313
1159 320
1160 91
1160 1107
1160 1298
1161 1194
1161 1361
1161 1370
1162 261
1162 1204
1162 1461
1162 1470
1163 11
1163 344
1163 657
1164 570
1164 764
1165 64
1165 1201
1166 824
1167 110
1167 149
1167 431
1167 698
1168 78
1168 1133
1168 1353
1168 1422
1169 342
1170 938
1171 1207
1172 789
1174 93
1175 102
1175 994
1175 1018
1175 1470
1176 306
1176 437
1176 1309
1177 141
1177 432
1177 464
1177 650
1177 1356
1178 449
1178 663
1178 959
1178 1303
1179 117
1179 190
1180 764
1181 54
1181 782
1181 914
1182 594
1183 87
1183 349
1183 683
1183 933
1184 164
1185 1098
1186 267
1186 290
1186 493
1186 888
1186 925
1186 1147
1187 1344
1189 84
1189 640
1191 279
1192 412
1192 456
1192 881
1193 614
1195 391
1195 644
1196 73
1196 107
1197 1190
1197 1276
1198 339
1198 621
1199 23
1199 107
1199 197
1199 1414
1200 21
1200 199
1200 648
1200 1328
1201 82
1201 232
1201 701
1201 1301
1202 339
1202 686
1202 1134
1204 1333
1205 192
1205 1267
1207 73
1207 375
1207 760
1207 1406
1208 384
1209 728
1210 259
1210 347
1210 933
1210 1410
1212 354
1212 588
1212 622
1212 1348
1213 370
1213 373
1213 1190
1213 1492
1214 491
1214 1200
1215 559
1215 775
1216 772
1216 1070
1217 305
1217 804
1217 1414
1218 640
1218 727
1218 1025
1219 19
1219 77
1219 195
1219 604
1220 391
1220 1269
1221 1388
1222 96
1222 735
1222 839
1222 1045
1222 1308
1223 26
1224 627
1225 522
1225 1206
1226 28
1227 662
1228 604
1229 1305
1230 552
1230 1089
1231 936
1231 1099
1232 290
1232 983
1232 1101
1232 1153
1233 4
1233 1163
1235 190
1235 617
1235 1450
1236 508
1236 814
1236 896
1237 75
1237 887
1238 940
1238 1362
1241 303
1241 528
1241 1442
1242 222
1242 254
1243 1100
1243 1217
1244 6
1244 1014
1244 1078
1244 1118
1244 1343
1244 1368
1245 1282
1246 277
1246 674
1246 1442
1247 310
1247 1016
1248 1072
1248 1491
1249 1094
1249 1251
1250 395
1250 731
1251 356
1252 67
1252 177
1254 162
1254 442
1255 122
1256 319
1256 357
1256 918
1256 1422
1257 106
1257 185
1257 260
1257 669
1257 1440
1258 79
1258 1420
1259 559
1259 685
1259 1083
1259 1235
1260 210
1260 777
1261 224
1261 510
1261 1127
1261 1481
1262 730
1263 1181
1264 585
1264 1122
1265 539
1265 705
1265 712
1265 814
1265 1136
1265 1486
1266 975
1266 1023
1266 1333
1267 339
1267 386
1267 1156
1268 24
1268 79
1268 510
1268 1360
1269 330
1269 371
1269 634
1269 1103
1270 56
1270 752
1270 1260
1271 186
1271 516
1271 589
1271 961
1271 1200
1271 1459
1272 861
1272 1020
1273 1065
1275 550
1275 844
1276 10
1276 1154
1276 1211
1278 94
1278 1402
1279 1128
1279 1245
1280 254
1280 1387
1281 1069
1282 473
1282 590
1282 1490
1283 766
1284 124
1284 310
1284 338
1285 335
1285 474
1285 1041
1286 287
1286 635
1287 458
1287 871
1287 1252
1287 1304
1288 305
1288 601
1290 316
1291 36
1291 755
1291 1229
1291 1373
1292 631
1293 381
1294 697
1294 1299
1295 763
1295 796
1296 714
1296 840
1296 1399
1297 879
1297 1024
1298 123
1298 416
1299 150
1299 213
1299 473
1299 883
1299 954
1299 985
1300 69
1300 218
1300 385
1300 981
1302 154
1302 284
1302 957
1302 1381
1302 1477
1303 512
1303 793
1303 1032
1304 542
1306 295
1306 969
1307 798
1307 900
1309 486
1309 1490
1310 804
1312 51
1312 325
1312 646
1313 1344
1314 397
1314 487
1315 386
1316 588
1316 1222
1317 1239
1319 474
1321 637
1321 949
1321 1235
1321 1338
1322 137
1323 169
1323 1194
1323 1301
1324 259
1324 396
1324 660
1324 665
1324 909
1324 1389
1325 1305
1326 1331
1327 280
1327 356
1327 363
1327 806
1328 67
1329 75
1329 219
1329 369
1329 1240
1329 1371
1330 51
1330 180
1330 263
1331 794
1331 1245
1332 144
1333 188
1333 555
1333 600
1333 1096
1334 645
1334 1008
1335 239
1335 1135
1336 57
1337 92
1337 1315
1338 1491
1339 135
1339 141
1339 225
1339 815
1339 1342
1340 134
1340 912
1340 979
1341 219
1341 1241
1342 557
1342 743
1343 371
1343 688
1344 403
1344 645
1344 1185
1345 102
1345 224
1345 374
1345 1179
1346 1053
1348 57
1348 382
1349 507
1349 533
1349 771
1349 938
1349 1365
1350 95
1351 853
1352 73
1353 420
1353 1186
1354 740
1354 741
1354 1265
1355 56
1356 1038
1357 638
1358 37
1358 172
1358 764
1358 1108
1359 67
1359 824
1359 1050
1360 275
1360 798
1360 852
1360 1185
1361 579
1362 217
1362 383
1362 661
1362 788
1363 557
1363 1005
1364 787
1364 870
1365 62
1365 683
1365 1031
1366 113
1366 981
1367 1227
1368 670
1368 1256
1369 885
1370 158
1370 529
1370 835
1370 1197
1371 1111
1372 59
1373 1115
1373 1307
1374 733
1375 599
1375 1394
1376 707
1376 749
1376 1011
1376 1432
1377 1227
1378 776
1378 1136
1379 1197
1380 208
1381 640
1381 1243
1382 49
1382 510
1382 1255
1382 1321
1384 1126
1384 1279
1385 459
1385 1069
1386 109
1387 526
1388 1174
1389 333
1389 410
1390 29
1390 1053
1391 84
1392 346
1392 1288
1393 738
1393 823
1394 773
1394 980
1394 1334
1397 880
1397 1464
1398 330
1398 562
1399 217
1399 313
1400 12
1400 703
1400 747
1400 959
1400 1497
1403 9
1403 1450
1405 904
1406 124
1407 457
1408 527
1408 858
1408 1212
1409 1064
1409 1162
1409 1455
1410 1365
1411 1038
1411 1225
1412 645
1412 790
1412 795
1413 15
1413 1394
1414 1440
1415 1435
1417 817
1417 1134
1418 812
1418 1126
1419 131
1419 275
1419 1237
1421 665
1421 746
1421 910
1422 610
1422 1069
1423 859
1423 1064
1424 331
1424 415
1424 420
1425 760
1426 52
1426 534
1426 678
1426 983
1426 1051
1427 853
1429 395
1429 1488
1430 1324
1432 321
1432 698
1432 1103
1434 340
1434 473
1434 612
1434 759
1436 453
1436 754
1437 140
1437 303
1437 520
1438 288
1438 1014
1438 1495
1439 307
1439 636
1439 737
1439 779
1440 468
1440 474
1440 708
1440 1087
1440 1130
1441 370
1444 372
1444 1153
1445 863
1445 1378
1446 35
1446 292
1446 1233
1448 661
1449 1245
1450 916
1450 1112
1451 120
1451 515
1451 673
1451 1087
1452 15
1453 428
1453 680
1453 1376
1454 796
1454 1107
1454 1126
1454 1281
1456 209
1457 60
1457 178
1457 1251
1458 383
1459 184
1459 1443
1462 847
1464 32
1464 1085
1465 43
1465 175
1466 370
1467 25
1467 348
1467 1217
1467 1280
1468 1007
1468 1499
1469 43
1469 1017
1469 1130
1469 1464
1473 157
1473 605
1473 897
1474 282
1475 387
1475 1276
1476 1094
1477 1189
1478 314
1478 368
1479 100
1480 228
1480 692
1481 9
1481 16
1482 368
1482 442
1482 974
1482 1276
1483 227
1484 46
1484 87
1484 1343
1486 219
1487 429
1489 834
1490 597
1490 1046
1490 1436
1491 32
1493 283
1493 593
1493 1434
1494 12
1494 736
1494 880
1494 1166
1495 479
1496 1332
1497 399
1497 534
1497 650
1498 91
1498 863
1499 210
1499 240
1499 605
1499 749
1499 822
1499 1406
1500 920
