1500
10467
1 70
1 417
1 459
1 579
1 626
1 852
1 921
1 1210
2 98
2 324
2 391
2 497
2 629
2 899
3 722
3 859
3 1057
3 1190
3 1280
3 1389
4 311
4 323
4 758
4 843
4 1374
5 589
5 824
5 859
5 1108
5 1113
5 1227
5 1334
5 1423
6 336
6 392
6 508
6 510
6 711
6 1443
7 91
7 1356
7 1407
8 250
8 311
8 456
8 1487
9 39
9 73
9 387
9 489
9 1100
9 1237
9 1465
9 1496
10 276
10 898
10 904
10 975
10 1104
10 1325
10 1337
11 35
11 308
11 535
11 646
11 883
11 1397
12 77
12 96
12 406
12 436
12 472
12 711
12 1036
13 187
13 521
13 997
13 1086
13 1141
13 1221
13 1470
14 928
14 984
14 1108
14 1230
14 1291
14 1361
15 17
15 77
15 136
15 577
15 1144
15 1343
15 1419
16 19
16 50
16 63
16 74
16 148
16 361
16 783
16 889
16 1108
16 1227
17 1
17 9
17 269
17 693
17 907
17 1168
18 260
18 404
18 745
18 903
18 1279
18 1283
18 1390
19 292
19 295
19 810
19 881
19 1150
19 1151
19 1155
19 1284
19 1449
20 134
20 590
20 712
20 748
20 928
20 1130
20 1160
20 1186
20 1304
20 1346
20 1452
21 673
21 774
21 1475
22 388
22 903
22 1065
22 1184
23 172
23 1098
23 1251
24 161
24 352
24 456
24 724
24 771
24 1000
25 169
25 435
25 473
25 566
25 637
25 700
25 867
25 1124
25 1193
25 1429
25 1436
26 609
26 692
26 760
26 855
27 9
27 43
27 104
27 494
27 865
27 1089
27 1103
27 1199
27 1360
28 39
28 160
28 581
28 661
28 997
28 1101
28 1371
29 59
29 197
29 346
29 359
29 555
29 687
29 842
29 850
29 864
29 1291
29 1307
30 551
30 863
30 865
30 1000
30 1078
30 1082
30 1164
30 1426
31 72
31 287
31 597
31 643
31 668
31 670
31 695
31 1222
31 1311
32 74
32 155
32 308
32 410
32 448
32 732
32 833
32 1018
32 1139
32 1201
32 1232
33 580
33 678
33 696
33 1078
33 1289
33 1314
33 1464
34 33
34 60
34 462
34 832
34 896
34 1025
34 1191
34 1434
35 28
35 90
35 224
35 332
35 342
35 634
35 1353
36 2
36 331
36 866
36 1431
37 565
37 1141
37 1147
37 1224
38 144
38 284
38 475
38 491
38 828
38 837
38 851
38 1141
38 1392
38 1401
39 240
39 494
39 812
39 934
39 954
39 1002
39 1016
39 1034
39 1078
39 1313
39 1418
40 27
40 38
40 1136
40 1223
40 1360
41 303
41 952
41 1082
41 1245
41 1414
42 19
42 219
42 333
42 357
42 566
42 787
42 876
42 1053
42 1095
42 1224
42 1452
42 1467
43 470
43 754
43 1071
43 1072
43 1213
43 1224
43 1400
43 1483
43 1499
44 46
44 729
44 731
44 984
44 1164
44 1218
44 1278
45 103
45 172
45 365
45 383
45 1435
46 56
46 200
46 350
46 531
46 1057
46 1465
47 69
47 401
47 569
47 626
47 875
48 224
48 337
48 344
48 416
48 642
48 669
48 884
48 992
48 1006
49 123
49 138
49 266
49 360
49 424
49 589
49 738
49 804
49 864
49 877
49 991
49 1195
49 1210
49 1322
50 142
50 144
50 402
50 654
50 704
50 756
50 772
50 885
50 1029
50 1122
50 1165
51 33
51 159
51 388
51 417
51 819
51 964
51 975
51 1162
51 1315
52 13
52 399
52 544
52 654
52 909
52 1144
52 1262
52 1308
52 1316
53 183
53 343
53 726
53 1017
53 1112
53 1179
53 1189
53 1253
53 1492
54 145
54 354
54 359
54 455
54 538
54 595
54 1289
55 230
55 235
55 320
55 364
55 740
55 779
55 781
55 786
55 1346
56 70
56 147
56 328
56 403
56 755
56 912
56 1486
57 844
58 66
58 184
58 370
58 752
58 992
58 1214
59 297
59 386
59 392
59 467
59 934
59 948
59 1009
59 1111
59 1405
59 1419
60 214
60 649
60 747
60 995
60 1360
61 17
61 329
61 463
61 934
61 958
61 1464
62 305
62 508
62 598
62 723
62 992
62 1127
62 1370
62 1408
62 1482
63 68
63 163
63 1274
64 115
64 163
64 199
64 260
64 275
64 305
64 728
64 983
64 1291
64 1455
65 351
65 359
65 581
65 600
65 722
65 872
65 954
65 1069
65 1190
66 56
66 225
66 421
66 471
66 609
66 1046
66 1265
67 152
67 165
67 660
67 969
67 1154
67 1213
67 1310
67 1429
67 1472
68 191
68 415
68 778
68 974
68 1102
68 1108
68 1110
68 1172
68 1220
69 283
69 485
69 607
69 888
69 903
69 1169
69 1279
70 163
70 360
70 415
70 492
70 567
70 605
70 1140
70 1332
71 290
71 526
71 642
71 704
71 739
71 933
71 1012
71 1090
71 1391
72 25
72 545
72 582
72 769
72 793
72 846
72 891
72 1202
72 1491
73 155
73 177
73 338
73 567
73 1187
73 1214
73 1381
74 77
74 415
74 431
74 454
74 501
74 930
74 1080
74 1118
75 51
75 289
75 577
75 610
75 886
75 1268
75 1444
76 451
76 485
76 597
76 948
76 1306
76 1459
77 25
77 56
77 344
77 490
77 676
77 792
77 1037
77 1172
77 1247
77 1475
78 94
78 272
78 571
78 665
78 1319
78 1480
79 109
79 263
79 700
79 883
79 1095
79 1252
79 1264
79 1405
79 1481
80 307
80 362
80 404
80 427
80 496
80 545
80 732
80 813
80 1052
80 1129
80 1334
80 1369
80 1376
80 1426
81 525
81 864
81 880
81 921
81 1340
81 1446
82 220
82 515
82 619
82 716
82 827
82 864
82 962
83 419
83 577
83 650
83 1026
83 1114
83 1224
83 1289
84 95
84 661
84 679
84 788
84 1149
84 1260
84 1297
85 491
85 790
86 40
86 84
86 210
86 489
86 533
86 597
86 799
86 858
86 1314
87 286
87 505
87 572
87 667
87 887
87 1303
88 325
88 581
88 1102
88 1133
88 1144
89 109
89 490
89 592
89 715
89 759
89 837
89 998
89 1263
89 1464
90 856
91 357
91 1087
91 1418
92 238
93 247
93 353
93 579
93 604
93 612
93 878
93 1211
94 222
94 258
94 394
94 894
94 1066
94 1163
94 1287
94 1398
94 1455
94 1467
95 388
95 518
95 679
95 959
96 103
96 113
97 915
97 922
97 981
97 1110
97 1126
97 1143
97 1478
98 152
98 199
98 365
98 801
98 898
98 1339
99 203
99 292
99 412
99 713
99 832
99 890
99 971
99 1186
99 1365
100 340
100 674
100 687
100 752
100 829
100 873
100 1233
100 1247
100 1417
100 1461
101 75
101 383
101 412
101 680
101 1226
102 144
102 572
102 709
102 828
102 945
102 949
102 998
102 1316
102 1355
103 166
103 203
103 344
103 405
103 723
103 903
103 1363
103 1399
104 77
104 482
104 936
104 1121
104 1138
104 1188
104 1254
105 118
105 206
105 727
105 743
105 778
105 821
105 1411
105 1478
106 14
106 245
106 286
106 492
106 691
106 934
106 1469
107 110
107 445
107 535
107 696
107 711
107 967
107 1096
107 1321
108 285
108 311
108 415
108 448
108 1181
108 1284
108 1465
109 725
109 1004
109 1120
109 1128
110 70
110 539
110 683
110 684
110 1332
110 1337
110 1450
110 1491
111 439
111 723
111 865
111 900
111 1052
111 1225
111 1334
112 561
113 702
113 788
113 1125
113 1270
113 1472
113 1490
114 61
114 83
114 150
114 507
114 704
114 816
114 1251
114 1285
114 1439
115 62
115 77
115 1254
115 1287
115 1433
116 197
116 310
116 322
116 591
116 630
116 1136
117 199
117 774
117 1106
117 1143
118 90
118 282
118 423
118 1384
119 28
119 167
119 237
119 312
119 647
119 755
119 864
119 1088
119 1297
119 1418
119 1493
120 55
120 746
120 820
120 917
120 1370
120 1467
121 33
121 189
121 301
121 419
121 737
121 1027
121 1206
122 213
122 548
122 568
122 1320
123 205
123 299
123 967
123 1169
123 1297
123 1417
123 1420
123 1492
124 66
124 405
124 576
124 600
124 649
124 881
124 1220
124 1291
124 1472
125 42
125 297
125 344
125 640
125 652
125 966
125 1067
125 1097
126 483
126 498
126 534
126 652
126 1073
126 1416
126 1418
127 25
127 52
127 73
127 87
127 451
127 651
127 1052
127 1242
127 1380
128 302
128 339
128 674
128 693
128 745
128 1229
129 245
129 374
129 736
129 1143
129 1492
130 436
130 670
130 1118
130 1126
130 1193
130 1265
130 1479
131 186
131 1339
131 1469
132 244
132 298
132 449
132 579
132 604
132 673
132 885
132 1235
132 1420
133 537
133 779
133 1070
133 1081
133 1106
133 1151
133 1208
133 1249
133 1257
134 212
134 365
134 740
134 776
134 817
134 859
134 898
135 14
135 147
135 963
135 1037
135 1242
135 1244
135 1326
136 369
136 974
136 1038
136 1114
136 1277
136 1288
136 1309
137 183
137 330
137 348
137 349
137 664
137 934
137 967
138 778
139 56
139 324
139 515
139 1073
139 1107
139 1137
139 1295
139 1371
140 147
140 173
140 367
140 407
140 549
140 1098
140 1482
141 184
141 361
141 445
141 867
141 941
141 1275
141 1334
142 124
142 200
142 418
142 712
142 773
142 1201
142 1223
142 1301
142 1484
143 309
143 406
143 514
143 525
143 695
143 1054
143 1219
144 883
144 1464
144 1465
145 606
145 1001
145 1409
146 235
146 605
146 693
146 763
146 1328
146 1381
147 75
147 148
147 406
147 872
147 971
147 987
147 1119
147 1295
147 1409
147 1410
148 505
148 681
148 841
148 912
148 1004
148 1037
148 1140
148 1240
149 220
149 683
149 828
149 1037
149 1402
150 160
150 262
150 375
150 429
150 530
150 686
150 829
150 853
150 899
150 1122
150 1235
150 1316
151 290
151 427
151 458
151 986
151 1053
152 118
152 374
152 461
152 822
152 861
152 1092
152 1157
152 1169
153 420
153 614
154 418
154 1074
154 1108
154 1119
154 1151
154 1282
155 196
155 233
155 503
155 521
155 586
155 603
155 695
155 764
155 812
155 974
155 984
155 1389
155 1477
156 157
156 191
156 1055
157 195
157 605
157 618
157 710
157 890
157 1085
157 1429
158 247
158 453
158 533
158 681
158 721
158 819
158 1231
158 1448
159 720
159 1056
159 1164
159 1292
160 427
160 774
160 1160
160 1254
160 1285
160 1314
161 179
161 354
161 665
161 865
161 1170
161 1445
161 1474
162 83
162 149
162 277
162 848
162 1074
162 1146
162 1265
163 49
163 600
163 714
163 756
163 757
163 802
163 817
163 837
163 1038
163 1059
163 1359
163 1456
164 217
164 1059
164 1069
164 1141
164 1244
165 130
165 233
165 312
165 381
165 498
165 718
165 1159
166 26
166 93
166 259
166 359
166 537
166 579
166 670
166 748
166 948
166 1062
166 1400
167 241
167 281
167 316
167 417
167 601
167 631
167 687
167 805
167 815
167 1436
168 142
168 314
168 472
169 120
169 600
169 693
169 762
169 790
169 957
170 264
170 788
170 1234
170 1369
171 287
171 1142
171 1426
172 66
172 332
172 466
172 472
172 761
172 873
172 1149
173 311
173 644
173 645
173 848
173 888
173 982
173 1255
173 1324
173 1481
174 16
174 32
174 177
174 381
174 392
174 493
174 727
174 1027
174 1236
174 1320
174 1356
175 200
175 255
175 531
175 862
175 889
176 25
176 215
176 763
176 769
176 853
176 1001
176 1072
176 1112
176 1169
176 1224
177 77
177 107
177 283
177 286
177 431
177 694
177 987
177 1116
177 1200
177 1217
178 82
178 120
178 285
178 331
178 366
178 771
178 864
178 990
178 1103
178 1188
178 1227
178 1275
178 1441
178 1479
179 58
179 592
179 666
179 795
179 833
179 1107
179 1232
179 1294
179 1350
179 1475
180 247
180 1202
180 1377
180 1446
180 1453
181 221
181 264
181 666
181 763
181 796
181 1425
181 1440
182 55
182 127
182 263
182 669
182 848
182 1106
182 1365
183 257
183 497
183 542
183 646
183 741
183 775
183 828
183 1017
184 35
184 872
184 1343
185 123
185 534
185 536
185 657
185 1024
185 1054
185 1083
185 1181
185 1451
186 3
186 82
186 424
186 487
186 590
186 636
186 840
186 1216
187 366
187 478
187 539
187 702
187 997
187 1014
187 1252
187 1384
187 1437
187 1498
188 59
188 156
188 372
188 458
188 535
188 665
188 814
188 816
188 981
188 1160
189 62
189 147
189 299
189 417
189 825
189 870
189 1216
190 19
190 334
190 383
190 757
190 963
191 141
191 169
191 245
191 380
191 521
191 792
191 1218
191 1411
192 114
192 789
192 1153
192 1216
192 1332
193 1
193 75
193 95
193 242
193 1253
194 393
194 570
194 1114
195 224
195 257
195 581
195 709
195 781
196 25
196 246
196 252
196 294
196 343
196 345
196 378
196 433
196 1093
196 1433
197 442
197 814
197 1258
197 1351
197 1381
198 651
198 731
198 824
198 837
198 1090
198 1140
198 1261
198 1330
199 34
199 133
199 149
199 151
199 428
199 747
199 800
199 1109
199 1381
200 398
200 584
200 657
200 717
200 962
201 76
201 691
201 1062
202 159
202 391
202 645
202 649
202 768
202 898
203 95
203 150
203 206
203 612
203 799
203 918
203 976
204 129
204 300
204 381
204 593
204 685
204 730
204 734
204 772
204 870
204 871
204 877
204 879
204 886
204 1052
204 1086
205 50
205 55
205 110
205 211
205 613
205 642
205 1046
206 167
206 258
206 886
206 952
206 1185
207 282
207 295
207 437
207 462
207 661
207 732
207 1019
208 20
208 232
208 387
208 530
208 534
208 595
208 625
208 768
208 823
208 840
208 1163
208 1241
208 1406
208 1453
209 52
209 178
209 335
209 424
209 703
209 706
209 760
209 1012
210 387
210 391
210 722
210 1085
210 1223
211 47
211 152
211 184
211 197
211 292
211 551
211 641
211 728
211 759
212 359
212 906
212 938
213 146
213 943
213 1228
213 1264
213 1349
213 1459
214 515
214 565
214 1370
215 98
215 658
215 1066
215 1125
215 1235
215 1264
215 1353
215 1398
215 1426
216 31
216 115
216 180
216 206
216 766
216 791
216 1360
217 673
217 1137
217 1324
218 42
218 265
218 686
218 833
218 1198
218 1345
219 122
219 279
219 384
219 638
219 796
219 891
220 76
220 234
220 239
220 329
220 434
220 482
220 502
220 604
220 746
220 1258
220 1264
220 1286
220 1345
221 345
221 602
221 864
221 917
221 1406
221 1463
222 328
222 945
222 968
222 1442
222 1453
222 1499
223 233
223 451
223 502
223 805
223 875
223 914
223 982
223 1223
223 1275
223 1468
223 1483
224 172
224 423
224 427
224 558
224 902
224 966
224 1001
224 1074
224 1395
224 1431
225 182
225 255
225 309
225 438
225 448
225 1043
226 16
226 236
226 257
226 506
226 634
226 737
226 751
226 869
226 892
226 1424
227 101
227 297
227 500
227 1159
228 54
228 137
228 319
228 441
228 475
228 691
228 1243
228 1433
229 250
229 344
229 1168
230 97
230 432
230 648
230 843
230 1017
230 1177
231 19
231 295
231 405
231 618
231 640
231 731
231 968
231 1256
231 1310
231 1340
232 148
232 353
232 570
232 592
232 602
232 611
232 691
232 828
232 990
232 1231
232 1232
232 1351
232 1362
233 189
233 482
233 486
233 760
234 183
234 362
234 471
234 1070
234 1123
234 1440
235 149
235 152
235 180
235 829
235 971
235 1057
235 1162
235 1342
236 735
237 176
237 372
237 902
237 1093
238 897
238 1075
239 133
239 142
239 678
239 795
239 1057
239 1107
239 1204
239 1497
240 401
240 575
240 902
240 969
240 1088
240 1395
240 1424
240 1446
241 84
241 158
241 346
241 352
241 404
241 700
241 791
241 927
241 1353
242 4
242 495
242 708
242 717
242 927
242 1009
242 1050
242 1400
243 64
243 314
243 344
243 433
243 810
243 972
243 1249
243 1270
243 1419
244 850
244 886
244 1022
244 1082
244 1235
244 1468
245 104
245 299
245 541
245 1093
245 1234
245 1301
245 1414
246 151
246 473
246 528
246 586
246 1144
246 1203
246 1228
246 1251
246 1357
246 1417
247 70
247 355
247 588
247 660
247 898
247 1120
247 1374
248 485
248 1166
248 1372
248 1378
249 1
250 744
250 822
250 852
250 971
250 1208
250 1476
251 79
251 827
251 1056
251 1154
251 1287
252 271
252 274
252 359
252 653
252 714
252 790
252 993
252 1456
253 264
253 472
253 504
253 681
253 810
253 863
253 915
253 1091
253 1166
254 50
254 159
254 671
254 701
254 947
254 1031
254 1330
255 586
255 602
255 1382
256 199
256 513
256 565
256 1000
256 1172
256 1373
257 32
257 140
257 170
257 230
257 597
257 1081
257 1137
257 1399
258 193
258 471
258 1394
259 584
259 812
259 1102
259 1383
260 467
260 684
260 713
260 934
260 937
260 1293
261 143
261 172
261 706
261 1355
261 1391
262 205
262 312
262 801
262 911
262 976
262 1381
263 34
263 166
263 868
263 1062
263 1220
263 1252
263 1342
264 156
264 381
264 571
264 832
264 1040
264 1091
264 1094
264 1210
264 1372
265 93
265 571
265 694
265 903
265 1180
265 1481
266 217
266 369
266 407
266 589
266 611
266 817
266 887
266 1050
266 1067
266 1137
266 1257
266 1463
267 111
267 313
267 607
267 947
267 1128
267 1206
267 1225
267 1246
268 391
268 1151
268 1240
268 1274
268 1297
268 1412
269 207
269 369
269 563
269 618
269 789
269 976
269 995
269 1366
269 1378
270 204
270 600
270 670
270 930
270 1282
270 1380
271 463
271 667
271 1110
271 1142
271 1336
272 281
272 395
272 1059
272 1079
272 1140
272 1245
272 1333
272 1359
273 814
273 893
273 1390
273 1402
274 146
274 226
274 239
274 368
274 544
274 817
274 912
274 1108
274 1198
274 1236
274 1268
274 1331
275 226
275 558
275 767
275 784
275 1106
275 1191
276 204
276 540
276 931
276 1292
276 1459
277 81
277 183
277 430
277 715
277 764
277 841
277 1454
278 202
278 408
278 924
278 930
278 954
278 1082
279 248
279 293
279 392
279 547
279 585
279 801
279 1004
279 1074
279 1386
280 152
280 304
280 679
280 816
280 1002
280 1109
281 114
281 170
281 182
281 221
281 352
281 515
281 550
281 618
281 716
281 805
281 992
281 1298
282 42
282 65
282 686
282 729
282 898
282 928
282 1363
282 1422
283 18
283 114
283 359
283 459
283 479
283 610
283 632
283 881
283 1354
283 1499
284 250
284 699
284 1033
284 1319
284 1388
285 63
285 427
285 531
285 702
285 817
285 1197
285 1447
286 220
286 244
286 443
286 545
286 580
286 1042
286 1049
286 1056
286 1100
286 1228
286 1428
287 484
287 646
287 667
287 852
287 1002
287 1070
287 1142
287 1216
287 1228
287 1247
287 1476
288 32
288 176
288 225
288 237
288 509
288 728
288 892
288 894
288 1374
289 23
289 193
289 205
289 351
289 870
289 1060
289 1446
290 4
290 39
290 283
290 1317
291 335
291 500
291 686
291 932
291 1263
291 1480
292 242
292 289
292 410
292 450
292 715
292 830
292 1098
293 63
293 101
293 201
293 254
293 506
293 616
293 821
293 1064
293 1224
294 53
294 380
294 1020
294 1135
294 1224
294 1347
295 235
295 799
295 879
295 1221
295 1267
295 1285
296 189
296 339
296 603
296 626
296 879
297 103
297 246
297 410
297 687
297 772
297 773
297 847
297 1194
297 1289
297 1458
298 35
298 67
298 455
298 487
298 681
298 718
299 85
299 247
299 395
299 472
299 912
299 1186
299 1480
300 15
300 159
300 663
300 726
300 844
300 931
300 943
300 1095
300 1366
301 59
301 218
301 241
301 315
301 544
301 818
301 981
301 1117
302 265
302 453
302 1013
302 1276
302 1306
302 1313
303 101
303 415
303 706
303 1392
303 1457
304 435
304 588
304 793
304 1360
305 69
305 294
305 508
305 655
305 673
305 760
306 123
306 188
306 347
306 391
306 1037
306 1061
306 1297
306 1300
306 1438
306 1447
306 1494
307 22
307 27
307 55
307 65
307 112
307 298
307 568
307 570
307 742
307 758
307 1313
307 1448
308 170
308 243
308 512
308 578
308 706
308 971
308 1437
309 32
309 354
309 389
309 613
309 615
309 756
309 1034
309 1082
309 1237
309 1341
310 831
310 1411
311 565
311 623
311 727
312 44
312 88
312 338
312 358
312 484
312 534
312 709
312 711
312 728
312 1006
312 1127
312 1343
312 1400
313 188
313 224
313 394
313 453
313 910
313 1177
313 1190
313 1462
314 473
314 1207
315 646
316 4
316 170
316 183
316 224
316 837
316 866
316 1004
316 1448
317 172
317 232
317 251
317 327
317 333
317 467
317 577
317 743
317 1041
317 1361
317 1392
317 1400
317 1457
318 35
318 66
318 320
318 374
318 505
318 618
318 1335
319 279
319 472
319 847
319 1392
320 50
320 160
320 273
320 332
320 521
320 994
320 1165
320 1417
321 439
321 855
321 1499
322 55
322 118
322 246
322 313
322 317
322 370
322 371
322 474
322 671
322 885
322 993
322 1144
323 336
323 560
323 1273
323 1349
323 1377
324 82
324 525
324 731
324 820
324 1028
324 1067
325 326
325 428
325 563
325 806
325 1199
325 1218
325 1343
326 141
326 214
326 231
326 239
326 496
326 722
326 1170
327 32
327 364
327 445
327 476
327 607
327 1097
327 1178
327 1249
328 8
328 826
328 1356
329 257
329 440
329 529
329 598
329 800
329 917
329 1265
329 1319
330 183
330 452
331 238
331 436
331 496
331 1012
331 1345
331 1425
331 1480
331 1489
332 42
332 591
332 594
332 602
332 615
332 925
332 993
332 1140
333 286
333 332
333 676
333 1029
333 1342
334 194
334 264
334 328
334 431
334 634
334 743
334 1013
334 1058
334 1385
335 443
335 522
335 673
336 187
336 287
336 498
336 632
336 680
336 996
337 28
337 77
337 188
337 358
337 460
337 852
337 1056
337 1169
338 154
338 301
338 514
338 581
338 874
338 875
338 1111
338 1142
338 1252
338 1273
338 1392
338 1446
339 225
339 382
339 486
339 500
339 681
339 825
339 838
339 849
339 1152
339 1352
339 1393
340 304
340 521
340 587
340 627
340 687
340 775
341 30
341 340
341 406
341 441
341 487
341 884
341 893
341 972
342 1
342 270
342 730
342 809
342 1206
343 121
343 450
343 657
343 718
343 749
343 941
343 1301
343 1385
343 1391
343 1421
344 259
344 299
344 531
344 563
344 632
344 1062
344 1069
344 1093
344 1160
344 1325
344 1492
345 90
345 117
345 152
345 412
345 739
345 1029
345 1260
346 125
346 301
346 364
346 505
346 676
346 789
346 1013
346 1025
346 1241
346 1437
346 1497
347 237
347 341
347 680
347 1073
347 1091
347 1368
348 237
348 282
348 596
348 624
348 772
348 844
348 885
348 892
348 1204
348 1353
348 1484
349 491
349 844
349 1021
349 1178
349 1203
349 1461
350 367
350 391
350 411
350 511
350 575
350 760
350 853
350 896
350 918
350 1202
350 1359
351 32
351 138
351 237
351 241
351 648
351 780
351 987
351 1102
351 1179
352 430
352 938
352 1118
352 1148
352 1362
353 453
353 613
353 804
353 920
353 1038
353 1153
353 1309
354 149
354 363
354 504
354 642
354 767
354 1100
354 1151
355 95
355 126
355 925
355 1040
355 1408
356 86
356 293
356 342
356 641
356 718
356 757
356 832
356 1372
357 396
357 563
357 1012
357 1259
358 56
358 108
358 128
358 344
358 807
358 827
358 967
358 1249
359 141
359 483
359 940
359 1015
359 1323
359 1484
360 653
360 1372
360 1487
361 160
361 395
361 456
361 785
361 937
361 1247
361 1268
362 44
362 333
362 434
362 487
362 610
362 737
362 892
362 956
362 1009
362 1447
363 261
363 510
363 543
363 620
363 759
363 780
363 814
363 865
363 1064
363 1208
364 83
364 104
364 235
364 425
364 655
364 942
364 1014
364 1194
364 1287
364 1331
365 15
365 168
365 349
365 892
365 934
366 502
366 997
367 352
367 717
367 1012
368 93
368 132
368 174
368 191
368 723
368 843
368 926
368 1296
369 203
369 247
369 638
369 898
369 899
369 988
369 1002
369 1113
369 1268
369 1355
370 115
370 594
370 858
370 904
370 1356
371 263
371 412
371 692
371 851
371 1145
371 1163
371 1183
371 1226
371 1293
372 43
372 110
372 813
372 855
372 892
373 66
373 409
373 1021
373 1230
373 1258
373 1296
373 1308
374 6
374 40
374 73
374 75
374 847
374 1183
374 1187
375 380
375 946
375 1035
375 1130
375 1168
375 1193
375 1372
376 107
376 171
376 381
376 470
376 475
376 676
376 1068
376 1142
376 1435
377 8
377 277
377 390
377 401
377 728
377 921
377 1028
377 1154
377 1156
377 1450
378 123
378 280
378 393
378 746
379 106
379 645
379 735
379 1122
379 1193
379 1250
380 213
380 227
380 302
380 316
380 1071
380 1349
380 1387
380 1467
381 374
381 657
381 771
381 1377
382 150
382 180
382 489
382 491
382 594
382 698
382 703
383 48
383 415
383 872
383 885
383 949
383 956
383 1093
383 1191
383 1406
383 1439
384 298
384 373
384 528
384 1171
384 1287
384 1384
385 434
385 573
385 700
385 776
385 1167
385 1186
385 1339
385 1370
386 316
386 1005
386 1089
386 1197
386 1244
387 95
387 121
387 372
387 465
387 1176
388 33
388 48
388 60
388 344
388 356
388 839
388 1293
389 55
389 101
389 789
389 1069
389 1130
389 1493
390 432
390 480
390 781
390 1140
391 340
391 341
391 441
391 471
391 899
392 401
392 408
392 616
392 677
392 1222
392 1420
392 1461
393 66
393 141
393 266
393 324
393 1396
394 165
394 335
394 601
394 673
394 1017
395 157
395 509
395 744
395 1137
395 1277
396 98
396 615
396 933
396 971
397 232
397 346
397 372
397 556
397 898
397 1060
397 1213
398 127
398 498
398 601
398 1071
398 1183
398 1472
399 770
399 984
399 1249
400 431
400 501
400 586
400 688
400 726
400 890
400 987
401 276
401 506
401 587
402 599
402 658
402 667
402 703
402 917
402 966
402 1006
402 1128
402 1141
403 93
403 143
403 231
403 552
403 1121
404 47
404 85
404 106
404 317
404 422
404 545
404 650
404 1031
404 1189
404 1314
404 1332
404 1436
404 1485
405 335
405 376
405 467
405 1008
405 1110
405 1125
406 44
406 277
406 956
406 999
406 1256
407 86
407 210
407 277
407 361
407 411
407 841
407 1172
407 1415
408 364
408 505
408 666
408 691
408 869
408 1165
408 1462
409 33
409 78
409 115
409 397
409 524
409 583
409 771
409 1164
409 1353
410 788
410 909
410 916
410 1162
410 1277
410 1383
411 110
411 144
411 252
411 311
411 375
411 975
411 984
411 1159
411 1453
412 276
412 420
412 896
412 976
412 1192
412 1230
412 1284
413 11
413 101
413 288
413 376
413 543
413 607
413 704
413 1329
414 254
414 306
414 531
414 927
414 1093
415 185
415 290
415 383
415 626
415 929
415 1231
416 303
416 600
416 607
416 1251
416 1291
416 1376
417 234
417 349
417 1003
417 1248
418 84
418 85
418 129
418 146
418 198
418 700
419 315
419 703
419 1085
419 1097
419 1292
419 1386
420 5
420 307
420 346
420 737
420 762
420 1000
420 1210
420 1500
421 60
421 150
421 330
421 1031
421 1162
421 1340
422 217
422 224
422 594
422 729
422 1114
423 72
423 631
423 730
423 1033
423 1055
423 1183
423 1394
423 1437
423 1438
424 18
424 197
424 392
424 929
424 1020
424 1024
424 1048
424 1091
424 1384
424 1439
425 392
425 712
425 767
426 7
426 309
426 461
426 507
426 531
426 1101
426 1227
427 225
427 324
427 380
427 534
427 575
427 849
427 1004
427 1033
427 1240
427 1319
428 99
428 126
428 226
428 495
428 729
428 841
428 851
428 943
428 1412
429 65
429 623
429 722
429 931
430 101
430 184
430 344
430 407
430 712
430 718
430 898
430 960
430 1028
430 1347
431 644
431 1021
431 1203
431 1311
432 117
432 130
432 793
432 1121
433 194
433 255
433 561
433 662
434 167
434 325
434 625
434 871
434 984
434 1000
434 1244
435 354
435 370
435 400
435 611
435 635
435 681
435 698
435 765
435 1490
436 131
436 201
436 380
436 391
436 901
436 1214
436 1489
437 24
437 1031
437 1115
437 1220
437 1282
437 1429
437 1437
438 36
438 680
438 735
438 912
438 1496
439 64
439 136
439 706
439 829
439 1236
440 24
440 151
440 722
440 1255
441 94
441 482
441 619
441 636
441 760
441 1048
441 1307
442 240
442 551
442 653
442 737
442 1177
442 1228
442 1346
442 1431
443 10
443 71
443 305
443 833
443 870
443 937
443 1184
443 1310
443 1426
443 1463
444 9
444 74
444 297
444 387
444 507
444 614
444 648
444 815
444 881
444 1154
445 163
445 235
445 432
445 609
445 1186
445 1295
446 932
446 1072
446 1264
446 1320
446 1440
447 183
447 756
447 812
447 937
447 1184
447 1188
447 1290
447 1430
448 59
448 69
448 94
448 204
448 366
448 402
448 430
448 560
448 804
448 1490
449 337
449 749
449 953
449 1058
449 1071
449 1285
449 1309
450 196
450 467
450 628
450 640
450 667
450 837
450 892
450 1040
451 45
451 64
451 313
451 558
451 603
451 866
451 949
451 1218
451 1371
451 1410
452 131
452 331
452 342
452 1105
452 1187
452 1296
453 10
453 145
453 609
453 626
453 816
454 142
454 221
454 391
454 459
454 506
454 535
454 717
454 926
454 1173
455 293
455 502
455 589
455 663
455 1000
455 1156
455 1369
456 233
456 412
456 541
456 556
456 1180
456 1259
456 1284
456 1310
456 1339
457 85
457 133
457 382
457 508
457 730
457 905
457 966
457 1002
457 1004
457 1170
457 1172
458 296
458 373
458 508
458 779
458 904
458 1026
458 1228
458 1474
459 382
459 689
459 737
459 777
459 914
459 984
459 1053
459 1067
459 1134
459 1395
459 1481
460 53
460 141
460 241
460 314
460 336
460 344
460 775
460 1159
460 1398
461 238
461 284
461 407
461 548
461 588
461 1117
461 1160
461 1298
462 173
462 393
462 946
462 1225
462 1381
462 1477
463 21
463 125
463 669
463 863
463 1104
463 1467
464 176
464 252
464 304
464 835
464 1138
464 1415
465 12
465 177
465 463
465 585
465 629
465 668
465 721
465 865
465 899
465 1286
465 1373
466 498
466 1000
466 1199
467 69
467 105
467 300
467 362
467 772
467 1237
467 1250
467 1438
468 36
468 625
468 645
468 717
468 955
468 1297
468 1381
469 481
469 578
469 698
469 1088
469 1101
469 1354
470 2
470 68
470 209
470 497
470 718
470 797
470 1091
470 1133
470 1340
471 35
471 265
471 355
471 714
471 752
471 847
471 968
471 990
471 1081
471 1095
471 1193
471 1341
471 1400
471 1407
472 209
472 449
472 652
472 766
472 804
472 849
472 984
472 1092
472 1351
473 13
473 483
473 527
473 532
473 916
473 1395
474 1
474 14
474 33
474 92
474 254
474 315
474 591
474 1175
474 1498
475 68
475 83
475 270
475 328
475 391
475 800
475 1500
476 670
476 816
476 914
476 1117
477 114
477 621
477 641
477 922
477 981
477 1005
477 1187
477 1204
477 1300
477 1465
478 202
478 298
478 299
478 1112
478 1145
478 1257
478 1404
479 62
479 252
479 435
479 447
479 689
479 1024
479 1085
479 1192
479 1214
479 1395
480 35
480 149
480 333
480 388
480 548
480 677
480 997
480 1171
480 1292
481 161
481 301
481 451
481 453
481 565
481 721
481 827
481 1188
481 1346
482 8
482 76
482 548
482 606
482 801
482 1240
483 206
483 421
483 558
483 845
483 1118
484 31
484 74
484 909
484 983
484 1126
485 79
485 441
485 449
485 888
485 1451
486 153
486 183
486 201
486 251
486 1011
486 1242
486 1443
487 66
487 310
487 513
487 817
487 1054
487 1296
488 15
488 72
488 140
488 414
488 1143
488 1275
488 1410
488 1454
489 381
489 633
489 775
489 784
489 1193
490 190
490 662
490 722
490 730
490 807
490 964
490 1393
490 1447
490 1499
491 80
491 180
491 211
491 347
491 424
491 652
491 1041
492 122
492 735
492 956
492 1013
492 1219
492 1384
492 1495
493 28
493 155
493 278
493 443
493 831
494 59
494 237
494 365
494 695
494 1129
494 1185
495 8
495 42
495 213
495 277
495 377
495 459
495 611
495 1263
495 1285
495 1383
495 1429
496 111
496 152
496 356
496 432
496 533
496 558
496 1045
496 1252
497 255
497 546
497 712
497 848
497 1081
497 1136
497 1168
498 114
498 338
498 583
498 950
498 1050
499 13
499 361
499 932
499 1067
499 1117
499 1159
499 1200
499 1353
499 1362
500 677
500 736
500 984
501 73
501 308
501 810
501 829
501 1410
502 62
502 130
502 461
502 477
502 882
502 1307
502 1318
502 1339
502 1423
503 26
503 29
503 74
503 81
503 1079
503 1091
504 286
504 318
504 382
504 820
504 1107
504 1281
504 1301
504 1302
505 118
505 473
505 561
505 802
505 875
505 1056
505 1498
506 368
506 390
506 663
506 838
506 1368
506 1408
506 1473
507 278
507 435
508 534
508 560
508 772
508 834
508 907
508 1193
508 1337
509 121
509 132
509 344
509 1101
509 1249
510 376
510 386
510 816
510 869
510 930
510 1331
511 94
511 294
511 384
511 1030
511 1094
512 16
512 98
512 360
512 391
512 805
512 900
512 966
512 1195
512 1306
513 102
513 234
513 506
513 563
513 631
513 725
513 789
513 792
513 1010
513 1159
513 1265
514 48
514 96
514 122
514 279
514 691
514 757
514 761
514 779
514 801
514 1007
514 1039
514 1425
514 1488
514 1491
515 22
515 595
515 796
515 1481
516 359
516 483
516 545
516 841
516 1358
517 85
517 437
517 506
517 535
517 762
517 1227
518 73
518 206
518 379
518 447
518 693
518 1038
518 1394
519 253
519 585
519 932
519 955
519 1224
519 1282
519 1481
520 287
520 351
520 467
520 1155
520 1237
520 1479
520 1500
521 132
521 408
521 762
521 822
521 831
521 1173
522 126
522 169
522 496
522 891
522 980
522 1026
523 345
523 865
523 1031
523 1433
524 31
524 559
524 663
524 676
524 724
524 949
524 1496
525 352
525 418
525 429
525 516
525 789
525 861
525 1477
526 32
526 568
526 640
526 756
526 986
526 1168
526 1305
527 17
527 63
527 158
527 242
527 420
527 634
527 910
527 917
527 987
527 1472
528 345
528 900
528 1003
528 1317
528 1453
529 151
529 223
529 584
529 695
529 765
529 780
529 943
529 1001
530 238
530 262
530 556
530 604
530 706
530 921
530 980
531 152
531 256
531 897
531 1268
531 1430
532 590
532 604
532 817
532 1104
532 1468
533 556
533 707
533 755
533 899
533 1328
534 307
534 340
534 740
534 1127
534 1219
534 1458
535 271
535 642
535 799
535 1039
535 1049
535 1118
535 1395
536 84
536 842
536 930
536 1007
536 1369
537 1382
537 1398
538 217
538 234
538 386
538 411
538 511
538 629
538 867
538 1202
539 368
539 372
539 399
539 516
539 1074
539 1375
540 260
540 583
540 1077
540 1095
540 1138
540 1318
540 1424
540 1482
540 1500
541 734
541 876
541 943
541 1139
542 103
542 428
542 687
542 919
542 1081
542 1089
542 1395
542 1417
542 1440
543 3
543 109
543 128
543 155
543 189
543 240
543 277
543 376
543 453
543 724
543 779
543 933
543 934
543 1031
543 1111
543 1229
543 1358
544 87
544 175
544 293
544 359
544 834
544 1010
544 1465
545 71
545 410
545 459
545 511
545 664
545 731
545 1075
545 1111
546 27
546 454
546 594
546 750
546 896
546 1232
546 1236
546 1337
547 65
547 209
547 529
547 733
547 854
547 953
547 1112
547 1140
547 1356
548 299
548 365
548 412
548 770
548 1463
549 450
549 493
549 539
549 758
549 1197
549 1250
550 98
550 593
550 1110
550 1134
550 1262
550 1380
551 3
551 205
551 263
551 395
551 608
551 740
551 985
551 1177
552 2
552 40
552 132
552 407
552 1143
552 1173
552 1192
552 1406
553 32
553 70
553 150
553 994
553 1171
553 1232
553 1307
553 1435
554 203
554 213
554 244
554 353
554 434
554 990
554 1136
554 1165
554 1209
554 1308
555 24
555 113
555 276
555 930
555 1180
555 1280
556 11
556 73
556 147
556 484
556 941
556 948
556 1210
556 1214
556 1440
557 102
557 430
557 652
557 819
558 249
558 332
558 912
559 119
559 138
559 376
559 551
559 832
559 851
559 1016
559 1042
559 1266
560 402
560 463
560 684
560 685
560 782
560 800
560 1188
560 1326
560 1433
561 84
561 115
561 330
561 412
561 447
561 486
561 581
561 606
561 810
561 1033
561 1332
561 1445
562 16
562 110
562 316
562 477
562 527
562 530
562 1164
562 1478
563 86
563 215
563 553
563 1025
563 1096
563 1216
563 1386
563 1444
564 6
564 278
564 460
564 773
564 1418
565 34
565 67
565 199
565 695
565 889
565 1123
565 1191
566 113
566 178
566 223
566 279
566 320
566 722
566 1343
567 507
567 509
567 585
567 616
567 1149
567 1163
567 1269
567 1301
567 1465
568 368
568 648
568 926
568 1004
568 1287
568 1293
568 1462
569 380
570 274
570 903
570 961
570 1060
570 1456
571 141
571 205
571 311
571 341
571 444
571 582
571 646
571 877
571 882
571 1092
571 1268
571 1320
572 613
572 614
572 816
572 1036
572 1131
572 1355
573 227
573 786
573 898
573 1111
574 74
574 143
574 369
574 472
574 638
574 1181
574 1224
574 1338
574 1376
575 156
575 227
575 469
575 514
575 517
575 542
575 797
575 834
575 905
575 1371
576 302
576 540
576 1017
576 1097
576 1286
576 1342
576 1462
577 141
577 372
577 404
577 431
577 637
577 658
577 661
577 698
577 1294
578 78
578 655
578 664
578 698
578 922
578 960
578 1045
578 1046
578 1121
578 1186
578 1220
578 1224
578 1314
579 22
579 66
579 318
579 839
580 70
580 518
580 838
580 987
580 1046
580 1357
581 7
581 151
581 257
581 406
581 998
581 1120
581 1213
582 59
582 89
582 174
582 480
582 492
582 936
582 992
583 138
583 197
583 340
583 667
583 1206
583 1229
583 1427
584 368
584 809
584 871
584 913
584 1008
584 1099
584 1178
585 263
585 351
585 752
585 1270
586 213
586 225
586 326
586 394
586 524
586 733
586 1388
586 1413
587 26
587 32
587 186
587 231
587 419
587 517
587 524
587 710
587 1168
587 1445
588 389
588 390
588 517
588 1100
588 1219
588 1323
588 1397
589 220
589 273
589 472
589 968
589 1275
589 1326
589 1361
589 1393
590 250
590 355
590 391
590 609
590 623
590 819
590 1248
590 1393
590 1403
590 1423
591 695
591 922
591 1008
591 1062
591 1331
592 34
592 1403
593 515
594 29
594 72
594 119
594 255
594 407
594 942
594 995
594 1239
595 140
595 168
595 735
595 814
595 866
595 913
595 1092
596 173
596 290
596 526
596 545
596 558
596 564
596 740
596 907
596 1078
596 1362
596 1364
597 28
597 174
597 493
597 893
597 902
597 928
597 981
597 984
597 1078
597 1125
597 1266
597 1269
597 1301
597 1304
597 1466
598 42
598 80
598 83
598 327
598 352
598 389
598 623
598 809
598 824
598 845
598 1000
598 1021
598 1387
599 137
599 801
599 1102
599 1179
600 24
600 177
600 460
600 637
600 849
600 1118
600 1346
600 1419
601 273
601 334
601 349
601 385
601 744
601 826
601 1254
601 1435
602 214
602 558
602 581
602 630
602 654
602 1379
602 1392
602 1405
603 113
603 195
603 472
603 723
603 843
603 1246
603 1377
604 422
604 559
604 757
604 1118
604 1146
604 1403
605 761
605 818
605 1060
606 28
606 488
606 719
606 960
606 1003
606 1057
606 1149
606 1212
606 1216
607 356
607 599
607 658
607 1243
607 1389
608 25
608 485
608 615
608 654
608 1171
608 1295
609 60
609 191
609 867
610 325
610 363
610 556
610 691
610 781
610 864
610 1372
611 105
611 446
611 701
611 716
611 1126
611 1294
612 125
612 146
612 182
612 190
612 292
612 701
612 1153
612 1202
613 8
613 111
613 382
613 487
613 1059
614 219
614 270
614 493
614 589
614 1301
615 66
615 193
615 260
615 539
615 557
615 605
615 631
615 1269
616 116
616 214
616 262
616 274
616 308
616 388
616 417
616 1292
616 1355
616 1478
617 286
617 507
617 744
617 774
617 853
617 907
617 1160
617 1271
618 249
618 741
618 809
618 1281
619 35
619 219
619 597
619 1142
619 1370
620 212
620 642
620 694
620 849
620 908
620 1094
620 1342
621 47
621 77
621 84
621 111
621 178
621 664
621 721
621 845
621 1051
621 1258
621 1383
622 129
622 175
622 273
622 630
622 649
622 667
622 789
622 838
622 1475
623 1439
624 337
624 667
624 768
624 838
624 1319
624 1402
624 1445
625 408
625 451
625 573
625 1088
626 113
626 381
626 646
626 736
626 749
627 553
627 565
627 872
627 1212
627 1290
628 387
628 478
628 510
628 1184
628 1367
629 62
629 112
629 300
629 317
629 363
629 365
629 645
629 808
629 809
629 1033
629 1431
630 46
630 130
630 193
630 282
630 391
630 490
630 777
630 1090
630 1497
631 677
631 1445
632 75
632 219
632 236
632 254
632 416
632 577
632 858
632 984
632 1237
632 1354
632 1450
633 13
633 110
633 182
633 431
633 463
633 1107
633 1155
633 1285
634 143
634 168
634 177
634 371
634 491
634 601
634 905
634 953
634 1168
635 225
635 1043
635 1132
635 1257
635 1385
636 166
636 245
636 345
636 443
636 809
636 852
636 1005
636 1390
637 750
637 762
637 899
637 1203
637 1307
637 1357
638 268
638 302
638 526
638 564
638 924
638 1183
638 1312
638 1344
639 90
639 697
639 704
639 718
639 1296
640 277
640 477
640 1210
640 1418
640 1462
641 244
641 360
641 1001
641 1066
642 126
642 350
642 582
642 1048
642 1139
642 1442
643 99
643 192
643 604
643 703
643 950
643 1047
643 1098
643 1179
643 1309
643 1403
644 150
644 193
644 226
644 683
644 1367
644 1405
645 25
645 276
645 520
645 581
645 671
645 993
645 1352
645 1402
646 765
646 1064
646 1157
647 221
647 384
647 602
647 761
647 954
648 598
648 917
648 949
648 955
648 984
648 1085
649 413
649 492
649 679
649 866
649 1095
649 1411
650 291
650 557
650 577
650 1212
650 1299
650 1437
651 158
651 235
651 541
651 774
651 1020
651 1034
652 186
652 636
652 836
652 877
652 1045
652 1176
652 1249
653 243
653 273
653 305
653 360
653 555
653 733
653 871
653 1259
654 425
654 488
654 1322
654 1445
655 107
655 117
655 154
655 780
655 921
655 1289
655 1402
656 46
656 137
656 477
656 907
656 1161
657 430
657 437
657 444
657 663
657 903
657 1120
657 1195
657 1333
658 87
658 353
658 529
658 561
658 1237
658 1364
659 464
659 1345
659 1389
659 1416
660 25
660 149
660 165
660 371
660 753
660 1107
660 1171
660 1477
661 445
661 806
661 1164
661 1489
662 173
662 208
662 649
662 820
662 882
662 1248
662 1260
662 1271
662 1333
663 78
663 181
663 209
663 485
663 514
663 921
664 910
664 932
664 1050
664 1146
665 162
665 299
665 599
665 609
665 811
665 1085
665 1348
665 1381
666 264
666 333
666 692
666 774
666 821
666 849
666 1104
666 1140
666 1399
666 1419
666 1488
667 42
667 83
667 245
667 616
667 1131
668 289
668 345
668 471
668 546
668 595
668 778
668 1309
669 140
669 214
669 249
669 272
669 281
669 282
669 488
669 674
669 889
669 1188
669 1252
669 1401
670 305
670 342
670 409
670 553
670 647
670 836
670 978
670 1423
671 143
671 527
671 795
671 853
671 1151
672 54
672 116
672 205
672 292
672 443
672 459
672 1067
672 1122
672 1358
673 946
673 957
673 996
674 182
674 208
674 561
674 808
674 821
674 1145
675 96
675 273
675 298
675 334
675 352
675 470
675 493
675 794
675 799
675 1211
675 1256
676 191
676 741
676 774
676 858
676 895
676 974
676 1030
676 1064
676 1076
677 62
677 290
677 446
677 451
677 645
677 700
677 1453
678 85
678 319
678 881
678 1098
678 1233
678 1309
678 1317
678 1420
679 69
679 164
679 226
679 438
679 512
679 881
679 1167
679 1487
680 34
680 116
680 761
680 977
681 388
681 400
681 445
681 697
681 714
681 1001
681 1061
681 1309
682 196
682 286
682 371
682 474
682 565
682 663
682 681
682 812
682 935
682 950
683 64
683 272
683 714
684 128
684 479
684 632
684 803
684 865
684 1169
685 198
685 253
685 677
685 827
685 1104
685 1483
686 203
686 241
686 335
686 754
686 766
686 1167
687 89
687 422
687 536
687 914
687 924
687 1007
687 1059
687 1135
687 1462
687 1496
688 252
688 374
688 395
688 680
688 892
688 1197
688 1402
689 38
689 85
689 114
689 142
689 347
689 351
689 359
690 423
690 823
690 873
690 884
690 1106
690 1215
691 365
691 387
691 408
691 431
691 435
691 623
691 921
691 986
692 191
692 785
692 1036
692 1421
693 59
693 538
693 732
693 1106
693 1170
694 110
694 349
694 404
694 732
694 785
694 953
695 1041
695 1224
696 258
696 324
696 471
696 505
696 544
696 873
696 1317
696 1413
697 87
697 695
697 998
697 1280
698 161
698 258
698 294
698 550
698 828
698 829
698 1296
699 125
699 294
699 311
699 477
699 503
699 585
699 735
699 1181
699 1247
699 1483
699 1484
700 192
700 274
700 622
700 696
700 970
700 1049
700 1170
700 1308
701 100
701 311
701 493
701 697
701 1076
702 252
702 264
702 306
702 425
702 845
702 876
703 135
703 139
703 238
703 301
703 369
703 1038
703 1191
703 1353
703 1451
704 41
704 424
704 1111
704 1483
705 82
705 1241
705 1313
706 56
706 94
706 374
706 431
706 524
706 623
707 46
707 101
707 142
707 263
707 502
707 611
707 635
707 1024
707 1043
708 302
708 305
708 725
708 1023
708 1053
708 1402
708 1421
708 1499
709 382
709 392
709 751
709 768
709 783
709 870
710 106
710 608
710 757
710 1020
710 1283
710 1308
711 63
711 775
711 1094
711 1313
711 1362
712 354
712 554
712 856
712 1140
713 94
713 721
713 982
713 1038
714 203
714 275
714 381
714 499
714 856
714 1136
714 1285
714 1469
715 51
715 236
715 244
715 368
715 704
715 906
715 1036
715 1335
716 736
716 851
716 888
716 1068
716 1253
716 1361
717 241
717 808
717 866
717 1148
717 1156
718 318
718 349
718 556
718 648
718 821
718 1478
718 1487
719 22
719 401
719 402
719 875
719 935
719 1042
719 1454
719 1474
720 350
720 565
720 649
720 1073
720 1442
721 103
721 123
721 134
721 157
721 172
721 279
721 781
721 789
721 1288
721 1432
721 1478
722 361
722 384
722 412
722 433
722 597
722 921
722 1068
722 1303
723 170
723 410
723 597
723 707
723 768
723 977
723 991
723 1281
723 1375
723 1394
724 25
724 844
724 918
724 1344
725 125
725 249
725 345
725 433
725 473
725 840
725 937
725 1465
725 1499
726 25
726 498
726 505
726 693
726 1379
726 1413
726 1458
727 127
727 213
727 326
727 351
727 596
727 946
727 1073
727 1301
727 1331
728 285
728 331
728 460
728 1110
728 1338
728 1339
728 1449
729 140
729 149
729 656
729 859
729 1252
729 1301
729 1421
730 56
730 120
730 625
730 655
730 898
730 908
730 1017
730 1154
731 8
731 37
731 247
731 580
731 746
731 798
731 1106
732 13
732 202
732 206
732 1120
733 16
733 122
733 852
733 1055
733 1170
733 1414
733 1463
734 303
734 341
734 358
734 1363
734 1400
735 154
735 401
735 876
735 997
736 218
736 329
736 489
736 560
736 1221
737 483
737 702
737 763
737 787
737 852
737 942
738 228
738 529
738 542
738 810
738 818
738 1189
738 1200
738 1208
738 1241
738 1329
738 1397
739 331
739 694
739 992
740 470
740 532
740 851
740 916
740 1056
740 1265
741 110
741 401
741 790
741 907
741 1298
741 1396
742 277
742 554
742 593
742 741
742 964
743 94
743 629
743 812
743 1087
743 1090
743 1412
744 337
744 367
744 571
744 684
744 697
744 919
744 1164
744 1429
744 1438
744 1458
745 595
745 1080
745 1154
745 1346
746 70
746 223
746 315
746 659
746 883
747 41
747 123
747 936
747 1107
748 422
748 627
748 1003
748 1225
748 1301
749 243
749 807
749 1140
749 1445
750 177
750 242
750 364
750 695
750 1371
750 1402
751 251
751 287
751 748
751 777
751 801
751 902
751 1421
751 1466
752 345
752 366
752 493
752 802
752 814
752 1423
752 1440
753 181
753 292
753 430
753 588
753 1157
753 1210
753 1284
753 1340
753 1489
754 98
754 548
754 620
754 625
754 1022
754 1095
754 1476
755 787
755 985
755 1317
755 1330
755 1481
756 281
756 464
756 1067
757 322
757 460
757 551
757 614
757 1307
757 1373
757 1491
758 677
758 1186
758 1300
758 1429
759 49
759 203
759 373
759 699
759 922
759 1281
759 1293
759 1402
759 1423
759 1474
760 200
760 491
760 581
760 1019
760 1064
761 293
761 439
761 704
761 878
761 1064
761 1433
762 58
762 154
762 290
762 1023
762 1245
762 1330
762 1348
762 1431
763 20
763 142
763 389
763 484
763 776
763 796
763 963
763 1005
763 1027
763 1068
764 274
764 361
764 562
764 658
764 973
764 1472
765 319
765 665
765 995
765 1127
765 1288
766 277
766 552
766 608
766 632
766 1085
766 1179
766 1348
766 1438
766 1464
767 204
767 226
767 615
767 707
767 717
767 1015
768 23
768 671
768 930
768 1000
768 1368
769 362
769 464
769 567
769 1218
769 1270
770 207
770 331
770 366
770 428
770 565
770 669
770 775
770 837
770 969
771 223
771 400
771 996
771 1140
771 1491
772 324
772 402
772 698
772 714
772 1045
772 1058
772 1374
773 29
773 105
773 117
773 192
773 463
773 624
773 1125
774 73
774 236
774 237
774 488
774 545
774 725
774 795
774 1306
775 479
775 1224
776 149
776 319
776 442
776 493
776 822
776 869
776 1225
776 1249
777 90
777 283
777 582
777 920
777 984
777 1292
778 98
778 103
778 173
778 272
778 722
778 729
778 892
778 1319
779 722
779 752
779 951
779 1246
779 1495
780 43
780 287
780 353
780 553
780 784
780 1229
781 13
781 90
781 306
781 329
781 434
781 645
781 685
781 698
781 722
782 70
782 270
782 565
782 1397
783 153
783 327
783 668
783 738
783 836
783 1384
784 344
784 447
784 657
784 1041
784 1348
785 601
785 658
785 715
785 998
785 1200
786 13
786 250
786 361
786 479
786 613
786 625
786 637
786 782
786 937
787 314
787 557
787 746
787 770
787 1015
787 1265
787 1303
787 1449
788 75
788 626
788 774
788 1395
788 1473
789 322
789 472
789 477
789 725
789 831
789 844
790 298
790 397
790 409
790 609
790 756
790 764
790 978
790 1152
790 1449
790 1486
791 66
791 310
791 527
791 869
791 938
791 1016
791 1140
791 1307
791 1338
792 287
792 604
792 641
792 726
792 768
792 778
792 1017
792 1191
792 1248
793 105
793 638
793 811
794 179
794 731
794 1082
794 1277
794 1405
795 52
795 473
795 713
795 1008
795 1013
795 1419
795 1438
795 1496
796 127
796 449
796 551
797 53
797 58
797 382
797 390
797 421
797 685
797 761
797 1082
797 1143
797 1288
797 1340
798 13
798 180
798 613
798 756
798 817
798 843
798 1011
798 1267
798 1270
798 1279
798 1313
799 81
799 327
799 404
799 490
799 738
799 807
799 1032
799 1123
799 1330
799 1455
800 220
800 587
800 729
800 790
800 1207
800 1247
801 329
801 378
801 499
801 1174
802 52
802 440
802 591
802 944
802 960
802 986
802 1459
803 27
803 38
803 153
803 252
803 612
803 1074
803 1097
803 1413
804 91
804 149
804 396
804 492
804 583
804 1247
804 1322
804 1427
805 44
805 248
805 309
805 613
805 777
805 1095
805 1155
806 49
806 142
806 378
806 651
806 693
806 735
806 787
806 833
806 1049
806 1129
806 1205
806 1464
806 1489
807 15
807 407
807 557
807 683
807 1403
808 127
808 531
808 632
808 658
808 673
808 685
808 843
808 1288
808 1322
808 1414
809 202
809 673
809 823
809 955
809 1078
809 1128
809 1164
809 1198
810 51
810 249
810 336
810 365
810 640
810 1484
811 221
811 303
811 320
811 462
811 760
811 808
811 814
811 1135
812 85
812 213
812 240
812 750
812 860
812 961
813 164
813 186
813 319
813 612
813 1220
813 1485
814 254
814 286
814 290
814 426
814 450
814 605
814 724
814 909
814 1102
814 1264
814 1410
815 169
815 249
815 355
815 953
815 1097
815 1201
815 1416
815 1437
816 307
816 505
816 638
816 765
816 829
816 1185
816 1194
816 1289
816 1317
816 1426
816 1460
817 96
817 210
817 358
817 422
817 431
817 1361
817 1475
818 468
818 703
818 832
818 839
818 1481
819 20
819 213
819 254
819 1012
819 1445
820 204
820 229
820 304
820 669
820 830
820 1194
820 1321
821 24
821 180
821 741
821 1449
822 269
822 322
822 608
822 654
822 676
822 891
822 907
822 983
822 1413
822 1441
823 123
823 279
823 586
823 1119
823 1145
823 1372
824 222
824 352
824 923
824 1383
824 1397
825 245
825 553
825 674
825 877
825 912
825 942
825 1189
826 24
826 328
826 461
826 536
826 878
826 904
826 949
826 1190
826 1481
827 262
827 276
827 339
827 644
827 958
827 1169
828 26
828 196
828 578
828 774
828 824
828 943
828 1098
828 1389
829 97
829 188
829 315
829 358
829 364
829 526
829 585
829 926
829 1063
829 1131
829 1299
830 432
830 600
830 845
830 1211
830 1282
830 1456
831 78
831 372
831 487
831 667
831 1058
832 25
832 84
832 136
832 647
832 819
832 1492
833 122
833 164
833 296
833 498
833 789
833 1373
833 1382
834 310
834 396
834 652
834 826
834 1081
834 1201
834 1425
835 491
835 901
835 966
835 1015
835 1303
836 247
836 273
836 336
836 767
836 1331
836 1437
837 104
837 252
837 267
837 822
837 843
837 1072
837 1269
837 1309
837 1352
838 301
838 470
838 532
838 991
838 1102
838 1313
839 142
839 150
839 837
839 1028
840 276
840 343
840 477
840 501
840 563
840 973
840 1018
841 385
841 447
841 600
841 725
841 797
841 1138
841 1195
841 1196
841 1201
841 1400
841 1445
842 7
842 165
842 286
842 690
842 824
842 1382
843 327
843 381
843 395
843 1262
843 1388
844 452
844 958
844 1007
844 1128
844 1334
844 1351
845 448
845 451
845 636
845 637
845 775
845 843
846 201
846 267
846 433
846 532
846 853
847 683
847 963
847 1096
847 1152
847 1476
848 195
848 309
848 409
848 646
848 747
848 932
848 984
848 997
848 1155
848 1167
848 1472
849 353
849 404
849 469
849 977
850 113
850 657
850 685
850 694
850 1341
850 1375
850 1426
851 300
851 415
851 488
851 926
851 1002
851 1233
851 1252
852 110
852 508
852 752
852 1076
852 1271
852 1289
852 1416
853 126
853 247
853 874
853 1149
853 1483
854 44
854 473
854 770
854 802
854 997
854 1233
854 1256
855 23
855 291
855 456
855 1319
856 44
856 195
856 389
856 412
856 506
856 1010
856 1058
856 1114
856 1161
857 34
857 117
857 214
857 311
857 516
857 914
857 1007
857 1274
857 1279
857 1499
858 30
858 150
858 348
858 663
858 1313
858 1341
859 429
859 735
859 957
859 1137
859 1167
859 1188
859 1341
860 255
860 546
860 1290
860 1363
861 158
861 1130
861 1190
862 56
862 210
862 786
862 793
862 831
862 863
862 1416
862 1433
863 262
863 269
863 349
863 708
863 950
863 1421
864 497
864 721
864 888
864 1056
864 1281
865 85
865 834
865 1092
865 1155
865 1165
865 1270
866 79
866 155
866 487
866 488
866 567
866 620
866 1349
867 289
867 573
867 1232
867 1325
868 479
868 540
868 690
868 997
868 1081
869 145
869 251
869 252
869 278
869 404
869 1050
869 1327
869 1494
870 393
870 590
870 796
870 811
870 849
870 919
870 1114
870 1302
870 1468
871 36
871 860
871 899
871 1105
871 1114
871 1153
871 1445
871 1467
872 136
872 287
872 404
872 1188
872 1246
872 1422
872 1471
873 143
873 548
873 703
873 795
873 924
873 1475
874 307
874 381
874 813
874 930
874 1012
874 1108
875 41
875 107
875 146
875 400
875 900
875 1135
875 1229
875 1247
875 1271
875 1316
875 1477
876 217
876 386
876 527
876 543
876 552
876 641
876 651
876 732
877 375
877 395
877 726
877 1143
877 1439
877 1440
877 1493
878 50
878 1024
878 1398
878 1484
878 1490
879 314
879 757
879 1164
879 1327
879 1403
880 51
880 266
880 747
880 1417
880 1430
881 143
881 1202
881 1382
882 34
882 129
882 133
882 268
882 344
882 801
882 1302
883 166
883 379
883 416
883 913
883 1005
883 1401
884 61
884 97
884 142
884 238
884 372
884 381
884 579
884 1010
884 1330
884 1366
884 1454
885 143
885 250
885 612
885 757
885 1126
885 1137
885 1243
886 557
886 722
886 869
886 955
886 1097
886 1246
886 1315
887 3
887 21
887 61
887 1023
887 1124
887 1238
887 1294
888 141
888 197
888 410
888 441
888 616
888 757
888 781
888 926
888 994
888 1010
888 1080
888 1241
888 1247
888 1365
888 1366
888 1451
889 155
889 290
889 349
889 399
889 846
889 917
889 1347
889 1355
889 1375
889 1410
890 138
890 528
890 996
890 1354
891 269
891 332
891 455
891 533
891 703
891 772
891 857
891 1112
891 1191
891 1376
892 57
892 113
892 694
892 817
892 840
892 1225
892 1424
893 233
893 262
893 334
893 548
893 805
893 1263
893 1416
894 367
894 433
894 813
894 908
894 1042
894 1066
894 1162
894 1496
895 169
895 275
895 296
895 370
895 567
895 648
895 1001
895 1361
895 1422
895 1431
896 30
896 111
896 130
896 334
896 698
896 910
896 916
896 1118
896 1139
896 1148
897 89
897 333
897 566
897 576
897 579
897 909
897 921
897 1063
898 129
898 916
899 280
899 804
899 814
899 933
899 969
899 1198
899 1397
900 114
900 238
900 643
900 1056
900 1237
900 1468
901 80
901 734
901 828
901 1017
901 1455
902 79
902 326
902 422
902 736
902 858
902 1174
902 1308
902 1441
903 323
903 947
903 955
903 1161
903 1277
904 52
904 258
904 656
904 777
904 1018
904 1104
904 1340
905 5
905 201
905 340
906 2
906 321
906 362
906 572
906 625
906 953
906 959
906 993
906 1212
906 1423
906 1497
907 22
907 94
907 296
907 414
907 665
907 713
907 780
907 938
907 1435
908 44
908 494
908 506
908 1093
908 1103
908 1251
909 528
909 606
909 608
909 706
909 760
909 1327
910 9
910 349
910 786
910 1282
911 148
911 263
911 727
911 896
911 1392
912 216
912 1051
912 1271
912 1352
913 71
913 274
913 335
913 422
913 848
913 892
913 1123
913 1377
913 1393
914 418
914 464
914 940
914 1102
914 1122
914 1377
915 12
915 74
915 136
915 213
915 482
915 1073
915 1363
915 1493
916 113
916 209
916 358
916 441
916 824
916 868
916 1112
916 1205
916 1337
916 1369
916 1383
917 104
917 158
917 526
917 1050
917 1116
917 1465
918 28
918 96
918 171
918 303
918 305
918 360
918 547
918 556
918 774
918 787
918 886
918 1010
918 1118
918 1395
919 315
919 377
919 724
919 865
919 1041
919 1099
919 1132
919 1187
919 1201
919 1276
920 177
920 254
920 730
920 827
920 1477
921 199
921 530
921 895
921 964
921 1143
921 1202
921 1243
921 1258
921 1413
922 48
922 555
922 563
922 601
922 619
922 915
922 1042
922 1176
923 80
923 94
923 161
923 336
923 449
923 626
923 854
923 917
923 1173
923 1326
923 1494
924 423
924 522
924 845
924 1053
924 1091
924 1118
924 1125
924 1134
924 1146
925 124
925 205
925 486
925 731
925 828
925 1044
925 1208
926 197
926 869
926 1023
926 1259
926 1320
926 1321
927 530
927 633
927 1017
927 1231
928 24
928 55
928 317
928 1290
928 1484
929 84
929 97
929 962
929 1344
930 129
930 359
930 463
930 685
930 862
930 876
930 970
930 1347
930 1475
931 77
931 174
931 383
931 676
931 872
931 960
932 56
932 67
932 89
932 861
932 1014
933 161
933 173
933 220
933 223
933 426
933 1081
934 138
934 192
934 511
934 706
934 843
934 960
934 963
934 1018
934 1019
934 1138
934 1246
934 1281
935 5
935 323
935 346
935 365
935 490
935 497
935 702
935 771
935 907
935 1241
935 1319
935 1416
936 130
936 187
936 836
936 1369
936 1370
937 726
937 891
937 980
937 1098
937 1120
937 1426
938 294
938 326
938 487
938 608
939 232
939 496
939 1062
939 1083
939 1321
940 52
940 188
940 438
940 537
940 788
940 887
940 1243
941 149
941 228
941 333
941 444
941 679
941 697
941 705
941 922
941 1110
941 1388
942 10
942 490
942 567
942 621
942 698
942 1441
942 1446
943 251
943 364
943 433
943 530
943 780
943 847
943 1181
944 8
944 118
944 404
944 1281
945 295
945 306
945 899
945 970
945 1350
945 1489
946 18
946 277
946 382
946 397
946 868
946 924
946 992
946 1118
947 17
947 322
947 349
947 426
947 670
947 745
947 789
947 1000
947 1090
948 314
948 367
948 1010
948 1209
948 1425
949 1415
950 27
950 1304
951 113
951 175
951 189
951 243
951 372
951 573
951 592
951 946
952 422
952 451
952 892
952 915
952 1229
952 1301
952 1327
952 1385
953 119
953 325
953 754
953 1187
954 83
954 362
954 452
954 806
954 866
954 1211
954 1382
955 58
955 183
955 288
955 460
955 1049
955 1328
956 66
956 352
956 507
956 674
956 843
956 1319
956 1351
956 1402
956 1463
957 544
957 552
957 802
957 1031
958 57
958 1038
958 1105
958 1119
958 1168
959 11
959 24
959 279
959 372
959 545
959 609
959 716
959 1320
959 1326
959 1341
959 1446
960 160
960 256
960 391
960 456
960 645
960 1031
960 1211
960 1322
960 1419
961 24
961 31
961 311
961 521
961 671
961 673
961 688
961 1125
961 1210
961 1285
961 1351
962 300
962 688
962 853
962 1091
962 1126
962 1193
962 1403
962 1475
963 163
963 188
963 226
963 320
963 568
963 665
963 981
963 1371
964 54
964 114
964 151
964 513
964 901
964 1038
964 1070
964 1074
964 1244
964 1486
965 207
965 267
965 308
965 450
965 669
965 685
965 1093
965 1244
965 1407
966 713
966 760
966 967
966 1303
966 1394
966 1486
967 178
967 197
967 656
967 753
967 828
967 1068
967 1170
967 1416
968 384
968 722
968 796
968 1049
968 1466
969 2
969 524
969 633
969 952
970 85
970 151
970 179
970 208
970 243
970 256
970 446
970 577
971 350
971 494
971 525
971 653
971 657
971 677
971 744
971 1126
971 1188
971 1238
971 1440
972 43
972 181
972 723
972 1068
972 1170
973 309
973 381
973 512
973 684
973 707
973 730
973 958
973 1151
974 647
974 649
974 664
974 750
974 1020
974 1026
974 1038
975 671
975 678
975 945
975 950
975 1280
976 29
976 93
976 135
976 325
976 575
976 583
976 895
976 978
977 105
977 119
977 359
977 495
977 963
977 995
977 1150
977 1179
977 1463
978 62
978 393
978 437
978 600
978 850
978 1156
978 1184
978 1386
979 126
979 343
979 439
979 623
979 863
979 1046
980 144
980 296
980 532
980 910
980 1052
980 1191
981 214
981 266
981 589
981 600
981 819
982 135
982 357
982 470
982 511
982 537
982 687
982 703
982 761
982 822
982 840
982 968
982 1172
982 1219
982 1308
982 1319
982 1450
983 99
983 497
983 530
983 869
983 918
983 1066
984 74
984 369
984 674
984 1277
985 118
985 219
985 221
985 447
985 934
985 1199
985 1248
985 1496
985 1500
986 849
986 859
986 1007
986 1041
986 1237
986 1381
987 135
987 136
987 568
987 631
987 869
987 1112
987 1413
988 115
988 144
988 200
988 217
988 278
988 310
988 713
988 743
988 1300
988 1440
989 461
989 535
989 714
989 756
989 774
989 955
989 1001
989 1004
989 1271
989 1494
990 234
990 510
990 528
990 735
990 1168
990 1499
991 607
991 704
991 815
991 980
991 1416
992 55
992 344
992 435
992 469
992 725
992 853
992 908
992 953
992 956
992 1072
992 1473
992 1492
993 142
993 269
993 350
993 452
993 647
993 818
993 852
993 1029
993 1432
994 177
994 580
994 642
994 684
994 772
994 1209
994 1361
994 1385
995 53
995 70
995 212
995 317
995 349
995 1238
995 1308
995 1485
996 53
996 152
996 329
996 430
996 750
996 865
996 1293
996 1299
997 491
997 517
997 823
997 998
997 1209
998 54
998 291
998 416
998 879
998 949
998 1039
998 1145
999 34
999 84
999 139
999 347
999 937
999 1080
999 1271
999 1301
999 1382
999 1498
1000 218
1000 252
1000 659
1000 694
1000 798
1000 1172
1000 1368
1000 1450
1001 20
1001 196
1001 482
1001 515
1001 519
1001 638
1001 753
1001 940
1001 1261
1001 1473
1002 210
1002 752
1002 1036
1002 1142
1002 1281
1002 1458
1003 91
1003 537
1003 561
1003 640
1003 756
1003 834
1003 1101
1003 1144
1003 1441
1004 260
1004 507
1004 734
1004 809
1004 873
1004 881
1004 1080
1004 1107
1004 1120
1005 64
1005 160
1005 576
1005 648
1005 1084
1006 330
1006 558
1006 573
1006 607
1006 747
1006 971
1006 984
1006 1063
1006 1439
1006 1454
1007 92
1007 850
1008 234
1008 450
1008 873
1008 919
1008 1389
1008 1392
1009 291
1009 581
1009 969
1009 1323
1010 418
1010 423
1010 470
1010 1075
1010 1199
1010 1268
1010 1373
1011 13
1011 335
1011 508
1011 573
1011 833
1011 917
1011 1143
1011 1145
1011 1195
1011 1422
1012 648
1012 818
1012 1027
1012 1074
1013 1181
1013 1224
1013 1251
1013 1449
1013 1463
1014 46
1014 110
1014 143
1014 151
1014 658
1014 775
1014 1143
1014 1175
1014 1383
1015 118
1015 343
1015 605
1015 840
1015 850
1015 984
1015 1090
1015 1176
1015 1187
1015 1352
1015 1474
1015 1497
1016 827
1016 839
1017 9
1017 118
1017 340
1017 672
1017 692
1017 698
1017 704
1017 721
1017 890
1017 1141
1018 341
1018 544
1018 580
1018 654
1018 1077
1018 1235
1019 1
1019 60
1019 259
1019 277
1019 438
1019 449
1019 572
1019 666
1019 721
1019 1082
1019 1211
1019 1258
1020 774
1020 952
1021 42
1021 271
1021 389
1021 405
1021 583
1021 679
1021 789
1021 912
1021 1151
1022 1068
1022 1078
1023 25
1023 137
1023 321
1023 613
1023 636
1023 866
1023 1017
1023 1133
1023 1191
1024 11
1024 50
1024 459
1024 794
1024 999
1024 1039
1024 1184
1024 1277
1024 1285
1024 1295
1024 1363
1024 1401
1024 1408
1025 282
1025 687
1025 951
1025 1221
1025 1349
1025 1429
1026 45
1026 171
1026 954
1026 1243
1027 103
1027 214
1027 224
1027 355
1027 527
1027 1397
1027 1412
1028 182
1028 297
1028 542
1028 554
1028 721
1028 832
1028 891
1028 1216
1029 681
1029 697
1029 953
1029 1122
1029 1191
1029 1494
1030 404
1030 549
1030 797
1030 1369
1030 1472
1031 555
1031 783
1031 1177
1031 1206
1031 1473
1031 1490
1032 280
1032 401
1032 935
1032 976
1032 1046
1032 1066
1032 1387
1033 172
1033 524
1033 537
1033 672
1033 693
1033 845
1033 914
1033 1472
1034 101
1034 399
1034 740
1034 942
1034 1080
1034 1083
1034 1121
1034 1203
1035 8
1035 109
1035 199
1035 603
1035 608
1035 662
1035 737
1035 1125
1035 1206
1035 1288
1036 246
1036 267
1036 672
1036 760
1036 836
1036 1028
1036 1045
1036 1201
1037 148
1037 411
1037 686
1037 823
1037 1006
1037 1205
1037 1464
1038 44
1038 65
1038 225
1038 394
1038 437
1038 843
1038 998
1038 1107
1038 1174
1039 494
1039 523
1039 651
1039 654
1039 714
1039 735
1039 786
1039 845
1039 979
1039 1056
1040 18
1040 80
1040 111
1040 122
1040 166
1040 340
1040 483
1040 670
1040 1073
1040 1203
1040 1316
1040 1393
1041 111
1041 273
1041 279
1041 290
1041 788
1041 811
1041 977
1041 1225
1041 1231
1041 1379
1041 1382
1042 345
1042 415
1042 417
1042 759
1042 1085
1042 1171
1042 1303
1042 1353
1042 1392
1043 140
1043 226
1043 290
1043 302
1043 846
1043 1129
1043 1280
1044 133
1044 192
1044 987
1045 468
1045 569
1045 630
1045 728
1045 786
1045 1192
1045 1200
1045 1472
1045 1492
1046 92
1046 829
1046 1166
1046 1188
1047 452
1047 694
1047 873
1047 1020
1047 1178
1047 1454
1047 1497
1048 565
1048 1018
1048 1154
1049 17
1049 288
1049 525
1049 708
1049 765
1049 969
1049 1301
1050 120
1050 213
1050 639
1050 673
1050 1015
1050 1182
1050 1401
1051 169
1051 202
1051 407
1051 436
1051 629
1051 1034
1051 1102
1051 1193
1052 3
1052 75
1052 89
1052 110
1052 127
1052 272
1052 417
1052 454
1052 543
1052 1125
1052 1153
1053 196
1053 201
1053 355
1053 387
1053 461
1053 537
1053 846
1054 85
1054 366
1054 553
1054 563
1054 723
1054 795
1054 887
1054 1039
1054 1362
1055 225
1055 509
1055 567
1055 995
1055 1274
1056 18
1056 98
1056 422
1056 515
1056 625
1056 724
1056 730
1056 744
1056 761
1056 846
1056 850
1056 1057
1056 1093
1057 521
1057 699
1057 835
1057 1062
1058 277
1058 432
1058 527
1058 582
1058 753
1058 778
1058 812
1058 905
1058 1253
1059 531
1059 747
1059 800
1059 811
1059 1041
1059 1142
1059 1403
1060 494
1060 530
1060 580
1060 610
1060 631
1060 792
1060 1188
1060 1214
1060 1231
1060 1290
1061 407
1061 531
1061 574
1061 910
1061 945
1061 1105
1061 1154
1061 1388
1062 208
1062 897
1062 942
1062 1302
1062 1365
1062 1430
1063 25
1063 79
1063 207
1063 370
1063 475
1063 912
1063 983
1063 1342
1063 1416
1063 1465
1064 372
1064 388
1064 531
1064 542
1064 592
1064 725
1064 1088
1064 1459
1065 275
1065 507
1065 717
1065 947
1065 1028
1066 74
1066 190
1066 282
1066 364
1066 506
1066 801
1066 988
1066 1017
1066 1054
1066 1303
1066 1440
1067 76
1067 156
1067 575
1067 694
1067 1361
1068 396
1068 425
1068 448
1068 586
1068 675
1068 892
1068 1105
1068 1186
1068 1303
1069 16
1069 257
1069 611
1069 626
1069 1099
1069 1489
1070 423
1070 579
1070 852
1070 1184
1070 1478
1071 21
1071 131
1071 168
1071 506
1071 605
1071 757
1071 782
1071 853
1071 868
1071 1291
1071 1466
1071 1476
1072 426
1072 460
1072 683
1072 751
1072 983
1072 1228
1072 1425
1072 1499
1073 93
1073 162
1073 412
1073 606
1073 875
1073 1312
1074 215
1074 296
1074 983
1075 51
1075 588
1075 932
1076 328
1076 767
1076 839
1076 1187
1076 1476
1077 62
1077 420
1077 866
1077 874
1078 982
1078 1179
1078 1198
1078 1474
1079 30
1079 266
1079 324
1079 726
1079 931
1079 993
1079 1223
1079 1322
1080 171
1080 323
1080 339
1080 374
1080 579
1080 732
1080 797
1080 1223
1081 24
1081 94
1081 150
1081 182
1081 392
1081 406
1081 662
1081 711
1081 862
1081 921
1081 1169
1081 1364
1081 1478
1081 1485
1082 51
1082 57
1082 218
1082 284
1082 333
1082 403
1082 510
1082 1234
1082 1474
1083 360
1083 396
1083 625
1083 660
1083 784
1083 935
1083 1005
1083 1302
1083 1312
1083 1484
1084 178
1084 185
1084 216
1084 763
1084 860
1084 943
1084 1211
1084 1356
1085 632
1085 740
1085 915
1086 110
1086 386
1086 907
1086 1018
1086 1326
1086 1444
1087 408
1087 420
1087 469
1087 558
1087 1117
1087 1151
1087 1187
1087 1213
1088 224
1088 560
1088 959
1088 1282
1088 1394
1089 158
1089 184
1089 225
1089 399
1089 465
1089 489
1089 506
1089 817
1089 1028
1089 1073
1089 1191
1089 1388
1089 1391
1089 1409
1089 1461
1090 492
1090 559
1090 661
1090 754
1090 1212
1090 1316
1090 1419
1091 188
1091 805
1091 881
1091 984
1091 1021
1091 1393
1092 62
1092 363
1092 567
1092 749
1092 978
1092 1067
1092 1426
1093 411
1093 713
1093 1058
1093 1089
1093 1090
1093 1457
1094 69
1094 104
1094 182
1094 194
1094 569
1094 740
1094 807
1094 812
1094 1083
1094 1161
1094 1274
1095 85
1095 149
1095 429
1095 588
1095 1067
1095 1229
1095 1395
1096 135
1096 287
1096 931
1096 1072
1096 1391
1097 67
1097 561
1097 727
1097 831
1097 872
1097 996
1097 1181
1097 1335
1097 1449
1098 151
1098 736
1098 780
1098 873
1098 945
1098 1008
1098 1205
1098 1464
1099 4
1099 59
1099 165
1099 169
1099 234
1099 377
1099 600
1099 656
1099 676
1099 684
1099 843
1099 1498
1100 290
1100 401
1100 524
1100 541
1100 917
1100 930
1100 1314
1100 1373
1100 1455
1101 52
1101 68
1101 149
1101 524
1101 581
1101 1319
1102 241
1102 356
1102 498
1102 639
1102 756
1102 952
1102 1375
1103 109
1103 159
1103 195
1103 293
1103 625
1103 1210
1103 1353
1104 700
1104 1138
1104 1176
1105 139
1105 171
1105 508
1105 749
1105 1142
1105 1198
1106 496
1106 620
1106 633
1106 848
1106 1202
1106 1453
1107 69
1107 318
1107 918
1107 1164
1107 1390
1107 1461
1108 93
1108 127
1108 820
1108 848
1108 868
1108 934
1108 1041
1108 1060
1108 1249
1108 1306
1109 847
1109 1337
1109 1409
1109 1445
1110 90
1110 324
1110 360
1110 478
1110 571
1110 855
1110 1414
1111 313
1111 528
1111 644
1111 735
1111 1349
1111 1363
1111 1410
1111 1441
1112 423
1112 539
1112 594
1112 618
1112 839
1112 856
1112 871
1112 935
1112 1119
1112 1153
1113 722
1113 892
1113 901
1113 1154
1113 1412
1113 1439
1114 307
1114 832
1115 46
1115 296
1115 306
1115 380
1115 638
1115 688
1115 1154
1116 84
1116 172
1116 385
1116 703
1116 961
1116 1030
1116 1429
1116 1459
1117 64
1117 185
1117 506
1117 519
1117 735
1117 810
1117 960
1117 1175
1117 1337
1118 82
1118 172
1118 217
1118 250
1118 406
1118 475
1118 581
1118 635
1118 752
1118 889
1118 913
1118 1015
1118 1353
1119 13
1119 201
1119 288
1119 302
1119 398
1119 975
1119 1344
1119 1430
1120 10
1120 705
1120 786
1120 862
1120 1030
1120 1142
1120 1291
1120 1466
1121 164
1121 652
1121 680
1121 822
1121 1078
1121 1470
1122 293
1122 329
1122 393
1122 611
1122 1411
1123 407
1123 891
1123 942
1123 1030
1123 1079
1123 1192
1124 67
1124 101
1124 172
1124 242
1124 486
1124 891
1124 923
1124 1424
1125 39
1125 612
1125 1008
1125 1138
1126 40
1126 135
1126 585
1126 1070
1126 1226
1126 1265
1127 93
1127 356
1127 366
1127 455
1127 543
1127 986
1127 1067
1127 1112
1127 1177
1127 1265
1128 179
1128 335
1128 753
1128 871
1128 1106
1128 1124
1128 1187
1129 31
1129 136
1129 413
1129 443
1129 679
1129 745
1129 957
1129 1122
1129 1347
1130 119
1130 365
1130 382
1130 384
1130 455
1130 612
1130 1157
1130 1222
1130 1229
1131 60
1131 254
1131 290
1131 320
1131 703
1132 161
1132 680
1132 1129
1133 35
1133 97
1133 161
1133 545
1133 597
1133 751
1133 1073
1133 1440
1134 7
1134 319
1134 372
1134 451
1134 654
1134 707
1134 771
1134 1075
1134 1150
1134 1279
1134 1280
1135 67
1135 801
1135 831
1135 846
1135 994
1135 1370
1135 1387
1136 223
1136 287
1136 804
1136 912
1136 1235
1137 264
1137 548
1137 997
1137 1015
1137 1112
1137 1437
1138 59
1138 80
1138 215
1138 250
1138 916
1138 1024
1138 1176
1138 1185
1138 1498
1139 19
1139 143
1139 209
1139 338
1139 395
1139 425
1139 513
1139 536
1139 838
1139 1417
1140 45
1140 360
1140 496
1140 520
1140 605
1140 606
1140 631
1140 723
1140 892
1140 1146
1141 967
1141 1000
1142 136
1142 145
1142 193
1142 764
1142 797
1142 838
1142 1070
1142 1187
1142 1327
1143 43
1143 147
1143 149
1143 185
1143 282
1143 556
1143 784
1143 976
1143 1316
1143 1468
1144 126
1144 207
1144 439
1144 527
1144 578
1144 820
1144 898
1144 1155
1144 1240
1144 1434
1145 302
1145 367
1145 877
1145 1242
1145 1314
1145 1396
1145 1414
1145 1417
1146 317
1146 474
1146 475
1146 630
1146 838
1146 1151
1146 1319
1147 92
1147 368
1147 688
1147 748
1147 1426
1147 1500
1148 461
1148 1129
1148 1152
1148 1463
1149 113
1149 243
1149 262
1149 532
1149 1166
1149 1269
1149 1417
1150 238
1150 417
1150 763
1150 918
1151 72
1151 74
1151 225
1151 288
1151 409
1151 526
1151 696
1151 869
1151 1319
1151 1431
1152 452
1152 498
1152 1418
1152 1472
1153 107
1153 219
1153 275
1153 503
1153 558
1153 664
1153 1149
1154 185
1154 196
1154 222
1154 1083
1154 1091
1154 1250
1154 1425
1155 78
1155 328
1155 388
1155 672
1155 762
1156 6
1156 87
1156 111
1156 493
1156 701
1156 803
1156 947
1156 984
1156 1172
1156 1263
1157 100
1157 138
1157 791
1157 825
1157 895
1157 979
1157 1009
1157 1125
1157 1411
1157 1450
1157 1495
1158 19
1158 193
1158 339
1158 554
1158 583
1158 695
1158 860
1158 984
1158 1147
1158 1238
1158 1318
1158 1369
1158 1376
1158 1378
1158 1454
1159 253
1159 610
1159 720
1159 920
1159 997
1160 210
1160 430
1160 566
1160 648
1160 1366
1161 275
1161 328
1161 407
1161 520
1161 531
1161 869
1162 12
1162 608
1162 639
1162 1429
1163 253
1163 308
1163 480
1163 495
1163 563
1163 865
1163 1156
1163 1342
1163 1405
1163 1478
1163 1495
1164 95
1164 110
1164 504
1164 612
1164 703
1164 969
1164 1002
1164 1088
1164 1104
1164 1316
1164 1332
1165 198
1165 202
1165 271
1165 387
1165 643
1165 830
1165 1009
1165 1056
1165 1176
1165 1243
1165 1449
1166 2
1166 154
1166 173
1166 340
1166 847
1166 1052
1166 1138
1166 1437
1167 152
1167 628
1167 910
1167 1045
1167 1274
1168 257
1168 596
1168 1297
1169 50
1169 165
1169 301
1169 434
1169 475
1169 688
1170 156
1170 300
1170 544
1170 741
1170 764
1170 791
1170 998
1170 1169
1171 614
1171 1311
1172 301
1172 637
1172 1330
1173 2
1173 198
1173 225
1173 730
1173 827
1173 1105
1173 1466
1174 659
1174 907
1174 1198
1175 22
1175 216
1175 289
1175 321
1175 381
1175 402
1175 501
1175 697
1175 1076
1175 1180
1175 1230
1175 1366
1176 255
1176 763
1176 953
1176 1052
1176 1100
1176 1236
1176 1251
1176 1435
1177 202
1177 305
1177 325
1177 485
1177 786
1177 838
1177 1075
1178 623
1178 1423
1179 512
1179 585
1179 731
1179 1007
1179 1029
1179 1130
1179 1250
1179 1342
1179 1435
1180 414
1180 607
1180 717
1180 889
1180 1202
1180 1299
1180 1308
1180 1341
1181 61
1181 484
1181 535
1181 810
1181 1221
1181 1447
1181 1463
1182 227
1182 764
1182 828
1182 960
1182 1011
1183 144
1183 153
1183 366
1183 522
1183 846
1183 1046
1183 1260
1183 1306
1184 82
1184 1379
1185 80
1185 586
1185 1198
1185 1332
1186 203
1186 213
1186 230
1186 342
1186 500
1186 518
1186 541
1186 637
1186 680
1186 840
1186 1169
1186 1481
1187 5
1187 77
1187 214
1187 465
1187 710
1187 969
1187 1099
1187 1125
1187 1302
1187 1330
1187 1376
1187 1441
1188 76
1188 160
1188 343
1188 620
1188 719
1188 800
1188 815
1188 939
1188 1095
1188 1260
1189 126
1189 173
1189 220
1189 536
1189 545
1189 552
1189 589
1189 662
1189 967
1189 1377
1189 1402
1189 1448
1190 18
1190 442
1190 834
1190 939
1190 1023
1190 1445
1191 92
1191 325
1191 382
1191 447
1191 823
1191 846
1191 1286
1191 1387
1192 191
1192 230
1192 439
1192 673
1192 706
1192 788
1192 791
1192 964
1192 1178
1193 33
1193 241
1193 298
1193 572
1193 1231
1194 471
1194 671
1194 785
1194 864
1194 909
1194 914
1194 941
1194 1401
1195 151
1195 204
1195 573
1195 702
1195 1051
1195 1392
1195 1421
1195 1443
1195 1466
1196 311
1196 394
1196 597
1196 877
1196 893
1196 990
1196 1002
1196 1197
1197 119
1197 750
1197 853
1197 1208
1197 1454
1198 59
1198 161
1198 166
1198 669
1198 1060
1198 1213
1199 45
1199 181
1199 297
1199 354
1199 776
1199 935
1199 1012
1199 1106
1199 1203
1199 1260
1199 1380
1199 1500
1200 67
1200 322
1200 514
1200 520
1200 583
1200 722
1200 819
1200 890
1200 1285
1200 1309
1200 1380
1200 1461
1201 11
1201 181
1201 535
1201 741
1201 942
1202 27
1202 75
1202 346
1202 456
1202 1105
1203 237
1203 242
1203 259
1203 410
1203 745
1203 956
1203 1082
1203 1159
1203 1176
1203 1444
1204 222
1204 280
1204 490
1204 1141
1205 151
1205 258
1205 502
1205 663
1205 1403
1206 49
1206 269
1206 662
1206 963
1206 1004
1206 1345
1207 627
1207 699
1207 710
1207 776
1207 1243
1207 1497
1208 41
1208 459
1208 756
1209 74
1209 366
1209 527
1209 560
1209 839
1209 994
1209 1090
1209 1379
1209 1464
1210 17
1210 358
1210 359
1210 469
1210 654
1210 1419
1211 289
1211 884
1211 919
1211 946
1211 1028
1211 1065
1212 104
1212 248
1212 298
1212 318
1212 357
1212 531
1212 661
1212 809
1212 946
1212 1094
1213 352
1213 489
1213 580
1213 789
1213 1500
1214 46
1214 70
1214 515
1214 552
1214 562
1214 1021
1214 1295
1214 1372
1215 35
1215 149
1215 414
1215 443
1215 589
1215 752
1215 865
1216 81
1216 188
1216 192
1216 225
1216 264
1216 627
1216 647
1216 678
1216 759
1216 792
1216 1198
1216 1243
1216 1247
1217 491
1217 708
1217 786
1217 879
1217 1110
1217 1439
1218 91
1218 328
1218 679
1218 812
1218 950
1218 1009
1219 320
1219 522
1219 860
1219 1442
1219 1486
1219 1491
1220 19
1220 127
1220 147
1220 186
1220 251
1220 442
1220 466
1220 1225
1221 132
1221 322
1221 597
1221 821
1221 987
1221 1029
1222 198
1222 350
1222 781
1222 818
1222 939
1223 131
1223 776
1223 826
1223 963
1223 1043
1223 1355
1223 1434
1224 87
1224 174
1224 685
1224 714
1224 1323
1224 1459
1225 33
1225 744
1225 1031
1225 1088
1225 1131
1226 190
1226 474
1226 527
1226 607
1226 734
1226 804
1226 959
1226 980
1226 1106
1226 1205
1226 1292
1226 1353
1226 1429
1226 1449
1227 480
1227 658
1227 695
1227 699
1227 1329
1228 20
1228 307
1228 837
1228 1338
1228 1417
1229 643
1229 764
1229 1164
1229 1183
1230 244
1230 249
1230 418
1230 615
1230 616
1231 789
1231 865
1231 1108
1231 1141
1231 1168
1231 1213
1231 1468
1232 318
1232 752
1232 1448
1232 1469
1233 856
1233 991
1233 1038
1234 264
1234 484
1234 932
1234 982
1234 1045
1234 1049
1234 1082
1234 1368
1235 78
1235 221
1235 249
1235 901
1235 1024
1235 1096
1235 1103
1235 1259
1235 1260
1235 1462
1236 86
1236 328
1236 639
1236 1394
1237 241
1237 1179
1238 37
1238 140
1238 520
1238 654
1238 787
1238 943
1238 1448
1239 204
1239 224
1239 246
1239 296
1239 443
1239 477
1239 765
1239 1002
1240 67
1240 79
1240 299
1240 391
1240 492
1240 921
1240 961
1240 981
1240 1035
1240 1070
1241 109
1241 135
1241 166
1241 288
1241 680
1241 715
1241 778
1241 883
1241 1146
1241 1184
1242 11
1242 372
1242 460
1242 994
1242 1379
1242 1497
1243 394
1243 412
1243 812
1243 877
1243 1071
1243 1443
1244 84
1244 89
1244 1308
1245 118
1245 721
1245 1215
1246 79
1246 414
1246 425
1246 781
1246 1257
1246 1304
1246 1447
1247 61
1247 101
1247 143
1247 172
1247 480
1247 1091
1247 1108
1247 1126
1247 1423
1248 259
1248 371
1248 910
1248 938
1248 1204
1248 1250
1249 129
1249 143
1249 275
1249 606
1249 677
1249 733
1249 751
1249 1050
1250 157
1250 639
1250 1081
1250 1160
1250 1270
1250 1394
1251 44
1251 132
1251 369
1251 832
1251 1192
1252 285
1252 438
1252 596
1252 623
1253 33
1253 833
1253 917
1253 1148
1253 1216
1253 1292
1254 49
1254 82
1254 226
1255 277
1255 332
1255 766
1255 1073
1255 1167
1255 1361
1255 1368
1255 1417
1256 126
1256 682
1256 973
1256 1201
1256 1372
1257 356
1257 1048
1257 1106
1258 23
1258 287
1258 303
1258 496
1258 879
1258 931
1258 1122
1258 1337
1259 97
1259 180
1259 335
1259 426
1259 502
1259 642
1259 817
1259 1190
1259 1365
1259 1465
1259 1471
1260 273
1260 439
1260 780
1260 1024
1260 1094
1260 1182
1261 377
1261 418
1261 525
1261 919
1261 1330
1261 1354
1262 758
1262 912
1262 1072
1262 1078
1262 1250
1263 586
1263 720
1263 726
1263 929
1263 1185
1264 22
1264 282
1264 344
1264 510
1264 720
1264 763
1264 958
1264 1029
1264 1056
1264 1270
1264 1376
1265 56
1265 310
1265 645
1265 717
1265 1135
1266 335
1266 516
1266 570
1266 799
1266 870
1266 921
1266 1227
1266 1234
1266 1305
1267 132
1267 137
1267 503
1267 1293
1268 208
1268 359
1268 405
1268 815
1268 1219
1268 1467
1269 140
1269 210
1269 217
1269 233
1269 314
1269 412
1269 541
1269 761
1269 832
1269 1003
1269 1298
1269 1313
1269 1369
1270 212
1270 217
1270 286
1270 306
1270 481
1271 5
1271 144
1271 356
1271 400
1271 450
1271 452
1271 716
1271 987
1271 1107
1271 1281
1272 111
1272 238
1272 257
1272 262
1272 285
1272 815
1272 1130
1273 198
1273 409
1273 493
1273 529
1273 1417
1273 1497
1274 708
1274 734
1274 1278
1274 1297
1274 1314
1275 12
1275 42
1275 366
1275 537
1275 544
1275 924
1275 995
1275 1124
1275 1404
1276 22
1276 106
1276 155
1276 343
1276 435
1276 528
1276 664
1276 788
1276 845
1276 939
1276 957
1276 1017
1276 1354
1277 74
1277 422
1277 548
1277 637
1277 737
1277 1056
1277 1188
1278 117
1278 618
1278 742
1278 1014
1278 1078
1278 1124
1278 1156
1278 1466
1278 1485
1279 424
1279 461
1279 739
1279 782
1279 786
1279 787
1279 1159
1279 1209
1279 1461
1280 206
1280 338
1280 516
1280 536
1280 717
1280 733
1280 780
1280 985
1281 160
1281 742
1281 848
1281 1388
1282 110
1282 864
1282 1072
1282 1283
1282 1448
1283 158
1283 508
1283 678
1283 958
1283 979
1283 1027
1283 1204
1283 1321
1284 110
1284 816
1284 840
1284 990
1284 1056
1284 1198
1285 37
1285 415
1285 904
1285 998
1285 1028
1285 1143
1285 1408
1286 152
1286 169
1286 390
1286 688
1286 820
1286 893
1287 48
1287 63
1287 163
1287 341
1287 438
1287 754
1287 866
1287 869
1287 1178
1287 1353
1288 10
1288 224
1288 316
1288 1075
1288 1287
1288 1490
1289 5
1289 357
1289 777
1289 785
1289 987
1289 1043
1289 1122
1289 1218
1290 17
1290 104
1290 340
1290 834
1290 1081
1291 103
1291 217
1291 238
1291 328
1291 460
1291 822
1291 1146
1291 1334
1291 1408
1292 41
1292 146
1292 251
1292 369
1292 516
1292 601
1292 636
1292 737
1292 883
1292 1000
1292 1152
1293 103
1293 1438
1294 14
1294 187
1294 609
1294 1149
1294 1171
1294 1209
1294 1324
1295 702
1295 728
1295 1263
1296 3
1296 229
1296 261
1296 267
1296 349
1296 368
1296 545
1296 553
1296 601
1296 1129
1296 1365
1297 792
1297 1119
1297 1426
1298 106
1298 225
1298 596
1298 1034
1298 1306
1299 376
1299 423
1299 506
1299 536
1299 599
1299 641
1299 971
1299 1020
1299 1092
1299 1129
1299 1217
1299 1281
1299 1340
1299 1467
1300 66
1300 129
1300 165
1300 380
1300 761
1300 1028
1300 1358
1300 1452
1301 92
1301 252
1301 1352
1302 356
1302 768
1302 771
1302 1027
1302 1139
1302 1209
1303 35
1303 154
1303 201
1303 283
1303 387
1303 679
1303 1086
1303 1445
1304 797
1305 215
1305 1006
1306 116
1306 310
1306 371
1306 518
1306 552
1306 1260
1306 1388
1306 1438
1306 1459
1307 45
1307 95
1307 266
1307 1202
1307 1284
1307 1392
1307 1440
1308 69
1308 295
1308 315
1308 825
1308 1101
1308 1128
1308 1461
1309 1030
1309 1059
1309 1079
1309 1365
1310 13
1310 86
1310 128
1310 340
1310 374
1310 603
1310 681
1310 734
1310 906
1310 907
1310 1222
1311 280
1311 521
1311 533
1311 997
1311 1398
1312 488
1312 495
1312 819
1312 927
1312 1053
1312 1229
1312 1286
1313 148
1313 237
1313 312
1313 360
1313 1054
1313 1117
1313 1133
1313 1257
1313 1430
1314 942
1314 1220
1314 1255
1314 1289
1315 490
1315 693
1315 941
1315 1297
1316 82
1316 664
1316 1228
1316 1401
1317 449
1317 527
1317 645
1317 814
1317 822
1317 1047
1317 1250
1317 1453
1318 12
1318 459
1318 554
1318 567
1318 593
1318 603
1318 789
1318 1028
1318 1291
1318 1460
1319 35
1319 203
1319 419
1319 668
1319 1003
1319 1138
1319 1318
1319 1347
1319 1447
1320 849
1320 904
1320 1166
1320 1454
1320 1474
1321 76
1321 181
1321 498
1321 547
1321 579
1321 1492
1322 4
1322 106
1322 152
1322 175
1322 467
1322 494
1322 536
1322 1266
1323 468
1323 932
1323 1061
1323 1342
1323 1451
1324 17
1324 19
1324 548
1324 868
1324 980
1324 1045
1325 300
1325 420
1325 961
1325 1014
1325 1079
1325 1106
1325 1288
1325 1350
1326 194
1326 755
1326 831
1326 1128
1326 1429
1326 1430
1327 487
1327 531
1327 594
1327 1139
1327 1438
1328 131
1328 264
1328 1051
1328 1314
1328 1335
1328 1450
1329 46
1329 140
1329 386
1329 731
1329 1216
1329 1385
1330 26
1330 576
1330 1001
1330 1408
1330 1485
1331 244
1331 362
1331 577
1331 838
1331 897
1331 1141
1331 1219
1331 1456
1332 284
1332 326
1332 339
1332 488
1332 653
1332 1112
1332 1273
1332 1277
1333 185
1333 196
1333 262
1333 395
1333 467
1333 544
1333 709
1333 745
1333 948
1333 1322
1334 91
1334 837
1334 1207
1334 1244
1335 46
1335 88
1335 185
1335 329
1335 690
1335 775
1335 824
1335 866
1335 941
1335 1079
1335 1385
1335 1496
1336 163
1336 175
1336 547
1336 1001
1336 1498
1337 209
1337 608
1337 666
1337 1104
1337 1168
1338 116
1338 181
1338 214
1338 220
1338 442
1338 499
1338 540
1338 619
1338 639
1338 1172
1338 1289
1338 1385
1339 505
1339 924
1339 948
1339 956
1339 985
1339 1151
1340 27
1340 141
1340 321
1340 625
1340 667
1340 770
1340 1003
1341 5
1341 282
1341 412
1341 566
1341 781
1341 901
1341 1053
1341 1133
1341 1242
1341 1448
1342 200
1342 556
1342 840
1342 927
1342 1169
1342 1352
1343 138
1343 208
1343 468
1343 808
1343 814
1343 953
1343 1197
1344 44
1344 927
1344 1038
1344 1086
1344 1282
1344 1470
1345 279
1345 360
1345 567
1345 668
1345 961
1345 1008
1345 1379
1345 1443
1346 984
1346 1185
1346 1299
1347 259
1347 295
1347 996
1347 1297
1348 277
1348 459
1348 883
1348 1299
1348 1330
1349 193
1349 529
1349 1103
1349 1434
1350 178
1350 328
1350 467
1350 663
1350 802
1350 1026
1350 1288
1350 1396
1350 1446
1350 1487
1351 146
1351 691
1351 744
1351 901
1352 86
1352 322
1352 441
1352 546
1352 1198
1352 1274
1352 1364
1353 471
1353 519
1353 554
1353 560
1353 887
1353 913
1353 1118
1353 1298
1353 1419
1354 829
1354 913
1354 972
1354 1154
1354 1377
1355 540
1355 616
1355 654
1355 814
1355 825
1355 850
1355 1004
1355 1274
1355 1296
1356 172
1356 594
1356 606
1356 647
1356 681
1356 797
1356 1087
1356 1120
1357 123
1357 709
1357 731
1357 1212
1357 1362
1357 1391
1358 101
1358 346
1358 462
1358 804
1358 910
1358 968
1358 1136
1358 1317
1358 1382
1358 1402
1358 1489
1359 2
1359 238
1359 407
1359 457
1359 953
1359 1016
1359 1156
1359 1239
1359 1400
1360 209
1360 340
1360 434
1360 720
1360 926
1360 1164
1361 257
1361 473
1361 544
1361 562
1361 717
1361 1123
1361 1143
1361 1145
1361 1179
1361 1212
1361 1423
1361 1432
1362 196
1362 262
1362 280
1362 296
1362 362
1362 368
1362 505
1362 656
1362 777
1362 912
1362 1361
1362 1497
1363 212
1363 240
1363 490
1363 498
1363 767
1363 949
1363 1180
1363 1190
1363 1227
1363 1247
1364 359
1364 741
1364 853
1364 1054
1364 1058
1364 1135
1364 1420
1364 1478
1365 44
1365 329
1365 367
1365 467
1365 576
1365 703
1365 792
1365 1037
1366 156
1366 181
1366 209
1366 243
1366 253
1366 564
1366 1056
1366 1138
1366 1224
1367 274
1367 721
1367 773
1367 947
1367 1005
1368 247
1368 539
1368 584
1368 938
1368 942
1368 1109
1368 1276
1368 1342
1369 358
1369 835
1369 840
1369 881
1369 1007
1369 1092
1369 1143
1369 1191
1369 1337
1369 1367
1370 377
1370 526
1370 745
1370 986
1370 1059
1370 1069
1370 1304
1371 204
1371 301
1371 468
1371 675
1371 912
1371 938
1372 45
1372 106
1372 336
1372 481
1372 500
1372 852
1372 938
1372 1320
1372 1334
1372 1367
1373 134
1373 138
1373 172
1373 344
1373 655
1373 777
1373 889
1373 1022
1373 1438
1374 102
1374 241
1374 399
1374 642
1374 870
1374 965
1374 1319
1375 363
1375 397
1375 715
1375 781
1375 1064
1375 1075
1375 1124
1376 9
1376 160
1376 230
1376 237
1376 241
1376 538
1376 883
1376 1162
1376 1262
1377 38
1377 59
1377 164
1377 248
1377 501
1377 713
1377 844
1377 1022
1378 24
1378 144
1378 511
1378 689
1378 760
1378 870
1378 1001
1378 1098
1378 1229
1378 1357
1378 1405
1378 1459
1379 26
1379 383
1379 467
1379 594
1379 660
1379 822
1379 912
1379 1034
1379 1149
1379 1150
1379 1230
1379 1263
1379 1307
1380 384
1380 665
1380 802
1380 950
1380 1065
1381 597
1381 1052
1381 1093
1381 1260
1382 981
1383 116
1383 220
1383 270
1383 627
1383 707
1383 906
1383 1102
1383 1299
1383 1333
1383 1334
1383 1409
1384 16
1384 51
1384 54
1384 614
1384 673
1384 1474
1385 164
1385 419
1385 807
1385 1095
1385 1380
1386 164
1386 477
1386 507
1386 531
1386 1000
1386 1053
1387 193
1387 1091
1387 1460
1388 25
1388 119
1388 312
1388 392
1388 407
1388 578
1388 599
1388 919
1388 922
1388 1076
1388 1139
1389 149
1389 175
1389 303
1389 408
1389 860
1389 1048
1389 1297
1389 1305
1389 1451
1389 1460
1390 29
1390 195
1390 435
1390 533
1390 645
1390 658
1390 1033
1390 1233
1390 1410
1391 82
1391 237
1391 326
1391 807
1391 813
1391 831
1391 866
1391 915
1392 632
1392 807
1392 1124
1392 1380
1392 1464
1393 308
1393 536
1393 691
1393 857
1393 1133
1393 1464
1394 42
1394 192
1394 435
1394 645
1394 800
1394 934
1395 41
1395 44
1395 85
1395 126
1395 190
1395 206
1395 335
1395 363
1395 393
1395 438
1395 694
1395 756
1395 902
1395 987
1395 1034
1395 1332
1395 1365
1396 19
1396 49
1396 194
1396 446
1396 465
1396 522
1396 654
1396 945
1396 1065
1396 1260
1397 576
1397 595
1397 895
1397 983
1397 1242
1398 647
1398 694
1398 790
1398 966
1398 1004
1398 1036
1398 1455
1399 210
1399 721
1399 871
1399 1171
1400 248
1400 303
1400 433
1400 438
1400 457
1400 646
1400 1015
1400 1119
1400 1124
1400 1385
1401 31
1401 699
1401 800
1401 914
1401 949
1401 1421
1402 933
1402 976
1403 295
1403 481
1403 595
1403 834
1403 838
1403 991
1403 1293
1403 1305
1403 1370
1404 345
1404 447
1404 774
1404 1133
1405 297
1405 463
1405 1452
1406 23
1406 59
1406 125
1406 171
1406 493
1406 712
1406 755
1406 1389
1406 1461
1406 1486
1407 147
1407 303
1407 998
1408 227
1408 244
1408 734
1408 745
1408 1266
1408 1427
1409 7
1409 266
1409 328
1409 756
1409 1071
1409 1338
1409 1359
1409 1417
1409 1440
1410 602
1410 610
1410 760
1410 762
1410 1081
1410 1084
1410 1200
1410 1215
1410 1256
1410 1453
1411 73
1411 284
1411 479
1411 578
1411 1033
1411 1404
1411 1454
1411 1461
1411 1469
1412 136
1412 253
1412 816
1412 962
1412 1384
1413 135
1413 423
1413 457
1413 633
1413 639
1413 690
1413 793
1413 848
1413 955
1413 1251
1413 1272
1413 1475
1414 98
1414 707
1415 17
1415 225
1415 269
1415 382
1415 1163
1416 30
1416 86
1416 720
1416 1477
1417 148
1417 384
1417 573
1417 630
1417 1167
1417 1275
1417 1299
1418 53
1418 101
1418 360
1418 600
1418 619
1418 759
1418 835
1418 875
1418 1306
1418 1446
1419 141
1419 276
1419 542
1419 931
1420 62
1420 108
1420 336
1420 851
1420 1448
1420 1466
1421 838
1421 860
1421 906
1421 1320
1421 1358
1422 130
1422 279
1422 792
1422 824
1422 835
1422 948
1422 1200
1423 6
1423 284
1423 561
1423 747
1423 1030
1423 1045
1423 1276
1424 33
1424 73
1424 419
1424 970
1424 977
1424 1097
1424 1362
1424 1491
1425 168
1425 980
1425 1029
1425 1278
1426 227
1426 735
1426 1145
1426 1255
1427 341
1427 738
1427 1009
1427 1249
1427 1385
1428 225
1428 309
1428 604
1429 311
1429 566
1430 239
1430 513
1430 739
1430 842
1430 1390
1430 1405
1430 1486
1431 91
1431 211
1431 262
1431 457
1431 553
1431 643
1431 713
1431 1099
1432 159
1432 917
1432 1093
1432 1200
1433 296
1433 345
1433 357
1433 562
1433 565
1433 1123
1433 1223
1433 1253
1433 1329
1433 1466
1434 176
1434 264
1434 429
1434 497
1434 540
1434 764
1434 970
1434 1043
1434 1356
1434 1381
1434 1391
1434 1412
1435 69
1435 241
1435 595
1435 995
1435 1041
1435 1141
1435 1388
1436 108
1436 689
1436 974
1436 1375
1437 291
1437 800
1437 833
1437 1380
1437 1426
1437 1433
1438 55
1438 269
1438 539
1438 658
1438 1008
1438 1088
1438 1151
1438 1434
1438 1481
1439 23
1439 555
1439 567
1439 640
1439 652
1439 1403
1439 1495
1440 413
1440 431
1440 637
1440 809
1440 882
1440 1021
1440 1093
1440 1446
1441 411
1441 427
1441 556
1441 862
1441 1196
1441 1198
1441 1307
1441 1479
1442 401
1442 424
1442 636
1442 674
1442 677
1442 847
1442 967
1442 1045
1442 1101
1442 1343
1442 1485
1443 44
1443 122
1443 260
1443 402
1443 545
1443 627
1443 718
1443 1040
1443 1151
1444 799
1444 815
1444 1145
1444 1417
1444 1451
1444 1453
1445 411
1445 507
1445 614
1445 803
1445 945
1445 1447
1446 33
1446 283
1446 310
1446 355
1446 728
1446 835
1446 884
1446 1315
1446 1381
1447 219
1447 402
1447 602
1447 700
1447 1384
1447 1427
1448 256
1448 385
1448 434
1448 714
1448 1100
1448 1411
1449 200
1449 231
1449 238
1449 285
1449 444
1449 818
1449 961
1449 1111
1450 116
1450 494
1450 633
1450 749
1450 1071
1451 2
1451 123
1451 766
1451 852
1451 912
1451 1313
1452 288
1452 1108
1453 61
1453 303
1453 378
1453 990
1453 1284
1453 1411
1453 1426
1454 268
1454 281
1454 578
1454 1074
1454 1346
1455 486
1455 646
1455 687
1455 830
1456 419
1456 469
1456 490
1456 1280
1456 1309
1457 95
1457 757
1457 759
1457 1003
1457 1367
1457 1442
1458 54
1458 275
1458 879
1458 939
1458 1086
1458 1240
1458 1252
1458 1440
1459 822
1459 824
1459 830
1459 839
1459 1091
1459 1153
1460 41
1460 52
1460 78
1460 446
1460 515
1460 601
1460 790
1460 1020
1460 1059
1461 22
1461 447
1461 739
1461 1049
1461 1164
1461 1169
1461 1458
1461 1499
1462 257
1462 287
1462 476
1462 879
1462 996
1462 1009
1462 1164
1462 1408
1463 195
1463 1019
1463 1066
1463 1182
1463 1479
1464 54
1464 59
1464 76
1464 913
1464 932
1464 948
1464 950
1464 1043
1464 1205
1464 1273
1465 134
1465 179
1465 200
1465 457
1465 472
1465 695
1465 920
1465 1253
1465 1282
1466 19
1466 228
1466 620
1466 664
1466 787
1466 971
1467 102
1467 127
1467 129
1467 135
1467 371
1467 1443
1468 30
1468 224
1468 402
1468 587
1468 695
1468 786
1468 1021
1468 1464
1469 22
1469 50
1469 341
1469 688
1469 889
1469 996
1469 1183
1469 1272
1470 329
1470 338
1470 823
1471 570
1471 596
1471 809
1471 1037
1471 1164
1471 1250
1471 1325
1472 169
1472 536
1472 680
1472 835
1473 155
1473 214
1473 222
1473 751
1473 959
1473 1423
1474 241
1474 245
1474 394
1474 457
1474 522
1474 754
1474 816
1474 1314
1475 218
1475 661
1475 1037
1475 1148
1476 239
1476 264
1476 867
1476 1001
1476 1260
1476 1457
1476 1490
1477 134
1477 153
1477 683
1477 741
1477 775
1478 186
1478 541
1478 707
1478 964
1478 1087
1479 301
1479 517
1479 1004
1479 1039
1479 1126
1479 1148
1479 1353
1480 294
1480 316
1480 353
1480 365
1480 718
1481 124
1481 150
1481 214
1481 265
1481 651
1481 671
1481 703
1481 1413
1482 142
1482 199
1482 279
1482 294
1482 327
1482 599
1482 1084
1482 1186
1483 355
1483 452
1483 455
1483 643
1483 730
1483 1256
1484 632
1484 769
1484 1016
1484 1066
1485 66
1485 132
1485 388
1485 398
1485 515
1485 707
1485 903
1485 1013
1485 1237
1485 1292
1485 1364
1486 279
1486 492
1486 592
1486 1076
1486 1229
1486 1369
1486 1374
1487 33
1487 584
1487 815
1487 828
1487 1177
1487 1334
1487 1362
1487 1446
1488 14
1488 46
1488 90
1488 244
1488 538
1488 598
1488 730
1488 800
1488 1330
1488 1383
1489 518
1489 904
1489 1291
1489 1455
1490 44
1490 221
1490 224
1490 252
1490 673
1490 939
1490 946
1490 1319
1490 1402
1490 1438
1491 23
1491 246
1491 255
1491 321
1491 424
1491 539
1491 1155
1491 1172
1491 1183
1491 1221
1491 1403
1491 1423
1492 109
1492 407
1492 655
1492 662
1492 920
1492 955
1492 1423
1493 55
1493 714
1493 804
1493 1317
1493 1375
1494 234
1494 892
1494 1018
1494 1065
1494 1087
1494 1248
1494 1287
1494 1414
1495 14
1495 252
1495 581
1495 635
1495 740
1495 841
1495 889
1496 633
1496 770
1496 1003
1496 1217
1496 1438
1497 40
1497 173
1497 696
1497 884
1497 892
1497 1172
1497 1194
1497 1285
1498 11
1498 447
1498 640
1498 846
1498 1004
1498 1050
1498 1112
1498 1336
1498 1399
1499 306
1499 1019
1499 1394
1499 1471
1500 204
1500 516
1500 518
1500 1135
1500 1214
1500 1262
1500 1291
1500 1301
