150
591
1 50
1 90
1 138
2 3
2 69
2 94
2 97
2 146
3 47
3 108
3 119
4 5
4 67
4 71
4 97
5 67
5 81
5 107
5 145
5 148
6 35
6 42
6 85
6 104
7 68
7 75
8 37
8 41
8 62
8 66
8 69
9 4
9 32
9 41
9 67
9 97
9 144
10 85
10 98
11 53
11 112
11 117
11 123
11 146
12 47
12 75
13 12
13 49
13 56
13 77
13 112
14 41
15 29
15 31
15 81
15 86
15 119
16 101
17 41
17 53
17 62
17 64
17 82
17 108
18 33
18 52
18 110
18 111
18 139
20 8
20 42
20 62
20 67
20 88
20 105
20 106
20 116
21 3
21 113
22 21
22 29
22 57
22 84
23 1
23 12
23 22
23 95
23 123
23 140
24 86
24 89
24 103
25 13
25 32
25 36
25 132
25 147
26 1
26 3
26 19
26 33
26 103
26 115
26 117
27 60
27 95
28 18
28 57
28 71
28 128
29 11
29 20
29 32
29 130
29 145
30 44
30 46
30 97
30 101
30 121
30 146
31 43
31 103
32 6
32 23
32 37
32 44
32 85
32 103
32 121
33 10
33 25
33 31
33 80
33 135
33 143
34 87
34 121
34 145
35 25
35 38
35 55
35 59
35 63
35 127
35 130
35 135
36 35
36 119
36 146
37 13
37 79
38 21
38 57
38 61
38 107
39 49
39 62
39 63
39 68
39 112
40 1
40 43
40 87
40 109
41 47
41 114
42 3
42 37
42 41
42 74
42 88
42 138
43 68
43 109
44 16
44 42
44 49
44 129
45 56
45 66
45 71
45 90
46 45
46 99
46 111
46 120
46 142
46 144
47 50
47 54
47 59
47 87
47 93
47 121
47 148
48 61
48 88
48 95
48 96
48 112
48 118
49 6
49 117
49 119
49 149
50 1
50 88
50 123
50 146
51 77
51 96
51 128
53 34
54 13
54 21
54 69
54 141
55 5
55 84
56 25
56 40
56 67
56 91
56 150
57 54
57 55
57 67
57 81
57 90
57 107
57 149
58 57
58 133
58 138
59 26
59 49
59 66
59 106
59 111
59 138
60 49
60 53
60 59
60 129
60 133
61 5
61 8
61 133
63 89
63 121
64 10
64 68
65 118
65 137
65 149
66 12
66 43
66 137
67 17
67 19
67 22
67 66
67 104
67 114
67 133
68 52
68 56
68 78
68 79
69 2
69 12
69 56
69 128
69 138
70 36
70 56
70 76
70 116
71 62
72 98
72 139
73 96
73 120
74 50
74 83
75 15
75 55
75 61
76 24
76 28
76 123
77 58
77 81
77 108
77 125
78 90
78 105
78 112
79 18
79 52
79 53
79 58
79 113
79 136
80 42
80 43
80 71
81 92
81 129
81 147
81 149
82 12
82 119
82 143
83 4
83 61
83 108
83 142
84 19
84 72
84 129
84 142
85 6
85 38
85 80
85 114
86 21
86 58
86 110
86 145
87 22
87 44
87 95
87 97
87 137
87 150
88 5
88 12
88 15
88 29
88 47
89 17
89 37
89 130
89 142
89 149
90 23
90 43
91 71
91 102
91 105
91 120
92 42
92 72
92 104
92 121
93 21
93 102
93 122
94 19
94 133
94 144
95 4
95 56
95 73
95 79
96 32
96 39
96 91
96 108
96 123
97 11
97 105
98 80
98 143
99 83
99 107
99 111
99 135
100 24
100 86
100 139
101 24
101 46
101 57
101 62
101 78
101 80
101 102
101 126
102 26
102 92
102 119
102 131
103 1
103 22
103 67
103 91
104 23
104 28
104 51
104 141
105 66
105 74
105 92
105 93
105 104
106 13
106 118
106 134
107 61
107 90
107 92
107 110
108 10
108 25
108 73
108 127
109 10
109 13
109 144
110 5
110 54
110 112
110 116
110 126
111 64
111 72
111 90
111 96
111 99
111 109
112 31
112 41
112 54
112 99
112 147
112 149
113 9
113 88
113 131
114 29
114 62
114 129
115 4
115 14
115 20
115 39
115 78
115 79
115 102
115 148
117 2
117 8
117 27
117 123
118 84
118 92
118 123
118 138
119 17
119 89
120 14
120 15
120 79
120 93
121 13
121 26
121 35
121 44
121 91
121 92
121 95
121 146
122 5
122 8
122 68
122 114
123 33
123 47
123 56
123 81
123 132
124 83
125 8
125 14
125 34
125 35
125 44
125 89
125 117
125 128
125 150
126 18
126 103
126 121
126 122
126 139
127 87
127 110
127 121
127 123
128 58
128 65
128 72
128 77
128 89
128 105
128 135
129 32
130 68
130 92
130 116
131 12
131 29
131 129
131 134
132 26
132 71
132 81
132 135
132 139
133 43
133 67
133 94
134 6
134 21
134 49
134 102
135 16
135 42
135 76
135 81
135 103
135 104
135 133
136 8
136 14
136 36
136 68
136 73
136 110
137 66
137 87
137 100
137 145
138 4
138 33
138 55
138 72
138 74
138 106
138 127
139 34
139 79
139 141
139 144
140 48
140 121
141 13
141 20
141 101
141 113
141 121
141 126
141 142
142 52
142 75
142 96
143 105
144 16
145 5
145 125
145 134
146 23
146 72
147 88
147 99
148 25
148 73
148 104
148 125
148 128
148 149
149 5
149 16
149 42
149 55
150 89
150 130
