150
448
1 4
1 59
1 61
1 63
2 51
2 75
2 124
3 51
3 84
3 99
4 11
4 22
4 53
5 24
5 80
6 99
7 48
8 69
8 75
9 58
10 2
10 33
10 36
10 37
10 66
10 98
10 119
10 120
10 130
11 19
11 74
11 107
11 112
11 132
11 137
13 55
14 48
15 1
15 43
15 147
16 86
16 105
16 115
17 11
17 62
17 100
17 124
18 12
18 112
18 150
19 4
19 140
21 37
22 9
23 95
23 102
23 136
24 26
24 99
24 140
25 52
26 5
26 61
26 101
27 51
27 80
28 37
28 70
28 110
29 52
29 131
30 14
30 57
30 123
31 4
31 46
31 48
31 88
31 96
31 100
31 117
31 121
31 145
32 96
32 105
32 110
33 29
33 99
33 100
33 118
34 3
34 21
34 28
34 45
34 138
35 82
35 90
35 123
35 150
36 11
36 32
36 141
37 5
37 75
37 98
37 136
38 4
38 18
38 54
38 77
38 109
38 113
38 114
39 73
39 78
39 122
40 118
40 125
40 128
40 135
41 32
41 36
41 76
41 137
41 139
42 7
42 8
42 108
43 72
43 89
43 129
44 21
44 80
44 118
44 139
44 146
45 56
45 71
45 79
45 148
46 30
47 12
47 20
47 45
47 46
48 74
48 101
49 24
49 27
49 90
49 95
49 126
49 150
51 74
51 102
51 107
51 122
52 122
53 86
53 115
54 44
54 93
54 126
55 16
55 84
56 4
56 9
56 14
56 15
56 59
56 84
56 101
57 28
57 106
57 133
58 75
58 86
58 139
59 10
59 20
60 68
60 86
60 144
61 29
61 35
61 74
61 105
61 114
61 128
62 34
62 39
63 35
63 62
63 118
63 137
64 107
65 37
65 100
67 77
68 32
68 49
68 97
68 100
68 135
69 13
69 15
69 124
69 134
69 136
70 49
70 77
70 100
70 122
70 123
70 148
71 2
71 8
71 76
71 82
71 92
71 105
71 110
72 32
72 105
73 29
73 56
73 135
74 42
74 75
76 2
76 51
76 54
76 109
76 111
77 24
77 29
77 138
78 75
78 127
78 136
78 149
79 32
79 35
79 42
79 45
79 86
79 95
79 98
79 101
79 116
79 134
81 149
82 63
84 30
84 92
85 63
85 65
85 87
85 142
85 146
86 9
86 139
87 30
88 61
88 84
88 96
88 145
89 8
89 53
89 54
89 64
89 83
90 1
90 19
90 60
90 64
90 83
91 76
92 5
92 30
92 64
92 78
92 93
93 30
93 95
94 23
94 91
94 121
94 125
95 30
96 4
96 51
96 99
97 13
97 16
97 118
97 128
98 38
98 61
99 57
99 71
99 73
100 34
100 97
100 125
101 55
101 57
101 120
102 83
102 131
104 21
104 64
105 72
105 116
105 149
106 12
106 51
106 70
106 79
106 87
106 115
106 136
107 20
107 50
107 53
107 69
107 114
108 1
108 57
108 87
109 54
109 61
109 71
109 83
109 129
110 27
110 37
110 44
110 69
110 143
111 81
112 32
112 107
112 123
113 135
113 137
113 140
114 95
114 125
115 17
115 34
115 87
115 105
115 133
116 38
116 45
116 82
116 101
116 117
116 144
116 147
117 15
117 37
117 96
117 125
117 150
120 31
120 33
120 61
120 76
121 10
121 107
122 141
122 142
122 146
123 5
123 77
123 102
124 87
124 107
125 89
125 110
125 140
126 66
126 93
126 131
127 11
127 58
127 63
127 133
127 143
128 7
128 15
129 30
129 43
129 100
130 12
130 48
130 104
130 106
131 105
132 90
133 32
133 70
133 117
133 119
134 50
134 79
136 10
136 43
136 68
136 95
136 129
137 17
137 75
137 104
138 71
139 3
139 71
139 112
140 4
140 25
141 78
142 22
143 34
143 71
143 111
143 120
143 124
143 134
144 36
144 42
144 101
144 105
145 26
146 5
146 127
147 12
147 34
147 40
147 45
147 62
147 114
148 67
149 21
149 66
149 82
149 90
