160
786
1 12
1 35
1 45
1 145
2 74
2 77
2 105
2 119
2 149
3 40
3 47
3 49
3 50
3 62
3 63
3 101
3 158
4 76
4 112
4 114
4 116
5 62
5 69
5 72
5 84
5 106
5 108
5 114
6 14
6 81
6 156
7 127
8 2
8 17
10 1
10 54
10 78
10 106
10 108
10 119
10 126
10 139
10 146
11 20
11 69
11 72
11 74
11 82
11 115
12 28
12 85
12 90
12 104
13 7
13 9
13 10
13 39
13 59
13 143
14 12
14 67
15 28
15 30
15 62
15 64
15 134
15 135
16 19
16 76
16 86
17 29
17 53
17 90
17 110
17 127
17 141
18 82
18 92
18 101
18 105
18 147
18 152
18 155
18 160
19 103
19 110
19 111
19 124
19 136
20 8
20 11
20 12
20 17
20 37
20 38
20 83
20 103
20 124
20 129
21 82
21 86
21 124
21 130
22 2
22 6
22 9
22 15
22 128
23 2
23 134
23 150
24 52
24 61
24 90
25 36
25 52
25 54
25 130
25 133
25 142
26 51
26 98
26 104
26 127
26 132
26 149
26 156
27 66
27 74
27 98
27 116
27 157
28 19
28 41
28 121
29 90
29 126
30 1
30 3
30 9
30 89
30 143
31 18
31 59
31 75
31 109
32 49
32 83
32 124
32 127
32 159
33 87
33 118
34 15
34 42
34 96
34 120
34 132
34 152
35 6
35 10
35 19
35 59
35 74
35 92
35 137
35 139
35 143
35 152
36 41
36 58
36 82
36 134
37 44
37 88
37 135
37 137
38 50
38 51
38 69
38 132
38 140
38 144
39 20
39 50
39 61
39 100
39 129
39 136
39 141
39 153
39 156
40 2
40 16
40 30
40 47
40 71
40 83
40 98
40 105
40 116
40 117
40 123
40 144
40 146
40 155
41 37
41 108
41 113
41 116
41 118
41 136
41 150
42 33
42 61
42 68
42 76
42 84
43 28
43 33
43 100
43 131
43 143
43 148
44 83
44 144
45 11
45 65
45 71
45 109
45 116
45 119
46 108
46 153
46 155
47 15
47 19
47 131
47 152
48 93
48 116
49 44
49 51
49 93
49 105
49 108
49 135
49 153
49 160
50 62
50 75
50 106
50 111
50 116
50 122
50 137
51 1
51 50
51 58
51 67
51 68
51 86
51 159
52 100
52 108
52 137
53 37
53 59
53 89
53 115
54 28
54 112
54 132
54 140
54 149
54 152
55 60
55 70
55 97
56 17
56 26
56 35
56 43
56 125
57 16
57 17
57 76
57 100
58 4
58 92
59 50
59 52
59 71
59 87
59 157
60 21
60 109
60 127
60 133
60 143
60 148
60 160
61 30
61 84
61 108
61 142
61 148
62 1
62 12
62 71
62 122
62 159
63 3
63 105
63 114
63 148
63 159
63 160
64 8
64 17
64 19
64 123
65 18
65 53
65 134
66 10
66 113
66 138
67 8
67 17
67 82
67 96
67 122
67 152
68 7
68 39
68 131
69 28
69 44
69 45
69 131
69 136
69 159
70 2
70 5
70 62
70 64
70 80
70 102
70 135
70 143
71 6
71 63
71 76
71 86
71 92
71 103
71 125
71 145
72 2
72 28
72 99
72 137
73 15
73 39
73 66
73 67
73 81
73 95
73 147
73 156
74 13
74 75
74 76
74 77
74 99
74 114
74 144
75 33
75 35
75 100
75 104
75 121
76 3
76 13
76 14
76 15
76 59
76 144
77 6
77 101
77 120
77 146
77 155
78 10
78 103
78 123
79 42
79 59
79 119
80 37
80 67
80 78
80 88
80 122
80 139
81 36
81 60
81 93
81 145
82 55
82 103
82 114
83 16
83 138
83 158
84 2
84 8
84 39
84 54
84 55
84 72
84 82
84 106
84 129
85 16
85 49
85 68
85 95
85 155
86 9
86 29
86 42
86 154
87 57
87 97
88 18
88 34
88 62
88 75
88 111
88 150
89 90
89 104
90 57
90 110
90 114
90 119
90 142
90 160
91 21
91 28
91 129
91 155
92 19
92 22
92 32
92 53
92 64
92 96
92 107
92 124
92 158
93 31
93 58
93 71
93 138
93 150
93 160
94 2
94 4
94 23
94 107
94 154
94 160
95 101
96 5
96 10
96 84
96 85
96 117
96 122
97 67
97 139
98 81
98 122
98 142
99 22
99 36
99 102
99 131
99 144
100 2
100 41
101 3
101 47
101 70
101 78
101 88
101 93
101 103
101 132
101 157
102 30
102 53
102 69
102 85
102 93
102 123
102 138
103 3
103 24
103 32
103 36
103 56
103 99
103 114
103 144
104 16
104 18
104 37
104 39
104 77
104 94
105 14
105 150
106 10
106 16
106 88
106 115
106 119
106 146
106 150
107 36
107 46
107 47
107 49
107 62
107 101
108 53
108 85
108 99
108 145
109 41
109 67
110 44
110 51
110 75
110 131
111 15
111 23
111 69
112 18
112 23
112 43
112 57
113 9
113 48
113 90
113 106
113 158
114 5
114 23
114 58
114 100
115 36
116 77
116 94
116 129
117 45
117 62
117 93
117 104
117 113
117 150
117 157
118 54
118 64
118 100
118 132
119 7
119 17
119 21
119 105
120 28
120 31
120 36
120 158
121 13
121 77
121 92
121 98
121 101
121 114
121 151
122 49
122 96
122 110
122 141
123 43
123 45
123 145
124 39
124 62
124 71
124 98
124 156
125 25
125 36
125 50
125 83
125 97
125 132
126 56
126 111
127 21
127 69
127 112
127 130
128 11
128 37
128 49
128 91
128 97
128 127
128 129
128 152
128 155
129 72
129 108
129 111
129 112
129 114
129 132
129 153
130 27
130 69
130 76
130 156
131 29
131 78
131 106
131 122
131 154
132 15
132 33
132 77
132 152
133 76
133 103
133 107
134 36
134 64
134 76
134 136
135 48
135 71
135 85
135 97
135 121
136 10
136 33
136 39
136 104
136 117
137 14
137 34
137 103
137 104
137 108
137 148
138 15
138 77
138 150
139 10
139 26
139 30
139 90
139 153
140 19
140 52
140 86
140 113
140 125
140 132
140 145
141 3
141 43
141 89
141 90
141 124
141 150
142 21
142 46
142 59
142 60
142 65
142 118
142 127
142 133
143 12
143 76
143 96
143 124
143 132
144 49
144 58
144 147
145 71
145 75
145 148
146 26
146 60
146 99
146 109
146 120
147 1
147 14
147 56
147 70
147 77
147 87
147 122
147 138
148 8
148 36
148 51
148 57
148 80
148 93
148 124
148 125
149 46
149 110
149 124
149 155
150 12
150 44
150 52
150 55
150 77
150 84
150 89
150 155
151 17
151 18
151 29
151 71
152 24
152 30
152 46
152 58
152 87
152 92
153 68
153 107
153 121
154 6
154 102
154 124
155 35
155 51
155 57
155 124
156 3
156 127
157 4
157 35
157 43
157 63
157 91
157 95
157 97
157 138
157 141
158 49
158 91
158 119
158 135
158 149
158 150
159 29
159 50
159 73
159 124
160 144
