160
940
1 38
1 45
1 48
1 54
1 64
1 82
1 128
2 50
2 79
2 116
2 136
3 54
3 66
3 81
3 89
3 90
3 154
3 157
4 6
4 22
4 81
5 1
5 43
5 51
5 79
5 98
5 131
5 135
6 4
6 44
6 45
6 48
6 123
6 129
6 158
7 30
7 46
7 66
7 80
7 99
7 156
8 27
8 44
8 82
9 6
9 95
9 111
9 117
10 30
10 42
10 59
10 79
10 128
10 131
11 12
11 48
11 59
11 112
11 153
12 85
12 103
12 151
13 19
13 27
13 42
13 80
13 90
13 105
13 146
13 157
14 30
14 48
14 63
14 93
14 117
16 1
16 27
16 31
16 112
16 129
16 143
16 145
16 153
17 9
17 36
17 38
17 50
17 59
17 78
17 83
17 96
17 160
18 8
18 53
18 74
18 79
18 93
18 102
19 6
19 29
19 34
19 49
19 81
20 34
20 69
20 86
20 105
20 150
21 97
21 126
21 148
21 157
22 7
22 13
22 63
22 107
22 121
22 132
23 28
23 57
23 62
23 81
23 115
23 123
23 128
23 133
23 150
24 40
24 66
24 97
24 141
25 7
25 26
25 57
25 75
25 99
26 42
26 100
26 108
26 148
27 60
27 99
27 121
28 30
28 41
28 55
28 68
28 90
28 113
28 119
28 129
28 155
29 73
29 83
29 96
29 103
29 116
29 134
29 151
30 24
30 42
30 75
31 30
31 105
31 114
31 143
31 150
32 59
32 84
32 95
32 101
33 82
33 91
33 103
33 107
33 129
33 147
34 31
34 35
34 54
34 58
34 116
35 25
35 29
35 66
35 107
35 114
35 120
35 154
36 7
36 26
36 47
36 68
36 90
36 115
36 155
37 20
37 94
37 120
37 141
38 24
38 73
38 76
38 101
38 106
38 150
39 52
39 65
39 105
39 120
40 13
40 57
40 111
40 113
41 129
41 151
42 17
42 121
42 135
43 16
43 60
43 86
43 145
44 112
45 49
45 59
45 70
45 154
46 15
46 35
46 39
46 71
46 72
46 95
46 96
46 105
46 109
46 119
46 135
46 139
46 155
47 7
47 31
47 51
47 58
47 81
47 83
47 84
47 127
48 16
48 17
48 22
48 35
48 46
48 74
48 148
49 20
49 40
50 89
50 119
50 124
51 12
51 22
52 36
52 39
52 59
52 115
52 133
52 139
53 2
53 11
53 23
53 26
53 30
53 50
53 67
53 134
54 137
55 83
55 117
55 121
55 140
55 150
56 28
56 36
56 54
56 101
56 118
56 131
57 4
57 11
57 43
57 44
57 60
57 78
57 90
57 92
57 133
57 149
58 22
58 41
58 59
58 69
58 87
58 120
58 146
58 147
59 5
59 16
59 22
59 27
59 119
59 124
59 133
60 23
60 52
60 56
60 77
60 89
60 121
61 39
61 58
61 59
61 68
61 71
61 118
61 153
62 102
62 148
62 158
62 160
63 4
63 17
63 41
63 44
63 122
64 25
64 32
64 74
64 81
64 91
64 122
64 159
65 7
65 21
65 62
65 67
65 82
65 98
65 106
65 121
65 132
65 139
66 3
66 25
66 35
66 54
66 155
67 15
67 16
67 26
67 38
67 40
67 92
67 94
67 112
67 136
67 140
68 15
68 23
68 36
68 60
68 92
68 114
68 133
68 144
69 55
69 111
69 130
69 133
69 135
69 139
70 34
70 63
70 88
70 92
70 114
70 120
70 155
70 158
71 5
71 23
71 57
71 104
71 118
71 145
71 147
72 40
72 80
72 82
72 124
72 150
73 21
73 46
73 52
73 56
73 67
73 85
73 105
73 121
73 133
73 151
74 18
74 38
74 43
74 45
74 62
74 91
74 103
74 106
74 113
74 129
74 130
74 131
74 156
75 70
75 88
75 104
75 118
75 125
75 137
75 152
76 27
76 74
76 135
77 26
77 62
77 83
77 131
77 141
77 144
78 1
78 3
78 21
78 40
78 61
78 72
78 77
78 114
78 123
79 15
79 20
79 43
79 64
79 81
79 84
79 104
79 107
79 131
79 157
80 115
80 124
81 21
81 123
82 11
82 43
82 94
82 105
82 148
82 150
83 9
83 12
83 37
83 41
83 44
83 64
83 95
83 110
83 123
83 143
84 38
84 39
84 60
84 78
84 158
85 29
85 110
85 130
85 144
85 149
85 150
86 35
86 68
86 111
86 139
86 143
86 158
87 2
87 35
87 73
87 86
87 102
87 104
87 144
88 63
88 83
88 90
88 159
89 36
89 104
89 113
89 139
89 152
90 9
90 100
90 116
90 149
91 45
91 58
91 63
91 74
91 107
92 54
92 58
92 88
92 106
92 119
92 132
92 134
92 146
92 149
93 8
93 42
93 90
93 99
93 133
93 135
93 144
94 25
94 64
94 79
94 87
94 132
95 36
95 109
95 139
95 140
95 142
96 14
96 42
96 78
96 87
97 20
97 68
97 98
97 103
97 129
97 136
97 151
97 152
98 19
98 20
98 25
98 36
98 39
98 53
98 81
98 87
98 90
99 3
99 12
99 23
99 38
99 46
99 87
99 95
99 107
99 122
99 139
100 57
100 59
100 109
100 113
100 133
100 139
101 16
101 25
101 116
102 1
103 30
103 95
104 15
104 25
104 30
104 78
104 89
104 107
104 119
104 124
104 147
104 155
104 160
105 21
105 26
105 47
105 82
105 108
105 113
105 127
105 129
105 131
106 4
107 26
107 39
107 40
107 55
107 56
107 91
107 106
107 109
107 146
108 62
108 66
108 79
108 112
108 135
108 138
109 1
109 65
109 103
109 112
110 34
110 36
110 43
110 48
110 73
110 126
110 135
110 151
111 28
111 45
111 60
111 63
111 70
111 99
111 104
112 51
112 53
112 69
112 73
112 87
112 93
112 101
112 116
112 126
113 34
113 37
113 68
113 105
113 111
113 150
113 153
114 8
114 24
114 48
114 76
114 80
114 84
114 112
114 123
114 137
114 149
114 150
115 152
116 15
116 55
116 57
116 68
116 70
116 72
116 115
117 65
117 76
117 123
118 44
118 53
118 84
118 139
119 30
119 84
120 13
120 29
120 61
120 76
120 134
120 150
121 43
121 55
121 57
121 79
121 83
121 87
121 115
121 123
121 125
121 131
121 148
121 157
122 44
122 55
122 76
122 123
122 124
123 7
123 13
123 44
123 78
123 97
123 154
124 50
124 56
124 120
124 125
124 131
124 150
125 67
125 71
125 97
125 108
125 118
125 145
125 147
125 149
126 3
126 5
126 21
126 28
126 70
126 81
126 145
127 19
127 44
127 74
127 97
127 110
127 145
127 154
128 22
128 82
129 19
129 24
129 44
129 80
129 113
130 44
131 7
131 15
131 21
131 71
131 106
132 65
133 14
133 51
133 61
133 84
133 128
134 1
134 32
134 59
134 113
134 118
135 40
135 48
135 54
135 60
135 76
135 114
135 118
135 136
135 140
135 153
135 154
136 91
136 111
136 112
136 149
136 158
137 65
137 73
137 77
137 94
137 133
137 143
138 5
138 58
138 91
138 127
138 128
138 142
139 2
139 5
139 48
139 62
139 86
139 149
139 152
140 5
140 6
140 55
140 91
140 127
141 8
141 21
141 36
141 87
141 96
141 154
142 20
142 23
142 26
142 30
142 73
142 76
142 102
142 117
142 131
142 152
143 16
143 21
143 32
143 73
143 141
143 156
143 160
144 4
144 14
144 23
144 73
144 94
144 111
144 114
144 157
145 1
145 23
145 34
145 55
145 86
145 108
146 57
146 74
146 104
146 119
146 129
146 144
146 151
146 159
147 19
147 80
147 125
147 155
148 60
148 98
148 112
148 140
149 22
149 32
149 75
149 80
149 86
149 117
149 120
149 137
150 14
150 20
150 44
150 94
150 100
150 121
150 131
150 152
151 74
151 92
151 119
152 16
152 18
152 24
152 35
152 66
152 74
152 99
152 102
152 104
153 12
153 31
153 113
153 159
154 10
154 30
154 58
154 74
154 107
154 157
155 25
155 27
155 38
155 145
156 54
156 56
156 61
156 63
156 71
156 101
156 113
156 117
156 119
157 41
157 47
157 72
157 105
157 113
157 129
157 141
157 152
157 159
158 24
158 79
158 109
158 133
158 148
159 1
159 67
159 108
159 145
159 153
160 2
160 73
160 80
160 100
160 125
160 132
