160
1388
1 11
1 25
1 36
1 46
1 90
1 107
1 116
1 120
1 133
1 134
1 138
1 142
1 151
1 152
2 34
2 59
2 60
2 69
3 43
3 117
3 131
4 11
4 17
4 28
4 47
4 73
4 96
4 98
4 108
4 155
5 15
5 49
5 56
5 83
5 113
5 131
5 141
5 156
6 15
6 30
6 34
6 37
6 53
6 70
6 71
6 75
6 94
6 135
6 144
6 149
6 156
6 159
7 19
7 22
7 25
7 36
7 55
7 63
7 75
7 107
7 121
7 127
8 10
8 89
8 103
8 115
8 128
8 138
9 20
9 37
9 61
9 68
9 110
9 116
9 120
9 126
9 130
9 132
9 156
10 28
10 50
10 51
10 68
10 70
10 78
10 79
10 90
10 109
10 118
11 9
11 25
11 61
11 75
11 87
11 95
11 100
11 160
12 2
12 35
12 67
12 83
12 107
12 112
12 143
12 158
13 41
13 70
13 80
13 108
13 113
13 126
13 127
13 129
13 137
14 40
14 66
14 125
14 144
14 145
14 156
15 21
15 61
15 83
15 106
15 123
15 131
16 28
16 36
16 57
16 72
16 73
16 82
16 122
16 138
16 146
17 16
17 39
17 43
17 103
17 148
18 24
18 53
18 65
18 73
18 96
18 110
18 136
18 150
19 13
19 15
19 32
19 66
19 84
19 102
19 125
19 145
19 154
19 156
20 19
20 31
20 45
20 51
20 53
20 59
20 93
20 100
20 101
20 160
21 1
21 15
21 62
21 68
21 85
21 100
21 121
21 125
21 139
21 143
21 159
22 16
22 26
22 40
22 58
22 96
22 119
22 142
22 154
23 13
23 28
23 33
23 43
23 54
23 70
23 72
23 127
23 137
23 139
23 142
24 29
24 39
24 91
24 113
25 7
25 19
25 41
25 59
25 87
25 101
25 126
25 132
25 145
25 154
26 46
26 72
26 94
26 107
26 115
26 126
26 142
26 143
27 22
27 56
27 83
27 107
27 153
27 156
28 39
28 43
28 51
28 66
28 108
28 131
29 11
29 46
29 74
29 77
29 102
29 105
29 106
29 111
29 146
29 151
29 158
30 6
30 11
30 21
30 23
30 33
30 35
30 44
30 46
30 47
30 127
30 141
30 148
30 156
31 18
31 19
31 64
31 105
31 109
31 135
31 142
31 145
31 160
32 26
32 31
32 71
32 89
32 95
32 105
32 110
32 112
32 119
32 151
33 8
33 52
33 53
33 56
33 60
33 61
33 65
33 68
33 109
33 119
34 21
34 48
34 65
34 81
34 104
34 111
35 9
35 38
35 57
35 60
35 66
35 75
35 92
35 108
35 115
35 140
36 25
36 28
36 37
36 45
36 70
36 80
36 96
36 123
36 128
37 21
37 30
37 38
37 48
37 85
37 92
37 104
37 108
37 139
37 154
38 22
38 29
38 105
38 157
39 3
39 22
39 26
39 36
39 85
39 103
39 108
39 111
39 124
40 1
40 2
40 9
40 50
40 129
41 5
41 13
41 23
41 25
41 80
41 97
41 104
41 129
41 136
42 22
42 25
42 64
42 79
42 95
42 97
42 101
42 121
42 148
43 1
43 29
43 30
43 64
43 74
43 91
43 111
43 115
43 117
43 137
43 158
43 159
44 8
44 21
44 61
44 86
44 98
44 115
44 123
44 148
45 17
45 49
45 77
45 131
45 144
45 159
46 4
46 51
46 55
46 82
46 85
46 110
46 116
46 119
46 140
47 74
47 96
47 98
47 120
47 148
47 152
48 10
48 33
48 44
48 75
48 81
48 83
48 106
48 123
48 135
48 143
48 147
48 160
49 2
49 19
49 34
49 38
49 43
49 46
49 63
49 89
49 99
49 134
50 5
50 28
50 37
50 77
50 111
50 130
50 134
51 9
51 12
51 14
51 53
51 63
51 66
51 79
51 86
51 94
51 115
51 127
51 135
51 145
51 149
51 156
52 55
52 116
52 134
52 138
52 142
53 26
53 39
53 54
53 58
53 70
53 71
53 90
53 97
53 135
53 154
53 160
54 10
54 30
54 57
54 92
54 94
54 102
54 107
54 111
54 128
55 12
55 35
55 47
55 48
55 61
55 87
55 143
55 160
56 16
56 19
56 77
56 80
56 102
56 152
56 156
57 84
57 85
57 87
57 93
57 157
58 9
58 20
58 67
58 119
59 5
59 18
59 55
59 63
59 84
59 101
59 105
59 121
59 137
59 143
59 147
59 153
60 49
60 58
60 61
60 64
60 65
60 133
60 134
61 6
61 25
61 27
61 28
61 49
61 77
61 92
61 104
61 115
61 119
61 122
61 128
61 134
61 136
61 149
61 155
62 2
62 18
62 35
62 46
62 56
62 65
62 66
62 76
62 78
62 85
62 137
62 141
63 14
63 21
63 40
63 57
63 75
63 76
63 78
63 86
63 100
63 122
64 2
64 8
64 12
64 13
64 22
64 50
64 56
64 88
64 121
64 149
65 10
65 21
65 70
65 90
65 106
65 126
65 148
65 152
65 155
66 21
66 36
66 37
66 49
66 57
66 63
66 81
66 98
66 106
66 114
66 130
67 50
67 87
67 88
67 105
67 116
67 118
67 125
67 157
68 47
68 59
68 65
68 81
69 4
69 6
69 27
69 61
69 88
69 93
69 100
69 121
69 154
70 26
70 76
70 82
70 126
70 160
71 19
71 23
71 27
71 34
71 58
71 64
71 68
71 75
71 82
71 111
71 137
71 160
72 38
72 49
72 80
72 102
72 107
72 109
72 115
72 119
72 128
72 132
72 139
72 148
72 160
73 15
73 31
73 38
73 119
73 139
73 153
73 156
74 21
74 44
74 47
74 49
74 54
74 65
74 83
74 149
74 152
75 3
75 17
75 71
75 89
76 24
76 37
76 50
76 61
76 77
76 78
76 94
76 97
76 117
76 130
76 132
76 133
77 14
77 43
77 48
77 74
77 115
77 138
78 5
78 15
78 21
78 23
78 34
78 41
78 46
78 106
78 124
78 141
79 23
79 28
79 36
79 41
79 49
79 65
79 70
79 93
79 102
79 111
79 113
79 121
79 128
79 158
80 41
80 74
80 78
80 117
80 133
80 134
81 16
81 41
81 44
81 47
81 89
81 154
82 1
82 17
82 41
82 50
82 54
82 66
82 72
82 127
82 130
82 133
82 155
83 45
83 87
83 106
83 126
83 130
84 24
84 35
84 63
84 66
84 83
84 121
84 142
84 151
84 157
85 4
85 14
85 22
85 52
85 68
85 71
85 75
85 129
85 130
86 12
86 121
86 125
86 140
86 159
87 14
87 25
87 42
87 46
87 93
87 136
87 152
88 15
88 16
88 35
88 47
88 59
88 62
88 70
88 73
88 99
88 102
88 136
88 146
89 13
89 17
89 34
89 45
89 48
89 83
89 110
89 114
89 115
90 7
90 15
90 24
90 44
90 59
90 62
90 78
90 97
90 109
90 120
90 140
90 148
91 14
91 23
91 25
91 28
91 73
91 87
91 100
91 122
92 2
92 13
92 71
92 120
92 131
92 132
92 157
93 27
93 29
93 34
93 37
93 47
93 55
93 59
93 64
93 90
93 127
93 160
94 61
94 120
95 21
95 24
95 56
95 77
95 88
95 122
95 127
95 144
96 3
96 7
96 25
96 30
96 39
96 59
96 69
96 87
96 137
97 7
97 12
97 80
97 87
97 91
97 110
97 132
98 30
98 35
98 57
98 77
98 78
98 123
98 126
98 154
99 2
99 8
99 32
99 51
99 54
99 78
99 87
99 93
99 131
99 151
100 24
100 28
100 31
100 50
100 72
100 77
100 129
100 147
101 19
101 32
101 39
101 43
101 61
101 75
101 123
101 126
101 137
102 8
102 22
102 53
102 91
102 93
102 114
102 121
102 131
102 141
102 159
103 21
103 56
103 67
103 91
103 92
103 102
103 116
103 127
103 129
104 28
104 35
104 81
104 90
104 117
104 120
104 121
104 133
104 152
105 3
105 23
105 86
105 125
105 145
106 15
106 21
106 51
106 82
106 120
106 131
106 157
107 26
107 27
107 38
107 51
107 61
107 90
107 106
107 136
108 9
108 11
108 20
108 46
108 67
108 71
108 84
108 133
108 158
109 8
109 44
109 58
109 93
109 94
109 124
109 151
109 152
110 6
110 21
110 38
110 67
110 103
110 119
110 154
111 26
111 40
111 59
111 64
111 83
111 105
112 13
112 20
112 26
112 44
112 59
112 81
112 87
112 88
112 90
112 93
112 100
112 136
112 142
112 159
113 1
113 12
113 34
113 84
113 92
113 99
113 102
113 109
113 112
113 128
113 130
113 152
113 158
114 11
114 16
114 23
114 53
114 76
114 85
114 98
114 106
114 110
114 117
114 119
114 127
114 136
114 145
114 148
115 30
115 114
115 157
116 82
116 89
116 91
116 94
116 149
117 16
117 21
117 55
117 79
117 80
117 88
117 97
117 127
117 142
117 148
118 31
118 40
118 55
118 61
118 67
118 76
118 88
118 102
118 107
118 137
118 141
118 151
118 159
119 2
119 12
119 15
119 37
119 67
119 72
119 98
119 114
119 158
120 10
120 43
120 60
120 80
120 100
120 109
120 129
121 18
121 70
121 82
121 84
121 112
121 117
121 130
121 131
121 144
121 149
121 158
122 8
122 19
122 29
122 33
122 39
122 63
122 81
122 86
122 110
122 139
122 142
123 35
123 44
123 69
124 8
124 41
124 68
124 90
124 105
124 150
125 7
125 27
125 37
125 64
125 74
125 75
125 79
125 81
125 101
125 108
125 133
125 138
126 40
126 77
126 130
126 146
127 1
127 7
127 67
127 77
127 94
127 128
127 154
128 5
128 9
128 24
128 26
128 28
128 30
128 65
128 129
128 134
128 155
129 3
129 19
129 40
129 64
129 66
129 76
129 86
129 111
130 24
130 77
130 84
130 87
130 97
130 107
130 139
130 159
131 19
131 31
131 63
131 107
131 108
131 114
131 120
131 128
131 148
131 152
132 6
132 29
132 44
132 54
132 58
132 68
132 101
132 110
132 128
132 136
132 137
133 10
133 54
133 64
133 81
133 101
133 112
133 123
133 140
133 143
133 160
134 2
134 8
134 9
134 37
134 52
134 56
134 96
134 107
134 112
134 119
134 126
134 136
134 157
135 40
135 46
135 78
135 80
135 89
135 108
135 118
135 138
136 45
136 59
136 123
136 147
137 5
137 38
137 51
137 79
137 92
137 97
137 117
137 151
138 4
138 9
138 32
138 55
138 63
138 68
138 122
138 131
138 155
138 156
139 11
139 69
139 92
139 96
139 112
139 150
140 87
140 88
140 98
140 105
140 117
140 145
140 160
141 93
141 118
141 147
142 39
142 44
142 58
142 76
142 100
142 111
142 113
142 117
142 118
142 149
143 1
143 39
143 50
143 90
143 131
143 152
143 156
144 2
144 32
144 35
144 44
144 47
144 59
144 61
144 98
144 107
144 127
144 128
145 9
145 22
145 54
145 59
145 88
145 99
145 110
145 115
145 121
145 139
146 6
146 10
146 23
146 41
146 43
146 60
146 89
146 99
146 122
146 151
146 154
147 21
147 23
147 43
147 74
147 76
147 77
147 110
147 139
147 146
147 155
148 31
148 56
148 70
148 146
148 158
149 2
149 34
149 40
149 48
149 53
149 73
149 75
149 95
150 4
150 22
150 60
150 88
150 100
150 105
150 133
150 144
151 19
151 35
151 37
151 38
151 63
151 80
151 87
151 94
151 113
151 131
151 137
151 152
152 14
152 35
152 44
152 51
152 55
152 91
152 119
152 132
152 133
152 153
153 22
153 23
153 26
153 37
153 62
153 75
153 102
153 114
153 119
153 134
153 137
153 152
154 48
154 75
154 85
154 91
154 114
154 127
155 32
155 77
155 84
155 111
155 119
155 133
155 136
156 2
156 26
156 49
156 52
156 70
156 73
156 91
156 100
156 155
156 160
157 10
157 24
157 35
157 57
157 59
157 77
157 89
157 92
157 99
157 117
157 120
157 131
157 148
157 149
157 153
158 28
158 42
158 69
158 76
158 116
158 118
158 129
158 141
158 144
158 148
158 154
159 15
159 38
159 42
159 48
159 66
159 94
159 107
159 142
160 5
160 7
160 15
160 23
160 37
160 70
160 74
160 115
160 117
160 120
160 150
160 156
