160
319
1 6
1 97
2 3
2 122
3 15
3 24
4 36
4 46
5 2
5 24
5 138
5 151
6 14
6 17
6 64
6 142
7 87
7 153
8 65
9 41
10 29
10 111
10 115
10 159
11 19
11 28
11 71
11 157
13 112
13 144
13 149
14 72
14 87
15 64
15 81
16 100
16 117
16 157
17 63
18 19
18 27
18 117
18 133
18 136
19 108
19 154
20 39
21 23
21 63
21 78
21 87
21 134
22 41
22 105
22 106
23 91
23 136
24 50
24 78
24 110
24 114
24 122
25 85
25 113
26 17
26 34
26 128
27 138
28 19
30 28
30 37
30 75
30 85
30 101
30 135
32 46
32 122
34 56
34 92
34 114
34 118
34 152
35 9
35 61
35 73
35 119
36 35
37 41
37 69
38 6
39 7
39 104
40 1
40 93
40 152
42 110
42 142
44 36
44 155
44 159
45 70
45 77
45 90
45 107
45 143
46 22
46 146
47 81
47 92
47 146
48 11
48 76
48 103
48 144
50 133
51 57
52 36
52 57
52 141
53 75
53 89
53 91
54 46
55 138
56 41
56 90
57 73
58 14
58 37
58 44
58 88
58 89
59 28
59 64
59 142
60 55
60 80
61 3
61 30
61 57
63 45
63 65
64 33
65 15
66 102
66 103
67 6
67 38
67 117
68 69
69 88
69 150
70 54
71 11
71 85
71 152
72 61
72 94
73 97
74 112
76 46
76 51
76 54
77 10
77 62
77 104
77 135
79 85
79 130
80 55
80 130
82 139
83 53
83 73
84 60
84 77
84 81
84 125
86 46
86 129
89 140
90 88
91 20
91 31
91 51
91 101
92 90
93 23
93 82
93 135
93 147
94 112
95 12
95 45
95 47
95 52
95 159
96 14
97 37
97 52
97 149
98 83
98 153
99 137
99 151
101 21
102 41
102 116
103 127
103 156
104 6
106 77
106 153
108 40
108 104
109 126
111 54
111 109
112 57
112 104
113 25
113 146
113 153
114 33
114 71
114 89
114 155
115 73
115 77
116 90
116 137
117 14
117 49
117 158
118 4
118 32
118 66
118 139
119 75
120 48
120 54
120 56
120 113
121 97
121 115
122 48
123 10
123 45
123 49
123 101
125 5
125 65
125 99
126 58
126 110
127 125
127 130
128 7
128 121
128 154
128 158
130 97
130 110
130 156
132 4
132 15
132 92
132 126
132 137
132 146
133 20
133 39
134 12
134 86
134 127
135 50
135 98
136 116
137 61
138 33
138 44
138 77
139 107
140 76
140 120
142 64
142 121
143 57
143 134
145 118
145 156
146 5
146 9
146 101
147 3
147 21
147 148
148 83
148 156
149 48
149 110
149 155
150 4
150 7
152 148
153 37
154 32
154 45
154 52
154 101
156 11
156 84
156 126
157 31
157 133
158 80
158 111
159 14
160 103
