160
475
1 65
1 149
2 135
3 68
4 8
4 36
4 57
4 111
5 6
5 87
5 149
6 19
6 57
6 81
7 39
7 98
8 104
8 140
9 13
9 52
10 138
11 12
11 145
12 92
12 99
12 120
12 142
13 27
13 103
13 118
14 8
14 89
14 91
14 133
16 89
16 116
16 149
17 43
17 78
17 79
17 137
18 7
18 27
18 159
19 63
19 77
19 126
19 147
19 151
20 40
20 77
20 102
21 33
21 34
21 77
21 98
21 137
22 77
22 105
22 113
22 121
22 150
23 157
24 1
24 34
24 85
24 92
24 129
25 98
25 118
25 121
26 2
26 50
26 53
26 93
26 130
26 143
27 127
28 18
28 41
28 74
28 158
28 160
29 50
29 65
29 88
29 94
29 98
29 124
30 21
30 104
30 158
31 11
31 77
31 145
32 5
32 35
32 58
32 90
32 130
32 140
33 27
34 7
34 22
34 30
34 146
35 160
37 3
37 28
37 54
37 121
38 136
39 94
39 148
40 39
40 41
41 29
41 48
41 70
41 117
42 89
43 63
43 64
44 5
44 58
45 1
45 91
46 160
47 5
47 62
47 84
47 116
47 152
47 154
48 17
48 96
49 25
49 125
49 146
50 41
50 99
50 155
51 92
51 113
51 159
51 160
52 94
52 107
52 114
52 115
52 121
53 107
53 152
54 13
54 14
55 69
55 127
55 158
56 15
56 103
57 7
57 13
58 10
58 64
58 130
58 134
58 136
58 148
59 52
59 66
59 81
59 130
60 25
60 27
61 51
61 85
61 150
62 52
62 133
63 11
63 32
63 67
64 90
64 94
64 96
64 130
65 62
65 126
66 2
66 17
66 39
66 83
66 140
67 60
67 134
67 144
68 8
68 44
69 36
69 160
70 47
70 58
70 64
70 124
71 4
71 142
71 151
72 35
72 69
74 6
74 111
75 29
75 53
75 101
75 112
75 123
76 6
76 81
76 105
76 115
77 7
77 70
77 102
77 138
78 5
78 51
78 110
79 113
79 119
79 126
79 155
80 7
80 11
80 71
80 118
80 126
81 4
81 42
81 49
81 54
81 67
81 83
81 123
82 22
82 51
82 141
83 52
83 129
83 140
84 12
84 13
84 125
85 2
85 100
85 108
85 120
85 157
86 82
86 89
86 138
87 19
87 113
87 129
88 2
88 134
89 25
89 31
89 72
90 91
90 110
90 134
90 149
90 155
91 4
91 22
92 27
93 8
93 17
93 60
93 98
93 153
94 10
94 67
94 147
95 18
95 67
95 131
96 77
96 100
96 126
96 146
96 147
97 81
97 83
98 33
98 40
99 92
99 136
100 10
100 16
100 42
100 149
101 48
101 105
101 118
101 136
102 9
102 125
103 150
104 1
104 3
104 22
104 27
104 82
105 15
105 32
105 51
105 103
105 129
107 44
107 62
107 113
107 153
108 13
108 53
108 70
108 106
108 147
109 20
109 21
109 134
109 142
110 59
111 4
111 7
111 126
111 135
112 20
112 121
112 122
113 86
114 18
114 64
114 105
115 72
115 89
115 157
116 2
116 103
116 147
117 85
117 99
117 125
118 5
118 114
118 130
119 27
120 28
120 41
120 42
120 67
120 79
120 116
120 130
121 30
121 139
122 39
122 54
122 130
122 150
123 30
123 61
124 1
125 93
125 115
127 87
127 139
127 160
128 46
128 72
128 154
129 76
129 128
131 146
132 6
133 1
133 33
133 45
133 78
133 110
134 6
134 46
134 73
134 109
136 18
136 44
137 13
137 100
137 123
137 125
137 140
137 155
138 86
138 153
139 2
139 43
139 44
139 145
140 46
140 48
140 83
140 95
140 136
141 127
141 132
141 143
141 149
142 16
142 122
143 38
143 76
144 23
144 153
145 43
145 53
145 71
145 143
146 107
147 46
147 136
147 142
148 4
148 93
148 153
149 21
149 99
149 151
150 22
150 23
150 67
150 106
150 120
150 122
151 84
151 118
151 120
151 145
152 116
152 149
154 63
154 88
154 90
154 141
154 142
155 51
155 106
155 135
155 144
156 8
156 127
157 4
157 30
157 86
157 115
158 28
158 30
158 51
158 86
159 15
159 62
159 112
160 52
160 87
160 157
160 158
