160
159
3 1
3 76
3 87
7 143
8 14
8 39
8 102
9 95
10 27
11 120
12 51
14 37
14 114
15 26
15 59
16 35
16 116
18 142
19 21
19 123
20 145
21 159
22 47
24 15
24 47
24 109
25 149
26 7
26 21
27 48
27 100
28 56
28 91
29 142
32 8
33 144
33 151
35 53
35 147
36 144
40 18
40 19
40 30
41 120
43 53
43 63
45 148
46 158
47 92
47 102
47 121
48 72
48 158
51 66
52 18
54 99
55 12
56 72
57 64
57 140
60 21
60 35
62 124
62 139
63 28
67 128
68 42
68 93
68 123
69 40
70 75
71 115
73 66
74 62
74 63
75 122
76 97
77 55
78 69
79 151
81 26
81 29
82 49
84 59
84 100
85 12
85 138
86 61
86 160
87 26
87 107
90 16
90 137
93 132
95 1
95 21
99 25
99 77
102 118
103 4
103 98
104 45
106 46
106 109
108 41
108 103
109 155
110 4
111 156
112 101
113 10
113 129
114 17
114 65
114 130
114 138
116 36
116 123
120 7
120 34
121 81
122 23
122 61
122 114
123 3
126 79
126 94
127 5
128 92
129 89
130 19
130 24
134 64
135 155
136 15
136 94
138 56
139 136
141 62
143 119
144 31
146 140
147 134
148 6
148 155
149 52
150 125
151 8
151 28
153 92
153 94
154 58
156 24
158 88
158 91
158 160
160 52
160 125
160 145
