170
170
2 29
3 153
4 148
4 153
4 168
9 32
9 51
9 94
9 140
9 154
11 79
12 5
13 50
14 26
14 46
15 118
16 93
16 150
17 82
17 89
17 103
17 144
18 14
18 97
18 138
19 10
19 55
19 81
20 119
21 159
21 169
22 1
22 157
24 170
27 86
28 142
29 28
29 132
30 12
30 93
32 137
33 155
35 39
36 38
40 155
41 99
42 14
42 110
42 124
44 38
44 84
45 80
45 137
46 49
46 117
47 118
48 132
49 23
49 90
51 53
52 18
52 37
53 147
56 21
57 47
57 90
57 96
57 108
57 153
60 130
61 36
61 119
61 133
66 71
66 74
67 46
69 68
69 127
72 111
76 12
78 48
78 133
78 141
80 150
81 36
81 164
83 103
84 110
86 131
87 21
88 28
89 5
92 32
92 46
94 107
98 130
100 149
102 67
102 121
104 36
105 144
105 170
109 36
109 140
110 122
112 31
113 141
114 101
115 12
116 134
119 71
119 74
120 43
120 163
121 14
121 55
121 119
121 132
121 165
122 25
122 147
122 162
123 2
123 48
123 128
127 59
127 153
130 10
130 112
131 46
131 110
132 140
133 22
133 51
134 168
137 2
137 70
138 150
139 107
139 158
140 117
142 19
142 35
143 125
144 13
144 124
145 111
147 95
148 56
148 153
148 167
149 134
151 141
151 154
152 30
154 58
160 5
160 76
161 48
161 102
164 7
165 111
166 73
167 71
167 97
167 119
168 29
168 30
168 131
170 107
