170
676
1 149
1 159
1 169
2 74
2 96
2 132
2 139
2 167
3 13
3 102
3 112
3 128
4 89
4 101
4 107
4 138
4 142
4 149
5 35
5 66
5 111
6 55
6 108
7 14
7 79
7 100
7 134
8 46
8 97
8 140
8 152
9 63
9 99
9 145
10 3
10 73
10 99
10 149
10 152
11 14
11 41
11 68
11 139
12 104
12 108
12 120
12 138
13 155
13 164
14 3
14 30
14 115
14 119
14 125
14 151
15 33
15 51
15 56
15 89
15 98
15 153
16 49
16 66
17 22
17 149
18 31
18 152
19 13
19 37
19 103
19 118
19 141
20 28
20 55
20 123
21 11
21 14
21 30
21 113
21 135
21 146
22 2
22 48
22 52
22 60
22 124
23 28
23 31
23 42
23 82
23 95
23 137
23 168
25 49
25 92
25 99
25 120
25 145
26 14
26 60
26 63
26 68
26 167
27 15
27 24
27 26
27 53
27 65
27 85
27 115
28 15
28 22
28 45
28 71
28 80
28 82
28 90
28 130
28 147
28 155
29 52
29 88
30 15
30 20
30 23
30 44
30 99
31 16
31 38
31 48
31 67
31 77
31 121
31 129
31 165
32 62
32 72
32 115
32 152
33 49
33 133
35 9
35 28
35 53
35 75
35 92
36 87
36 127
37 52
37 142
37 149
37 164
38 116
38 133
38 152
39 36
39 65
39 72
39 74
39 92
39 109
40 24
40 37
40 41
40 73
40 96
40 100
41 34
41 123
41 129
41 148
41 159
41 160
42 90
42 146
42 153
43 10
43 34
43 50
43 70
43 115
43 140
43 168
44 52
44 134
44 161
45 17
45 62
45 75
45 106
45 110
46 24
46 96
46 149
47 15
47 36
47 48
47 66
47 129
47 157
48 72
48 170
49 25
49 80
49 103
49 135
50 20
50 61
50 62
50 85
50 132
51 56
52 46
52 63
52 115
52 117
52 140
52 144
53 160
54 24
54 92
54 136
54 142
54 169
55 27
55 87
55 94
55 97
56 7
56 22
56 63
57 10
57 13
57 63
57 83
57 105
57 127
58 62
58 68
59 3
59 51
59 78
59 80
59 105
59 145
60 2
60 8
60 45
60 150
61 9
61 142
62 47
62 54
62 57
62 143
62 144
62 161
63 8
63 66
63 71
63 78
63 104
63 121
63 131
63 135
63 165
64 1
64 65
64 119
64 140
66 40
66 61
66 142
67 45
67 83
67 108
67 170
68 11
68 99
68 157
68 160
69 53
69 80
69 111
69 132
69 137
69 153
69 154
69 156
70 13
70 38
70 83
70 157
71 65
71 79
71 136
72 46
72 78
72 98
73 32
73 74
73 109
73 130
73 158
73 160
74 33
74 38
74 125
74 147
74 159
74 166
75 14
75 81
75 115
75 143
75 164
76 38
76 39
76 67
76 80
76 102
76 111
76 124
76 140
76 143
76 160
76 170
77 49
77 145
78 11
78 50
78 76
78 87
78 97
78 107
78 124
78 130
78 154
78 168
79 98
79 116
79 119
80 34
80 109
81 13
81 72
81 96
81 163
82 78
82 136
83 23
83 109
83 136
84 137
84 139
84 144
85 47
85 65
85 102
85 145
86 21
86 71
86 165
87 23
87 27
87 32
87 51
87 123
88 74
88 103
88 113
88 119
88 121
88 153
88 166
89 23
89 68
89 137
89 140
89 164
90 13
90 57
91 89
91 154
91 155
92 2
92 55
92 89
92 99
92 105
92 133
92 137
92 151
93 22
94 15
94 68
94 162
95 2
95 61
95 82
95 85
96 16
96 36
97 8
97 99
97 153
98 27
98 30
99 1
99 15
99 62
99 104
99 162
100 40
100 53
100 93
100 113
100 130
101 38
101 42
102 51
102 62
102 75
102 79
102 167
103 18
103 99
103 114
103 118
103 122
104 48
104 107
105 17
105 58
106 71
106 120
106 166
107 122
107 161
108 8
108 19
108 95
109 41
109 74
109 92
109 115
110 64
110 70
110 100
110 103
110 113
111 31
112 1
112 126
112 152
112 154
112 160
113 16
113 19
113 39
113 111
114 9
114 19
114 128
114 157
114 170
116 52
116 55
116 113
116 120
116 131
117 1
117 91
117 133
117 145
117 148
117 160
118 84
118 149
120 67
120 77
120 93
120 108
121 49
121 126
121 151
122 2
122 5
122 80
122 94
122 99
123 12
123 76
123 153
124 21
124 128
124 153
125 11
125 36
125 38
125 56
125 89
125 96
125 132
126 11
126 168
127 9
127 39
127 114
127 126
127 129
127 162
128 18
128 66
128 87
129 7
129 80
129 126
129 158
129 168
130 35
130 42
130 152
130 164
131 39
131 65
131 87
131 166
132 25
132 42
132 105
132 114
132 131
133 90
133 102
134 45
134 70
134 79
134 135
134 169
135 82
136 62
136 123
136 133
136 134
136 149
137 118
137 119
138 45
138 71
138 121
138 122
138 169
139 30
139 92
139 121
139 151
140 109
140 141
140 153
141 68
141 100
141 127
141 155
142 42
142 81
142 110
142 114
142 121
142 154
143 14
143 28
143 34
143 43
143 101
144 13
144 50
144 66
144 84
144 149
144 162
145 9
145 34
145 84
145 107
145 167
146 18
146 19
146 48
146 50
146 86
146 147
147 7
147 32
147 66
148 35
148 163
149 74
149 93
149 112
150 73
150 78
150 161
151 63
151 154
152 54
152 140
153 24
153 31
153 122
153 147
153 161
153 164
154 46
154 53
154 64
154 67
154 70
155 62
155 83
155 114
156 4
156 11
156 55
156 94
156 119
157 58
157 62
157 66
157 108
157 120
158 39
158 42
158 53
158 91
158 93
159 25
159 61
159 143
159 156
160 1
160 10
160 32
160 103
161 15
161 41
161 113
161 117
161 156
161 165
162 27
163 54
163 90
163 125
163 138
164 68
164 170
165 43
165 84
165 159
165 161
166 22
166 97
166 128
167 74
167 148
168 3
168 5
168 27
168 56
168 83
168 124
168 154
169 132
169 155
170 121
