170
1006
1 17
1 33
1 54
1 148
2 44
2 60
2 112
2 139
2 153
3 60
3 95
3 118
3 124
3 149
4 26
4 49
4 53
4 65
4 85
4 113
5 100
5 102
5 133
5 144
5 153
6 34
6 61
6 79
6 82
6 109
7 1
7 17
7 61
7 72
7 92
7 93
7 137
7 156
7 170
8 15
8 23
8 59
8 111
8 124
9 88
9 93
9 98
10 88
10 100
10 146
10 152
11 4
11 8
11 15
11 33
11 47
11 62
11 77
11 102
11 118
11 145
11 157
12 16
12 28
12 46
12 49
12 64
12 66
12 73
12 122
12 125
12 126
12 139
12 149
12 157
13 11
13 30
13 64
13 141
14 50
14 68
14 85
14 110
15 6
15 7
15 22
15 92
15 94
16 24
16 36
16 93
16 94
16 127
16 145
16 151
17 16
17 125
18 13
18 20
18 97
18 102
18 106
19 22
19 82
19 132
19 140
19 154
20 11
20 15
20 28
20 30
20 53
20 65
20 135
20 141
20 145
20 160
20 166
21 4
21 48
21 65
21 91
21 94
22 19
22 41
22 94
22 99
22 129
23 18
23 45
23 102
23 130
23 145
23 148
24 79
24 102
24 133
24 152
24 161
25 7
25 20
25 26
25 36
25 50
25 56
25 87
25 165
25 166
26 52
26 66
26 102
26 111
26 140
27 3
27 43
27 48
27 51
27 114
27 151
27 161
28 18
28 113
28 117
29 6
29 21
29 26
29 30
29 37
29 38
29 39
29 79
29 102
29 142
30 3
30 44
30 53
30 79
30 103
30 132
30 133
31 34
31 47
31 77
31 87
31 103
31 127
31 166
32 26
32 87
32 130
33 59
33 62
33 96
33 151
33 155
34 62
34 65
34 148
34 155
35 32
35 33
35 40
35 57
35 69
35 71
35 154
35 168
36 35
36 58
36 103
36 134
36 141
36 143
36 149
37 76
37 99
37 118
37 141
37 162
38 10
39 71
39 76
40 14
40 17
40 109
40 134
40 161
41 12
41 86
41 110
41 114
41 130
41 159
42 6
42 57
42 61
42 70
42 88
42 113
42 165
43 17
43 61
43 65
43 72
43 96
43 114
44 8
44 82
44 109
44 116
45 49
45 53
45 71
45 91
45 101
45 111
46 13
46 21
46 81
46 113
46 152
47 8
47 72
47 82
47 84
47 151
47 159
48 42
48 73
48 84
48 130
48 148
49 6
49 83
49 155
50 74
50 154
51 11
51 110
51 167
51 170
52 14
52 25
52 46
52 63
52 78
52 81
52 87
52 101
52 113
53 48
53 52
53 70
53 134
54 39
54 111
54 147
55 7
55 24
55 30
55 33
55 98
55 111
56 15
56 44
56 62
56 109
56 126
56 136
57 8
57 22
57 24
57 117
57 125
57 129
57 146
58 27
58 28
58 31
58 44
58 69
58 95
58 151
59 1
59 9
59 45
59 70
59 77
59 141
59 143
60 40
60 75
60 76
60 87
60 98
60 116
60 138
61 3
61 12
61 16
61 62
61 118
62 3
62 41
62 64
62 74
62 81
62 134
62 141
62 142
62 158
63 42
63 46
63 56
63 131
63 161
63 170
64 57
64 118
64 135
64 137
65 22
65 77
65 110
65 124
65 136
65 146
66 33
66 97
66 104
66 108
66 112
66 116
66 129
66 153
67 15
68 21
68 84
68 108
68 128
68 157
69 55
69 84
69 143
69 152
70 59
70 79
70 88
70 154
71 26
71 64
71 102
71 118
71 158
71 170
72 4
72 22
72 58
72 91
72 117
72 119
72 139
73 7
73 13
73 17
73 28
73 61
73 64
73 67
73 87
73 96
73 102
73 126
73 133
73 139
74 15
74 53
74 66
74 125
74 138
75 2
75 19
75 69
75 81
75 122
75 123
75 156
75 165
76 127
76 165
76 167
77 46
77 91
77 116
77 127
77 149
77 159
77 162
78 6
78 59
78 81
78 95
78 99
79 46
79 72
79 105
79 143
80 16
80 82
80 95
80 146
81 13
81 74
81 98
81 107
81 134
82 14
82 33
82 37
82 45
82 70
82 106
82 123
83 28
83 120
83 137
83 142
83 144
84 23
84 91
84 94
84 97
84 113
84 136
85 26
85 76
85 84
85 104
85 110
85 148
85 169
86 7
86 31
86 32
86 76
86 133
87 47
87 54
87 68
87 79
87 113
87 145
87 162
88 51
88 55
88 74
88 83
89 5
89 30
89 56
89 80
89 112
89 124
89 148
89 153
89 154
90 1
90 26
90 43
90 70
90 91
90 102
90 130
90 156
91 2
91 3
91 4
91 32
91 34
91 58
91 97
91 99
91 103
91 127
91 130
91 131
92 18
92 34
92 37
92 61
92 99
92 104
92 113
92 146
92 150
93 22
93 50
93 108
93 120
93 136
93 163
94 10
94 37
94 54
94 74
94 102
95 3
95 74
95 78
95 114
95 158
96 56
96 60
96 66
96 101
96 126
96 128
96 137
96 165
97 2
97 3
97 6
97 24
97 32
97 91
97 93
97 105
97 152
97 158
97 166
97 168
98 11
98 27
98 55
98 61
98 135
99 17
99 27
99 40
99 43
99 91
99 116
99 162
100 48
100 50
100 77
100 114
100 135
100 164
101 2
101 21
101 71
101 88
101 112
101 158
101 163
102 24
102 37
102 92
102 115
102 116
102 150
102 153
103 85
104 26
104 62
104 79
104 86
104 89
104 124
104 151
105 1
105 4
105 93
105 98
105 148
106 70
106 74
106 87
106 105
106 154
107 39
107 58
107 59
107 91
107 102
107 132
108 14
108 23
108 28
108 29
108 34
108 50
108 60
108 71
108 137
108 141
109 45
109 102
109 121
109 131
109 142
110 15
110 18
110 111
110 115
110 156
110 161
110 164
111 8
111 16
112 53
112 66
112 126
112 168
113 59
113 89
113 92
113 128
114 2
114 6
114 12
114 40
114 60
114 105
114 121
114 143
114 146
115 67
115 75
115 132
115 145
115 156
115 157
115 166
116 16
116 50
116 114
116 130
116 146
116 169
117 9
117 47
117 86
117 99
117 123
117 124
117 137
117 140
117 148
118 15
118 37
118 101
118 113
118 124
118 153
119 72
119 76
119 87
119 157
120 1
121 26
121 36
121 47
121 59
121 65
121 75
121 128
121 143
122 10
122 17
122 62
122 94
122 123
122 145
123 8
123 13
123 26
123 57
123 75
123 92
123 100
123 120
124 16
124 46
124 88
124 111
124 136
124 146
124 162
125 23
125 36
125 38
125 68
125 112
125 127
125 154
125 160
125 168
126 24
126 43
126 71
126 131
126 136
127 52
127 55
127 65
127 91
127 98
127 117
127 142
128 26
128 40
128 63
128 97
128 111
128 112
128 125
128 127
129 27
129 70
129 73
129 101
129 104
129 168
129 169
130 2
130 120
131 107
131 109
131 136
132 61
132 75
132 78
132 82
132 95
132 110
132 140
132 152
133 3
133 23
133 47
133 63
133 80
133 85
133 93
133 99
133 113
133 126
134 54
134 80
134 102
134 108
134 143
134 148
135 25
135 34
135 42
135 46
135 52
135 72
135 117
135 145
135 162
136 17
136 18
136 25
136 117
136 124
136 159
137 19
137 37
137 63
137 108
137 167
137 169
138 34
138 38
138 56
138 86
138 126
138 131
139 66
139 91
139 170
140 28
140 33
140 47
141 86
141 109
141 152
142 19
142 39
142 40
142 74
142 106
142 122
142 158
142 165
143 11
143 32
143 60
143 72
143 166
144 20
144 123
144 167
144 169
145 17
145 36
145 74
145 89
145 118
145 143
145 158
145 166
146 3
146 18
146 66
146 94
146 104
146 116
146 124
146 133
146 140
146 162
147 6
147 17
147 82
147 86
147 123
147 155
148 22
148 56
148 78
148 88
148 93
148 139
148 168
149 63
149 73
149 95
149 103
150 14
150 68
150 105
150 106
150 123
151 14
151 31
151 93
151 131
151 145
151 157
151 160
152 73
152 87
152 92
152 153
153 30
153 51
153 111
153 134
153 139
153 144
153 148
153 159
154 22
154 25
154 78
154 99
154 103
154 121
154 150
155 71
155 78
155 85
155 95
155 102
155 118
155 136
155 143
155 158
155 160
156 16
156 51
156 73
156 98
156 155
156 164
157 5
157 122
158 21
158 45
158 94
158 97
158 124
158 144
158 166
159 7
159 53
159 57
159 71
159 140
159 157
160 18
160 29
160 57
160 85
160 103
160 140
160 154
161 17
161 25
161 96
161 110
161 153
161 154
162 21
162 40
162 51
162 77
162 103
162 129
163 10
163 27
163 38
163 69
163 114
163 121
163 130
163 131
163 160
164 7
164 66
164 80
164 83
164 85
164 136
164 142
164 160
165 31
165 65
165 148
166 150
167 74
167 80
167 100
167 142
167 158
167 170
168 7
168 60
168 68
168 82
168 123
168 147
168 170
169 78
169 99
169 127
169 148
170 7
170 34
170 87
170 157
