170
1493
1 67
1 109
1 112
1 122
1 168
2 11
2 39
2 63
2 90
2 107
2 121
2 142
2 167
3 10
3 25
3 72
3 83
3 87
3 156
3 164
4 23
4 51
4 79
4 90
4 99
4 100
4 105
4 109
4 127
5 6
5 27
5 97
5 122
5 128
5 150
5 160
5 165
5 166
5 169
6 3
6 34
6 40
6 44
6 63
6 87
6 88
6 95
6 151
6 155
7 119
7 120
7 121
8 20
8 32
8 67
8 78
8 115
8 151
8 163
8 169
9 30
9 41
9 42
9 68
9 73
9 74
9 86
9 122
9 165
10 36
10 52
10 82
10 90
10 95
10 109
10 156
11 4
11 22
11 24
11 30
11 38
11 49
11 79
11 91
11 97
11 98
11 112
11 122
11 148
11 163
11 167
12 11
12 25
12 30
12 35
12 91
12 102
12 105
12 141
12 160
13 11
13 23
13 25
13 80
13 90
13 105
13 130
13 135
13 151
13 161
14 3
14 16
14 19
14 39
14 78
14 83
14 87
14 91
14 98
14 146
14 150
14 152
15 27
15 57
15 89
15 125
15 139
15 166
16 10
16 13
16 26
16 42
16 91
16 94
16 112
16 125
16 132
16 137
16 161
17 6
17 41
17 77
17 78
17 81
17 97
17 122
17 125
17 145
18 5
18 9
18 29
18 30
18 39
18 50
18 75
18 95
18 97
18 103
18 149
19 15
19 21
19 30
19 69
19 77
19 116
19 118
19 153
20 1
20 28
20 44
20 68
20 93
20 112
20 160
20 164
21 10
21 14
21 17
21 80
21 87
21 105
21 136
21 153
21 154
21 166
21 170
22 52
22 53
22 62
22 103
22 153
22 160
23 16
23 29
23 57
23 69
23 124
24 5
24 8
24 19
24 20
24 67
24 74
24 82
24 103
24 124
24 129
24 140
24 159
25 21
25 38
25 57
25 75
25 85
25 88
25 92
25 94
25 99
25 102
26 9
26 47
26 68
26 85
26 125
26 146
26 147
26 150
26 154
26 155
26 163
27 9
27 91
27 126
27 127
27 136
27 142
28 7
28 31
28 74
28 109
28 112
28 115
28 130
28 136
28 144
28 152
28 158
28 168
29 26
29 39
29 83
29 131
29 134
29 142
29 145
29 147
29 163
29 165
29 166
30 1
30 21
30 93
30 103
30 114
30 133
31 6
31 7
31 39
31 62
32 33
32 42
32 51
32 67
32 90
32 106
32 111
32 112
32 143
32 160
33 13
33 44
33 45
33 61
33 83
33 94
33 96
33 119
33 143
33 150
33 159
34 3
34 29
34 38
34 40
34 67
34 144
34 146
34 154
35 17
35 33
35 70
35 103
35 140
36 2
36 16
36 23
36 96
36 121
36 136
36 146
37 33
37 36
37 63
37 96
37 103
37 125
37 147
38 14
38 22
38 48
38 56
38 79
38 103
38 119
38 147
38 165
38 170
39 22
39 43
39 48
39 73
39 109
39 154
39 166
40 7
40 14
40 15
40 27
40 35
40 38
40 39
40 49
40 63
40 97
40 148
41 8
41 42
41 48
41 52
41 62
41 68
41 109
41 129
41 137
41 141
41 142
42 48
42 57
42 82
42 90
42 97
42 111
42 130
43 17
43 85
43 120
43 135
43 144
43 150
43 156
44 3
44 12
44 31
44 32
44 69
44 112
44 113
45 3
45 17
45 20
45 62
45 71
45 114
45 125
45 129
45 161
46 27
46 44
46 79
46 83
46 111
46 125
46 158
46 161
47 16
47 65
47 81
47 116
47 165
48 3
48 13
48 28
48 29
48 32
48 38
48 59
48 72
48 85
48 120
48 164
48 169
49 2
49 35
49 87
49 113
49 122
49 170
50 1
50 7
50 10
50 45
50 47
50 55
50 66
50 69
50 70
50 82
50 86
50 106
50 117
50 162
50 165
51 23
51 38
51 59
51 64
51 92
51 115
51 124
52 6
52 73
52 92
52 93
52 110
52 136
52 146
52 165
52 168
53 23
53 24
53 26
53 79
53 103
53 131
53 142
53 144
53 167
54 3
54 4
54 8
54 30
54 36
54 50
54 61
54 83
54 92
54 99
54 104
54 105
54 115
54 131
54 147
54 157
54 162
55 119
55 148
55 149
56 40
56 64
56 94
57 31
57 37
57 55
57 68
57 95
57 105
57 117
57 137
57 138
57 143
57 144
58 80
58 93
58 104
58 112
58 125
58 157
59 31
59 53
59 89
59 130
60 3
60 5
60 37
60 65
60 87
60 109
60 110
60 129
60 130
60 133
60 156
61 49
61 62
61 69
61 70
61 72
61 78
61 84
61 88
61 102
61 105
61 115
61 136
61 140
62 26
62 37
62 63
62 77
62 92
62 119
62 120
62 127
62 130
63 44
63 61
63 70
63 92
63 112
63 124
63 132
63 135
63 137
64 3
64 5
64 11
64 15
64 18
64 27
64 33
64 65
64 67
64 97
64 101
64 123
64 139
65 9
65 151
65 156
66 9
66 12
66 34
66 54
66 58
66 61
66 84
66 105
66 106
66 140
66 145
66 146
66 148
66 149
67 6
67 29
67 34
67 39
67 53
67 66
67 77
67 100
67 106
67 141
67 145
68 8
68 32
68 46
68 48
68 53
68 108
69 14
69 28
69 48
69 70
69 81
69 85
69 104
69 129
69 147
69 156
69 157
69 160
70 3
70 53
70 55
70 65
70 81
70 82
70 157
70 168
71 6
71 22
71 57
71 62
71 88
71 91
71 105
71 128
71 141
71 152
71 155
72 6
72 16
72 48
72 49
72 55
72 112
72 149
72 156
73 1
73 78
73 111
73 153
73 155
73 166
74 2
74 23
74 35
74 43
74 100
74 134
74 143
74 145
74 149
75 21
75 22
75 30
75 31
75 36
75 79
75 96
75 120
76 33
76 37
76 54
76 68
76 104
76 146
77 11
77 30
77 40
77 44
77 53
77 89
77 90
77 92
77 106
77 107
77 120
77 132
77 151
78 43
78 120
78 129
78 138
78 154
79 6
79 9
79 96
79 100
79 117
80 30
80 93
80 121
80 146
80 170
81 35
81 60
81 67
81 73
81 80
81 90
81 99
81 153
81 159
81 170
82 47
82 60
82 74
82 96
82 105
82 141
83 47
83 67
83 140
83 144
83 161
84 23
84 30
84 38
84 81
84 86
84 99
84 114
84 117
84 118
84 157
84 168
85 6
85 10
85 37
85 53
85 111
85 156
85 160
85 162
85 164
86 16
86 52
86 53
86 62
86 76
86 89
86 151
87 1
87 9
87 42
87 59
87 73
87 98
87 107
87 123
87 129
87 142
87 154
87 159
87 160
88 11
88 21
88 27
88 40
88 84
88 95
88 111
88 113
88 122
88 132
88 169
89 5
89 17
89 20
89 102
89 107
89 124
89 137
90 18
90 20
90 28
90 33
90 41
90 47
90 63
90 117
90 118
90 144
91 27
91 34
91 37
91 46
91 80
91 118
91 119
91 122
91 127
91 132
91 164
92 10
92 20
92 23
92 34
92 45
92 50
92 57
92 68
92 126
92 147
93 26
93 60
93 69
93 84
93 96
93 98
93 104
93 118
93 157
94 7
94 25
94 80
94 97
94 118
94 125
94 138
94 140
94 143
94 149
95 1
95 12
95 22
95 28
95 82
95 85
95 99
95 102
95 109
95 114
95 136
95 138
95 148
95 151
95 158
96 33
96 38
96 52
96 74
96 110
96 113
96 122
96 129
96 130
96 138
96 169
97 47
97 50
97 60
97 78
97 86
97 118
97 119
97 156
98 25
98 54
98 62
98 71
98 92
98 95
98 106
98 107
98 111
98 132
98 154
99 2
99 3
99 13
99 54
99 80
99 98
100 20
100 90
100 94
100 107
100 108
100 130
101 35
101 42
101 55
101 58
101 97
101 115
101 116
101 136
101 150
102 25
102 27
102 34
102 69
102 100
102 101
102 104
102 112
102 117
102 153
102 169
103 3
103 12
103 18
103 65
103 85
103 87
103 116
103 117
103 123
103 160
103 165
104 49
104 67
104 70
104 120
104 125
104 136
104 156
105 79
105 80
105 86
106 40
106 66
106 73
106 76
106 83
106 96
106 103
106 124
106 135
106 137
106 150
106 162
106 167
107 18
107 41
107 61
107 67
107 86
107 103
107 136
107 144
107 157
107 160
107 163
107 164
107 168
108 33
108 68
108 76
108 92
108 121
108 146
108 150
108 154
108 162
108 167
109 42
109 103
109 124
109 164
109 168
110 8
110 20
110 51
111 2
111 9
111 14
111 21
111 22
111 47
111 71
111 92
111 107
111 137
111 152
112 53
112 63
112 64
112 65
112 75
112 123
112 125
112 128
112 147
113 21
113 44
113 75
113 81
113 104
113 108
113 134
113 139
113 162
114 12
114 29
114 151
115 11
115 31
115 63
115 77
115 89
115 138
115 143
115 166
116 6
116 65
116 82
116 91
116 98
116 120
116 134
116 152
116 161
116 166
116 169
117 34
117 71
117 85
117 129
117 157
117 164
118 6
118 28
118 42
118 48
118 100
118 103
118 116
118 120
118 138
118 168
119 24
119 48
119 65
119 68
119 104
119 114
119 122
119 151
120 17
120 38
120 51
120 79
120 89
120 96
120 126
120 137
120 149
121 57
121 60
121 67
121 74
121 77
121 115
121 120
121 135
121 150
121 160
122 36
122 53
122 93
122 123
122 131
122 140
122 147
123 26
123 88
123 91
123 127
123 154
123 164
123 170
124 23
124 47
124 77
124 92
124 115
124 151
124 167
125 16
125 46
125 80
125 106
125 115
125 121
125 137
125 157
126 4
126 7
126 9
126 16
126 39
126 46
126 48
126 88
126 92
126 143
126 151
126 160
127 5
127 10
127 11
127 26
127 31
127 34
127 101
127 103
127 112
127 117
127 120
127 121
127 122
127 129
127 137
127 140
128 14
128 23
128 51
128 63
128 107
128 130
128 145
129 8
129 15
129 24
129 41
129 69
129 84
129 96
129 100
129 102
129 115
129 116
129 117
129 119
129 123
129 126
129 138
129 141
129 145
129 158
130 3
130 94
130 96
130 137
130 156
130 167
131 29
131 52
131 58
131 77
131 106
131 123
131 139
132 1
132 7
132 23
132 25
132 55
132 65
132 76
132 93
132 115
132 116
132 125
132 145
132 149
132 155
133 17
133 28
133 86
133 108
133 145
133 169
134 12
134 15
134 18
134 31
134 52
134 56
134 110
134 117
134 133
134 163
134 167
135 11
135 19
135 45
135 49
135 87
135 95
135 104
135 167
136 4
136 78
136 81
136 91
136 96
136 102
136 108
136 127
136 162
137 3
137 23
137 27
137 29
137 79
137 82
137 89
137 93
137 118
137 121
137 134
137 154
138 4
138 11
138 32
138 35
138 40
138 120
139 38
139 78
139 84
139 89
139 110
139 121
139 130
139 148
140 15
140 48
140 53
140 62
140 78
140 95
140 106
140 136
140 146
140 170
141 15
141 30
141 39
141 72
141 138
141 161
142 34
142 53
142 66
142 69
142 132
142 140
143 27
143 63
143 73
143 85
143 117
143 119
143 128
143 138
143 156
144 13
144 75
144 85
144 141
144 157
145 1
145 3
145 45
145 68
145 88
145 94
145 97
145 115
145 116
145 120
145 122
145 143
145 154
145 156
145 161
146 11
146 14
146 22
146 23
146 25
146 58
146 73
146 108
146 140
146 168
147 8
147 47
147 56
147 62
147 82
147 119
147 149
147 164
148 12
148 30
148 79
148 108
148 140
148 142
148 164
149 3
149 4
149 38
149 44
149 130
149 135
149 153
149 154
149 159
149 169
150 10
150 26
150 42
150 96
150 102
150 118
150 141
151 1
151 4
151 20
151 22
151 53
151 68
151 75
151 96
151 119
151 129
151 144
152 25
152 28
152 30
152 66
152 68
152 122
152 123
152 128
152 151
152 160
153 16
153 56
153 77
153 80
153 120
153 125
154 13
154 36
154 47
154 61
154 93
154 102
154 108
154 143
155 9
155 31
155 43
155 65
155 87
155 104
155 113
155 115
155 125
156 16
156 17
156 34
156 41
156 42
156 43
156 48
156 60
156 72
156 82
157 13
157 38
157 44
157 45
157 64
157 130
157 156
158 7
158 28
158 76
158 77
158 110
158 125
158 135
158 147
158 167
159 15
159 17
159 32
159 62
159 100
159 107
159 119
159 121
159 122
159 133
159 155
159 162
160 21
160 23
160 54
160 70
160 83
160 114
160 117
160 120
160 127
160 134
160 135
160 158
161 37
161 65
161 93
161 114
161 127
161 130
161 140
161 148
161 160
162 38
162 46
162 52
162 103
162 109
163 17
163 26
163 46
163 58
163 86
163 130
163 139
163 150
163 164
164 21
164 23
164 50
164 51
164 63
164 75
164 111
164 121
164 126
164 145
165 71
165 80
165 98
165 122
165 133
165 135
165 147
165 152
165 162
165 166
166 2
166 58
166 65
166 66
166 67
166 108
166 153
166 168
167 61
167 65
167 71
167 83
167 92
167 133
167 137
167 154
168 6
168 13
168 46
168 49
168 66
168 71
168 84
168 92
168 110
168 145
168 169
169 8
169 25
169 44
169 46
169 57
169 82
169 88
170 1
170 6
170 9
170 16
170 64
170 67
170 128
170 164
