1750
3496
1 274
1 1191
2 722
2 1322
3 1287
4 524
4 983
4 1532
5 62
5 85
5 267
5 549
5 1556
6 837
7 519
7 734
7 1407
7 1571
9 199
9 584
9 716
9 1432
12 1082
13 121
14 1065
15 47
15 593
15 643
15 1526
16 787
16 1019
16 1261
17 814
17 962
17 1583
18 581
19 898
20 8
20 452
20 999
20 1402
20 1448
21 1671
24 1289
24 1419
26 176
27 1618
28 114
28 668
28 1746
29 1722
30 1729
32 460
32 1049
32 1183
33 107
33 214
33 865
33 1507
34 1057
34 1320
34 1511
35 41
35 952
36 1590
37 464
38 598
38 1284
39 1364
39 1651
40 1137
41 453
41 672
42 608
42 1652
44 609
44 1029
45 251
45 437
45 1075
46 61
48 629
48 817
48 1534
48 1684
49 120
49 1292
49 1730
51 804
51 854
52 326
52 985
52 1405
52 1466
53 1400
53 1491
54 285
54 860
54 1103
55 1079
55 1318
56 223
56 970
57 313
57 1085
57 1528
57 1620
58 529
59 793
59 857
59 1612
60 1110
60 1241
61 299
61 1516
62 127
63 30
64 1169
64 1590
65 114
65 551
65 647
66 366
66 1368
68 747
69 235
69 798
69 842
70 984
70 1667
71 553
71 1170
72 1535
73 77
73 924
75 268
76 255
76 277
76 921
77 474
77 505
77 1063
78 550
78 945
78 1129
79 149
79 232
79 889
81 987
82 24
82 230
82 1023
82 1320
82 1747
83 1487
84 68
84 224
84 810
84 1079
84 1290
85 1153
86 1140
86 1214
86 1711
87 19
87 482
87 1350
88 1266
88 1734
89 376
89 1137
90 1285
90 1706
92 406
92 729
93 6
95 149
95 448
95 896
96 237
96 971
96 1141
96 1470
97 162
97 1291
98 172
98 599
101 433
101 463
101 1323
105 1096
106 260
107 423
108 366
108 449
108 1390
108 1526
108 1568
109 114
110 1275
111 1625
112 185
114 1644
115 525
116 1257
116 1418
117 543
118 171
118 259
118 309
118 829
118 1710
119 100
119 1491
119 1544
119 1567
120 540
120 780
120 984
120 1673
121 1488
122 333
122 1544
123 408
123 790
124 75
124 479
124 723
124 1394
125 258
125 472
125 712
125 1211
125 1334
126 583
126 884
127 339
128 263
128 520
128 754
128 1238
129 8
129 1183
129 1353
130 361
130 753
130 888
131 1065
131 1696
132 1036
133 584
133 949
134 1197
134 1259
135 796
136 904
136 1228
136 1477
137 598
137 1575
138 1072
139 1006
139 1553
140 74
140 605
140 759
140 888
140 1215
141 967
142 107
142 626
142 790
142 1012
142 1180
142 1552
144 63
146 639
146 933
147 720
148 1743
149 521
149 1274
149 1278
149 1403
152 1429
153 669
153 1412
154 671
154 1228
155 388
155 1016
155 1227
155 1485
158 692
159 933
159 1288
159 1539
160 339
160 570
161 270
162 21
162 52
162 376
162 419
162 1480
163 1174
164 624
164 1241
165 248
165 597
165 1537
166 16
167 1135
168 133
169 768
169 1393
169 1593
172 1296
172 1480
173 1286
174 11
174 1272
175 872
176 856
176 1700
177 113
178 440
179 1274
179 1601
180 499
181 108
181 1744
182 156
182 618
182 1470
182 1731
183 677
183 1121
184 675
186 1464
187 164
187 548
187 823
191 29
191 136
191 733
191 1268
192 621
192 719
192 1058
192 1169
193 197
193 778
193 1433
193 1471
193 1614
193 1676
194 488
194 769
194 1745
195 317
195 417
195 533
196 114
196 1156
197 182
198 301
198 594
198 1339
199 112
201 13
201 102
202 258
202 495
203 70
203 1033
204 301
204 989
204 1049
205 130
205 190
206 494
207 1616
208 798
209 730
209 1462
210 353
210 1549
212 663
212 1266
213 574
214 656
214 683
214 716
214 1212
214 1397
215 30
215 1228
216 919
216 1004
217 422
217 1291
218 1653
221 780
222 1262
222 1396
223 211
224 903
224 1338
225 197
225 700
226 1044
226 1196
227 544
227 1624
228 71
228 188
228 1072
229 62
229 1714
229 1725
230 98
230 1321
231 106
231 439
231 1036
231 1291
232 1003
232 1533
233 1362
233 1534
234 588
234 872
234 1013
235 1436
236 411
236 946
236 1377
237 939
237 1744
238 1083
238 1428
238 1683
239 52
239 1199
239 1229
241 624
241 1511
242 563
243 365
243 525
243 590
243 614
243 1145
244 110
244 1150
244 1597
245 259
245 1417
245 1597
246 1264
247 1019
247 1377
247 1700
248 212
248 481
248 892
249 837
249 1029
250 120
250 1459
251 459
252 107
253 97
253 283
254 698
255 782
255 784
255 1190
256 809
257 10
257 1030
257 1235
257 1578
258 286
259 64
259 93
259 313
259 835
260 470
261 270
261 1155
263 1028
264 730
265 53
265 334
265 350
265 1144
266 770
266 844
266 1645
267 251
267 1532
268 269
268 537
268 905
268 990
268 998
269 1282
269 1696
270 1220
270 1603
271 744
271 1222
272 847
273 419
273 896
273 1240
275 97
275 776
276 393
276 1525
278 22
278 418
278 1210
279 234
279 1032
279 1072
280 1395
280 1713
281 845
281 1002
281 1593
282 79
283 470
283 1697
284 865
284 1505
285 237
286 369
286 870
286 985
286 1475
287 41
287 768
287 1142
287 1631
288 808
288 1242
289 497
289 1110
289 1336
290 721
290 1453
291 29
291 175
291 995
292 967
292 1086
293 1153
294 225
294 1148
294 1497
294 1514
295 1073
296 1204
296 1721
297 514
297 787
297 942
297 1146
299 352
299 628
299 1256
299 1322
300 349
301 461
301 650
301 1697
302 100
302 395
302 1427
303 773
304 353
304 570
305 271
305 649
305 1197
305 1721
306 495
306 909
306 1038
306 1326
307 409
307 829
308 136
308 911
309 167
309 764
310 12
310 1384
311 121
311 1182
312 112
313 1283
316 1210
317 396
317 425
317 465
317 1158
317 1223
317 1335
318 1228
318 1231
318 1282
318 1420
319 409
319 619
320 1072
322 483
322 586
322 1276
322 1467
323 1659
324 880
324 1610
325 129
325 311
325 428
325 447
326 296
326 901
326 1716
328 492
328 847
328 1086
329 522
330 184
330 365
330 773
331 28
331 801
332 1097
333 856
333 1095
335 574
336 772
336 893
337 868
338 1188
338 1455
339 176
339 318
339 1032
339 1614
339 1638
340 99
340 572
341 866
342 1031
342 1220
343 19
343 876
344 1050
345 563
346 474
346 803
346 1012
346 1131
347 1065
347 1074
348 1061
348 1677
349 592
350 221
350 587
350 1554
351 276
351 639
351 1138
351 1286
351 1748
352 517
352 664
353 29
353 191
354 701
354 1405
355 883
355 923
356 182
356 507
356 587
356 765
357 114
357 318
357 580
357 1211
358 322
358 1426
359 839
359 1163
359 1192
360 212
360 1065
360 1072
360 1543
360 1743
361 867
362 1298
364 1397
365 570
365 1587
367 1156
368 1053
369 607
369 758
369 1157
370 362
372 164
372 604
372 808
372 1261
373 151
373 755
373 1502
374 499
374 1233
375 1188
376 140
376 149
376 809
376 1032
376 1313
376 1361
376 1575
377 1181
377 1214
378 1001
379 98
379 1600
380 1109
381 643
381 659
381 1339
382 668
382 1357
382 1635
384 97
384 1163
384 1215
385 811
385 1280
385 1311
386 979
386 1248
386 1462
386 1646
387 1171
387 1302
387 1395
388 123
388 1247
389 410
389 607
389 1343
389 1703
390 996
391 471
391 971
391 1082
393 656
393 1344
394 697
394 799
395 1367
396 458
396 908
396 1557
396 1691
397 1029
397 1456
397 1715
398 707
399 227
401 584
401 786
402 110
404 762
404 1058
404 1711
405 395
405 1145
406 119
406 795
406 935
407 1070
408 582
408 1016
408 1576
408 1584
409 1169
409 1416
410 171
410 261
410 1716
412 856
413 351
413 740
413 1180
413 1199
414 110
414 1009
414 1049
414 1615
415 858
416 191
416 1324
417 1659
419 799
419 960
420 880
420 1424
420 1552
420 1564
421 885
422 489
422 559
423 8
424 53
424 282
424 997
425 488
425 1280
426 920
426 1674
427 399
427 644
427 792
428 28
428 183
428 1134
429 112
429 231
429 832
429 1605
430 272
430 846
430 874
430 1031
431 336
431 1360
432 304
434 1140
434 1397
435 228
435 1182
435 1705
436 67
436 807
437 157
437 1199
437 1547
438 1056
438 1489
439 367
440 137
440 774
440 1594
441 68
441 608
441 1307
442 441
442 902
443 645
443 1473
445 899
446 366
446 849
446 1049
447 532
447 1492
448 188
448 709
448 1020
448 1325
448 1485
449 229
450 188
451 768
451 962
451 1256
452 767
453 1281
453 1393
453 1462
455 792
455 1146
455 1657
456 150
456 320
456 794
457 528
457 783
457 1620
458 856
458 1119
458 1470
458 1716
459 585
460 1228
460 1494
461 323
461 1157
461 1407
462 1067
462 1328
464 25
464 106
464 1498
465 25
465 837
465 1540
467 828
468 776
469 162
470 483
470 1188
470 1225
471 663
471 772
473 1029
475 348
475 782
476 299
476 1550
477 995
478 216
478 277
478 532
478 1024
479 175
479 367
479 1473
480 449
480 632
480 1127
480 1668
481 601
481 1706
482 511
482 1165
483 15
484 143
484 175
484 580
484 896
484 1054
484 1332
485 291
485 653
485 994
486 891
487 620
488 638
488 982
490 1168
490 1355
491 106
491 1084
492 995
492 1365
493 69
493 320
494 1484
494 1669
496 300
496 1208
497 729
497 737
497 1199
498 131
498 569
498 1020
498 1135
499 409
499 1645
499 1720
500 236
500 627
500 908
500 1497
501 997
501 1170
501 1693
503 704
503 1470
504 1066
505 605
505 1483
505 1664
506 1578
508 1590
510 105
510 535
510 1639
511 396
511 1355
512 1379
513 449
513 841
515 1309
515 1629
516 957
517 527
517 919
518 834
519 1379
520 601
520 1188
520 1489
521 618
521 817
522 240
523 607
523 723
523 1567
523 1697
524 1398
525 839
526 466
526 1432
527 417
527 593
527 1103
528 38
528 512
528 1683
529 280
529 444
530 682
530 772
530 782
530 1192
530 1223
532 428
534 268
534 416
534 1189
535 34
535 898
535 1151
536 593
536 665
536 1743
537 889
538 1216
538 1601
540 895
540 1474
541 1219
541 1692
542 515
542 888
543 51
543 97
543 1145
543 1490
544 976
545 336
545 517
545 1347
546 962
547 785
548 963
548 1167
548 1494
549 423
550 116
550 1200
551 396
551 1059
551 1210
553 331
553 396
553 527
553 575
553 709
553 1631
553 1633
554 338
554 415
554 761
555 903
556 1517
556 1727
557 719
557 1358
557 1381
557 1480
558 1022
558 1333
558 1468
558 1487
561 409
561 941
561 1305
563 729
564 322
564 806
564 1056
565 24
566 582
567 621
568 537
568 589
568 1387
569 674
569 1209
569 1738
570 1254
570 1446
571 407
571 830
572 513
572 874
572 1596
573 1149
574 731
574 1185
575 789
575 1212
576 102
576 378
576 483
576 1367
577 779
577 842
577 1648
578 1
578 505
578 693
578 1696
579 56
579 521
580 89
580 1209
580 1211
580 1653
581 779
582 11
582 843
583 1247
584 331
584 1590
584 1653
585 1369
586 452
586 924
586 1625
587 1483
588 57
588 337
588 401
588 508
588 743
588 1112
588 1562
589 87
589 157
590 484
590 824
590 1122
592 447
592 667
592 909
593 136
593 292
593 991
593 1448
594 363
594 780
594 1614
595 172
595 694
596 949
596 1053
597 1262
598 1023
598 1352
598 1399
598 1592
599 940
601 91
601 230
601 1550
602 120
602 1678
603 41
603 792
603 1222
603 1240
604 407
604 552
604 1131
606 74
606 1051
607 887
607 1002
607 1747
608 1459
611 1339
612 230
612 1161
612 1399
612 1565
613 393
613 699
613 1150
615 620
615 884
615 1245
615 1289
615 1308
615 1482
617 383
617 697
618 826
618 947
618 1197
618 1609
619 249
619 488
620 231
620 752
620 893
621 1
621 722
621 1041
622 760
623 228
623 328
624 1029
624 1112
625 56
625 292
625 815
625 959
626 1025
626 1634
627 1529
628 354
628 1625
629 154
629 294
630 368
630 857
630 1537
631 36
631 1214
632 950
632 1011
632 1181
633 981
634 1293
635 575
635 1288
636 571
636 1672
637 151
637 727
637 1250
638 132
639 468
640 10
641 274
641 417
641 639
641 967
641 1012
641 1415
642 231
642 992
644 1150
645 421
645 744
645 1327
645 1623
645 1737
646 271
646 477
646 1216
646 1260
647 124
647 632
647 634
647 1305
647 1726
648 486
648 1423
649 261
649 1715
650 406
650 764
650 1064
651 68
651 519
653 965
653 1058
653 1398
654 281
654 615
654 838
654 1000
654 1194
654 1298
655 1097
655 1371
656 573
656 718
656 1023
656 1024
657 486
657 830
659 1301
659 1419
660 890
661 261
661 1581
662 120
662 1306
662 1503
663 141
663 1159
664 1310
665 32
665 729
665 794
665 823
665 1179
666 597
667 45
667 1229
670 566
671 460
671 705
671 922
671 1033
671 1270
674 100
674 356
674 646
674 889
675 590
675 1037
675 1566
676 1090
677 144
677 1160
678 835
678 941
678 1090
679 84
681 915
681 1633
681 1713
682 1010
682 1043
682 1467
683 495
683 732
684 818
685 44
685 220
685 1109
685 1416
685 1498
687 1069
687 1251
687 1634
689 95
689 456
689 680
689 1302
690 898
690 1164
691 500
691 1096
692 768
692 1343
694 362
694 735
694 1712
695 443
695 926
695 1335
696 747
696 1636
697 225
698 935
699 608
700 1085
700 1241
701 931
701 995
701 1101
701 1318
702 1020
702 1096
703 154
703 845
703 1291
703 1545
704 1083
704 1641
704 1730
705 149
706 970
708 1134
709 103
709 431
709 910
710 10
710 284
711 634
711 765
712 788
712 944
712 1551
712 1553
713 452
713 1164
713 1521
714 413
714 1453
714 1625
715 269
715 426
715 1646
716 733
716 1603
717 267
718 356
718 758
718 1559
719 106
719 734
719 1043
719 1372
720 326
720 1439
721 733
724 94
725 318
725 1365
725 1564
726 312
726 967
727 231
727 238
727 310
728 1128
729 68
729 1318
729 1537
729 1632
730 302
730 314
730 686
730 757
731 76
731 267
731 1651
731 1682
732 1568
733 1108
734 1395
734 1544
734 1550
735 118
735 637
735 799
736 853
736 977
736 1206
737 341
737 379
737 1279
739 1088
740 19
741 208
741 932
741 1244
741 1361
743 9
743 202
744 531
747 452
747 1124
747 1534
747 1580
748 8
749 353
750 220
751 317
751 483
751 680
751 1636
752 104
752 822
753 946
753 1297
753 1637
754 262
754 297
754 414
754 843
755 103
755 1628
756 406
756 509
756 1193
758 819
758 1011
760 476
760 733
760 1125
761 1518
761 1574
762 973
763 56
763 410
764 778
764 1728
765 289
765 788
766 568
766 894
766 1081
767 63
767 291
767 1432
768 1125
769 651
769 843
769 1011
769 1431
769 1687
770 294
770 487
770 1058
771 1194
771 1308
772 1348
772 1466
773 644
773 984
773 1469
773 1703
774 813
774 1272
775 329
775 472
776 1184
776 1189
777 1031
777 1113
777 1235
777 1667
779 790
780 307
780 324
780 1532
781 456
782 163
783 17
784 273
785 370
787 20
787 648
787 978
789 697
789 834
790 76
790 196
790 721
791 404
791 409
791 1019
792 1363
792 1400
793 103
794 1036
794 1062
795 1470
796 220
796 1188
797 495
797 506
797 635
799 834
799 1688
800 829
803 1548
804 185
804 1704
805 135
805 589
805 1242
806 577
806 1368
807 27
808 330
808 757
809 506
810 302
810 624
810 1243
810 1458
811 631
812 124
812 894
812 1454
812 1547
812 1581
813 540
813 1111
813 1687
814 950
814 1657
815 1633
816 475
817 285
817 1637
818 1281
819 180
820 318
821 97
821 525
821 1046
822 774
822 1274
823 46
824 152
824 457
824 470
824 915
824 1122
825 1083
825 1326
826 814
826 1459
827 1123
828 183
828 1458
828 1633
828 1747
829 629
829 1332
830 334
830 463
830 927
832 408
832 707
832 1153
834 10
835 200
835 513
836 28
836 687
836 1604
837 148
837 1606
838 46
838 349
838 1287
838 1380
838 1740
839 150
839 206
839 1041
840 1040
841 814
841 1273
842 565
842 1334
842 1467
843 167
844 109
844 421
845 568
845 604
845 970
845 1669
846 1066
846 1245
847 1327
848 211
848 1299
849 246
849 517
849 1446
850 395
850 568
850 866
850 1390
850 1507
851 505
851 1277
851 1633
852 892
852 1194
853 468
853 884
853 1560
854 629
854 1744
855 169
855 1400
855 1470
856 576
857 171
860 1274
861 1144
861 1180
861 1307
861 1485
863 796
864 594
866 1545
868 317
868 443
869 2
869 190
869 262
869 1267
870 626
870 1170
871 594
872 335
872 486
872 1254
873 268
873 843
873 1163
873 1436
874 379
874 742
875 725
875 1365
876 1181
879 1219
879 1469
881 786
881 1334
881 1472
882 538
882 808
882 1494
883 537
883 1645
884 1332
885 300
887 907
888 110
888 209
888 999
889 1002
890 112
890 679
891 366
891 772
891 1657
892 227
893 676
894 1110
895 14
895 800
895 1188
895 1353
896 612
897 99
897 1706
898 240
898 1237
898 1431
900 14
900 224
900 472
900 928
900 1287
903 232
903 272
903 346
903 1723
904 1266
905 702
905 1284
906 1653
908 58
908 955
909 345
909 1216
909 1659
910 1015
911 1617
912 1023
912 1152
913 5
913 1337
913 1636
914 191
914 358
914 776
915 951
915 1458
916 578
916 786
917 911
918 785
918 953
918 1187
919 200
919 1490
920 137
920 1356
921 36
921 49
921 1162
921 1721
922 357
922 1503
924 106
924 435
924 1000
924 1056
924 1429
925 86
925 862
925 993
926 347
926 835
926 891
926 1651
927 648
928 591
928 1157
929 445
929 1041
930 1039
930 1592
931 1610
931 1715
932 1087
932 1237
932 1606
932 1669
933 715
933 828
933 1170
933 1725
934 320
934 660
935 709
935 786
936 269
936 510
937 82
937 165
937 760
937 1372
938 130
938 622
938 1001
939 108
939 425
939 974
940 806
940 1167
942 1137
944 668
945 264
945 317
945 540
946 424
946 1566
947 345
947 785
948 984
948 1662
949 352
949 692
950 664
950 750
950 960
950 1305
951 321
951 1180
952 629
952 1708
954 50
954 134
954 1204
955 798
955 1357
956 136
956 898
956 1515
957 908
958 10
958 847
959 1492
960 239
960 1034
960 1110
960 1317
961 479
962 1689
963 871
963 1721
964 1464
965 407
966 356
966 1515
967 388
967 925
967 1347
968 226
968 1169
969 637
969 971
970 241
970 1604
970 1649
971 251
971 597
971 1131
971 1161
971 1501
972 1376
973 1503
973 1626
974 605
974 646
974 740
975 640
975 1068
975 1432
976 1518
977 885
977 1041
978 274
978 839
978 891
978 1081
979 1053
980 1658
981 373
981 1212
982 419
982 552
982 879
984 866
985 233
986 158
986 578
987 288
987 679
987 1282
988 919
988 1134
988 1524
990 961
991 691
991 912
991 1414
991 1613
992 251
992 418
992 472
992 1009
992 1305
992 1476
992 1544
993 318
993 944
993 1105
994 1263
995 282
995 931
995 1240
996 790
996 914
997 294
997 1170
997 1419
997 1553
998 633
998 1665
999 1146
999 1156
1000 233
1000 1066
1000 1655
1001 382
1002 480
1002 515
1002 961
1002 1291
1002 1405
1002 1501
1004 562
1004 730
1004 832
1004 870
1004 994
1004 1454
1005 347
1005 440
1005 987
1005 1258
1006 312
1006 790
1006 1677
1008 237
1008 553
1008 1660
1008 1714
1009 278
1010 114
1010 498
1010 540
1010 1590
1010 1677
1011 11
1014 467
1014 1239
1015 1159
1015 1514
1016 307
1017 556
1018 19
1018 818
1019 396
1019 1434
1020 263
1020 809
1021 880
1021 904
1021 970
1023 1744
1025 33
1025 1540
1026 808
1026 922
1026 1103
1026 1601
1027 33
1027 1458
1027 1521
1028 755
1028 1268
1028 1645
1029 253
1029 358
1029 799
1029 1205
1030 148
1030 977
1030 1055
1031 115
1031 680
1032 117
1032 836
1033 352
1033 1708
1034 757
1034 932
1034 1364
1035 744
1036 1324
1037 1292
1037 1613
1038 100
1038 598
1038 797
1039 111
1039 942
1039 1510
1039 1522
1040 3
1040 58
1040 99
1041 1096
1041 1534
1041 1586
1042 558
1043 580
1044 1072
1045 406
1046 774
1046 1010
1046 1354
1047 901
1047 1459
1048 1339
1048 1585
1049 1200
1050 602
1050 898
1050 1441
1051 890
1052 602
1052 1045
1052 1573
1052 1596
1056 211
1056 814
1057 454
1057 846
1057 1351
1057 1439
1058 1268
1058 1669
1059 57
1059 595
1059 1081
1059 1546
1061 73
1062 437
1062 741
1062 873
1062 1392
1062 1742
1063 1286
1063 1614
1064 424
1064 530
1064 580
1065 349
1065 1041
1066 326
1066 571
1066 737
1066 1719
1067 157
1067 531
1067 1157
1067 1487
1068 783
1069 706
1069 818
1069 1001
1069 1472
1070 817
1071 156
1071 851
1071 1472
1074 238
1074 1182
1074 1389
1075 42
1075 47
1075 163
1075 1050
1076 60
1076 914
1076 1431
1077 1603
1077 1685
1078 176
1078 566
1078 716
1078 847
1078 1061
1078 1496
1078 1543
1079 1406
1080 670
1082 464
1082 548
1082 861
1083 143
1083 1402
1084 19
1084 102
1084 1259
1084 1286
1084 1619
1085 915
1086 398
1087 207
1088 1501
1089 511
1089 649
1090 1617
1091 1123
1091 1674
1092 788
1092 1458
1093 456
1094 430
1094 603
1094 1569
1095 26
1095 466
1096 12
1096 1290
1097 262
1097 1572
1098 359
1098 441
1099 691
1099 917
1099 1319
1099 1620
1100 1143
1100 1437
1100 1522
1101 1458
1101 1579
1101 1731
1102 426
1102 568
1102 842
1103 446
1103 1286
1103 1383
1104 417
1105 129
1105 319
1105 873
1106 669
1106 1613
1107 1286
1108 493
1109 276
1109 313
1109 981
1110 1225
1110 1705
1111 1248
1111 1302
1112 1109
1113 875
1113 1353
1114 952
1114 1257
1115 33
1115 1224
1116 225
1116 427
1117 145
1117 176
1117 580
1118 89
1119 92
1120 369
1120 753
1120 1121
1120 1254
1120 1643
1120 1696
1121 15
1121 1254
1122 33
1122 969
1123 1279
1124 1271
1124 1452
1124 1507
1124 1700
1126 180
1128 718
1128 1516
1129 240
1129 467
1130 367
1130 430
1130 597
1130 1049
1130 1382
1133 1332
1133 1521
1133 1714
1133 1724
1135 988
1135 1456
1136 156
1136 1112
1136 1472
1137 131
1137 1167
1137 1343
1137 1546
1138 542
1138 1350
1138 1566
1139 216
1139 1322
1139 1540
1140 229
1141 370
1141 581
1141 977
1141 1139
1142 6
1142 637
1142 896
1142 1644
1143 653
1144 329
1144 975
1144 1089
1145 288
1145 1553
1146 225
1146 1169
1147 756
1147 1286
1148 718
1148 1161
1149 940
1150 211
1150 1034
1150 1464
1151 617
1151 1044
1151 1241
1151 1420
1151 1437
1151 1568
1152 733
1152 1427
1152 1558
1153 496
1154 541
1154 770
1154 1184
1154 1483
1154 1743
1155 509
1155 1322
1155 1481
1155 1514
1157 228
1157 640
1158 474
1159 668
1159 1019
1161 1393
1162 1526
1163 531
1165 202
1166 570
1166 974
1167 13
1167 169
1167 1437
1168 445
1168 603
1169 182
1169 1076
1169 1337
1169 1451
1169 1666
1170 115
1170 819
1170 1027
1170 1386
1171 184
1172 383
1172 1271
1173 1483
1173 1633
1174 16
1174 1548
1175 186
1175 1550
1176 799
1176 1438
1177 465
1178 228
1178 1218
1179 1505
1181 611
1181 1261
1181 1314
1181 1424
1182 436
1182 1309
1182 1483
1182 1660
1183 628
1185 584
1185 1003
1185 1506
1185 1610
1185 1636
1186 428
1186 1413
1187 79
1187 1386
1189 542
1189 819
1189 1138
1189 1180
1190 504
1190 866
1191 295
1192 57
1192 965
1192 1525
1194 21
1194 105
1194 309
1194 732
1194 989
1194 1506
1195 371
1195 507
1195 542
1195 754
1196 244
1196 769
1196 1739
1197 99
1197 650
1197 815
1198 1188
1198 1662
1199 365
1199 1290
1200 958
1200 1058
1200 1185
1200 1710
1201 1336
1201 1566
1202 385
1202 1033
1203 122
1203 822
1203 946
1204 1093
1205 228
1206 313
1206 1712
1207 55
1207 1151
1207 1309
1209 1493
1210 589
1210 1351
1210 1523
1211 769
1212 1017
1212 1351
1213 102
1213 1313
1214 1473
1215 336
1215 575
1215 865
1215 1053
1215 1105
1216 1247
1216 1558
1217 1473
1217 1723
1218 162
1219 1034
1220 31
1220 716
1220 797
1221 1026
1221 1711
1222 193
1223 1733
1224 387
1227 1481
1228 954
1229 61
1229 316
1229 681
1229 1637
1229 1638
1230 676
1230 753
1230 1217
1231 1499
1231 1744
1232 50
1233 507
1233 1574
1234 1173
1234 1625
1235 798
1235 1404
1236 1123
1236 1639
1237 1144
1237 1298
1237 1691
1238 366
1238 1377
1239 59
1239 1426
1240 412
1240 976
1240 1457
1242 597
1242 723
1242 848
1243 15
1243 231
1243 298
1243 715
1243 1264
1243 1508
1244 99
1244 546
1244 904
1244 971
1245 862
1245 1625
1246 258
1246 1295
1247 541
1247 1416
1248 346
1248 1250
1248 1459
1249 409
1249 594
1250 1092
1250 1277
1251 684
1251 919
1253 81
1254 1203
1254 1438
1255 21
1255 131
1255 398
1256 150
1256 399
1256 826
1256 1705
1257 1222
1258 569
1258 1198
1258 1285
1259 1181
1259 1464
1260 1701
1261 827
1262 1648
1263 480
1263 970
1264 394
1264 1365
1264 1430
1265 397
1267 442
1268 675
1269 1154
1269 1387
1269 1421
1269 1710
1271 12
1271 387
1271 1053
1271 1617
1273 450
1273 1704
1274 949
1275 1013
1275 1627
1275 1656
1276 50
1276 128
1276 911
1277 291
1277 1608
1278 270
1278 952
1280 639
1280 901
1280 1434
1280 1728
1281 125
1281 1217
1282 168
1283 346
1283 703
1283 1715
1284 771
1285 393
1285 584
1285 939
1285 1641
1286 973
1286 1610
1287 451
1287 618
1288 5
1288 119
1288 243
1289 1486
1291 381
1292 174
1292 637
1292 1055
1293 435
1293 1059
1294 77
1294 1394
1294 1635
1295 1347
1295 1378
1296 377
1296 1202
1297 690
1297 1023
1297 1077
1297 1191
1297 1534
1297 1564
1298 561
1298 578
1298 1543
1298 1750
1299 1447
1301 9
1301 227
1301 1197
1301 1520
1302 734
1302 857
1304 259
1304 549
1304 1622
1305 795
1305 1379
1305 1479
1307 1702
1308 810
1309 848
1309 1022
1310 564
1310 752
1310 963
1311 732
1311 758
1312 554
1312 1208
1313 895
1313 1600
1314 314
1314 679
1314 1128
1315 913
1315 1420
1316 743
1317 1045
1317 1492
1318 335
1318 1433
1319 241
1319 737
1320 1228
1321 200
1321 699
1321 1730
1322 983
1322 1141
1323 647
1323 1026
1324 788
1324 1709
1325 130
1325 1731
1326 248
1326 973
1327 575
1328 334
1328 968
1329 294
1329 833
1329 1052
1330 97
1330 1360
1331 147
1331 603
1333 1692
1334 453
1335 9
1335 1675
1335 1734
1336 1410
1337 1724
1339 102
1339 337
1340 1438
1341 450
1341 1427
1342 675
1343 702
1343 1391
1343 1543
1344 598
1344 952
1344 1537
1345 1668
1346 151
1346 1232
1347 455
1347 1435
1347 1538
1348 1106
1349 25
1349 354
1349 745
1349 1326
1350 653
1350 1633
1351 340
1351 509
1351 1422
1352 1318
1352 1377
1353 743
1353 1561
1355 836
1355 857
1355 1098
1355 1161
1357 286
1357 535
1357 1168
1357 1732
1358 934
1358 1500
1360 444
1360 657
1361 908
1361 1128
1362 359
1363 229
1363 430
1363 1272
1364 170
1364 844
1364 1570
1365 3
1365 521
1365 819
1365 1310
1366 1172
1366 1217
1367 956
1367 1298
1367 1489
1369 1465
1370 1615
1371 415
1371 440
1371 1280
1371 1635
1372 848
1373 1132
1373 1255
1374 1311
1375 821
1376 1225
1376 1545
1377 848
1378 163
1379 1361
1380 401
1381 96
1381 1662
1383 912
1383 1716
1383 1717
1384 1587
1385 443
1385 533
1386 1281
1386 1654
1387 303
1387 872
1387 1377
1388 105
1388 410
1388 468
1388 852
1389 569
1389 665
1389 927
1389 1420
1389 1559
1390 1730
1391 302
1391 1576
1393 1257
1394 538
1394 617
1394 1690
1395 627
1395 887
1396 643
1396 1176
1397 715
1397 1272
1397 1636
1398 1083
1399 712
1399 751
1399 1393
1400 1029
1400 1439
1401 80
1401 758
1401 845
1401 1009
1401 1347
1401 1638
1402 1098
1402 1259
1402 1403
1403 1231
1404 57
1405 641
1408 246
1408 753
1408 992
1410 1482
1410 1678
1412 1398
1413 565
1414 1094
1415 308
1415 1211
1417 592
1417 811
1417 1392
1418 853
1418 1002
1418 1269
1418 1460
1419 608
1419 1600
1420 1257
1420 1438
1420 1464
1421 485
1422 299
1422 1043
1423 452
1423 1212
1427 1206
1428 48
1430 360
1431 1383
1432 53
1432 601
1432 1386
1433 1522
1433 1677
1434 543
1434 596
1434 1007
1436 877
1438 66
1438 1182
1439 404
1439 578
1440 11
1440 656
1440 1200
1440 1400
1441 287
1441 658
1442 1288
1443 1072
1443 1617
1444 489
1444 866
1444 969
1445 6
1446 950
1447 1097
1447 1398
1448 229
1449 592
1450 9
1450 463
1450 1533
1451 204
1451 515
1451 928
1451 1251
1451 1268
1452 275
1453 358
1453 585
1453 1159
1453 1415
1454 268
1455 1163
1456 1743
1458 68
1460 551
1460 694
1460 1136
1461 601
1461 1131
1461 1393
1461 1473
1462 864
1462 974
1462 1577
1463 492
1463 639
1464 519
1464 1162
1464 1247
1465 1019
1465 1034
1465 1215
1466 673
1466 681
1466 1026
1466 1543
1467 1470
1468 1692
1469 542
1469 1024
1470 668
1470 1180
1471 1192
1471 1200
1472 604
1472 1335
1472 1362
1472 1554
1473 173
1473 365
1473 1158
1474 173
1474 673
1474 1261
1474 1524
1475 1173
1475 1401
1476 739
1477 323
1477 973
1478 1550
1479 855
1479 1140
1480 911
1480 1138
1481 100
1481 1672
1482 922
1482 1420
1483 872
1483 1284
1483 1716
1484 883
1485 788
1485 1290
1485 1582
1486 1091
1486 1108
1487 596
1487 1459
1488 444
1488 1133
1489 1652
1491 707
1491 1026
1492 768
1492 887
1492 1119
1493 573
1493 724
1494 19
1494 496
1494 739
1495 370
1495 869
1496 236
1497 549
1497 1282
1497 1689
1498 414
1498 1201
1499 44
1499 485
1499 979
1501 554
1502 516
1503 93
1503 867
1503 1656
1505 131
1506 1361
1506 1403
1507 882
1507 1672
1508 271
1508 982
1508 1067
1510 305
1510 490
1511 141
1511 720
1511 1371
1512 521
1512 1617
1513 148
1513 1380
1514 476
1515 727
1515 1497
1516 539
1517 175
1518 860
1518 1399
1518 1491
1518 1648
1519 472
1519 972
1520 992
1520 1133
1520 1347
1520 1649
1521 380
1522 567
1522 904
1522 949
1522 1388
1522 1533
1523 1024
1523 1239
1523 1277
1525 1487
1526 258
1526 683
1526 958
1527 343
1528 152
1529 253
1529 559
1529 821
1529 935
1529 1253
1529 1409
1530 1369
1530 1449
1530 1695
1531 714
1531 719
1531 1621
1532 504
1533 1078
1533 1552
1534 192
1534 444
1535 139
1535 186
1535 1668
1536 125
1536 1639
1538 733
1538 966
1539 382
1539 841
1540 15
1540 450
1540 1495
1541 1015
1541 1401
1542 1025
1542 1306
1542 1594
1543 347
1544 365
1545 616
1545 1662
1546 1073
1547 1317
1547 1373
1547 1418
1548 76
1548 993
1548 1322
1548 1556
1549 333
1549 469
1550 177
1550 709
1550 726
1551 1453
1551 1683
1552 1382
1553 177
1553 186
1554 81
1555 791
1555 1164
1556 931
1557 1082
1558 943
1559 1397
1559 1455
1562 531
1564 644
1564 650
1564 777
1565 1659
1565 1734
1566 117
1566 1296
1566 1555
1567 717
1567 1618
1568 217
1568 363
1568 632
1568 1069
1569 53
1569 726
1569 1345
1569 1665
1570 1017
1571 887
1571 1137
1572 1060
1573 931
1574 269
1575 982
1575 1258
1576 163
1576 549
1577 467
1577 764
1577 1172
1578 290
1578 590
1578 843
1578 1493
1579 433
1579 599
1579 1277
1580 190
1580 908
1580 1622
1582 1110
1582 1496
1582 1529
1583 665
1583 789
1585 772
1585 1243
1585 1422
1586 424
1586 783
1587 440
1587 802
1588 419
1588 1482
1589 1006
1590 659
1590 1272
1591 1125
1592 119
1592 375
1592 1101
1593 1548
1593 1734
1594 151
1594 775
1595 280
1595 331
1596 284
1596 581
1596 601
1596 892
1596 1014
1597 413
1598 326
1598 767
1598 1062
1598 1466
1601 284
1601 824
1601 911
1601 1080
1602 147
1602 655
1603 233
1603 1119
1604 125
1604 525
1604 1705
1605 420
1605 1639
1606 69
1606 1586
1607 318
1607 343
1607 373
1607 755
1609 832
1610 524
1610 1017
1611 1584
1612 128
1612 781
1612 858
1613 612
1614 422
1614 806
1614 959
1614 1364
1615 1105
1615 1291
1615 1733
1616 1565
1617 1489
1618 1124
1618 1574
1619 345
1619 718
1619 829
1619 1153
1619 1612
1620 104
1620 472
1620 962
1620 1429
1621 505
1621 1115
1622 1224
1623 118
1623 1232
1623 1474
1623 1508
1623 1576
1624 862
1624 1008
1624 1460
1625 1147
1625 1407
1625 1486
1626 233
1626 687
1626 828
1627 330
1627 1002
1628 746
1628 1160
1628 1735
1629 545
1629 1055
1629 1599
1629 1608
1630 1691
1631 308
1631 748
1631 824
1631 867
1631 1268
1631 1570
1632 960
1633 968
1633 1017
1633 1069
1634 736
1635 1123
1635 1481
1635 1737
1636 1224
1637 61
1637 523
1638 341
1638 1749
1639 988
1640 1109
1640 1147
1640 1380
1640 1417
1641 1321
1641 1334
1641 1637
1643 1207
1644 59
1644 1312
1644 1488
1645 655
1645 775
1645 1007
1645 1740
1646 66
1647 26
1647 525
1647 792
1648 607
1648 651
1648 1342
1649 256
1649 1671
1649 1707
1650 1427
1650 1441
1651 1371
1653 290
1653 406
1653 1119
1653 1498
1654 275
1654 1336
1655 344
1655 738
1656 179
1656 650
1657 35
1657 380
1658 505
1658 753
1660 552
1660 983
1660 1308
1661 5
1662 988
1663 702
1663 927
1667 83
1667 197
1667 565
1667 1171
1667 1205
1668 355
1669 137
1669 646
1669 652
1669 1148
1669 1532
1670 262
1671 1193
1671 1496
1672 264
1672 604
1673 676
1673 714
1673 857
1673 1185
1674 5
1674 495
1674 731
1674 1054
1675 903
1675 1660
1677 1169
1677 1639
1678 483
1678 1077
1678 1714
1679 941
1679 1085
1679 1107
1680 780
1680 1703
1681 1491
1681 1507
1681 1662
1682 1689
1683 1210
1683 1451
1685 1002
1686 34
1686 1005
1686 1158
1686 1579
1687 187
1687 1056
1688 1386
1688 1710
1689 1565
1689 1738
1690 492
1690 544
1692 749
1692 1046
1692 1531
1693 473
1694 1270
1694 1412
1695 912
1695 1348
1696 849
1696 1054
1698 431
1698 1198
1699 1041
1699 1190
1699 1248
1700 405
1700 1542
1701 1087
1703 1648
1704 339
1704 623
1705 171
1706 644
1706 1300
1707 911
1707 1258
1707 1433
1708 1044
1708 1335
1709 455
1709 909
1710 1392
1711 214
1711 481
1711 1262
1711 1469
1712 116
1712 315
1712 506
1713 210
1713 1409
1715 121
1715 999
1716 1086
1716 1677
1717 181
1717 629
1717 1260
1719 351
1720 620
1720 799
1720 1030
1721 813
1722 1072
1724 134
1724 975
1724 1120
1725 1417
1726 1215
1727 364
1727 456
1728 148
1728 702
1728 1610
1729 1548
1731 652
1731 746
1731 1476
1732 1423
1733 79
1733 462
1733 1478
1733 1646
1733 1677
1734 297
1734 751
1735 1715
1736 1075
1737 190
1737 1189
1737 1289
1739 328
1740 1218
1741 527
1741 1236
1741 1403
1742 1543
1743 17
1743 164
1744 336
1744 1340
1746 1064
1747 89
1747 912
1748 804
1749 832
1749 1125
1749 1574
1750 369
