180
890
1 47
1 117
2 50
2 92
2 121
2 150
2 165
3 30
3 76
3 91
3 118
3 154
4 95
4 166
4 174
5 4
5 27
5 39
5 45
5 49
5 64
5 75
5 129
5 130
5 170
6 54
6 63
6 66
6 171
7 28
7 65
7 96
7 109
7 158
8 6
8 57
9 22
9 30
9 37
9 56
9 85
9 96
9 164
10 1
10 16
10 24
10 65
10 92
10 163
11 61
11 62
11 115
11 152
12 4
12 20
12 93
12 122
12 152
12 176
13 5
13 85
13 119
13 123
13 134
14 56
14 83
14 132
15 104
15 139
15 171
16 13
16 61
16 99
16 113
16 172
17 10
17 25
17 93
17 99
17 172
18 9
18 74
18 82
18 85
18 89
18 119
18 138
18 171
19 95
19 114
19 115
19 151
20 7
20 18
20 64
20 112
20 113
20 117
20 126
20 141
21 31
21 42
21 52
21 77
21 131
22 79
22 119
22 134
22 169
23 18
23 62
23 69
23 78
23 93
23 112
23 166
23 172
24 20
24 42
24 43
24 54
24 65
24 131
24 162
26 104
27 123
27 180
28 151
29 149
30 27
30 117
30 132
31 33
31 53
31 62
31 95
31 99
31 116
31 179
32 9
32 34
32 35
32 36
32 40
32 122
33 11
33 50
33 155
33 165
34 15
34 23
34 53
34 86
34 120
34 161
35 3
35 28
35 59
35 108
35 157
35 165
36 48
36 71
36 76
36 104
37 46
37 47
37 65
37 89
37 101
37 136
37 177
38 24
38 43
38 61
38 105
39 5
39 6
39 8
39 13
39 27
39 61
39 67
39 75
39 134
39 178
40 4
40 22
40 28
40 72
40 86
40 102
40 152
40 171
41 10
41 64
42 27
42 95
42 109
43 62
43 97
43 139
44 8
44 18
44 91
44 139
44 145
44 175
45 4
45 26
45 65
45 82
45 141
46 35
46 63
46 77
46 156
46 161
47 100
47 140
47 168
47 170
48 27
48 31
48 53
48 54
48 146
48 170
48 172
48 175
49 22
49 50
49 97
49 138
49 153
49 154
49 155
50 26
50 79
50 106
51 55
51 155
51 176
52 43
52 72
52 96
52 97
52 179
53 20
53 67
53 73
53 107
53 179
54 43
54 155
55 4
55 20
55 29
55 34
55 59
55 61
55 146
55 148
56 10
56 16
56 77
56 116
56 175
57 3
57 54
57 101
57 104
57 157
57 158
58 112
58 160
59 23
59 43
59 178
60 19
60 41
60 59
60 154
61 104
61 145
61 166
62 52
62 80
62 113
62 118
62 154
62 164
62 167
63 15
63 32
63 39
63 152
64 78
64 105
64 129
64 151
64 167
65 20
65 91
66 94
66 95
66 119
66 151
66 152
67 29
67 74
67 89
67 119
67 120
68 44
69 2
69 10
69 24
69 56
69 85
69 113
69 133
69 147
69 157
70 25
70 29
70 96
70 104
70 165
70 173
71 18
71 25
71 76
71 77
71 176
72 21
72 52
72 81
72 109
72 141
72 143
73 8
73 33
73 42
73 76
73 151
73 172
73 180
74 51
74 107
75 7
75 9
75 73
75 149
75 172
76 26
76 47
76 113
76 131
76 144
77 10
77 52
77 90
77 94
77 100
78 22
78 31
78 131
79 45
79 65
79 78
79 82
79 95
79 150
79 165
80 43
80 170
81 1
81 47
81 93
82 66
82 152
83 12
83 16
83 32
83 153
84 29
84 49
84 51
84 58
84 102
84 142
84 153
85 18
85 47
85 51
85 65
85 106
86 71
86 99
86 143
86 170
87 12
87 99
87 104
87 115
87 160
88 21
88 66
88 69
88 96
88 101
88 153
89 1
89 4
89 20
89 131
89 143
89 173
89 178
90 16
90 19
90 140
91 67
91 97
91 110
91 131
92 58
92 130
93 23
93 30
93 79
94 63
94 69
94 73
94 95
94 109
94 172
95 20
95 30
96 106
96 132
96 177
97 44
97 104
97 115
97 137
97 156
98 6
98 11
98 67
98 82
98 97
98 101
98 135
98 176
98 180
99 107
99 110
99 114
99 150
100 28
100 51
100 70
100 121
100 179
101 3
101 7
101 108
101 136
101 141
101 156
101 157
101 174
101 180
102 178
103 12
103 42
103 56
103 70
103 107
103 119
103 132
103 165
104 6
104 32
104 75
104 79
104 83
104 141
104 157
104 178
105 24
105 67
105 107
105 110
105 115
105 159
106 5
106 68
106 97
106 133
106 140
106 151
107 12
107 23
107 110
107 116
107 126
108 26
108 127
108 149
109 26
109 89
109 100
109 118
110 25
110 95
110 145
110 158
110 161
110 168
110 178
111 32
111 36
111 91
112 70
112 78
112 79
112 88
112 91
112 105
112 116
113 67
113 115
113 133
114 35
114 37
114 160
115 25
115 47
115 82
115 140
116 29
116 38
116 108
116 141
117 13
117 73
117 98
117 177
118 50
118 81
118 110
118 113
118 126
118 130
118 146
118 177
119 26
119 70
119 83
119 140
119 164
120 2
120 10
120 17
120 96
120 121
120 159
121 21
121 49
121 52
121 96
121 104
121 106
121 108
121 173
122 62
122 114
122 116
122 120
122 130
122 158
122 173
123 2
123 47
123 67
124 7
124 21
124 42
124 70
124 81
124 143
125 26
125 29
125 31
125 72
125 73
125 85
125 102
125 128
125 171
125 177
126 11
126 75
126 93
126 115
126 148
126 151
126 167
127 16
127 28
127 69
127 97
127 153
128 56
128 168
128 169
128 171
129 121
129 128
129 164
129 167
130 23
130 47
130 48
130 99
130 122
130 124
130 162
131 38
131 59
131 64
131 65
131 97
131 102
131 115
131 132
131 141
132 5
132 68
132 80
132 88
132 177
133 17
133 59
133 73
133 83
133 130
133 158
134 22
134 140
134 161
135 25
135 63
135 129
135 172
136 72
136 75
136 87
136 109
136 113
136 141
137 69
137 93
137 131
137 142
137 174
138 1
138 25
138 39
138 92
138 121
138 157
138 173
139 28
139 43
139 53
139 60
139 84
139 90
139 130
139 151
140 33
140 64
140 128
140 141
141 8
141 29
141 50
141 59
141 88
141 101
141 138
141 173
142 13
142 33
142 58
142 80
142 172
143 9
143 88
143 98
144 26
144 31
144 62
144 88
144 108
144 119
145 11
145 15
145 28
145 48
145 65
145 86
145 90
145 91
145 149
146 117
146 136
146 151
146 160
146 170
147 4
147 48
147 74
147 94
148 63
148 90
149 66
149 90
149 105
149 124
149 176
150 62
150 63
150 66
150 70
150 82
150 124
150 131
151 152
151 178
152 50
152 82
152 114
152 148
152 157
153 68
153 80
153 122
153 145
154 31
154 60
154 64
154 80
154 165
155 49
155 96
155 100
155 105
155 140
156 43
156 95
156 109
156 133
157 27
157 54
157 65
157 87
157 138
157 146
157 161
158 36
158 157
159 16
159 82
159 116
160 42
160 89
160 124
160 164
160 177
161 8
161 38
161 85
161 86
161 158
162 87
162 91
162 167
163 29
163 77
164 1
164 3
164 22
164 120
164 128
165 141
165 153
165 155
166 20
166 37
166 80
166 89
167 19
167 39
167 72
167 73
167 119
167 128
167 147
167 163
168 34
168 82
168 103
168 110
168 153
169 14
169 107
170 41
170 43
170 127
171 35
171 42
171 66
171 102
171 122
171 127
171 141
171 144
172 22
172 23
172 48
172 79
172 88
172 96
172 111
172 122
173 10
173 29
173 32
173 74
173 165
174 34
174 36
174 51
174 139
174 157
174 170
174 178
175 57
175 79
175 101
175 113
175 145
175 154
175 179
176 10
176 25
176 39
176 56
176 73
176 121
176 149
176 162
176 167
177 7
177 42
177 44
177 101
177 105
177 128
177 160
178 9
178 59
178 101
178 119
179 56
179 72
179 136
180 7
180 15
180 19
180 43
180 85
180 137
180 171
180 174
