190
378
1 102
2 111
2 138
2 149
4 69
4 120
5 70
5 99
5 144
6 42
6 63
6 76
6 83
7 101
8 122
9 180
10 66
10 131
10 144
10 189
11 2
12 150
12 160
13 21
13 96
13 119
14 70
15 165
16 27
16 49
16 107
16 115
17 79
17 128
18 11
18 37
20 81
21 86
21 132
21 170
24 33
24 36
24 103
25 159
26 155
27 35
27 117
27 136
27 163
27 189
28 79
29 83
29 168
30 4
30 9
30 48
30 51
31 181
32 105
33 92
34 19
34 83
34 120
35 41
36 74
36 120
36 171
37 21
37 52
37 88
37 160
38 24
38 75
39 147
39 178
40 14
41 6
41 76
41 104
42 31
42 36
42 174
43 117
43 171
44 88
44 156
45 101
46 83
47 124
48 128
48 144
49 7
49 163
49 168
50 17
50 70
50 139
50 174
52 104
52 117
52 143
53 72
54 15
54 27
54 124
54 173
55 72
56 149
57 14
57 112
57 166
58 1
58 9
58 34
58 54
59 3
59 60
59 118
59 142
59 165
60 32
60 186
61 112
62 43
62 157
63 171
64 2
64 133
65 25
65 29
65 98
65 143
66 102
67 27
67 93
67 107
68 36
68 58
68 130
69 158
69 173
69 187
70 12
70 27
70 117
70 168
71 20
71 51
71 92
72 153
73 33
73 116
73 180
74 42
75 126
75 146
75 174
76 128
76 181
78 167
79 95
79 187
80 13
81 118
82 52
82 151
82 162
83 11
83 129
84 5
84 14
84 40
84 69
84 107
84 150
84 171
86 35
86 39
86 70
86 98
86 106
87 161
89 56
89 142
89 151
89 171
90 46
90 71
90 81
90 158
91 188
92 1
93 114
93 133
94 98
94 114
94 180
95 100
97 56
97 151
97 159
99 130
100 8
100 59
101 96
102 5
102 78
104 32
104 130
107 165
108 26
108 57
108 100
108 131
109 2
109 83
109 113
110 2
110 116
110 134
110 150
111 28
111 77
111 172
112 23
112 114
113 64
113 133
113 157
114 73
115 74
115 109
115 172
116 72
116 113
116 129
117 42
117 128
118 69
118 97
119 45
119 50
120 68
121 86
121 111
121 129
121 163
123 79
123 185
124 56
124 74
125 13
126 15
126 93
126 187
128 105
128 176
129 140
130 186
131 174
132 1
132 93
133 171
134 33
134 56
135 38
135 48
135 75
135 186
136 67
136 73
136 138
138 40
138 172
139 23
139 55
139 89
139 145
139 183
140 49
140 126
141 91
143 11
143 84
143 167
145 97
146 53
146 158
147 103
147 112
147 158
147 159
147 169
148 42
149 152
149 161
149 175
150 21
151 2
151 89
151 127
151 134
151 181
152 45
153 9
153 34
153 44
153 182
154 17
154 62
154 133
154 150
155 3
156 45
156 50
156 101
156 108
156 147
157 27
159 27
159 40
159 86
159 180
161 45
161 71
162 27
163 109
163 181
165 75
165 158
166 1
166 69
166 75
166 149
167 11
167 23
167 51
167 52
167 140
169 1
169 60
169 148
169 180
169 185
171 189
173 50
173 107
173 165
174 172
176 19
177 73
177 186
178 136
179 14
179 49
179 95
181 35
181 64
181 106
181 175
182 58
182 116
182 164
182 177
182 184
183 72
184 76
184 161
186 69
186 177
187 120
187 145
188 190
190 6
190 86
190 143
190 146
190 149
