190
1307
1 32
1 43
1 98
1 100
1 129
1 132
1 145
2 36
2 42
2 49
2 129
2 140
2 157
2 161
2 165
2 188
3 7
3 44
3 181
4 1
4 8
4 33
4 42
4 59
4 83
4 94
4 109
4 133
4 173
4 175
5 7
5 45
5 60
5 128
5 137
5 141
5 150
5 188
6 23
6 33
6 75
6 86
6 118
6 139
7 48
7 65
7 69
7 72
7 79
7 84
7 148
7 170
7 175
8 12
8 26
8 41
8 46
8 63
8 94
8 177
8 186
9 37
9 89
9 90
9 93
9 99
9 118
9 139
9 173
10 59
10 65
10 68
10 91
10 121
10 127
10 152
11 20
11 24
11 57
11 66
11 105
11 137
12 17
12 67
12 75
12 126
12 163
12 171
12 174
12 186
13 26
13 34
13 42
13 91
13 117
13 140
14 3
14 56
14 71
14 136
14 142
14 180
14 190
15 36
15 53
15 98
15 153
16 57
16 85
16 94
16 131
16 135
16 145
16 185
16 187
17 22
17 33
17 55
17 79
17 106
17 142
18 54
18 55
18 76
18 180
19 20
19 51
19 68
19 78
19 157
19 163
20 26
20 43
20 73
20 164
21 45
21 50
21 57
21 121
22 49
22 60
22 61
22 66
22 67
22 126
22 163
22 165
22 181
22 187
23 41
23 45
23 66
23 73
23 107
23 114
23 124
23 149
23 163
24 59
24 131
24 137
24 158
24 180
25 2
25 10
25 11
25 18
25 72
25 77
25 90
25 141
25 146
25 163
25 165
25 185
26 17
26 18
26 29
26 96
26 112
27 30
27 38
27 57
27 60
27 90
27 123
28 26
28 44
28 97
28 106
28 142
29 1
29 37
29 78
29 167
29 170
29 175
29 190
30 128
30 170
30 186
31 8
31 11
31 21
31 69
32 65
32 131
32 148
32 153
32 154
32 169
33 5
33 14
33 43
33 88
33 109
33 123
33 164
33 175
34 16
34 51
34 60
34 93
34 100
34 168
35 81
35 102
35 111
36 1
36 18
36 64
36 107
36 133
36 136
36 159
36 160
36 164
36 168
36 175
37 4
37 26
37 33
37 36
37 65
37 97
37 145
38 54
38 66
38 94
38 111
39 15
39 20
39 43
39 45
39 46
39 63
39 103
39 114
39 188
40 6
40 14
40 25
40 33
40 38
40 127
41 9
41 20
41 38
41 45
41 59
41 104
41 164
42 7
42 34
42 76
42 94
42 112
42 119
42 122
42 156
42 183
43 39
43 112
43 190
44 48
44 55
44 111
44 120
44 149
44 159
45 5
45 28
45 87
45 109
46 1
46 53
46 64
46 80
46 135
46 137
46 142
46 155
46 166
46 176
47 5
47 66
47 71
47 83
47 89
47 115
47 117
48 2
48 3
48 39
48 49
48 65
48 105
49 6
49 91
49 92
49 120
50 22
50 23
50 40
50 125
50 161
51 35
51 38
51 83
51 91
51 106
51 178
52 13
52 38
52 55
52 91
52 154
53 37
53 49
53 92
53 98
53 118
53 140
53 145
53 151
53 152
54 30
54 32
54 120
54 126
54 133
54 163
54 167
55 7
55 14
55 22
55 85
55 114
55 117
56 42
56 61
56 99
56 117
56 153
57 5
57 20
57 46
57 67
57 70
57 80
57 144
57 159
57 174
58 18
58 35
58 49
58 73
58 77
58 95
58 169
59 7
59 28
59 43
59 46
59 48
59 64
59 74
59 79
59 91
59 98
59 139
60 14
60 23
60 52
60 53
60 97
60 181
61 5
61 25
61 75
61 85
61 110
61 172
61 189
62 6
62 25
62 42
62 67
62 71
62 122
62 157
63 8
63 21
63 22
63 90
63 146
64 87
64 95
64 101
64 120
64 128
64 130
64 155
64 160
65 40
65 64
65 66
65 70
65 94
65 149
65 156
65 182
66 4
66 44
66 83
66 103
66 104
66 109
66 110
66 117
66 118
66 122
66 134
66 164
67 14
67 17
67 45
67 61
67 87
67 92
67 98
67 103
67 129
67 138
67 148
67 152
68 12
68 40
68 52
68 57
68 66
68 133
68 143
68 181
69 15
69 77
69 90
69 111
69 144
69 147
69 158
70 9
70 19
70 103
70 161
70 163
71 4
71 13
71 30
71 32
71 63
71 66
71 151
71 177
71 179
72 25
72 48
72 58
72 59
72 87
72 99
72 111
73 11
73 26
73 64
73 106
73 136
73 165
73 179
74 4
74 44
74 81
74 87
74 145
74 154
74 165
74 167
74 173
75 7
75 39
75 57
75 95
75 129
75 173
75 174
75 184
76 63
76 105
76 134
76 149
76 163
77 54
77 57
77 61
77 76
77 88
77 104
77 156
78 58
78 122
78 124
79 26
79 31
79 51
79 82
79 88
79 134
79 153
80 2
80 119
80 160
80 179
80 190
81 2
81 4
81 10
81 13
81 57
81 85
81 105
81 110
81 138
81 139
81 188
82 18
82 50
82 51
82 54
82 74
82 81
82 129
82 175
82 177
83 1
83 17
83 25
83 56
83 58
83 82
83 105
83 106
83 111
83 132
83 146
84 43
84 45
84 109
84 159
84 160
85 24
85 42
85 84
85 86
85 141
85 147
85 150
85 157
85 174
86 122
86 144
86 178
87 71
87 105
87 107
87 109
87 110
87 124
87 141
87 185
88 67
88 84
88 111
88 112
88 142
88 145
88 148
88 164
88 165
89 31
89 72
89 78
89 81
89 91
90 9
90 51
90 61
90 130
90 142
90 160
90 171
90 182
91 8
91 58
91 69
92 8
92 38
92 64
92 125
92 127
92 156
93 27
93 49
93 72
93 78
93 87
93 145
94 122
95 35
95 44
95 86
95 147
96 53
96 86
96 103
96 130
96 147
96 158
97 32
97 83
97 120
97 123
97 148
97 151
97 175
98 34
98 49
98 67
98 90
98 136
98 144
99 2
99 27
99 94
99 162
100 4
100 8
100 10
100 33
100 88
100 98
100 111
100 141
100 161
100 169
100 176
100 177
100 186
101 43
101 107
101 109
101 155
101 164
102 90
102 97
102 140
102 181
102 182
103 65
103 69
103 118
103 178
104 115
104 186
105 48
105 52
105 62
105 99
105 110
105 123
105 131
105 144
105 149
105 152
105 186
105 190
106 7
106 35
106 45
106 85
106 91
106 109
106 146
106 171
107 123
107 148
107 149
107 184
108 2
108 34
108 67
108 68
108 110
108 112
108 114
108 177
108 180
109 13
109 27
109 43
109 53
109 72
109 100
109 119
110 3
110 13
110 24
110 58
110 67
110 75
110 80
110 106
110 181
111 3
111 10
111 36
111 70
111 109
111 117
111 128
111 141
111 177
111 179
111 180
112 9
112 38
112 55
112 63
112 113
112 116
112 120
112 126
112 165
112 173
112 175
112 176
113 5
113 26
113 45
113 50
113 52
113 79
113 80
113 93
114 45
114 75
115 37
115 44
115 46
115 86
115 100
115 126
115 145
116 15
116 150
117 52
117 62
117 64
117 84
117 99
117 133
117 163
117 178
118 54
118 61
118 79
118 107
118 110
118 162
119 29
119 74
119 107
119 137
119 147
119 181
120 22
120 26
120 36
120 83
120 103
120 108
120 140
121 69
121 80
121 91
121 116
121 149
122 24
122 43
122 59
122 71
122 83
122 99
122 123
122 152
123 96
123 140
123 153
123 184
123 186
123 187
124 70
124 84
124 156
124 159
124 163
124 185
125 23
125 148
125 179
126 20
126 33
126 65
126 82
126 98
126 108
126 139
126 163
126 181
127 2
127 37
127 49
127 50
127 86
127 144
128 11
128 60
128 68
128 107
128 130
128 160
128 161
129 30
129 149
129 162
129 188
130 7
130 8
130 17
130 35
130 36
130 81
130 91
130 93
130 112
130 114
131 5
131 6
131 29
131 35
131 39
131 48
131 53
131 90
131 102
131 110
131 127
131 155
131 156
131 163
131 177
131 180
132 38
132 44
132 52
132 109
132 140
132 155
132 166
133 16
133 41
133 47
133 101
133 107
133 140
133 165
133 175
134 76
134 83
134 118
134 150
134 151
135 30
135 89
135 99
135 108
135 116
135 151
136 1
136 3
136 4
136 12
136 28
136 47
136 48
136 88
136 128
136 146
136 150
136 171
137 15
137 58
137 84
137 120
137 128
137 139
138 48
138 54
138 85
138 100
138 151
138 154
139 32
139 39
139 56
139 115
139 149
139 158
140 6
140 9
140 14
140 70
140 162
140 175
140 180
141 32
141 37
141 57
141 87
141 106
141 110
141 125
141 140
141 149
141 156
141 157
141 163
141 167
142 19
142 61
142 69
142 80
142 91
142 104
142 105
142 106
142 109
142 138
142 158
142 177
142 180
143 59
143 61
143 113
143 155
144 26
144 83
144 182
145 6
145 28
145 50
145 90
145 115
145 116
145 189
146 17
146 37
146 91
146 94
146 115
146 133
146 166
146 190
147 5
147 40
147 52
147 66
147 72
147 87
147 89
147 90
147 141
147 189
148 19
148 34
148 37
148 39
148 41
148 57
148 74
148 113
148 142
148 143
148 188
149 29
149 133
149 139
149 152
149 184
150 3
150 26
150 47
150 50
150 133
151 41
151 63
151 65
151 83
151 92
151 108
151 124
151 125
152 31
152 39
152 43
152 66
152 69
152 94
152 111
152 118
152 125
152 163
153 5
153 91
153 123
153 139
153 190
154 23
154 35
154 36
154 58
154 142
155 4
155 21
155 61
155 71
155 139
155 189
156 13
156 16
156 163
157 9
157 32
157 36
157 62
157 97
157 110
157 115
157 116
157 130
157 163
157 165
158 7
158 45
158 155
159 6
159 19
159 70
159 81
159 87
159 101
159 102
159 135
159 156
160 24
160 63
160 80
160 135
160 144
161 30
161 69
161 92
161 114
161 130
161 144
161 154
161 163
161 164
162 1
162 43
162 56
162 91
162 112
162 123
162 134
162 161
163 35
163 36
163 72
163 100
163 101
163 109
163 110
163 112
163 132
163 155
163 164
163 181
163 185
163 186
164 5
164 132
164 156
164 167
165 1
165 7
165 42
165 66
165 106
165 134
165 154
165 164
165 188
166 22
166 35
166 51
166 90
166 99
166 115
166 183
167 2
167 36
167 151
167 165
168 20
168 64
168 94
168 114
168 149
168 175
168 183
168 184
169 12
169 35
169 74
169 114
169 134
169 143
169 148
169 155
169 162
170 1
170 51
170 56
170 60
170 86
170 171
170 177
171 13
171 15
171 54
171 73
171 85
171 94
171 138
171 146
171 160
171 183
172 7
172 20
172 49
172 92
172 95
173 23
173 42
173 137
173 157
173 164
173 172
174 6
174 31
174 51
174 93
174 110
174 116
174 139
174 147
174 159
174 169
174 184
175 28
175 35
175 39
175 42
175 76
175 130
175 137
175 157
175 170
175 190
176 5
176 35
176 167
177 4
177 51
177 54
177 72
177 77
177 142
177 180
177 190
178 31
178 83
178 104
178 112
178 184
179 105
179 139
179 148
180 3
180 16
180 23
180 119
180 131
180 176
180 190
181 40
181 88
181 104
181 107
181 130
181 157
181 161
181 169
181 171
181 185
182 13
182 35
182 137
182 179
182 180
182 189
183 3
183 35
183 101
183 164
183 175
184 18
184 27
184 61
184 159
185 51
185 95
185 181
185 187
186 10
186 116
186 121
186 124
186 141
186 151
186 153
187 48
187 50
187 99
187 117
187 130
188 44
188 73
188 85
188 101
188 115
188 142
188 155
189 42
189 43
189 52
189 62
189 69
189 74
189 89
189 165
190 17
190 50
190 54
190 65
190 162
190 177
