190
1675
1 5
1 19
1 84
1 172
2 12
2 41
2 44
2 46
2 56
2 83
2 91
2 93
2 105
2 108
2 153
2 170
2 171
3 37
3 45
3 79
3 103
3 133
3 140
4 26
4 36
4 84
4 103
4 114
4 121
4 125
5 8
5 19
5 24
5 47
5 66
5 85
5 89
5 92
5 114
5 168
6 20
6 52
6 65
6 67
6 86
6 125
6 136
6 152
6 165
6 186
7 14
7 39
7 82
7 149
7 173
7 181
7 183
7 185
7 188
8 17
8 42
8 75
8 84
8 95
8 117
8 134
8 180
9 5
9 31
9 35
9 51
9 53
9 69
9 90
9 99
9 138
9 161
10 52
10 57
10 58
10 68
10 75
10 110
10 113
10 186
11 10
11 17
11 52
11 65
11 115
11 126
11 127
11 129
11 157
12 34
12 54
12 73
12 88
12 96
12 104
12 114
12 118
12 136
12 137
12 155
12 156
12 165
13 20
13 70
13 74
13 84
13 85
13 135
13 143
13 165
13 170
14 20
14 26
14 46
14 61
14 66
14 70
14 77
14 114
14 117
14 139
15 13
15 26
15 45
15 61
15 84
15 183
15 189
16 3
16 4
16 18
16 40
16 45
16 52
16 103
16 136
16 148
16 165
16 170
16 190
17 24
17 52
17 57
17 59
17 84
17 99
17 119
17 127
17 148
17 188
17 190
18 1
18 5
18 64
18 78
18 80
18 95
18 111
18 140
18 142
18 172
19 9
19 51
19 61
19 121
19 150
19 177
20 2
20 57
20 75
20 87
20 92
20 116
20 136
20 143
20 158
20 188
20 189
21 1
21 32
21 67
21 107
21 119
21 140
21 150
21 172
21 182
22 3
22 90
22 156
22 164
22 174
22 188
22 189
23 16
23 30
23 117
23 120
23 124
23 126
23 154
23 165
23 176
23 178
24 25
24 38
24 49
24 50
24 61
24 73
24 81
24 102
24 104
24 108
24 151
25 46
25 64
25 72
25 74
25 100
25 111
25 149
25 166
25 173
26 3
26 10
26 15
26 28
26 38
26 47
26 52
26 75
26 81
26 98
26 111
26 113
26 123
26 167
26 188
27 16
27 20
27 26
27 34
27 50
27 66
27 67
27 72
27 113
28 11
28 18
28 31
28 32
28 55
28 100
28 123
28 144
28 149
28 166
29 6
29 26
29 42
29 57
29 82
29 132
29 134
29 151
29 157
29 158
29 173
29 180
30 3
30 7
30 21
30 38
30 43
30 86
30 126
30 135
30 170
30 182
31 1
31 14
31 38
31 44
31 47
31 123
31 143
31 168
32 8
32 23
32 40
32 46
32 65
32 100
32 141
33 30
33 51
33 52
33 58
33 89
33 144
33 172
33 188
34 26
34 105
34 110
34 130
34 156
34 161
35 78
35 160
35 161
35 167
35 168
35 179
36 25
36 47
36 52
36 65
36 89
36 171
36 173
37 6
37 28
37 83
37 105
37 134
37 146
37 149
37 155
37 179
37 189
38 18
38 24
38 29
38 36
38 43
38 56
38 119
38 120
38 136
38 165
38 185
39 56
39 87
39 130
39 142
39 172
39 185
40 6
40 25
40 26
40 73
40 78
40 91
40 151
40 190
41 73
41 81
41 92
41 121
41 127
41 151
41 159
41 173
41 181
42 24
42 55
42 86
42 88
42 103
42 109
42 129
42 132
42 154
42 169
43 6
43 30
43 64
43 114
43 148
43 150
43 153
43 169
43 185
44 12
44 17
44 21
44 28
44 37
44 51
44 59
44 64
44 85
44 102
44 127
44 136
44 146
44 157
45 16
45 53
45 61
45 96
45 107
45 113
45 121
45 123
45 140
45 141
45 148
45 175
45 181
46 6
46 10
46 53
46 58
46 83
46 89
47 2
47 5
47 94
47 96
47 135
47 136
47 142
47 156
47 190
48 5
48 9
48 11
48 21
48 35
48 97
48 102
48 124
48 153
49 12
49 39
49 65
49 66
49 90
49 102
49 167
49 183
50 1
50 7
50 13
50 32
50 37
50 115
50 121
50 148
51 7
51 43
51 65
51 161
52 1
52 39
52 50
52 89
52 105
52 145
52 157
52 169
53 17
53 19
53 39
53 50
53 64
53 87
53 104
53 133
53 134
53 182
54 4
54 45
54 58
54 68
54 117
54 123
54 140
54 142
54 150
55 22
55 23
55 42
55 70
55 78
55 104
55 143
55 162
55 170
56 20
56 38
56 42
56 52
56 65
56 93
56 110
56 169
56 172
57 139
57 142
57 147
57 159
57 175
58 11
58 94
58 127
58 141
58 164
58 165
58 169
58 185
59 20
59 36
59 83
59 100
59 127
59 160
59 170
59 183
60 32
60 34
60 51
60 86
60 111
60 112
60 113
60 164
60 190
61 8
61 9
61 52
61 67
61 100
61 106
61 133
61 177
62 84
62 98
62 106
62 131
62 143
62 147
62 149
62 162
62 182
62 187
63 20
63 48
63 55
63 59
63 84
63 90
63 101
63 116
63 134
63 147
63 153
64 16
64 73
64 85
64 115
64 135
64 153
64 155
64 156
65 10
65 37
65 41
65 48
65 52
65 54
65 57
65 72
65 103
65 131
65 147
65 162
66 22
66 29
66 62
66 109
66 122
66 183
67 12
67 32
67 34
67 79
67 93
67 102
67 180
68 2
68 11
68 22
68 44
68 71
68 114
68 146
68 173
68 175
68 182
69 6
69 55
69 83
69 98
69 99
69 166
70 14
70 40
70 81
70 92
70 118
70 122
70 168
70 170
70 177
70 181
71 41
71 44
71 58
71 80
71 158
72 77
72 79
72 111
72 127
72 145
72 146
72 157
72 159
72 184
72 188
73 3
73 33
73 42
73 69
73 77
73 100
73 139
73 146
73 150
73 151
73 158
73 185
74 4
74 20
74 23
74 29
74 33
74 50
74 62
74 66
74 86
74 133
75 7
75 28
75 38
75 46
75 78
75 118
75 120
75 121
75 125
75 127
75 152
75 185
76 10
76 20
76 99
76 105
76 113
76 138
76 151
76 162
76 169
76 182
77 41
77 53
77 102
77 117
77 133
77 137
77 145
78 10
78 90
78 106
78 107
78 139
78 144
78 160
78 164
79 8
79 42
79 46
79 162
79 170
80 20
80 28
80 44
80 49
80 69
80 94
80 97
80 133
80 139
80 141
80 167
80 186
81 1
81 41
81 97
81 105
81 109
81 179
82 24
82 39
82 49
82 167
82 170
82 174
83 40
83 62
83 169
83 189
84 1
84 122
84 138
84 170
85 4
85 10
85 12
85 53
85 74
85 103
85 128
85 160
85 172
86 6
86 76
86 80
86 85
86 116
86 130
86 137
86 148
87 7
87 36
87 53
87 76
87 94
87 135
87 141
88 38
88 62
88 78
88 86
88 116
88 145
88 183
89 12
89 50
89 57
89 80
89 102
89 116
89 152
89 168
89 181
89 185
90 23
90 128
90 186
91 8
91 39
91 74
91 80
91 102
91 144
91 146
91 166
92 6
92 11
92 26
92 32
92 33
92 64
92 73
92 87
92 89
92 115
92 136
92 158
92 164
93 10
93 12
93 73
93 102
93 136
93 140
93 144
93 150
93 153
93 170
93 175
94 28
94 32
94 39
94 47
94 74
94 98
94 187
95 15
95 18
95 42
95 87
95 141
95 150
95 151
96 3
96 42
96 50
96 51
96 90
96 94
96 100
96 101
96 106
96 136
96 139
97 11
97 12
97 28
97 33
97 36
97 57
97 65
97 66
97 80
97 83
97 99
97 103
97 108
98 2
98 16
98 30
98 48
98 73
98 110
98 137
98 141
98 151
98 165
98 184
99 29
99 114
99 122
99 128
99 178
100 12
100 18
100 44
100 65
100 113
100 119
100 164
101 75
101 85
101 146
101 152
101 183
102 28
102 29
102 57
102 71
102 125
102 127
102 183
103 62
103 97
103 104
103 132
103 160
104 8
104 36
104 40
104 46
104 162
104 165
104 189
104 190
105 27
105 48
105 63
105 73
105 76
105 139
105 143
105 150
105 166
105 179
105 186
106 22
106 63
106 84
106 98
106 138
106 168
107 11
107 34
107 45
107 53
107 131
107 169
107 179
108 25
108 28
108 39
108 42
108 50
108 96
108 142
108 156
108 157
108 158
108 160
109 13
109 24
109 65
109 128
109 140
109 145
109 161
109 173
110 51
110 81
110 88
110 103
110 115
110 117
110 126
110 138
110 147
110 175
110 185
111 12
111 36
111 56
111 129
111 162
112 27
112 29
112 35
112 41
112 48
112 90
112 101
112 142
113 6
113 7
113 41
113 46
113 58
113 149
113 151
113 182
114 26
114 42
114 80
114 89
114 102
114 103
114 111
114 113
114 133
114 145
114 161
114 162
114 165
114 182
114 187
115 11
115 17
115 36
115 37
115 58
115 71
115 73
115 108
115 146
115 149
116 37
116 48
116 61
116 103
116 126
116 153
116 155
116 170
116 178
116 181
116 186
117 96
117 126
117 158
117 170
117 174
118 19
118 30
118 35
118 56
118 89
118 91
118 171
118 183
119 5
119 19
119 30
119 62
119 79
119 103
119 137
119 169
119 182
120 15
120 34
120 60
120 71
120 86
120 124
120 125
120 128
120 137
120 141
120 173
121 13
121 30
121 41
121 52
121 66
121 74
121 80
121 113
121 122
121 123
121 152
121 174
122 8
122 14
122 20
122 53
122 57
122 62
122 77
122 80
122 96
122 118
122 133
122 144
122 154
122 171
122 190
123 60
123 80
123 112
123 113
123 120
123 121
123 122
123 183
124 16
124 95
124 104
124 132
124 176
125 19
125 44
125 46
125 96
125 109
125 128
125 155
125 156
126 6
126 19
126 89
126 142
126 162
126 169
126 174
126 183
127 15
127 16
127 25
127 47
127 79
127 103
127 107
127 128
127 138
127 183
128 4
128 31
128 55
128 124
128 137
129 17
129 24
129 27
129 54
129 55
129 100
129 106
129 142
129 152
129 154
129 180
129 187
130 2
130 14
130 21
130 38
130 39
130 57
130 87
130 105
130 111
130 127
130 154
130 179
130 181
131 18
131 30
131 31
131 40
131 42
131 70
131 89
131 110
131 138
131 179
132 1
132 2
132 13
132 17
132 81
132 126
132 134
132 137
132 146
132 160
132 174
132 176
132 184
132 188
133 9
133 17
133 69
133 88
133 106
133 113
134 12
134 32
134 51
134 63
134 69
134 132
134 138
134 188
135 11
135 19
135 32
135 48
135 55
135 65
135 91
135 99
135 175
135 189
136 24
136 85
136 94
136 104
136 107
136 113
136 177
137 22
137 34
137 38
137 45
137 50
137 69
137 117
137 122
137 135
137 161
137 173
138 16
138 113
138 150
138 153
138 178
139 31
139 34
139 60
139 67
139 83
139 90
139 110
139 132
139 140
140 4
140 49
140 90
140 119
140 123
140 150
140 156
140 162
141 11
141 13
141 69
141 122
141 148
141 150
142 61
142 92
142 106
142 111
142 150
142 159
142 164
142 171
142 178
143 7
143 11
143 16
143 26
143 52
143 77
143 104
143 112
143 139
143 147
143 155
144 24
144 112
144 121
144 139
144 156
144 183
145 8
145 11
145 19
145 25
145 63
145 162
145 190
146 1
146 67
146 76
146 79
146 84
146 104
146 119
146 164
146 186
147 27
147 63
147 72
147 80
147 162
147 169
147 177
147 181
148 7
148 21
148 26
148 103
148 118
148 120
148 150
149 10
149 13
149 33
149 43
149 73
149 95
149 116
149 153
150 28
150 51
150 83
150 124
150 141
150 151
150 165
150 166
151 20
151 29
151 32
151 53
151 55
151 84
151 123
151 139
151 166
151 168
151 186
152 3
152 10
152 17
152 27
152 47
152 56
152 67
152 88
152 93
152 107
152 149
152 171
153 4
153 17
153 57
153 74
153 77
153 89
153 103
153 127
153 131
153 150
153 171
154 39
154 63
154 75
154 98
154 119
154 147
154 153
154 180
154 189
154 190
155 27
155 45
155 97
155 99
155 106
155 114
155 115
155 116
155 117
155 121
155 129
156 9
156 24
156 53
156 69
156 77
156 79
156 112
156 123
156 137
156 139
156 155
156 160
157 14
157 30
157 54
157 57
157 73
157 97
157 115
157 116
157 122
157 130
157 177
157 189
158 15
158 16
158 36
158 47
158 68
158 140
158 153
159 5
159 24
159 26
159 34
159 35
159 40
159 45
159 84
159 151
159 182
160 1
160 47
160 48
160 49
160 84
160 86
160 118
160 120
160 130
160 133
160 137
160 138
160 166
161 14
161 20
161 68
161 88
161 143
161 144
161 165
161 171
161 173
161 182
161 189
162 23
162 34
162 46
162 52
162 66
162 108
162 129
162 142
162 163
162 174
162 184
163 9
163 97
163 99
163 132
163 145
163 180
164 26
164 34
164 47
164 57
164 63
164 87
164 133
164 175
164 190
165 53
165 68
165 73
165 79
165 118
165 139
165 141
165 180
165 188
166 26
166 34
166 71
166 85
166 103
166 119
166 133
166 138
166 155
166 176
166 180
166 181
167 52
167 64
167 65
167 94
167 127
167 132
167 143
167 165
167 179
167 180
168 6
168 19
168 24
168 42
168 95
168 122
168 138
169 3
169 8
169 19
169 80
169 91
169 99
169 127
169 135
169 148
169 150
169 184
170 3
170 12
170 19
170 30
170 73
170 116
170 120
170 131
170 135
170 171
170 178
171 28
171 39
171 52
171 73
171 80
171 100
171 102
171 147
171 163
171 178
172 28
172 43
172 46
172 87
172 140
172 165
172 184
172 188
173 12
173 36
173 43
173 46
173 86
173 112
173 121
173 126
173 129
173 131
173 138
173 167
174 9
174 18
174 25
174 78
174 98
174 119
174 130
174 135
174 143
174 190
175 26
175 44
175 68
175 76
175 81
175 86
175 105
175 129
175 144
175 154
175 188
176 12
176 27
176 33
176 91
176 98
176 126
176 147
176 149
176 150
176 168
177 20
177 47
177 60
177 80
177 137
177 138
178 72
178 79
178 80
178 99
178 100
178 131
178 135
178 160
178 185
179 38
179 54
179 55
179 84
179 134
179 168
179 172
179 182
180 14
180 41
180 50
180 69
180 81
180 83
180 103
180 115
180 125
180 164
180 167
181 21
181 28
181 56
181 79
181 91
181 102
181 184
182 4
182 12
182 37
182 69
182 79
182 187
183 7
183 18
183 20
183 159
184 3
184 47
184 145
184 159
184 165
185 36
185 79
185 80
185 102
185 109
185 120
185 127
185 137
185 165
186 4
186 15
186 70
186 76
186 90
186 106
186 111
186 118
186 138
186 151
186 171
186 173
186 179
187 10
187 22
187 101
187 108
187 124
187 190
188 63
188 107
188 108
188 115
188 153
188 162
188 169
189 2
189 38
189 42
189 60
189 140
189 177
189 179
190 34
190 40
190 149
190 152
190 174
190 179
