190
1492
1 42
1 59
1 61
1 72
1 100
1 106
1 114
1 118
1 123
1 131
1 153
2 67
2 68
2 75
2 103
2 109
3 49
3 84
3 85
3 99
3 111
3 112
3 124
3 153
3 157
4 33
4 79
4 88
4 94
4 120
4 132
4 158
5 1
5 7
5 19
5 58
5 102
5 103
5 116
5 141
5 145
5 150
6 18
6 21
6 23
6 53
6 64
6 110
6 119
6 156
6 178
6 182
6 187
7 6
7 22
7 27
7 35
7 71
7 81
7 94
7 152
7 157
7 166
8 53
8 93
8 97
8 168
8 172
8 181
8 188
9 15
9 17
9 25
9 63
9 74
9 80
9 94
9 95
9 99
9 119
9 124
9 138
9 145
9 162
9 164
9 167
9 179
10 37
10 45
10 94
10 154
10 158
10 165
10 172
11 57
11 81
11 85
11 107
11 115
11 138
11 153
11 163
11 177
12 3
12 25
12 28
12 36
12 42
12 56
12 68
12 83
12 93
12 105
12 125
12 156
12 176
13 7
13 11
13 21
13 26
13 33
13 91
13 106
13 147
13 166
13 172
14 7
14 8
14 23
14 112
14 118
14 119
14 152
14 177
15 24
15 63
15 67
15 83
15 131
15 166
16 40
16 91
16 95
16 161
16 175
17 24
17 41
17 45
17 76
17 92
17 142
18 23
18 36
18 63
18 104
18 132
18 160
18 190
19 7
19 17
19 24
19 25
19 51
19 52
19 55
19 80
19 83
19 87
19 155
19 162
19 170
20 6
20 53
20 75
20 78
20 127
20 142
20 178
21 29
21 69
21 82
21 87
21 110
21 118
21 138
21 157
21 159
21 179
21 187
22 49
22 61
22 122
22 123
22 143
22 151
22 181
23 1
23 37
23 73
23 97
23 140
24 43
24 91
24 98
24 122
24 137
24 148
25 16
25 66
25 127
25 147
25 148
25 173
25 183
25 189
26 19
26 25
26 32
26 66
26 73
26 102
26 140
26 145
27 18
27 26
27 29
27 64
27 113
27 134
27 153
27 175
27 183
28 7
28 43
28 53
28 55
28 74
28 132
28 159
28 181
29 14
29 53
29 59
29 62
29 76
29 84
29 104
29 119
30 40
30 82
30 95
30 127
30 129
30 141
30 178
30 181
30 184
31 26
31 40
31 52
31 62
31 63
31 67
31 100
31 102
31 107
31 149
31 189
32 17
32 53
32 102
32 112
32 115
32 142
32 175
32 185
33 3
33 48
33 59
33 67
33 81
33 98
33 166
34 3
34 16
34 28
34 95
34 97
34 117
34 122
34 130
34 178
35 33
35 42
35 90
35 115
35 130
36 31
36 68
36 71
36 72
36 76
36 92
36 116
37 1
37 18
37 65
37 115
37 117
37 171
37 183
38 16
38 53
38 58
38 71
38 79
38 82
38 126
38 173
39 12
39 66
39 106
39 124
39 165
39 166
39 189
40 11
40 12
40 42
40 44
40 76
40 92
40 128
41 58
41 64
41 69
41 113
41 147
41 189
42 3
42 5
42 45
42 65
42 71
42 104
42 141
43 50
43 116
43 117
43 122
43 142
43 149
44 1
44 77
44 113
44 141
44 162
44 185
44 186
44 190
45 4
45 15
45 17
45 42
45 57
45 86
45 98
45 137
45 173
45 181
46 13
46 20
46 35
46 52
46 57
46 66
46 129
46 135
46 156
46 179
46 183
47 14
47 29
47 33
47 35
47 37
47 69
47 70
47 75
47 114
47 134
47 173
47 181
47 185
48 2
48 22
48 47
48 51
48 77
48 103
48 108
48 114
48 118
48 168
48 172
49 9
49 14
49 20
49 54
49 107
49 119
49 133
49 143
49 144
50 47
50 72
50 99
50 182
51 8
51 20
51 22
51 56
51 94
51 115
51 187
52 4
52 22
52 59
52 80
52 115
52 138
52 159
53 51
53 82
53 121
53 156
53 183
54 17
54 25
54 26
54 59
54 91
54 128
54 152
55 4
55 9
55 52
55 69
55 100
55 142
55 162
55 187
56 80
56 112
56 121
56 139
56 162
56 170
56 176
56 179
57 2
57 9
57 61
57 83
57 96
57 144
57 151
57 152
58 9
58 10
58 62
58 67
58 83
58 139
58 141
58 145
58 149
59 13
59 14
59 34
59 44
59 100
59 114
59 150
59 170
60 10
60 33
60 76
60 102
60 126
60 128
60 134
60 155
60 174
61 51
61 54
61 129
61 188
62 24
62 39
62 49
62 57
62 81
62 133
62 158
62 170
62 173
63 15
63 19
63 22
63 48
63 116
63 131
64 73
64 77
64 104
64 140
65 50
65 60
65 66
65 106
65 114
65 122
65 125
65 178
66 38
66 55
66 57
66 59
66 76
66 131
66 140
66 150
66 163
66 165
66 182
67 4
67 16
67 19
67 58
67 83
67 143
67 172
67 176
67 182
68 2
68 37
68 43
68 133
68 141
68 146
68 169
68 170
69 1
69 12
69 114
69 146
69 155
69 171
70 4
70 22
70 33
70 64
70 71
70 85
70 106
70 109
70 139
70 164
70 168
70 182
71 25
71 31
71 35
71 41
71 59
71 90
71 122
71 126
71 166
71 184
72 24
72 51
72 60
72 70
72 121
72 135
72 143
72 153
72 188
73 3
73 49
73 70
73 74
73 132
73 175
73 186
74 7
74 32
74 149
75 5
75 10
75 51
75 61
75 142
75 177
76 15
76 36
76 38
76 43
76 49
76 96
76 133
76 143
76 164
76 166
77 31
77 48
77 52
77 54
77 99
77 148
77 155
77 161
78 3
78 49
78 101
78 106
78 127
78 150
78 181
79 7
79 10
79 37
79 44
79 97
80 11
80 24
80 35
80 56
80 91
80 143
81 6
81 13
81 24
81 49
81 74
81 104
81 157
81 172
81 173
81 178
81 190
82 13
82 29
82 74
82 89
82 98
82 107
82 181
83 68
83 79
83 81
83 157
83 179
84 27
84 59
84 67
84 68
84 77
84 92
84 164
84 189
85 103
85 182
86 5
86 47
86 62
86 84
86 187
87 21
87 46
87 62
87 97
87 134
87 165
88 4
88 17
88 43
88 114
88 144
88 173
88 180
89 13
89 15
89 18
89 27
89 40
89 50
89 74
89 82
89 113
89 123
89 165
89 185
90 1
90 3
90 7
90 10
90 22
90 94
90 107
90 132
90 133
90 148
90 151
90 163
91 15
91 20
91 21
91 55
91 140
91 162
92 33
92 47
92 58
92 107
92 111
92 129
92 135
92 181
93 8
93 112
93 120
93 127
94 14
94 18
94 42
94 46
94 105
94 114
94 120
94 154
95 27
95 54
95 56
95 59
95 72
95 108
95 129
95 130
95 162
95 171
96 1
96 39
96 89
96 109
96 165
96 169
97 43
97 102
97 104
98 8
98 32
98 64
98 71
98 148
98 154
99 2
99 5
99 36
99 73
99 120
99 123
100 2
100 17
100 73
100 86
100 137
100 183
101 68
101 83
101 89
101 126
101 187
102 2
102 49
102 161
103 7
103 25
103 48
103 79
103 109
103 130
103 155
103 164
103 170
104 17
104 19
104 74
104 102
104 122
104 135
104 144
104 164
104 188
105 78
105 142
105 172
106 58
106 65
106 86
106 90
106 132
106 140
106 141
106 159
107 17
107 22
107 26
107 40
107 77
107 86
107 114
107 117
107 128
107 132
107 145
107 154
108 30
108 37
108 40
108 48
108 59
108 75
108 76
108 94
108 100
108 102
108 107
108 110
108 112
108 116
108 127
109 10
109 19
109 73
109 78
109 98
109 125
109 145
109 189
110 29
110 91
110 92
110 94
110 99
110 109
110 113
110 175
111 106
111 126
111 147
111 170
112 2
112 32
112 88
112 92
112 140
112 142
113 34
113 54
113 74
113 78
113 89
113 143
113 152
113 172
113 179
114 50
114 73
114 77
114 129
114 130
114 135
114 139
114 154
114 172
114 187
115 15
115 90
116 4
116 5
116 45
116 66
116 107
116 123
116 142
116 186
117 16
117 59
117 62
117 96
118 9
118 14
118 18
118 23
118 26
118 91
118 106
118 111
118 174
118 187
119 52
119 76
119 82
119 115
119 138
119 167
120 2
120 3
120 16
120 45
120 92
120 106
120 114
120 136
120 165
121 36
121 45
121 58
121 100
121 110
121 120
121 122
121 123
121 146
121 165
121 172
122 11
122 15
122 23
122 35
122 68
122 93
122 121
122 127
122 149
122 179
123 20
123 22
123 30
123 78
123 88
123 104
123 106
123 134
123 140
124 18
124 33
124 34
124 37
124 54
124 91
124 94
124 100
124 112
124 125
124 140
124 160
124 164
124 173
124 175
124 178
124 180
124 188
124 190
125 14
125 62
126 7
126 30
126 34
126 37
126 47
126 77
126 85
126 114
126 135
126 166
126 169
126 172
127 17
127 27
127 35
127 53
127 90
127 95
127 118
127 138
127 142
127 179
128 16
128 31
128 32
128 42
128 65
128 81
128 169
128 170
128 186
128 189
129 30
129 44
129 69
129 70
129 85
129 94
129 115
129 180
129 186
130 52
130 54
130 139
130 185
130 186
131 13
131 31
131 40
131 45
131 54
131 107
131 177
132 95
132 179
132 183
132 188
132 190
133 1
133 21
133 32
133 91
133 143
134 53
134 68
134 79
134 81
134 130
134 146
134 172
134 180
135 1
135 19
135 72
135 79
135 151
135 171
135 180
136 60
136 161
136 176
137 56
137 75
137 92
137 109
137 117
137 119
137 132
137 144
137 161
137 164
137 172
137 190
138 14
138 18
138 38
138 53
138 96
138 98
138 140
138 146
138 160
138 165
139 68
139 96
139 107
139 132
139 165
139 172
139 174
140 24
140 60
140 68
140 103
140 153
140 190
141 7
141 46
141 57
141 58
141 63
141 84
141 86
141 155
142 29
142 91
142 112
142 136
142 146
142 183
143 78
143 82
143 111
143 112
143 114
143 116
143 120
143 126
143 135
143 145
144 7
144 9
144 21
144 25
144 40
144 94
144 104
144 132
144 168
145 42
145 55
145 64
145 72
145 104
145 117
145 148
145 172
145 188
146 13
146 50
146 69
146 75
146 96
147 17
147 33
147 43
147 44
147 66
147 71
147 103
147 127
148 24
148 29
148 66
148 93
148 94
148 124
148 128
148 179
149 10
149 12
149 27
149 79
149 85
149 128
149 157
149 174
149 182
149 189
150 5
150 14
150 31
150 85
150 90
150 143
150 167
151 6
151 60
151 71
151 87
151 104
151 126
151 129
151 161
151 167
152 44
152 47
152 59
152 101
152 129
152 177
153 12
153 14
153 119
153 147
153 180
153 189
154 3
154 16
154 29
154 46
154 69
154 72
154 101
154 121
154 129
154 163
155 37
155 38
155 48
155 53
155 75
155 76
155 81
155 85
155 94
155 106
155 144
155 150
156 71
156 75
156 80
156 114
156 115
156 124
156 134
156 143
156 147
157 14
157 19
157 48
157 51
157 100
157 110
157 139
157 187
157 189
158 27
158 50
158 57
158 59
158 78
158 79
158 130
158 157
159 25
159 81
159 100
160 6
160 7
160 48
160 96
160 105
160 154
160 161
160 175
160 188
161 37
161 52
161 57
161 80
161 97
161 112
161 119
161 128
162 26
162 37
162 41
162 54
162 84
162 96
162 105
162 181
163 21
163 22
163 57
163 78
163 93
163 110
164 30
164 31
164 55
164 59
164 63
164 74
164 102
164 114
164 122
165 60
165 64
165 81
165 88
165 104
165 122
165 140
165 151
166 8
166 39
166 103
166 110
166 112
166 113
166 122
166 125
166 141
166 153
167 25
167 51
167 73
167 98
167 117
167 160
167 174
167 187
168 66
168 75
168 113
168 128
168 129
168 174
168 182
169 5
169 41
169 98
169 144
169 188
170 17
170 32
170 65
170 79
170 172
171 15
171 49
171 56
171 69
171 125
171 156
171 160
172 4
172 12
172 26
172 98
172 114
172 119
172 146
173 9
173 50
173 77
173 98
173 106
173 119
174 14
174 50
174 71
174 87
174 130
174 165
175 1
175 49
175 61
175 95
175 96
175 112
175 150
176 53
176 73
176 102
176 127
176 147
176 148
177 8
177 52
177 69
177 72
177 94
177 98
177 120
177 154
178 32
178 95
178 115
178 172
178 175
179 7
179 19
179 37
179 101
179 102
179 118
179 127
179 129
179 174
180 29
180 41
180 54
180 93
180 102
180 107
180 125
180 132
180 174
180 188
181 16
181 37
181 62
181 64
181 99
181 128
181 132
181 147
181 166
181 185
181 188
182 5
182 43
182 67
182 72
182 106
182 149
182 178
183 17
183 52
183 53
183 55
183 59
183 94
183 96
183 98
183 113
183 124
183 134
183 165
183 185
183 189
184 2
184 27
184 47
184 66
184 68
184 109
184 118
184 134
184 139
184 142
184 183
184 187
185 6
185 22
185 29
185 31
185 41
185 42
185 56
185 96
185 188
186 47
186 52
186 71
186 74
186 78
186 86
186 117
186 187
187 14
187 18
187 42
187 51
187 118
187 130
187 131
187 146
188 4
188 44
188 56
188 74
188 78
188 127
188 140
188 181
189 7
189 30
189 70
189 74
189 83
189 138
189 178
189 188
190 7
190 16
190 79
190 144
190 158
190 176
