190
939
1 39
2 57
2 130
3 12
3 47
3 187
4 8
4 17
4 55
4 62
4 97
4 121
4 168
5 11
5 91
5 104
5 181
5 183
6 37
6 66
6 89
6 100
6 113
7 64
7 145
8 13
8 67
8 109
8 121
8 145
8 160
8 172
9 10
9 26
9 116
9 185
10 2
10 4
10 68
10 84
10 93
10 96
10 120
10 169
11 139
12 4
12 95
12 158
12 176
12 185
13 58
13 80
13 97
13 99
13 118
13 150
13 161
14 6
14 87
14 138
14 179
15 5
15 32
15 92
15 131
15 141
15 150
15 157
16 55
16 97
16 183
17 15
17 36
17 39
17 90
18 102
19 43
19 147
19 157
19 176
20 24
20 32
20 156
20 157
21 15
21 37
21 46
21 60
21 66
21 109
21 117
21 120
21 152
22 29
22 101
22 126
22 137
22 159
23 11
23 62
23 63
23 92
23 95
23 105
23 182
23 183
24 14
24 28
24 91
24 93
24 168
24 181
24 183
25 8
25 32
25 34
25 37
25 39
25 52
25 67
26 32
26 57
26 84
26 104
26 147
26 183
27 4
27 23
27 57
27 141
27 152
27 177
28 76
28 119
28 122
28 177
29 19
29 24
29 54
29 123
29 190
30 19
30 44
31 171
31 186
31 189
32 6
32 14
32 48
32 163
32 185
33 48
33 54
33 78
33 80
33 105
33 160
33 169
34 17
34 66
34 91
34 97
34 112
34 127
34 142
34 163
34 182
35 4
35 154
36 123
36 155
36 190
37 138
37 141
38 40
38 46
38 86
38 91
38 114
38 125
38 132
38 158
38 165
39 23
39 75
39 131
39 134
39 178
40 33
40 89
40 155
41 7
41 45
41 52
41 72
41 89
41 104
41 139
41 160
41 162
41 164
41 183
42 51
42 68
42 137
42 140
42 149
42 156
42 178
43 3
43 33
43 44
43 59
43 75
43 129
43 150
43 168
44 3
44 36
44 48
44 70
44 128
44 170
45 63
45 142
45 144
46 62
46 72
46 99
46 105
46 144
46 158
46 177
47 15
47 28
47 86
47 109
47 117
47 145
47 164
47 167
48 72
48 92
49 6
49 61
49 87
49 103
49 116
49 168
50 28
50 43
50 71
50 88
51 24
51 172
52 2
52 84
52 137
53 13
53 23
53 58
53 111
53 136
53 160
54 8
54 24
54 47
54 63
54 90
54 122
54 147
54 154
54 161
55 31
55 75
55 78
55 145
55 157
56 6
56 14
56 50
56 64
56 117
57 34
57 70
57 106
57 115
57 124
57 131
57 166
58 5
58 48
58 55
58 171
58 188
59 133
59 150
60 21
60 102
60 109
60 133
60 176
61 38
61 46
61 85
61 144
61 156
61 179
62 38
62 79
62 98
63 24
63 31
63 61
63 66
63 74
63 75
63 130
63 174
64 94
64 121
64 142
64 160
65 24
65 96
65 105
65 154
66 55
66 57
66 184
67 22
67 30
67 39
67 46
67 146
67 154
67 168
68 45
68 106
68 123
68 128
68 134
68 175
69 3
69 130
70 38
70 43
70 55
70 73
70 74
70 94
70 107
70 108
71 25
71 63
71 67
71 156
72 128
72 172
72 180
72 182
73 120
73 142
73 150
74 78
74 113
74 127
74 150
74 164
74 167
75 53
75 60
75 104
75 127
75 138
75 156
75 161
75 165
75 176
76 30
76 35
76 72
76 124
76 145
77 45
77 47
77 54
77 130
77 166
78 75
78 95
78 189
79 50
79 97
79 110
79 111
79 114
80 11
80 47
80 64
80 94
80 103
80 124
80 130
80 158
82 75
82 91
82 155
82 162
83 15
83 80
83 115
83 136
83 177
83 183
84 14
84 23
84 64
84 93
84 131
84 141
84 145
84 163
84 172
84 178
85 44
85 46
85 110
85 122
85 169
86 64
86 99
86 134
86 187
87 50
87 76
87 85
87 115
88 36
88 83
88 149
89 21
89 31
89 53
89 93
89 103
89 122
90 2
90 25
90 70
90 103
90 149
90 178
90 179
91 3
91 4
91 44
91 101
91 139
91 173
92 71
92 94
92 109
93 13
93 52
93 125
93 141
94 36
94 47
94 186
95 13
95 42
95 63
95 111
95 119
96 43
96 44
96 78
96 148
96 161
96 188
97 19
97 25
97 58
97 72
98 11
98 16
98 29
98 34
98 69
98 88
98 128
98 137
99 12
99 44
99 94
99 100
99 118
100 151
100 185
101 5
101 71
101 104
101 120
101 174
102 68
102 157
103 20
103 32
103 125
104 59
104 148
104 189
105 92
105 97
106 65
106 75
106 147
107 56
107 58
107 158
107 173
108 7
108 26
108 33
108 62
108 89
108 114
108 116
108 124
108 130
108 132
108 135
108 161
108 180
109 140
109 176
110 58
110 93
110 121
110 131
110 160
110 162
111 49
111 122
111 131
111 174
112 1
112 14
112 27
112 36
112 55
112 83
112 100
112 150
112 155
112 156
113 27
113 31
113 96
113 144
113 164
113 175
114 29
114 74
114 136
114 175
115 1
115 62
116 93
116 111
116 114
116 139
116 173
117 21
117 25
117 91
117 92
117 108
118 8
118 99
119 25
119 51
119 62
119 90
119 99
119 130
119 133
119 138
119 165
120 25
120 74
120 101
120 106
120 173
121 11
121 21
121 92
121 143
121 145
121 148
122 15
122 18
122 51
122 54
122 115
122 176
123 71
123 122
123 176
124 31
124 49
124 147
125 1
125 25
125 133
126 34
126 61
126 70
126 88
126 106
126 176
127 4
127 24
127 30
127 118
127 120
127 123
127 134
127 174
128 30
128 43
128 64
128 99
128 157
129 119
129 123
130 1
130 17
130 104
130 121
130 158
130 185
130 188
131 3
131 19
131 36
131 57
131 60
131 75
131 115
131 165
132 26
132 54
132 59
132 67
132 115
132 126
132 171
133 17
133 37
133 39
133 58
133 68
133 159
133 166
134 10
135 19
135 63
135 114
135 128
135 138
135 150
136 18
136 22
136 82
136 105
137 34
137 81
137 111
137 126
137 129
137 135
137 157
137 180
138 10
138 24
138 60
138 92
138 115
138 119
139 67
139 118
139 130
139 179
140 51
140 66
140 68
140 118
140 173
141 18
141 28
141 34
141 58
142 75
142 103
142 111
142 130
142 141
142 143
142 160
142 165
142 186
143 7
143 30
143 49
143 65
143 163
143 186
144 31
144 76
144 105
144 171
144 177
145 12
145 49
145 84
145 162
146 1
146 44
146 60
146 68
146 79
146 136
146 145
146 181
147 11
147 43
147 118
147 134
147 190
148 76
148 87
148 158
148 177
149 3
149 29
149 61
149 113
149 125
149 189
150 57
150 70
150 144
151 18
151 36
151 47
151 62
151 69
151 83
151 87
151 116
151 130
151 165
151 184
151 188
152 125
152 147
152 171
152 184
153 3
153 98
153 148
154 28
154 37
154 54
154 72
154 97
154 175
155 31
155 39
155 141
155 146
155 159
155 162
155 164
156 26
156 68
156 105
156 135
157 58
157 68
157 173
158 28
158 36
158 43
158 49
158 118
158 151
158 162
159 100
159 128
159 149
160 49
160 113
160 124
161 22
161 78
161 87
162 22
162 54
162 56
162 87
162 121
162 138
162 142
162 164
162 171
163 76
163 153
164 2
164 29
164 91
164 116
164 158
164 163
164 188
165 101
165 148
165 157
166 48
166 79
166 100
166 104
166 152
167 24
167 104
167 115
168 122
169 20
169 61
169 69
169 102
169 131
170 16
170 28
170 45
170 46
170 80
170 105
171 32
171 91
172 45
172 57
172 73
172 137
172 161
172 182
173 39
173 68
173 106
173 121
174 3
174 92
174 117
174 126
174 132
174 139
174 140
174 163
174 181
175 6
175 54
175 58
175 80
175 170
175 177
176 52
176 163
177 38
177 165
178 17
178 95
178 128
178 129
178 145
178 157
178 161
179 47
179 60
179 111
179 131
179 151
180 115
180 137
181 15
181 176
182 64
182 66
182 79
182 86
182 94
182 112
182 114
182 132
182 166
183 26
183 99
183 153
184 5
184 17
184 21
184 61
184 87
185 8
185 22
185 25
185 27
185 78
185 128
185 130
185 141
185 157
186 65
186 114
187 91
187 100
187 152
188 73
188 90
189 22
189 36
189 37
189 40
189 71
190 21
190 93
190 118
190 164
