2000
3998
1 1957
2 282
2 457
2 1074
2 1107
2 1525
3 520
3 850
4 783
4 1181
5 260
6 163
6 211
6 785
7 242
7 1296
7 1754
8 1180
8 1338
11 1923
12 253
12 717
12 1337
12 1456
13 152
13 1976
14 111
14 835
14 1182
15 1205
15 1447
16 201
16 408
18 1126
18 1521
18 1752
19 664
20 361
20 713
20 1099
21 20
21 1789
22 17
22 365
22 413
22 1215
22 1695
22 1996
23 1521
24 634
24 928
25 107
25 205
25 1952
26 116
26 1421
26 1488
27 811
27 1473
29 53
29 184
29 1735
30 411
30 656
30 755
30 1019
31 393
31 848
31 913
31 1090
31 1996
32 784
34 1854
35 282
36 392
37 700
38 859
38 1014
39 788
40 951
40 1043
41 620
41 1419
42 302
42 773
42 1286
42 1304
44 1495
45 1138
45 1372
46 522
46 1106
46 1347
46 1453
47 576
47 1764
47 1768
48 17
48 176
51 221
51 677
51 1730
52 1019
53 149
53 626
55 1379
55 1410
56 622
57 1263
57 1475
57 1720
57 1734
58 40
58 230
58 989
59 530
60 77
60 1140
61 487
61 635
61 835
61 1192
62 13
62 513
63 874
63 1170
63 1707
64 50
64 156
64 579
65 871
65 1737
66 455
66 839
66 950
66 1486
66 1726
67 57
67 197
68 128
68 853
69 1558
71 412
71 442
71 1403
71 1890
72 725
73 320
73 1268
73 1574
74 281
74 580
74 945
74 1400
75 807
76 116
76 715
76 1963
78 1976
79 587
79 981
79 1924
81 395
81 588
81 879
82 1147
83 1169
83 1577
84 296
84 669
84 1562
84 1893
85 827
85 1294
86 525
86 676
86 738
86 1742
87 537
87 817
89 757
91 1777
91 1944
92 220
92 1685
93 1150
95 87
95 473
95 510
96 13
96 698
96 1678
97 31
97 54
97 565
97 1162
97 1328
99 1792
99 1809
100 259
100 1189
100 1560
100 1797
101 1240
101 1674
102 341
103 533
103 1755
104 169
104 419
104 552
106 874
106 974
106 1637
106 1986
107 624
107 1302
108 276
108 485
108 630
110 1274
110 1723
111 424
111 562
111 914
112 546
112 1589
113 288
115 514
115 531
115 945
115 1588
116 187
117 488
117 572
117 693
117 1552
118 944
118 1671
119 1468
120 204
120 866
121 12
121 87
121 1008
121 1045
121 1757
122 1029
123 1737
124 165
124 1279
126 231
127 132
127 800
128 174
128 758
128 907
129 127
129 1175
129 1577
129 1783
129 1939
130 159
130 1137
130 1808
130 1995
131 707
132 532
132 1340
132 1793
133 347
133 499
134 466
134 581
135 282
135 392
135 500
135 642
135 818
137 1170
137 1358
138 528
138 911
138 1071
138 1962
139 181
139 1279
139 1383
140 1295
140 1643
141 81
141 662
141 846
142 1152
142 1503
142 1780
142 1939
143 251
144 919
144 1140
145 335
145 429
146 1573
147 869
149 431
149 1124
151 1485
152 813
153 1067
154 488
154 1844
155 1003
156 975
156 1771
156 1919
157 11
157 324
157 972
158 1951
160 136
160 744
161 1432
163 57
163 1459
163 1828
165 1888
166 1872
166 1996
167 175
168 886
168 1541
169 326
169 568
169 1082
169 1462
170 482
170 1534
170 1679
171 387
171 861
171 1244
172 429
172 448
172 1749
173 980
174 985
174 1934
175 975
175 1017
175 1155
175 1423
176 840
176 1244
176 1942
177 514
177 1744
178 1287
179 842
179 1292
180 316
180 1858
181 653
181 1029
181 1156
181 1439
181 1821
182 843
182 897
183 487
183 878
183 1245
183 1543
183 1988
184 1485
186 284
187 372
187 1306
187 1696
188 976
189 342
189 557
190 606
190 1270
190 1517
191 690
192 200
193 1828
194 387
194 725
196 966
197 606
197 985
198 1529
198 1845
199 1533
199 1968
200 797
200 1327
201 1680
202 192
202 1957
202 1991
202 1996
204 477
204 913
204 988
204 1610
205 243
205 1035
205 1102
205 1214
205 1937
206 902
207 736
208 86
208 316
210 371
210 1577
211 301
211 696
211 1037
211 1362
212 582
212 1043
212 1053
212 1568
213 106
215 310
216 318
217 674
218 353
219 719
220 853
220 865
220 1358
220 1846
221 1966
222 890
223 1706
224 256
224 583
225 326
225 537
225 1980
227 1517
228 992
228 1347
231 1166
231 1233
231 1527
232 1276
232 1389
233 797
234 44
235 149
235 936
235 971
235 1165
235 1627
236 1370
238 123
238 734
238 1513
239 1334
239 1658
240 1995
241 1462
242 152
242 298
242 600
242 952
242 1540
243 559
243 616
244 985
244 1349
244 1364
246 618
246 959
246 1742
247 1093
248 178
248 605
248 937
248 1893
249 278
249 499
250 478
250 1390
250 1693
250 1914
250 1938
251 291
251 379
251 424
251 928
251 971
252 349
252 1015
252 1098
252 1616
253 465
253 730
255 459
256 372
256 472
256 1084
256 1148
257 1
257 30
257 120
257 591
257 1531
258 554
258 752
258 867
258 905
258 1137
258 1611
258 1666
259 92
259 1733
260 444
260 748
261 100
261 793
262 1684
264 196
264 820
264 1924
266 1887
267 39
268 1422
268 1586
268 1943
269 1973
270 184
270 797
271 1479
272 244
272 1370
273 555
274 1852
275 1153
275 1268
275 1893
275 1928
276 61
277 55
277 1155
278 171
278 426
278 1015
279 1252
280 386
281 544
281 879
281 1354
282 482
282 1932
283 63
283 1031
283 1209
283 1907
284 319
284 975
285 511
285 1179
285 1364
285 1532
285 1682
286 970
286 1765
287 764
288 150
289 776
290 1692
290 1765
291 1542
291 1636
292 1504
293 411
293 849
293 1133
293 1245
294 1961
295 1282
297 386
297 577
298 253
298 855
298 1912
299 481
299 1654
300 137
300 1747
301 357
301 528
302 1915
303 800
303 1575
303 1747
304 603
304 690
304 1194
305 208
305 300
305 1298
306 705
307 708
307 1608
308 1108
308 1541
308 1565
309 53
309 103
309 108
309 521
310 5
310 1181
310 1486
312 1620
313 1090
315 34
315 188
316 945
317 87
317 325
317 516
319 362
319 1421
320 1798
320 1944
321 666
321 1046
322 98
322 544
322 1994
323 172
323 188
323 526
323 741
323 1340
323 1713
324 379
324 491
324 1013
324 1501
324 1752
325 108
325 618
326 462
327 19
327 584
328 1759
329 360
329 1571
329 1724
330 1429
332 826
332 1208
333 37
333 1280
333 1853
334 411
335 1455
335 1650
335 1691
336 532
337 476
337 1443
338 28
338 771
338 1118
339 324
339 1376
340 598
340 719
342 809
343 1508
343 1980
344 206
344 1301
344 1551
345 329
345 523
345 725
345 840
346 362
346 781
346 916
346 1051
347 1124
347 1955
348 7
348 1650
349 1386
349 1695
350 1659
351 559
352 73
352 1808
353 1392
354 443
354 465
354 492
354 855
355 683
355 792
355 959
356 1366
356 1403
357 305
357 429
357 997
357 1546
359 1046
360 42
360 691
360 844
360 1076
362 711
362 1153
362 1603
362 1791
364 549
364 1381
366 1379
367 1120
367 1756
368 1833
368 1978
369 1115
369 1243
370 425
370 605
370 770
371 937
371 1206
372 15
372 1616
374 1158
375 434
375 587
375 1304
376 60
376 280
376 377
377 296
377 1920
378 1075
379 889
379 909
379 1400
380 545
381 881
382 269
382 270
382 328
382 1221
382 1515
383 414
383 1446
383 1570
384 594
385 258
385 526
385 961
387 337
388 1164
388 1587
389 391
389 543
389 779
389 1129
391 850
391 1682
391 1847
392 277
392 701
392 1620
393 95
394 459
394 1019
395 1460
395 1525
395 1553
396 304
397 71
397 912
397 1001
399 68
400 510
400 965
400 1801
401 141
401 636
401 1081
402 33
402 721
403 753
404 1421
404 1613
404 1711
404 1713
405 237
405 545
405 1549
405 1554
405 1664
406 337
407 930
409 3
409 955
410 1417
410 1643
412 348
413 912
414 208
414 824
416 133
417 1373
418 429
419 1539
420 835
420 1542
421 470
421 1137
421 1286
422 11
422 321
422 977
422 985
422 1089
423 1311
424 537
424 1489
425 142
425 385
425 635
425 1532
426 10
426 1560
427 779
427 1200
428 730
428 1390
428 1721
429 446
430 973
430 1172
431 242
431 1461
431 1738
432 206
432 870
433 1314
433 1339
433 1596
434 1664
434 1674
435 281
435 627
435 716
435 738
435 1781
435 1929
436 895
436 1034
436 1855
437 872
438 723
438 1241
438 1310
438 1722
438 1883
439 413
439 1318
439 1586
440 263
440 849
441 98
441 516
441 1507
441 1519
442 393
442 1497
443 986
443 1869
444 956
445 496
445 948
445 1267
447 381
447 427
447 1818
448 321
448 401
448 1653
449 77
449 601
449 1273
450 65
450 831
450 1768
452 614
453 1210
453 1452
454 210
454 605
456 313
456 823
457 263
457 968
457 979
457 1076
458 219
458 1951
459 679
460 203
460 772
460 850
461 68
461 1051
461 1263
463 1410
463 1660
463 1730
464 1112
465 328
465 602
466 580
466 1932
466 1986
467 31
467 442
467 732
468 1844
469 961
470 1593
471 731
471 1366
472 1048
473 1425
473 1808
473 1829
474 99
474 579
474 835
474 1141
474 1809
475 72
475 698
475 1374
476 460
476 1238
476 1959
476 1993
477 963
477 1323
477 1629
477 1863
479 311
480 722
480 844
481 419
481 1450
481 1903
482 448
482 1117
482 1783
482 1824
483 1686
484 515
486 169
487 91
487 427
487 452
488 246
488 742
488 1049
488 1114
489 169
489 237
489 316
489 1688
490 210
490 558
490 1698
491 1382
492 1858
493 509
493 1126
493 1733
494 1369
495 1269
495 1431
496 385
497 1326
498 191
498 385
498 982
499 226
499 1509
499 1943
499 1961
500 959
501 1229
502 580
502 625
502 1251
503 611
503 1398
503 1906
503 1992
504 460
504 1253
504 1785
506 213
506 1585
507 281
507 420
507 842
507 1128
507 1277
507 1905
508 1124
509 328
510 929
510 1385
510 1576
510 1687
511 86
511 453
512 188
512 282
515 1165
515 1424
515 1426
515 1953
517 1645
517 1699
518 108
518 1240
519 1683
520 617
520 1244
520 1494
521 1131
523 12
523 1026
524 1687
524 1994
525 739
525 1368
526 162
526 293
526 394
526 656
526 967
527 1339
527 1358
527 1495
527 1673
528 690
528 1181
528 1845
529 698
529 897
529 1594
530 1193
530 1590
531 1243
532 970
532 1554
532 1992
533 1078
534 877
534 1086
535 1095
536 177
537 688
538 1954
539 163
539 165
539 210
539 360
540 1385
542 203
543 1735
544 664
545 483
546 22
546 242
546 802
546 1270
547 301
548 913
548 1220
548 1850
549 721
549 1487
549 1512
549 1659
549 1952
550 1641
550 1878
552 245
552 564
552 1334
553 1345
553 1545
553 1641
554 108
555 729
556 109
557 391
557 987
558 344
558 930
558 1469
559 230
559 1587
559 1929
559 1971
560 459
561 53
561 1110
561 1390
562 791
562 1263
562 1283
563 156
564 344
564 874
564 1004
564 1255
565 1996
566 205
566 1627
567 443
567 1200
567 1769
568 127
568 511
568 1054
568 1431
569 132
569 310
569 1009
569 1808
569 1826
570 63
570 692
570 1431
570 1962
571 567
571 826
573 186
574 478
575 440
575 595
576 375
576 1779
576 1829
576 1954
578 283
579 522
579 718
580 320
580 372
580 990
580 1097
581 115
582 945
583 250
583 1782
584 1150
585 618
585 832
585 1237
585 1490
586 1411
587 1818
588 209
590 1841
590 1974
591 189
591 1494
592 295
593 98
593 299
593 721
595 363
595 366
595 1230
596 79
596 90
596 1405
597 1086
597 1651
598 505
598 624
598 823
599 133
599 343
599 1062
600 177
600 1512
601 454
601 486
602 160
602 1215
603 792
604 557
604 1493
605 1172
605 1770
606 1714
607 1254
607 1507
608 391
608 657
608 1165
608 1255
608 1823
608 1924
611 367
611 771
611 1325
611 1879
611 1918
612 950
612 1169
612 1382
613 1360
613 1649
613 1693
614 276
614 475
614 1767
615 291
615 587
615 1575
616 1234
617 635
617 956
617 1032
617 1057
618 371
618 538
618 969
619 1001
619 1265
620 622
620 878
622 662
622 748
622 759
622 895
623 191
623 903
623 1733
624 156
624 674
624 1812
624 1871
625 847
626 1285
626 1355
627 18
627 1178
630 13
630 387
630 451
631 350
631 510
631 1683
631 1825
632 696
632 1208
632 1715
633 130
633 1051
634 361
634 510
634 686
636 567
636 643
636 755
636 1112
636 1314
637 799
638 364
638 1209
639 728
639 800
639 927
640 1797
641 487
641 885
642 295
642 360
642 739
643 861
643 998
644 398
644 850
644 1388
644 1485
645 359
645 1351
645 1973
645 1994
646 634
647 737
647 1840
648 1144
649 112
649 118
649 430
649 505
650 661
651 1479
651 1595
652 615
652 1643
653 281
653 1555
654 912
654 953
654 1899
655 302
655 1433
656 114
656 893
656 1069
656 1163
657 1206
658 1545
660 317
661 1462
661 1669
662 755
662 874
662 1722
663 945
663 1075
663 1648
663 1819
664 669
664 950
664 1029
664 1763
665 1328
665 1656
666 483
667 599
667 665
667 884
668 911
668 1048
668 1866
669 679
669 844
669 1057
671 330
672 1050
672 1156
673 588
673 606
673 1197
674 879
674 1991
675 761
676 1509
677 803
677 846
678 156
678 554
678 1244
678 1497
679 856
679 1272
679 1278
679 1318
680 397
680 1378
681 227
681 1136
681 1750
682 1169
682 1293
682 1655
683 153
683 684
683 1870
684 1492
684 1498
686 1800
687 800
687 1537
687 1809
688 846
688 1847
688 1951
689 102
689 694
689 971
689 1167
689 1341
689 1431
689 1565
689 1700
690 993
690 1815
691 396
691 549
692 1814
693 317
693 1750
694 1783
695 111
695 864
696 64
696 312
696 931
696 1244
696 1724
696 1865
697 1370
698 589
698 641
699 8
699 186
699 901
699 1074
699 1455
700 161
701 752
701 992
701 1125
702 785
702 850
702 1905
703 125
703 275
703 336
703 1987
704 1816
705 1855
706 565
706 1991
707 365
707 1507
708 116
708 1200
708 1900
708 1950
709 1869
710 1133
710 1964
711 1741
712 322
712 1621
713 240
713 1717
716 1841
717 279
717 517
717 1492
718 672
718 1572
719 1374
720 1101
721 1425
722 387
722 718
722 860
722 1417
723 519
723 948
723 1292
723 1858
724 483
724 521
724 955
724 1644
725 660
725 1360
726 390
726 760
726 1395
726 1528
727 153
727 1232
727 1801
728 1268
728 1684
728 1725
729 309
729 535
729 1246
730 1739
730 1799
731 740
731 853
731 1039
731 1111
732 204
732 1574
732 1603
732 1927
733 1996
734 681
735 201
735 226
735 927
735 1292
736 129
736 1259
737 1301
737 1777
738 32
738 1181
738 1586
738 1882
739 470
739 809
740 19
740 490
741 78
741 1012
742 196
742 504
743 248
743 443
743 787
743 1877
743 1948
744 414
744 993
745 1168
748 513
749 994
749 1310
749 1560
750 601
752 1115
753 371
753 1111
753 1296
754 1000
754 1496
755 26
755 391
756 986
757 1517
757 1557
757 1685
758 69
758 495
758 1374
758 1831
759 1623
760 868
761 635
762 1748
763 1487
763 1558
764 193
764 972
764 1115
765 1056
767 706
768 935
768 1418
769 196
769 508
769 527
769 572
770 1834
770 1989
771 889
772 500
772 1121
773 236
773 585
774 1790
774 1987
775 1384
775 1407
775 1541
775 1990
776 1393
777 1086
778 1170
779 423
779 1165
779 1283
779 1542
779 1702
779 1918
781 877
783 151
783 610
784 799
785 964
785 1160
785 1963
787 874
787 1633
788 433
789 11
789 477
789 483
789 733
790 1714
791 102
791 872
791 955
792 1284
793 359
793 986
793 1852
793 1860
795 1773
796 452
797 63
797 381
799 856
799 1584
800 565
800 864
801 1431
802 1272
802 1658
802 1929
804 117
804 439
804 658
805 89
805 587
806 38
806 161
807 888
808 214
808 1528
809 1009
810 1794
811 200
812 77
812 653
812 1131
813 977
813 1686
814 1038
814 1450
815 42
815 189
815 607
815 1435
816 659
816 1327
816 1792
817 1374
818 88
818 278
818 907
818 1217
818 1816
819 264
819 569
819 729
819 1135
820 406
821 1732
822 654
822 1247
823 751
826 95
826 422
826 511
826 769
826 1309
826 1800
827 1333
828 16
828 84
828 409
828 1177
828 1503
830 822
831 91
832 406
833 698
834 907
835 335
835 971
836 318
836 358
836 1089
837 384
837 969
837 1041
838 148
839 18
839 105
839 872
840 124
840 580
840 1849
841 213
841 222
841 445
841 619
841 1744
841 1849
842 1420
843 446
843 1225
844 154
844 1756
845 639
845 1895
846 1022
847 456
847 684
848 173
848 552
848 1513
848 1971
849 358
849 755
850 503
850 684
850 1132
850 1324
851 1058
852 1220
854 771
855 1475
855 1565
855 1902
856 194
856 430
857 1810
858 1043
858 1726
859 194
859 318
859 632
859 885
859 1762
860 1779
861 1691
861 1913
861 1932
863 473
864 1879
865 1005
865 1023
865 1073
865 1724
866 1059
866 1349
867 1252
867 1336
867 1835
868 253
868 911
868 1693
868 1835
869 277
870 1660
870 1841
872 40
872 1222
873 425
874 601
874 602
875 905
875 1575
876 1270
877 33
877 1120
878 495
879 372
879 1029
879 1554
880 877
881 1952
882 327
882 1165
882 1524
882 1587
882 1790
883 203
883 618
883 1462
883 1609
884 482
884 537
884 993
885 290
885 1506
885 1879
886 619
886 927
886 1126
886 1577
887 744
887 961
887 1277
887 1615
888 603
888 952
888 1295
888 1927
888 1977
889 1084
890 1235
890 1765
891 1070
892 906
892 977
892 1166
892 1655
893 268
893 296
893 749
893 1743
894 424
894 469
894 996
894 1214
895 649
895 1179
895 1244
895 1742
896 236
896 1147
897 1735
898 176
898 342
899 605
899 906
899 1657
899 1745
899 1933
900 1746
900 1767
901 684
902 836
903 1779
904 465
904 1046
904 1383
904 1671
906 833
907 732
907 806
907 1839
908 248
908 256
908 907
908 1098
909 1061
910 161
910 397
910 1229
912 1010
913 1454
914 42
914 1089
914 1335
915 386
915 966
916 905
916 1224
916 1315
916 1870
917 424
917 791
917 974
918 324
918 1317
919 265
919 1416
919 1424
920 642
920 1695
923 189
923 759
923 1370
923 1469
923 1570
924 72
924 101
924 238
924 570
924 1301
925 89
925 141
925 1048
925 1582
926 540
926 1340
926 1698
928 615
929 1627
929 1725
930 1541
930 1542
930 1672
931 1269
932 718
932 723
932 1982
933 628
933 1571
934 322
935 1988
936 39
936 765
936 1679
936 1697
937 1845
938 892
939 1105
940 723
940 1285
941 997
942 288
942 643
943 703
943 866
943 1625
944 185
944 570
944 1017
944 1752
945 1180
946 885
947 525
947 609
948 269
948 890
949 488
949 831
949 1317
950 1155
950 1697
951 53
951 408
951 1003
951 1397
951 1447
951 1743
952 211
952 332
952 863
953 258
953 480
953 723
953 1315
954 382
955 241
955 920
956 817
956 1443
956 1501
957 295
957 497
957 1429
958 811
959 390
960 60
961 955
962 271
962 1196
963 1172
963 1294
965 45
965 875
965 881
965 1451
965 1515
965 1693
966 1648
968 986
968 1140
968 1439
968 1548
969 972
970 627
971 469
972 1266
972 1580
973 1176
974 932
974 1093
974 1686
975 271
975 437
975 438
975 968
975 1858
976 289
977 1397
978 669
978 1447
979 510
979 704
979 1968
980 1871
981 351
981 625
981 743
982 61
982 897
982 1866
983 925
984 208
984 1555
984 1558
984 1846
985 546
986 194
986 361
986 1622
986 1805
986 1958
987 421
987 1229
987 1753
988 555
989 514
990 1582
991 955
992 1262
992 1905
993 443
993 514
993 1723
994 174
994 1769
995 1302
996 1788
997 195
997 919
997 1190
997 1302
998 137
998 604
998 766
998 837
998 1576
998 1808
998 1963
999 486
1001 1225
1001 1676
1001 1733
1002 350
1004 232
1004 1050
1004 1744
1005 609
1005 1363
1006 134
1006 624
1006 671
1007 1252
1007 1761
1008 712
1008 1051
1009 781
1010 1159
1010 1555
1011 76
1011 215
1012 677
1012 1939
1013 1048
1016 567
1016 733
1017 93
1017 686
1017 860
1017 1435
1018 723
1018 854
1018 1571
1018 1608
1019 848
1019 1401
1020 94
1020 470
1020 1424
1020 1609
1020 1783
1021 770
1021 1944
1022 219
1022 733
1024 587
1024 903
1024 1295
1024 1483
1025 94
1025 615
1026 1193
1027 145
1027 940
1027 1065
1028 382
1028 768
1031 1067
1031 1369
1032 867
1032 1756
1034 93
1034 136
1034 743
1034 1176
1035 1680
1036 1546
1036 1649
1037 215
1037 1945
1038 520
1039 1508
1040 589
1040 766
1040 1921
1041 1449
1042 1043
1043 635
1043 766
1043 1788
1043 1794
1044 543
1044 635
1044 963
1044 1191
1044 1308
1044 1544
1045 703
1046 657
1046 1223
1047 1095
1047 1206
1047 1597
1048 131
1048 615
1048 711
1049 882
1049 1294
1049 1788
1049 1935
1050 1210
1050 1542
1050 1837
1051 757
1051 1110
1051 1743
1051 1801
1052 111
1052 689
1052 922
1052 1139
1053 549
1054 303
1054 395
1054 1053
1055 128
1055 269
1055 1434
1055 1435
1056 972
1056 1019
1056 1432
1056 1496
1057 606
1058 428
1058 611
1058 831
1058 961
1058 1128
1058 1835
1058 1899
1059 371
1059 448
1059 627
1059 783
1060 1460
1061 442
1061 742
1062 1315
1063 287
1063 837
1063 1736
1065 202
1065 699
1067 822
1068 904
1068 1901
1070 778
1070 1244
1071 1040
1071 1570
1071 1592
1072 676
1072 1313
1072 1875
1072 1985
1073 759
1073 1433
1074 260
1075 889
1075 1882
1076 290
1076 1442
1076 1626
1077 282
1077 501
1077 967
1077 1174
1078 1383
1079 157
1080 1003
1081 26
1081 174
1081 237
1082 1727
1083 1014
1083 1869
1083 1967
1084 334
1084 452
1085 215
1085 1124
1086 816
1086 1045
1086 1145
1086 1408
1087 146
1087 553
1088 1101
1088 1961
1089 557
1090 1372
1091 629
1091 1266
1091 1272
1092 135
1092 139
1093 865
1093 1176
1093 1202
1093 1797
1093 1994
1094 197
1094 665
1094 1264
1094 1560
1095 1987
1097 210
1097 346
1097 1173
1098 1659
1099 1228
1100 401
1101 439
1101 470
1101 1952
1101 1970
1103 1326
1105 225
1105 1801
1106 261
1106 594
1106 1761
1106 1961
1107 514
1107 581
1108 1133
1108 1894
1109 1341
1111 486
1111 1161
1112 1414
1114 1065
1114 1862
1116 142
1116 536
1116 1554
1122 1011
1122 1202
1122 1919
1123 1048
1123 1129
1123 1694
1123 1936
1124 794
1125 619
1125 1333
1125 1882
1126 580
1126 1438
1127 1136
1127 1974
1128 1100
1129 216
1129 439
1129 1122
1129 1868
1129 1985
1130 366
1130 529
1130 1177
1130 1817
1131 192
1131 919
1132 448
1132 1289
1133 20
1133 922
1133 943
1134 1061
1134 1770
1135 779
1135 857
1136 222
1136 926
1137 219
1137 519
1138 70
1138 458
1138 1772
1139 129
1139 1011
1139 1735
1140 926
1141 886
1141 1002
1142 1741
1143 798
1143 1513
1143 1835
1145 839
1146 1319
1147 1281
1148 995
1148 1678
1149 30
1149 66
1149 459
1149 1543
1151 476
1151 479
1151 1052
1151 1669
1152 992
1155 1145
1156 110
1156 1402
1157 684
1158 5
1158 1004
1159 415
1162 1152
1163 94
1163 1946
1164 476
1165 1462
1165 1727
1166 47
1166 1122
1166 1571
1167 1530
1168 483
1168 1688
1171 1389
1173 1603
1174 277
1174 655
1176 233
1176 1196
1176 1730
1177 1324
1177 1951
1177 1954
1178 1203
1178 1619
1178 1781
1178 1827
1180 609
1180 1741
1181 1396
1182 261
1182 1589
1183 394
1183 413
1184 372
1184 721
1185 790
1186 1564
1186 1939
1187 156
1187 262
1187 304
1189 550
1189 1124
1190 1675
1190 1927
1191 546
1191 1224
1192 1377
1193 141
1193 1525
1193 1948
1194 1222
1194 1508
1195 757
1195 973
1195 1937
1195 1958
1196 528
1196 1582
1197 1578
1197 1732
1198 1795
1199 1052
1199 1190
1200 179
1200 1176
1200 1808
1201 1270
1202 621
1202 739
1202 1068
1202 1803
1202 1834
1203 783
1204 127
1204 377
1204 1351
1204 1510
1205 334
1205 453
1205 679
1205 923
1206 890
1206 1311
1206 1537
1209 853
1209 1158
1210 883
1210 927
1210 1461
1211 184
1211 288
1211 390
1213 490
1213 954
1213 1612
1213 1622
1214 1855
1216 733
1218 58
1218 142
1218 385
1218 1950
1219 11
1219 370
1219 951
1221 502
1222 1853
1223 1786
1223 1952
1223 1959
1224 1398
1225 44
1225 940
1225 1158
1226 1998
1227 1007
1228 336
1228 1330
1228 1917
1229 638
1229 792
1229 1133
1229 1595
1229 1899
1230 462
1231 1727
1232 158
1232 1781
1233 81
1233 141
1234 669
1235 720
1236 1709
1237 39
1237 1736
1238 570
1239 328
1239 792
1239 1362
1239 1550
1240 198
1240 1253
1240 1892
1241 5
1241 852
1241 1690
1242 1337
1242 1954
1243 760
1243 911
1244 1346
1244 1460
1244 1614
1244 1884
1245 556
1245 580
1245 607
1246 179
1246 1173
1247 400
1248 989
1250 1818
1251 1014
1252 22
1252 952
1253 520
1253 897
1254 1018
1254 1542
1256 94
1256 532
1256 999
1258 283
1258 536
1258 715
1259 1261
1260 1290
1261 204
1261 447
1261 1675
1261 1852
1263 1255
1264 123
1264 286
1264 475
1264 990
1264 1309
1264 1966
1265 924
1265 1447
1265 1839
1266 316
1266 1035
1267 414
1267 1981
1268 1549
1269 233
1269 436
1269 1102
1269 1617
1269 1817
1270 911
1271 349
1272 1402
1273 1161
1273 1335
1274 643
1275 1282
1275 1413
1276 121
1276 310
1276 1687
1276 1690
1276 1736
1277 175
1277 1202
1278 4
1278 376
1278 539
1278 1320
1279 1049
1280 894
1280 1550
1280 1867
1280 1973
1281 981
1282 216
1282 1243
1282 1770
1283 161
1283 854
1286 909
1286 1273
1286 1688
1287 106
1288 1291
1289 746
1289 986
1289 1538
1292 311
1292 658
1292 1360
1294 108
1294 688
1294 952
1294 1185
1294 1848
1296 104
1296 850
1296 892
1296 1556
1296 1577
1297 580
1298 1296
1299 148
1299 1078
1299 1282
1300 260
1300 1509
1302 1689
1303 1238
1303 1415
1303 1874
1304 652
1304 1986
1305 39
1306 560
1306 1296
1307 371
1307 1134
1309 735
1309 1589
1310 1254
1310 1377
1310 1731
1311 514
1311 1938
1312 93
1312 141
1312 1452
1312 1751
1313 625
1313 1203
1313 1694
1314 1412
1316 76
1316 1445
1316 1463
1317 1502
1317 1709
1318 703
1319 88
1319 292
1319 1989
1320 362
1321 406
1321 1026
1321 1073
1321 1792
1322 186
1322 1622
1323 1025
1324 74
1325 1615
1326 765
1326 826
1327 471
1327 1752
1328 1204
1328 1595
1329 721
1332 319
1334 640
1334 1229
1335 1362
1336 1279
1336 1594
1337 759
1337 1044
1338 1103
1339 1584
1339 1713
1339 1849
1340 519
1340 894
1340 1868
1340 1872
1341 302
1342 1018
1342 1814
1343 85
1343 619
1343 717
1343 1097
1343 1827
1343 1886
1345 1093
1345 1422
1346 397
1346 795
1346 1005
1347 595
1348 1272
1348 1774
1349 1240
1349 1298
1349 1737
1350 571
1351 1484
1353 370
1353 1099
1353 1320
1353 1988
1354 1296
1354 1803
1356 238
1356 1041
1357 32
1357 1065
1359 116
1359 583
1359 1191
1360 262
1360 762
1360 1058
1362 1532
1363 705
1363 1883
1364 63
1364 104
1364 118
1365 1205
1365 1272
1365 1281
1366 664
1366 894
1366 1940
1367 1054
1367 1428
1368 105
1368 265
1368 490
1369 142
1369 954
1370 144
1371 354
1371 574
1371 1880
1371 1987
1372 47
1372 389
1374 490
1374 1119
1374 1735
1375 1233
1375 1323
1376 367
1376 864
1377 1796
1378 53
1379 567
1379 897
1380 390
1381 1068
1383 15
1383 541
1383 1516
1384 16
1385 927
1385 1470
1386 150
1386 473
1387 148
1387 1117
1389 1062
1390 486
1391 254
1391 771
1391 809
1391 1520
1391 2000
1392 478
1392 989
1392 1269
1392 1428
1392 1724
1393 635
1393 1304
1394 38
1394 200
1395 533
1395 811
1395 1659
1396 65
1397 823
1398 36
1399 169
1399 1045
1399 1083
1399 1180
1399 1904
1400 145
1400 329
1400 427
1400 1201
1400 1491
1401 918
1402 361
1402 848
1403 504
1403 1227
1404 1261
1406 651
1406 765
1406 1352
1406 1949
1407 290
1407 641
1407 1261
1407 1924
1408 1137
1408 1798
1410 684
1411 713
1411 749
1411 763
1411 1351
1413 936
1413 1004
1413 1586
1414 382
1415 382
1415 1177
1416 424
1417 1042
1417 1471
1418 436
1418 709
1418 1786
1419 479
1419 1471
1420 608
1422 366
1422 502
1423 995
1423 1201
1423 1401
1423 1657
1423 1782
1424 1236
1424 1311
1425 1287
1426 249
1426 805
1426 1322
1426 1717
1427 444
1427 934
1428 787
1428 1135
1428 1268
1430 920
1430 1022
1430 1057
1431 669
1431 1721
1432 1715
1433 103
1433 886
1433 990
1433 1480
1434 751
1434 1473
1435 515
1436 65
1436 1488
1437 516
1437 1092
1437 1285
1438 1911
1439 1762
1441 273
1441 1243
1441 1679
1442 165
1442 295
1442 1074
1442 1892
1442 1947
1444 58
1444 830
1445 3
1445 1729
1447 12
1448 1139
1449 42
1449 1114
1449 1539
1450 434
1450 1281
1450 1456
1451 53
1451 1296
1453 1323
1453 1417
1453 1832
1454 532
1454 962
1454 1412
1454 1931
1455 49
1455 1275
1455 1858
1456 694
1457 1178
1458 415
1458 1743
1459 542
1459 1548
1460 166
1461 1367
1463 323
1463 1743
1464 10
1464 198
1464 422
1465 441
1465 1201
1466 1622
1467 16
1467 187
1467 1914
1468 1280
1468 1422
1469 673
1469 1148
1469 1801
1470 1945
1471 331
1472 257
1472 663
1473 1056
1474 136
1474 457
1474 718
1474 1263
1474 1811
1475 1013
1475 1190
1475 1683
1477 1544
1478 798
1478 1372
1479 1428
1480 820
1480 1343
1482 1723
1483 6
1483 131
1483 284
1483 374
1483 1800
1484 262
1484 1027
1485 520
1486 429
1486 713
1486 1540
1486 1937
1487 1759
1489 42
1490 216
1490 1089
1491 249
1491 330
1494 1208
1494 1552
1495 287
1495 1186
1495 1267
1496 219
1496 571
1497 452
1497 971
1497 1593
1498 755
1499 1238
1499 1246
1499 1858
1499 1884
1500 590
1500 951
1501 92
1501 337
1502 1603
1503 365
1503 377
1503 626
1503 972
1503 990
1503 1152
1504 741
1504 759
1506 1987
1507 435
1509 282
1509 1904
1510 1618
1511 1196
1511 1415
1512 60
1513 1776
1514 618
1514 902
1514 1019
1514 1042
1514 1379
1514 1425
1514 1616
1514 1948
1515 654
1516 1241
1517 1360
1517 1618
1518 15
1519 1385
1520 111
1520 686
1521 14
1521 1810
1522 687
1522 727
1523 553
1523 1662
1524 1292
1524 1571
1525 636
1525 1059
1527 386
1527 1323
1528 764
1529 1001
1529 1048
1530 1993
1531 327
1531 423
1531 1373
1532 1206
1532 1788
1533 511
1533 853
1533 862
1533 986
1533 1473
1534 68
1534 407
1534 1334
1534 1525
1534 1553
1535 1363
1536 1578
1537 149
1537 401
1537 435
1537 543
1537 1911
1538 425
1538 926
1538 1528
1539 252
1539 828
1539 867
1540 976
1540 1510
1540 1850
1540 1913
1541 585
1542 264
1542 698
1542 1054
1542 1813
1542 1896
1544 499
1546 190
1546 1271
1546 1513
1547 31
1547 824
1547 960
1548 1039
1548 1085
1548 1754
1549 1226
1550 496
1550 541
1550 1576
1552 769
1553 921
1555 126
1555 1465
1556 690
1556 734
1557 730
1557 854
1558 40
1558 139
1558 144
1558 962
1559 212
1559 1496
1560 1985
1561 974
1561 1684
1562 741
1562 1099
1562 1139
1562 1787
1562 1910
1563 1387
1564 1396
1565 95
1565 811
1566 841
1566 867
1566 1099
1566 1497
1566 1647
1566 1671
1567 1298
1567 1359
1567 1418
1567 1727
1568 192
1568 1238
1568 1585
1568 1919
1569 855
1570 343
1570 1037
1570 1214
1570 1608
1571 267
1572 141
1573 901
1573 1315
1574 290
1574 723
1574 1718
1575 836
1576 180
1577 1035
1577 1578
1577 1978
1579 211
1579 1857
1580 1269
1581 309
1581 645
1582 834
1582 996
1584 394
1584 616
1584 810
1584 1001
1585 225
1585 996
1588 554
1588 610
1588 667
1590 1673
1593 466
1593 1134
1593 1852
1594 286
1594 1519
1594 1907
1595 110
1595 939
1596 106
1597 386
1598 421
1598 1169
1598 1193
1599 905
1599 1740
1599 1785
1600 10
1600 54
1601 239
1601 339
1601 724
1601 939
1601 1310
1603 414
1603 647
1603 974
1603 1853
1604 1000
1604 1809
1606 607
1607 933
1607 1905
1608 581
1608 1325
1609 554
1609 1378
1610 264
1611 961
1612 1378
1613 304
1613 810
1614 773
1615 200
1615 1338
1615 1782
1616 1706
1617 194
1618 67
1618 300
1618 1498
1618 1670
1618 1937
1620 705
1622 511
1622 1066
1622 1492
1623 1552
1623 1672
1623 1841
1624 239
1624 771
1624 1780
1624 1849
1625 29
1625 1450
1627 793
1627 801
1628 475
1628 1780
1629 1705
1630 1269
1631 334
1631 1898
1632 999
1632 1012
1633 97
1633 1385
1635 739
1635 1243
1636 138
1636 1881
1637 845
1638 262
1638 282
1638 777
1639 213
1639 280
1640 1000
1643 1890
1645 993
1645 1611
1645 1908
1646 347
1646 675
1646 1124
1646 1670
1646 1848
1647 96
1647 1562
1649 138
1649 1215
1649 1616
1650 338
1650 1311
1651 6
1651 456
1651 625
1651 1686
1652 52
1653 366
1653 557
1653 605
1653 710
1653 1303
1653 1613
1653 1806
1655 1067
1655 1912
1656 1222
1656 1462
1657 1587
1659 9
1659 647
1659 1780
1659 1868
1660 540
1660 973
1660 1576
1661 247
1661 394
1661 1392
1661 1414
1662 711
1662 826
1664 252
1665 391
1665 442
1665 471
1667 797
1667 1312
1668 1490
1669 1505
1671 1712
1671 1798
1672 767
1672 1020
1673 532
1673 1088
1673 1303
1673 1825
1674 580
1674 753
1675 1724
1676 465
1677 252
1677 1091
1677 1593
1678 1046
1678 1394
1678 1956
1679 1117
1680 268
1680 1179
1681 714
1681 1097
1682 1115
1683 182
1684 328
1685 587
1685 926
1686 457
1686 1972
1688 61
1688 602
1688 731
1688 753
1689 378
1689 958
1690 414
1690 1793
1691 1116
1691 1733
1692 1592
1693 688
1693 738
1693 1447
1693 1768
1694 1120
1695 94
1695 193
1695 457
1695 899
1695 1600
1696 348
1697 1042
1697 1687
1698 1070
1699 1845
1700 1118
1700 1982
1702 554
1702 891
1702 1920
1703 1708
1704 872
1704 1445
1705 246
1705 677
1705 782
1705 948
1706 843
1706 1612
1707 839
1707 1189
1708 330
1709 768
1710 37
1710 308
1710 410
1710 1974
1711 183
1711 1531
1712 641
1713 138
1713 1982
1714 770
1714 1025
1716 184
1716 505
1717 1551
1717 1631
1718 20
1719 1037
1719 1171
1719 1597
1719 1904
1720 602
1722 1250
1723 343
1724 238
1724 337
1724 1965
1725 561
1725 766
1725 1602
1725 1778
1726 642
1726 1028
1727 933
1728 971
1728 1086
1730 826
1730 867
1731 1909
1732 575
1732 677
1732 1324
1733 137
1733 1484
1733 1839
1734 871
1734 1419
1735 349
1736 1508
1737 130
1737 376
1738 160
1738 614
1738 715
1738 768
1740 1404
1741 18
1741 1875
1742 12
1742 1958
1743 104
1743 723
1743 1664
1743 1865
1744 342
1744 1584
1745 849
1745 1193
1745 1591
1745 1878
1746 144
1746 447
1746 1544
1747 1941
1748 423
1748 1211
1749 126
1749 725
1749 884
1750 426
1750 1414
1751 273
1751 869
1751 1059
1751 1061
1751 1464
1752 64
1753 226
1754 159
1754 255
1754 1642
1754 1843
1755 1225
1755 1988
1756 918
1756 1704
1756 1721
1757 617
1757 1447
1758 941
1759 221
1759 429
1759 1738
1759 1898
1760 684
1760 1839
1761 1790
1761 1911
1762 141
1764 1247
1764 1621
1764 1915
1765 362
1765 654
1765 1741
1766 1336
1767 48
1767 1948
1769 63
1769 162
1769 1358
1770 92
1770 1693
1771 701
1771 927
1771 1773
1773 185
1773 353
1773 844
1773 1861
1773 1895
1774 695
1774 773
1774 925
1774 1221
1775 299
1775 470
1775 1039
1775 1516
1777 386
1777 811
1778 1034
1779 318
1779 717
1779 1997
1780 256
1780 1261
1780 1796
1781 1408
1782 1765
1783 787
1783 1436
1784 67
1784 1753
1785 652
1785 1289
1785 1401
1786 533
1786 902
1787 665
1787 1794
1787 1962
1788 1186
1788 1352
1788 1600
1789 277
1789 1054
1790 1776
1791 71
1791 468
1791 685
1792 734
1792 1081
1792 1124
1792 1534
1792 1733
1792 1948
1793 110
1793 1068
1794 354
1794 653
1795 1081
1795 1363
1795 1440
1796 1152
1796 1321
1796 1663
1797 8
1797 167
1797 1211
1797 1596
1797 1638
1798 640
1798 995
1799 567
1799 934
1799 1041
1799 1237
1800 74
1800 813
1800 1039
1802 1453
1802 1931
1803 561
1804 1382
1804 1449
1805 271
1806 631
1806 993
1806 1369
1806 1824
1807 998
1809 1377
1809 1572
1809 1605
1810 763
1810 815
1810 1246
1811 728
1811 757
1811 1075
1811 1694
1813 13
1813 1383
1813 1635
1814 116
1814 449
1816 296
1816 1285
1816 1574
1817 1488
1817 1636
1818 1819
1820 179
1820 406
1822 247
1822 778
1822 785
1822 1061
1822 1076
1822 1091
1822 1816
1823 197
1823 1152
1823 1198
1824 251
1825 820
1825 872
1826 1766
1826 1800
1827 1474
1828 872
1829 1516
1830 875
1830 986
1830 1382
1831 1530
1832 1610
1834 1762
1835 185
1836 84
1836 445
1837 1140
1838 1074
1838 1997
1839 12
1839 1575
1840 493
1841 1115
1842 72
1842 1449
1842 1836
1843 72
1843 318
1843 545
1843 1243
1843 1694
1845 374
1845 1282
1845 1407
1846 272
1846 752
1846 1289
1846 1622
1847 1011
1847 1318
1847 1518
1847 1549
1848 231
1848 410
1848 1092
1848 1669
1848 1738
1849 157
1849 1457
1849 1516
1850 92
1850 1628
1851 733
1852 266
1852 331
1853 43
1853 152
1853 426
1853 1038
1853 1244
1853 1816
1853 1840
1854 881
1854 1706
1855 94
1856 1391
1856 1676
1856 1980
1857 1832
1858 550
1859 1234
1859 1703
1860 1351
1861 377
1862 1290
1863 851
1863 899
1864 895
1865 242
1865 1453
1865 1677
1866 481
1866 1286
1866 1507
1868 1206
1868 1885
1869 1336
1870 923
1871 884
1872 590
1872 915
1873 527
1873 597
1873 949
1873 1030
1873 1503
1873 1639
1875 614
1875 1358
1876 368
1876 972
1878 210
1879 712
1879 1496
1880 1602
1881 1197
1881 1489
1881 1785
1882 716
1883 827
1883 979
1885 676
1885 1479
1886 205
1887 359
1887 501
1887 518
1887 628
1887 1763
1888 483
1889 1592
1889 1636
1890 330
1891 750
1891 1986
1892 94
1892 1237
1893 433
1893 949
1893 1209
1893 1286
1897 526
1897 1348
1898 905
1898 1540
1899 11
1899 943
1900 388
1900 449
1900 837
1900 1385
1900 1740
1901 579
1901 758
1901 1579
1903 1277
1903 1642
1905 1
1905 1377
1905 1943
1906 265
1907 556
1907 1265
1908 181
1909 1089
1909 1553
1909 1711
1910 332
1912 472
1913 272
1913 894
1913 973
1913 1262
1913 1932
1914 539
1915 178
1916 964
1916 1398
1917 138
1917 1355
1918 338
1918 927
1919 287
1919 1679
1920 1011
1920 1556
1921 413
1921 512
1922 289
1923 396
1923 1781
1925 420
1925 613
1925 1576
1926 604
1927 757
1928 532
1928 724
1929 1176
1930 420
1930 662
1930 911
1931 165
1931 347
1931 551
1931 700
1931 1566
1932 1398
1932 1631
1933 1436
1934 589
1934 668
1934 1162
1934 1225
1935 301
1935 1123
1935 1683
1936 412
1937 649
1939 1826
1940 1133
1940 1469
1940 1628
1941 1122
1941 1857
1942 64
1942 439
1942 537
1942 787
1943 767
1943 971
1944 592
1944 772
1944 981
1944 1097
1945 142
1945 182
1945 668
1945 873
1945 1725
1946 1756
1947 1912
1948 1955
1949 350
1949 1536
1950 232
1950 863
1950 1524
1950 1814
1951 678
1951 1177
1951 1431
1953 1417
1955 57
1956 24
1957 1229
1957 1358
1957 1611
1957 1708
1957 1798
1959 372
1959 462
1959 904
1959 954
1960 236
1960 1909
1962 60
1962 626
1962 1307
1962 1890
1963 1204
1964 464
1964 904
1964 1249
1964 1527
1965 332
1965 1539
1966 685
1966 1436
1967 1348
1968 48
1968 240
1968 824
1968 953
1969 177
1969 1341
1969 1432
1970 272
1970 376
1970 1515
1971 757
1971 1975
1972 535
1973 785
1973 1452
1973 1996
1974 406
1974 429
1974 480
1974 698
1974 1534
1974 1634
1975 11
1975 1104
1975 1642
1976 122
1976 1284
1976 1777
1977 704
1977 1048
1977 1192
1978 131
1978 681
1979 467
1979 1073
1980 1103
1981 115
1981 905
1981 1849
1982 83
1982 1188
1982 1274
1983 127
1983 1024
1983 1057
1983 1402
1984 521
1985 876
1985 1885
1987 536
1987 552
1987 829
1987 1588
1988 704
1988 939
1988 985
1989 228
1989 1244
1990 190
1990 365
1990 942
1990 1711
1991 315
1991 1948
1992 542
1992 1574
1992 1934
1994 213
1994 776
1994 1252
1994 1705
1995 1057
1995 1417
1995 1505
1996 82
1997 989
1998 85
1998 586
1998 1022
1999 295
2000 231
2000 797
2000 910
2000 1867
