200
991
1 13
1 124
1 182
2 41
2 73
2 78
2 84
2 133
2 192
3 5
3 36
3 58
3 86
3 110
3 171
3 180
4 8
4 63
4 83
4 86
4 193
4 194
5 16
5 32
5 68
5 163
5 173
6 48
6 61
6 117
6 146
7 17
7 26
7 39
7 46
7 79
7 139
7 162
8 4
8 140
8 164
8 178
9 13
9 29
9 33
9 50
9 135
9 141
9 154
9 158
9 187
10 113
10 153
10 197
11 71
11 106
11 124
11 128
11 133
12 100
12 125
12 147
13 14
13 31
13 98
14 54
14 72
14 123
14 153
14 192
15 92
15 109
15 124
15 127
15 141
15 151
15 163
16 2
16 31
16 33
16 35
16 61
16 94
16 106
16 127
16 132
16 149
17 59
17 167
18 50
18 80
19 22
19 24
19 84
19 87
19 130
19 154
19 193
20 71
20 107
20 123
20 170
20 195
21 114
21 144
21 169
22 53
22 115
22 132
22 194
23 58
23 65
23 162
24 43
24 131
24 132
25 32
25 50
25 68
25 70
25 171
25 174
26 60
26 66
26 87
26 119
26 127
26 182
27 29
27 152
28 40
28 58
28 111
28 113
28 126
28 162
28 166
28 186
29 19
29 48
29 57
29 63
29 93
30 44
30 104
30 109
30 142
30 151
30 180
31 35
31 91
31 197
32 39
32 188
32 189
32 196
32 197
33 48
33 96
33 104
33 106
33 195
34 19
34 35
34 36
34 92
34 114
34 169
34 189
35 98
35 133
35 150
35 186
35 195
36 31
36 42
36 100
36 104
36 124
36 136
37 19
37 49
37 57
37 116
37 131
37 179
37 200
38 14
38 34
38 67
38 138
39 25
39 60
39 62
40 15
40 66
40 108
40 184
41 51
41 113
41 136
41 151
41 158
41 162
41 190
42 32
42 71
42 116
42 169
42 193
43 19
43 34
43 46
43 55
43 87
43 154
43 165
43 170
44 19
44 123
44 169
44 173
45 1
45 96
45 103
45 119
45 182
45 192
46 100
46 147
46 199
47 22
47 85
47 159
47 182
48 31
48 90
48 109
48 120
48 124
48 140
48 158
48 169
49 8
49 100
49 164
50 13
50 86
50 96
50 127
50 196
51 19
51 96
51 99
51 107
52 21
52 39
52 116
52 118
53 50
53 141
53 170
53 179
54 61
54 137
54 143
54 151
55 34
55 38
55 48
55 78
55 80
55 92
55 107
55 115
55 122
55 126
55 130
55 136
55 151
55 157
55 197
56 31
56 32
56 37
56 83
56 122
56 159
56 187
57 20
57 46
57 56
57 78
57 100
57 107
57 144
57 148
57 153
57 174
57 192
58 33
58 36
58 62
58 97
58 115
59 186
60 40
60 59
60 92
60 118
60 142
60 146
60 151
60 174
61 58
61 67
61 130
61 154
61 164
62 24
62 30
62 111
62 127
62 150
62 167
62 181
62 182
63 25
63 74
64 47
64 78
64 183
64 189
65 5
65 35
65 78
65 124
65 125
65 132
66 44
66 174
66 175
67 25
67 26
67 134
67 145
67 167
67 177
67 195
68 14
68 22
68 26
68 62
68 67
68 113
68 138
68 152
68 164
69 90
69 145
70 59
70 91
70 146
70 168
70 169
70 198
71 50
71 73
71 106
71 140
71 174
72 27
72 96
72 97
73 84
73 200
74 3
74 10
74 61
74 67
74 76
74 102
74 104
74 180
74 183
75 9
75 24
75 39
75 51
75 80
75 91
75 95
75 134
75 142
75 171
76 38
76 45
77 18
77 38
77 144
77 161
77 199
78 8
78 29
78 82
78 113
78 169
78 184
79 16
79 56
79 57
79 118
79 141
79 142
80 56
80 87
80 91
80 132
80 180
80 188
81 36
81 89
81 99
81 142
81 146
81 189
82 86
82 172
83 73
83 74
83 85
83 108
83 118
83 196
83 200
84 1
84 12
84 107
84 145
84 190
85 183
86 16
86 19
86 29
86 38
86 126
87 48
87 123
87 157
87 159
87 188
88 58
88 155
88 192
89 5
89 34
89 71
89 99
89 101
89 167
89 190
89 192
89 194
90 34
90 88
90 153
90 158
90 173
91 58
91 126
91 178
92 11
92 89
92 128
92 195
93 110
93 142
94 26
94 27
94 40
94 58
94 64
94 103
94 143
95 44
95 69
95 134
96 21
96 57
96 65
96 68
96 83
96 93
96 110
96 129
97 37
97 112
97 149
98 34
98 101
98 188
99 5
99 8
99 26
99 55
99 106
99 133
99 154
99 167
100 12
100 29
100 58
100 83
100 120
100 188
100 192
101 18
101 25
101 26
101 33
101 56
101 57
101 115
101 194
102 25
102 80
102 100
102 189
103 58
103 113
103 120
103 127
104 55
105 38
105 56
105 93
105 121
105 135
105 169
106 2
106 34
106 60
106 128
106 163
107 22
107 50
107 141
107 170
107 188
109 14
109 102
109 129
109 140
109 143
109 156
109 161
110 28
110 35
110 37
110 60
110 73
110 77
110 115
110 130
110 171
110 173
111 104
112 16
112 20
112 23
112 58
112 73
113 21
113 39
113 167
113 198
114 75
114 102
115 90
115 91
115 168
115 172
116 22
116 49
116 57
116 100
116 104
116 130
116 147
116 183
117 44
117 114
117 125
117 152
117 172
118 9
118 188
119 44
119 161
119 195
120 19
120 43
120 77
120 79
120 108
120 126
121 110
121 112
122 43
122 72
122 82
123 34
123 56
123 71
123 146
123 149
123 165
124 18
124 80
124 89
124 117
124 156
124 179
125 80
125 153
125 195
125 200
127 13
127 25
127 33
127 70
127 87
128 72
128 100
128 115
128 134
129 11
129 30
129 36
129 75
129 107
129 133
129 165
129 178
130 7
130 98
130 111
130 124
130 131
130 154
131 19
131 77
131 108
131 130
131 170
131 189
132 26
132 39
132 89
132 103
132 145
133 12
133 150
133 166
133 184
134 29
134 45
134 55
134 104
134 145
134 159
134 179
135 112
135 113
135 142
135 145
135 169
136 9
136 19
136 95
136 102
136 171
137 47
137 56
137 106
137 128
137 160
137 179
137 188
138 7
138 28
138 39
138 197
139 29
139 59
139 83
139 84
139 125
139 131
141 5
141 7
141 10
141 64
141 92
141 117
141 138
142 5
142 17
142 34
142 62
142 64
142 78
142 79
142 97
143 11
143 184
144 6
144 18
144 60
144 95
145 8
145 52
145 60
145 95
145 100
145 154
145 156
146 6
146 41
146 102
146 113
146 118
146 145
146 161
147 8
147 24
147 145
147 150
147 157
148 95
148 104
148 110
148 130
148 144
149 3
149 7
149 36
149 67
149 86
149 152
149 173
150 93
150 114
150 133
150 138
150 139
150 166
151 30
151 70
151 107
151 109
151 111
151 113
152 13
152 34
152 96
152 99
152 174
152 178
152 191
153 7
153 13
153 58
153 108
153 180
154 69
154 71
154 106
154 130
154 171
155 57
155 76
155 85
155 104
155 126
155 188
156 7
156 14
156 18
156 46
156 89
156 108
156 169
156 182
157 30
157 121
158 6
158 16
158 46
158 77
158 92
159 56
159 66
159 69
160 70
160 98
160 199
161 115
161 141
161 154
162 45
162 123
163 11
163 69
163 91
163 158
163 195
164 63
164 89
165 2
165 32
165 42
165 43
165 57
165 72
165 91
165 118
165 120
165 168
166 37
166 45
166 130
166 161
166 168
167 59
167 193
168 57
168 86
168 106
168 189
169 17
169 21
169 88
169 121
169 142
170 45
170 56
170 61
170 71
170 115
170 134
170 150
170 159
171 4
171 108
171 162
171 191
172 14
172 32
172 33
172 50
172 73
172 96
172 97
172 127
173 10
173 66
173 133
173 145
174 37
174 98
174 100
174 172
174 178
174 192
175 3
175 20
175 117
175 180
176 11
176 106
176 139
176 144
176 197
177 59
177 95
177 129
177 168
177 176
177 188
178 42
178 139
179 4
179 22
179 75
179 142
179 145
180 34
180 66
180 69
180 79
180 173
180 194
181 43
181 45
181 62
181 157
183 23
183 46
183 85
183 145
183 177
183 191
183 192
184 1
184 18
184 31
184 69
184 142
184 143
185 22
185 51
185 160
186 81
186 167
187 28
187 76
187 99
187 139
187 144
187 152
187 164
187 193
188 38
188 70
188 117
189 28
189 40
189 44
189 59
189 90
189 168
189 195
190 56
190 176
190 200
191 120
191 180
191 185
192 1
192 6
192 20
193 11
193 43
193 106
193 146
193 160
193 168
193 178
194 18
194 80
194 144
194 145
194 175
194 189
195 4
195 67
195 96
195 191
196 20
196 28
196 72
196 88
196 134
196 165
197 52
198 53
198 56
198 69
198 181
199 5
199 15
199 34
199 69
199 144
199 154
200 51
200 97
200 108
200 158
200 176
