200
1773
1 27
1 85
1 93
1 107
1 120
1 126
1 179
2 8
2 10
2 62
2 88
2 109
2 137
2 144
3 67
3 117
3 134
3 137
3 156
3 186
4 34
4 56
4 57
4 79
4 83
4 141
4 164
4 173
4 175
4 185
5 37
5 60
5 61
5 101
5 105
5 137
5 151
6 14
6 19
6 28
6 40
6 91
6 96
6 118
6 161
6 182
7 40
7 63
7 84
7 86
7 95
7 105
7 121
7 142
7 146
7 182
8 5
8 41
8 50
8 120
8 165
8 168
8 169
8 190
9 20
9 46
9 54
9 91
9 121
9 136
9 150
9 179
10 27
10 56
10 66
10 76
10 78
10 80
10 97
10 110
10 167
11 10
11 23
11 115
11 118
11 145
11 148
11 162
11 190
11 196
12 21
12 44
12 57
12 114
12 125
12 144
12 149
12 188
13 6
13 19
13 22
13 50
13 59
13 94
13 116
13 134
13 143
13 169
13 181
13 184
13 189
13 190
14 77
14 110
14 128
14 142
14 163
14 165
14 174
14 191
14 193
15 28
15 32
15 65
15 97
15 111
15 141
15 151
16 26
16 34
16 62
16 69
16 114
16 126
16 130
16 141
16 165
16 199
16 200
17 57
17 93
17 94
17 138
17 141
17 164
18 1
18 67
18 91
18 100
18 111
18 113
18 120
18 151
18 156
18 158
18 159
18 172
18 177
19 5
19 55
19 68
19 89
19 109
19 134
19 151
19 200
20 28
20 32
20 64
20 65
20 88
20 142
20 151
20 158
20 165
20 169
20 171
21 10
21 14
21 57
21 132
21 172
22 44
22 129
22 140
22 155
22 156
22 163
22 180
22 200
23 1
23 27
23 38
23 40
23 75
23 78
23 136
23 151
23 190
23 193
24 7
24 19
24 20
24 21
24 32
24 82
24 131
24 142
24 148
24 156
24 166
24 179
25 79
25 107
25 112
25 146
25 151
25 167
25 176
25 180
26 65
26 83
26 85
26 108
26 118
26 145
26 159
26 174
27 56
27 69
27 84
27 99
27 118
27 130
27 133
28 31
28 57
28 93
28 100
28 132
28 153
28 181
28 188
29 51
29 76
29 88
29 136
29 147
29 184
30 37
30 45
30 64
30 89
30 148
30 182
31 4
31 12
31 37
31 39
31 42
31 54
31 62
31 81
31 91
31 103
31 143
31 164
31 169
31 194
32 14
32 70
32 72
32 75
32 109
32 150
32 163
32 173
32 179
32 186
32 188
32 197
33 22
33 46
33 84
33 85
33 128
33 165
33 166
33 186
34 42
34 44
34 46
34 90
34 98
34 119
34 125
34 127
34 149
34 171
34 174
34 193
35 23
35 36
35 40
35 45
35 65
35 127
35 133
35 164
36 4
36 95
36 97
36 137
36 139
36 178
37 1
37 12
37 68
37 69
37 91
37 123
37 159
37 171
37 179
37 185
37 186
37 192
38 17
38 22
38 63
38 88
38 90
38 108
38 119
38 152
38 162
39 64
39 93
39 113
39 154
39 160
39 168
40 11
40 34
40 43
40 47
40 74
40 90
40 154
41 5
41 15
41 16
41 30
41 45
41 96
41 102
41 188
42 14
42 20
42 36
42 54
42 60
42 95
42 115
42 180
42 185
43 13
43 78
43 116
43 137
43 189
43 200
44 8
44 22
44 25
44 41
44 77
44 78
44 114
44 129
44 186
45 13
45 62
45 66
45 91
45 102
45 118
45 128
45 152
45 164
45 165
45 168
45 198
46 30
46 53
46 56
46 62
46 63
46 69
46 93
46 156
47 2
47 6
47 22
47 25
47 34
47 42
47 59
47 65
47 83
47 91
47 96
47 103
47 106
47 124
47 167
47 170
47 187
47 188
48 20
48 28
48 116
48 117
48 150
48 161
48 176
48 177
48 188
48 191
49 2
49 23
49 27
49 95
49 124
49 127
49 134
49 160
49 166
49 185
49 189
49 197
49 198
50 60
50 98
50 99
50 118
50 127
50 130
50 134
50 154
50 165
50 167
50 171
50 187
50 199
51 43
51 47
51 62
51 133
51 155
51 168
51 187
52 4
52 56
52 79
52 96
52 136
52 144
52 167
53 7
53 13
53 25
53 28
53 113
53 165
53 186
54 32
54 60
54 77
54 90
54 91
54 96
54 110
54 119
54 130
54 142
54 178
54 192
55 36
55 44
55 62
55 80
55 102
55 155
55 166
55 170
56 23
56 45
56 52
56 53
56 57
56 58
56 62
56 79
56 97
56 133
56 139
56 149
56 151
56 159
56 186
57 43
57 78
57 113
57 140
57 148
57 167
57 177
58 65
58 147
58 191
58 198
59 70
59 105
59 119
59 179
59 189
60 3
60 49
60 63
60 65
60 106
60 110
60 178
61 36
61 103
61 136
61 156
61 199
61 200
62 20
62 33
62 49
62 148
62 156
62 158
63 9
63 18
63 38
63 55
63 70
63 81
63 120
63 140
63 143
63 148
63 162
63 181
63 194
64 16
64 19
64 23
64 37
64 48
64 50
64 125
64 135
64 150
64 163
64 182
65 2
65 25
65 26
65 50
65 64
65 94
65 108
65 125
65 131
65 139
65 165
65 168
65 172
65 179
65 183
65 186
66 29
66 36
66 68
66 130
66 133
66 155
67 5
67 38
67 82
67 95
67 124
67 180
67 194
68 2
68 6
68 38
68 74
68 101
68 103
68 108
68 119
68 120
68 122
68 159
68 192
69 25
69 42
69 116
69 159
69 163
70 2
70 29
70 30
70 43
70 45
70 54
70 80
70 104
70 136
70 138
70 170
70 171
70 189
70 190
71 9
71 56
71 61
71 79
71 85
71 105
71 139
71 150
71 178
71 192
71 195
71 199
72 78
72 110
72 124
72 129
72 157
72 179
72 187
73 13
73 23
73 35
73 50
73 70
73 91
73 98
73 102
73 105
73 137
73 162
73 199
74 18
74 37
74 69
74 76
74 78
74 120
74 121
74 160
74 162
74 185
74 195
75 27
75 117
75 120
75 162
76 48
76 59
76 66
76 84
76 93
76 119
76 135
76 161
76 162
76 165
77 62
77 64
77 102
77 105
77 127
77 187
77 198
78 63
78 97
78 129
78 134
78 158
78 187
79 9
79 41
79 66
79 70
79 71
79 97
79 138
79 178
79 193
80 10
80 47
80 59
80 81
80 83
80 113
80 122
80 157
81 4
81 14
81 55
81 104
81 112
81 150
81 161
81 186
81 200
82 39
82 60
82 110
82 150
82 175
82 179
82 194
83 7
83 57
83 67
83 72
83 76
83 95
83 198
84 16
84 40
84 42
84 65
84 89
84 121
84 143
84 157
84 159
84 164
84 196
85 24
85 37
85 41
85 43
85 69
85 142
85 159
85 171
86 30
86 47
86 120
86 159
87 36
87 94
87 113
87 126
87 159
87 172
87 174
87 176
87 184
87 200
88 21
88 80
88 101
88 103
88 126
88 148
88 194
89 6
89 14
89 17
89 26
89 39
89 134
89 140
89 155
89 169
89 178
90 23
90 40
90 52
90 56
90 58
90 78
90 97
90 103
90 121
90 124
90 142
90 181
90 193
90 194
91 3
91 36
91 49
91 65
91 66
91 74
91 93
91 94
91 95
91 111
91 165
91 179
92 8
92 19
92 38
92 47
92 61
92 86
92 91
92 135
92 168
92 182
93 19
93 24
93 39
93 46
93 81
93 85
93 97
93 139
93 161
93 164
94 6
94 7
94 59
94 63
94 67
94 86
94 90
94 96
94 123
94 161
94 172
94 193
95 33
95 81
95 111
95 151
95 165
96 21
96 32
96 92
96 95
96 104
96 113
96 119
96 198
97 3
97 24
97 41
97 74
97 91
97 95
97 108
97 175
98 14
98 18
98 29
98 57
98 122
98 152
98 176
99 1
99 14
99 51
99 52
99 78
99 101
99 171
99 183
99 197
100 33
100 74
100 91
100 146
100 170
100 172
101 3
101 41
101 60
101 75
101 87
101 88
101 98
101 116
101 131
101 138
101 168
102 15
102 114
102 125
102 152
102 169
103 12
103 44
103 63
103 64
103 68
103 88
103 95
103 106
103 132
103 178
103 181
103 183
103 187
103 191
104 36
104 51
104 52
104 59
104 61
104 75
104 79
104 118
104 157
104 168
105 1
105 146
105 158
105 168
105 189
105 194
106 17
106 33
106 49
106 64
106 68
106 76
106 86
106 121
106 135
106 142
107 21
107 34
107 65
107 67
107 124
107 169
108 47
108 73
108 86
108 88
108 90
108 106
108 139
108 191
108 192
109 174
110 17
110 33
110 38
110 42
110 121
110 176
110 191
111 6
111 15
111 19
111 20
111 31
111 38
111 42
111 70
111 72
111 96
111 98
111 129
111 141
111 163
111 189
112 29
112 57
112 62
112 91
112 97
112 140
112 166
112 172
112 187
112 195
113 34
113 80
113 89
113 140
113 152
113 188
114 13
114 44
114 51
114 54
114 57
114 95
114 96
114 111
114 122
114 138
114 139
114 148
114 179
115 18
115 42
115 50
115 84
115 85
115 94
115 116
115 133
115 143
115 147
115 156
116 24
116 132
116 138
116 142
116 169
116 174
116 183
117 62
117 113
117 114
117 127
117 143
117 161
118 2
118 41
118 117
118 122
118 164
118 181
118 197
118 199
119 16
119 29
119 34
119 42
119 65
119 100
119 130
119 166
119 177
119 192
120 13
120 46
120 91
120 98
120 119
120 148
120 163
120 172
120 179
121 13
121 27
121 29
121 65
121 84
121 107
121 133
121 172
121 178
122 16
122 71
122 90
122 105
122 163
122 185
122 196
123 34
123 149
123 166
123 197
124 5
124 87
124 100
124 115
124 129
124 162
124 169
125 11
125 15
125 51
125 58
125 86
125 88
125 97
125 121
125 126
125 134
125 165
125 166
125 200
126 31
126 66
126 76
126 79
126 88
126 136
126 138
126 154
126 156
126 162
126 188
127 22
127 37
127 73
127 81
127 102
127 111
127 175
127 178
127 189
128 33
128 36
128 40
128 65
128 68
128 90
128 115
128 149
128 195
129 5
129 14
129 23
129 31
129 34
129 46
129 97
129 101
129 103
129 117
129 131
129 143
129 149
129 159
129 177
129 188
129 197
129 200
130 50
130 54
130 69
130 100
130 107
130 116
130 145
130 167
130 184
130 196
131 39
131 69
131 114
131 122
131 126
131 130
131 150
131 156
131 158
131 187
131 190
132 23
132 36
132 49
132 65
132 139
132 157
132 163
132 190
133 9
133 16
133 19
133 24
133 40
133 59
133 69
133 81
133 105
133 110
133 165
134 1
134 3
134 7
134 88
134 105
134 120
134 144
134 161
134 167
134 184
135 93
135 155
136 16
136 17
136 35
136 53
136 79
136 86
136 122
136 149
136 191
137 33
137 74
137 91
137 93
137 165
137 188
138 63
138 64
138 98
138 107
138 123
138 161
138 170
138 196
138 197
139 4
139 99
140 18
140 37
140 44
140 79
140 82
140 128
140 185
140 191
140 192
141 12
141 16
141 27
141 46
141 62
141 73
141 102
141 119
141 123
141 155
141 159
141 190
142 10
142 15
142 17
142 42
142 45
142 49
142 77
142 81
142 88
142 114
142 130
142 139
142 151
142 178
142 179
142 181
142 191
143 1
143 6
143 10
143 124
143 132
143 138
143 145
144 31
144 42
144 66
144 73
144 102
144 106
144 122
144 167
144 192
145 42
145 60
145 94
145 180
146 5
146 6
146 34
146 53
146 55
146 71
146 75
146 76
146 115
146 144
146 151
146 154
146 162
146 176
146 187
147 19
147 28
147 44
147 59
147 122
147 124
147 143
147 158
147 161
147 165
148 57
148 81
148 95
148 121
148 130
148 157
148 160
148 195
149 13
149 37
149 45
149 126
149 161
149 179
150 11
150 27
150 58
150 95
150 120
150 131
150 140
150 159
150 193
151 32
151 45
151 46
151 47
151 91
151 145
151 181
151 196
152 1
152 36
152 70
152 100
152 117
152 145
152 160
153 27
153 31
153 32
153 38
153 51
153 57
153 67
153 101
153 130
153 157
153 167
153 170
153 177
153 191
154 19
154 39
154 82
154 107
154 141
154 150
154 194
155 31
155 112
155 114
155 127
155 132
156 74
156 79
156 131
156 139
156 146
157 19
157 39
157 41
157 80
157 82
157 108
157 158
157 176
157 199
158 9
158 13
158 14
158 41
158 58
158 80
158 85
158 90
158 100
158 131
158 144
159 17
159 24
159 50
159 75
159 128
159 143
159 148
159 182
160 7
160 14
160 46
160 92
160 119
160 134
160 142
160 147
160 148
160 165
161 16
161 22
161 45
161 49
161 66
161 74
161 140
161 163
161 164
162 57
162 74
162 99
162 158
162 189
163 19
163 37
163 39
163 62
163 85
163 94
163 101
163 109
163 139
163 169
163 173
164 39
164 71
164 73
164 96
164 124
165 13
165 29
165 48
165 56
165 93
165 122
165 135
165 191
165 200
166 49
166 67
166 86
166 88
166 108
166 146
166 156
166 176
167 4
167 5
167 44
167 60
167 62
167 90
167 109
167 127
167 128
167 159
167 162
167 166
167 191
168 31
168 37
168 39
168 40
168 43
168 90
168 103
168 125
168 126
168 178
169 1
169 13
169 36
169 69
169 88
169 97
169 101
169 110
169 164
169 176
169 178
170 10
170 13
170 19
170 26
170 47
170 116
170 147
170 157
170 172
170 181
171 7
171 12
171 72
171 76
171 81
171 88
171 127
171 147
171 150
171 159
171 167
171 191
172 43
172 100
172 111
172 114
172 120
172 124
172 127
172 131
172 141
172 183
173 5
173 13
173 17
173 44
173 54
173 58
173 67
173 110
173 111
173 163
173 165
173 175
174 7
174 54
174 71
174 89
174 107
174 176
174 190
174 197
175 37
175 61
175 90
175 109
175 137
175 143
175 157
175 162
175 177
176 8
176 38
176 44
176 56
176 71
176 96
176 105
176 107
176 131
176 196
177 3
177 23
177 46
177 104
177 144
177 153
178 19
178 89
178 138
178 141
178 158
178 177
179 12
179 18
179 88
179 92
179 105
179 122
179 127
179 166
179 180
179 192
180 5
180 9
180 16
180 42
180 147
180 182
180 189
181 9
181 36
181 136
181 144
181 148
181 166
181 197
182 16
182 18
182 54
182 76
182 79
182 104
182 140
182 148
182 163
182 169
182 191
183 30
183 47
183 58
183 82
183 100
183 144
183 148
184 19
184 28
184 39
184 121
184 196
185 42
185 62
185 83
185 102
185 111
185 125
185 127
185 145
185 163
185 190
186 11
186 50
186 52
186 57
186 63
186 92
186 135
186 140
186 149
186 171
187 54
187 59
187 61
187 74
187 109
187 142
187 163
187 184
187 191
188 6
188 13
188 14
188 21
188 35
188 42
188 88
188 95
188 132
188 155
188 175
188 182
188 183
188 190
188 200
189 4
189 82
189 95
189 111
189 113
189 119
189 163
189 175
190 12
190 41
190 47
190 64
190 87
190 110
190 132
190 161
190 166
190 198
191 1
191 17
191 48
191 90
191 107
191 111
191 127
191 140
191 150
191 155
191 159
191 175
191 192
192 15
192 68
192 101
193 7
193 11
193 78
193 99
193 112
193 115
193 152
194 3
194 64
194 106
194 155
194 180
194 199
195 33
195 54
195 82
195 89
195 101
195 132
195 153
195 157
196 35
196 73
196 100
196 105
196 139
196 162
196 184
196 189
196 199
197 7
197 8
197 18
197 38
197 139
197 164
197 169
198 6
198 23
198 29
198 51
198 96
198 107
198 155
198 185
198 194
198 200
199 35
199 43
199 61
199 81
199 130
199 144
199 170
199 179
199 180
199 196
200 30
200 33
200 43
200 64
200 96
200 106
200 120
200 143
