200
788
1 21
1 58
1 89
1 185
1 196
1 198
2 44
2 143
3 45
3 91
3 109
3 127
3 186
4 19
4 28
4 44
4 115
4 129
4 162
5 63
5 99
5 116
5 172
6 73
6 84
6 132
6 136
6 171
7 3
7 59
7 188
8 2
8 33
8 93
8 127
8 146
8 152
8 170
9 29
9 39
9 41
9 45
9 96
9 111
9 112
9 174
10 168
10 179
11 31
11 66
11 75
11 81
11 110
11 141
12 42
12 56
12 139
13 75
14 29
14 129
15 34
15 129
15 142
16 43
16 120
16 145
16 160
16 177
17 45
17 53
17 108
17 157
17 175
18 63
18 65
18 71
18 153
18 178
19 39
19 62
19 80
19 92
19 108
19 132
19 142
19 143
19 165
19 195
21 61
21 86
22 74
22 130
22 195
23 156
23 173
24 78
24 192
25 27
25 71
25 128
26 1
26 76
26 191
27 3
27 23
27 45
27 51
27 57
27 61
27 147
27 173
28 60
28 99
28 100
29 155
29 192
30 88
31 36
31 147
31 194
32 1
32 78
32 174
32 196
33 45
33 111
33 132
33 145
33 146
33 153
33 162
34 80
34 112
34 116
34 121
35 61
35 82
36 9
36 17
36 21
36 103
37 14
37 96
37 107
37 109
37 125
37 197
38 7
38 47
38 72
38 137
38 169
38 186
38 196
39 31
39 87
39 122
39 165
39 169
39 198
40 21
40 43
40 97
40 122
40 157
41 32
41 119
42 183
43 40
43 174
44 21
44 55
44 144
44 152
45 90
45 160
46 9
46 10
46 13
46 39
46 64
46 117
46 155
46 171
46 191
46 192
47 88
47 106
48 25
48 27
48 43
48 51
48 102
48 110
48 194
49 12
49 19
49 47
49 85
49 184
49 187
50 28
50 33
50 78
50 140
50 160
50 198
51 63
51 75
51 85
51 138
51 175
52 40
52 69
52 130
52 177
52 184
52 198
53 89
54 35
54 90
54 172
55 36
55 75
55 93
55 104
55 129
56 26
56 72
56 135
56 145
57 21
57 22
57 46
57 110
57 120
57 161
57 164
58 122
58 158
59 33
59 84
59 103
59 136
59 158
59 192
60 10
60 13
60 51
60 54
60 66
60 185
60 189
61 23
62 49
63 70
63 143
63 148
63 169
64 8
64 118
64 126
64 179
65 31
65 32
65 121
65 147
65 151
66 81
66 142
67 68
67 74
67 95
67 106
67 169
68 127
69 124
69 126
69 139
69 153
69 154
71 142
71 186
72 51
73 80
73 159
74 23
74 67
74 115
74 162
74 169
74 171
75 66
75 67
75 86
75 197
76 109
76 179
76 184
77 24
77 52
77 59
77 103
78 43
78 96
78 145
79 1
79 92
79 129
80 107
80 187
81 11
81 52
81 83
81 90
81 136
81 140
81 177
82 71
82 112
82 149
83 92
84 39
84 44
84 167
85 8
85 24
85 49
85 62
85 75
85 90
85 94
85 148
85 169
86 84
86 170
87 3
87 80
88 81
88 89
89 16
89 34
89 67
89 68
89 164
90 55
90 127
90 137
90 160
91 35
91 88
91 121
91 141
91 151
92 3
92 13
92 24
92 38
92 48
92 86
93 15
93 21
93 27
93 52
93 90
94 1
94 50
94 53
94 61
94 121
95 191
95 199
96 57
96 184
97 9
97 27
97 30
97 126
97 127
98 63
98 158
99 73
99 153
100 20
100 53
100 75
100 188
101 2
101 21
101 74
102 7
102 108
103 34
103 41
103 69
103 83
103 119
103 122
103 153
103 159
104 28
104 31
104 65
104 86
104 117
104 139
105 22
105 136
106 31
106 35
106 95
106 108
107 68
107 179
108 54
108 92
108 101
108 134
108 187
109 60
109 103
109 137
109 145
109 171
110 18
110 57
110 140
110 183
110 184
111 31
111 107
112 27
112 133
112 170
112 187
113 36
113 61
113 109
114 166
115 74
115 90
115 117
116 31
116 34
116 69
116 101
116 102
116 136
116 158
117 87
117 127
118 23
118 73
118 109
118 127
119 95
120 32
120 44
120 63
120 130
121 49
121 77
121 78
122 42
122 61
122 113
123 8
123 45
123 52
123 148
123 200
124 3
124 8
124 13
125 22
125 86
125 89
125 173
126 45
126 66
126 68
126 77
126 161
127 5
127 65
127 136
127 188
127 199
128 6
128 146
128 147
129 9
129 17
129 41
129 115
129 147
130 26
130 44
130 62
130 63
130 171
131 2
131 44
131 144
132 8
132 85
132 118
132 143
133 17
133 20
133 27
133 41
133 63
133 103
133 183
134 60
134 80
134 129
134 133
134 137
135 15
135 18
135 170
136 144
136 193
137 41
137 91
137 190
138 24
138 34
138 46
138 127
138 154
138 171
138 191
139 10
139 58
139 78
139 108
139 142
140 35
140 52
140 62
140 102
140 109
140 114
140 176
141 12
141 48
141 66
142 86
142 114
142 120
143 2
143 92
143 148
144 14
144 70
144 83
144 96
145 18
145 72
145 116
145 125
145 152
146 15
146 20
146 59
146 144
146 156
147 63
147 170
148 138
148 164
149 99
149 115
149 148
150 48
150 78
150 94
150 113
150 158
150 173
150 184
151 112
152 1
152 148
153 37
153 48
153 64
153 169
153 175
154 109
154 121
154 177
154 194
155 30
155 66
155 167
156 95
156 191
157 97
157 150
158 65
158 81
158 111
158 113
159 32
159 41
159 63
159 64
159 128
159 158
159 177
159 180
160 88
160 89
160 103
160 123
160 128
160 162
160 179
160 195
161 1
161 5
161 10
161 31
161 130
162 131
162 150
162 180
163 19
163 63
163 80
163 168
164 1
165 8
165 14
165 19
165 62
165 154
166 104
166 106
166 130
166 134
166 173
166 195
166 196
167 27
167 43
167 106
167 138
167 147
167 185
168 89
168 194
169 10
169 102
170 49
170 116
170 194
171 15
171 56
171 118
171 140
171 180
172 30
172 111
172 124
172 126
172 132
172 166
173 65
173 71
173 94
173 150
174 2
174 27
174 136
174 154
175 25
175 29
175 73
175 178
176 21
176 72
176 91
176 149
176 193
177 134
177 142
177 199
178 13
178 94
178 112
179 5
179 60
179 73
179 88
179 138
180 1
180 108
180 114
180 155
180 156
181 70
181 104
181 186
181 192
181 193
182 36
182 76
182 77
182 78
182 96
182 132
182 139
182 160
183 34
183 103
183 141
183 175
184 27
184 65
184 110
184 173
185 59
185 72
185 141
185 200
186 43
186 92
186 105
186 147
187 34
187 136
188 15
188 147
188 155
189 3
189 33
189 56
189 75
189 85
189 119
189 122
190 98
190 125
190 196
191 55
191 83
192 40
192 56
192 115
193 70
193 117
193 131
193 188
193 191
194 7
194 32
194 62
194 67
194 95
194 123
194 125
194 157
194 158
195 6
195 166
196 5
196 96
196 146
197 116
197 146
197 164
197 185
198 22
198 114
198 151
199 72
199 98
199 114
199 115
199 127
200 118
200 140
200 193
