200
1953
1 4
1 22
1 23
1 57
1 63
1 66
1 72
1 102
1 115
1 126
1 168
1 182
2 15
2 16
2 20
2 100
2 155
2 165
2 174
2 189
2 192
2 194
3 12
3 18
3 29
3 35
3 47
3 55
3 57
3 60
3 82
3 93
3 110
3 161
3 165
3 175
3 186
4 3
4 8
4 9
4 45
4 55
4 71
4 90
4 109
4 120
4 127
4 140
4 143
4 156
4 164
4 175
4 196
5 49
5 67
5 81
5 94
5 121
5 131
5 166
5 168
5 179
5 183
6 10
6 38
6 52
6 56
6 81
6 82
6 167
6 171
7 4
7 50
7 64
7 93
7 99
7 161
7 168
8 5
8 44
8 88
8 92
8 108
8 135
8 157
8 173
8 195
9 49
9 56
9 61
9 79
9 90
9 102
9 133
9 168
9 175
10 50
10 93
10 99
10 116
10 137
10 148
10 153
10 164
10 170
10 177
10 184
11 14
11 19
11 74
11 113
11 117
11 142
11 147
11 166
11 171
11 196
12 39
12 46
12 81
12 92
12 100
12 119
12 120
12 127
12 193
13 46
13 70
13 87
13 88
13 133
13 153
13 154
13 156
13 168
14 80
14 85
14 90
14 126
14 141
14 152
14 159
14 184
15 9
15 31
15 77
15 91
15 99
15 142
15 147
15 154
15 182
16 2
16 5
16 9
16 18
16 31
16 48
16 62
16 78
16 95
16 109
16 120
16 121
16 135
16 149
16 150
16 161
16 166
16 176
16 178
16 193
17 33
17 50
17 54
17 121
17 151
17 190
18 15
18 21
18 63
18 162
18 177
18 181
19 8
19 123
19 143
19 149
19 175
20 21
20 23
20 25
20 60
20 91
20 173
20 181
21 47
21 67
21 72
21 74
21 85
21 86
21 91
21 93
21 156
21 173
22 29
22 44
22 60
22 65
22 72
22 103
22 107
22 129
22 135
22 137
22 160
22 180
22 184
22 189
23 4
23 31
23 34
23 71
23 73
23 91
23 100
23 108
23 120
23 170
24 5
24 11
24 63
24 79
24 132
24 140
24 166
24 178
24 186
25 49
25 53
25 56
25 74
25 124
25 149
25 170
26 28
26 30
26 37
26 63
26 82
26 84
26 86
26 90
26 111
26 130
26 131
26 155
26 169
26 175
26 191
26 195
27 24
27 32
27 59
27 122
27 150
27 162
27 166
27 180
28 39
28 48
28 55
28 85
28 99
28 123
28 142
28 166
29 17
29 39
29 122
29 134
29 141
29 158
29 164
29 195
30 28
30 46
30 69
30 122
30 139
30 173
31 79
31 85
31 130
31 141
31 189
31 198
32 5
32 7
32 33
32 64
32 87
32 130
32 156
32 160
32 162
32 171
32 182
32 189
33 40
33 43
33 135
33 136
33 138
33 141
33 155
33 175
33 191
34 4
34 11
34 37
34 85
34 92
34 94
34 95
34 119
34 124
34 153
34 162
34 174
35 14
35 22
35 43
35 67
35 89
35 120
35 123
35 147
35 148
35 162
35 178
36 10
36 66
36 108
36 144
36 199
37 3
37 4
37 22
37 29
37 51
37 105
37 132
37 139
37 144
37 157
37 185
38 46
38 60
38 63
38 81
38 99
38 103
38 131
38 145
38 156
38 172
39 21
39 46
39 49
39 116
39 142
39 182
40 3
40 56
40 60
40 66
40 72
40 75
40 85
40 95
40 113
40 155
40 168
40 181
40 183
41 15
41 17
41 44
41 109
41 114
41 117
41 166
41 179
41 196
42 96
42 107
42 118
42 126
42 137
42 151
42 152
42 159
42 164
42 177
42 182
43 30
43 46
43 48
43 97
43 120
43 142
43 172
44 29
44 34
44 66
44 143
44 145
44 151
44 154
44 189
45 2
45 15
45 16
45 36
45 79
45 85
45 109
45 118
45 136
45 165
45 166
45 170
46 3
46 16
46 54
46 56
46 61
46 79
46 82
46 104
46 107
46 115
46 162
46 181
46 189
47 10
47 56
47 72
47 74
47 91
47 105
47 138
47 150
47 165
47 179
47 180
48 37
48 45
48 49
48 65
48 90
48 91
48 145
48 164
48 188
49 3
49 14
49 34
49 43
49 45
49 62
49 108
49 129
49 188
49 189
49 197
50 7
50 20
50 61
50 79
50 105
50 114
50 120
50 146
50 185
50 186
51 1
51 87
51 89
51 114
51 121
52 1
52 11
52 30
52 38
52 42
52 49
52 77
52 88
52 133
52 146
52 152
52 162
52 174
53 114
53 178
54 2
54 65
54 98
54 105
54 158
54 175
54 180
54 195
55 44
55 68
55 75
55 76
55 118
55 129
55 138
55 147
55 172
56 5
56 20
56 40
56 59
56 62
56 67
56 137
56 160
57 21
57 37
57 46
57 108
57 112
57 121
57 154
57 156
57 160
57 167
57 188
58 28
58 35
58 47
58 52
58 55
58 119
58 131
58 180
58 192
59 25
59 65
59 103
59 136
59 152
59 174
59 183
59 191
59 197
60 7
60 18
60 71
60 76
60 81
60 88
60 90
60 122
60 126
60 128
60 135
60 167
61 37
61 56
61 85
61 92
61 121
61 144
61 162
61 196
62 1
62 10
62 27
62 30
62 46
62 143
62 152
62 156
62 165
62 176
62 190
62 199
63 13
63 19
63 36
63 44
63 48
63 80
63 83
63 90
63 111
63 112
63 118
63 131
63 186
63 189
63 191
64 12
64 15
64 28
64 42
64 69
64 77
64 80
64 98
64 118
64 135
64 147
64 179
65 16
65 29
65 39
65 74
65 80
65 168
65 178
66 2
66 17
66 133
66 147
66 156
66 169
66 179
67 18
67 22
67 29
67 47
67 50
67 55
67 169
67 173
68 16
68 133
68 135
68 146
68 155
68 165
68 178
68 183
69 18
69 38
69 52
69 94
69 168
70 49
70 67
70 79
70 106
70 122
70 137
70 161
70 174
71 5
71 12
71 23
71 26
71 42
71 43
71 48
71 68
71 89
71 104
71 161
71 166
71 175
71 177
71 200
72 14
72 28
72 41
72 56
72 59
72 102
72 108
72 118
72 164
72 172
73 24
73 26
73 92
73 108
74 26
74 34
74 53
74 103
74 104
74 140
74 156
74 162
74 176
74 187
74 190
75 39
75 102
75 155
75 171
75 192
75 199
76 11
76 34
76 44
76 59
76 65
76 75
76 79
76 108
76 117
76 161
76 197
77 2
77 92
77 127
77 143
77 145
78 12
78 38
78 50
78 60
78 63
78 124
78 155
78 156
78 173
78 187
78 196
79 2
79 23
79 39
79 48
79 55
79 56
79 63
79 87
79 88
79 91
79 106
79 117
79 119
79 153
79 162
80 15
80 24
80 41
80 82
80 84
80 107
80 109
80 112
80 128
80 198
81 88
81 89
81 110
81 126
81 131
81 164
82 12
82 74
82 80
82 140
82 174
82 177
82 179
82 184
82 190
82 192
83 63
83 87
83 110
83 148
83 198
84 6
84 29
84 34
84 35
84 47
84 61
84 71
84 92
84 118
84 122
84 159
84 167
84 188
85 4
85 6
85 35
85 56
85 70
85 71
85 92
85 105
85 130
85 137
85 140
85 171
86 15
86 47
86 51
86 90
86 94
86 169
86 172
86 200
87 3
87 56
87 78
87 79
87 89
87 153
87 160
87 161
87 168
87 179
87 181
87 185
88 12
88 13
88 28
88 30
88 75
88 92
88 135
88 138
88 155
88 167
88 173
88 177
88 199
89 33
89 35
89 42
89 83
89 88
89 117
89 125
89 159
89 167
89 186
89 200
90 7
90 12
90 15
90 19
90 23
90 52
90 66
90 98
90 137
90 188
91 25
91 29
91 67
91 82
91 106
91 114
91 158
91 170
91 172
91 193
92 24
92 53
92 65
92 73
92 84
92 142
92 144
92 146
92 151
92 183
92 188
93 19
93 85
93 89
93 104
93 165
93 195
94 30
94 31
94 35
94 68
94 70
94 102
94 146
94 158
94 190
95 14
95 43
95 49
95 59
95 61
95 116
95 120
95 148
95 168
95 178
95 185
95 192
96 6
96 19
96 20
96 24
96 37
96 100
96 107
96 126
96 138
96 177
96 186
97 13
97 15
97 56
97 66
97 76
97 85
97 87
97 101
97 105
97 116
97 127
97 199
97 200
98 7
98 20
98 24
98 26
98 31
98 82
98 124
98 135
98 180
98 191
99 30
99 104
99 110
99 131
99 200
100 47
100 51
100 58
100 116
100 124
100 144
100 171
101 55
101 57
101 59
101 107
101 138
101 167
101 180
101 195
102 16
102 35
102 41
102 51
102 60
102 83
102 122
102 125
102 139
102 149
102 181
102 189
102 193
102 194
102 196
102 199
103 24
103 37
103 65
103 171
104 18
104 20
104 21
104 26
104 81
104 87
104 100
104 108
104 109
104 125
104 163
104 164
104 165
105 13
105 28
105 71
105 90
105 96
105 101
105 141
105 145
106 4
106 34
106 51
106 66
106 74
106 85
106 86
106 112
106 117
106 128
106 145
106 154
106 167
106 192
106 196
107 64
107 95
107 108
107 119
107 126
108 8
108 9
108 14
108 18
108 45
108 96
108 128
108 140
108 151
108 154
108 155
109 33
109 59
109 79
109 97
109 158
109 199
110 5
110 11
110 31
110 67
110 111
110 115
110 118
110 131
110 149
110 198
110 200
111 25
111 44
111 55
111 68
111 71
111 76
111 83
111 86
111 92
111 99
111 105
111 120
111 143
111 152
111 162
111 166
111 186
111 187
112 4
112 6
112 14
112 29
112 38
112 51
112 78
112 83
112 84
112 90
112 118
112 126
112 138
112 146
112 174
112 179
112 184
112 188
112 197
113 15
113 26
113 43
113 56
113 62
113 84
113 87
113 90
113 93
113 159
114 12
114 26
114 33
114 61
114 64
114 67
114 70
114 90
114 106
114 144
114 145
114 154
114 162
114 195
115 1
115 12
115 13
115 24
115 49
115 77
115 83
115 95
115 106
115 160
115 191
116 10
116 77
116 90
116 108
116 127
116 130
116 139
116 152
116 161
116 198
117 5
117 8
117 9
117 32
117 43
117 82
117 113
117 140
117 154
117 172
117 188
118 57
118 64
118 70
118 82
118 92
118 107
118 115
118 159
118 179
119 40
119 53
119 69
119 90
119 104
119 126
119 176
119 188
119 198
120 34
120 55
120 63
120 124
120 142
120 170
120 199
121 13
121 15
121 69
121 71
121 95
121 145
121 147
121 188
121 200
122 26
122 36
122 71
122 103
122 129
122 132
122 147
122 156
123 6
123 12
123 14
123 20
123 30
123 51
123 67
123 83
123 106
123 137
123 142
124 28
124 37
124 46
124 55
124 97
124 128
124 141
124 142
124 145
124 146
124 147
125 13
125 29
125 49
125 54
125 58
125 93
125 108
125 121
125 137
125 152
125 165
125 198
126 5
126 18
126 47
126 53
126 79
126 80
126 164
126 175
126 196
127 98
127 106
127 142
127 153
127 157
127 167
127 177
128 1
128 6
128 22
128 47
128 58
128 69
128 84
128 107
128 118
128 124
128 146
128 169
128 172
129 87
129 132
129 165
129 169
129 189
130 13
130 14
130 38
130 52
130 53
130 56
130 108
130 118
130 125
130 143
130 148
130 189
131 9
131 68
131 70
131 123
131 142
131 165
131 188
132 1
132 80
132 89
132 123
132 127
132 140
132 156
132 177
132 192
132 198
133 2
133 14
133 27
133 32
133 59
133 62
133 128
133 129
133 154
133 162
133 163
133 169
133 193
134 14
134 111
134 115
134 120
134 126
134 147
135 15
135 36
135 46
135 49
135 54
135 66
135 101
135 102
135 104
135 137
136 5
136 28
136 30
136 41
136 43
136 68
136 74
136 117
136 171
136 191
136 199
137 9
137 34
137 49
137 63
137 66
137 75
137 96
137 104
137 150
137 159
138 13
138 58
138 93
138 98
138 113
138 147
138 150
138 167
138 168
138 171
138 177
138 188
139 2
139 5
139 8
139 45
139 74
139 94
139 127
139 128
139 162
139 163
139 169
139 190
140 14
140 90
140 93
140 102
140 115
140 119
140 128
140 134
140 136
140 138
140 146
140 180
141 28
141 38
141 44
141 53
141 60
141 62
141 67
141 77
141 92
141 145
141 147
141 158
141 163
141 183
141 189
142 20
142 24
142 56
142 81
142 99
142 102
142 138
142 144
142 160
142 180
142 181
143 4
143 61
143 84
143 95
143 122
143 186
144 30
144 66
144 111
144 123
144 136
144 139
144 163
144 198
144 199
145 36
145 39
145 87
145 93
145 94
145 195
146 1
146 16
146 34
146 46
146 116
146 129
146 133
146 139
146 140
146 143
146 147
146 185
146 194
147 14
147 27
147 34
147 47
147 56
147 79
147 82
147 105
147 126
148 9
148 48
148 54
148 57
148 78
148 92
148 96
148 104
148 126
148 132
148 149
148 169
149 24
149 28
149 33
149 54
149 57
149 85
149 117
149 121
149 126
149 139
149 140
149 145
149 153
149 154
149 182
149 193
150 10
150 15
150 20
150 31
150 53
150 60
150 103
150 130
150 147
150 166
151 17
151 62
151 63
151 84
151 88
151 115
151 135
151 160
151 175
151 192
151 196
152 3
152 9
152 90
152 113
152 145
152 175
152 177
152 179
153 15
153 27
153 37
153 50
153 68
153 90
153 96
153 102
153 107
153 133
153 136
153 142
153 145
153 157
154 13
154 67
154 99
154 123
154 150
154 152
154 174
154 180
155 21
155 43
155 52
155 76
155 78
155 88
155 108
155 111
155 118
155 124
155 161
155 163
155 168
155 188
155 190
156 27
156 62
156 81
156 89
156 101
156 150
157 29
157 71
157 86
157 181
157 186
157 189
157 192
157 197
158 52
158 107
158 120
158 136
158 140
158 153
158 191
159 31
159 43
159 108
159 170
159 176
159 200
160 11
160 14
160 33
160 52
161 17
161 48
161 110
161 121
161 140
161 142
161 156
161 169
161 187
162 7
162 10
162 21
162 36
162 39
162 99
162 143
162 147
162 151
163 35
163 41
163 64
163 76
163 80
163 85
163 92
163 95
163 120
163 126
163 160
164 48
164 57
164 62
164 96
164 115
164 143
164 152
164 180
165 7
165 22
165 44
165 107
165 132
165 179
166 4
166 73
166 77
166 97
166 111
166 136
166 176
166 196
166 200
167 7
167 38
167 67
167 70
167 114
167 120
167 157
167 188
167 199
168 4
168 7
168 8
168 60
168 64
168 102
168 121
168 144
168 177
168 191
168 199
168 200
169 11
169 16
169 115
169 147
169 149
169 182
169 193
169 195
170 6
170 60
170 130
170 145
170 160
170 164
170 169
170 180
170 182
170 195
171 40
171 53
171 54
171 71
171 82
171 93
171 100
171 145
171 148
171 193
172 9
172 28
172 36
172 55
172 57
172 98
172 101
172 122
172 149
172 182
172 183
173 32
173 51
173 60
173 62
173 66
173 91
173 107
173 124
174 63
174 75
174 77
174 84
174 110
174 125
174 129
174 177
175 20
175 37
175 38
175 56
175 91
175 118
175 125
175 126
175 127
175 144
175 155
175 157
176 12
176 13
176 15
176 19
176 101
176 114
176 124
176 157
176 174
176 179
176 184
177 34
177 70
177 87
177 139
178 14
178 16
178 28
178 85
178 111
178 113
178 124
178 136
178 176
178 184
178 187
179 2
179 5
179 10
179 31
179 39
179 75
179 77
179 124
179 160
179 164
179 168
179 180
180 15
180 19
180 95
180 149
181 21
181 59
181 61
181 76
181 100
181 102
181 119
181 128
181 151
181 174
181 176
182 48
182 110
182 125
182 149
182 163
182 169
182 194
183 11
183 31
183 70
183 83
183 97
183 114
183 119
183 127
183 142
183 148
183 160
183 167
184 21
184 41
184 66
184 84
184 96
184 111
184 114
184 139
184 179
185 4
185 9
185 40
185 55
185 65
185 71
185 80
185 84
185 109
185 113
185 148
185 169
185 172
185 184
185 187
185 193
185 196
185 198
186 29
186 32
186 41
186 52
186 59
186 63
186 75
186 88
186 99
186 111
186 147
186 157
187 32
187 130
187 154
188 5
188 28
188 37
188 111
188 123
188 133
188 156
188 177
188 184
188 192
189 13
189 19
189 31
189 36
189 83
189 140
189 191
190 16
190 38
190 52
190 80
190 89
190 97
190 110
190 117
190 118
190 200
191 6
191 8
191 17
191 20
191 70
191 96
191 129
191 138
191 145
191 157
191 171
192 1
192 2
192 28
192 34
192 40
192 115
192 124
192 127
192 159
192 168
192 179
192 194
192 197
193 11
193 12
193 49
193 51
193 73
193 155
193 162
193 166
194 35
194 43
194 63
194 65
194 67
194 88
194 94
194 99
194 102
194 106
194 138
194 172
194 196
195 26
195 43
195 44
195 63
195 100
195 116
195 118
195 148
195 164
195 179
195 189
196 13
196 35
196 138
196 139
196 165
196 181
196 189
197 10
197 18
197 50
197 70
197 97
197 114
197 115
197 147
197 161
197 170
197 179
197 185
198 7
198 37
198 39
198 42
198 74
198 129
198 133
198 135
198 155
198 164
198 166
198 179
199 11
199 46
199 73
199 87
199 90
199 166
199 184
199 190
200 2
200 21
200 43
200 44
200 50
200 53
200 81
200 123
200 126
200 172
200 190
200 198
