200
400
1 26
1 31
1 111
2 84
2 144
2 189
4 102
4 104
4 126
5 98
5 137
6 33
6 76
7 31
7 73
7 126
8 106
9 103
9 132
9 149
10 6
10 183
11 72
11 78
11 103
12 7
12 128
12 161
13 50
13 148
14 19
14 125
15 38
15 193
16 82
16 166
17 61
17 151
18 113
18 133
18 145
18 157
19 94
20 39
22 34
22 97
23 161
23 182
24 9
24 75
24 184
25 76
25 78
25 114
27 2
27 20
27 141
28 37
29 44
29 85
30 56
32 73
33 193
34 11
34 36
34 94
35 8
35 40
35 43
35 133
36 45
36 108
37 28
37 129
38 29
38 149
39 148
39 151
40 73
41 75
42 35
43 14
43 64
45 68
45 90
45 132
45 144
46 56
46 63
46 186
47 45
48 4
48 144
49 11
49 27
50 60
51 59
52 53
52 57
52 179
53 23
53 57
53 111
53 174
54 98
54 198
55 6
55 107
55 172
55 180
56 55
57 36
57 109
58 71
59 24
60 101
60 125
61 62
61 162
62 56
62 94
62 100
63 121
64 18
64 51
65 12
65 41
65 93
66 55
66 87
66 96
66 133
66 179
67 128
67 154
68 48
68 175
68 183
70 181
71 55
73 18
73 51
73 61
73 161
73 185
74 7
74 96
74 193
76 78
77 47
77 90
77 109
77 124
77 177
77 184
78 66
78 96
78 101
78 108
79 36
79 63
79 107
79 132
79 160
79 169
80 63
81 136
81 160
81 183
82 19
82 200
83 155
84 140
85 50
85 52
85 138
85 140
86 192
86 200
87 11
87 48
87 182
88 108
89 69
89 135
89 186
90 11
90 33
90 153
91 51
91 130
91 169
92 36
92 67
92 123
92 192
93 41
93 61
93 99
93 106
94 136
94 178
95 1
95 46
95 139
95 176
96 7
96 51
96 65
96 74
96 118
97 7
97 27
97 32
98 54
98 156
98 178
99 60
99 69
99 84
100 37
101 77
101 113
101 183
102 7
102 190
103 6
103 20
105 84
106 109
107 20
108 119
109 174
110 85
110 192
111 76
111 96
111 103
111 149
112 122
113 40
114 7
114 132
114 134
114 191
115 199
116 37
116 183
118 10
118 72
118 104
119 104
120 131
120 173
121 186
122 37
123 23
124 171
127 194
128 162
129 86
130 20
130 34
130 89
130 191
131 11
132 7
132 30
132 76
133 57
133 191
133 194
134 3
134 127
135 16
135 107
135 178
135 198
135 200
136 52
136 152
137 42
137 65
137 101
137 130
138 101
138 154
140 122
141 43
141 124
142 5
142 122
142 156
142 159
142 178
143 91
144 72
144 148
144 172
145 179
146 13
146 36
147 122
147 159
148 13
148 54
148 189
148 197
151 4
151 68
152 74
153 157
155 63
155 67
155 90
155 97
158 95
158 152
159 164
159 189
160 63
161 152
161 174
162 177
164 37
165 5
165 112
165 138
166 80
168 4
168 54
169 27
169 56
169 91
169 101
169 170
169 200
170 23
170 95
170 128
171 32
171 136
171 166
172 17
172 60
172 102
172 122
172 177
172 179
173 48
174 114
175 55
175 80
177 191
179 19
180 85
180 124
181 6
181 60
181 64
181 84
181 182
182 36
183 31
183 39
183 100
183 106
183 148
183 186
183 195
185 2
185 14
185 96
186 92
186 147
186 194
187 12
187 36
187 65
187 191
189 36
189 169
189 181
190 140
190 171
191 132
193 68
193 83
193 88
193 162
193 179
194 6
197 70
197 78
197 180
198 84
198 129
198 137
200 66
200 179
