20
137
1 2
1 5
1 6
1 10
1 11
1 17
1 18
1 20
2 1
2 5
2 7
2 10
2 14
2 15
2 18
2 20
3 5
3 6
3 7
3 12
3 13
3 14
3 16
3 18
4 1
4 5
4 12
4 15
5 18
5 20
6 2
6 3
6 5
6 8
6 10
6 12
6 13
6 14
6 16
6 17
6 20
7 2
7 5
7 10
7 17
8 4
9 2
9 3
9 6
9 7
9 12
9 14
9 15
9 16
9 17
10 3
10 4
10 6
10 7
10 12
10 15
10 19
10 20
11 5
11 7
11 10
11 15
11 16
11 19
12 11
12 16
12 17
12 18
12 20
13 2
13 5
13 8
13 9
13 11
13 14
13 15
13 20
14 5
14 8
14 9
14 12
14 13
14 15
14 16
14 17
14 18
14 19
14 20
15 8
15 9
15 10
15 13
15 20
16 2
16 3
16 4
16 5
16 8
16 9
16 15
16 20
17 1
17 2
17 4
17 5
17 6
17 7
17 10
17 11
17 20
18 5
18 20
19 3
19 4
19 5
19 6
19 8
19 11
19 14
19 16
19 17
19 18
20 1
20 4
20 6
20 8
20 9
20 10
20 11
20 13
20 18
20 19
