210
2058
1 4
1 25
1 42
1 54
1 63
1 85
1 91
1 125
1 180
2 6
2 52
2 83
2 102
2 106
2 134
2 167
2 193
2 194
3 32
3 111
3 121
3 124
3 130
3 153
3 203
4 5
4 18
4 31
4 83
4 121
4 158
4 172
5 43
5 63
5 73
5 104
5 144
5 163
5 165
5 183
5 185
5 187
5 204
6 3
6 11
6 20
6 22
6 34
6 74
6 109
6 202
7 15
7 53
7 91
7 106
7 110
7 127
7 128
7 144
7 145
7 155
7 164
7 169
7 186
8 71
8 80
8 85
8 129
8 133
8 141
8 157
8 176
8 181
8 204
9 1
9 4
9 7
9 8
9 11
9 20
9 23
9 40
9 41
9 49
9 58
9 104
9 120
9 127
9 132
9 208
10 35
10 65
10 103
10 105
10 136
10 150
10 164
10 186
11 37
11 69
11 114
11 116
11 119
11 125
11 137
11 195
12 48
12 56
12 61
12 131
12 181
13 17
13 52
13 54
13 114
13 129
13 156
13 171
13 172
13 187
14 10
14 11
14 38
14 64
14 84
14 135
14 137
14 159
14 174
14 182
15 2
15 48
15 84
15 151
16 14
16 17
16 48
16 59
16 92
16 101
16 107
16 127
16 180
16 206
17 20
17 29
17 56
17 60
17 93
17 104
17 105
17 134
17 144
17 155
17 167
17 190
18 39
18 75
18 79
18 96
18 173
18 175
19 38
19 48
19 62
19 67
19 74
19 148
19 185
19 194
19 203
20 11
20 16
20 74
20 97
20 108
20 118
20 157
20 162
20 169
20 172
20 189
21 8
21 35
21 37
21 62
21 110
21 155
21 191
22 23
22 24
22 29
22 30
22 38
22 41
22 43
22 54
22 55
22 75
22 105
22 113
22 133
22 142
22 148
22 163
22 168
22 169
22 174
23 10
23 12
23 18
23 30
23 33
23 101
23 118
23 125
23 130
23 132
23 133
23 139
24 5
24 40
24 52
24 65
24 66
24 92
24 97
24 104
24 106
24 118
24 123
24 135
24 137
24 152
24 160
24 165
24 178
25 9
25 49
25 75
25 169
25 178
25 182
25 189
26 44
26 47
26 56
26 86
26 88
26 90
26 94
26 129
26 134
26 153
26 162
26 172
26 175
27 10
27 62
27 68
27 80
27 83
27 121
27 141
27 188
27 198
27 207
28 16
28 17
28 24
28 35
28 110
28 147
28 159
28 201
29 23
29 87
29 141
29 163
29 172
29 192
30 14
30 62
30 94
30 104
30 184
30 186
31 35
31 87
31 96
31 101
31 108
31 115
31 126
31 163
31 177
31 180
31 208
32 26
32 35
32 41
32 71
32 91
32 93
32 113
32 119
32 132
32 174
32 182
32 190
32 210
33 5
33 7
33 27
33 38
33 39
33 88
33 97
33 122
33 138
33 147
33 160
33 180
33 186
33 189
33 207
34 6
34 45
34 86
34 99
34 112
34 157
34 184
34 195
34 196
35 24
35 29
35 33
35 34
35 54
35 93
35 122
35 128
35 156
35 166
35 190
36 6
36 57
36 112
36 158
36 190
36 198
37 40
37 67
37 94
37 109
37 125
37 142
37 146
37 164
37 169
37 176
37 182
37 203
38 15
38 89
38 103
38 110
38 118
38 131
38 151
38 206
39 68
39 69
39 89
39 94
39 109
39 140
39 158
39 164
39 203
40 8
40 26
40 35
40 57
40 61
40 87
40 122
40 166
41 40
41 42
41 46
41 55
41 63
41 68
41 98
41 107
41 119
41 177
41 189
41 204
41 206
42 21
42 24
42 85
42 105
42 139
42 154
42 199
43 9
43 25
43 32
43 33
43 42
43 44
43 56
43 60
43 84
43 95
43 130
43 167
43 191
44 35
44 66
44 100
44 103
44 109
44 116
44 183
44 191
44 199
45 9
45 90
45 133
45 140
45 142
45 172
45 200
45 206
46 17
46 30
46 90
46 95
46 101
46 122
46 125
46 147
46 160
46 165
46 207
47 20
47 34
47 37
47 38
47 42
47 43
47 68
47 97
47 163
48 30
48 60
48 69
48 120
48 135
48 176
48 189
48 202
49 53
49 107
49 109
49 155
49 203
49 206
50 11
50 36
50 39
50 64
50 102
50 111
50 130
50 143
50 177
51 3
51 5
51 28
51 40
51 49
51 55
51 86
51 92
51 147
51 160
51 172
51 200
52 27
52 28
52 51
52 74
52 98
52 111
52 114
52 118
52 139
52 194
52 199
53 60
53 72
53 74
53 131
53 147
53 166
53 190
53 205
54 33
54 66
54 67
54 76
54 80
54 92
54 97
54 121
54 141
54 200
55 10
55 23
55 161
55 193
56 23
56 75
56 79
56 94
56 130
56 162
56 179
56 189
57 28
57 32
57 33
57 71
57 121
57 135
57 141
57 143
57 163
57 169
57 178
57 189
58 25
58 38
58 46
58 56
58 73
58 181
58 186
58 204
59 10
59 21
59 40
59 63
59 64
59 65
59 83
59 94
59 141
59 143
59 189
59 209
60 12
60 32
60 36
60 48
60 58
60 67
60 74
60 76
60 105
60 118
60 154
60 175
60 201
60 204
61 2
61 37
61 39
61 52
61 62
61 66
61 97
61 109
61 191
61 192
61 200
62 19
62 107
62 118
62 165
62 175
62 196
62 198
62 203
62 206
63 94
63 106
63 112
63 120
63 128
63 132
63 135
63 185
63 209
64 20
64 31
64 39
64 42
64 77
64 95
64 118
64 120
64 167
64 177
64 183
64 186
64 198
65 2
65 30
65 33
65 61
65 113
65 132
65 187
65 204
65 205
65 209
66 7
66 8
66 55
66 86
66 91
66 152
66 175
66 191
67 1
67 65
67 75
67 137
67 148
67 191
67 196
67 198
67 208
68 9
68 21
68 27
68 48
68 82
68 96
68 103
68 136
68 163
68 187
68 190
69 42
69 59
69 71
69 80
69 92
69 112
69 125
69 127
69 151
69 154
69 201
70 29
70 39
70 44
70 102
70 111
70 126
70 129
70 164
70 173
70 182
70 185
70 194
70 196
70 198
70 199
70 210
71 7
71 10
71 23
71 50
71 54
71 74
71 91
71 106
71 107
71 119
71 181
71 191
71 196
72 16
72 23
72 84
72 122
72 175
73 42
73 43
73 50
73 54
73 66
73 102
73 139
73 140
73 162
73 178
73 191
73 200
74 37
74 81
74 90
74 103
74 140
74 143
75 13
75 167
75 210
76 12
76 19
76 25
76 64
76 80
76 83
76 85
76 93
76 114
76 133
76 139
76 143
76 164
76 172
76 179
76 200
77 19
77 49
77 88
77 94
77 98
77 99
77 126
77 134
77 138
77 144
77 180
78 11
78 76
78 117
78 132
78 177
79 15
79 30
79 43
79 51
79 56
79 62
79 63
79 97
79 98
79 103
79 142
79 158
79 163
79 203
80 3
80 29
80 59
80 71
80 103
81 19
81 40
81 43
81 75
81 86
81 112
81 120
82 7
82 45
82 56
82 81
82 106
82 165
82 187
82 197
83 39
83 47
83 80
83 88
83 93
83 98
83 121
83 124
83 128
83 140
83 153
83 157
83 186
83 203
84 7
84 30
84 35
84 67
84 89
84 104
84 181
84 193
85 15
85 19
85 74
85 101
85 154
85 185
85 188
85 193
85 195
85 203
86 33
86 65
86 116
86 124
86 137
86 153
86 171
86 176
87 48
87 50
87 54
87 88
87 89
87 107
87 108
87 128
87 141
87 163
87 208
88 5
88 28
88 114
88 147
88 164
88 174
88 194
88 199
89 11
89 49
89 61
89 63
89 78
89 92
89 124
89 136
89 140
89 156
89 160
89 172
89 177
89 180
90 9
90 23
90 36
90 63
90 70
90 80
90 101
90 116
90 133
91 33
91 39
91 40
91 51
91 61
91 63
91 64
91 83
91 90
91 105
91 127
92 15
92 73
92 77
92 99
92 109
92 143
93 22
93 25
93 36
93 67
93 160
93 191
93 206
94 5
94 16
94 25
94 39
94 54
94 62
94 98
94 106
94 123
94 146
94 196
95 17
95 40
95 44
95 52
95 57
95 61
95 86
95 92
95 106
95 120
95 148
95 178
96 38
96 41
96 49
96 78
96 123
96 130
96 164
96 188
96 193
97 6
97 32
97 34
97 115
97 155
97 158
97 161
97 163
97 170
97 176
98 72
98 77
98 104
98 112
98 117
98 162
98 181
98 193
98 201
99 1
99 46
99 80
99 97
99 125
99 138
99 143
99 182
99 188
99 194
99 196
99 200
100 84
100 99
100 102
100 133
100 172
100 190
101 26
101 70
101 112
101 130
101 156
101 163
101 181
102 17
102 28
102 30
102 41
102 95
102 98
102 111
102 128
102 199
102 200
102 206
103 4
103 46
103 57
103 72
103 158
103 178
103 199
104 23
104 31
104 47
104 62
104 67
104 68
104 120
104 158
104 165
104 199
105 58
105 68
105 73
105 77
105 96
105 99
105 101
105 141
105 193
106 37
106 151
106 193
106 197
106 200
107 12
107 50
107 70
107 77
107 89
107 94
107 99
107 141
107 170
108 25
108 48
108 56
108 61
108 196
109 20
109 34
109 37
109 38
109 39
109 70
109 117
109 130
109 192
109 207
110 30
110 90
110 93
110 104
110 119
110 133
110 141
110 172
110 181
111 24
111 62
111 78
111 108
111 119
111 134
111 139
111 153
111 155
112 37
112 41
112 45
112 65
112 76
112 104
112 116
112 119
112 142
113 11
113 22
113 40
113 54
113 78
113 80
113 107
113 137
113 139
113 144
113 196
113 208
114 8
114 13
114 19
114 21
114 68
114 73
114 84
114 113
114 132
114 144
114 160
114 163
114 172
114 186
114 188
114 194
115 35
115 53
115 75
115 78
115 94
115 103
115 164
115 174
115 176
115 183
115 193
115 197
115 199
116 16
116 29
116 36
116 41
116 63
116 77
116 85
116 185
117 30
117 89
117 109
117 164
117 165
117 191
118 8
118 36
118 56
118 93
118 159
118 171
118 175
118 176
118 180
118 204
118 205
119 1
119 7
119 62
119 72
119 83
119 152
119 161
119 164
120 36
120 38
120 84
120 98
120 101
120 103
120 133
120 143
120 155
120 181
120 202
121 18
121 44
121 49
121 85
121 100
121 120
121 138
121 140
121 147
121 168
121 171
121 172
121 199
121 204
121 208
122 3
122 14
122 18
122 22
122 66
122 68
122 98
122 113
122 141
122 148
122 168
122 198
122 202
123 12
123 27
123 30
123 56
123 69
123 78
123 98
123 104
123 112
123 113
123 122
123 135
123 144
123 165
123 175
123 200
124 11
124 30
124 55
124 57
124 77
124 97
124 155
124 176
124 201
125 46
125 48
125 134
125 139
125 143
125 189
126 21
126 73
126 137
126 174
126 208
127 50
127 54
127 58
127 59
127 69
127 85
127 111
127 157
127 162
127 170
127 195
127 197
128 6
128 9
128 69
128 74
128 118
128 150
128 177
128 193
128 209
129 2
129 15
129 30
129 53
129 63
129 147
129 152
129 156
129 198
130 6
130 7
130 9
130 47
130 68
130 74
130 77
130 90
130 162
130 180
130 181
130 184
131 7
131 25
131 33
131 44
131 62
131 102
131 132
131 162
131 174
131 188
132 7
132 69
132 105
132 141
132 142
133 4
133 30
133 54
133 101
133 109
133 121
133 153
133 158
133 159
134 7
134 21
134 77
134 79
134 85
134 110
134 112
134 124
134 127
134 133
134 141
134 155
134 203
135 30
135 48
135 54
135 82
135 94
135 100
135 127
135 148
135 166
135 168
135 184
136 33
136 40
136 76
136 100
137 1
137 6
137 10
137 52
137 76
137 88
137 104
137 110
137 119
137 146
137 148
137 150
137 166
137 182
137 210
138 3
138 69
138 73
138 101
138 161
138 167
138 170
138 181
138 194
139 27
139 34
139 55
139 71
139 114
139 179
139 183
140 29
140 51
140 53
140 57
140 66
140 74
140 86
140 101
140 129
140 155
140 164
140 205
141 34
141 39
141 60
141 81
141 98
141 108
141 113
141 139
142 29
142 52
142 67
142 110
142 128
142 138
142 165
142 176
143 61
143 74
143 77
143 96
143 99
143 125
143 141
143 157
143 173
143 176
144 5
144 62
144 63
144 90
144 97
144 135
144 147
145 11
145 26
145 47
145 68
145 78
145 90
145 111
145 122
145 137
145 152
145 160
145 161
145 203
145 207
146 10
146 11
146 38
146 65
146 83
146 90
146 92
146 93
146 112
146 148
146 149
146 159
146 206
147 39
147 76
147 98
147 170
147 171
148 12
148 16
148 24
148 40
148 81
148 101
148 115
148 126
148 138
148 156
148 209
149 68
149 73
149 90
149 119
149 130
149 135
149 137
149 159
149 162
149 175
149 186
149 193
149 200
150 65
150 72
150 88
150 91
150 95
150 149
150 157
150 168
150 196
151 19
151 20
151 54
151 56
151 89
151 92
151 98
151 110
151 115
151 119
151 198
152 21
152 29
152 34
152 41
152 66
152 71
152 77
152 172
152 185
152 196
153 14
153 20
153 48
153 107
153 159
153 182
153 187
153 193
154 52
154 61
154 65
154 72
154 77
154 116
154 122
154 136
154 142
154 172
154 178
154 208
155 14
155 56
155 71
155 126
155 141
155 163
155 172
155 180
156 6
156 41
156 59
156 62
156 72
156 81
156 93
156 103
156 127
156 141
156 176
156 189
156 204
157 8
157 43
157 58
157 182
157 210
158 51
158 91
158 178
159 24
159 44
159 47
159 71
159 76
159 77
159 116
159 120
159 125
159 140
159 153
159 170
160 22
160 29
160 79
160 86
160 111
160 129
160 175
160 182
160 185
161 20
161 24
161 60
161 91
161 118
161 128
161 160
161 172
161 201
162 16
162 26
162 55
162 63
162 182
163 3
163 17
163 71
163 138
163 183
164 7
164 12
164 26
164 38
164 57
164 123
164 132
164 149
164 150
164 174
165 8
165 27
165 33
165 35
165 62
165 63
165 86
165 88
165 114
165 132
165 171
165 183
165 193
165 205
165 208
166 7
166 55
166 85
166 117
166 123
166 148
166 179
166 201
166 207
167 39
167 40
167 45
167 47
167 60
167 71
167 76
167 125
167 134
167 158
167 163
167 194
168 6
168 18
168 59
168 95
168 116
168 123
168 129
168 132
168 190
168 195
168 204
169 2
169 3
169 14
169 24
169 40
169 54
169 77
169 96
169 106
169 109
169 151
169 155
170 32
170 33
170 72
170 74
170 96
170 108
170 130
170 142
170 155
170 176
170 190
170 208
171 35
171 76
171 112
171 115
171 126
172 8
172 11
172 54
172 57
172 87
172 106
172 157
172 161
172 168
172 206
173 34
173 44
173 50
173 68
173 72
173 88
173 97
173 109
173 119
173 120
173 126
173 147
173 182
173 187
173 196
173 208
174 16
174 22
174 29
174 63
174 73
174 74
174 111
174 180
174 182
174 203
175 6
175 22
175 40
175 80
175 115
175 167
175 181
176 32
176 67
176 78
176 92
176 104
176 111
176 113
176 187
176 203
177 2
177 5
177 9
177 27
177 53
177 76
177 83
177 88
177 135
177 140
177 155
177 168
177 193
178 47
178 51
178 76
178 82
178 106
178 173
178 193
179 3
179 19
179 20
179 33
179 53
179 76
179 99
179 140
179 149
179 150
179 161
179 166
179 167
179 171
179 175
179 201
180 16
180 17
180 18
180 61
180 74
180 106
180 107
180 137
180 146
180 152
180 199
180 206
180 210
181 2
181 6
181 17
181 21
181 55
181 86
181 115
181 120
181 129
181 136
181 153
181 160
181 163
181 177
181 180
181 187
182 15
182 24
182 32
182 35
182 44
182 45
182 70
182 174
182 187
183 17
183 22
183 23
183 79
183 90
183 108
183 130
183 151
183 153
183 200
183 209
184 4
184 11
184 12
184 18
184 42
184 76
184 121
184 126
184 181
184 204
184 207
185 3
185 11
185 24
185 31
185 45
185 132
185 134
185 147
185 180
186 72
186 111
186 181
186 188
186 206
187 34
187 36
187 54
187 59
187 85
187 178
188 13
188 17
188 25
188 35
188 42
188 45
188 67
188 70
188 84
188 130
188 136
188 159
188 172
188 187
188 197
189 22
189 33
189 46
189 62
189 121
189 152
189 173
189 191
189 203
190 42
190 62
190 93
190 114
190 133
190 185
190 188
190 189
190 204
191 27
191 38
191 60
191 85
191 133
191 136
191 156
191 163
191 170
191 177
192 2
192 16
192 25
192 35
192 69
192 101
192 155
192 177
192 183
192 209
193 15
193 135
193 179
193 192
194 18
194 49
194 56
194 71
194 86
194 145
194 192
195 8
195 13
195 57
195 77
195 79
195 89
195 95
195 100
195 107
195 127
195 159
196 27
196 37
196 51
196 66
196 70
196 131
196 151
196 187
196 206
197 16
197 29
197 50
197 68
197 111
197 120
197 128
197 133
197 140
197 153
197 154
197 156
197 164
198 6
198 11
198 53
198 65
198 89
198 114
198 131
198 147
198 171
198 177
198 185
198 200
198 209
199 9
199 13
199 48
199 49
199 52
199 81
199 90
199 97
199 100
199 101
199 108
199 154
200 4
200 165
200 187
200 189
200 195
201 2
201 4
201 11
201 31
201 38
201 46
201 80
201 82
201 83
201 103
201 104
201 121
201 122
201 157
201 175
202 25
202 111
202 116
202 138
202 141
202 162
202 186
202 190
202 192
202 199
203 12
203 45
203 53
203 76
203 117
203 168
203 190
204 6
204 10
204 32
204 34
204 46
204 65
204 68
204 100
204 119
204 145
204 164
204 174
204 201
204 209
205 10
205 20
205 34
205 47
205 71
205 79
205 159
205 174
205 191
205 196
205 208
205 210
206 14
206 17
206 103
206 130
206 139
206 143
206 157
206 187
207 21
207 30
207 39
207 104
207 106
207 133
207 136
207 140
207 150
207 164
207 170
207 180
207 182
207 186
207 190
207 206
207 208
208 5
208 33
208 35
208 49
208 54
208 56
208 100
208 108
208 124
208 142
208 174
208 183
208 189
209 17
209 36
209 51
209 82
209 109
209 134
209 157
209 160
209 166
209 170
209 181
209 192
210 2
210 88
210 99
210 100
210 153
210 174
210 209
