210
1846
1 41
1 48
1 105
1 115
1 118
1 153
1 202
2 16
2 151
2 179
3 6
3 13
3 38
3 53
3 54
3 152
3 161
3 175
3 196
4 5
4 28
4 37
4 84
4 133
4 157
4 180
5 23
5 33
5 53
5 123
5 128
5 173
5 179
6 15
6 29
6 71
6 93
6 103
6 115
6 126
6 127
6 145
6 147
6 156
6 170
6 187
6 204
6 210
7 47
7 62
7 126
7 144
7 145
7 164
7 176
7 185
7 204
7 209
8 1
8 16
8 31
8 72
8 73
8 81
8 90
8 118
8 154
8 157
8 187
9 5
9 6
9 39
9 57
9 79
9 112
9 124
9 133
9 162
9 193
9 196
9 198
10 13
10 48
10 67
10 74
10 84
10 106
11 75
11 99
11 130
11 170
11 202
12 10
12 39
12 94
12 122
12 123
12 155
12 168
12 198
13 8
13 66
13 94
13 142
13 159
13 162
13 186
13 200
14 2
14 18
14 23
14 24
14 25
14 47
14 140
14 153
14 165
14 187
14 194
15 12
15 14
15 33
15 86
15 95
15 108
15 128
15 135
15 153
15 161
15 164
15 201
16 14
16 49
16 57
16 79
16 81
16 83
16 136
16 184
16 187
16 199
17 10
17 26
17 97
17 102
17 108
17 110
17 117
17 121
17 124
17 126
17 159
17 174
17 181
17 195
18 15
18 33
18 44
18 54
18 69
18 70
18 136
18 151
18 164
18 183
18 187
18 194
19 7
19 8
19 16
19 42
19 67
19 89
19 108
19 124
19 137
19 171
19 201
20 15
20 54
20 77
20 100
20 187
20 195
21 29
21 44
21 50
21 116
21 119
21 131
21 133
21 136
21 191
22 18
22 30
22 37
22 43
22 50
22 68
22 70
22 77
22 78
22 115
22 139
23 25
23 40
23 58
23 81
23 97
23 99
23 111
23 119
23 129
23 198
24 29
24 31
24 59
24 64
24 80
24 94
24 108
24 209
25 4
25 34
25 52
25 61
25 81
25 103
25 104
25 136
25 159
25 181
25 184
25 187
25 199
26 13
26 16
26 53
26 54
26 55
26 144
27 55
27 66
27 76
27 128
27 130
27 131
27 159
27 179
27 187
27 201
27 209
28 34
28 56
28 67
28 118
28 132
28 163
28 165
28 172
28 202
29 25
29 41
29 87
29 138
29 154
29 171
29 185
29 209
30 1
30 59
30 76
30 146
30 163
30 169
31 21
31 25
31 29
31 55
31 87
31 93
31 104
31 134
31 135
31 140
31 162
31 171
31 191
32 10
32 15
32 34
32 41
32 44
32 74
32 110
32 118
32 127
32 165
32 170
32 177
32 185
33 1
33 16
33 21
33 32
33 43
33 57
33 61
33 101
33 106
33 123
33 127
33 133
33 139
33 157
33 170
33 206
34 48
34 176
35 12
35 13
35 45
35 53
35 69
35 72
35 92
35 93
35 101
35 104
35 117
35 122
35 135
35 172
35 181
35 205
36 62
36 97
36 116
37 10
37 28
37 38
37 53
37 74
37 76
37 83
37 110
37 116
37 163
37 181
37 184
37 189
38 76
38 96
38 97
38 131
38 137
38 155
38 174
38 200
38 201
38 207
39 14
39 32
39 37
39 98
39 132
39 179
39 188
39 196
39 203
39 209
40 31
40 36
40 63
40 78
40 100
40 127
40 139
40 152
40 164
40 168
40 178
40 182
40 196
41 9
41 10
41 86
41 115
41 119
41 153
41 184
41 200
42 47
42 116
42 136
42 166
42 182
43 30
43 122
43 185
43 191
44 20
44 27
44 57
44 90
44 93
44 110
44 113
44 119
44 123
44 166
44 167
44 169
45 38
45 88
45 102
45 109
46 34
46 36
46 76
46 136
46 167
47 96
47 97
47 109
47 154
47 157
48 4
48 6
48 62
48 66
48 88
48 94
48 152
48 180
48 191
48 196
49 2
49 30
49 67
49 80
49 100
49 106
49 108
50 24
50 52
50 73
50 97
50 134
50 136
50 140
50 192
50 204
51 33
51 43
51 81
51 96
51 102
51 173
51 181
51 186
52 12
52 28
52 31
52 43
52 74
52 92
52 106
52 112
52 152
52 161
52 166
52 178
53 3
53 56
53 63
53 147
53 195
53 207
54 7
54 9
54 15
54 39
54 92
54 96
54 100
54 103
54 105
54 108
54 137
54 146
54 162
54 186
54 187
55 18
55 46
55 51
55 57
55 98
55 144
56 1
56 28
56 88
56 105
56 116
56 125
56 126
56 181
56 199
56 204
57 49
57 60
57 92
57 101
57 126
57 148
57 158
57 167
58 12
58 13
58 22
58 41
58 60
58 64
58 77
58 83
58 87
58 130
59 20
59 56
59 65
59 91
59 93
59 106
59 132
59 140
59 179
59 199
60 26
60 48
60 84
60 121
60 122
60 128
60 136
60 171
60 177
60 188
60 193
61 19
61 20
61 65
61 100
61 111
61 120
61 133
61 154
61 210
62 7
62 30
62 49
62 78
62 80
62 85
62 90
62 107
62 130
62 155
62 181
62 182
62 185
62 198
63 24
63 73
63 81
63 111
63 132
63 135
63 141
63 208
64 4
64 51
64 61
64 101
64 103
64 143
64 148
64 149
64 155
64 210
65 39
65 72
65 74
65 117
65 179
66 15
66 33
66 38
66 144
66 186
67 4
67 40
67 46
67 128
67 135
67 137
67 139
67 161
68 51
68 52
68 77
68 86
68 92
68 120
68 156
68 172
68 199
68 207
69 32
69 91
69 116
69 132
69 146
69 160
69 171
69 177
69 197
69 207
70 62
70 84
70 86
70 160
70 186
70 189
71 31
71 92
71 96
71 116
71 131
71 147
71 191
72 53
72 58
72 69
72 86
72 117
72 144
72 152
72 153
72 174
72 193
72 201
73 9
73 14
73 46
73 53
73 68
73 71
73 76
73 89
73 90
73 133
73 142
73 151
73 159
74 37
74 69
74 91
74 119
74 153
74 181
75 24
75 67
75 92
75 179
76 52
76 83
76 132
76 136
76 167
77 23
77 31
77 38
77 51
77 69
77 90
77 123
77 148
77 169
77 179
78 20
78 86
78 108
78 130
78 136
78 149
78 152
78 170
78 194
78 200
79 13
79 39
79 66
79 101
79 113
79 192
80 15
80 36
80 60
80 87
80 100
80 130
80 202
81 34
81 44
81 74
81 103
81 118
81 139
81 141
81 162
81 208
82 22
82 95
82 98
82 101
82 110
82 122
82 128
82 145
82 154
83 1
83 27
83 29
83 40
83 44
83 45
83 51
83 62
83 71
83 75
83 79
83 86
83 114
83 127
83 161
83 205
84 55
84 71
84 95
84 100
84 125
84 152
84 156
84 186
85 90
85 101
85 109
85 139
85 163
86 55
86 56
86 60
86 97
86 119
86 136
86 166
86 180
86 195
87 4
87 33
87 46
87 48
87 70
87 80
87 136
87 163
87 168
88 8
88 45
88 55
88 69
88 70
88 85
88 108
88 113
88 175
89 7
89 35
89 114
89 150
89 163
89 180
89 207
90 4
90 8
90 24
90 26
90 55
90 70
90 95
90 101
90 105
90 149
90 150
91 35
91 41
91 67
91 73
91 114
91 131
91 139
91 154
91 167
91 183
91 197
92 5
92 47
92 75
92 80
92 109
92 160
93 1
93 4
93 24
93 82
93 102
93 112
93 116
93 146
93 174
93 206
93 208
94 11
94 68
94 83
94 91
94 111
94 120
94 142
94 152
94 159
94 183
95 38
95 53
95 73
95 79
95 136
95 139
95 151
96 110
96 128
96 135
96 150
96 151
96 161
97 36
97 74
97 87
97 168
97 185
97 194
97 206
98 4
98 63
98 137
98 198
99 8
99 41
99 115
99 164
99 165
99 200
100 33
100 47
100 72
100 74
100 117
100 151
100 161
100 174
100 176
100 198
100 210
101 38
101 51
101 83
101 100
101 120
101 147
101 156
102 49
102 63
102 69
102 184
103 14
103 35
103 74
103 93
103 197
104 71
104 81
104 103
104 116
104 126
104 197
105 25
105 42
105 52
105 94
105 96
105 106
105 127
105 167
105 174
105 196
106 2
106 3
106 42
106 61
106 74
106 94
106 109
106 112
106 135
106 153
106 180
107 24
107 42
107 49
107 86
107 94
107 104
107 121
107 126
107 166
107 169
107 176
107 185
107 210
108 1
108 3
108 34
108 40
108 57
108 106
108 107
108 152
108 157
108 167
109 47
109 48
109 78
109 83
109 92
109 117
109 118
109 162
109 165
109 185
110 27
110 47
110 73
110 120
110 140
110 144
110 181
110 197
111 42
111 79
111 84
111 96
111 104
111 149
111 158
111 190
112 18
112 51
112 53
112 98
112 113
112 118
112 120
112 163
112 193
112 200
113 5
113 11
113 13
113 16
113 22
113 27
113 59
113 65
113 77
113 94
113 146
113 156
113 168
113 170
113 195
113 202
114 3
114 32
114 57
114 65
114 153
114 175
114 200
115 25
115 86
115 105
115 123
115 203
116 15
116 18
116 22
116 24
116 77
116 82
116 84
116 91
116 148
116 158
116 203
117 20
117 21
117 62
117 111
117 158
117 163
117 193
118 10
118 24
118 47
118 55
118 89
118 114
118 126
118 134
118 206
119 27
119 66
119 79
119 111
119 112
119 117
119 127
119 180
119 204
120 37
120 39
120 40
120 76
120 81
120 207
121 20
121 48
121 58
121 91
121 143
121 154
121 164
121 176
121 182
121 205
122 23
122 78
122 119
122 176
122 177
122 206
122 209
123 73
123 84
123 141
123 163
123 165
123 170
123 183
123 188
124 9
124 101
124 110
124 149
124 197
124 206
124 207
125 28
125 42
125 51
125 94
125 102
125 119
125 129
125 149
125 181
126 21
126 84
126 116
126 153
127 17
127 42
127 43
127 65
127 90
127 164
127 170
127 186
127 188
127 190
128 162
128 163
129 8
129 15
129 25
129 52
129 65
129 115
129 122
129 124
129 152
129 179
129 190
130 35
130 59
130 77
130 104
130 167
130 194
130 201
131 45
131 57
131 59
131 90
131 93
131 110
131 122
131 176
131 184
131 191
131 194
131 203
132 29
132 40
132 90
132 112
132 162
132 164
132 173
132 186
132 196
132 197
132 205
133 2
133 32
133 47
133 69
133 71
133 92
133 100
133 107
133 111
133 164
133 184
133 204
134 54
134 58
134 59
134 80
134 85
134 90
134 103
134 124
134 139
134 144
134 175
135 70
135 77
135 86
135 123
135 149
135 174
135 200
135 202
136 130
136 146
136 151
136 154
136 177
136 195
136 204
137 19
137 96
137 101
137 130
137 138
137 171
137 203
138 9
138 20
138 42
138 141
138 149
138 188
138 198
138 207
139 8
139 57
139 112
139 126
139 133
139 144
139 209
140 98
140 112
140 122
140 149
140 166
140 175
140 176
140 178
140 186
140 188
141 15
141 75
141 76
141 87
141 94
141 96
141 106
141 168
142 1
142 27
142 39
142 43
142 45
142 65
142 119
142 128
142 167
142 200
142 202
143 2
143 13
143 37
143 42
143 75
143 82
143 85
143 103
143 179
143 199
144 11
144 21
144 22
144 26
144 32
144 62
144 78
144 98
144 110
144 140
144 152
144 193
144 196
145 1
145 10
145 13
145 47
145 79
145 127
145 147
145 172
145 203
146 32
146 41
146 100
146 129
146 174
147 11
147 12
147 24
147 31
147 35
147 46
147 57
147 58
147 62
147 65
147 74
147 80
147 142
147 152
147 208
148 7
148 26
148 31
148 57
148 74
148 77
148 83
148 91
148 178
148 183
148 198
148 208
149 11
149 19
149 81
149 104
149 120
149 170
149 171
149 188
150 7
150 80
150 84
150 111
150 128
150 144
150 156
150 157
150 170
150 179
150 180
150 192
150 200
151 1
151 7
151 12
151 21
151 34
151 36
151 48
151 57
151 82
151 86
151 102
151 115
152 59
152 85
152 96
152 151
152 178
153 111
153 128
153 189
153 199
153 201
153 210
154 7
154 72
154 76
154 104
154 109
154 206
154 208
154 210
155 12
155 15
155 18
155 21
155 48
155 49
155 52
155 87
155 98
155 158
155 160
156 37
156 56
156 58
156 90
156 152
156 181
157 18
157 117
157 162
157 166
157 194
157 204
157 207
158 1
158 30
158 48
158 61
158 65
158 88
158 112
158 124
158 182
158 197
159 15
159 28
159 86
159 105
159 127
160 10
160 41
160 53
160 64
160 111
160 113
160 123
160 134
160 166
160 180
160 192
160 196
160 198
160 208
161 38
161 43
161 79
161 118
161 127
161 136
161 179
162 6
162 37
162 63
162 102
162 120
162 130
162 150
162 154
162 164
162 176
162 194
163 17
163 67
163 84
163 92
163 102
163 147
163 203
164 28
164 48
164 69
164 155
164 161
164 163
164 173
164 181
164 189
164 191
165 50
165 84
165 122
165 136
165 185
166 6
166 11
166 48
166 67
166 74
166 78
166 89
166 90
166 125
166 154
167 20
167 45
167 61
167 73
167 104
167 108
167 112
167 116
167 134
167 157
167 182
167 205
167 206
168 21
168 61
168 92
168 117
168 127
168 161
168 202
169 7
169 28
169 31
169 68
169 94
169 99
169 119
169 127
169 144
169 159
169 175
169 203
170 8
170 67
170 73
170 125
170 151
170 204
171 35
171 114
171 136
171 159
172 19
172 30
172 56
172 57
172 136
172 151
172 160
172 188
172 202
172 210
173 20
173 29
173 32
173 76
173 85
173 117
173 171
173 176
173 180
173 185
173 187
173 206
173 210
174 36
174 42
174 44
174 46
174 51
174 87
174 90
174 118
174 155
174 209
175 14
175 45
175 116
175 170
176 2
176 19
176 22
176 29
176 35
176 46
176 47
176 119
176 132
176 145
176 157
176 158
176 173
176 184
176 200
177 47
177 84
177 111
177 129
177 144
177 154
177 155
177 167
177 179
178 19
178 22
178 122
178 146
179 23
179 69
179 83
179 96
179 125
179 180
180 17
180 30
180 67
180 71
180 109
180 133
180 158
180 168
180 198
181 37
181 43
181 44
181 60
181 61
181 69
181 132
181 133
181 195
181 196
182 6
182 13
182 16
182 33
182 34
182 37
182 50
182 58
182 66
182 148
182 161
182 193
183 31
183 54
183 90
183 149
183 203
184 52
184 61
184 63
184 102
184 129
184 132
184 153
184 172
184 182
184 191
185 16
185 43
185 85
185 87
185 123
185 147
185 200
185 203
185 205
186 18
186 46
186 75
186 187
187 4
187 6
187 29
187 55
187 63
187 70
187 83
187 89
187 97
187 135
187 161
187 179
187 195
187 210
188 84
188 87
188 110
188 125
188 155
189 41
189 93
189 94
189 100
189 123
189 131
189 135
189 160
189 171
189 172
189 184
190 104
190 158
190 178
191 2
191 4
191 25
191 107
191 124
191 127
191 196
192 24
192 27
192 37
192 39
192 80
192 103
192 107
192 115
192 162
192 178
192 194
193 32
193 61
193 107
193 206
194 15
194 33
194 49
194 59
194 62
194 104
194 129
194 140
194 149
194 189
194 203
195 8
195 57
195 115
195 173
195 183
195 207
195 210
196 58
196 59
196 84
196 121
196 166
196 191
196 204
197 25
197 34
197 36
197 105
197 145
197 146
197 152
197 155
198 1
198 5
198 10
198 37
198 69
198 71
198 76
198 81
198 130
198 167
199 44
199 50
199 53
199 97
199 100
199 102
199 127
199 149
199 178
199 187
199 188
199 202
200 13
200 62
200 160
200 171
200 185
201 25
201 32
201 69
201 95
201 113
201 134
201 147
201 149
201 158
201 199
202 8
202 41
202 72
202 74
202 86
202 89
202 94
202 110
202 119
202 154
202 162
202 178
202 182
202 191
202 197
203 19
203 42
203 120
203 131
203 136
203 149
203 171
203 199
204 6
204 24
204 51
204 107
204 122
204 153
204 159
204 184
205 43
205 57
205 99
205 104
205 159
205 204
206 4
206 7
206 41
206 43
206 58
206 99
206 133
206 141
206 144
206 150
206 158
206 161
206 170
206 187
206 192
207 6
207 21
207 33
207 125
207 160
207 163
207 174
208 8
208 13
208 16
208 64
208 80
208 136
208 137
208 164
208 169
208 180
208 185
208 203
209 41
209 46
209 50
209 116
209 123
209 142
209 160
209 196
210 22
210 34
210 42
210 96
210 152
210 159
210 172
210 176
