210
419
1 117
1 193
2 71
3 90
3 210
5 37
5 179
6 57
7 56
7 64
7 194
8 29
8 138
8 179
8 183
9 59
9 85
9 96
10 42
10 171
11 37
11 101
11 140
12 169
13 4
13 47
13 80
13 88
13 99
13 133
14 74
14 124
15 49
15 58
16 18
16 101
16 136
16 142
17 9
17 95
17 142
17 210
18 207
19 132
19 133
19 195
20 88
21 59
22 164
22 204
23 74
23 116
23 135
23 189
25 91
26 20
26 21
26 24
27 15
29 2
29 13
30 103
32 86
32 121
33 180
34 2
34 52
34 172
35 27
35 61
35 77
35 106
36 46
37 22
37 144
38 47
38 207
39 164
39 169
40 117
40 118
40 164
40 183
41 33
41 112
41 130
42 99
42 136
42 204
43 25
43 125
43 193
45 98
45 143
46 62
46 81
46 133
46 191
47 9
48 13
48 86
48 115
48 195
49 68
50 13
50 135
50 180
50 206
51 2
51 140
51 192
52 143
53 1
53 50
53 95
54 55
56 146
57 7
57 9
57 140
58 42
58 53
59 117
60 11
62 110
62 149
63 62
63 200
65 39
65 146
66 158
67 7
67 140
67 142
67 194
68 47
69 71
69 172
70 204
71 85
71 154
71 204
72 46
72 116
73 62
73 125
73 156
74 144
75 78
75 156
76 159
76 164
77 112
77 117
78 123
79 131
79 158
80 8
80 171
81 52
81 57
81 59
81 72
82 35
83 41
83 100
83 148
83 181
84 42
84 45
84 100
85 4
85 87
85 202
86 110
87 2
87 70
87 137
88 2
88 157
89 166
89 168
90 193
90 201
91 41
91 140
91 208
92 17
92 94
92 164
93 165
94 41
95 148
96 47
96 102
97 40
98 99
99 125
100 70
100 93
101 63
101 189
101 207
102 153
104 21
104 108
104 158
105 191
106 88
107 37
107 42
107 43
107 161
109 69
109 87
109 174
111 94
111 99
112 21
112 65
113 41
113 90
114 172
115 25
116 143
116 152
117 38
117 103
119 31
119 180
120 17
120 68
120 95
120 183
120 200
120 203
120 206
121 7
122 138
123 74
123 92
123 196
124 150
124 191
125 199
127 14
127 48
128 13
128 59
129 22
129 133
130 1
130 5
131 72
132 35
132 36
132 43
132 57
132 78
132 169
132 195
133 185
134 57
134 87
134 210
135 24
135 147
135 162
135 175
135 195
136 144
137 49
138 8
139 2
139 24
139 185
139 198
140 172
140 204
140 209
142 28
142 181
143 18
143 137
143 191
144 26
144 106
144 119
145 107
145 137
145 170
145 174
146 61
146 164
146 175
147 100
147 206
149 123
149 125
150 32
150 172
150 189
151 83
152 24
152 43
152 177
153 84
153 172
154 67
154 120
154 135
156 19
156 49
156 73
156 84
157 17
158 19
158 23
158 112
159 33
159 76
159 165
160 20
160 62
160 122
161 105
161 207
162 139
162 175
162 192
163 173
163 191
164 80
164 128
165 59
165 84
165 115
166 25
166 85
166 104
167 41
167 53
167 56
168 40
168 206
169 76
170 120
171 50
171 157
171 172
171 178
171 195
172 32
172 150
173 148
173 184
175 66
177 15
177 30
179 57
179 185
179 195
180 8
180 102
180 151
180 156
181 187
183 7
183 151
184 6
184 129
185 30
185 32
185 133
185 180
187 70
187 188
188 9
188 32
188 192
189 24
189 116
190 31
190 43
190 135
190 191
191 149
194 28
195 43
195 53
196 94
196 144
197 20
197 56
197 87
197 92
197 141
197 188
198 6
198 73
199 162
201 157
202 122
202 141
203 31
203 134
204 166
205 53
205 91
205 209
207 37
207 51
207 72
208 142
208 169
209 111
209 146
209 207
210 184
