220
1086
1 26
1 60
1 115
1 193
1 211
2 19
2 114
2 130
3 83
3 127
4 1
4 19
4 66
4 103
4 123
4 162
4 167
4 184
5 62
5 66
5 93
5 98
5 113
5 118
5 209
6 78
6 126
7 4
7 6
7 49
7 52
7 62
8 53
8 63
8 108
8 121
8 180
8 194
8 196
9 11
9 72
9 108
9 115
9 181
10 1
10 47
10 104
10 114
10 127
10 132
10 185
10 209
11 22
11 35
11 47
11 77
11 108
11 132
11 209
12 34
12 107
12 112
13 25
13 58
13 67
13 111
13 137
13 158
13 167
13 179
13 193
14 53
14 88
14 98
14 110
14 155
14 165
15 95
15 141
15 149
16 7
17 2
17 13
17 214
18 94
18 150
18 192
19 6
19 26
19 31
19 103
19 127
19 185
20 33
20 37
20 46
20 59
20 131
20 133
20 184
21 12
21 64
21 66
21 127
21 145
21 195
22 77
22 80
22 90
22 91
22 112
22 193
22 206
23 19
23 38
23 129
23 149
23 163
23 168
23 181
24 13
24 85
24 91
24 134
25 46
25 71
25 86
25 97
25 195
25 207
26 31
26 41
26 47
26 84
26 102
26 195
26 206
27 52
28 1
28 38
28 111
28 114
28 216
29 65
29 132
30 12
30 21
30 139
30 142
30 169
30 179
30 186
31 15
31 25
31 89
31 113
31 114
31 119
31 147
31 157
31 162
31 216
32 47
32 140
32 167
33 92
33 136
34 44
34 96
34 199
35 98
35 123
35 177
36 8
36 10
36 34
36 86
36 93
37 65
37 91
37 100
38 43
38 117
39 138
39 169
40 61
40 79
40 131
40 133
40 142
40 190
40 218
41 4
41 85
41 110
41 155
41 181
41 212
42 52
42 64
42 89
42 137
42 162
42 201
42 202
42 212
43 15
43 83
43 103
43 207
44 55
44 93
44 97
44 153
44 219
45 14
45 24
45 101
45 205
46 11
46 41
46 170
46 217
47 2
47 61
47 113
47 140
48 84
48 168
49 18
49 22
49 35
50 4
50 15
50 72
50 100
50 200
51 23
51 40
51 162
51 176
51 183
51 213
52 30
52 182
52 188
53 67
53 93
53 106
53 215
54 26
54 29
54 86
54 154
55 56
55 64
55 89
55 198
55 200
56 89
56 96
56 209
57 14
57 184
57 195
58 35
58 63
58 166
58 196
59 126
60 15
60 41
60 83
60 84
60 103
60 166
60 199
61 101
61 113
61 196
61 201
62 76
62 162
62 193
62 194
63 51
63 55
63 106
64 94
64 96
64 137
64 165
64 171
65 8
65 30
65 54
65 102
65 121
65 141
65 182
65 192
65 195
66 5
66 31
66 118
66 150
66 195
67 10
67 28
67 35
67 111
67 127
67 180
67 182
68 51
68 60
68 66
68 120
68 126
68 169
68 178
68 205
68 212
68 214
69 117
69 136
69 167
69 183
70 60
70 147
70 208
71 14
71 18
71 122
71 175
71 209
72 97
72 146
72 164
72 215
72 217
74 22
74 101
74 110
74 112
74 159
74 178
74 199
74 205
74 211
74 214
75 2
75 18
75 33
75 39
75 46
75 56
75 109
75 182
75 213
76 63
77 136
77 150
77 199
77 202
78 3
78 26
78 44
78 89
78 149
78 157
79 24
79 25
79 67
79 78
79 97
79 169
80 38
80 83
80 89
80 114
80 129
80 166
81 9
81 92
81 97
81 150
81 188
81 206
82 35
82 75
82 157
82 173
82 199
82 217
82 220
83 36
83 58
83 63
83 84
83 88
83 198
84 35
84 46
84 163
84 184
85 20
85 94
85 135
85 145
86 8
86 44
86 72
86 107
86 137
86 141
86 150
86 171
87 28
87 61
87 197
87 208
88 17
88 35
88 69
88 80
88 186
88 194
89 3
89 127
89 149
89 158
89 167
90 31
90 98
91 26
92 28
92 44
92 117
92 151
92 214
93 13
93 28
93 50
93 138
93 209
94 35
94 39
94 177
94 209
95 46
95 72
95 75
95 80
95 129
95 130
95 150
95 173
95 187
95 197
96 17
96 24
96 76
96 103
96 124
96 157
96 178
96 219
97 75
97 93
97 107
97 134
97 208
98 45
98 61
98 66
98 72
98 187
99 20
99 24
99 64
99 209
100 49
100 117
100 121
100 134
100 147
100 163
100 196
100 200
101 72
101 96
101 111
101 132
102 69
102 71
103 26
103 47
103 48
103 63
103 110
103 119
103 128
103 158
103 167
103 183
103 199
104 8
104 164
104 198
104 204
105 196
106 146
106 212
107 84
107 85
107 175
108 21
108 46
108 114
108 147
108 158
108 160
108 200
109 30
109 148
110 19
110 36
110 87
110 94
110 130
110 168
111 44
111 88
111 115
111 125
112 31
112 71
112 110
112 124
113 9
113 31
113 71
113 111
113 137
113 146
113 179
114 13
114 18
114 60
114 135
114 172
115 6
115 15
115 74
115 157
115 196
115 202
115 220
116 50
116 108
116 114
116 204
117 35
117 83
117 145
117 150
117 210
118 8
118 185
118 193
119 21
119 56
119 113
119 157
119 164
119 180
120 62
120 83
120 116
120 134
120 162
120 213
121 52
121 166
121 209
122 12
122 81
122 147
122 161
122 185
122 212
123 23
123 57
123 66
123 72
123 76
123 116
123 120
124 11
124 75
124 82
124 162
124 176
124 187
124 219
125 145
125 210
126 29
126 38
126 52
126 151
127 62
127 64
127 124
127 143
127 160
127 173
128 36
128 82
128 99
128 102
128 161
129 34
129 62
129 110
129 164
129 198
130 62
130 78
130 162
130 209
131 58
131 100
131 118
131 147
131 160
132 26
132 35
132 125
132 143
132 158
133 61
133 148
133 181
133 183
133 191
134 10
134 25
135 47
135 51
135 64
135 102
135 189
136 12
136 72
136 166
137 131
137 215
137 220
138 91
138 177
138 203
139 5
139 26
139 71
139 87
139 153
139 203
140 46
140 62
140 150
140 179
140 180
141 23
141 27
141 66
141 95
141 218
142 2
142 44
142 60
142 166
142 207
143 14
143 32
143 141
143 161
143 211
143 219
144 11
144 87
144 123
144 131
145 52
145 63
146 79
146 85
146 118
146 163
146 218
147 8
147 42
147 114
147 116
147 127
147 159
147 208
148 19
148 43
148 96
148 111
148 126
148 169
149 21
149 58
149 82
149 115
149 135
149 150
150 5
150 16
150 25
150 32
150 56
150 66
150 73
150 212
151 3
151 27
151 77
151 92
152 16
152 42
152 50
152 71
152 72
152 103
152 104
152 181
152 198
153 54
154 8
154 27
154 195
155 76
155 85
155 202
155 211
156 111
156 215
157 172
158 21
158 40
158 70
158 71
158 163
158 180
159 21
159 163
159 189
159 212
160 61
160 66
160 77
160 95
160 140
161 113
161 135
161 211
162 61
162 112
162 155
162 164
162 212
163 11
163 63
163 71
163 192
163 210
164 11
164 55
164 61
164 142
165 86
165 91
165 112
165 169
165 181
165 188
166 6
166 35
166 44
166 98
166 147
166 157
166 194
167 4
167 76
167 99
167 114
167 144
167 161
167 191
167 198
168 21
168 43
168 55
168 94
168 147
168 156
168 205
169 54
169 61
169 74
169 93
169 154
170 116
170 174
171 4
171 50
171 82
171 105
171 126
171 156
171 159
171 207
172 30
172 46
172 120
172 134
172 163
172 180
173 47
173 72
173 138
173 144
173 148
173 177
173 195
174 55
174 180
175 21
175 76
175 96
175 125
175 166
176 69
176 87
176 115
176 118
176 162
177 79
177 127
177 130
177 131
177 134
177 189
177 197
177 212
178 10
178 60
178 88
178 129
179 163
179 195
179 198
180 86
180 93
180 112
180 120
180 123
181 17
181 28
181 114
181 128
181 147
181 157
182 24
182 47
182 89
182 129
182 200
182 203
183 6
183 39
183 51
183 95
183 96
183 97
183 152
183 154
183 157
184 32
184 60
184 188
185 30
185 54
185 107
185 170
185 183
185 209
186 36
186 43
186 56
186 58
186 90
186 195
187 77
187 79
187 135
187 139
187 156
187 190
188 101
188 108
188 114
188 129
188 195
189 70
189 77
189 124
189 160
189 161
190 41
190 121
190 151
190 186
190 208
191 44
191 49
191 50
191 53
191 95
191 104
191 119
191 156
191 213
191 218
192 10
192 81
192 87
192 90
192 120
192 151
192 183
192 215
193 37
193 63
193 89
193 136
193 141
193 184
194 39
194 144
194 181
194 215
195 30
195 48
195 57
195 136
195 153
195 163
195 168
195 179
196 59
196 108
196 155
197 36
197 59
197 64
197 97
197 99
197 211
198 28
198 145
198 158
198 191
198 204
199 37
199 44
199 113
199 139
199 152
200 83
200 97
200 100
201 18
201 84
201 119
201 193
202 36
202 56
202 81
202 130
202 190
203 9
203 10
203 26
203 55
203 56
203 57
203 187
203 194
204 6
204 13
204 18
204 48
204 171
204 191
204 212
205 65
205 68
205 127
205 160
205 169
205 196
206 5
206 92
206 182
206 186
207 13
207 45
207 87
207 97
207 99
207 135
207 156
208 62
208 67
208 129
208 182
208 215
209 8
209 34
209 75
209 157
209 178
210 52
210 151
210 170
210 212
211 5
211 97
211 146
212 5
212 38
212 64
212 74
212 98
212 105
212 204
213 62
213 75
213 112
213 117
213 199
214 27
214 131
215 55
215 84
215 123
215 172
215 203
216 19
216 35
216 146
217 22
217 41
217 58
217 63
217 96
217 126
217 131
217 140
217 196
218 21
218 107
218 168
218 179
219 5
219 41
220 31
220 67
220 115
220 118
