220
1738
1 62
1 109
1 142
1 205
2 1
2 7
2 9
2 37
2 44
2 46
2 51
2 65
2 120
2 132
2 157
2 174
2 187
2 220
3 1
3 19
3 20
3 30
3 46
3 58
3 212
4 16
4 33
4 79
4 103
4 112
4 132
4 135
4 178
5 2
5 12
5 42
5 110
5 179
5 198
6 25
6 39
6 48
6 115
6 138
6 151
6 155
6 157
6 159
6 176
6 180
6 195
6 205
6 218
7 3
7 4
7 37
7 48
7 57
7 90
7 115
7 196
7 197
8 104
8 135
8 164
8 169
8 218
9 29
9 51
9 133
9 164
9 208
10 12
10 33
10 40
10 108
10 117
10 137
10 149
10 167
11 43
11 90
11 105
11 113
11 120
11 138
11 139
11 151
11 190
11 195
11 207
11 216
12 87
12 105
12 157
12 181
12 197
13 5
13 26
13 38
13 71
13 91
13 95
13 113
13 115
13 122
13 148
13 182
13 186
13 210
14 28
14 78
14 88
14 91
14 92
14 111
14 139
14 153
14 156
14 158
14 184
14 213
14 215
14 217
15 66
15 116
15 140
15 199
16 27
16 41
16 68
16 96
16 97
16 103
16 126
16 147
16 168
17 1
17 3
17 14
17 34
17 116
17 158
17 186
17 208
18 40
18 83
18 109
18 139
18 195
19 42
19 61
19 100
19 132
19 148
19 180
20 19
20 48
20 70
20 79
20 152
20 162
20 177
20 187
20 190
21 22
21 123
21 136
22 1
22 9
22 10
22 52
22 80
22 99
22 135
22 157
22 167
22 168
22 183
22 217
23 7
23 16
23 25
23 26
23 122
24 44
24 46
24 59
24 69
24 114
24 116
24 133
24 139
24 152
24 173
24 189
24 219
25 130
25 193
26 3
26 6
26 17
26 31
26 57
26 72
26 81
26 96
27 1
27 4
27 49
27 63
27 95
27 105
27 125
27 156
27 164
27 167
27 168
27 169
28 25
28 45
28 47
28 78
28 134
28 158
28 189
28 201
28 205
29 3
29 32
29 135
29 170
30 14
30 61
30 110
30 119
30 156
30 198
31 42
31 52
31 100
31 111
31 119
31 128
31 131
31 134
31 172
31 194
31 215
31 218
32 39
32 44
32 73
32 141
32 159
32 164
33 24
33 46
33 100
33 138
33 156
33 202
33 206
34 17
34 108
34 112
34 124
34 193
34 220
35 21
35 103
35 153
35 157
35 165
35 209
36 14
36 15
36 51
36 125
36 128
36 155
36 217
37 28
37 68
37 79
37 87
37 106
37 120
37 149
37 194
38 26
38 60
38 81
38 133
39 23
39 55
39 145
39 148
40 2
40 3
40 45
40 91
40 96
40 147
40 150
41 18
41 38
41 56
41 60
41 66
41 133
41 137
41 167
41 194
41 201
41 206
42 47
42 60
42 83
42 89
42 146
42 219
43 11
43 79
43 92
43 177
44 68
44 138
44 150
44 156
44 174
45 6
45 21
45 96
45 139
45 164
45 183
45 185
46 82
46 97
46 124
46 180
46 203
46 205
47 35
47 44
47 55
47 84
47 86
47 121
47 124
47 133
47 161
47 218
48 14
48 15
48 24
48 36
48 90
48 92
48 153
48 160
49 32
49 66
49 93
49 138
49 163
49 208
50 52
50 59
50 75
50 87
50 94
50 159
50 161
50 208
51 13
51 93
51 114
51 120
51 157
51 162
51 169
51 195
51 202
52 22
52 34
52 49
52 51
52 90
52 99
52 217
52 220
53 75
53 98
53 114
53 163
53 180
53 206
54 26
54 149
54 169
54 194
54 201
55 4
55 7
55 38
55 107
55 139
55 160
55 161
55 183
55 191
56 57
56 111
56 119
57 7
57 12
57 51
57 59
57 78
57 87
57 106
57 139
57 177
57 193
57 207
58 34
58 90
58 104
58 123
58 134
58 190
58 196
58 214
59 6
59 14
59 63
59 104
59 106
59 183
59 199
59 207
60 33
60 36
60 51
60 53
60 111
60 130
60 138
60 218
61 6
61 12
61 114
61 139
61 143
61 144
61 147
61 169
61 214
62 21
62 105
62 126
62 183
62 207
63 9
63 56
63 102
63 169
63 170
63 207
63 212
63 216
64 16
64 30
64 31
64 32
64 60
64 75
64 155
64 181
64 195
64 217
65 36
65 83
65 154
65 215
66 84
66 86
66 92
66 99
66 153
66 155
66 165
66 171
66 191
67 13
67 34
67 74
67 77
67 113
67 124
67 126
68 80
68 134
68 163
68 170
68 201
69 10
69 28
69 40
69 49
69 67
69 92
69 198
69 206
70 13
70 49
70 118
70 163
70 201
71 26
71 54
71 135
71 159
71 211
72 53
72 73
72 95
72 117
72 125
72 138
72 170
72 182
72 196
72 197
72 205
72 207
72 215
73 12
73 69
73 97
73 168
73 177
74 3
74 113
74 155
74 164
74 165
74 208
75 2
75 30
75 49
75 119
75 122
75 128
75 129
75 136
75 154
75 164
75 167
76 11
76 35
76 51
76 64
76 72
76 88
76 203
76 205
77 10
77 28
77 101
77 122
77 146
77 151
77 173
78 13
78 45
78 109
78 176
79 24
79 49
79 51
79 64
79 71
79 85
79 129
79 133
79 188
79 208
80 2
80 5
80 51
80 53
80 167
80 171
80 175
80 178
81 2
81 40
81 105
81 134
81 138
81 172
81 174
81 190
81 195
81 196
81 210
81 219
82 5
82 11
82 17
82 24
82 46
82 58
82 75
82 90
82 100
82 116
82 160
82 191
83 7
83 38
83 78
83 97
83 103
83 104
83 126
83 146
83 191
83 194
84 7
84 24
84 38
84 77
84 93
84 117
84 118
85 88
85 157
86 55
86 65
86 95
86 117
86 150
86 156
86 175
86 184
87 39
87 48
87 140
87 167
87 175
87 194
87 207
88 84
88 86
88 96
88 199
89 11
89 88
89 92
89 150
89 151
89 157
89 192
90 11
90 25
90 30
90 31
90 70
90 173
90 208
91 6
91 28
91 60
91 105
91 107
91 111
91 183
91 208
92 17
92 32
92 43
92 70
92 120
92 161
92 182
93 14
93 25
93 26
93 48
93 83
93 116
93 127
93 128
93 156
93 164
93 166
93 174
93 183
93 209
93 216
94 8
94 15
94 21
94 37
94 40
94 88
94 90
94 100
94 131
94 155
94 174
94 189
94 205
94 206
95 13
95 35
95 63
95 92
95 165
95 187
95 196
96 39
96 71
96 74
96 102
96 129
96 137
96 151
96 171
96 189
97 21
97 33
97 47
97 65
97 72
97 82
97 131
97 183
98 78
98 81
98 87
98 168
98 191
98 206
99 31
99 81
99 141
99 185
99 214
100 15
100 35
100 44
100 88
100 102
100 104
100 125
100 140
100 161
100 177
100 184
100 199
100 204
101 11
101 15
101 57
101 69
101 81
101 213
102 6
102 36
102 48
102 58
102 64
102 84
102 125
102 183
102 195
102 220
103 38
103 39
103 111
103 123
103 141
103 192
103 206
103 207
103 220
104 85
104 129
104 139
104 185
104 189
104 215
104 219
105 98
105 117
105 148
106 29
106 54
106 100
106 116
106 153
106 154
106 203
106 206
107 90
107 132
107 163
107 169
107 181
107 200
107 202
108 25
108 29
108 45
108 90
108 116
108 124
108 139
108 160
108 188
108 207
108 214
108 215
109 11
109 42
109 54
109 103
109 177
109 191
109 195
110 38
110 65
110 67
110 161
110 169
110 204
111 23
111 50
111 58
111 90
111 110
111 184
112 7
112 25
112 52
112 59
112 61
112 100
112 109
112 117
112 128
112 141
112 150
112 161
112 177
112 185
113 37
113 43
113 46
113 56
113 86
113 96
113 103
113 140
113 160
114 42
114 67
114 163
114 167
114 184
114 218
115 9
115 36
115 42
115 66
115 93
115 107
115 112
115 117
115 190
115 204
115 209
116 6
116 23
116 31
116 80
116 91
116 93
116 100
116 115
116 149
116 156
116 202
117 8
117 16
117 21
117 31
117 109
117 110
117 133
117 145
118 8
118 14
118 18
118 44
118 70
118 108
118 115
118 121
118 127
118 128
118 137
118 138
118 189
119 8
119 10
119 45
119 92
119 105
119 114
119 148
119 175
119 215
120 15
120 28
120 76
120 124
120 150
120 154
120 165
120 216
121 75
121 77
121 97
121 167
121 173
121 178
121 186
122 9
122 25
122 126
122 128
122 183
123 85
123 87
123 140
123 142
123 163
123 167
123 184
123 203
123 209
124 34
124 60
124 104
124 117
124 119
124 148
124 164
124 172
124 215
125 6
125 23
125 35
125 59
125 76
125 84
125 88
125 97
125 186
125 198
126 24
126 37
126 59
126 63
126 74
126 98
126 108
126 130
126 139
126 166
127 65
128 3
128 32
128 55
128 76
128 81
128 158
129 44
129 55
129 56
129 67
129 90
129 101
129 115
129 118
129 212
129 215
130 97
130 128
131 2
131 33
131 39
131 41
131 58
131 64
131 68
131 96
131 129
131 154
131 165
131 173
131 183
132 9
132 11
132 85
132 98
132 103
132 128
133 8
133 41
133 47
133 134
133 203
133 206
134 39
134 49
134 53
134 77
134 89
134 91
134 104
134 175
135 16
135 56
135 66
135 83
135 121
135 132
135 216
136 46
136 72
136 97
136 100
136 128
136 157
136 190
137 7
137 24
137 59
137 83
137 104
137 121
137 129
138 6
138 32
138 40
138 49
138 50
138 76
138 106
138 125
138 127
139 23
139 31
139 86
139 91
139 107
139 122
139 155
139 178
139 182
139 194
140 5
140 13
140 42
140 101
140 108
140 211
141 1
141 6
141 58
141 149
142 29
142 35
142 50
142 77
142 100
142 137
142 150
142 191
143 63
143 99
143 170
143 210
143 215
144 19
144 28
144 63
144 142
144 163
144 182
144 206
145 22
145 71
145 95
145 110
145 116
146 53
146 93
146 148
146 180
146 195
146 214
146 218
147 32
147 64
147 75
147 86
147 90
147 148
147 191
148 30
148 42
148 55
148 110
148 172
148 181
148 191
148 211
149 44
149 59
149 82
149 116
149 165
149 175
149 181
149 216
150 95
150 127
150 157
150 168
150 176
150 185
150 218
151 89
151 106
151 122
151 145
151 155
151 179
151 192
151 210
152 3
152 11
152 27
152 46
152 59
152 140
152 162
152 194
152 196
153 10
153 25
153 28
153 48
153 57
153 58
153 79
153 137
153 147
153 169
153 198
154 17
154 49
154 87
154 100
154 101
154 126
154 133
154 135
154 183
154 206
154 210
154 215
155 21
155 25
155 60
155 68
155 118
155 129
156 39
156 55
156 118
156 124
156 179
156 181
157 5
157 39
157 51
157 62
157 164
157 169
158 22
158 43
158 61
158 94
158 105
158 156
159 18
159 101
159 108
159 112
159 207
160 68
160 90
160 170
160 178
160 209
160 211
161 14
161 59
161 94
161 105
161 127
161 165
161 218
162 18
162 48
162 53
162 62
162 77
162 84
162 85
162 115
162 121
162 130
162 137
162 145
162 161
162 168
162 188
162 213
163 21
163 29
163 38
163 40
163 59
163 176
164 3
164 23
164 25
164 32
164 46
164 77
164 115
164 125
164 162
164 197
164 204
165 23
165 37
165 44
165 62
165 85
165 183
165 212
166 10
166 20
166 39
166 62
166 80
166 88
166 114
166 204
167 23
167 61
167 73
167 83
167 112
167 129
167 138
167 141
168 34
168 39
168 69
168 99
168 119
168 136
168 176
168 188
169 39
169 47
169 71
169 154
169 162
169 180
169 191
170 35
170 51
170 53
170 77
170 95
170 108
170 125
171 30
171 52
171 121
171 135
171 147
171 204
172 3
172 28
172 88
172 97
172 124
172 126
172 127
172 134
172 146
172 181
172 184
172 190
173 49
173 144
173 191
173 193
173 194
173 209
173 214
174 25
174 63
174 84
174 102
174 123
174 134
174 158
174 164
174 182
174 210
174 218
175 8
175 12
175 30
175 36
175 49
175 92
175 133
176 5
176 25
176 136
176 162
176 185
177 1
177 28
177 55
177 61
177 106
177 137
177 149
177 150
177 154
177 164
177 174
177 183
177 188
178 20
178 138
178 148
178 155
178 210
179 33
179 94
179 102
179 118
179 122
179 152
180 6
180 134
180 137
180 145
180 157
180 162
180 165
180 182
180 193
180 194
180 199
180 210
180 214
181 11
181 12
181 14
181 54
181 73
181 89
181 102
181 104
181 108
181 116
181 119
181 169
181 190
181 195
182 99
182 103
182 130
182 176
182 189
182 191
182 216
183 14
183 29
183 34
183 36
183 52
183 61
183 95
183 132
183 153
183 171
183 176
183 177
183 209
183 212
184 16
184 31
184 35
184 64
184 69
184 91
184 121
184 123
185 15
185 16
185 63
185 78
185 101
185 126
185 136
185 153
185 158
185 210
185 212
186 35
186 51
186 124
186 138
186 157
186 189
186 214
187 7
187 80
187 129
187 148
187 166
187 170
187 192
187 201
188 4
188 53
188 60
188 93
188 144
188 151
188 163
188 178
189 94
189 127
189 132
189 150
189 159
189 182
189 217
190 15
190 39
190 68
190 154
190 191
190 194
190 216
191 3
191 103
191 108
191 112
191 139
191 169
191 193
191 217
192 10
192 77
192 78
192 87
192 88
192 110
192 129
192 132
192 152
192 181
192 183
192 211
193 14
193 33
193 42
193 58
193 76
193 155
193 182
193 205
194 21
194 42
194 76
194 110
194 112
194 125
194 142
194 191
195 36
195 46
195 56
195 71
195 117
195 124
195 163
195 164
195 213
196 16
196 81
196 105
196 132
196 202
197 42
197 44
197 50
197 52
197 55
197 56
197 63
197 91
197 153
197 179
197 180
197 182
197 196
197 204
198 3
198 56
198 58
198 69
198 87
198 105
198 120
198 140
198 159
198 162
198 187
198 218
199 4
199 17
199 41
199 43
199 81
199 85
199 100
199 117
199 124
199 142
199 182
199 185
199 217
200 1
200 32
200 41
200 53
200 62
200 105
200 113
200 140
200 184
200 199
201 16
201 67
201 76
201 79
201 88
201 102
201 118
201 128
201 150
201 176
201 203
202 29
202 112
202 126
202 146
202 151
202 180
202 213
202 214
203 14
203 38
203 54
203 69
203 71
203 98
203 144
203 174
203 188
204 1
204 6
204 16
204 52
204 54
204 90
204 116
204 148
204 210
205 65
205 73
205 78
205 101
205 110
205 147
205 194
206 47
206 78
206 101
206 154
206 180
207 38
207 39
207 51
207 199
207 206
207 214
208 30
208 62
208 68
208 70
208 145
209 54
209 66
209 85
209 89
209 90
209 109
209 182
209 213
209 218
210 1
210 4
210 35
210 42
210 65
210 122
210 190
210 216
211 39
211 40
211 46
211 47
211 67
211 157
211 182
211 205
212 2
212 16
212 54
212 82
212 100
212 123
212 171
212 182
213 15
213 31
213 54
213 103
213 126
213 132
214 111
214 153
214 174
214 177
215 75
215 77
215 94
215 175
216 3
216 37
216 46
216 77
216 130
216 177
216 197
216 219
217 45
217 110
217 111
217 129
217 136
217 209
218 3
218 9
218 19
218 60
218 63
218 85
218 86
218 89
219 3
219 18
219 29
219 31
219 58
219 71
219 72
219 105
219 107
219 117
219 120
219 163
219 166
219 177
220 9
220 16
220 49
220 61
220 92
220 132
220 134
220 144
220 161
220 191
