2250
2250
1 2056
2 500
3 1164
4 316
4 324
7 474
7 1018
7 1023
8 259
10 735
10 1356
11 1755
13 182
14 68
14 958
15 1398
15 1526
15 2233
17 1993
18 714
20 672
21 1042
22 751
22 1021
23 1506
23 1562
24 639
26 137
26 1961
27 156
27 1910
28 515
28 2188
29 1328
30 275
30 871
30 2107
31 1603
31 1668
33 1679
34 1188
35 1382
36 1941
37 528
37 1540
40 488
40 1520
41 767
41 777
42 736
42 1906
44 754
45 1284
45 2039
47 840
47 1656
47 1888
49 295
50 70
50 1661
52 112
52 1278
53 1308
54 1925
55 296
56 159
56 1049
58 366
59 198
61 137
62 532
63 980
63 2142
67 1360
68 510
70 540
71 1953
72 763
72 1123
73 1730
75 1220
76 913
77 774
78 85
79 1825
80 546
80 1519
81 59
81 740
81 1145
82 1563
83 423
84 1779
85 166
85 1707
85 1996
87 2064
88 1107
89 1235
93 973
97 1664
98 2103
99 1964
102 1818
103 577
104 789
106 379
108 1862
109 731
109 1174
109 2185
111 190
111 1231
111 1324
111 1517
113 503
113 1025
116 409
117 299
117 2033
122 1048
122 2179
123 91
123 313
123 495
124 1367
126 1710
127 1374
128 614
128 646
129 1164
130 2180
131 1503
132 469
132 1900
132 2036
133 1453
135 1662
135 2078
136 1254
137 1120
137 1538
138 2003
139 81
139 336
139 730
141 189
141 392
142 34
142 607
142 696
142 1221
142 2078
144 1985
146 427
147 85
147 1872
148 1638
149 1415
150 1298
150 1921
151 725
152 860
152 1687
154 1902
154 2143
156 1320
157 662
158 1644
158 2128
159 1607
160 573
160 2048
161 27
162 809
162 1425
162 1788
163 1135
163 2069
165 1190
165 1555
167 1331
167 1898
168 1516
170 822
170 1208
170 1704
173 295
173 1248
174 201
174 1846
176 782
176 1218
177 1403
177 2239
178 2119
179 879
179 2010
182 1778
182 2177
183 360
185 1413
185 1702
186 83
186 561
186 913
191 1428
193 169
194 37
194 586
194 716
195 940
198 393
199 1108
200 586
200 1435
201 751
202 419
202 517
202 1734
202 1939
203 1801
205 141
206 2194
207 361
208 133
208 2040
210 137
210 999
210 1353
211 313
211 1531
211 1830
213 458
215 559
215 1125
215 1398
216 344
216 1443
216 2235
217 142
217 1704
218 577
219 675
219 1974
220 540
220 1390
220 1943
223 1753
224 1455
225 1351
226 554
227 198
230 261
230 271
231 945
232 1621
233 591
235 976
235 2207
236 557
236 1666
237 236
238 538
239 713
240 291
240 309
240 678
242 855
242 1301
244 209
248 419
248 683
250 1308
251 1749
252 998
253 335
253 770
254 285
256 596
257 1365
257 2088
258 743
258 1771
258 2068
260 231
261 422
261 696
262 1005
263 140
264 1742
265 764
265 996
265 2032
266 1257
267 1748
267 1891
267 2105
268 623
268 1789
269 104
270 711
271 291
271 1256
271 1864
272 1833
273 243
274 1
274 886
275 800
275 1368
276 2139
277 934
277 2062
277 2193
278 163
278 1682
279 1096
280 624
280 1866
282 1669
282 1896
283 674
284 1381
284 2145
285 1752
286 716
286 1531
288 1362
288 1620
288 2107
289 270
290 137
290 1018
292 711
292 1862
293 1728
296 1851
298 1822
300 1411
304 1021
304 1072
304 1532
305 32
305 656
305 1742
306 702
309 332
311 881
312 1288
315 1022
317 437
317 1307
318 618
319 537
319 1829
320 588
321 477
321 1018
326 511
326 1142
328 1782
329 1105
329 1395
330 1155
330 1745
331 1133
331 2103
331 2166
332 1808
333 779
334 2011
336 424
336 2011
336 2219
337 3
337 146
337 1478
338 343
338 1299
338 1477
342 1211
342 1424
344 1126
349 655
349 1360
350 1279
352 1417
354 2053
354 2078
355 895
357 995
357 1036
360 167
361 414
363 1458
365 1965
366 810
366 832
366 1682
367 101
367 1586
367 1773
368 452
368 480
368 586
368 1998
370 276
370 313
371 2243
375 2200
377 1815
377 1875
378 69
378 855
379 184
379 1442
379 2155
380 1807
383 764
384 793
386 1162
387 1638
387 2125
392 1595
393 592
393 1391
396 1105
396 1986
397 1659
397 1726
398 197
398 535
400 890
401 117
401 173
402 1145
402 1878
402 2192
403 1045
404 574
404 1370
404 1575
405 39
405 632
407 1912
408 1819
409 2249
411 794
412 425
414 1674
415 1788
418 464
420 463
420 741
420 1812
422 349
423 127
423 636
423 1863
423 1938
424 238
426 1273
426 2228
427 2028
428 1088
428 2082
429 1130
433 142
434 252
435 359
435 1526
437 225
437 1801
440 28
441 963
443 1587
445 2030
445 2040
446 147
447 1439
450 49
450 1242
451 1001
453 205
453 868
453 1018
454 1722
455 751
455 952
455 1313
458 319
460 1188
461 261
462 1886
462 1982
463 5
464 15
464 773
464 1189
466 520
467 1869
468 1905
468 2037
470 1153
471 1713
471 2004
472 1377
474 395
474 1026
475 196
475 987
475 1489
477 668
479 1505
481 1420
482 1869
483 845
485 1422
486 251
486 269
486 2230
487 1737
488 1684
490 1874
497 409
498 2044
501 87
501 817
501 2230
502 1283
505 678
507 136
507 2237
509 398
509 1954
512 1061
512 1333
516 208
517 1667
520 1325
520 2181
520 2210
524 80
525 1229
527 1885
528 601
528 1339
531 972
532 308
533 1008
535 576
535 2019
536 805
537 95
537 870
537 1499
538 1771
539 336
540 2064
541 412
542 317
542 1777
544 2099
547 125
548 2238
551 870
552 101
554 288
554 1130
556 484
556 1181
556 1426
557 1874
558 555
558 1879
559 597
560 435
560 2067
560 2123
561 2041
562 43
562 1793
563 1307
563 1393
565 2073
566 1704
567 1902
570 1808
573 527
574 2176
575 270
575 817
576 1004
577 197
581 485
582 727
582 1221
583 418
583 1133
583 1156
584 547
588 2104
590 2117
592 982
594 1255
594 1884
596 1538
596 1761
598 1105
601 223
601 1642
602 146
603 280
605 195
605 1169
606 1193
606 1269
608 796
608 797
608 843
609 602
609 985
609 1271
612 1838
613 581
614 580
617 28
617 131
617 2189
617 2240
618 1437
618 2022
619 1423
620 524
620 974
623 403
623 833
623 853
624 365
624 654
624 2077
626 325
628 379
628 1430
628 1881
630 1281
630 1807
631 279
631 364
632 2097
633 1387
634 474
635 1677
637 631
637 2165
638 1009
638 1589
638 2126
640 1163
641 1217
645 2102
646 779
646 1253
646 2097
647 1971
648 1118
648 1335
651 856
651 2168
653 577
654 549
659 1572
661 623
662 182
663 212
665 1235
666 724
667 93
669 1646
672 600
672 1653
674 830
675 1141
676 56
678 1730
679 881
679 1525
680 1861
680 2136
681 53
681 859
682 683
682 1992
683 1962
685 230
685 1494
686 1951
688 1584
689 2168
690 300
691 1547
692 2140
695 67
695 1058
696 29
697 1176
699 862
702 587
702 1218
702 2240
703 261
705 427
705 832
705 1069
705 1596
707 430
711 416
711 2101
712 1558
713 1440
714 785
715 1204
715 2129
716 789
716 1244
717 1591
717 1975
718 621
721 517
721 652
721 1038
721 2093
723 526
723 886
724 1088
724 1228
726 1050
726 1777
728 696
729 2139
733 1371
734 649
735 543
735 769
735 1937
737 728
737 2044
740 335
740 1436
740 2245
741 1975
741 2129
742 64
743 509
744 647
746 1821
747 416
748 1017
748 1305
750 363
750 597
750 2153
751 1187
752 783
752 1868
755 2210
756 441
756 1226
758 472
758 1704
758 2207
759 1028
759 1699
760 2189
761 1134
763 1350
764 1636
765 1207
765 2177
766 704
766 1224
767 497
767 2201
770 423
770 2053
770 2177
772 2039
773 661
773 1132
774 91
774 2013
775 1132
779 2113
780 465
780 904
781 1380
781 1895
784 705
784 1710
785 392
785 1861
786 1338
786 1349
786 1559
786 2031
788 63
788 833
788 1328
790 225
790 571
791 197
791 2003
793 135
793 1045
794 1338
797 138
797 1348
798 1727
799 1222
800 288
800 844
800 975
801 951
802 406
803 2095
805 142
805 1844
805 2201
806 135
806 397
806 499
807 731
809 438
809 2075
810 628
810 874
810 1314
812 1682
813 1980
813 2076
817 1316
819 1482
819 1691
819 2145
821 1382
822 695
822 1680
823 1576
825 1456
828 239
829 1846
830 1133
831 234
831 249
831 329
832 688
833 317
835 1602
835 2083
837 1232
838 423
838 991
839 630
839 1985
840 462
843 846
844 610
846 305
846 753
847 654
847 1151
847 1752
848 61
855 621
856 1549
857 55
857 1268
857 1976
858 1889
858 2093
859 694
859 1980
860 1031
861 1298
862 192
866 810
866 1735
866 1807
867 478
867 1013
867 1328
867 1575
867 1778
868 769
869 925
870 883
870 1260
871 1049
871 1073
872 1321
873 1967
874 1024
875 131
875 1947
876 1244
877 254
879 23
879 740
881 1946
882 142
883 284
886 1036
887 1767
888 1431
888 2231
889 2163
891 870
892 254
892 1751
892 1868
894 368
894 1034
895 161
895 513
895 979
896 1036
898 1104
899 615
899 1821
901 1366
903 686
903 1215
905 1108
906 1675
908 843
911 700
912 1285
913 1925
914 1784
917 1284
918 1098
920 1421
920 1859
921 635
923 1975
924 918
924 1070
924 1482
924 2012
925 792
926 963
927 1433
928 1562
930 1405
931 754
934 278
934 1530
936 1255
937 858
939 1984
941 2249
942 317
942 1593
943 277
943 549
943 826
943 1185
943 2000
945 390
946 770
947 776
948 109
950 995
950 1050
952 1680
954 308
954 1959
957 500
957 1686
958 448
958 474
960 1015
961 44
961 490
961 591
962 12
963 100
964 948
964 1787
964 1796
964 2200
965 818
966 148
968 271
968 441
968 775
969 1537
969 1949
969 1953
970 1250
971 384
971 1857
973 418
973 473
973 1749
974 961
975 594
975 786
976 149
976 233
977 915
977 1441
977 2033
979 1209
980 819
980 888
980 1593
982 1093
982 1652
983 1219
985 837
986 384
986 2193
989 1670
989 1759
990 1303
992 1198
993 159
994 899
994 1414
995 1274
995 1883
996 1010
996 1567
998 2227
999 772
1000 82
1001 435
1003 1784
1004 156
1004 490
1005 2097
1006 74
1006 217
1007 853
1007 1498
1008 2205
1009 1769
1010 1094
1012 1096
1013 1455
1014 2020
1015 2096
1016 367
1016 742
1017 2244
1018 945
1018 2001
1020 2219
1021 1119
1023 1609
1025 412
1025 644
1027 2126
1030 317
1031 1277
1033 883
1033 1352
1037 684
1038 955
1039 2068
1040 1446
1042 293
1045 1018
1046 30
1047 2086
1048 598
1052 824
1053 1271
1053 1663
1054 1539
1055 156
1055 861
1055 1287
1055 1961
1056 1374
1058 1776
1060 660
1064 1476
1066 991
1067 1422
1068 2093
1069 338
1070 938
1071 74
1071 636
1072 520
1072 1566
1074 331
1074 1726
1074 1769
1075 1542
1076 896
1077 1107
1077 1800
1079 1339
1080 360
1081 1702
1082 655
1083 702
1084 753
1085 232
1085 1266
1086 921
1087 1296
1088 2107
1090 158
1090 921
1090 1878
1093 535
1093 596
1094 109
1094 479
1097 1342
1097 1455
1100 294
1106 2234
1107 61
1111 779
1111 1146
1112 804
1113 372
1113 720
1114 230
1115 785
1116 696
1116 2224
1117 522
1117 1351
1117 2174
1119 1564
1120 1174
1121 168
1122 403
1122 1588
1123 7
1124 1352
1124 1582
1125 1463
1125 1804
1126 1373
1126 1622
1128 274
1128 466
1128 963
1130 321
1132 1545
1132 2080
1133 80
1133 967
1136 1292
1138 22
1138 1572
1139 351
1139 736
1139 1193
1141 11
1141 662
1141 1487
1144 2201
1145 1020
1145 1608
1146 442
1149 229
1150 1334
1152 1129
1152 1575
1153 924
1155 180
1155 385
1156 709
1156 793
1156 1850
1157 107
1158 2071
1160 1627
1161 32
1161 1135
1162 2162
1163 451
1163 1127
1163 1848
1164 85
1167 481
1170 2215
1171 508
1171 1763
1172 1590
1174 595
1176 1294
1177 437
1177 922
1179 292
1179 1212
1180 205
1180 804
1181 99
1182 67
1182 608
1182 1044
1186 1198
1187 596
1188 1934
1188 1952
1191 668
1191 1325
1191 1894
1192 444
1192 1393
1192 2242
1194 581
1194 1017
1194 1713
1194 1840
1196 567
1197 1208
1199 1541
1200 1516
1201 858
1202 332
1202 1201
1202 1413
1203 112
1203 852
1203 1208
1206 1193
1207 780
1212 806
1212 2050
1213 203
1213 1919
1214 150
1214 621
1215 1946
1217 263
1217 301
1219 363
1219 2182
1221 391
1221 1076
1222 941
1223 497
1223 1196
1223 1582
1227 1835
1227 1901
1229 1028
1229 1458
1230 111
1230 541
1230 1068
1232 467
1232 923
1235 1968
1236 954
1236 1758
1237 1535
1238 351
1238 554
1239 16
1240 1168
1240 1489
1242 927
1244 708
1244 1501
1244 1679
1244 2234
1245 190
1245 662
1246 2233
1248 1081
1250 300
1250 1011
1250 1583
1251 987
1252 1021
1252 1060
1253 1270
1253 1309
1254 9
1254 1859
1256 115
1257 1246
1258 1473
1259 661
1259 1961
1259 2105
1260 2017
1261 2074
1263 2125
1265 247
1265 2016
1266 93
1268 53
1269 277
1269 1445
1271 1348
1271 1410
1274 1209
1275 1854
1275 1863
1275 2058
1276 2014
1277 1491
1279 295
1279 1680
1280 1013
1281 1574
1283 1197
1284 1106
1284 1645
1285 1387
1286 139
1286 1008
1286 1281
1286 1680
1287 1868
1287 2068
1289 969
1290 732
1290 1469
1290 2025
1292 200
1293 796
1293 1098
1293 2126
1294 1238
1297 315
1298 1057
1298 1479
1298 1889
1299 920
1300 1440
1301 654
1302 1044
1304 1379
1305 475
1305 1415
1307 763
1307 1551
1310 26
1311 61
1313 1214
1314 1392
1314 1646
1315 1276
1316 1168
1319 1951
1320 1176
1324 2005
1325 1998
1329 1751
1331 858
1331 1485
1333 721
1333 918
1334 2170
1335 1568
1335 2103
1337 1093
1337 1370
1338 2021
1339 60
1340 1429
1341 85
1342 214
1342 2138
1343 60
1343 1631
1344 1121
1346 2054
1347 458
1349 1591
1350 315
1350 1449
1351 1748
1351 2068
1356 618
1357 1755
1358 1273
1361 1110
1362 1824
1364 637
1364 640
1364 1990
1366 2080
1367 1457
1368 374
1368 845
1369 216
1369 1418
1369 1856
1371 1400
1372 762
1374 1646
1380 168
1380 1671
1381 2007
1381 2038
1382 1324
1384 1369
1385 341
1385 1551
1386 1096
1387 1172
1387 1792
1387 2048
1390 896
1390 1536
1392 2041
1393 1067
1393 1260
1393 1730
1394 1990
1395 281
1396 1526
1397 898
1397 1115
1399 1829
1400 945
1401 333
1402 1611
1402 1655
1404 208
1404 643
1404 2123
1405 247
1405 831
1406 1796
1407 1
1407 168
1407 464
1408 1531
1410 634
1410 737
1411 1695
1413 1555
1415 789
1416 546
1419 229
1419 323
1419 739
1419 1651
1422 946
1422 2210
1423 818
1425 1858
1426 1909
1428 819
1428 983
1428 1534
1429 1601
1434 814
1437 36
1437 181
1437 2081
1438 470
1439 635
1440 1539
1444 1602
1444 1683
1445 1370
1446 1887
1447 1387
1447 1407
1448 2107
1449 263
1449 1431
1450 1913
1451 1039
1451 2217
1453 1981
1454 744
1455 1371
1456 756
1457 1226
1458 1181
1459 322
1459 430
1459 1806
1462 1313
1462 1488
1462 1742
1465 1523
1465 1738
1466 692
1466 1337
1467 368
1467 1926
1468 1075
1469 499
1469 1008
1470 244
1472 272
1472 2158
1473 1001
1474 464
1475 992
1476 787
1476 2164
1478 238
1479 848
1479 1861
1481 1038
1481 1141
1481 1642
1482 331
1482 930
1482 1923
1483 175
1483 2014
1484 660
1486 656
1486 1771
1487 1918
1488 439
1488 710
1488 773
1488 1945
1489 932
1489 1873
1490 1503
1490 1931
1491 440
1492 1800
1493 2200
1494 478
1494 1665
1494 1752
1495 168
1495 1419
1496 890
1496 2035
1497 706
1500 2126
1501 906
1503 213
1504 1327
1505 756
1505 1395
1507 966
1507 1045
1511 484
1515 1512
1515 1774
1516 1053
1516 1077
1516 1544
1517 365
1519 2250
1520 1240
1521 67
1521 1638
1522 79
1523 235
1523 578
1523 1776
1524 81
1524 1979
1525 878
1528 948
1530 391
1531 117
1531 871
1532 31
1533 447
1534 151
1537 233
1538 623
1541 25
1541 762
1542 930
1542 1230
1543 479
1544 2223
1545 2092
1546 563
1548 1687
1548 1992
1549 3
1552 156
1552 776
1553 848
1553 2058
1554 475
1555 811
1557 600
1557 2230
1558 1499
1559 344
1560 1998
1561 727
1562 1284
1563 844
1566 549
1568 844
1568 1745
1569 1473
1570 412
1571 224
1571 419
1571 557
1571 845
1571 883
1571 1915
1572 1397
1572 1731
1574 1054
1574 1989
1575 412
1577 357
1577 1010
1577 1220
1577 1265
1578 1871
1579 1097
1583 1128
1584 804
1584 1917
1585 818
1585 1130
1587 1130
1587 1896
1588 1696
1591 248
1593 371
1593 1594
1595 70
1596 808
1596 912
1596 1427
1597 1758
1598 95
1600 778
1601 404
1601 1030
1603 1468
1607 514
1607 685
1607 1776
1607 1977
1608 1314
1608 2067
1609 412
1609 1662
1609 1688
1610 1017
1611 400
1611 668
1613 358
1615 1356
1620 969
1623 1712
1624 1291
1624 1566
1625 1531
1626 1593
1627 2127
1628 595
1637 601
1638 683
1639 33
1639 1220
1639 1631
1640 423
1640 1335
1641 1481
1642 966
1642 1774
1643 1849
1645 101
1645 521
1645 1405
1646 313
1646 1925
1646 2007
1647 1095
1647 2045
1648 1306
1649 354
1650 868
1650 1790
1651 1254
1651 1393
1651 2107
1653 854
1653 968
1653 1488
1653 1974
1654 803
1654 1316
1654 1554
1656 175
1658 717
1659 1201
1659 1791
1660 1362
1661 86
1664 422
1666 249
1666 461
1667 2036
1671 452
1672 1697
1673 1454
1674 1184
1676 191
1676 307
1677 342
1677 1671
1679 44
1679 325
1680 173
1680 238
1681 825
1681 1483
1682 1461
1682 1956
1683 146
1687 644
1690 218
1691 60
1692 1284
1693 215
1693 774
1694 2193
1695 1010
1695 1322
1695 2020
1696 87
1696 470
1699 574
1699 1599
1701 1899
1702 296
1703 1201
1704 1335
1705 1768
1707 1222
1707 1298
1709 48
1709 129
1710 486
1711 1566
1715 440
1716 2226
1717 1907
1718 719
1719 592
1719 1026
1720 1359
1721 1961
1722 1420
1722 1549
1724 160
1724 898
1724 1834
1724 1888
1727 2000
1728 649
1729 1648
1731 1519
1734 527
1734 1782
1736 671
1736 1067
1736 2028
1739 1940
1740 1042
1740 1519
1740 1839
1741 2189
1742 149
1743 1211
1745 1270
1746 1305
1749 136
1750 511
1752 679
1752 975
1752 1312
1754 20
1754 1801
1757 587
1758 477
1759 1010
1762 1649
1764 318
1765 505
1765 1081
1765 1653
1766 1946
1768 138
1770 324
1770 397
1770 998
1772 1172
1772 1596
1775 373
1776 1492
1776 1913
1782 1067
1783 93
1783 423
1785 2075
1786 1399
1787 1376
1788 1830
1791 2017
1792 865
1792 1094
1793 139
1793 2007
1794 581
1797 206
1799 282
1800 52
1800 2079
1801 380
1804 1266
1805 1637
1809 177
1809 934
1809 1305
1810 405
1810 451
1810 1439
1811 261
1811 1631
1811 1819
1813 11
1813 1573
1816 605
1818 2002
1819 1796
1821 1573
1821 2129
1822 2174
1823 1575
1823 2079
1825 222
1826 717
1826 1273
1828 1079
1828 2021
1829 880
1829 1528
1829 2222
1831 633
1831 1894
1831 2011
1832 1385
1833 720
1833 1251
1834 2166
1835 1571
1835 2212
1837 53
1837 1784
1838 2027
1840 2035
1842 39
1842 316
1842 2200
1845 341
1845 811
1845 2101
1846 1105
1847 1339
1848 427
1848 1427
1848 1700
1851 2035
1853 1024
1854 909
1855 1083
1856 460
1857 315
1859 2136
1860 892
1861 494
1862 1926
1863 1767
1863 2038
1864 785
1865 241
1866 125
1867 744
1867 1171
1871 475
1872 1766
1875 1701
1876 203
1877 1050
1878 1040
1879 179
1882 1291
1882 1605
1882 1965
1885 442
1885 1800
1887 106
1887 183
1887 1132
1888 17
1888 420
1894 951
1895 358
1896 105
1896 1159
1897 1233
1897 2052
1898 1921
1899 82
1899 394
1899 1335
1899 1816
1900 1421
1900 2241
1902 893
1904 216
1906 915
1908 2140
1911 838
1913 324
1913 1336
1914 2111
1915 412
1918 820
1921 1352
1922 1482
1923 15
1923 257
1923 2175
1924 1679
1924 2146
1926 650
1926 982
1927 14
1928 663
1931 1120
1931 1197
1933 742
1934 901
1935 935
1935 1927
1936 161
1936 1145
1936 1746
1937 320
1937 912
1937 1380
1938 1534
1939 331
1939 763
1941 503
1942 274
1943 1399
1943 2003
1944 124
1944 2102
1945 650
1945 1431
1946 600
1946 1226
1946 1624
1949 2135
1952 1355
1954 250
1954 1410
1954 1742
1955 1286
1957 956
1958 2247
1959 1802
1960 744
1962 1655
1963 185
1963 738
1964 70
1964 670
1964 2187
1965 706
1965 1115
1967 893
1968 849
1971 109
1971 377
1973 771
1973 2202
1975 1520
1977 886
1980 694
1980 1454
1982 1773
1982 2172
1983 253
1983 486
1984 1788
1985 464
1985 1840
1987 366
1987 2211
1988 41
1988 1090
1991 1113
1993 1149
1994 753
1994 1263
1995 437
1995 1470
1997 1259
1997 1532
2002 61
2002 1734
2003 620
2003 1006
2004 414
2004 2077
2005 644
2006 15
2006 1983
2009 652
2009 1214
2010 1025
2010 1554
2011 1092
2012 234
2014 1343
2014 1793
2014 2052
2015 1910
2016 472
2018 307
2018 1416
2019 1428
2020 777
2020 1113
2020 1481
2020 1960
2020 2144
2021 208
2022 94
2024 1590
2025 1740
2026 891
2026 1451
2027 1349
2029 1882
2030 325
2030 1047
2031 1866
2032 1883
2033 1175
2034 460
2035 504
2035 791
2039 1839
2039 1921
2039 1932
2040 392
2040 447
2042 211
2043 8
2043 235
2043 261
2043 2061
2044 567
2046 203
2046 606
2047 740
2049 59
2049 288
2049 836
2049 854
2050 1413
2051 1102
2057 37
2057 684
2059 2222
2062 118
2062 225
2062 1400
2064 2157
2066 750
2066 1411
2068 2224
2071 591
2071 815
2076 1028
2076 1607
2077 1857
2078 1027
2079 329
2080 42
2080 546
2080 975
2083 2165
2085 1620
2086 710
2086 1730
2087 652
2087 1348
2088 1369
2089 479
2090 957
2090 1060
2091 1289
2092 97
2092 452
2093 359
2094 1668
2094 1982
2095 1282
2095 2031
2097 1334
2098 141
2099 292
2099 525
2099 1017
2100 1557
2100 1578
2101 1042
2101 1836
2103 929
2104 36
2104 1507
2106 605
2107 1613
2108 1887
2111 702
2111 2036
2112 1284
2115 1372
2115 1461
2118 433
2118 1400
2119 1298
2120 733
2121 78
2121 211
2123 897
2124 153
2124 1115
2125 511
2126 447
2129 1533
2131 892
2131 1838
2132 1138
2133 1081
2133 1316
2137 311
2139 1212
2140 1235
2140 1345
2143 1462
2143 1835
2144 50
2145 1182
2147 1628
2149 1385
2149 1776
2151 84
2153 1303
2155 370
2155 388
2156 2008
2160 389
2161 1230
2161 1685
2162 1199
2163 483
2164 1209
2167 1765
2167 1969
2169 2125
2171 921
2171 1632
2171 1656
2172 766
2173 524
2174 517
2175 1078
2175 1225
2178 480
2179 1276
2180 1287
2182 341
2183 1205
2185 1744
2188 1292
2188 2242
2190 1736
2194 1119
2196 716
2196 2044
2197 1238
2200 1731
2200 1928
2202 63
2202 1315
2206 723
2207 1447
2208 988
2208 1189
2208 1319
2209 389
2212 957
2213 1138
2219 1631
2220 414
2221 2191
2222 153
2222 644
2222 1618
2226 73
2228 2137
2231 477
2231 543
2231 2085
2232 1781
2234 224
2234 991
2236 600
2237 1468
2238 817
2239 1553
2240 1130
2241 1799
2242 2204
2243 1006
2245 1899
2247 926
2248 2005
2248 2159
2249 1023
2249 1072
2249 2056
