230
2253
1 55
1 68
1 77
1 84
1 100
1 165
1 179
1 181
1 217
2 10
2 28
2 42
2 66
2 104
2 136
2 176
2 178
2 207
2 217
3 10
3 22
3 58
3 69
3 72
3 85
3 89
3 152
3 168
3 172
3 191
3 211
3 212
3 229
4 11
4 20
4 76
4 78
4 129
4 147
4 181
4 192
4 199
4 215
4 220
5 3
5 31
5 36
5 43
5 44
5 76
5 104
5 115
5 143
5 162
5 187
5 207
5 217
5 221
6 5
6 25
6 28
6 55
6 90
6 94
6 96
6 107
6 135
6 167
6 178
6 214
7 1
7 3
7 29
7 46
7 60
7 64
7 65
7 95
7 129
7 137
7 148
7 192
7 193
8 61
8 63
8 72
8 81
8 87
8 145
8 153
8 169
8 189
8 219
9 25
9 37
9 46
9 50
9 51
9 97
9 99
9 108
9 122
9 135
9 148
9 167
9 175
9 198
10 26
10 49
10 131
10 148
10 149
10 167
10 226
11 9
11 10
11 67
11 83
11 131
11 147
11 171
11 172
11 176
11 185
11 199
11 202
12 28
12 59
12 62
12 76
12 77
12 94
12 99
12 105
12 106
12 152
12 207
12 210
12 212
13 12
13 24
13 83
13 91
13 113
13 124
13 174
13 194
13 225
13 226
14 2
14 79
14 84
14 99
14 114
14 129
14 140
14 142
14 203
15 9
15 47
15 61
15 66
15 91
15 121
15 183
16 34
16 54
16 112
16 118
16 121
16 152
16 171
16 201
16 204
17 28
17 31
17 32
17 45
17 53
17 149
17 153
17 160
18 4
18 41
18 48
18 82
18 108
18 181
18 197
18 221
19 16
19 17
19 24
19 46
19 48
19 133
19 170
19 185
19 198
19 211
19 229
19 230
20 18
20 73
20 121
20 163
20 170
20 208
20 223
21 18
21 44
21 88
21 99
21 102
21 116
21 125
21 133
21 146
21 196
21 223
22 1
22 5
22 13
22 138
22 158
22 159
22 162
22 197
22 223
23 35
23 58
23 68
23 78
23 107
23 114
23 134
23 146
23 161
23 175
23 189
24 5
24 35
24 40
24 65
24 100
24 101
24 121
24 131
24 140
24 152
24 205
24 208
24 217
24 218
24 226
25 36
25 90
25 99
25 150
25 183
25 189
25 194
25 218
26 21
26 76
26 148
26 149
26 160
26 188
26 203
26 222
27 4
27 59
27 63
27 199
27 203
28 39
28 98
28 121
28 124
28 162
28 207
28 216
29 25
29 84
29 111
29 116
29 139
29 177
29 189
29 205
29 228
30 2
30 14
30 19
30 33
30 42
30 64
30 82
30 143
30 158
30 160
30 175
30 191
30 209
30 211
31 22
31 57
31 113
31 121
31 130
31 148
31 149
31 163
31 178
31 188
31 195
31 206
31 213
32 22
32 64
32 77
32 92
32 134
32 139
32 153
32 155
33 78
33 121
33 128
33 134
33 136
33 143
33 186
33 190
34 23
34 42
34 46
34 60
34 83
34 103
34 113
34 114
34 167
34 168
34 195
35 11
35 27
35 53
35 58
35 103
35 110
35 154
35 157
35 167
35 193
35 215
36 2
36 7
36 19
36 23
36 57
36 74
36 75
36 131
36 167
36 223
37 18
37 22
37 49
37 52
37 75
37 83
37 95
37 112
37 128
37 135
37 167
37 170
37 189
37 200
38 6
38 30
38 90
38 162
38 172
38 184
38 185
38 206
38 227
39 10
39 40
39 47
39 80
39 94
39 100
39 134
39 141
39 155
39 168
39 175
39 193
39 200
39 228
40 35
40 49
40 67
40 68
40 88
40 124
40 132
40 188
40 189
41 21
41 27
41 30
41 46
41 56
41 77
41 96
41 139
41 140
41 173
41 181
41 195
41 201
42 71
42 90
42 116
42 152
43 14
43 54
43 59
43 107
43 108
43 151
43 200
43 203
43 221
44 1
44 34
44 53
44 62
44 66
44 73
44 78
44 99
44 145
44 150
44 152
44 171
44 191
44 215
45 9
45 64
45 96
45 126
45 163
45 196
45 220
46 19
46 24
46 25
46 36
46 42
46 51
46 54
46 95
46 115
46 130
46 221
47 19
47 44
47 67
47 71
47 84
47 90
47 95
47 105
47 135
47 136
47 172
47 174
47 179
47 195
47 204
47 227
48 67
48 97
48 111
48 112
48 137
48 225
48 229
49 14
49 55
49 75
49 76
49 83
49 129
49 135
49 140
49 208
49 210
49 220
49 221
50 39
50 56
50 90
50 131
50 137
50 142
50 144
50 152
50 164
50 190
50 198
50 207
50 208
51 10
51 23
51 32
51 91
51 116
51 120
51 149
51 164
51 182
51 193
51 199
51 201
51 212
51 215
51 227
52 1
52 12
52 13
52 21
52 49
52 59
52 88
52 131
52 178
52 190
52 210
53 14
53 94
53 95
53 159
54 18
54 25
54 49
54 73
54 110
54 198
55 16
55 34
55 50
55 65
55 88
55 120
55 133
55 139
55 142
55 150
55 195
55 217
56 4
56 5
56 10
56 14
56 27
56 32
56 67
56 75
56 140
56 173
56 199
56 205
56 215
57 23
57 77
57 83
57 97
57 152
57 163
58 1
58 89
58 102
58 143
58 196
59 1
59 89
59 101
59 115
59 169
59 177
59 179
59 190
59 210
59 230
60 54
60 61
60 63
60 116
60 121
60 138
60 184
60 207
60 222
61 57
61 60
61 107
61 134
61 144
61 153
62 1
62 2
62 56
62 68
62 70
62 91
62 96
62 98
62 109
62 123
62 125
62 147
62 151
62 156
62 187
62 196
62 205
62 227
63 1
63 32
63 38
63 98
63 136
63 138
63 171
63 186
63 187
63 205
64 1
64 35
64 45
64 73
64 101
64 167
64 176
64 177
65 2
65 37
65 60
65 62
65 115
65 153
65 183
65 215
66 22
66 34
66 45
66 89
66 101
66 123
66 182
66 190
66 200
66 206
66 219
66 221
67 20
67 130
67 146
67 154
67 162
67 192
68 25
68 42
68 60
68 76
68 79
68 81
68 87
68 88
68 90
68 163
68 171
68 184
68 209
68 215
68 217
68 227
68 230
69 86
69 149
69 151
69 191
69 196
69 199
70 35
70 92
70 94
70 118
70 142
70 174
70 183
70 224
70 229
70 230
71 26
71 47
71 76
71 87
71 96
71 104
71 116
71 137
71 139
71 146
72 63
72 89
72 148
72 166
72 215
72 227
73 103
73 141
73 142
73 145
73 151
73 191
73 206
73 218
73 222
74 59
74 107
74 127
74 141
74 163
74 180
74 198
74 211
74 218
74 227
75 5
75 32
75 33
75 58
75 61
75 93
75 111
75 142
75 193
75 215
75 220
76 20
76 41
76 122
76 125
76 163
76 218
76 224
77 12
77 40
77 45
77 51
77 113
77 117
77 123
77 165
77 178
77 193
77 210
77 218
78 6
78 11
78 54
78 57
78 121
78 133
78 147
78 161
78 171
78 172
78 173
78 196
79 43
79 71
79 99
79 127
79 129
79 146
79 157
79 164
79 212
79 213
79 228
80 18
80 57
80 110
80 129
80 154
80 163
80 177
80 179
80 181
80 197
80 207
80 217
81 2
81 51
81 104
81 197
82 27
82 36
82 40
82 46
82 47
82 52
82 113
82 206
82 213
82 224
83 69
83 72
83 73
83 99
83 112
83 156
83 161
84 27
84 156
84 210
84 220
85 23
85 77
85 78
85 95
85 97
85 101
85 160
85 177
85 178
85 201
86 38
86 50
86 52
86 102
86 135
86 146
86 154
86 157
86 175
86 191
86 205
86 207
87 9
87 34
87 82
87 114
87 117
87 138
87 146
87 202
87 209
87 214
88 33
88 38
88 44
88 81
88 101
88 123
88 153
88 155
88 157
88 170
88 207
88 210
89 40
89 52
89 97
89 180
89 192
89 215
90 6
90 18
90 40
90 60
90 93
90 116
90 125
90 165
90 171
91 11
91 30
91 43
91 45
91 168
91 182
91 214
92 84
92 155
92 158
93 4
93 29
93 43
93 147
93 164
93 183
93 221
94 12
94 73
94 84
94 90
94 106
94 124
94 145
94 155
94 187
94 229
95 65
95 141
95 165
95 192
96 12
96 82
96 103
96 121
96 136
96 145
96 154
96 195
96 225
97 10
97 91
97 116
97 118
97 121
97 123
97 173
97 181
97 198
98 1
98 2
98 10
98 55
98 89
98 129
98 138
98 211
99 44
99 70
99 113
99 151
99 166
99 183
99 192
99 210
99 211
99 230
100 12
100 24
100 33
100 44
100 65
100 155
101 9
101 17
101 29
101 93
101 139
101 141
101 142
101 163
101 174
101 184
101 205
101 220
101 227
102 1
102 45
102 79
102 137
102 155
102 191
103 92
103 124
103 140
103 149
103 161
103 206
103 215
104 15
104 40
104 59
104 120
104 164
104 166
104 185
105 43
105 55
105 68
105 79
105 89
105 111
105 172
105 193
106 17
106 51
106 57
106 84
106 104
106 117
106 135
106 150
106 210
106 214
106 215
106 229
107 33
107 34
107 57
107 64
107 71
107 83
107 84
107 90
107 109
107 113
107 117
107 128
107 138
107 145
107 152
107 155
107 157
107 175
107 184
107 194
107 204
107 217
108 2
108 19
108 147
108 151
108 156
108 159
108 197
108 198
108 213
108 220
108 227
109 80
109 100
109 119
109 144
109 148
109 159
109 164
109 172
109 181
109 189
109 230
110 13
110 19
110 35
110 68
110 69
110 72
110 111
110 115
110 127
110 132
110 207
111 3
111 7
111 8
111 27
111 50
111 80
111 104
111 110
111 139
111 208
111 210
111 219
112 17
112 22
112 30
112 50
112 58
112 101
112 111
112 148
112 182
112 203
112 209
113 24
113 37
113 109
113 122
113 136
113 189
114 4
114 37
114 41
114 47
114 55
114 106
114 178
114 222
115 41
115 58
115 90
115 106
115 123
115 127
115 129
115 173
115 192
115 221
116 23
116 27
116 50
116 57
116 119
116 153
116 180
116 219
116 225
117 30
117 31
117 65
117 69
117 90
117 107
117 121
117 128
117 189
118 34
118 82
118 117
118 130
118 213
119 75
119 76
119 89
119 108
119 124
119 138
119 145
119 155
119 188
120 17
120 28
120 36
120 47
120 61
120 73
120 107
120 108
120 149
121 6
121 34
121 126
121 147
121 165
121 180
121 217
122 2
122 31
122 40
122 85
122 87
122 105
122 110
122 146
122 148
122 191
122 211
122 215
123 26
123 56
123 69
123 114
123 144
123 173
123 180
123 192
123 209
123 223
124 11
124 15
124 25
124 49
124 50
124 66
124 197
124 198
125 66
125 73
125 91
125 96
125 101
125 102
125 117
125 120
125 136
125 140
125 169
125 175
125 181
125 185
125 190
125 196
126 15
126 112
126 123
126 165
126 176
126 193
126 198
126 203
126 222
127 29
127 97
127 109
127 113
127 121
127 145
127 206
128 18
128 62
128 66
128 137
128 143
128 168
128 172
128 177
128 193
128 211
129 27
129 32
129 56
129 69
129 71
129 76
129 166
129 179
129 212
130 10
130 14
130 17
130 38
130 104
130 111
130 148
130 172
130 176
130 186
131 28
131 38
131 73
131 80
131 150
131 171
131 180
131 189
131 200
132 42
132 79
132 94
132 105
132 120
132 134
132 151
132 154
132 158
132 190
133 30
133 33
133 58
133 65
133 66
133 146
133 175
133 176
133 187
133 206
133 222
134 34
134 90
134 106
134 165
134 176
134 192
134 194
134 199
134 221
135 14
135 29
135 40
135 47
135 52
135 54
135 77
135 193
135 194
136 23
136 33
136 49
136 50
136 97
136 140
136 153
136 177
136 179
136 203
137 6
137 43
137 68
137 74
137 80
137 106
137 133
137 140
137 141
137 154
137 176
137 202
137 215
137 217
137 222
138 5
138 9
138 32
138 98
138 111
138 113
139 22
139 27
139 29
139 65
139 81
139 107
139 124
139 182
139 211
140 45
140 119
140 147
140 207
140 220
140 225
141 113
141 119
141 120
141 191
141 206
142 17
142 45
142 58
142 59
142 65
142 75
142 147
142 150
142 151
142 186
143 26
143 45
143 51
143 173
143 187
143 195
143 203
143 206
143 214
144 51
144 55
144 62
144 67
144 79
144 131
144 151
144 158
144 175
144 193
144 226
145 14
145 51
145 73
145 96
145 102
145 128
145 162
145 167
145 181
145 218
146 2
146 10
146 25
146 32
146 43
146 61
146 87
146 121
146 133
146 138
146 150
146 198
146 201
146 204
147 6
147 20
147 43
147 85
147 104
147 153
147 157
147 164
147 179
147 183
147 185
147 213
147 218
147 221
148 13
148 36
148 43
148 83
148 136
148 169
148 216
148 219
148 225
149 4
149 66
149 86
149 95
149 109
149 110
149 136
149 139
149 154
149 156
149 192
150 57
150 61
150 74
150 107
150 116
150 163
150 167
150 179
150 209
151 29
151 54
151 57
151 79
151 84
151 108
151 115
151 135
151 143
151 147
151 163
152 39
152 51
152 59
152 113
152 118
152 148
152 202
152 203
153 15
153 91
153 126
153 154
153 155
153 172
153 175
153 184
153 212
153 218
153 226
153 229
154 31
154 37
154 67
154 80
154 95
154 114
154 117
154 125
154 132
154 165
154 184
154 209
155 7
155 12
155 14
155 42
155 124
155 142
155 152
155 154
155 171
155 195
155 217
155 225
156 15
156 29
156 84
156 88
156 126
156 135
156 151
156 157
156 167
156 204
156 219
157 24
157 49
157 56
157 57
157 73
157 95
157 102
157 105
157 111
157 121
157 143
157 160
157 167
157 181
157 198
158 37
158 41
158 55
158 85
158 86
158 98
158 99
158 121
158 136
159 52
159 63
159 133
159 138
159 164
159 181
160 22
160 49
160 77
160 91
160 98
160 148
160 166
160 194
160 198
160 225
161 7
161 15
161 59
161 68
161 106
161 107
161 117
161 125
161 127
161 146
161 149
161 181
161 212
161 213
162 6
162 12
162 24
162 25
162 46
162 85
162 94
162 124
162 141
162 164
162 198
162 220
163 20
163 30
163 38
163 42
163 47
163 51
163 70
163 98
163 116
163 150
163 180
163 192
163 205
164 7
164 32
164 33
164 51
164 54
164 70
164 85
164 96
164 130
164 133
164 135
164 149
164 187
164 207
165 59
165 131
165 156
165 176
165 219
165 225
166 9
166 12
166 25
166 30
166 36
166 41
166 68
166 106
166 110
166 140
166 213
166 226
167 12
167 17
167 68
167 107
167 159
167 194
167 221
168 6
168 31
168 42
168 84
168 86
168 88
168 195
169 1
169 3
169 8
169 37
169 63
169 67
169 69
169 71
169 73
169 88
169 108
169 118
169 207
169 223
170 2
170 26
170 42
170 59
170 85
170 120
170 127
170 149
170 186
170 206
170 209
171 24
171 26
171 57
171 59
171 68
171 73
171 118
171 122
171 128
171 131
171 151
171 176
171 180
171 198
172 6
172 83
172 89
172 123
172 137
172 174
172 175
172 181
172 220
172 226
173 30
173 38
173 51
173 106
173 107
173 155
173 184
173 213
174 47
174 69
174 81
174 102
174 104
174 123
174 127
174 192
174 222
174 224
175 5
175 54
175 79
175 89
175 133
175 136
175 143
175 202
176 9
176 10
176 39
176 49
176 105
176 137
176 161
177 56
177 74
177 98
177 124
177 172
177 188
177 202
178 44
178 51
178 56
178 93
178 105
178 161
178 200
178 201
178 210
178 227
179 11
179 16
179 21
179 29
179 103
179 188
179 202
179 227
180 78
180 90
180 94
180 99
180 110
180 139
180 198
181 2
181 12
181 26
181 60
181 72
181 76
181 103
181 106
181 113
181 115
181 177
181 197
181 220
182 2
182 32
182 41
182 45
182 117
182 123
182 141
182 151
182 156
182 159
183 10
183 79
183 112
183 131
183 148
183 170
183 196
183 204
184 23
184 57
184 79
184 83
184 110
184 129
184 229
185 19
185 34
185 45
185 93
185 148
185 153
185 201
185 224
185 227
186 14
186 40
186 61
186 77
186 92
186 143
186 153
186 180
186 202
187 5
187 27
187 75
187 118
187 186
187 193
187 196
187 206
187 227
188 13
188 36
188 43
188 50
188 77
188 96
188 102
188 150
188 160
188 201
189 25
189 47
189 84
189 88
189 126
189 128
189 132
189 171
189 209
189 218
190 9
190 20
190 21
190 36
190 40
190 65
190 76
190 77
190 91
190 105
190 115
190 169
190 173
190 189
190 194
190 204
190 217
190 226
190 229
191 1
191 20
191 32
191 61
191 83
191 106
191 149
191 154
191 182
191 195
191 204
192 8
192 10
192 15
192 24
192 51
192 62
192 80
192 83
192 123
192 161
192 177
192 179
192 188
193 67
193 88
193 121
193 123
193 126
193 129
193 178
193 209
193 227
194 6
194 24
194 42
194 43
194 100
194 104
194 141
194 145
194 226
195 48
195 94
195 118
195 135
195 159
195 163
195 183
195 186
196 7
196 13
196 24
196 29
196 92
196 121
196 141
196 167
196 198
196 202
196 203
196 205
197 84
197 126
197 130
197 158
198 65
198 118
198 138
198 146
198 182
198 203
199 47
199 93
199 136
199 152
199 170
199 204
200 12
200 55
200 62
200 78
200 98
200 106
200 108
200 120
200 123
200 151
200 161
200 170
200 173
200 196
200 229
201 15
201 23
201 25
201 28
201 67
201 145
201 160
201 182
202 12
202 18
202 29
202 54
202 100
202 118
202 154
202 186
202 191
202 195
202 204
202 223
203 21
203 36
203 41
203 98
203 103
203 198
204 1
204 40
204 47
204 48
204 74
204 86
204 87
204 143
204 148
204 155
204 157
204 189
205 20
205 32
205 84
205 138
205 148
205 166
205 183
205 195
205 219
205 221
206 26
206 30
206 38
206 91
206 178
206 218
206 220
207 2
207 28
207 39
207 40
207 65
207 99
207 158
207 185
207 211
208 3
208 12
208 31
208 45
208 88
208 138
208 156
208 215
208 224
208 229
209 82
209 86
209 107
209 125
209 218
210 34
210 39
210 43
210 61
210 107
210 128
210 145
210 149
210 166
210 208
210 220
211 25
211 72
211 75
211 90
211 161
211 167
211 196
212 17
212 41
212 52
212 55
212 93
212 96
212 103
212 122
212 182
212 188
212 192
212 205
212 226
213 8
213 22
213 35
213 45
213 81
213 82
213 87
213 99
213 152
213 158
213 162
213 174
213 180
213 188
213 201
214 34
214 51
214 72
214 93
214 103
214 106
214 121
214 137
214 154
214 161
214 176
214 182
215 4
215 5
215 34
215 38
215 52
215 92
215 100
215 116
215 128
215 151
215 159
216 7
216 37
216 54
216 69
216 112
216 157
216 205
217 1
217 19
217 79
217 97
217 122
217 147
217 190
218 8
218 22
218 57
218 79
218 81
218 94
218 102
218 107
218 155
218 170
218 179
218 202
219 31
219 49
219 62
219 63
219 66
219 78
219 112
219 115
219 129
219 160
219 165
219 184
219 222
219 225
220 51
220 59
220 65
220 73
220 126
220 136
220 142
220 168
220 171
220 184
220 210
221 20
221 41
221 67
221 72
221 77
221 122
221 126
221 185
221 207
222 48
222 83
222 90
222 94
222 138
222 140
222 150
222 175
222 187
222 206
222 212
222 229
223 45
223 67
223 82
223 90
223 91
223 98
223 156
223 184
223 188
224 68
224 71
224 138
224 143
224 160
224 216
225 16
225 38
225 99
225 114
225 139
225 167
225 168
225 183
225 197
225 198
225 210
225 217
226 24
226 31
226 70
226 118
226 121
226 225
227 17
227 53
227 90
227 95
227 99
227 154
227 161
227 206
228 8
228 24
228 35
228 41
228 100
228 148
228 171
229 45
229 52
229 88
229 103
229 115
229 172
229 185
229 187
229 190
229 198
230 15
230 29
230 102
230 108
230 115
230 125
230 131
230 134
230 141
230 161
230 163
230 195
230 209
230 228
230 229
