230
1813
1 11
1 22
1 38
1 97
1 98
1 104
1 171
2 65
2 106
2 111
2 170
2 229
3 21
3 24
3 60
3 67
3 72
3 110
3 121
3 150
3 172
3 187
4 27
4 32
4 34
4 36
4 44
4 119
4 133
4 172
5 11
5 56
5 61
5 79
5 102
5 154
5 175
5 229
6 83
6 114
6 153
6 170
6 179
7 48
7 51
7 137
7 142
7 176
7 180
7 230
8 2
8 14
8 23
8 81
8 91
8 107
8 229
9 1
9 7
9 10
9 68
9 127
9 158
9 171
10 1
10 23
10 31
10 219
11 10
11 64
11 140
11 151
11 184
11 195
11 217
11 222
11 225
12 4
12 14
12 47
12 70
12 139
12 164
13 5
13 30
13 51
13 80
13 107
13 127
13 185
13 192
13 222
14 70
14 103
14 110
14 122
14 125
14 133
14 137
14 138
14 168
15 26
15 35
15 53
15 131
15 152
15 166
15 211
16 1
16 7
16 44
16 54
16 89
16 114
16 143
17 40
17 77
17 81
17 112
17 145
17 155
17 157
18 2
18 72
18 105
18 121
18 181
19 14
19 21
19 35
19 39
19 57
19 63
19 66
19 71
19 140
19 181
19 182
19 212
19 230
20 3
20 76
20 134
20 175
20 190
20 196
20 219
21 48
21 64
21 74
21 91
21 104
21 131
21 163
21 196
21 207
21 219
21 221
22 15
22 82
22 91
22 94
22 112
22 116
22 127
22 144
22 148
22 171
22 193
22 199
22 200
23 2
23 21
23 61
23 66
23 75
23 86
23 109
23 142
23 164
23 171
23 173
23 174
23 226
24 13
24 30
24 103
24 135
24 145
24 150
24 175
24 219
25 20
25 40
25 80
25 104
25 156
25 176
26 27
26 44
26 48
26 112
26 128
26 227
27 31
27 53
27 92
27 167
27 208
27 214
27 220
28 4
28 24
28 30
28 54
28 64
28 65
28 75
28 106
28 129
28 139
28 219
28 224
29 133
29 181
29 212
29 229
30 6
30 31
30 72
30 95
30 115
30 186
30 228
31 40
31 53
31 55
31 71
31 74
31 85
31 93
31 115
31 141
31 144
31 151
31 186
31 195
32 66
32 94
32 122
32 168
32 178
32 203
32 212
33 11
33 47
33 80
33 171
33 222
34 3
34 10
34 41
34 70
34 74
34 117
34 120
34 183
34 198
34 207
35 36
35 64
35 108
35 113
35 114
35 132
35 167
35 184
36 90
36 105
36 110
36 157
36 163
36 171
36 194
36 209
37 47
37 59
37 77
37 96
37 105
37 121
37 201
38 6
38 50
38 61
38 119
38 124
38 141
38 152
38 155
38 163
38 182
38 214
39 20
39 63
39 67
39 84
39 85
39 99
39 117
39 121
39 138
39 151
39 178
39 212
40 19
40 54
40 65
40 71
40 110
40 150
40 162
40 169
40 180
41 15
41 43
41 77
41 91
41 104
41 148
42 6
42 40
42 59
42 74
42 123
42 130
43 11
43 23
43 61
43 88
43 116
43 123
43 216
43 230
44 5
44 19
44 26
44 50
44 54
44 100
44 104
44 111
44 117
44 138
44 204
44 228
45 18
45 26
45 41
45 63
45 66
45 94
45 136
45 185
46 9
46 91
46 132
46 137
46 175
46 185
46 190
46 195
46 211
47 3
47 23
47 45
47 74
47 77
47 78
47 110
47 119
47 149
47 163
47 169
47 172
47 188
47 195
47 207
47 218
47 219
47 227
48 15
48 16
48 25
48 51
48 155
48 167
48 180
49 22
49 51
49 58
49 123
49 125
49 128
49 135
49 175
49 182
49 184
49 188
49 200
49 227
50 35
50 36
50 53
50 69
50 75
50 80
50 105
50 108
50 156
50 158
50 164
50 171
50 199
50 222
51 15
51 55
51 58
51 144
52 7
52 27
52 43
52 96
53 2
53 63
53 76
53 104
53 230
54 63
54 97
54 200
55 3
55 40
55 61
55 143
55 163
55 188
55 221
56 3
56 15
56 89
56 138
56 140
56 229
57 16
57 17
57 81
57 113
57 121
57 140
57 163
58 31
58 45
58 71
58 101
58 104
58 106
59 5
59 30
59 32
59 67
59 126
59 148
59 189
59 196
59 212
60 16
60 27
60 45
60 84
60 124
60 168
60 197
60 210
60 225
61 5
61 45
61 75
61 78
61 83
61 132
61 230
62 47
62 61
62 80
62 115
62 175
62 199
63 26
63 50
63 68
63 72
63 79
63 89
63 100
63 117
63 140
63 149
63 180
63 195
63 216
63 226
64 31
64 60
64 128
64 144
64 149
64 169
64 195
64 196
65 37
65 38
65 41
65 50
65 53
65 159
65 205
66 13
66 19
66 49
66 100
66 103
66 128
66 188
66 197
67 11
67 49
67 53
67 108
67 134
67 150
67 158
68 17
68 166
68 171
68 192
68 200
68 222
68 223
69 55
69 59
69 66
69 89
69 98
69 101
69 181
70 1
70 3
70 26
70 31
70 81
70 154
70 155
70 184
70 190
71 126
71 186
71 199
71 220
72 40
72 74
72 78
72 106
72 159
72 200
72 228
73 1
73 33
73 86
73 94
73 125
73 169
73 186
74 78
74 102
74 104
74 111
74 134
74 142
74 204
74 228
75 11
75 59
75 100
75 119
75 161
75 179
75 181
75 193
75 213
75 220
75 222
76 1
76 13
76 39
76 46
76 59
76 68
76 181
76 211
76 216
76 222
77 4
77 50
77 91
77 108
77 130
77 137
77 143
77 153
77 182
77 188
77 211
78 29
78 35
78 56
78 76
78 133
78 136
78 190
78 192
78 207
78 229
79 45
79 156
79 162
79 183
79 227
80 21
80 112
80 115
80 142
80 146
80 155
80 173
80 210
80 221
81 10
81 23
81 28
81 70
81 121
81 122
81 204
81 216
81 219
81 228
82 23
82 28
82 63
82 115
82 116
82 132
82 152
82 188
82 224
83 81
83 148
83 169
83 197
83 207
84 85
84 95
84 101
84 141
84 143
84 210
85 92
85 195
85 207
85 229
86 52
86 88
86 118
86 144
86 149
86 169
86 213
87 8
87 15
87 38
87 42
87 62
87 69
87 80
87 102
87 112
87 144
87 202
88 54
88 63
88 176
89 35
89 77
89 102
89 135
89 161
89 185
90 2
90 127
90 218
90 222
91 44
91 83
91 103
91 109
91 120
91 123
91 132
91 173
91 185
91 192
91 211
92 11
92 38
92 186
92 188
92 214
92 220
93 8
93 23
93 132
93 154
93 173
94 24
94 115
94 144
94 161
95 3
95 11
95 21
95 28
95 42
95 119
95 223
96 1
96 15
96 23
96 42
96 46
96 61
96 82
96 135
96 149
96 184
96 190
96 205
96 219
96 224
97 22
97 44
97 107
97 159
97 184
97 195
97 212
97 221
98 24
98 34
98 80
98 105
98 110
98 132
98 142
98 149
98 171
98 190
98 215
98 221
99 7
99 14
99 41
99 62
99 65
99 86
99 211
100 17
100 21
100 57
100 76
100 97
100 103
100 142
100 143
100 157
100 183
100 212
100 227
101 35
101 73
101 118
101 229
102 27
102 65
102 109
102 124
102 150
102 193
103 24
103 44
103 84
103 138
104 16
104 29
104 51
104 69
104 98
104 126
104 132
104 194
104 196
104 198
104 199
104 207
104 209
104 229
105 27
105 42
105 49
105 53
105 90
105 132
105 144
105 162
105 194
105 197
106 37
106 90
106 118
106 157
106 160
106 162
106 200
106 210
106 218
106 225
107 1
107 2
107 4
107 17
107 21
107 79
107 219
108 36
108 60
108 69
108 70
108 140
108 151
108 171
108 202
109 18
109 19
109 26
109 52
109 64
109 70
109 79
109 94
109 108
109 111
109 184
110 9
110 42
110 44
110 47
110 76
110 156
110 159
110 167
110 182
110 188
111 28
111 67
111 82
111 107
111 122
111 132
111 149
111 163
111 184
112 77
112 106
112 141
113 16
113 17
113 26
113 57
113 92
113 117
113 176
113 180
114 53
114 55
114 76
114 79
114 82
114 110
114 117
114 198
115 91
115 149
115 192
115 214
115 228
116 10
116 38
116 87
116 93
116 159
116 162
116 187
117 54
118 143
118 167
118 175
118 227
119 3
119 39
119 41
119 50
119 68
119 85
119 92
119 100
119 122
119 143
119 149
119 194
119 218
120 49
120 66
120 71
120 100
120 109
120 153
120 156
120 196
120 199
120 204
121 22
121 27
121 57
121 71
121 87
121 93
121 136
121 179
121 227
122 45
122 104
122 137
122 154
122 156
122 169
122 201
123 14
123 104
123 167
123 214
124 51
124 58
124 85
124 98
124 113
124 119
124 121
124 132
124 143
124 166
124 202
124 207
124 215
124 224
125 92
125 123
125 138
125 152
125 180
125 223
126 25
126 71
126 81
126 107
126 121
126 210
127 35
127 46
127 53
127 54
127 84
127 95
127 113
127 131
127 145
127 155
127 169
127 194
128 8
128 24
128 47
129 2
129 3
129 25
129 27
129 49
129 79
129 119
129 126
129 136
129 194
130 44
130 51
130 69
130 70
130 115
130 137
130 168
131 10
131 19
131 68
131 90
131 94
131 105
131 133
131 164
131 174
131 183
132 29
132 34
132 70
132 71
132 166
132 180
133 12
133 24
133 60
133 110
133 117
133 144
134 34
134 48
134 77
134 86
134 128
134 161
134 167
134 175
134 177
134 200
135 10
135 44
135 119
135 130
135 141
135 201
135 221
135 224
136 11
136 27
136 77
136 91
136 93
136 95
136 152
136 157
136 196
136 199
137 63
137 125
137 132
137 168
138 19
138 29
138 46
138 52
138 55
138 98
138 119
138 154
138 158
138 167
138 178
138 179
138 188
138 206
138 217
139 98
139 134
139 157
139 196
139 216
139 222
139 226
140 12
140 115
140 122
140 225
141 4
141 10
141 50
141 119
141 125
141 148
141 182
141 190
141 205
141 207
141 212
141 224
142 152
142 184
143 14
143 24
143 35
143 75
143 89
143 130
143 162
143 165
143 195
143 209
143 218
144 31
144 74
144 82
144 105
144 111
144 117
144 132
144 175
144 227
145 31
145 67
145 110
145 119
145 144
145 193
146 8
146 16
146 37
146 102
146 108
146 123
146 134
146 168
146 218
147 43
147 120
147 124
147 133
147 137
147 153
147 158
147 170
147 192
148 19
148 74
148 85
148 160
148 175
148 197
148 203
148 216
149 15
149 26
149 29
149 30
149 58
149 66
149 118
149 144
149 162
149 183
149 185
150 76
150 77
150 102
150 174
151 81
151 143
151 162
151 177
151 180
151 209
152 9
152 88
152 124
152 167
152 186
152 193
152 196
153 4
153 10
153 16
153 60
153 62
153 152
154 30
154 47
154 66
154 81
154 111
154 120
154 122
154 163
154 166
154 180
155 6
155 42
155 44
155 108
155 134
155 162
155 163
155 180
156 20
156 71
156 103
156 117
156 148
156 184
157 19
157 20
157 49
157 55
157 76
157 77
157 88
157 96
157 111
157 122
157 125
157 136
157 217
157 220
158 11
158 18
158 22
158 63
158 91
158 104
158 113
158 153
158 165
158 199
159 4
159 8
159 88
159 93
159 222
160 15
160 77
160 118
160 133
160 141
160 158
160 209
160 211
161 62
161 88
161 100
161 120
161 174
162 40
162 74
162 91
162 130
162 196
162 198
162 210
162 216
163 5
163 91
163 125
163 135
163 195
164 14
164 39
164 86
164 103
164 140
164 182
164 206
164 209
164 228
164 229
165 18
165 29
165 49
165 54
165 155
165 160
166 23
166 30
166 54
166 61
166 97
166 110
166 117
166 192
166 193
167 11
167 52
167 76
167 104
167 120
167 224
168 59
168 68
168 80
168 99
168 147
168 162
168 213
168 215
168 218
169 45
169 73
169 94
169 156
169 178
169 195
169 206
169 212
170 15
170 91
170 100
170 137
170 145
170 160
170 177
170 197
171 135
171 137
171 151
171 191
171 208
172 32
172 37
172 138
172 181
172 189
172 219
173 79
173 97
173 132
173 178
173 209
173 227
174 20
174 134
174 139
174 163
174 230
175 69
175 77
175 166
175 168
176 26
176 51
176 99
176 108
176 111
176 134
176 201
177 1
177 28
177 34
177 51
177 125
177 148
177 169
177 189
177 202
177 225
178 22
178 53
178 55
178 68
178 70
178 153
179 24
179 41
179 55
179 63
179 109
179 110
180 4
180 33
180 100
180 127
180 210
180 212
180 218
181 14
181 42
181 48
181 50
181 75
181 89
181 122
181 133
181 155
181 162
181 176
182 23
182 32
182 36
182 73
182 79
182 83
182 105
182 137
182 171
182 212
183 40
183 66
184 49
184 56
184 105
184 142
184 162
184 195
184 198
184 211
184 212
185 8
185 16
185 26
185 43
185 65
185 87
185 104
185 106
185 124
185 144
186 23
186 37
186 54
186 94
186 169
186 196
186 213
186 216
186 230
187 63
187 79
187 145
187 163
187 182
187 225
188 64
188 120
188 133
188 155
188 158
188 204
189 10
189 164
189 178
189 185
190 23
190 56
190 66
190 192
191 10
191 104
191 169
191 207
192 45
192 62
192 89
192 114
192 117
192 170
192 184
192 223
193 4
193 6
193 10
193 26
193 90
193 103
193 118
193 160
193 177
193 184
193 191
193 222
194 7
194 18
194 128
195 53
195 80
195 106
195 117
195 123
195 128
195 160
195 161
195 193
195 210
196 37
196 74
196 86
196 88
196 177
196 197
197 79
197 156
197 221
197 229
198 23
198 53
198 90
198 133
198 139
198 191
198 196
198 220
199 27
199 65
199 70
199 104
199 132
199 145
199 156
199 157
199 180
199 186
199 193
200 17
200 22
200 24
200 61
200 63
200 75
200 79
200 104
200 105
200 108
200 128
200 170
200 171
200 176
200 215
201 29
201 33
201 44
201 48
201 52
201 59
201 63
201 66
201 83
201 103
201 135
201 159
201 190
201 213
201 218
201 221
201 222
201 225
201 228
202 42
202 81
202 93
202 174
202 180
203 42
203 50
203 61
203 110
203 121
203 144
203 219
203 224
204 35
204 51
204 64
204 67
204 95
204 114
204 128
204 143
204 181
204 184
204 187
204 207
204 209
205 33
205 37
205 54
205 55
205 71
205 150
205 172
206 9
206 22
206 39
206 54
206 57
206 202
206 230
207 2
207 4
207 7
207 21
207 27
207 47
207 57
207 101
207 113
207 132
207 153
207 156
207 186
207 197
207 218
208 3
208 19
208 23
208 31
208 116
208 161
208 199
208 207
208 225
209 19
209 46
209 86
209 116
209 140
209 145
209 147
209 163
209 166
209 210
210 1
210 31
210 58
210 84
210 180
210 190
210 209
210 215
210 219
210 223
211 7
211 13
211 85
211 154
211 175
211 229
212 14
212 21
212 49
212 50
212 95
212 106
212 122
212 189
213 28
213 66
213 79
213 105
213 128
213 167
213 186
213 204
214 4
214 10
214 25
214 50
214 85
214 163
214 227
215 19
215 51
215 78
215 98
215 108
215 155
215 173
215 219
216 8
216 10
216 40
216 41
216 77
216 157
216 205
216 208
217 8
217 38
217 90
217 91
217 150
217 178
217 179
218 115
218 123
218 135
218 137
218 141
218 146
218 172
218 201
218 207
218 213
219 30
219 48
219 57
219 112
219 124
219 134
219 139
219 184
220 12
220 52
220 83
220 103
220 111
220 127
220 142
220 147
220 149
220 177
220 192
220 195
220 203
220 218
221 13
221 15
221 18
221 19
221 59
221 179
221 196
221 209
221 220
222 2
222 7
222 66
222 92
222 107
222 215
222 220
223 48
223 62
223 159
223 190
224 44
224 57
224 63
224 71
224 107
224 185
224 191
224 223
225 11
225 20
225 32
225 71
225 82
225 83
225 98
225 109
225 147
225 178
226 5
226 105
226 117
226 118
226 193
226 216
227 16
227 31
227 49
227 149
227 183
228 22
228 40
228 101
228 126
228 138
228 170
228 222
229 7
229 24
229 62
229 68
229 103
229 139
229 147
229 150
229 198
230 5
230 17
230 21
230 210
