230
230
1 214
4 167
5 10
6 111
6 228
7 191
7 221
9 108
11 146
12 121
13 2
14 54
16 211
17 182
18 178
19 85
20 143
22 149
22 191
23 1
23 95
24 124
25 119
26 29
28 125
29 152
29 227
30 205
33 45
33 63
33 142
34 128
35 111
36 94
37 104
38 105
41 161
45 69
45 104
46 116
48 42
49 113
49 198
50 45
50 101
50 225
51 100
52 37
52 144
52 168
53 191
54 90
54 161
54 210
57 144
60 122
61 157
62 18
64 20
64 224
65 16
69 23
69 128
70 218
72 182
73 8
73 214
75 34
75 87
76 64
76 155
78 124
79 226
80 123
82 87
82 180
83 54
84 120
84 166
85 210
85 215
86 25
87 189
89 9
90 139
91 86
91 113
94 60
95 170
96 178
99 166
100 33
100 224
101 230
102 137
104 134
105 194
106 77
106 220
107 137
108 69
108 110
108 142
108 176
109 44
110 51
110 176
111 129
111 154
113 110
113 162
113 165
117 144
118 106
119 55
119 91
121 41
121 68
122 71
122 170
126 209
127 121
127 216
129 67
129 197
130 35
131 58
132 39
133 117
136 151
137 43
137 91
139 11
140 107
142 52
145 153
145 187
147 18
147 37
148 28
148 41
151 95
151 168
151 191
152 27
152 72
153 5
153 17
154 60
155 92
155 98
157 41
158 3
158 37
162 59
162 107
162 111
162 206
163 10
163 109
163 180
163 219
168 55
168 77
169 97
170 54
170 80
171 104
172 70
172 203
173 82
173 181
175 52
176 134
177 175
178 92
179 192
182 130
182 175
183 54
183 204
184 79
186 44
187 41
189 110
189 145
191 29
192 9
193 147
193 228
197 176
198 205
200 220
201 110
201 208
202 105
203 213
204 2
204 17
204 203
206 20
209 8
209 26
211 73
211 189
212 11
213 109
214 122
214 129
214 215
215 68
217 204
218 116
219 91
219 229
220 51
221 114
221 175
222 150
222 175
223 168
224 40
224 108
224 206
225 77
225 138
227 81
228 164
230 116
230 153
