230
690
1 102
1 167
1 175
1 189
2 148
2 213
3 71
3 93
3 199
4 38
4 196
4 216
4 222
5 15
5 73
5 142
5 204
5 214
6 15
6 184
7 21
7 31
8 19
8 23
8 95
9 7
9 33
9 172
10 18
10 83
10 146
10 157
11 12
11 62
11 76
11 126
11 149
11 160
12 75
13 123
13 149
14 54
14 140
15 48
15 174
16 126
17 109
17 165
18 215
19 180
19 230
20 36
21 56
21 117
22 19
22 147
23 109
23 137
24 30
24 77
24 143
25 27
25 58
26 41
26 206
26 209
27 14
27 125
27 194
27 197
28 39
28 91
29 84
29 88
29 102
29 104
29 211
30 88
30 138
30 175
31 107
31 191
31 207
32 20
32 103
32 174
32 175
33 25
33 49
33 95
34 8
34 64
34 72
34 75
34 99
34 103
34 168
35 32
35 104
35 220
36 23
36 76
36 198
37 36
37 188
37 208
38 114
38 133
39 18
39 80
39 152
39 165
40 51
40 132
40 144
40 163
41 16
41 150
42 118
42 141
42 147
42 155
42 186
43 93
43 114
43 226
44 98
44 115
45 3
45 120
45 174
45 207
46 71
46 132
47 12
47 140
47 176
48 68
48 90
49 164
49 191
50 72
50 146
51 15
51 18
51 162
52 13
52 38
52 144
52 202
52 206
52 228
53 88
53 206
53 214
54 3
54 32
54 34
54 211
54 216
55 8
55 83
55 155
55 218
56 151
56 154
56 190
56 222
57 169
58 11
58 50
58 74
58 194
59 1
59 13
59 85
59 188
59 196
59 214
59 230
60 70
60 209
61 79
61 156
62 102
62 157
63 23
63 42
63 173
64 29
64 33
64 45
64 152
65 71
65 99
65 124
65 198
65 222
66 42
66 227
67 6
67 90
67 93
67 206
68 75
68 95
69 105
69 121
69 163
70 65
70 110
70 114
71 117
71 126
71 137
71 195
72 135
73 29
73 42
73 44
73 47
73 70
73 192
74 51
75 197
76 24
76 77
77 23
77 39
77 71
78 29
78 120
78 185
79 43
79 51
79 132
80 61
80 111
81 83
81 147
82 24
82 97
82 189
82 210
84 222
85 4
85 115
85 176
86 72
86 77
86 88
86 92
86 215
87 13
87 47
87 57
87 132
87 135
87 140
87 190
87 229
88 63
88 104
88 171
88 214
90 2
90 71
90 127
91 77
91 129
91 148
92 62
93 24
93 58
93 75
93 84
93 122
93 124
93 145
93 202
94 71
94 104
94 107
94 150
95 147
95 163
95 181
95 207
96 137
96 171
96 202
97 85
97 184
97 194
97 203
98 35
98 74
98 97
98 197
99 3
99 12
99 97
100 15
100 18
100 28
100 45
100 107
100 184
100 224
102 76
102 137
102 138
102 146
103 41
104 50
104 94
104 126
104 193
105 43
105 86
106 111
106 159
107 53
107 83
108 52
108 58
108 103
108 132
108 135
108 224
109 29
109 48
110 47
110 223
111 46
111 107
111 154
112 85
112 132
112 157
112 190
112 229
113 78
113 122
113 136
113 185
114 154
114 220
115 11
115 22
115 29
115 135
116 136
117 104
117 113
117 199
117 216
118 34
118 39
118 101
118 193
119 58
119 109
119 164
120 46
120 56
120 73
120 159
121 174
121 193
122 211
122 222
123 207
124 87
124 97
124 192
124 203
125 46
125 67
125 102
125 175
125 226
126 96
126 150
126 225
127 44
127 47
127 89
127 120
127 185
127 203
128 23
128 81
128 193
129 10
129 32
129 67
129 93
129 207
129 228
130 86
130 94
130 198
131 1
131 69
131 93
131 98
132 68
132 187
132 228
133 8
133 43
133 78
133 114
133 178
134 123
134 139
134 184
135 95
135 185
136 110
136 148
137 9
138 1
138 169
138 216
139 1
139 28
139 42
139 66
139 121
139 125
139 133
139 153
139 190
139 216
139 221
140 2
142 29
142 137
143 58
143 105
143 214
145 27
145 148
146 30
146 113
146 213
147 4
147 60
147 182
147 185
148 59
148 145
149 151
150 78
150 203
151 5
151 54
151 122
151 194
151 200
152 93
152 143
152 146
152 162
153 47
154 5
154 44
155 125
155 141
155 190
156 7
156 73
156 122
157 85
157 99
157 136
158 5
158 41
158 155
158 197
158 219
159 98
159 146
159 182
160 143
161 20
161 30
161 44
161 98
161 134
161 229
162 176
162 221
163 1
163 4
163 21
163 212
164 38
165 24
165 193
165 220
166 11
166 150
166 157
166 190
166 211
167 223
168 57
168 93
169 12
169 94
169 124
169 145
169 166
169 198
169 227
170 191
171 41
171 111
172 151
172 198
172 205
173 9
173 36
175 20
175 189
176 68
176 70
176 86
177 10
177 75
177 210
178 130
178 195
179 148
179 225
180 114
180 121
180 159
180 169
180 187
180 201
181 111
181 132
182 70
182 74
183 17
183 33
183 57
183 79
183 83
183 128
185 121
185 135
185 195
186 43
186 85
186 123
186 178
187 45
187 61
187 182
187 211
188 103
188 130
189 3
189 67
189 131
190 15
190 38
190 91
190 215
191 31
191 40
191 174
192 3
192 148
192 150
192 162
192 194
192 209
193 19
193 33
193 40
193 69
193 71
193 157
194 18
194 21
194 30
194 115
194 121
195 35
195 75
195 87
195 115
196 10
196 49
196 92
197 77
198 155
198 206
199 81
199 94
199 105
200 20
200 28
200 146
202 88
203 30
204 83
204 187
205 42
205 173
206 3
206 4
206 147
206 156
207 78
207 104
207 129
208 86
208 119
209 1
209 12
209 22
209 33
209 44
209 70
209 99
210 75
210 162
210 183
211 40
211 47
211 70
211 85
212 26
213 3
213 38
213 159
213 168
213 173
214 117
214 148
215 10
215 12
215 41
216 56
217 70
217 172
217 198
218 11
218 111
219 24
219 25
219 38
219 49
219 86
220 53
220 179
221 67
221 200
222 221
223 40
223 107
223 113
223 146
223 202
223 222
224 69
224 176
224 215
225 96
225 119
225 170
226 1
226 141
226 150
226 219
227 164
227 205
228 13
228 44
228 98
229 95
229 136
230 77
