230
460
1 187
3 77
4 65
4 137
5 153
5 195
6 78
8 40
9 11
9 63
10 79
11 25
11 126
11 142
11 219
11 222
12 97
13 32
13 84
13 130
13 226
14 66
14 95
15 31
15 220
16 98
16 222
16 225
17 10
17 14
17 27
17 53
17 73
17 86
17 158
17 205
17 216
18 46
18 154
19 132
20 81
21 29
21 32
21 41
22 130
22 164
23 79
23 109
23 221
24 61
25 36
25 71
25 214
27 14
29 3
29 87
29 114
29 213
30 133
31 45
31 123
32 99
32 102
32 122
33 61
33 201
34 62
34 110
34 117
34 122
34 178
35 25
35 108
35 141
35 142
35 156
35 215
36 118
36 140
37 155
38 70
38 74
38 160
38 165
38 177
38 214
38 226
39 35
39 202
40 33
40 75
41 25
41 82
42 25
42 120
42 195
43 35
45 197
45 220
46 161
47 75
47 90
48 88
48 116
48 143
48 198
49 91
49 114
49 192
50 28
50 177
50 224
51 112
51 170
52 157
53 223
54 86
54 123
54 179
55 73
56 9
56 31
56 145
56 179
58 60
58 81
59 97
59 203
60 131
62 72
63 29
63 42
63 69
63 102
63 211
64 58
64 65
64 176
64 188
65 25
65 159
66 12
66 139
66 147
67 82
67 203
68 59
68 222
72 2
72 76
72 88
72 129
72 154
73 59
73 176
73 221
74 24
74 57
74 113
74 229
75 46
76 168
77 121
77 164
81 78
82 25
82 58
82 202
82 224
83 185
84 193
85 37
85 68
86 123
86 197
87 132
87 175
87 188
89 39
89 112
91 24
92 17
92 40
92 133
92 205
93 40
93 157
93 194
94 222
95 9
95 60
95 79
96 216
96 227
97 15
97 138
97 202
98 9
98 90
98 159
98 160
98 211
99 97
100 36
100 195
101 27
101 69
102 47
102 217
103 50
104 114
105 32
105 204
106 201
107 132
108 207
109 69
109 95
110 39
110 50
110 148
111 42
111 59
111 102
111 209
112 37
112 79
113 90
113 160
114 118
114 122
115 8
115 11
115 223
116 125
117 108
117 200
119 66
119 205
120 3
121 123
121 221
122 25
122 64
122 71
122 104
122 204
123 13
123 36
123 146
124 30
124 63
124 195
125 14
125 140
125 171
125 180
125 183
126 11
126 74
126 78
127 82
127 198
127 223
129 126
129 135
129 146
130 18
130 183
131 75
132 67
132 69
132 75
132 163
132 174
133 3
133 152
133 157
133 175
134 17
135 216
136 2
137 192
138 12
138 212
139 79
140 116
140 128
140 213
140 218
141 12
141 83
141 134
141 138
141 221
141 227
141 229
144 21
144 136
144 159
144 197
145 223
146 80
147 203
149 121
149 142
150 143
150 162
152 3
152 145
153 173
153 222
154 109
154 163
154 204
155 79
155 127
155 134
156 97
156 151
157 89
157 93
157 211
158 15
158 113
158 120
158 207
159 103
159 138
160 190
161 4
162 86
163 1
163 160
164 21
165 148
166 114
166 133
167 39
167 171
169 93
169 183
170 87
172 209
175 130
175 158
175 204
176 227
177 110
177 183
178 26
178 107
178 120
178 138
179 102
179 127
180 36
180 77
180 224
181 46
181 88
182 104
182 137
183 43
183 184
183 198
184 110
185 7
185 228
186 25
186 29
186 170
186 197
186 206
187 190
189 123
190 63
191 186
191 221
192 203
193 41
193 67
193 155
193 186
194 4
194 48
194 192
194 208
195 123
196 129
196 135
197 56
198 178
199 146
199 210
199 225
200 96
200 102
200 183
200 203
202 116
202 121
202 146
202 205
203 72
203 197
205 46
205 140
205 156
205 224
206 44
206 181
207 47
208 31
208 56
208 202
210 123
210 159
211 220
212 104
212 149
213 190
214 144
214 148
214 163
215 9
215 49
215 150
215 153
217 43
217 227
218 132
218 153
219 21
219 52
219 88
219 153
220 58
220 103
220 124
220 161
220 180
221 5
222 51
222 150
222 169
223 119
223 201
224 207
226 58
226 67
227 44
227 56
227 163
228 164
229 5
229 186
230 133
230 162
230 224
