240
2348
1 25
1 66
1 131
1 188
1 201
1 225
2 19
2 40
2 47
2 65
2 86
2 95
2 96
2 116
2 125
2 185
2 210
3 14
3 19
3 29
3 42
3 48
3 61
3 130
3 144
3 150
3 151
3 155
3 169
3 209
4 37
4 82
4 113
4 130
4 142
4 160
4 184
4 187
4 190
4 192
5 8
5 31
5 87
5 113
5 170
5 173
5 198
5 206
6 21
6 45
6 46
6 52
6 89
6 104
6 119
6 133
6 147
6 172
6 184
6 188
6 197
6 211
7 3
7 18
7 45
7 48
7 54
7 64
7 89
7 112
7 133
7 160
7 176
7 187
8 15
8 85
8 98
8 108
8 124
8 135
8 182
8 197
8 208
9 50
9 51
9 64
9 136
9 162
9 196
9 219
10 2
10 12
10 21
10 27
10 120
10 143
10 154
10 164
10 220
10 222
10 240
11 35
11 46
11 49
11 65
11 68
11 91
11 105
11 106
11 114
11 116
11 117
11 141
11 149
11 166
11 180
12 2
12 6
12 30
12 33
12 70
12 165
12 175
12 182
12 201
12 235
13 170
13 176
13 195
13 226
13 240
14 26
14 85
14 97
14 128
14 149
14 172
14 177
15 137
15 151
15 159
15 184
15 196
16 10
16 19
16 25
16 88
16 152
16 204
16 208
16 215
17 10
17 34
17 106
17 151
17 152
17 229
17 239
18 10
18 22
18 23
18 25
18 120
18 124
18 135
18 154
18 187
18 192
18 201
19 32
19 75
19 114
19 135
19 148
19 159
19 170
19 200
19 232
20 15
20 30
20 93
20 113
20 135
20 152
20 171
20 194
20 227
20 237
21 32
21 40
21 62
21 70
21 106
21 108
21 146
21 151
21 156
21 171
21 187
21 196
21 240
22 8
22 23
22 24
22 41
22 78
22 117
22 134
22 143
22 167
22 168
22 170
22 201
22 233
23 83
23 95
23 138
23 166
23 187
23 219
23 220
24 12
24 41
24 59
24 78
24 80
24 92
24 93
24 122
24 148
24 150
24 158
24 168
24 176
24 183
24 188
24 223
24 237
25 24
25 56
25 106
25 113
25 127
25 133
25 142
25 144
25 154
25 157
25 160
25 183
25 227
26 6
26 10
26 35
26 52
26 67
26 74
26 86
26 151
26 198
26 213
27 10
27 239
28 4
28 35
28 105
28 107
28 122
28 132
28 152
28 232
29 28
29 42
29 71
29 126
29 163
29 201
29 206
29 212
30 43
30 56
30 62
30 80
30 115
30 135
30 206
30 214
31 6
31 16
31 22
31 23
31 56
31 61
31 75
31 79
31 80
31 117
31 178
31 210
31 214
31 215
31 233
32 29
32 66
32 107
32 146
32 175
32 182
32 214
32 237
33 36
33 46
33 71
33 106
33 118
33 129
33 149
33 177
33 178
33 197
33 234
34 15
34 32
34 60
34 64
34 120
34 121
34 144
34 164
34 191
34 206
34 228
35 45
35 94
35 129
35 131
35 164
35 166
35 213
35 234
36 93
36 143
36 154
36 207
36 215
37 21
37 78
37 140
37 163
37 168
37 171
37 174
37 176
37 217
37 232
38 70
38 71
38 86
38 134
38 172
38 226
39 29
39 51
39 78
39 114
39 176
39 226
40 14
40 56
40 89
40 95
40 104
40 129
40 168
40 177
40 223
40 227
41 96
41 128
41 145
41 172
41 177
41 178
41 200
42 65
42 84
42 86
42 108
42 153
42 173
42 197
42 223
42 224
43 12
43 84
43 99
43 163
43 186
43 207
43 210
43 228
44 9
44 14
44 19
44 56
44 66
44 122
44 144
44 180
44 195
44 196
44 203
45 27
45 60
45 83
45 84
45 113
45 167
45 239
46 7
46 33
46 39
46 56
46 81
46 109
46 122
46 223
46 235
47 11
47 22
47 35
47 38
47 50
47 62
47 67
47 72
47 81
47 99
47 114
47 131
47 167
47 194
47 229
47 235
48 4
48 33
48 34
48 66
48 131
49 141
49 158
49 179
49 182
49 216
49 238
50 22
50 32
50 36
50 73
50 147
50 149
50 151
50 173
50 191
50 213
50 238
50 240
51 5
51 11
51 111
51 135
51 147
51 150
51 167
52 23
52 28
52 40
52 53
52 62
52 123
52 178
52 189
52 221
52 240
53 6
53 11
53 15
53 36
53 105
53 122
53 123
53 125
53 174
53 178
53 189
53 190
53 193
53 229
54 2
54 91
54 98
54 170
54 183
54 190
54 212
54 216
55 19
55 49
55 92
55 97
55 169
55 177
56 16
56 32
56 77
56 82
56 84
56 146
56 223
57 27
57 59
57 84
57 116
57 149
57 194
57 210
57 231
57 240
58 31
58 46
58 52
58 86
58 98
58 99
58 101
58 114
58 132
58 162
58 223
58 237
59 1
59 61
59 64
59 95
59 101
59 142
59 228
59 239
60 15
60 16
60 27
60 28
60 65
60 66
60 86
60 94
60 107
60 134
60 142
60 183
60 186
60 211
60 217
60 238
61 46
61 55
61 85
61 110
61 143
61 156
61 161
61 222
62 55
62 66
62 96
62 99
62 102
62 150
62 174
62 182
62 217
63 6
63 11
63 31
63 68
63 74
63 83
63 87
63 145
63 174
63 184
63 200
63 202
63 211
63 212
63 234
64 19
64 24
64 76
64 79
64 102
64 106
64 127
64 199
64 200
64 222
65 30
65 44
65 46
65 159
65 175
65 205
66 27
66 38
66 92
66 110
66 142
66 193
66 207
66 216
67 41
67 69
67 72
67 102
67 113
67 122
67 165
67 182
67 216
68 88
68 89
68 119
68 128
68 135
68 136
68 140
68 161
68 189
68 204
68 233
69 15
69 125
69 151
69 155
69 194
69 206
70 36
70 118
70 170
70 171
71 24
71 26
71 82
71 99
71 101
71 118
71 134
71 165
71 184
71 193
71 236
72 3
72 11
72 39
72 45
72 56
72 66
72 81
72 147
72 169
72 199
72 215
72 239
73 5
73 7
73 22
73 50
73 93
73 96
73 126
73 127
73 163
73 180
73 182
73 229
74 3
74 40
74 47
74 81
74 102
74 106
74 135
74 136
74 166
74 173
74 180
74 184
74 212
74 213
74 218
75 1
75 32
75 42
75 81
75 85
75 121
75 127
75 150
75 168
75 232
76 31
76 105
76 112
76 121
76 148
76 178
76 183
77 56
77 76
77 81
77 110
77 122
77 130
77 163
77 190
77 211
77 222
77 224
78 2
78 5
78 19
78 42
78 44
78 77
78 122
78 127
78 168
78 224
78 232
79 11
79 61
79 68
79 126
79 145
79 155
79 170
79 176
79 215
79 224
79 233
80 28
80 61
80 90
80 106
80 115
80 117
80 126
80 132
80 147
80 174
80 205
81 19
81 21
81 45
81 109
81 133
81 137
81 148
81 209
81 220
81 237
82 3
82 55
82 72
82 74
82 78
82 164
82 172
82 176
82 228
82 240
83 13
83 38
83 64
83 86
83 90
83 149
83 155
83 191
83 196
83 199
84 16
84 21
84 59
84 70
84 77
84 81
84 94
84 137
85 3
85 19
85 21
85 33
85 36
85 60
85 73
85 170
85 203
85 208
85 224
86 46
86 53
86 62
86 68
86 153
86 166
86 177
86 198
86 210
86 219
86 225
87 10
87 77
87 80
87 86
87 143
87 170
87 197
87 220
88 2
88 33
88 55
88 78
88 108
88 155
88 168
88 176
88 191
88 227
89 29
89 77
89 110
89 119
89 157
89 169
90 5
90 63
90 65
90 120
90 143
90 157
90 164
90 178
91 3
91 26
91 42
91 87
91 93
91 94
91 109
91 111
91 142
91 155
91 174
91 235
91 240
92 5
92 42
92 53
92 62
92 108
92 109
92 114
92 212
92 215
92 221
92 238
93 17
93 37
93 88
93 103
93 133
93 134
93 138
93 144
93 164
93 196
93 203
93 221
93 237
94 9
94 18
94 22
94 41
94 92
94 109
94 117
94 140
94 174
94 198
94 220
94 226
95 59
95 94
95 110
95 115
95 132
95 146
95 161
95 209
95 221
95 240
96 16
96 37
96 62
96 69
96 115
96 116
96 127
96 142
96 221
96 229
96 232
97 35
97 70
97 123
97 151
97 177
97 214
97 217
97 220
97 222
98 18
98 23
98 25
98 42
98 66
98 68
98 72
98 74
98 77
98 185
98 191
98 239
99 51
99 92
99 145
99 167
99 174
99 196
99 200
99 216
99 229
100 11
100 59
100 61
100 68
100 83
100 101
100 106
100 133
100 155
100 159
100 161
100 234
100 235
101 19
101 40
101 107
101 141
101 147
101 179
101 224
102 3
102 38
102 59
102 67
102 76
102 87
102 128
102 143
102 167
102 220
103 27
103 33
103 73
103 83
103 84
103 108
103 143
103 147
103 149
103 160
103 161
103 162
103 169
103 178
103 215
104 22
104 43
104 55
104 58
104 96
104 121
104 133
104 209
104 220
104 222
104 229
105 1
105 10
105 52
105 85
105 86
105 100
105 157
105 173
105 178
105 210
105 212
106 24
106 37
106 91
106 122
106 152
106 217
107 15
107 17
107 60
107 90
107 96
107 120
107 146
107 149
107 166
107 200
107 203
107 213
107 235
108 29
108 36
108 64
108 68
108 76
108 143
108 187
109 2
109 10
109 42
109 49
109 57
109 61
109 129
110 1
110 30
110 57
110 98
110 128
110 138
110 144
110 180
110 220
111 3
111 5
111 13
111 23
111 33
111 38
111 39
111 76
111 107
111 147
111 162
111 165
111 179
112 7
112 15
112 19
112 26
112 46
112 56
112 57
112 68
112 88
112 136
112 144
112 162
112 185
112 191
112 192
112 202
112 233
112 238
113 26
113 27
113 57
113 58
113 60
113 64
113 80
113 84
113 102
113 133
113 152
113 193
113 204
113 208
113 217
114 5
114 10
114 12
114 21
114 82
114 85
114 103
114 136
114 214
115 54
115 63
115 70
115 84
115 127
115 188
115 193
115 213
115 218
115 239
116 12
116 28
116 106
116 212
117 69
117 120
117 122
117 147
117 204
118 3
118 10
118 75
118 87
118 113
118 117
119 10
119 18
119 24
119 54
119 85
119 126
119 206
119 228
120 62
120 63
120 74
120 129
120 158
120 204
120 227
121 9
121 28
121 53
121 60
121 75
121 132
121 187
121 200
121 233
122 12
122 47
122 49
122 51
122 58
122 118
122 125
122 140
122 141
122 152
122 179
122 185
122 189
122 192
122 195
122 196
122 204
122 214
122 233
123 23
123 54
123 131
123 140
123 174
123 193
123 223
123 230
124 17
124 50
124 57
124 60
124 69
124 128
124 144
124 168
124 208
125 2
125 6
125 46
125 52
125 62
125 98
125 107
125 118
125 158
125 173
125 201
126 15
126 38
126 40
126 85
126 119
126 143
126 145
126 150
126 160
126 186
126 198
126 201
126 206
126 237
126 240
127 14
127 17
127 80
127 82
127 83
127 160
127 230
128 17
128 19
128 30
128 47
128 121
128 155
128 157
128 189
129 37
129 38
129 142
129 185
130 21
130 59
130 91
130 98
130 175
130 188
130 209
130 212
130 228
131 25
131 66
131 67
131 68
131 76
131 92
131 96
131 118
131 185
131 186
132 1
132 57
132 67
132 90
132 126
132 220
133 11
133 31
133 58
133 91
133 124
133 165
133 177
133 189
133 221
133 226
134 20
134 107
134 117
134 165
134 191
134 196
135 65
135 81
135 100
135 132
135 233
136 7
136 18
136 55
136 60
136 65
136 75
136 105
136 114
136 165
136 170
136 183
136 184
136 211
136 228
137 11
137 19
137 21
137 27
137 94
137 105
137 117
137 120
137 121
137 130
137 136
137 158
137 180
137 196
137 206
137 208
137 220
137 221
137 224
137 235
138 37
138 40
138 43
138 59
138 141
138 143
138 158
138 160
138 174
138 196
138 227
138 238
139 34
139 120
139 127
139 135
139 164
139 203
139 209
139 228
139 239
140 15
140 33
140 46
140 87
140 100
140 131
140 160
140 167
140 208
141 11
141 26
141 114
141 120
141 137
141 146
141 159
141 164
142 22
142 65
142 86
142 124
142 145
142 161
142 170
142 188
142 190
142 204
142 218
142 224
142 234
142 240
143 44
143 71
143 150
143 153
143 174
143 179
143 238
144 63
144 68
144 70
144 98
144 137
145 7
145 24
145 34
145 48
145 49
145 60
145 76
145 83
145 112
145 130
145 155
145 181
145 184
146 41
146 86
146 119
146 142
146 149
146 170
146 186
146 192
146 193
146 232
147 5
147 25
147 61
147 78
147 111
147 122
147 151
147 160
147 162
147 235
148 6
148 16
148 45
148 111
148 138
148 173
148 184
148 197
148 217
148 222
148 227
149 20
149 76
149 90
149 110
149 111
149 126
149 132
149 160
149 166
149 175
149 210
150 8
150 43
150 48
150 56
150 60
150 68
150 75
150 97
150 121
150 132
150 185
151 10
151 19
151 33
151 52
151 99
151 126
151 205
152 8
152 9
152 27
152 42
152 52
152 64
152 69
152 86
152 181
152 191
152 225
152 226
153 75
153 104
153 109
153 131
153 188
153 192
153 196
153 221
153 226
154 28
154 56
154 121
154 159
154 229
154 234
155 42
155 71
155 74
155 85
155 122
155 167
155 213
155 231
156 7
156 28
156 50
156 75
156 76
156 81
156 82
156 85
156 92
156 136
156 148
156 151
156 170
156 183
156 200
156 209
156 226
157 23
157 39
157 54
157 92
157 102
157 103
157 123
157 127
157 131
157 140
157 161
157 165
157 170
157 180
157 219
157 230
158 13
158 34
158 50
158 106
159 58
159 137
159 149
159 185
159 186
159 198
159 209
159 212
159 218
160 21
160 41
160 42
160 69
160 89
160 108
160 127
160 161
160 195
160 216
161 56
161 82
161 95
161 105
161 134
161 156
161 163
161 213
161 214
161 227
162 4
162 33
162 37
162 43
162 53
162 61
162 74
162 104
162 159
162 177
162 213
162 237
163 18
163 59
163 107
163 118
163 155
163 160
163 182
163 189
163 197
163 202
163 206
164 35
164 128
164 132
164 136
164 139
164 146
164 148
164 171
164 192
164 200
164 232
165 9
165 11
165 80
165 87
165 106
165 134
165 139
165 142
165 146
165 150
165 159
165 192
165 213
166 11
166 41
166 76
166 104
166 209
166 233
167 36
167 61
167 97
167 117
167 136
167 141
167 174
167 222
168 22
168 62
168 72
168 76
168 87
168 115
168 126
168 129
168 162
168 181
168 187
168 202
168 208
169 19
169 24
169 27
169 63
169 122
169 128
169 139
169 156
169 176
169 185
169 215
169 230
169 235
170 25
170 39
170 89
170 91
170 92
170 172
170 178
170 204
170 223
170 225
170 231
171 6
171 47
171 58
171 110
171 111
171 156
171 183
171 190
171 207
172 11
172 32
172 79
172 80
172 96
172 119
172 162
172 174
172 187
173 5
173 30
173 40
173 46
173 62
173 143
173 164
173 236
174 30
174 90
174 99
174 104
174 113
174 122
174 124
174 179
174 181
174 186
174 205
174 209
175 52
175 79
175 83
175 100
175 131
175 135
175 145
175 164
175 167
175 185
175 188
175 196
175 229
176 65
176 88
176 112
176 138
176 170
177 28
177 36
177 39
177 59
177 82
177 97
177 123
177 131
177 136
177 200
177 205
177 215
178 32
178 61
178 172
178 200
178 209
179 9
179 37
179 38
179 59
179 60
179 135
179 139
179 153
179 159
179 216
180 70
180 143
180 156
180 181
180 204
180 214
181 21
181 31
181 51
181 137
181 169
181 202
181 208
181 210
181 240
182 28
182 30
182 55
182 83
182 87
182 89
182 110
182 128
182 140
182 155
182 156
182 159
182 172
182 188
182 213
182 221
182 233
182 238
183 15
183 19
183 35
183 119
183 121
183 158
183 194
183 231
183 235
184 6
184 11
184 67
184 130
184 132
184 153
184 179
184 187
185 109
185 128
185 184
185 188
185 227
186 5
186 13
186 54
186 59
186 67
186 149
186 197
186 206
186 223
186 232
186 234
187 9
187 45
187 105
187 131
187 166
187 183
187 214
187 232
188 20
188 42
188 61
188 85
188 87
188 123
188 147
188 200
188 213
189 18
189 41
189 65
189 75
189 162
189 209
189 218
190 8
190 24
190 48
190 79
190 125
190 135
190 136
190 138
190 175
190 182
190 235
191 13
191 90
191 102
191 107
191 120
191 130
191 138
191 178
191 182
191 196
191 235
192 11
192 42
192 119
193 9
193 33
193 66
193 70
193 72
193 108
193 189
193 215
193 216
193 218
194 45
194 57
194 66
194 75
194 95
194 121
194 160
194 164
194 195
194 201
195 24
195 25
195 60
195 82
195 103
195 114
195 151
195 154
196 22
196 44
196 60
196 96
196 102
196 120
196 138
196 180
196 210
196 215
197 9
197 81
197 88
197 109
197 130
197 131
197 137
197 163
197 193
197 204
197 211
197 212
197 238
198 5
198 24
198 32
198 40
198 105
198 107
198 110
198 128
198 144
198 147
198 148
198 163
198 179
198 215
199 2
199 44
199 46
199 53
199 63
199 67
199 93
199 100
199 142
199 143
199 168
199 169
199 200
200 22
200 27
200 30
200 169
200 224
200 232
201 11
201 72
201 80
201 121
201 161
201 166
201 168
201 175
201 187
201 194
201 231
202 27
202 29
202 42
202 90
202 116
202 136
202 150
202 157
202 181
202 194
202 203
202 224
203 5
203 18
203 29
203 31
203 80
203 111
203 133
203 154
204 23
204 58
204 95
204 136
204 171
204 188
204 199
204 217
204 220
204 224
205 45
205 46
205 56
205 97
205 115
205 153
205 212
205 236
206 8
206 11
206 14
206 23
206 32
206 61
206 92
206 102
206 104
206 132
206 158
206 163
206 178
206 197
206 207
206 211
206 225
207 30
207 57
207 74
207 88
207 110
207 123
207 162
207 169
207 186
207 189
207 219
207 230
207 233
208 12
208 33
208 51
208 74
208 78
208 87
208 118
208 135
208 139
208 158
208 170
208 177
208 213
208 223
209 28
209 60
209 79
209 109
209 116
209 124
209 129
209 174
209 214
210 49
210 51
210 57
210 84
210 131
210 144
210 155
210 166
210 211
210 213
210 215
210 225
210 238
211 1
211 19
211 25
211 45
211 65
211 84
211 103
211 212
211 230
212 27
212 32
212 151
212 155
212 164
212 194
212 227
213 15
213 43
213 47
213 50
213 61
213 79
213 80
213 136
213 188
213 203
213 214
213 227
214 27
214 80
214 112
214 147
214 154
214 193
214 204
214 230
215 40
215 144
215 173
215 189
215 220
216 16
216 28
216 30
216 66
216 68
216 80
216 178
216 181
216 218
216 240
217 7
217 8
217 17
217 66
217 127
217 135
217 153
217 163
218 14
218 20
218 47
218 72
218 83
218 102
218 126
218 196
218 225
218 232
219 19
219 22
219 23
219 94
219 101
219 146
219 153
219 171
219 229
220 29
220 54
220 71
220 76
220 102
220 152
220 178
221 7
221 56
221 64
221 67
221 71
221 138
221 141
221 166
221 220
221 229
221 237
222 18
222 26
222 31
222 48
222 74
222 80
222 106
222 114
222 115
222 121
222 131
222 160
222 172
222 223
222 224
222 231
223 34
223 42
223 74
223 112
223 154
223 178
223 205
224 7
224 67
224 117
224 162
224 182
224 192
225 4
225 69
225 89
225 98
225 140
225 160
225 168
225 177
225 215
226 36
226 38
226 129
226 144
226 151
226 157
226 161
226 204
227 52
227 68
227 75
227 76
227 79
227 82
227 103
227 124
227 143
227 171
228 49
228 50
228 81
228 110
228 142
228 157
228 199
229 7
229 11
229 39
229 87
229 89
229 93
229 106
229 121
229 135
229 183
229 189
229 240
230 4
230 18
230 24
230 69
230 71
230 73
230 111
230 130
230 204
230 231
231 7
231 25
231 41
231 56
231 57
231 92
231 107
231 119
231 123
231 130
231 132
231 139
231 162
231 181
232 13
232 16
232 60
232 90
232 116
232 129
232 135
232 197
232 210
232 217
233 11
233 28
233 36
233 49
233 164
233 181
233 189
233 195
233 199
233 232
233 236
233 239
234 13
234 25
234 53
234 79
234 96
234 195
234 213
235 9
235 52
235 62
235 92
235 101
235 132
235 136
235 154
235 161
235 165
235 195
235 234
236 25
236 68
236 93
236 98
236 100
236 108
236 145
236 158
236 168
236 182
236 227
237 7
237 44
237 90
237 134
237 146
237 147
237 208
237 220
238 9
238 20
238 47
238 57
238 58
238 73
238 77
238 97
238 146
238 157
238 158
238 171
238 239
239 49
239 80
239 118
239 131
239 176
239 179
239 214
239 238
240 17
240 50
240 94
240 113
240 118
240 154
240 160
240 171
240 180
240 190
240 212
240 237
