240
1885
1 63
1 127
1 142
1 194
1 212
2 58
2 96
2 137
2 140
2 170
2 201
3 83
3 86
3 91
3 102
3 153
4 35
4 70
4 73
4 117
4 150
4 182
4 217
4 228
5 49
5 58
5 103
5 133
5 191
6 22
6 24
6 26
6 50
6 102
6 128
6 160
6 187
6 228
7 3
7 28
7 84
7 85
7 89
7 176
7 178
7 190
8 131
8 133
8 155
9 10
9 16
9 45
9 89
9 107
9 146
9 178
9 196
9 200
10 26
10 60
10 129
10 140
10 151
10 200
11 16
11 54
11 58
11 79
11 90
11 131
11 161
11 167
11 204
12 43
12 72
12 84
12 145
12 151
12 214
13 7
13 11
13 38
13 92
13 101
13 144
14 5
14 85
14 92
14 113
14 138
14 144
14 181
14 190
14 198
14 239
15 4
15 19
15 32
15 50
15 62
15 64
15 79
15 103
15 109
15 144
15 238
16 11
16 60
16 82
16 87
16 110
16 113
16 159
16 172
16 231
16 240
17 47
17 77
17 92
17 108
17 111
17 146
17 147
17 165
17 216
17 227
18 57
18 74
18 103
18 107
18 149
18 166
18 182
19 29
19 32
19 72
19 114
19 130
19 136
19 214
19 236
20 21
20 24
20 128
20 157
20 160
20 169
20 185
20 207
20 218
21 41
21 95
21 108
21 112
21 122
21 175
22 32
22 55
22 97
22 107
22 111
22 156
22 205
22 218
22 221
22 228
23 20
23 21
23 94
23 109
23 110
23 225
24 4
24 23
24 53
24 71
24 82
24 163
24 177
25 4
25 52
25 84
25 90
25 111
25 123
25 125
25 127
25 158
26 24
26 42
26 143
26 144
26 149
26 157
26 172
26 196
26 235
27 51
27 94
27 96
27 106
27 228
28 39
28 52
28 82
28 117
28 131
28 137
28 161
28 182
28 194
28 226
29 55
29 103
29 126
29 146
30 5
30 41
30 57
30 149
30 163
30 189
31 37
31 55
31 99
31 120
31 138
31 197
32 31
32 124
32 176
32 210
33 83
33 89
33 90
33 132
33 150
33 204
33 205
34 10
34 13
34 43
34 49
34 55
34 83
34 94
34 106
34 117
34 146
34 158
34 209
35 16
35 19
35 40
35 67
35 84
35 90
35 130
35 138
35 170
35 236
36 31
36 118
36 135
36 186
37 51
37 56
37 81
37 115
37 193
37 204
37 212
38 41
38 88
38 100
38 128
38 130
38 151
38 154
38 192
38 207
39 46
39 75
39 81
39 115
39 174
39 187
39 218
39 224
40 131
41 3
41 19
41 48
41 51
41 93
41 153
41 164
41 187
41 201
41 222
42 59
42 62
42 86
42 89
42 118
42 160
42 200
42 239
43 24
43 51
43 59
43 107
43 133
43 164
43 176
43 194
43 200
44 22
44 42
44 73
44 120
44 141
44 145
44 168
44 192
44 207
44 236
45 8
45 90
45 121
45 122
45 161
45 181
45 185
46 17
46 25
46 36
46 101
46 128
46 132
46 139
46 185
46 216
46 217
47 34
47 40
47 50
47 84
47 88
47 111
47 135
47 177
47 222
47 238
48 47
48 51
48 54
48 73
48 83
48 89
48 107
48 110
48 132
48 146
48 170
48 220
49 6
49 62
49 116
49 129
49 167
49 174
49 198
49 206
49 225
49 226
49 238
50 16
50 52
50 95
50 102
50 104
50 115
50 116
50 122
51 1
51 31
51 54
52 19
52 34
52 41
52 73
52 93
52 99
52 131
52 142
52 145
52 184
52 217
53 23
53 37
53 46
53 73
53 101
53 141
53 143
53 144
53 198
53 214
53 218
53 238
54 32
54 72
54 77
54 101
54 158
54 164
54 173
54 186
54 205
54 224
54 226
55 38
55 86
55 93
55 97
55 122
55 125
55 138
55 148
55 179
55 186
55 239
56 2
56 82
56 92
56 125
56 185
57 17
57 24
57 28
57 73
57 76
57 88
57 135
57 157
57 179
57 229
57 237
58 10
58 52
58 94
58 191
58 234
58 235
58 239
59 14
59 125
59 130
59 141
59 142
59 164
59 205
59 236
60 61
60 71
60 88
60 151
60 157
60 160
60 179
60 181
60 217
60 234
61 23
61 80
61 101
61 111
61 158
61 162
61 183
61 190
61 225
62 8
62 45
62 79
62 137
62 190
63 57
63 67
63 71
63 94
63 108
63 110
63 169
63 186
63 198
63 203
64 1
64 6
64 63
64 80
64 89
64 119
64 179
64 220
64 232
65 45
65 47
65 57
65 104
65 152
65 172
65 193
65 206
65 231
66 1
66 52
66 93
66 102
66 120
66 207
66 217
67 58
67 70
67 100
67 111
67 116
67 202
67 216
67 222
68 28
68 42
68 147
68 170
69 23
69 84
69 98
69 103
69 189
70 12
70 15
70 39
70 51
70 96
70 98
70 142
70 151
70 153
70 173
70 178
70 184
70 207
70 225
70 237
71 68
71 77
71 169
71 174
71 207
71 212
72 23
72 43
73 12
73 39
73 133
73 142
73 190
73 206
74 31
74 32
74 52
74 91
74 118
74 140
74 162
74 194
74 237
75 2
75 20
75 33
75 67
75 69
75 126
75 205
75 240
76 23
76 35
76 37
76 61
76 117
76 135
76 154
76 160
76 223
76 227
77 8
77 42
77 70
77 106
77 119
77 142
77 154
77 188
77 237
78 8
78 12
78 36
78 48
78 81
78 139
78 155
78 186
78 190
79 26
79 62
79 92
79 116
79 131
79 155
79 194
79 195
79 199
79 208
79 209
79 213
79 215
80 76
80 136
80 140
80 148
80 172
80 202
80 212
80 220
80 223
81 23
81 84
81 131
82 60
82 79
82 167
82 179
82 238
83 40
83 136
83 179
84 10
84 13
84 43
84 100
84 154
84 166
84 217
85 36
85 60
85 111
85 144
85 179
86 40
86 43
86 166
86 167
87 12
87 24
87 72
87 105
87 126
87 157
87 179
87 189
87 194
87 202
87 203
88 11
88 20
88 59
88 97
88 129
88 134
88 192
88 215
89 8
89 53
89 114
89 130
89 147
89 210
89 227
90 11
90 80
90 93
90 118
90 135
90 146
90 187
91 3
91 17
91 39
91 64
91 111
91 140
91 144
91 148
91 188
91 227
92 12
92 151
92 153
92 156
92 161
92 167
92 172
92 181
92 209
92 210
93 12
93 19
93 98
93 108
93 111
93 136
93 151
93 196
93 219
94 2
94 4
94 14
94 31
94 36
94 142
94 154
94 193
95 21
95 26
95 51
95 100
95 103
95 137
95 141
95 158
95 200
96 95
96 105
96 136
96 150
96 168
96 176
96 193
96 233
97 17
97 20
97 62
97 76
97 103
97 161
97 201
97 223
97 238
98 8
98 29
98 36
98 81
98 134
98 162
99 35
99 96
99 131
99 149
99 181
99 189
99 194
99 208
99 209
100 41
100 64
100 81
100 88
100 90
100 98
100 126
100 174
101 129
101 136
101 230
101 237
102 12
102 49
102 51
102 97
102 152
102 156
102 176
103 2
103 3
103 45
103 48
103 58
103 100
103 136
103 206
104 29
104 51
104 87
104 102
104 108
104 112
104 130
104 142
104 145
104 186
104 212
104 219
104 222
105 80
105 133
105 134
105 190
105 204
106 5
106 17
106 24
106 75
106 79
106 126
106 194
106 230
107 45
107 53
107 63
107 105
107 145
107 149
107 212
107 216
108 3
108 31
108 33
108 53
108 128
108 157
108 173
108 189
108 211
108 225
109 52
109 78
109 106
109 112
109 143
109 151
109 192
109 199
109 205
109 226
109 235
110 12
110 54
110 103
110 208
110 225
111 19
111 88
111 141
111 142
111 175
111 228
112 54
112 128
112 155
113 42
113 45
113 102
113 108
113 114
113 127
113 131
113 163
113 177
113 223
113 239
114 7
114 8
114 118
114 125
114 150
114 202
114 223
114 236
115 30
115 62
115 69
115 78
115 91
115 118
115 133
115 134
115 192
115 233
116 34
116 105
116 139
116 142
116 191
116 201
116 211
116 221
117 161
117 178
117 194
117 196
117 232
118 7
118 42
118 146
118 190
119 104
119 126
119 189
119 198
119 206
119 240
120 32
120 68
120 84
120 86
120 121
120 139
120 170
120 198
120 213
121 4
121 17
121 103
121 147
121 148
121 160
121 203
121 213
121 233
122 32
122 47
122 53
122 62
122 102
122 104
122 155
122 159
122 170
122 191
122 197
122 225
123 53
123 102
123 109
123 114
123 120
123 125
123 142
124 32
124 49
124 60
124 76
124 108
124 139
124 145
124 147
124 167
124 230
125 25
125 69
125 84
125 88
125 106
125 131
125 150
125 160
126 13
126 94
126 138
126 173
126 194
126 199
126 202
126 212
127 1
127 6
127 44
127 71
127 205
127 227
127 232
128 142
128 174
128 185
128 191
128 201
128 223
128 240
129 23
129 71
129 89
129 138
129 157
129 215
129 231
129 235
130 32
130 38
130 41
130 84
130 174
130 211
131 12
131 115
131 168
131 224
132 39
132 53
132 54
132 78
132 174
132 197
133 11
133 44
133 59
133 61
133 67
133 115
133 145
134 10
134 18
134 44
134 153
134 178
134 183
135 7
135 44
135 65
135 183
135 184
135 233
136 13
136 24
136 25
136 41
136 48
136 88
136 94
136 174
136 181
136 204
136 205
136 235
137 3
137 93
137 120
137 149
137 151
137 176
137 213
138 14
138 41
138 66
138 86
138 94
138 159
138 212
138 220
138 227
139 2
139 67
139 103
139 114
139 115
139 189
140 26
140 34
140 43
140 97
140 161
140 179
140 196
141 24
141 110
141 167
142 46
142 54
142 63
142 112
142 118
142 186
142 197
143 69
143 125
143 129
143 151
143 190
143 201
143 206
143 230
143 236
144 16
144 114
144 152
144 157
144 160
144 170
145 13
145 21
145 28
145 52
145 144
145 161
145 223
146 102
146 116
146 130
146 162
146 168
146 219
147 113
147 142
148 40
148 49
148 106
148 116
148 140
148 146
148 153
148 169
148 175
149 25
149 81
149 172
149 176
149 198
149 211
149 222
149 232
150 2
150 62
150 82
150 145
150 213
151 6
151 35
151 42
151 44
151 53
151 54
151 90
151 118
151 145
151 179
151 219
151 233
152 19
152 53
152 56
152 57
152 74
152 80
152 86
152 100
152 102
152 170
152 218
152 229
152 234
152 235
153 20
153 32
153 43
153 52
153 72
153 93
153 104
153 120
153 129
153 149
153 167
153 173
153 223
153 237
154 20
154 30
154 130
154 156
154 181
155 16
155 92
155 202
155 204
156 6
156 57
156 221
157 35
157 40
157 43
157 47
157 75
157 108
157 112
157 147
157 205
157 212
157 213
158 59
158 72
158 77
158 107
158 146
158 179
158 185
158 195
159 27
159 70
159 74
159 127
159 139
159 142
159 163
159 168
159 179
159 211
160 20
160 42
160 52
160 55
160 57
160 87
160 110
160 119
160 159
160 166
160 171
161 14
161 226
161 236
162 30
162 33
162 81
162 90
162 94
162 102
162 115
162 118
162 122
162 144
162 148
162 187
162 210
162 231
162 238
163 1
163 8
163 9
163 26
163 101
163 145
163 159
163 165
163 224
163 234
164 1
164 69
164 96
164 113
164 170
164 174
164 192
164 203
164 207
165 19
165 173
165 180
165 186
165 235
165 238
166 40
166 43
166 54
166 88
166 100
166 146
166 159
166 213
167 25
167 32
167 46
167 78
167 107
167 155
167 183
167 230
168 69
168 70
168 95
168 119
168 142
168 206
168 229
168 235
168 237
169 71
169 101
169 128
169 150
169 168
169 183
170 23
170 37
170 38
170 84
170 112
170 133
170 211
170 220
170 222
171 38
171 42
171 72
171 109
171 170
171 179
171 193
171 202
172 19
172 40
172 52
172 165
172 193
172 206
172 213
172 229
173 68
173 70
173 98
173 101
173 145
173 208
173 211
173 230
173 232
174 16
174 19
174 39
174 58
174 95
174 119
174 167
174 198
174 206
175 12
175 106
175 158
175 216
175 220
176 22
176 36
176 38
176 48
176 92
177 52
177 77
177 174
177 181
177 219
177 223
178 3
178 23
178 30
178 56
178 76
178 77
178 85
178 86
178 91
178 141
179 88
179 139
179 149
179 150
179 177
179 186
179 207
180 11
180 13
180 29
180 102
180 103
180 160
180 192
181 74
181 129
181 170
181 189
181 199
181 207
181 210
181 239
182 10
182 38
182 40
182 43
182 45
182 78
182 104
182 115
182 119
182 141
182 159
182 185
182 192
182 200
183 15
183 53
183 78
183 81
183 103
183 106
183 109
183 201
183 203
183 205
184 23
184 53
184 63
184 83
184 90
184 133
184 149
184 199
184 236
185 73
185 101
185 114
185 121
185 134
185 154
185 172
185 189
185 209
185 238
186 15
186 50
186 67
186 76
186 145
186 159
186 206
187 48
187 62
187 64
187 78
187 113
187 151
187 192
187 211
187 221
188 22
188 28
188 62
188 94
188 110
188 133
188 174
188 232
189 11
189 22
189 113
189 123
189 145
189 181
190 26
190 29
190 41
190 89
190 125
190 131
190 159
190 173
190 177
191 11
191 16
191 51
191 67
191 126
191 132
191 157
191 169
191 230
192 66
192 68
192 97
192 104
192 170
192 204
193 20
193 33
193 36
193 113
193 208
193 215
193 227
194 22
194 43
194 135
194 136
194 162
194 170
195 4
195 28
195 41
195 43
195 67
195 76
195 119
195 157
195 199
195 203
196 8
196 38
196 48
196 59
196 86
196 123
196 172
196 208
196 236
196 239
197 28
197 65
197 66
197 67
197 106
197 130
197 146
198 35
198 52
198 57
198 101
198 107
198 121
198 154
198 183
199 69
199 159
199 234
200 32
200 38
200 42
200 84
200 136
200 162
200 168
200 183
200 210
200 234
201 48
201 49
201 55
201 72
201 85
201 97
201 155
201 165
201 176
202 37
202 65
202 84
202 90
202 104
202 237
203 35
203 51
203 72
203 98
203 128
204 19
204 21
204 37
204 78
204 129
204 161
204 192
205 13
205 23
205 99
205 107
205 109
205 128
205 147
205 170
205 190
205 196
206 3
206 33
206 49
206 87
206 137
206 185
206 197
206 210
207 6
207 18
207 58
207 62
207 153
207 154
207 172
207 186
207 204
208 19
208 36
208 58
208 102
208 124
208 127
208 161
208 219
208 220
208 222
209 20
209 21
209 61
209 123
209 130
209 136
209 164
209 181
209 195
209 212
210 53
210 146
211 6
211 29
211 45
211 73
211 108
211 133
211 159
211 187
211 200
211 239
212 6
212 90
212 107
212 119
212 122
212 145
212 168
212 196
212 227
213 5
213 19
213 22
213 94
213 95
213 97
213 134
213 164
213 166
213 198
213 208
213 222
213 232
214 14
214 164
214 169
214 200
214 218
215 11
215 15
215 32
215 55
215 186
215 188
215 217
215 226
216 13
216 28
216 85
216 132
216 135
216 175
216 185
216 206
217 35
217 58
217 85
217 93
217 108
217 109
217 166
217 179
217 184
217 216
217 221
217 222
218 3
218 46
218 149
218 155
218 162
218 167
218 185
218 211
218 229
219 7
219 53
219 101
219 117
219 119
219 133
219 189
219 213
219 230
219 236
220 32
220 51
220 56
220 106
220 116
220 144
220 167
220 169
220 170
220 175
220 183
220 201
220 234
221 45
221 64
221 95
221 145
221 158
221 159
221 172
221 217
221 227
221 230
222 36
222 58
222 126
223 99
223 182
223 197
223 203
224 20
224 23
224 29
224 75
224 132
224 176
224 217
225 8
225 59
225 122
225 128
225 148
225 157
225 168
225 169
225 202
225 223
226 41
226 43
226 44
226 119
226 222
227 28
227 29
227 58
227 70
227 98
227 104
228 23
228 82
228 136
228 148
228 159
228 175
228 179
229 21
229 41
229 57
229 79
229 115
229 155
229 190
229 200
230 23
230 49
230 56
230 78
230 108
230 143
230 162
230 204
230 215
230 228
231 23
231 25
231 48
231 61
231 91
231 106
232 16
232 111
232 114
232 204
232 221
232 222
233 54
233 103
233 127
233 160
233 208
234 5
234 9
234 92
234 138
234 184
235 17
235 49
235 68
235 100
235 114
235 126
235 131
235 135
235 142
235 151
235 163
235 214
235 232
236 4
236 28
236 35
236 41
236 45
236 54
236 60
236 75
236 118
236 119
236 158
236 159
236 210
237 2
237 83
237 98
237 111
237 127
237 137
237 155
237 177
237 219
238 8
238 9
238 36
238 40
238 45
238 75
238 81
238 127
238 166
238 180
238 193
238 207
239 25
239 35
239 62
239 73
239 121
239 176
239 192
239 228
240 1
240 16
240 107
240 141
240 192
