240
1193
1 13
1 67
1 74
1 86
1 146
2 1
2 11
2 65
2 112
2 159
3 81
3 135
3 151
4 42
4 95
4 191
5 71
5 75
5 103
5 112
5 118
5 169
5 173
6 60
6 96
6 102
6 118
6 205
7 2
7 4
7 25
7 86
7 90
7 98
7 111
7 131
7 214
8 52
8 111
8 225
9 52
9 57
9 152
9 160
9 214
10 33
10 81
10 120
10 176
10 220
11 124
11 176
11 191
11 201
12 9
12 121
12 161
13 30
13 80
13 147
13 227
14 9
14 13
14 40
14 66
14 127
14 134
14 187
14 199
14 222
15 19
15 22
15 118
15 170
15 181
16 72
16 106
16 123
16 157
16 160
16 195
16 230
17 37
17 66
17 101
17 217
17 222
18 84
18 138
18 165
19 53
19 72
19 88
19 96
19 117
19 162
19 168
19 206
19 209
19 214
19 228
20 16
20 23
20 116
20 132
20 134
20 149
20 193
20 196
20 228
20 240
21 118
21 203
22 101
22 200
22 217
23 1
23 6
23 56
23 84
23 138
23 213
23 228
24 111
24 131
24 136
24 200
24 240
25 19
25 87
25 89
25 125
25 151
26 52
26 59
26 147
26 158
26 202
27 177
27 221
27 227
27 232
27 237
28 1
28 23
28 39
28 155
28 193
28 208
29 95
29 133
29 195
30 16
30 101
30 114
30 159
30 196
30 222
30 237
31 79
31 141
31 175
31 195
31 212
32 27
32 71
32 74
32 89
32 133
33 1
33 3
33 23
33 226
33 231
34 18
34 60
34 71
34 131
34 195
34 220
35 15
35 85
35 129
35 136
35 141
35 221
36 15
36 82
36 98
36 101
36 183
37 10
37 99
37 185
38 30
38 196
38 216
38 234
38 237
39 135
40 1
40 126
40 138
40 145
40 165
40 222
41 61
41 63
41 119
41 131
41 144
41 173
41 213
41 231
42 4
42 15
42 44
42 64
42 72
42 73
42 96
42 117
42 119
42 201
42 221
42 234
43 49
43 51
43 111
43 120
43 220
44 38
44 49
44 88
44 90
44 109
44 111
44 134
44 138
44 166
44 170
45 14
45 73
45 165
45 206
46 50
46 104
46 108
46 227
47 31
47 34
47 50
47 68
47 146
47 166
47 176
48 3
48 51
48 168
48 170
48 185
48 240
49 120
49 139
49 238
50 12
50 19
50 20
50 26
50 180
50 185
51 81
51 84
51 129
51 172
51 175
52 17
52 25
52 115
53 58
53 88
53 157
53 226
54 4
54 40
54 48
54 97
54 101
54 216
55 35
55 49
55 66
55 68
55 74
56 45
56 49
56 70
56 91
56 111
56 126
56 173
57 7
57 42
57 46
57 133
57 156
57 174
57 235
58 228
58 239
60 35
60 94
60 120
60 199
61 69
61 74
61 80
61 88
61 98
61 99
61 136
61 198
61 230
63 5
63 52
63 76
63 90
63 116
63 131
63 204
63 213
63 240
64 71
64 143
64 162
65 23
65 39
65 135
65 240
66 87
66 135
66 147
66 179
67 15
67 57
67 80
67 222
68 1
68 8
68 16
68 45
68 138
68 147
68 158
68 203
68 213
69 11
69 91
69 109
69 117
69 191
70 24
70 101
71 7
71 33
71 61
71 70
71 120
71 143
71 160
71 237
72 10
72 101
72 109
72 130
72 192
73 31
73 37
73 80
73 102
73 122
73 133
73 162
73 181
74 151
75 40
75 44
75 116
75 134
76 7
76 46
76 213
77 50
77 84
77 195
77 196
77 210
77 219
78 113
78 118
78 208
78 220
78 225
79 71
79 95
79 101
79 104
79 127
80 56
80 129
80 137
81 14
81 70
81 98
81 160
81 164
81 207
81 212
81 223
82 7
82 145
82 190
83 11
83 122
83 146
83 169
84 11
84 16
84 110
84 165
84 188
85 17
85 52
85 82
85 101
85 108
85 169
85 176
86 4
86 116
86 130
86 168
86 228
86 233
87 41
87 78
87 100
87 163
88 6
88 17
88 56
88 57
88 148
89 5
89 52
89 82
89 143
89 232
90 232
91 35
91 66
91 219
91 220
92 152
92 172
92 201
92 216
93 90
93 105
94 8
94 228
95 53
95 110
95 122
95 123
96 7
96 20
96 53
96 81
96 109
96 196
97 112
97 160
97 171
98 9
98 43
98 56
98 135
98 142
98 175
99 7
99 21
99 66
99 73
99 135
99 142
99 180
99 223
100 30
100 95
100 217
101 22
101 87
101 137
101 159
101 164
102 103
102 111
102 183
102 224
103 31
103 41
103 111
103 197
104 57
104 89
104 132
104 158
104 191
104 195
104 204
104 212
105 18
105 39
105 75
105 94
105 126
105 137
106 89
106 120
107 30
107 159
107 164
107 181
107 182
107 234
107 236
107 237
107 240
108 1
108 98
108 102
108 116
108 145
108 195
109 19
109 61
109 156
110 4
110 38
110 97
110 107
110 139
110 179
110 219
111 27
111 79
111 222
112 81
113 76
113 135
113 160
113 170
113 183
113 211
113 230
114 158
114 185
115 9
115 20
115 120
115 126
115 172
116 25
116 41
116 137
117 70
117 79
117 88
117 99
117 161
117 167
117 208
118 12
118 202
119 11
119 59
119 136
120 61
120 190
121 43
121 67
121 143
121 156
121 203
122 9
122 59
122 96
123 59
123 200
123 228
123 234
124 37
124 69
124 83
124 104
124 198
124 212
124 229
125 124
126 15
126 38
126 74
126 120
126 235
126 239
127 183
127 185
127 235
128 32
128 81
128 178
128 206
129 106
129 235
130 59
130 81
130 100
130 170
130 207
130 225
131 59
131 76
131 149
131 163
131 170
131 233
132 55
133 8
133 14
133 24
133 46
133 89
133 112
133 141
133 236
134 182
134 226
135 45
135 68
135 85
135 108
135 162
135 198
135 212
136 119
136 148
136 207
136 208
136 240
137 20
137 132
137 160
137 170
137 224
138 1
138 12
138 133
138 180
138 213
138 233
138 239
139 144
139 235
139 237
140 11
140 150
140 204
140 209
140 217
141 20
141 26
141 47
141 147
141 206
141 240
142 17
142 30
142 59
142 71
142 127
143 18
143 58
143 228
144 48
144 52
144 56
144 73
144 130
144 216
145 39
145 92
145 136
145 188
145 237
146 56
146 63
146 145
146 151
146 158
146 168
147 43
147 166
147 214
147 221
148 97
148 167
148 169
148 191
148 201
148 214
149 36
149 40
149 84
149 132
149 195
150 14
150 88
150 99
150 120
150 185
150 232
151 7
151 46
151 124
151 153
151 189
151 232
152 27
152 91
152 142
152 161
152 177
152 226
152 228
153 83
153 158
154 5
154 45
154 66
154 76
154 207
154 216
154 227
155 28
155 38
155 101
155 149
155 166
155 193
155 207
155 221
156 55
156 83
156 180
157 47
157 108
157 121
157 143
157 177
157 201
158 38
158 112
158 138
158 170
158 173
159 55
159 63
159 102
159 210
159 215
159 217
160 19
160 60
160 71
160 89
161 66
161 74
161 120
161 136
161 171
162 49
162 111
162 118
162 129
162 158
163 2
163 103
163 175
164 63
164 156
164 158
165 127
165 129
165 173
166 3
166 21
166 31
166 53
166 75
166 140
166 155
166 195
166 204
166 223
166 234
167 55
167 60
167 96
167 179
168 11
168 128
168 233
169 14
169 62
169 84
169 110
169 130
169 132
169 173
169 215
170 33
170 76
170 96
170 139
170 182
170 236
171 29
171 87
171 104
172 39
172 56
172 91
172 120
172 218
173 107
173 133
173 156
173 203
174 63
174 65
174 69
174 108
174 122
174 168
174 210
174 214
174 216
175 17
175 18
175 80
175 87
175 123
175 173
175 200
175 201
176 64
176 128
176 133
176 150
176 156
176 206
176 212
176 213
177 5
177 115
177 170
177 204
177 227
177 232
178 49
178 129
178 135
178 158
179 69
179 89
179 183
179 186
180 13
180 21
180 69
180 131
180 174
180 184
180 208
180 239
181 13
181 108
181 126
181 167
181 180
182 138
182 153
182 218
183 99
183 162
183 164
183 204
184 15
184 16
184 27
184 68
184 121
184 126
184 211
185 10
185 94
185 112
186 82
186 157
186 164
186 185
186 219
187 45
187 55
187 92
187 133
187 188
187 227
187 239
188 9
188 13
188 60
188 218
189 60
190 6
190 10
190 60
190 80
190 89
190 96
190 129
190 181
190 209
191 60
191 61
191 163
191 175
191 219
191 233
192 47
192 144
192 213
192 230
193 95
193 139
193 151
193 156
193 198
193 209
194 35
194 36
194 134
195 11
195 20
195 27
195 114
195 126
195 165
195 216
196 37
196 70
196 134
196 165
196 182
197 89
197 170
197 190
197 230
199 13
199 123
200 21
200 161
200 214
201 30
201 61
201 84
201 108
201 147
202 27
202 63
202 95
202 139
202 163
202 199
203 5
203 222
204 8
204 13
204 35
204 222
204 223
205 32
205 37
205 104
205 129
205 161
206 29
206 38
206 66
206 152
206 224
206 233
206 234
207 99
207 130
208 6
208 163
208 170
208 183
208 195
208 198
208 213
209 141
209 165
209 183
210 12
210 35
210 52
210 55
210 79
210 211
211 9
211 26
211 71
211 95
211 136
212 9
212 199
212 238
213 52
213 68
213 211
214 23
214 107
214 125
214 148
214 209
214 227
215 47
215 59
215 79
215 87
215 133
215 135
215 228
216 19
216 25
216 33
216 115
216 126
217 34
217 124
217 144
217 175
217 221
218 4
218 37
218 71
218 75
218 158
218 178
218 194
219 13
219 48
219 96
219 97
219 222
219 234
220 42
220 137
220 140
220 216
220 235
221 27
221 74
221 171
222 11
222 67
222 148
223 32
223 43
223 96
223 116
223 124
223 132
223 136
223 216
223 229
224 20
224 65
224 76
224 125
224 177
225 138
226 8
226 47
226 49
226 66
226 87
226 88
226 145
226 184
227 66
227 91
227 122
227 147
227 148
227 171
227 197
227 223
227 233
228 24
228 135
228 152
228 155
228 162
228 200
228 224
229 13
229 20
229 122
229 212
230 41
230 87
230 127
230 235
231 14
231 60
231 139
231 238
232 59
232 184
232 218
233 13
233 45
233 113
233 150
233 192
233 232
234 24
234 29
234 48
234 76
234 95
234 102
234 120
234 145
234 163
235 42
235 94
235 240
236 13
236 20
236 88
236 124
236 142
236 198
237 47
237 74
237 223
237 236
238 43
238 69
238 71
238 105
238 135
238 231
239 5
239 17
239 47
239 102
239 130
239 141
240 15
240 23
240 146
240 167
240 171
240 183
240 184
240 208
240 237
