240
716
1 12
1 24
1 35
2 10
2 91
2 138
2 149
2 159
2 205
3 54
3 64
3 222
4 90
4 101
4 214
5 26
6 52
6 83
6 135
6 231
7 146
7 149
7 186
8 209
9 17
9 28
10 36
10 86
10 123
10 151
10 166
10 205
11 26
11 208
11 240
12 156
13 140
13 209
14 25
14 37
14 89
15 54
15 73
15 178
15 206
16 75
16 130
16 177
16 181
17 185
18 61
19 96
19 115
19 140
19 206
19 233
20 45
20 96
20 157
21 72
21 147
21 218
22 27
22 73
22 134
23 167
23 170
23 183
24 33
24 175
25 59
25 86
25 131
25 163
26 10
26 107
26 134
27 34
27 94
28 15
28 93
28 108
28 226
29 71
30 4
31 132
31 193
31 195
31 214
32 10
32 70
32 142
33 131
33 184
33 194
34 19
34 50
34 55
34 181
34 216
35 8
35 34
35 118
36 22
36 157
36 199
37 140
38 51
38 76
38 160
38 177
38 185
38 207
39 22
39 108
40 10
40 20
40 41
40 227
41 49
41 64
41 91
41 122
41 129
41 145
42 91
42 99
42 185
42 203
42 212
43 28
43 29
43 158
44 4
44 35
44 40
45 195
45 221
46 5
46 22
46 50
46 51
46 99
46 115
46 224
47 46
47 57
47 58
47 87
47 94
47 144
47 176
47 213
48 17
48 218
49 44
49 48
49 61
49 111
49 118
49 169
50 172
51 190
51 212
52 146
52 171
52 180
53 12
53 115
53 134
54 9
54 31
54 69
55 77
55 193
55 236
56 220
57 7
57 86
57 166
57 170
57 173
57 225
58 125
59 2
59 17
59 60
59 110
60 67
60 75
60 97
61 53
61 64
62 24
62 189
63 40
63 87
63 97
63 104
63 113
64 16
64 28
64 59
64 72
65 27
65 63
65 111
65 204
65 213
65 236
65 240
66 13
66 44
66 47
66 116
66 186
67 40
68 129
68 155
68 161
69 83
70 20
70 91
70 108
72 57
72 70
72 167
72 198
73 46
73 75
73 77
73 123
74 18
74 84
74 160
74 179
74 190
74 233
75 15
76 10
76 31
76 97
76 104
76 184
76 206
77 201
77 202
77 213
78 16
78 46
79 38
79 78
79 83
79 169
79 198
80 20
81 88
82 39
83 30
83 77
83 85
83 187
83 206
84 11
84 19
84 232
85 147
86 97
86 151
86 158
87 92
87 106
87 174
88 26
88 115
88 180
89 18
89 90
89 123
90 18
90 102
93 144
93 165
93 185
94 37
94 98
94 172
95 121
95 129
96 114
96 155
96 236
97 89
97 103
98 80
98 174
99 16
99 57
100 79
100 169
100 236
101 20
101 124
101 218
102 45
102 63
102 74
102 89
102 98
102 127
102 144
102 166
102 182
103 41
103 89
104 40
104 123
106 110
106 144
106 203
106 220
107 28
107 93
107 130
107 140
107 142
107 176
107 208
108 8
108 135
108 233
109 36
111 13
111 168
112 148
113 85
113 96
113 138
114 107
114 109
115 8
115 138
115 187
115 225
116 55
116 132
116 162
116 163
116 214
117 33
117 59
117 142
117 166
118 54
118 148
118 207
118 239
119 169
119 199
119 214
119 239
120 8
120 32
120 131
120 188
121 37
121 61
121 86
122 144
122 231
123 204
124 27
124 31
124 145
124 163
124 184
124 235
125 17
125 113
125 114
125 128
125 231
125 239
126 58
126 77
126 105
126 134
126 209
127 107
127 110
127 116
127 168
128 87
128 95
128 106
128 202
129 38
129 74
129 115
129 175
129 235
130 22
130 38
130 122
130 171
132 6
132 63
132 173
132 210
133 13
133 162
134 234
135 57
135 89
135 115
135 138
135 231
136 127
136 129
137 184
138 63
138 95
139 42
139 150
139 172
140 142
140 144
140 173
141 99
141 151
142 97
142 152
142 235
143 43
143 119
143 218
144 38
144 80
144 141
145 116
145 210
146 40
146 173
147 135
147 140
147 216
148 10
149 221
149 238
150 40
150 45
150 46
150 83
150 120
151 59
151 109
151 140
152 37
152 79
154 184
154 218
155 84
155 94
155 110
155 147
155 180
155 224
156 68
156 172
156 196
156 206
156 216
157 8
157 33
157 62
157 151
157 189
158 14
158 186
159 101
159 221
160 70
161 3
161 53
161 129
161 151
161 179
161 238
162 11
162 29
162 86
162 174
162 193
162 221
163 99
163 133
163 144
164 49
164 141
165 40
165 86
165 203
166 142
166 203
167 14
167 62
167 127
168 65
168 115
169 1
169 25
170 61
170 148
170 156
170 226
171 100
171 122
171 132
171 210
171 233
172 8
172 33
172 222
173 31
173 37
173 185
174 68
174 103
174 109
174 110
175 3
175 101
175 129
175 230
176 37
176 52
176 71
176 120
176 173
176 219
177 37
177 112
178 143
178 214
178 235
179 22
179 59
179 63
179 134
179 161
180 24
180 52
180 86
180 206
181 68
181 111
181 186
182 29
182 32
182 160
183 4
183 60
184 13
184 34
184 66
184 187
185 38
185 70
185 101
186 20
186 74
186 84
186 109
186 152
186 198
187 56
187 74
187 175
188 60
188 224
189 42
189 107
189 111
189 124
190 134
190 159
190 193
190 204
191 5
191 55
191 170
192 125
193 64
193 99
193 115
193 164
193 191
194 63
194 77
194 198
195 13
195 85
195 109
195 128
195 140
195 183
196 79
196 154
196 230
197 190
197 192
198 118
198 173
199 91
199 139
200 143
200 183
201 78
202 91
202 173
202 209
203 89
203 168
204 62
204 156
204 160
205 7
205 53
205 73
205 110
205 153
205 185
205 206
205 225
205 239
206 58
206 102
206 236
207 101
207 239
208 47
208 58
208 96
209 20
209 70
209 87
210 50
210 84
210 104
211 8
211 135
211 144
212 102
212 134
212 146
213 159
213 190
213 204
214 85
214 157
214 168
214 189
214 232
215 8
215 70
215 71
215 142
215 166
216 3
216 20
216 91
216 224
217 190
217 205
217 228
218 110
219 229
220 27
220 206
222 59
222 78
223 107
224 38
225 55
225 217
226 23
226 72
227 150
228 4
228 32
229 41
230 108
230 110
231 22
232 34
232 192
233 102
233 106
233 138
234 76
235 30
235 77
235 98
235 117
235 144
235 149
236 30
236 145
238 100
239 12
239 67
239 79
239 89
239 148
240 83
240 193
