2500
9994
1 1811
1 2100
1 2128
2 2441
3 1989
3 2089
4 885
4 1051
4 1137
4 1470
4 2165
5 1413
5 1623
6 675
6 1278
6 2305
7 927
7 2072
7 2075
8 275
8 1594
8 1788
8 1974
9 1106
9 1672
10 1566
10 2200
10 2410
11 532
11 1024
11 1593
11 2070
11 2499
12 132
12 1695
12 2015
12 2422
13 1611
13 1905
13 2081
14 237
14 308
14 708
14 1307
14 1642
14 2499
15 694
15 975
16 26
16 866
16 970
16 1375
16 1436
17 353
17 560
17 2129
18 8
18 445
18 946
18 1093
19 337
19 528
19 864
19 1337
20 264
20 1695
20 2104
20 2212
20 2335
21 73
21 233
21 430
21 700
21 1094
21 1435
21 1819
21 1820
21 1922
21 2373
21 2475
22 770
22 846
22 2265
23 275
23 1363
23 1410
23 1430
23 1599
23 1603
23 1814
24 1396
24 2094
24 2124
25 754
25 992
25 2243
25 2353
26 1624
27 600
27 712
27 1456
27 1669
28 864
28 1845
28 1902
28 2387
29 23
29 353
29 392
29 2069
29 2146
29 2459
30 155
30 883
30 1102
30 1185
30 1478
30 2139
30 2163
31 2256
32 452
32 535
32 668
32 1079
32 1194
33 350
33 1173
34 113
34 1161
34 1585
34 1882
34 2102
34 2240
35 394
35 422
35 1631
35 2111
36 15
36 523
36 1852
37 1055
37 1391
37 1462
37 1751
37 1917
38 791
38 1367
38 1611
38 2094
38 2367
39 1817
40 578
40 790
40 1202
40 1251
40 2329
40 2479
41 203
41 835
41 2106
42 483
42 918
42 1920
43 1374
43 2032
44 21
44 495
44 648
44 1418
44 2158
45 281
45 506
46 92
46 2255
47 68
47 401
47 548
47 707
47 933
47 1272
47 1633
47 2089
48 2329
49 105
49 619
49 1346
49 1499
49 1571
49 1979
50 30
50 626
50 1238
50 1675
50 1998
50 2444
51 465
51 2214
52 1083
52 1200
52 1643
53 634
53 834
53 1234
53 1306
53 1573
53 2113
54 370
54 473
54 1275
54 2268
55 642
55 837
55 1395
55 1396
55 1632
55 2165
56 714
56 731
56 782
56 1146
56 2321
57 264
58 478
59 178
59 1783
59 2453
60 1439
61 448
61 514
61 608
61 1191
61 2370
62 677
62 1257
62 1334
62 2167
62 2201
63 1879
63 2458
64 1218
64 1580
64 1607
64 1896
64 1948
64 2165
64 2343
65 353
65 686
65 1007
67 1270
67 1314
67 1768
67 2058
67 2323
68 918
68 1097
68 1261
68 1643
68 2161
69 1306
69 1338
69 1925
69 1988
69 2018
70 389
70 991
70 1006
70 1517
70 1614
70 1741
70 1756
70 1788
70 2153
71 316
71 573
71 947
71 1791
71 1959
71 2032
72 518
72 784
72 866
72 887
72 1616
72 2319
74 746
74 1524
74 1549
74 1880
75 118
75 469
75 1058
75 1412
75 1889
76 486
76 1099
76 1665
76 2108
76 2403
76 2410
77 1621
77 1799
78 765
78 1549
79 232
79 1388
80 913
81 221
81 255
81 1833
82 1750
83 311
83 724
83 762
83 1094
83 1671
83 1807
84 581
84 1694
84 2155
85 753
85 1219
85 1660
85 1794
86 303
86 2500
87 923
87 1505
87 1820
87 2256
88 550
88 581
88 1288
89 1344
89 1784
90 964
90 1247
91 253
91 303
91 534
91 1818
92 309
92 1740
92 2220
92 2449
93 1135
93 1185
93 2233
93 2426
94 650
95 1031
95 2198
95 2284
97 247
97 345
97 1758
97 2036
98 442
98 489
98 813
98 1685
99 214
99 504
99 582
99 757
99 986
99 1118
99 1184
99 1837
100 1033
100 1454
100 1993
101 592
101 841
101 1014
101 1424
101 1531
102 594
102 1485
102 2252
102 2476
103 604
103 722
103 1189
103 1236
103 1279
103 1936
104 410
105 322
105 379
105 1936
105 2122
106 4
106 1251
106 1662
106 1865
106 2050
106 2488
107 164
107 347
107 516
107 1393
107 2015
108 231
108 721
109 785
109 872
109 1136
109 2215
110 279
110 314
110 1432
111 1563
111 1622
111 1697
111 1729
111 1819
111 1870
112 29
112 92
112 425
112 431
112 1435
112 1777
113 1815
113 1843
114 1332
114 1706
115 999
115 1592
116 825
116 878
116 937
116 1228
116 1273
116 1437
116 2034
116 2061
116 2406
117 366
117 1324
117 1636
117 2134
118 246
118 630
118 1667
118 1861
118 2308
119 436
119 1844
119 2321
120 59
120 592
120 1737
120 1968
121 1680
121 1834
122 161
122 1026
122 1042
122 1083
122 1525
123 174
123 1514
124 72
125 1870
125 1953
126 1125
127 846
127 1214
127 1638
127 2348
128 506
128 1656
129 1490
129 1799
129 2014
129 2458
130 295
130 1742
130 1816
131 145
131 765
131 1683
131 2310
132 1174
132 1220
132 1763
132 2429
133 75
133 265
133 337
133 2390
134 900
134 1812
134 2016
134 2020
134 2022
134 2467
135 101
135 678
135 1452
135 1992
136 1607
137 99
137 296
137 1823
137 2082
138 1063
138 1161
139 756
139 1228
139 1476
139 1831
140 107
140 810
141 873
141 1608
141 2371
142 1253
143 312
143 725
143 1384
143 2058
144 231
144 680
144 1123
144 1367
144 1840
145 571
145 1226
146 1483
146 2273
147 1530
148 890
149 370
149 621
149 783
149 939
149 1341
150 219
150 662
150 1632
150 1769
150 1973
150 2194
150 2338
151 241
151 255
151 397
151 536
151 2466
152 174
152 1149
153 237
153 646
153 1100
153 2483
154 5
154 2079
154 2334
155 263
155 294
155 1280
155 1567
155 1983
156 2020
157 701
157 906
157 976
157 1018
157 1355
157 1397
157 1539
158 27
158 1232
158 1317
158 1827
159 822
159 955
159 2371
160 963
160 1407
160 1637
160 1694
160 1780
161 131
162 196
162 809
162 1280
162 2178
162 2194
162 2412
163 52
163 196
163 366
163 877
163 1104
163 1487
163 2409
164 1922
164 2110
164 2193
165 1429
165 1827
166 368
166 929
166 999
166 1105
166 2358
167 279
167 721
167 1673
167 1774
167 2000
167 2335
168 518
168 627
168 1069
168 1211
169 584
169 1243
169 2339
170 13
170 2100
170 2254
170 2450
171 486
171 617
171 1429
171 1970
171 2066
172 265
172 547
172 926
172 1745
172 1835
172 1987
172 2036
172 2404
173 389
173 473
173 1008
173 1671
173 1733
173 2264
174 813
174 2006
174 2053
174 2054
174 2326
175 1079
175 2225
176 283
176 580
176 631
176 787
176 1194
176 1359
176 2394
177 241
177 1543
177 2175
177 2261
178 337
178 532
178 2150
179 143
179 1525
179 1931
180 120
180 486
180 925
180 1154
180 1644
180 1661
180 2184
181 1112
181 1839
182 115
182 874
182 877
182 1943
182 2484
183 847
183 2106
184 2101
185 950
186 975
186 1474
186 1911
186 2218
187 111
187 1597
187 1696
187 2008
188 12
188 1239
188 1936
189 445
189 481
189 896
189 1844
190 614
190 1365
190 2135
190 2158
190 2363
191 483
191 1288
191 1432
192 2297
193 120
193 186
193 1181
193 1707
193 2336
194 112
194 228
194 963
194 987
194 1412
195 82
195 185
195 1159
195 1266
195 1275
195 1409
196 88
196 698
196 973
196 1267
196 1569
196 1682
196 1811
196 1839
196 2274
197 362
197 1566
197 2309
198 354
198 696
198 1264
198 2133
199 820
199 1528
199 1942
200 1054
200 1108
200 1694
200 2005
201 164
201 206
201 510
201 1219
202 964
202 1253
202 1463
202 1493
202 2223
202 2372
203 14
203 66
203 72
203 732
204 978
204 1413
204 1721
204 1787
204 2099
205 3
205 1055
205 1477
205 2043
205 2143
206 1717
206 2210
206 2387
207 519
207 1271
207 2352
208 716
208 777
208 1016
208 1148
208 1614
208 1957
208 2153
209 2161
209 2253
209 2291
210 35
210 480
210 627
210 1097
211 12
211 158
211 694
211 721
211 1296
211 1391
211 2182
211 2382
212 1299
212 1814
212 2477
213 298
213 1937
214 114
214 232
214 597
214 934
214 1260
214 1562
214 1751
214 2056
215 149
215 1403
216 294
216 479
216 642
216 736
216 806
217 943
217 1340
217 1959
217 2010
218 362
218 1068
218 2417
219 920
219 1264
219 1295
219 1407
219 2272
219 2365
220 607
220 2237
221 115
221 1318
221 1417
222 46
222 112
222 634
222 881
222 1286
222 1550
222 2325
223 204
223 694
223 2186
223 2404
224 842
224 1005
224 1204
224 1221
224 1296
224 2079
224 2483
225 25
225 151
225 360
225 1036
225 1072
225 1327
225 1900
226 1158
226 1975
226 2184
226 2446
227 832
227 1199
228 544
228 639
228 725
228 1572
228 1625
228 1852
229 351
229 464
229 549
229 1678
229 2325
230 137
230 160
231 568
231 730
231 854
231 1049
231 1612
231 2141
232 767
233 387
233 412
233 500
233 1138
233 1792
234 358
234 360
234 466
235 1282
235 1905
235 2376
236 2020
236 2488
237 191
237 833
237 1484
238 257
238 1170
238 1368
238 1578
239 642
239 809
239 1378
239 2284
240 14
240 1136
240 2125
240 2335
241 584
241 795
241 1503
242 295
242 336
242 483
242 1611
242 1783
242 2186
243 792
243 1352
244 1042
244 1468
245 181
246 254
246 380
246 2172
247 482
247 591
247 1398
247 2430
247 2494
247 2499
248 271
248 1018
248 2213
249 262
249 320
249 2365
250 345
250 1191
250 1357
250 1420
250 2136
251 289
251 506
251 569
251 2049
252 1087
252 1895
252 2202
253 412
253 1344
253 1512
254 689
254 2318
255 279
255 285
255 608
255 770
255 1416
256 393
257 692
257 947
257 950
257 2079
257 2394
258 841
258 1699
258 1711
258 1723
258 2454
259 1145
259 2052
260 1309
260 1495
260 2475
261 871
261 878
261 1503
261 1788
261 2334
262 13
262 512
262 1797
262 2005
262 2497
263 95
263 1035
263 1039
263 1075
263 2422
264 422
264 1842
264 2220
265 586
265 1134
265 1630
265 1933
265 2408
266 289
266 318
266 1641
266 1974
266 1999
267 326
267 807
267 1039
268 108
268 497
268 1329
268 2451
269 827
269 1474
269 1542
269 2057
270 1100
270 1605
270 1808
270 1852
270 2245
270 2453
271 76
271 1092
271 1248
271 1499
272 1673
272 2171
272 2198
273 198
273 371
273 999
273 1587
274 1222
274 1271
274 1532
274 2224
275 456
275 506
275 1353
275 1605
275 1897
275 2163
275 2312
276 1044
276 1853
277 123
277 687
277 1161
277 1295
277 2006
278 392
278 471
278 477
278 835
278 1068
278 2291
279 475
279 1530
280 811
280 1206
280 1324
280 1651
281 71
281 350
281 949
281 1097
281 1416
281 2270
281 2359
283 124
283 1263
283 1399
283 1497
283 1778
284 2000
284 2005
284 2182
284 2214
285 956
285 1129
285 2322
285 2389
286 703
286 2049
286 2473
287 27
287 471
287 916
287 1198
287 1254
287 2001
287 2275
288 57
288 409
288 592
289 1578
290 186
290 1508
290 1836
291 76
291 223
291 2365
292 1203
292 2049
292 2172
293 1192
293 1512
293 2135
294 693
294 1014
295 132
295 338
295 465
295 1062
295 1914
295 2005
295 2167
295 2336
296 1012
296 2383
297 231
297 334
297 1114
298 257
298 1600
298 2422
299 324
299 1195
299 1737
299 1740
299 2222
299 2443
300 578
300 1001
300 1425
301 361
301 905
301 1492
301 2217
302 502
302 1824
302 2127
303 1175
303 2261
304 309
304 752
304 899
304 952
304 1450
304 2136
305 316
305 1394
306 427
306 1373
306 1538
306 1650
306 2035
307 515
307 975
307 1587
307 1978
307 2152
307 2430
308 164
308 528
308 691
308 1226
308 1616
308 1800
308 1929
308 2253
308 2309
309 71
309 390
309 1188
309 1566
309 2165
311 43
311 406
311 1063
311 2209
312 392
312 1996
312 2253
312 2479
313 1860
314 61
314 904
314 1648
314 1656
314 2080
315 362
315 1742
316 226
316 445
316 671
316 1609
316 2032
316 2044
316 2434
317 143
317 1496
317 2007
318 374
318 464
318 1543
318 2255
318 2306
318 2320
318 2345
319 811
319 947
319 1201
319 2072
319 2149
319 2491
320 395
320 1164
320 2114
320 2259
321 318
321 436
321 946
321 2472
322 440
322 728
322 1669
322 1719
323 576
323 952
323 2335
324 1385
324 1441
325 128
325 219
325 423
325 1007
325 1706
325 2159
326 123
326 265
326 467
326 555
326 773
327 196
327 382
327 438
327 475
327 756
327 1751
327 2398
328 636
328 884
328 2110
328 2143
329 81
329 2289
329 2318
330 490
330 687
330 1595
330 1739
331 69
331 524
331 1192
331 1536
332 1095
332 1326
332 1924
332 2264
333 502
333 688
333 1732
334 161
334 1571
335 48
335 882
335 1233
335 1649
335 2496
336 42
336 1962
337 206
337 237
337 1707
337 1789
337 2096
337 2401
337 2453
338 689
338 724
338 1372
338 1486
339 347
339 456
339 505
340 169
340 364
340 389
340 637
340 1954
340 2241
341 234
341 590
341 950
341 1562
341 1722
341 1838
342 398
342 1609
342 2374
343 662
343 863
343 1061
343 2024
343 2236
344 914
344 1440
344 1701
344 2158
345 85
345 397
345 1920
346 658
346 670
346 1144
347 166
347 1462
348 789
348 2180
348 2260
349 324
349 425
349 1053
349 1197
349 1904
349 2178
350 1348
350 1704
351 259
351 274
351 436
351 1050
351 1144
352 401
352 555
352 1192
352 1336
353 472
353 1405
354 1028
354 1755
355 866
355 1203
355 1357
355 2363
356 144
356 174
356 717
356 1452
356 1475
357 2121
357 2307
358 182
358 2162
358 2296
359 529
359 632
359 1050
360 104
360 314
360 1852
361 1541
361 1561
362 749
362 1123
362 1463
362 2396
363 485
363 687
363 746
363 1085
363 1993
363 2050
364 824
364 1808
364 2190
365 684
365 1110
365 1139
365 1876
365 2304
366 652
366 1519
366 1529
366 1599
367 498
367 1949
368 1936
369 25
369 328
369 844
369 911
369 1290
370 393
370 857
370 1241
371 433
371 477
371 772
371 1306
371 2407
372 246
372 637
372 2176
373 586
374 195
374 1178
374 2472
375 441
375 496
375 956
375 1019
375 1067
375 1654
376 1187
376 1335
376 1809
376 1857
377 128
377 777
377 2155
378 816
378 1166
378 2449
379 673
379 1067
380 1375
380 2142
380 2468
381 83
381 557
381 694
381 881
381 1632
381 1738
382 971
382 1291
383 614
383 1902
383 2458
384 1646
385 623
385 710
386 175
386 425
386 683
386 1129
386 1329
386 1542
386 1857
386 1982
386 2025
386 2499
387 401
387 468
387 796
387 897
387 1580
387 2164
388 359
388 1138
388 2059
389 100
389 313
389 816
389 1057
389 1973
390 826
390 1010
390 1906
390 2358
390 2457
391 113
391 1267
391 1496
392 72
392 884
392 1175
392 1261
392 1980
393 999
393 2251
393 2260
394 340
394 762
394 768
394 772
394 1313
395 271
395 1604
396 280
396 1628
396 2092
397 980
397 1198
397 1382
397 2314
398 288
398 539
398 631
398 728
398 1004
398 1985
398 2141
398 2175
399 249
399 578
399 686
399 1072
399 1693
399 1871
399 2176
400 289
400 636
400 1313
401 1460
401 2134
402 171
402 454
402 471
402 1961
403 2
403 1045
403 2070
404 52
404 318
404 646
404 876
404 1836
404 2180
405 167
405 586
405 605
405 1263
405 1568
405 1941
405 2037
406 92
406 1909
406 2057
406 2063
406 2306
407 401
407 405
407 783
407 999
407 1195
407 1324
407 1958
408 1856
409 1532
409 2189
410 33
410 157
410 326
410 471
410 671
410 2316
410 2464
411 303
411 1039
411 1768
411 1922
412 146
412 175
412 1225
413 515
413 557
413 1078
413 1312
413 2338
413 2445
414 261
414 308
414 1700
414 1856
414 2063
414 2307
414 2313
415 2093
415 2493
416 2182
416 2219
417 435
417 634
417 647
417 880
417 1433
417 2129
418 212
418 1444
418 1492
418 1508
418 1731
419 1059
419 1858
419 2037
420 610
420 1108
420 1916
421 1256
421 2153
421 2293
422 1674
423 12
423 528
424 992
424 1259
424 1403
424 1560
424 2042
425 125
425 135
425 264
425 479
425 1190
425 1964
426 1037
427 244
427 653
428 478
429 1713
430 438
430 679
430 1119
430 1223
430 1357
430 1420
430 1421
430 1623
430 2152
430 2372
431 58
431 1563
431 1900
431 2404
432 1740
432 1876
432 2023
432 2038
433 165
433 1116
433 1745
433 1776
434 12
434 680
434 962
434 1205
434 1513
435 473
435 649
435 1011
435 1431
435 1790
435 1938
436 1079
436 1311
436 2393
437 1637
437 2211
438 501
439 529
439 2341
440 100
440 270
440 2104
441 813
441 1670
441 2056
442 270
442 1249
442 1381
442 1473
443 76
443 1209
443 1965
443 2167
444 182
444 231
444 1899
444 2465
445 139
445 400
446 166
446 631
446 685
446 2142
446 2202
446 2464
447 102
447 666
447 1904
448 96
448 103
448 279
448 700
448 728
448 1101
448 1579
448 1801
449 176
449 384
449 1686
451 390
451 1370
451 1889
452 1237
452 2016
452 2329
453 1372
453 1411
453 2113
455 1102
455 2191
455 2286
455 2295
455 2296
456 154
456 812
456 901
457 297
457 1621
457 1760
457 1980
458 301
458 1316
458 1730
458 2344
459 361
459 636
459 1579
459 2101
459 2291
459 2409
460 147
460 1289
461 226
461 986
461 994
461 1254
461 1407
461 1853
462 226
462 455
462 610
462 2351
463 225
463 243
463 770
463 1369
463 1562
463 1772
464 405
464 904
464 2133
464 2142
465 17
465 293
465 775
465 1077
465 1181
465 1237
465 1246
466 630
466 632
466 1185
466 1855
466 2461
467 41
467 339
467 538
467 656
467 745
467 1167
467 1852
468 335
468 419
468 1533
468 1782
468 1918
468 2453
469 216
469 1553
469 2387
470 57
470 149
470 366
470 472
470 542
470 1358
470 1483
471 898
471 1824
471 1991
472 184
472 454
472 808
472 1793
472 1903
473 2066
473 2169
473 2285
474 171
474 408
474 924
474 1654
475 89
475 396
475 886
476 627
476 1275
476 1786
477 1110
477 2273
478 727
478 1515
478 1628
478 1799
478 1828
478 2193
479 871
479 1026
479 1166
479 1526
480 674
480 1217
480 2161
481 881
481 1360
481 1884
482 238
482 1598
482 1919
483 119
483 322
483 916
483 1242
483 1894
484 158
484 274
484 787
484 1841
485 336
485 573
485 1109
485 1631
485 2465
485 2487
486 25
486 1136
486 1157
486 1381
486 1572
486 2496
487 111
488 276
488 514
488 2243
488 2430
489 893
489 1191
489 2061
489 2404
490 99
490 1148
490 1198
490 1799
491 58
491 1001
491 1026
491 1888
491 2453
492 900
492 1639
492 1954
493 239
493 427
493 1574
494 157
494 641
494 2079
495 1084
496 1600
496 1987
496 2117
497 343
497 1643
497 2087
498 173
498 502
498 1404
498 2289
499 855
499 1351
500 2220
500 2334
501 132
501 1608
502 335
502 1054
502 1725
503 746
503 1462
503 2097
503 2234
504 553
504 1707
504 1730
504 1760
504 1876
504 1940
505 1675
505 2019
506 386
506 540
506 813
506 976
506 1286
506 2389
506 2426
507 1640
507 1901
507 2185
507 2317
508 53
508 543
508 1363
508 1544
509 242
509 1239
510 1072
510 1530
510 2180
511 361
511 574
511 1002
511 1429
511 1615
511 1779
511 1917
511 2186
512 11
512 119
512 729
512 1033
512 1488
512 2177
513 366
513 1221
513 1399
513 1993
514 41
514 620
514 1010
514 1413
514 1458
514 1963
514 2389
515 1412
515 2133
516 267
516 1271
517 481
517 980
517 1134
517 1645
517 1657
517 2349
518 97
518 465
518 946
518 1207
518 1849
519 298
519 782
520 13
520 663
520 836
520 1384
520 2496
521 591
521 1451
521 1547
521 1799
521 2060
521 2233
522 1314
522 1770
522 2004
522 2368
523 585
523 1254
523 1277
523 1881
523 2198
523 2271
524 816
524 2027
524 2156
525 1057
525 2223
525 2317
527 328
527 524
527 837
528 2294
529 133
529 755
529 820
529 1256
529 2120
530 831
530 849
530 1584
530 1921
530 2127
531 1490
531 1897
531 1983
532 865
532 974
532 1954
532 2260
533 1307
533 2160
534 14
534 561
534 932
534 1722
535 1316
535 1523
535 1744
535 2401
536 74
536 344
536 495
536 849
536 956
536 2055
537 1188
537 1428
537 2310
538 90
538 457
538 657
539 300
539 1522
539 1679
540 1167
540 1224
540 1407
540 2042
541 790
541 828
541 913
541 1262
541 1983
541 2058
541 2346
542 175
543 540
543 1885
544 1168
544 1679
544 1706
545 1193
545 1559
546 732
546 1279
547 33
547 196
547 240
547 533
547 888
547 1475
547 1659
548 118
548 133
548 363
548 372
548 891
548 1396
548 1870
549 359
549 924
549 1528
549 1589
550 203
550 731
550 935
550 1052
550 1447
550 1883
550 2144
550 2152
551 411
551 570
551 722
551 1451
551 1462
551 1692
552 7
552 294
552 484
552 836
552 1002
552 2433
553 384
553 931
553 1098
553 1185
553 1783
553 1807
553 2272
554 2000
554 2102
555 28
555 502
555 656
555 1406
555 1641
555 2339
556 273
556 649
556 1388
556 1743
557 676
557 1165
557 1927
557 1959
557 2466
558 1145
558 1586
559 843
559 1408
559 1832
560 31
560 1044
560 1250
560 1632
560 1931
560 2092
561 634
561 974
561 1125
561 1389
562 1040
562 2091
563 1107
563 1625
564 667
564 1412
564 1533
564 1611
564 2035
565 965
565 1368
565 1944
565 2468
566 1026
566 1041
566 1475
566 2338
567 983
567 1024
568 322
568 678
568 1815
568 2127
568 2267
569 324
569 327
569 825
569 1022
569 1093
569 1802
570 367
570 899
570 1048
570 1563
570 2337
571 119
571 768
571 1777
572 227
572 614
572 928
572 1854
572 2488
573 119
573 753
573 1555
574 119
574 148
574 486
574 1668
575 100
575 874
575 1101
575 1754
575 2270
576 678
576 2251
577 220
577 606
577 1837
578 447
579 362
579 805
579 1490
579 1749
580 102
580 751
580 1103
581 1211
581 1460
582 473
582 1130
583 1284
584 3
584 626
584 1132
585 805
585 966
585 1545
585 2140
585 2234
586 1195
586 2363
587 73
587 181
587 327
587 760
587 1435
588 254
588 778
588 1031
588 2367
589 2290
589 2314
589 2387
589 2468
590 409
590 678
590 912
590 2486
591 873
591 980
591 1107
591 2385
591 2418
592 58
592 381
592 1310
593 1185
594 1158
594 1544
595 744
595 1342
595 2266
596 231
596 475
596 859
596 1579
596 2289
597 1029
597 1649
597 1792
598 592
598 669
598 1156
598 1566
598 2031
598 2440
599 186
599 2081
600 498
600 1205
600 2420
601 648
601 880
601 1183
601 1582
601 1804
602 462
602 807
602 1122
602 1723
602 2427
603 171
603 620
603 902
603 2005
604 581
604 1515
604 2091
605 1411
605 1575
605 2243
606 319
606 872
606 1905
607 658
607 759
607 923
607 970
607 1124
607 1533
607 1929
607 2480
608 131
608 1965
609 1786
609 2315
610 53
610 184
610 968
610 1728
610 1904
610 2107
611 780
611 1269
611 1658
611 1856
611 2146
612 54
612 208
612 898
612 1388
612 1438
613 300
613 1224
613 1957
613 2258
614 416
614 425
614 593
614 1785
614 1859
615 340
615 819
615 1192
615 1347
615 1711
616 533
616 735
616 1383
616 2192
617 1757
617 1876
617 1931
618 91
618 230
618 792
618 1160
618 1458
618 1634
618 1908
619 411
619 1000
619 2290
619 2292
620 151
620 420
620 1424
620 2417
621 22
621 496
621 895
621 1433
621 1435
622 96
622 305
622 374
622 1022
622 2332
623 1665
623 1960
623 2371
624 222
624 318
624 1846
624 2179
624 2330
625 251
625 511
625 774
625 808
625 894
625 1172
625 1671
625 2312
626 767
626 1404
626 1698
626 2007
627 119
627 352
627 1900
627 2071
628 1264
628 1807
628 1828
629 321
629 405
629 553
629 621
629 1825
629 2205
630 889
630 1035
630 1098
630 1161
630 1323
630 1471
630 2376
630 2411
631 109
631 1287
631 2157
631 2294
632 102
632 1655
632 1965
633 755
633 1399
633 1960
633 2046
633 2207
633 2498
634 65
634 902
634 1594
634 2066
635 1886
635 2061
636 2146
637 3
637 1699
637 2385
638 516
638 1422
638 2397
638 2407
639 1345
640 150
640 1047
640 1689
640 2492
641 166
641 209
641 1317
641 1681
641 2015
641 2292
641 2366
642 47
642 891
642 948
642 1597
642 1685
644 1605
644 1629
645 1435
645 2478
646 353
646 584
646 1414
646 1583
647 332
647 1008
647 1668
647 1680
647 2368
648 1782
649 3
649 69
649 554
649 627
649 978
649 1367
649 1442
649 1782
650 514
650 700
650 998
650 1924
650 1972
651 444
651 573
651 797
651 1022
652 2052
653 360
653 569
653 1162
653 2046
654 70
654 397
654 814
654 1082
654 1472
654 2022
654 2399
655 373
655 821
655 1131
656 282
656 697
656 739
656 789
656 998
656 1147
656 1570
656 2089
656 2395
656 2430
657 201
657 308
657 1104
657 1518
657 1525
657 1968
657 2153
658 1452
658 1771
659 642
659 879
659 1095
659 1849
659 2073
659 2184
660 303
660 708
660 833
660 1167
660 1757
660 2003
660 2044
661 744
661 1531
661 1758
662 375
662 1353
662 1901
662 2345
662 2482
663 30
663 434
663 586
663 1425
663 1520
664 1561
664 1704
665 4
665 251
665 1876
665 2162
666 1057
666 1111
666 1694
667 917
667 1002
667 1230
667 2436
668 992
669 1644
669 1722
669 1853
669 2001
670 81
670 1171
670 1218
670 2126
671 250
671 331
671 1400
671 1593
672 56
672 463
672 503
672 560
672 1583
672 1724
673 11
673 1240
673 1752
674 883
674 1080
674 1313
674 1314
674 1597
674 1707
675 460
675 1755
676 1319
676 1329
676 2191
677 845
677 1444
677 1892
678 1407
678 1541
678 2249
678 2491
679 1116
680 636
680 694
680 961
680 1369
680 1910
681 134
681 1206
681 1494
682 524
682 837
682 1107
682 1964
682 2130
683 1305
683 2256
683 2370
684 909
684 1352
684 1615
684 1886
684 2053
684 2396
685 691
685 1050
685 1545
685 1743
685 1798
685 1951
686 1400
686 1437
686 1764
686 2490
687 837
687 999
687 1130
687 2285
687 2377
688 881
688 1928
688 2090
688 2271
689 498
690 215
690 611
690 646
690 785
690 1605
690 1994
691 146
691 156
691 414
691 793
691 1192
692 124
692 1150
692 1688
692 2067
693 206
693 368
693 2042
693 2253
694 919
694 1369
695 756
695 841
695 1944
695 2098
695 2157
695 2204
696 600
696 1014
696 2174
697 79
697 931
697 1153
697 1732
697 2367
698 569
698 589
698 1123
698 2257
699 727
699 971
699 1328
699 1781
699 2145
700 55
700 1556
701 535
701 733
701 933
701 1577
701 2001
702 130
702 822
703 56
703 588
703 2245
704 1852
705 1587
705 2117
705 2165
705 2338
706 69
706 579
706 717
706 864
707 125
707 547
707 2259
708 522
708 563
708 1562
708 1754
708 1845
708 1918
708 2368
709 528
709 2019
709 2306
710 1628
710 2415
711 66
711 631
711 1776
712 1544
712 1850
712 1992
713 251
713 373
713 1416
713 1635
713 1797
713 2256
714 63
714 791
714 927
715 249
715 514
715 898
715 2226
716 386
716 663
716 787
716 1776
716 1906
716 2002
717 349
717 1349
717 1412
718 1148
718 1511
718 1577
718 1742
718 1915
718 2241
719 1290
719 1577
719 2161
720 1100
720 1915
720 1963
720 2024
721 98
721 381
721 758
721 927
721 971
721 1018
721 1171
721 1269
721 1720
721 1873
722 778
722 2138
723 141
723 1019
723 1540
723 2273
723 2348
723 2384
723 2387
724 1043
724 1068
724 1211
724 1459
725 6
725 327
725 515
725 676
725 680
725 745
725 1935
726 588
726 928
726 1045
726 1245
726 1300
726 2101
727 612
727 762
727 1990
728 117
728 193
728 2084
728 2400
728 2440
729 1040
730 134
730 287
730 482
730 878
730 1333
730 1355
730 1762
730 2159
731 125
731 176
731 1485
731 2220
732 704
732 733
732 999
732 1135
732 1384
732 1488
732 2103
733 2186
734 354
734 506
734 816
735 29
735 1080
736 812
736 1080
736 1380
736 2031
737 1205
737 1703
738 262
738 484
738 1498
738 1781
739 67
739 1803
739 1909
740 358
740 956
740 1248
740 1938
741 273
741 554
741 1453
741 1456
741 2176
742 37
742 1916
742 1955
742 2304
743 130
743 653
743 717
743 1178
743 1620
743 1700
743 2035
743 2332
744 336
744 875
744 960
744 1442
744 1799
744 2048
745 905
745 1389
745 2255
745 2493
747 861
747 1245
748 535
748 707
749 640
749 780
749 1723
749 1998
750 2235
750 2267
751 242
751 745
751 1336
751 1379
751 1454
751 2451
752 407
752 416
752 1722
752 1902
753 106
753 311
753 406
753 1219
753 1834
754 381
754 390
754 955
754 967
754 1267
754 1779
754 2031
755 88
755 168
755 1064
755 1520
756 1019
756 2031
757 1474
758 372
758 977
758 1725
758 2348
759 498
759 659
759 1468
759 1669
759 2151
760 235
760 859
760 1265
760 1562
760 1651
761 53
761 1282
761 1374
761 1426
761 1733
761 1790
761 2425
761 2472
762 816
762 1296
762 1633
763 309
763 707
763 710
763 1488
763 1547
763 1598
763 1827
763 1832
764 347
764 1012
764 1969
764 2168
765 607
765 1823
766 516
766 701
766 1228
766 1413
766 2463
767 1441
767 2307
767 2374
768 445
768 1251
768 1426
768 1601
769 997
769 2374
770 127
770 136
770 1041
770 1777
770 1960
770 2036
770 2180
771 1004
771 1112
771 1120
771 1284
771 1368
771 1802
772 275
772 1308
772 1506
773 688
773 1006
773 1269
774 227
774 313
774 1699
775 532
775 2269
776 1681
777 449
777 1315
777 2153
777 2203
778 278
778 670
778 1827
779 454
779 464
779 945
779 1321
779 1500
779 2124
779 2499
780 1143
780 1543
780 1598
780 1836
781 1126
781 1456
781 1494
781 1884
781 2036
781 2291
782 275
782 334
782 459
782 849
782 1355
783 100
783 253
783 393
783 1239
783 2056
783 2157
784 416
784 1103
784 2358
785 334
785 350
785 1569
786 304
787 433
787 789
787 1929
788 948
788 1098
788 1382
788 1604
788 1656
788 2237
789 1698
790 1269
790 1946
790 1958
791 955
791 1734
792 302
792 350
792 990
793 1817
793 2153
793 2186
793 2373
794 123
794 406
794 431
795 530
795 597
795 674
795 788
795 1565
796 554
796 882
796 1144
796 1204
796 1347
796 1404
796 1637
796 2445
797 37
797 138
797 567
797 1126
797 1363
797 2216
798 74
798 1034
798 1826
799 438
799 1282
799 2029
799 2050
800 38
800 332
800 1535
800 1601
800 1788
800 2470
801 24
801 764
801 1636
801 2005
801 2380
802 59
802 767
802 1021
803 337
803 1178
803 1293
803 1341
804 198
805 391
805 833
805 929
805 1375
805 1916
806 513
806 1175
806 1942
807 260
807 303
807 1006
807 1743
807 2094
807 2224
808 529
808 1222
808 2262
809 294
809 1292
810 618
810 2071
810 2168
811 1396
811 1780
811 1904
812 293
812 740
812 1758
812 1898
813 155
813 236
813 322
813 548
813 1168
813 1265
813 1295
813 1392
813 1417
813 2128
814 170
814 1810
814 1939
814 2082
815 677
815 790
815 1560
815 1939
816 1095
816 1666
817 541
817 739
817 1570
818 966
818 1203
818 1403
818 1796
818 1876
818 1984
819 434
819 1666
820 1272
820 2466
820 2487
821 259
821 286
821 439
821 1129
821 1131
821 1135
821 1146
821 1920
821 2030
821 2351
822 3
822 1562
822 1566
822 2076
823 124
823 234
823 286
823 2171
824 790
825 374
825 390
825 572
825 1278
825 1924
826 1514
826 1607
826 2193
827 321
827 383
827 712
827 1336
827 2181
827 2236
827 2295
827 2436
828 663
828 862
828 1401
828 2199
828 2480
829 1012
829 1210
829 1349
829 1766
829 2223
830 185
830 213
830 1432
830 1477
830 1907
831 283
831 1060
831 2179
831 2388
831 2431
832 14
832 401
832 1430
832 1831
833 260
833 1314
833 1505
833 2427
834 1787
834 1981
835 717
835 922
835 1198
835 1322
835 1649
836 1239
836 2014
836 2263
836 2282
837 478
837 742
837 1008
837 1743
837 1994
838 731
838 1193
838 1564
839 891
839 1941
839 2168
839 2171
839 2267
839 2276
840 216
840 1361
840 1749
840 1804
840 2498
841 242
841 317
841 1539
841 1546
841 1912
841 2157
841 2399
842 348
842 1016
842 1633
843 355
843 963
844 15
844 19
844 112
844 850
844 1561
844 2399
845 1322
845 2002
846 593
846 2296
846 2412
847 684
847 738
848 961
848 1760
848 1828
848 2415
849 80
849 742
849 1460
849 1748
849 1892
850 1227
850 1859
850 2041
850 2292
850 2473
851 112
851 114
851 529
851 797
851 1489
851 1544
851 2241
852 52
852 377
852 1578
852 2298
853 77
853 1855
854 146
854 283
854 302
854 1321
855 702
856 98
856 586
856 607
856 992
856 2012
856 2124
856 2433
857 1514
857 1517
858 992
858 1705
858 2275
859 650
859 719
859 863
859 1774
859 2110
859 2271
860 1103
860 1344
860 2072
860 2125
860 2218
860 2303
860 2390
861 140
861 176
861 608
861 693
861 1012
861 1907
862 795
862 854
862 1529
862 2294
863 113
863 856
863 903
863 1064
863 1991
863 2028
864 1040
864 1284
864 1849
865 206
865 933
865 1687
865 2481
866 52
866 836
866 1010
866 1070
866 1709
866 1789
866 2323
866 2356
867 151
867 233
867 879
867 1280
867 1372
867 1587
867 1929
867 2192
868 321
868 1431
868 2026
868 2167
869 28
869 554
869 757
869 2292
870 466
870 674
870 731
870 1017
870 1920
870 1935
870 2242
871 482
871 1625
871 1737
871 2321
872 368
872 488
872 1036
872 1119
872 1345
872 2010
873 305
873 420
873 507
873 693
873 1123
873 2110
873 2162
873 2255
874 220
875 458
875 1084
875 1211
875 1551
875 2355
876 84
876 738
876 909
876 964
876 1247
876 1295
876 1448
876 2145
877 521
877 1296
877 1310
877 1680
877 2351
878 1834
878 2412
879 1644
879 1682
879 1775
879 2058
879 2196
879 2378
879 2456
880 69
880 375
880 513
880 1148
880 2243
881 1024
881 1149
881 1738
881 1754
881 1771
881 1971
881 2464
882 961
882 1143
882 1742
882 2368
883 902
884 70
884 408
884 1499
884 1990
885 950
885 1041
885 1892
886 298
886 727
886 1269
886 1660
886 1936
886 2473
887 873
887 1164
888 124
888 696
888 787
888 955
888 1148
888 1425
889 858
889 1343
889 1720
890 1604
890 2083
891 783
891 2037
891 2350
892 323
892 860
893 812
893 1422
894 281
894 360
894 556
894 1148
894 1397
894 1410
894 1835
894 2023
894 2312
894 2431
895 350
895 428
895 561
895 805
895 968
895 1096
895 1145
895 2424
896 76
896 608
896 1345
896 2369
897 490
897 561
897 1855
897 2038
898 1722
898 2315
899 271
899 677
899 808
899 863
899 1370
899 1515
899 1579
900 2391
901 908
901 1238
901 1676
901 1819
902 164
902 634
902 1129
902 1718
903 391
903 1933
903 1978
904 287
904 553
904 700
904 804
904 1138
904 1182
904 1711
904 1814
905 1903
905 1983
905 2116
906 12
906 932
906 1879
907 833
907 1862
907 1917
907 2344
908 750
908 792
908 1484
908 1758
909 297
909 728
910 76
910 2019
910 2176
911 123
911 145
911 204
912 12
912 530
912 718
913 196
913 267
913 369
913 465
913 634
913 1288
913 1930
913 2011
914 844
914 1426
914 1778
914 1993
915 229
915 1169
915 1462
915 1842
915 2229
916 224
916 586
916 670
916 996
916 1140
917 166
917 1195
917 1428
918 192
918 1423
918 1997
919 284
919 622
920 285
920 1030
920 1055
920 1133
920 1524
920 1674
920 1785
920 1794
920 1867
921 590
921 825
921 1033
921 1759
921 1826
921 2355
921 2484
922 161
922 2154
922 2282
923 1292
924 604
924 936
924 996
924 1248
925 310
925 988
925 2109
926 217
926 589
926 1205
927 935
927 1381
927 1813
927 2478
929 2257
930 148
930 604
930 672
930 1306
931 292
931 1118
931 2203
932 220
932 477
932 851
932 1139
932 1517
932 1955
932 2298
932 2427
933 270
933 715
933 1361
933 1370
933 2379
934 371
934 719
934 1647
934 1732
934 1814
934 1825
934 1864
934 2278
935 347
935 467
935 863
936 37
936 963
936 1305
937 14
937 277
937 307
937 397
937 1561
937 2220
938 1852
938 1881
938 2136
939 1385
939 1688
939 1744
939 1856
939 2400
939 2408
940 1498
940 1572
940 1655
940 1972
941 1015
941 2028
942 25
942 678
942 900
942 2004
942 2130
943 119
943 328
943 619
943 725
943 877
943 1221
943 1549
944 264
944 553
944 1273
944 1990
944 2293
945 842
945 1576
945 1925
946 782
946 1340
946 1444
946 1603
947 299
947 423
947 824
947 1001
948 1503
949 204
949 241
949 432
949 523
949 1127
949 1554
949 1769
949 2184
950 525
950 1490
950 1694
951 528
951 960
951 1027
951 1400
951 2150
952 43
952 1808
952 2312
952 2351
952 2480
953 158
953 831
953 1856
953 2401
954 861
954 986
954 1189
954 1980
955 1337
955 1766
955 2197
956 429
956 570
956 851
957 35
957 1012
957 1480
957 1565
957 1974
958 1563
958 1802
958 1973
959 87
960 305
960 1405
960 1523
961 196
961 359
961 429
961 1352
961 1378
961 1822
961 1893
961 2279
962 133
962 1519
962 1593
962 1993
963 239
963 653
963 989
963 1762
964 1637
964 1967
964 2155
964 2402
965 1238
965 2070
966 587
966 1164
966 1649
966 1981
967 818
967 1166
967 2413
967 2462
968 69
968 463
968 497
968 654
968 1489
968 1907
968 2046
969 429
969 627
969 1456
969 1895
969 1967
970 262
970 332
970 651
970 735
970 855
970 2288
971 426
971 660
971 1490
972 1874
973 112
973 583
973 1260
973 1958
973 1991
973 2197
973 2214
974 215
974 704
974 886
974 980
974 1319
974 1652
974 1929
974 2368
975 692
976 1212
976 1470
976 1600
976 1748
976 1942
976 2110
977 1306
977 1589
977 1919
977 2364
977 2494
978 1096
978 2336
979 306
979 334
979 1212
979 1804
979 1939
979 2406
980 684
980 1073
980 1080
980 1156
980 1503
981 89
981 2351
982 278
982 1078
982 1672
982 1921
983 901
983 1649
983 2250
984 87
984 816
984 1328
984 1371
984 1630
984 2021
985 754
985 840
985 1202
985 1355
985 2146
985 2341
986 176
986 859
986 1099
986 1343
986 1620
986 1625
986 1711
987 254
987 1347
987 1599
988 630
988 1557
989 741
989 1026
989 1394
989 1707
989 1840
989 2311
990 51
990 2103
990 2362
990 2393
991 500
991 516
992 322
992 1042
992 1177
992 1687
992 2158
993 525
993 981
993 1590
994 2
994 649
994 1843
995 22
995 358
995 470
995 1506
995 1700
995 2042
996 967
996 1418
996 1719
996 2301
997 478
997 772
997 965
997 2011
997 2449
998 182
998 415
998 609
998 768
998 1255
998 2047
999 135
999 447
999 1925
999 2215
1000 253
1000 1194
1000 1782
1000 1918
1000 2131
1001 153
1001 356
1001 477
1001 656
1001 733
1001 1887
1002 266
1002 1901
1002 1952
1002 2249
1002 2281
1002 2358
1003 327
1003 527
1003 1240
1003 1501
1003 1635
1004 233
1004 1670
1004 2422
1005 1
1005 62
1005 178
1005 658
1005 1106
1005 1308
1005 1392
1006 166
1006 318
1006 1151
1007 38
1007 432
1007 726
1007 2194
1007 2437
1008 860
1008 1219
1008 1955
1009 790
1009 836
1009 844
1009 1136
1009 1518
1009 1569
1009 1609
1009 1645
1009 1765
1009 2462
1010 191
1011 89
1011 846
1011 2395
1013 75
1013 1091
1013 1275
1013 1464
1013 1567
1014 1150
1014 1223
1014 2091
1014 2328
1014 2440
1015 2051
1016 789
1016 2083
1017 515
1017 1205
1017 1529
1017 1731
1017 2072
1018 479
1018 1247
1018 1264
1018 2399
1018 2436
1019 73
1019 237
1019 241
1019 991
1019 2318
1020 290
1020 1152
1020 1545
1021 163
1021 185
1021 840
1021 1295
1021 1461
1021 1866
1021 2046
1022 329
1022 989
1022 2123
1023 161
1023 1334
1023 1823
1024 402
1024 1182
1024 2422
1025 1107
1025 1134
1025 1154
1026 44
1026 94
1027 197
1027 198
1027 537
1027 1261
1027 1550
1027 2369
1028 689
1028 1755
1028 2286
1029 460
1029 1544
1029 1840
1029 2137
1030 42
1030 317
1030 1471
1030 1763
1031 1398
1032 310
1032 417
1032 1224
1033 20
1033 795
1033 817
1034 4
1034 659
1034 750
1034 928
1035 546
1035 1164
1035 1437
1036 6
1036 176
1036 372
1036 811
1036 1141
1036 1559
1036 2358
1037 387
1037 1392
1037 1481
1037 2250
1038 591
1038 873
1038 910
1038 1423
1038 2415
1039 90
1039 511
1039 1711
1039 1743
1040 47
1040 72
1040 130
1040 283
1040 502
1041 1321
1041 1441
1041 1990
1041 2425
1042 448
1042 705
1042 1008
1042 1065
1042 1313
1042 1862
1043 202
1043 1328
1044 3
1044 418
1044 699
1044 1254
1044 1501
1044 1531
1044 2063
1045 746
1045 1202
1045 2122
1046 662
1046 766
1046 898
1046 2264
1047 1199
1047 2056
1047 2113
1048 422
1048 1029
1048 1821
1048 2174
1048 2386
1048 2450
1049 1657
1049 1706
1049 1786
1049 2242
1049 2325
1050 730
1050 2034
1050 2251
1050 2376
1051 1003
1051 1884
1052 205
1052 409
1052 440
1052 447
1052 736
1052 1410
1052 1554
1052 2250
1053 950
1053 1973
1053 2246
1055 157
1055 397
1055 447
1055 461
1055 1307
1055 1327
1055 1984
1055 2060
1055 2072
1055 2345
1055 2450
1056 948
1057 584
1057 1458
1057 1511
1057 1831
1057 1957
1058 722
1058 780
1058 1157
1058 2366
1059 91
1059 155
1059 533
1059 736
1059 1349
1059 1443
1059 1608
1059 1627
1059 1979
1060 598
1060 993
1060 1404
1060 1720
1060 1837
1060 2232
1061 277
1061 2155
1063 518
1063 954
1063 1565
1063 1855
1064 1148
1064 1528
1064 2222
1064 2444
1065 258
1065 587
1065 1593
1065 1802
1066 43
1066 512
1066 1857
1066 2460
1067 2010
1067 2335
1068 52
1068 120
1068 1347
1069 194
1069 393
1069 394
1069 1354
1069 1809
1069 2014
1069 2497
1070 680
1070 907
1070 1970
1071 838
1071 1478
1071 2125
1071 2266
1071 2321
1072 69
1072 2010
1073 1967
1074 1161
1074 1394
1074 1438
1074 1655
1075 800
1075 1175
1076 1214
1076 1431
1076 1585
1076 2222
1076 2364
1077 625
1077 1033
1077 1147
1078 432
1078 561
1078 595
1078 1069
1079 5
1079 914
1079 947
1079 1333
1079 1995
1079 2423
1080 113
1080 354
1080 434
1080 870
1080 883
1080 1761
1081 595
1081 2186
1081 2225
1082 165
1082 650
1082 1351
1082 1951
1083 113
1083 1608
1083 1920
1083 2226
1084 212
1084 365
1084 778
1084 2348
1085 202
1086 545
1086 606
1086 912
1086 1271
1086 1406
1087 264
1087 462
1087 1432
1087 1935
1087 2111
1088 66
1088 1051
1088 1815
1088 2438
1089 930
1089 998
1089 1038
1089 1680
1089 1719
1089 1739
1089 2226
1089 2343
1090 207
1090 556
1090 1645
1091 371
1091 410
1091 944
1091 1228
1091 1843
1092 123
1092 1622
1093 89
1093 1054
1093 1107
1094 667
1094 1243
1094 1930
1094 2272
1095 87
1095 805
1095 984
1095 1164
1095 1501
1095 2477
1096 300
1096 1320
1097 646
1097 749
1097 2291
1097 2405
1097 2442
1098 543
1098 935
1098 2159
1098 2309
1099 704
1100 214
1100 1138
1100 2032
1100 2310
1100 2483
1101 109
1101 901
1101 1504
1102 1033
1102 1425
1102 1632
1102 1689
1102 1956
1102 2255
1102 2413
1103 636
1103 1489
1103 1531
1103 2019
1103 2109
1103 2244
1103 2316
1103 2396
1104 39
1104 451
1104 710
1104 2012
1104 2099
1105 118
1105 512
1105 937
1105 2110
1106 881
1106 1046
1106 1282
1106 1579
1106 1894
1107 152
1107 316
1107 1052
1107 2016
1108 1449
1108 2138
1109 201
1109 635
1109 807
1109 920
1109 977
1109 1791
1110 541
1110 644
1110 1226
1110 1760
1111 493
1111 1077
1112 1303
1112 2107
1113 1246
1113 1499
1113 1626
1113 2143
1114 599
1115 1259
1115 1903
1115 2127
1116 2209
1117 68
1117 422
1117 2113
1117 2121
1117 2293
1118 816
1118 1239
1118 1366
1119 111
1119 286
1119 542
1119 743
1119 1026
1119 2130
1119 2169
1120 622
1120 634
1120 657
1120 1390
1120 1949
1121 182
1121 472
1121 1331
1122 139
1122 246
1122 1195
1122 2014
1122 2117
1123 1360
1123 2102
1124 227
1124 238
1124 423
1124 2263
1125 281
1125 969
1125 1189
1125 1531
1125 2398
1126 460
1126 1077
1126 1534
1126 1574
1126 2132
1127 20
1127 745
1127 1786
1127 2057
1127 2479
1128 208
1128 432
1128 878
1128 1830
1128 2165
1128 2500
1129 1898
1129 2076
1130 233
1130 2010
1130 2018
1130 2093
1130 2474
1131 650
1132 416
1132 625
1132 973
1132 1450
1132 1713
1132 1750
1132 1997
1132 2081
1133 121
1133 917
1133 1752
1133 1896
1134 133
1134 194
1134 198
1134 1673
1134 1681
1135 97
1135 825
1135 1226
1135 1639
1135 2474
1136 195
1136 2059
1137 453
1137 1072
1137 1856
1138 1955
1138 2096
1138 2194
1138 2220
1138 2310
1138 2458
1139 1068
1139 1304
1139 1418
1139 1497
1139 1781
1139 2296
1140 111
1140 1859
1140 2166
1140 2227
1141 282
1141 1085
1141 1261
1141 1338
1142 10
1142 468
1142 534
1142 931
1142 1892
1142 2243
1142 2313
1143 1131
1143 1481
1143 1600
1143 1610
1143 1752
1143 1808
1144 162
1144 380
1144 387
1144 548
1144 1276
1144 1517
1144 1862
1145 448
1145 550
1145 1427
1145 1502
1145 2460
1146 209
1146 549
1146 955
1146 1810
1147 81
1147 448
1147 458
1147 1044
1147 1450
1147 1701
1147 2183
1148 279
1148 2149
1149 1573
1150 195
1150 369
1150 688
1150 1034
1150 1243
1150 1529
1150 1904
1151 731
1151 1000
1151 1301
1151 1332
1151 1530
1151 1589
1151 2113
1151 2228
1152 610
1152 710
1152 730
1152 1050
1152 1112
1152 2200
1153 466
1153 1777
1153 1837
1153 2066
1153 2299
1154 323
1154 1124
1154 1629
1154 1783
1155 399
1155 580
1155 1485
1155 1652
1155 1790
1156 84
1156 1781
1156 2060
1156 2282
1157 779
1157 1061
1157 1269
1158 743
1158 1727
1158 2031
1160 242
1160 804
1161 726
1161 1109
1161 1169
1161 1213
1161 1515
1161 1783
1161 1978
1162 272
1162 612
1163 1226
1163 1253
1163 2392
1164 547
1164 1483
1164 1945
1165 511
1165 956
1165 1492
1166 241
1166 1265
1166 1722
1166 2100
1167 153
1167 432
1167 1371
1167 1509
1167 1908
1168 8
1168 899
1168 1402
1168 1521
1168 1807
1168 1893
1168 2175
1169 176
1169 194
1169 887
1169 1080
1170 886
1170 1194
1170 1364
1171 108
1171 715
1171 1230
1171 1628
1171 2220
1172 121
1172 232
1172 700
1172 991
1173 433
1173 787
1173 2142
1173 2418
1174 263
1174 368
1175 386
1176 101
1176 886
1176 898
1176 1115
1177 368
1177 1097
1177 1421
1177 1522
1178 1138
1178 2265
1179 294
1179 415
1179 562
1179 1201
1180 459
1180 485
1180 831
1180 969
1180 1214
1180 1548
1180 1784
1181 361
1181 565
1181 633
1181 695
1181 1154
1181 1501
1181 1768
1181 2462
1182 107
1182 441
1182 881
1182 1558
1182 1687
1182 2215
1182 2238
1183 89
1183 559
1183 775
1183 1923
1183 1986
1183 2270
1184 1290
1185 595
1185 668
1186 549
1186 826
1186 1307
1186 1605
1186 1819
1186 2055
1187 31
1187 197
1187 1550
1187 2259
1188 1385
1188 2203
1190 728
1190 904
1190 951
1190 2048
1191 1226
1191 1466
1191 2125
1191 2268
1192 608
1192 1792
1193 2064
1195 123
1195 1485
1195 1641
1196 1302
1196 1802
1196 2117
1196 2246
1196 2410
1197 509
1197 1321
1197 1809
1198 625
1198 860
1198 1390
1198 2192
1199 76
1199 968
1199 2278
1200 192
1200 648
1200 655
1200 965
1200 1072
1200 1248
1201 607
1201 1634
1201 1798
1202 27
1202 1361
1202 2051
1202 2181
1203 320
1203 526
1203 1115
1204 229
1204 336
1204 376
1204 606
1204 770
1204 851
1204 941
1205 191
1205 1186
1205 1937
1205 2121
1206 103
1207 1767
1207 1913
1208 531
1208 2098
1208 2126
1208 2360
1209 385
1209 1977
1209 2294
1210 1865
1211 149
1211 1447
1211 2370
1212 210
1212 1480
1213 812
1213 1223
1213 1706
1213 2235
1214 580
1214 2444
1215 629
1216 243
1216 587
1216 1238
1216 1724
1216 1809
1217 1229
1217 1873
1217 2252
1218 161
1218 1614
1218 1673
1218 2331
1219 1517
1220 277
1220 566
1220 1591
1221 127
1221 529
1221 1315
1221 1373
1221 2446
1222 356
1222 818
1222 1192
1222 2333
1223 313
1223 986
1223 1482
1223 2408
1224 1219
1225 703
1225 1412
1225 1972
1226 379
1226 856
1226 1401
1226 2395
1227 361
1227 483
1227 756
1227 1360
1227 2082
1227 2227
1227 2390
1228 31
1228 824
1228 1148
1228 1242
1228 1718
1230 19
1230 438
1230 2115
1231 43
1231 57
1231 455
1231 1333
1232 1378
1232 1859
1232 2065
1233 545
1233 1491
1233 2305
1233 2311
1234 1438
1234 1922
1234 1942
1235 331
1235 432
1235 721
1235 1419
1235 2423
1236 127
1236 278
1236 358
1236 400
1236 451
1236 1191
1236 1716
1237 2037
1238 110
1238 873
1238 1771
1238 2443
1239 36
1239 941
1239 971
1239 2262
1240 63
1240 368
1240 685
1240 1111
1240 1350
1240 1862
1240 1894
1241 246
1241 324
1241 1396
1241 1852
1241 1878
1241 1892
1241 2049
1242 319
1242 938
1242 1007
1242 1397
1242 2007
1243 313
1243 896
1243 1447
1243 1717
1243 2434
1244 824
1244 1346
1244 1523
1244 1588
1244 2019
1244 2350
1245 137
1245 234
1245 429
1245 437
1245 575
1245 790
1245 2136
1246 524
1246 959
1246 1302
1246 1913
1247 2043
1248 618
1248 907
1248 974
1248 1254
1248 2358
1249 102
1249 667
1249 1174
1249 1235
1249 1708
1249 2127
1250 716
1250 720
1250 1998
1250 2307
1251 801
1251 1417
1251 1477
1251 1585
1251 2153
1252 296
1252 950
1252 1115
1252 1362
1253 1182
1253 1277
1253 1291
1253 1310
1253 1872
1254 1332
1254 1357
1254 2156
1255 545
1255 1771
1255 1902
1255 2306
1256 392
1256 1131
1256 1513
1257 78
1257 276
1257 468
1257 1158
1257 1398
1257 1610
1258 1837
1258 1933
1259 155
1259 196
1259 394
1259 1098
1259 2225
1259 2383
1260 160
1260 222
1260 627
1260 646
1260 705
1261 107
1261 607
1261 1884
1261 2216
1261 2287
1262 331
1262 565
1262 1701
1262 1767
1263 363
1263 380
1263 531
1263 1237
1263 2272
1264 476
1264 681
1264 722
1265 1157
1265 1477
1266 106
1266 634
1266 1270
1266 1319
1266 1360
1266 2179
1266 2276
1266 2493
1267 19
1267 325
1267 630
1267 745
1267 834
1267 1511
1267 2145
1268 568
1268 1527
1268 1997
1268 2207
1269 596
1269 1278
1269 1327
1269 1439
1269 1956
1269 2364
1270 415
1270 577
1271 1655
1271 1657
1271 1720
1271 1827
1273 424
1273 1031
1273 2059
1274 713
1274 996
1274 2040
1274 2495
1275 723
1275 1194
1275 2244
1275 2290
1276 1069
1276 1690
1277 100
1277 150
1277 532
1277 687
1277 2291
1277 2457
1278 1104
1278 2495
1279 1288
1280 1072
1280 1446
1280 1579
1280 1934
1280 2248
1281 1309
1281 1585
1281 1728
1282 186
1282 584
1282 1196
1282 1331
1282 2270
1283 1875
1283 2384
1284 24
1284 289
1284 1309
1285 67
1285 1301
1285 1413
1285 2182
1286 86
1286 1106
1286 1258
1286 1739
1286 2426
1287 213
1287 227
1287 233
1287 238
1287 510
1287 690
1287 1386
1287 1646
1287 1884
1288 436
1289 781
1289 1259
1289 1613
1289 1723
1289 1924
1289 2315
1290 315
1290 424
1290 1542
1290 1556
1290 1739
1291 676
1291 720
1291 1120
1291 1568
1291 2102
1292 1296
1292 1483
1292 2139
1292 2349
1293 2036
1294 774
1294 2118
1295 92
1295 600
1295 1042
1295 1154
1295 1344
1295 1455
1296 817
1296 1641
1296 1734
1296 1846
1296 2210
1296 2249
1297 987
1297 1369
1297 1598
1297 2175
1297 2190
1298 547
1298 676
1298 1194
1299 1029
1299 1940
1299 2417
1300 467
1300 504
1300 607
1300 817
1300 997
1300 1918
1301 666
1301 749
1302 336
1302 486
1302 1910
1303 1036
1303 1419
1303 1935
1304 1116
1304 1591
1305 263
1305 657
1305 660
1305 1817
1306 100
1306 1028
1306 2248
1306 2488
1307 577
1307 867
1307 1452
1308 105
1308 1156
1308 2272
1309 243
1309 684
1309 980
1309 986
1309 2088
1310 595
1310 979
1310 994
1310 2003
1310 2324
1311 332
1311 429
1311 1678
1312 19
1312 488
1312 942
1312 1085
1312 1145
1312 2143
1312 2227
1313 1188
1313 1446
1314 698
1314 1106
1314 1230
1314 2115
1314 2298
1315 327
1315 1181
1315 1460
1315 1768
1315 1911
1316 1515
1316 2138
1316 2369
1317 213
1317 295
1317 331
1317 789
1317 926
1317 1470
1317 2255
1317 2332
1318 1361
1318 1419
1318 1906
1318 1978
1318 2247
1319 1740
1320 875
1320 1584
1320 1658
1320 2131
1320 2199
1320 2337
1321 1402
1322 348
1322 674
1322 2139
1322 2475
1323 549
1323 794
1323 1567
1323 1747
1323 2141
1323 2167
1324 1726
1324 1788
1324 2193
1324 2221
1324 2279
1325 2244
1326 428
1326 1101
1326 1485
1326 1509
1327 984
1327 1590
1328 397
1328 694
1328 787
1328 918
1328 2116
1328 2157
1328 2420
1329 1190
1329 2218
1329 2447
1330 554
1330 1583
1330 1849
1331 189
1331 537
1331 1362
1331 1984
1332 1818
1332 1918
1332 2209
1332 2263
1333 573
1333 1036
1333 1504
1333 1810
1333 2053
1333 2083
1333 2265
1334 717
1334 2482
1335 16
1335 171
1335 903
1336 28
1336 1013
1336 1362
1336 1380
1336 1667
1336 1965
1336 2336
1337 579
1337 747
1337 1688
1337 1784
1338 772
1338 1124
1338 1610
1338 2248
1339 616
1339 1493
1339 2404
1340 39
1340 482
1340 922
1340 1837
1341 240
1341 1072
1341 1108
1341 1393
1341 1516
1341 2339
1342 541
1342 618
1342 679
1342 1361
1342 2081
1342 2435
1343 425
1343 1579
1343 1610
1343 1631
1343 2366
1344 297
1344 1927
1345 780
1345 1641
1345 1648
1346 357
1346 663
1346 666
1346 756
1346 2018
1346 2153
1348 47
1348 510
1348 2429
1349 1263
1349 1371
1349 1585
1349 1802
1350 454
1350 510
1350 1538
1350 1733
1350 1760
1350 2071
1351 474
1351 488
1351 626
1351 1079
1351 1264
1351 1647
1351 1823
1351 1974
1352 458
1352 1270
1352 2409
1353 833
1353 1115
1353 1136
1353 1148
1353 1160
1353 1202
1353 1914
1353 2382
1353 2390
1354 596
1354 1120
1354 1176
1354 1331
1354 1499
1354 2171
1355 970
1355 1121
1355 1378
1356 294
1356 2472
1357 470
1357 484
1357 1302
1358 82
1358 123
1358 258
1358 421
1359 46
1359 193
1359 2476
1360 413
1360 549
1360 758
1360 1275
1360 2126
1360 2452
1360 2455
1361 2030
1362 546
1362 805
1362 959
1363 18
1363 1136
1363 2179
1363 2425
1364 1096
1364 1896
1364 2049
1364 2409
1365 348
1365 952
1365 954
1365 981
1365 1540
1365 1642
1365 1736
1365 1916
1366 234
1366 1143
1366 1443
1367 389
1368 1380
1368 1445
1368 1934
1368 2184
1368 2371
1369 130
1369 599
1369 1591
1370 1152
1370 1325
1370 1964
1371 238
1371 469
1371 819
1371 1310
1372 111
1372 271
1372 712
1372 713
1372 951
1372 988
1372 1745
1372 2171
1373 351
1373 1318
1373 1838
1373 2231
1373 2342
1374 306
1374 896
1374 1411
1374 1419
1374 1880
1374 1960
1375 988
1375 1261
1375 1841
1376 1195
1376 1828
1376 1952
1376 2127
1377 133
1377 252
1377 916
1377 1220
1378 657
1378 1537
1378 1559
1378 1607
1378 2300
1379 674
1379 928
1379 962
1379 1088
1379 1562
1379 2128
1379 2234
1380 104
1380 145
1380 1019
1380 2153
1380 2387
1381 93
1381 731
1381 972
1381 1514
1381 1811
1382 21
1382 310
1382 1426
1382 1705
1383 1254
1384 487
1384 545
1384 1874
1385 979
1385 1046
1385 1155
1385 1865
1385 2092
1385 2138
1385 2156
1386 556
1387 15
1387 277
1387 784
1387 1641
1388 607
1388 1012
1388 1521
1388 1656
1388 1959
1388 2123
1389 288
1389 293
1389 324
1389 930
1389 1070
1389 1683
1389 1916
1390 20
1390 157
1390 694
1390 720
1390 757
1390 1447
1390 1770
1391 278
1391 396
1391 561
1391 609
1391 741
1391 1781
1391 1820
1391 1904
1392 1131
1392 1165
1392 1941
1393 799
1393 861
1393 1688
1393 1986
1393 2244
1393 2424
1394 247
1394 864
1394 1647
1394 1671
1394 1938
1394 2166
1394 2323
1395 184
1395 711
1395 765
1395 2235
1396 129
1396 272
1396 917
1396 1437
1397 465
1397 953
1397 1386
1397 2056
1398 833
1398 1648
1398 1731
1399 606
1399 940
1399 961
1399 1711
1399 2488
1400 2005
1400 2271
1401 713
1401 1449
1401 1474
1401 1988
1402 1957
1402 2316
1402 2339
1403 8
1403 438
1403 529
1403 620
1404 937
1404 1305
1404 2073
1404 2288
1405 343
1405 1002
1405 2387
1406 602
1406 1195
1406 1257
1406 2222
1407 47
1407 941
1407 959
1407 1235
1407 1388
1407 1504
1407 1865
1408 444
1408 1542
1408 1594
1408 1859
1408 1933
1409 237
1409 832
1409 921
1410 479
1410 660
1410 672
1410 1788
1410 2174
1411 480
1411 695
1411 722
1411 932
1411 1580
1411 2158
1411 2213
1412 1274
1412 1611
1412 1865
1412 1983
1413 95
1413 782
1413 929
1413 1151
1413 1331
1413 1691
1413 1976
1414 258
1414 453
1414 1071
1414 1599
1414 1822
1415 110
1415 1376
1416 81
1416 677
1416 1324
1416 2059
1416 2448
1417 1197
1417 1756
1418 27
1418 283
1418 501
1418 514
1418 684
1418 1794
1418 1865
1418 2126
1418 2332
1419 177
1419 310
1419 485
1419 1501
1419 1606
1420 47
1420 381
1420 458
1420 1001
1420 1340
1420 1897
1420 2167
1421 452
1421 659
1421 1778
1422 16
1422 547
1422 865
1422 1124
1422 2286
1423 2112
1424 584
1424 1409
1424 1561
1424 1779
1424 2032
1425 114
1425 523
1425 625
1426 145
1426 246
1426 391
1426 840
1426 2390
1427 8
1427 463
1427 834
1427 1248
1427 1292
1427 1328
1427 1718
1427 1751
1427 1957
1428 98
1428 280
1428 1904
1429 409
1429 766
1429 899
1429 1785
1430 368
1430 482
1430 612
1430 1107
1430 1969
1430 2394
1431 1632
1432 320
1432 728
1432 818
1432 1614
1432 1717
1433 1027
1433 2288
1434 277
1434 402
1434 929
1434 1546
1434 1595
1435 457
1435 944
1435 1938
1435 2186
1436 310
1436 516
1437 260
1437 357
1437 417
1437 964
1437 1264
1437 1359
1437 1998
1437 2405
1438 597
1438 862
1438 1473
1438 1931
1438 2146
1438 2380
1440 321
1440 1201
1440 1203
1440 1206
1440 1377
1440 2013
1440 2289
1441 1788
1441 1998
1442 185
1442 262
1442 1584
1443 216
1443 534
1443 702
1443 819
1443 1052
1443 1247
1443 1504
1444 209
1444 992
1444 1544
1445 54
1445 383
1445 1346
1445 1823
1445 1847
1445 1887
1446 1799
1446 1927
1446 2321
1446 2406
1447 77
1447 1543
1447 2017
1447 2107
1447 2161
1448 1260
1448 1542
1448 2365
1449 235
1449 644
1449 900
1449 2375
1449 2382
1450 232
1450 663
1450 785
1450 2076
1451 567
1451 2153
1451 2214
1452 167
1452 1739
1453 821
1453 2407
1454 701
1455 734
1455 863
1455 1796
1455 2237
1455 2484
1456 519
1456 982
1457 801
1457 1438
1458 528
1458 1780
1458 1832
1459 748
1459 1166
1459 1572
1459 2203
1460 98
1460 453
1460 865
1460 1361
1460 1577
1460 1943
1461 133
1461 692
1461 802
1461 855
1461 1339
1461 1725
1461 1958
1461 2200
1461 2234
1461 2348
1462 391
1462 418
1462 706
1462 2086
1463 319
1463 1406
1463 1588
1463 1729
1463 1839
1463 2421
1464 402
1464 1781
1464 2096
1464 2161
1465 664
1465 690
1465 2174
1466 324
1466 432
1466 2264
1467 723
1467 764
1467 987
1468 1082
1468 1184
1468 1762
1468 1895
1468 2461
1468 2491
1469 101
1469 926
1469 965
1469 1125
1469 1272
1469 1939
1470 213
1470 1051
1470 1144
1470 1847
1470 2126
1470 2338
1471 262
1471 1753
1471 2338
1472 80
1472 257
1472 561
1472 1298
1472 1528
1473 163
1473 1514
1473 1944
1474 80
1474 133
1474 474
1474 762
1474 1507
1474 1816
1475 967
1475 1756
1476 1027
1476 1406
1476 1542
1477 231
1477 668
1477 889
1477 2166
1477 2385
1478 581
1478 681
1478 813
1478 1509
1478 1599
1478 1976
1478 2057
1479 977
1479 1106
1479 1610
1480 1628
1480 1766
1480 1792
1481 98
1481 957
1481 1519
1481 1681
1481 2167
1481 2454
1482 659
1482 680
1482 924
1482 1168
1482 2400
1483 65
1483 781
1483 1178
1483 1451
1483 1485
1483 1766
1483 1966
1484 1552
1485 990
1485 996
1485 1761
1485 2121
1485 2288
1486 508
1486 729
1486 2425
1487 288
1487 667
1487 1563
1487 2151
1488 135
1489 230
1489 1564
1489 2085
1489 2254
1489 2300
1490 293
1490 775
1490 1077
1491 67
1491 469
1491 470
1491 780
1491 1570
1491 1964
1492 1189
1493 323
1493 1056
1493 2118
1494 164
1494 717
1494 1862
1494 2313
1495 574
1495 761
1495 904
1495 1188
1495 1243
1496 1099
1496 1228
1496 1604
1497 427
1497 738
1498 118
1498 498
1498 1425
1499 644
1499 762
1499 1002
1499 1458
1499 1753
1499 1792
1499 2272
1500 381
1500 1111
1500 1228
1500 1948
1500 1974
1500 2252
1500 2490
1501 248
1501 529
1501 1218
1501 1409
1501 1813
1501 1851
1501 2053
1502 168
1502 905
1502 1041
1502 1095
1502 1770
1502 1865
1502 2243
1503 378
1503 1048
1504 860
1504 1877
1505 386
1505 678
1505 798
1505 1102
1505 1322
1505 1325
1505 1465
1506 1747
1506 1925
1506 2151
1506 2224
1507 1405
1507 1648
1507 2362
1508 1063
1508 2212
1509 247
1509 351
1509 988
1509 2213
1509 2252
1509 2418
1511 662
1511 825
1511 2081
1512 1511
1512 2119
1512 2224
1513 159
1514 536
1514 1176
1514 1868
1514 1948
1514 2335
1514 2379
1514 2389
1515 724
1515 1302
1516 109
1516 492
1516 1508
1516 1599
1516 2122
1517 364
1517 523
1517 1707
1517 1721
1517 2475
1518 236
1518 1080
1518 1498
1518 1937
1518 2149
1518 2489
1519 9
1519 1048
1519 1767
1519 2057
1520 1026
1520 1360
1520 1590
1521 1030
1521 1764
1521 1811
1522 189
1522 546
1522 2250
1523 388
1523 991
1523 1242
1523 2319
1524 194
1524 380
1525 758
1525 1646
1525 1819
1525 1962
1526 605
1527 359
1527 1212
1527 1513
1527 1528
1527 2023
1528 289
1528 446
1528 494
1528 1187
1528 2073
1528 2194
1529 512
1530 226
1530 968
1531 290
1531 1207
1532 1140
1532 1227
1533 601
1533 760
1533 1106
1533 1620
1533 1809
1534 186
1534 235
1534 589
1534 613
1534 879
1534 1252
1534 2426
1535 618
1536 63
1536 203
1536 868
1536 1429
1536 1768
1537 1576
1538 2007
1538 2492
1539 208
1539 313
1539 1339
1539 1345
1539 1884
1539 2101
1540 1204
1540 1418
1540 1449
1541 69
1541 107
1541 444
1541 687
1541 922
1541 962
1542 196
1542 200
1542 314
1542 890
1542 1164
1542 1602
1542 1876
1543 1158
1543 1698
1543 2318
1544 1109
1544 1225
1544 1527
1544 1931
1545 651
1545 1581
1545 1692
1545 1829
1545 1934
1546 252
1546 693
1546 797
1547 1794
1547 2243
1548 1834
1548 2150
1548 2194
1549 2040
1549 2377
1549 2393
1549 2426
1550 884
1550 1199
1550 1808
1550 2359
1551 189
1551 204
1551 780
1551 832
1551 987
1551 1231
1551 1841
1551 2008
1551 2461
1552 866
1552 2314
1552 2406
1553 12
1553 695
1554 4
1554 236
1554 1624
1554 1796
1554 1858
1555 77
1555 96
1555 977
1555 1060
1555 1190
1555 1249
1555 1280
1555 2148
1556 964
1556 2065
1557 407
1557 2284
1558 356
1558 429
1558 614
1558 1019
1558 2070
1558 2362
1558 2493
1559 988
1559 2128
1560 321
1560 350
1560 867
1560 1014
1560 1305
1560 2083
1561 1010
1561 1247
1561 1750
1561 1778
1561 2195
1562 1048
1562 1253
1562 1411
1563 203
1563 339
1563 652
1563 1696
1563 2010
1564 237
1564 1633
1564 1947
1564 2447
1565 868
1565 975
1565 1081
1565 1109
1565 1525
1566 112
1566 1293
1566 1597
1567 144
1567 1939
1568 479
1568 1140
1568 2330
1568 2372
1569 1495
1569 1729
1570 199
1570 1493
1570 2195
1570 2262
1571 91
1571 342
1571 406
1571 569
1571 1257
1572 929
1573 122
1573 380
1573 994
1573 1118
1573 1303
1573 1373
1573 2157
1574 324
1574 1039
1574 1074
1574 1719
1574 1964
1574 2011
1574 2071
1575 550
1575 1077
1575 1399
1575 1455
1575 1738
1575 1916
1576 40
1576 1453
1576 1628
1576 2498
1577 1042
1577 1144
1577 1919
1577 2070
1578 714
1578 1044
1578 1629
1578 2090
1579 1177
1580 954
1580 1071
1580 2102
1580 2170
1581 1833
1582 1262
1583 1242
1583 2441
1584 1464
1584 1496
1584 1960
1584 1968
1585 370
1585 518
1585 2175
1585 2361
1586 478
1586 494
1586 649
1586 973
1586 2211
1586 2277
1587 606
1588 461
1588 842
1588 1493
1588 1741
1589 139
1590 835
1590 1939
1590 2182
1590 2441
1591 657
1591 1544
1591 1642
1591 1913
1592 804
1592 1489
1592 2427
1593 142
1593 770
1593 778
1593 935
1593 1044
1593 2337
1593 2350
1593 2498
1594 718
1594 1167
1595 251
1595 808
1595 1425
1595 1800
1595 1866
1595 2348
1596 95
1597 425
1597 1449
1597 1531
1597 2191
1598 383
1598 1462
1598 1889
1598 2433
1598 2500
1599 275
1599 357
1599 666
1599 2151
1600 1224
1600 1793
1601 175
1601 1078
1601 1496
1601 2025
1601 2340
1602 557
1602 1169
1602 1703
1603 1011
1603 1348
1603 1436
1603 1471
1604 260
1604 442
1604 1116
1604 1137
1604 2026
1605 1072
1606 418
1606 1358
1606 1744
1606 2182
1606 2270
1606 2350
1607 38
1607 653
1607 884
1607 1197
1607 1494
1607 1821
1607 1929
1608 710
1608 1351
1608 1366
1608 1472
1608 2133
1608 2330
1609 213
1609 931
1610 674
1610 942
1610 2119
1611 500
1611 540
1611 889
1611 1337
1611 1818
1612 58
1612 736
1612 929
1612 1169
1612 1365
1612 1773
1612 1952
1612 2356
1613 145
1613 303
1613 1083
1613 1341
1613 1611
1613 1825
1613 2437
1614 619
1614 717
1614 842
1614 858
1614 1625
1614 2066
1614 2133
1615 1144
1615 1299
1615 2029
1616 326
1616 496
1616 576
1616 1979
1616 2145
1616 2350
1616 2472
1617 271
1617 321
1617 343
1617 1026
1617 1071
1617 2379
1618 437
1618 925
1618 954
1619 627
1619 913
1619 985
1619 2454
1620 163
1620 795
1620 1780
1621 360
1621 975
1621 1128
1621 2066
1621 2143
1622 791
1622 935
1622 985
1622 1041
1622 1115
1622 1428
1622 1538
1622 1765
1622 2074
1622 2201
1623 47
1623 240
1623 281
1623 1099
1623 1337
1623 1342
1623 1419
1623 1661
1623 2018
1623 2157
1624 1416
1624 2387
1625 112
1625 390
1625 1502
1626 504
1626 638
1626 880
1626 1493
1627 787
1627 2097
1628 1483
1628 1487
1628 1788
1629 579
1629 1078
1629 1375
1629 1832
1630 1413
1630 2071
1631 130
1631 851
1631 1588
1631 2156
1632 431
1632 643
1632 873
1632 1156
1632 1688
1632 2185
1633 755
1633 1527
1633 2221
1634 1955
1634 2336
1635 1219
1635 1359
1636 2226
1636 2243
1637 95
1637 1190
1638 1487
1638 2480
1639 73
1639 864
1639 1681
1639 1851
1640 735
1640 1342
1641 1223
1641 2270
1642 759
1642 1715
1643 1168
1644 639
1644 785
1644 2320
1645 182
1645 783
1645 1456
1645 2266
1646 586
1646 601
1646 1119
1646 1268
1646 1346
1646 1795
1646 1830
1646 2285
1646 2391
1647 54
1647 305
1647 317
1647 873
1647 1959
1647 2054
1648 135
1648 698
1648 1891
1648 2163
1649 263
1649 513
1649 621
1649 645
1649 1038
1649 1063
1649 1553
1649 1661
1649 1668
1649 1684
1650 339
1650 552
1650 1518
1650 1974
1650 2493
1651 1714
1652 354
1652 1855
1652 1956
1652 1985
1654 236
1654 349
1654 517
1654 1235
1654 2018
1654 2194
1655 25
1655 158
1656 61
1656 244
1656 303
1656 1105
1656 1922
1656 2390
1657 379
1657 681
1657 1390
1657 1610
1657 1831
1657 1835
1658 261
1658 320
1658 568
1658 678
1658 1281
1658 1660
1658 2414
1659 1138
1659 2120
1660 79
1660 201
1660 1170
1661 107
1661 1692
1662 362
1662 1009
1662 1143
1663 941
1663 1714
1664 257
1664 805
1664 863
1664 1855
1664 1865
1665 140
1665 1862
1665 2030
1666 453
1666 1483
1666 1682
1667 246
1667 781
1667 1677
1667 2065
1668 611
1668 1096
1668 2056
1669 434
1669 544
1669 978
1669 1129
1669 1147
1669 1217
1669 1399
1669 1542
1669 1664
1669 2168
1669 2183
1670 634
1670 2228
1671 44
1671 89
1671 194
1671 780
1671 877
1671 1206
1671 1355
1671 1467
1671 1751
1671 2326
1672 226
1672 252
1672 914
1673 1454
1674 149
1674 381
1674 1242
1675 376
1675 1236
1675 1680
1675 2085
1676 356
1676 584
1676 785
1676 1633
1676 2276
1677 988
1677 1275
1677 1987
1678 305
1678 637
1678 1409
1678 1544
1678 1602
1679 801
1679 1536
1679 2057
1680 737
1680 964
1681 139
1681 262
1681 963
1681 980
1681 1446
1682 1013
1682 1032
1682 1230
1682 2077
1682 2220
1683 114
1683 842
1683 1420
1683 1942
1683 2225
1683 2393
1684 110
1684 586
1684 737
1684 1390
1684 1712
1684 2221
1685 181
1685 1086
1685 2233
1686 314
1686 680
1686 701
1686 823
1686 1158
1687 479
1687 934
1687 1632
1687 2486
1688 878
1688 1223
1688 2100
1688 2376
1689 425
1689 589
1689 1592
1689 2018
1689 2388
1690 95
1690 859
1690 976
1690 1087
1690 1241
1690 1396
1690 1600
1690 1847
1691 26
1691 131
1691 593
1691 1594
1691 1803
1692 1413
1692 1957
1692 2099
1692 2370
1693 296
1693 505
1693 972
1693 1249
1693 1303
1693 1335
1693 1659
1693 1835
1694 1002
1694 1446
1694 2069
1695 1214
1696 1138
1696 2443
1696 2477
1697 1593
1697 1735
1698 8
1698 1477
1698 1599
1698 1918
1698 2310
1699 414
1699 722
1699 989
1699 1732
1700 377
1700 2408
1701 952
1701 1743
1701 2111
1702 293
1702 1521
1702 1864
1702 2171
1703 166
1703 321
1703 784
1703 848
1703 920
1703 1093
1703 1288
1703 1567
1703 2408
1704 172
1704 549
1704 609
1704 851
1704 1325
1704 1352
1705 918
1705 1766
1705 2076
1706 135
1706 177
1706 214
1706 297
1706 516
1706 778
1706 1181
1706 2064
1706 2073
1707 836
1707 889
1707 2311
1707 2315
1708 98
1708 495
1708 621
1708 686
1708 1464
1708 1624
1708 1933
1708 2030
1709 1462
1709 1688
1709 2045
1709 2350
1710 286
1710 755
1710 1498
1711 151
1711 198
1711 2330
1712 227
1712 953
1712 1241
1712 1300
1712 1335
1712 1820
1712 2122
1713 42
1713 1823
1713 2483
1714 170
1714 953
1714 1287
1714 1939
1714 2198
1714 2218
1714 2264
1715 652
1715 2084
1716 294
1716 864
1716 2040
1716 2286
1717 578
1717 657
1717 839
1717 1640
1717 1870
1717 1906
1717 1941
1717 2461
1718 522
1718 1283
1718 1516
1718 1621
1718 1654
1718 2449
1719 676
1719 1237
1719 1593
1719 1611
1719 1915
1720 384
1720 2200
1721 2063
1722 1144
1722 1772
1722 1946
1722 2055
1722 2265
1722 2370
1723 217
1723 348
1723 1563
1723 1617
1723 1868
1724 841
1724 1004
1724 1066
1724 1235
1724 1600
1724 2010
1724 2242
1724 2288
1724 2337
1725 192
1725 750
1725 1621
1725 2162
1726 261
1726 871
1726 1246
1726 2192
1727 665
1727 1154
1727 1507
1727 1701
1727 1713
1727 2059
1727 2355
1728 155
1728 638
1728 2061
1728 2162
1728 2305
1729 620
1729 1142
1729 1277
1729 1422
1729 1764
1730 843
1730 978
1730 1658
1730 1823
1730 1911
1730 1915
1730 2381
1730 2457
1731 845
1731 1367
1732 2004
1732 2385
1733 800
1733 1027
1733 1646
1734 388
1734 439
1734 507
1734 1721
1735 106
1735 1193
1735 2134
1736 39
1736 194
1736 712
1736 1491
1736 1536
1736 2497
1737 294
1737 762
1737 1927
1737 1943
1738 347
1738 632
1738 657
1738 951
1738 1716
1739 789
1739 1149
1739 2220
1739 2282
1740 799
1740 1736
1740 1806
1741 873
1741 2073
1742 289
1742 299
1742 606
1742 1198
1742 1307
1742 2271
1743 90
1743 239
1743 759
1743 866
1743 994
1743 1274
1743 1594
1744 652
1744 1558
1744 1983
1745 340
1745 792
1745 1486
1745 1975
1746 131
1746 652
1746 1007
1746 1901
1746 2015
1747 438
1747 1087
1748 71
1748 819
1748 1751
1748 1822
1748 2421
1749 1450
1749 1804
1750 119
1750 1847
1750 1961
1751 62
1751 140
1751 524
1751 922
1751 1045
1751 1074
1751 1433
1751 1647
1752 862
1753 52
1753 1596
1754 849
1754 1097
1754 1596
1755 537
1755 1451
1755 2092
1755 2190
1756 397
1756 1655
1756 1838
1756 2268
1757 178
1758 364
1758 1001
1758 1199
1758 1765
1758 2317
1759 1120
1759 1594
1759 1825
1759 1969
1759 2297
1760 450
1760 916
1760 2167
1761 102
1761 115
1761 825
1761 871
1761 906
1761 1388
1761 1463
1761 1725
1761 2129
1761 2293
1762 520
1762 872
1762 1033
1762 1197
1763 572
1763 810
1764 64
1764 1192
1764 1678
1765 333
1765 757
1765 993
1765 1120
1765 1384
1765 1830
1766 624
1766 1884
1766 2207
1767 700
1767 887
1767 1453
1767 1603
1767 1713
1767 2412
1768 67
1768 561
1768 910
1768 975
1768 1101
1768 1195
1768 2040
1768 2209
1769 551
1769 755
1769 2388
1770 165
1770 625
1770 986
1770 1959
1770 2033
1771 418
1771 1081
1771 2064
1772 342
1772 1165
1772 1478
1772 2098
1772 2422
1772 2441
1773 1580
1773 2060
1773 2105
1774 297
1774 418
1774 425
1774 1087
1774 1326
1774 1612
1774 1942
1774 2249
1775 1363
1775 1444
1776 990
1776 1123
1776 1658
1777 283
1777 543
1777 1563
1777 1798
1777 2474
1778 121
1778 1312
1778 1841
1778 2017
1778 2294
1778 2303
1779 416
1779 742
1779 1037
1779 1094
1779 1372
1779 2055
1780 545
1780 726
1780 1115
1780 1205
1780 1582
1781 387
1781 450
1781 634
1781 733
1781 1305
1781 1684
1782 111
1782 298
1782 435
1782 746
1782 1096
1782 1185
1782 1864
1783 159
1783 444
1783 477
1784 218
1784 343
1784 1806
1784 1903
1784 2441
1784 2457
1785 236
1785 510
1785 532
1785 1003
1785 1021
1785 2126
1785 2250
1786 484
1786 1756
1787 91
1787 571
1787 1059
1787 2448
1787 2491
1788 195
1788 1504
1788 1846
1788 2029
1788 2201
1789 494
1789 988
1789 1747
1789 2093
1790 474
1790 906
1790 1068
1790 1452
1790 1987
1791 307
1791 995
1792 475
1792 1196
1793 25
1793 326
1793 633
1793 993
1793 1935
1793 2077
1794 250
1794 662
1794 1196
1795 479
1795 540
1795 546
1795 910
1795 1248
1795 1370
1795 1505
1795 1988
1795 2071
1795 2186
1796 845
1796 1403
1796 1822
1797 97
1797 134
1797 177
1797 510
1797 1486
1798 1541
1799 1215
1799 1341
1799 1942
1799 1979
1799 2023
1800 184
1800 811
1800 820
1800 953
1800 1024
1800 1202
1800 1342
1800 1383
1800 2396
1800 2459
1801 106
1801 302
1801 2078
1801 2487
1801 2491
1802 1366
1802 2073
1803 422
1803 573
1803 1978
1804 199
1804 1851
1804 1991
1805 221
1805 1775
1805 2128
1806 599
1806 2109
1806 2353
1807 1199
1807 1335
1807 2019
1807 2270
1807 2396
1808 119
1808 1154
1808 1690
1808 2335
1809 1643
1810 819
1810 913
1810 2302
1811 16
1811 152
1811 818
1811 825
1811 1171
1811 1291
1811 1324
1811 1644
1811 1990
1812 364
1812 422
1812 684
1812 968
1812 1055
1812 2150
1813 905
1813 1430
1814 664
1814 1176
1814 1639
1814 1731
1815 1717
1816 1198
1816 1873
1816 2472
1817 433
1817 680
1817 1022
1818 327
1818 1099
1818 1140
1818 1594
1818 1801
1818 2042
1818 2266
1819 1753
1819 2049
1819 2297
1820 877
1820 902
1820 1343
1820 1485
1820 1724
1820 1748
1820 2099
1821 1046
1821 2473
1823 579
1823 638
1823 676
1823 1149
1824 1073
1825 755
1825 972
1825 2008
1825 2068
1825 2143
1826 435
1826 1505
1826 1656
1826 1658
1826 2291
1827 1852
1827 1860
1828 1144
1828 1155
1828 1631
1828 2018
1829 1135
1829 1147
1829 1197
1829 2257
1830 514
1830 690
1830 1649
1831 345
1831 378
1831 1192
1831 1423
1831 1496
1831 1909
1832 1625
1832 1877
1833 65
1833 688
1833 773
1833 1005
1833 1645
1833 1729
1833 1766
1833 2341
1834 2450
1835 824
1835 1237
1835 1652
1835 2088
1836 639
1836 1149
1836 1202
1836 1620
1837 806
1837 975
1837 1058
1837 1142
1837 1839
1838 123
1838 195
1838 491
1838 2366
1839 914
1839 1224
1839 1837
1839 2029
1839 2349
1839 2365
1840 219
1840 652
1840 2263
1841 292
1841 941
1841 1611
1842 520
1842 1724
1843 107
1843 783
1843 1386
1843 2053
1843 2240
1844 184
1844 589
1844 827
1844 989
1844 1542
1844 2178
1845 55
1845 1214
1845 1565
1845 1787
1846 765
1846 826
1846 1386
1846 1495
1846 1866
1846 2373
1847 66
1847 914
1847 1011
1847 1222
1848 603
1848 1016
1848 1153
1849 403
1849 641
1849 957
1849 1416
1850 213
1850 294
1850 323
1850 1058
1850 1231
1851 48
1851 414
1851 1598
1851 1919
1851 2321
1852 143
1852 166
1852 1207
1852 1992
1852 2127
1852 2251
1853 30
1853 547
1853 706
1853 1272
1853 1484
1853 2115
1854 435
1854 603
1854 2196
1855 489
1855 1053
1855 1886
1856 304
1856 1420
1856 1444
1856 2390
1857 70
1857 153
1857 1371
1857 1945
1857 1973
1857 2273
1857 2340
1857 2406
1858 322
1858 776
1858 1373
1858 1742
1858 2329
1859 1243
1859 2241
1859 2338
1860 1135
1860 1422
1860 1751
1861 1006
1861 1175
1861 1843
1861 1882
1861 2459
1862 205
1862 1115
1862 1768
1862 1838
1862 2405
1863 461
1863 2103
1864 478
1865 659
1865 1043
1865 1446
1865 1498
1865 1813
1865 2157
1865 2347
1867 124
1867 970
1867 1310
1867 1332
1868 442
1868 2479
1869 809
1869 1157
1869 2117
1869 2401
1869 2445
1870 989
1870 1250
1870 1470
1870 1744
1871 1222
1871 1451
1871 1632
1871 1960
1871 2128
1872 919
1872 1058
1872 1239
1872 2278
1872 2435
1873 51
1873 709
1873 874
1873 1013
1873 1820
1873 2329
1874 384
1874 1816
1874 1922
1874 2449
1875 892
1875 1247
1875 1403
1875 1551
1875 1983
1875 2104
1876 2071
1877 761
1877 1213
1877 1384
1878 370
1878 1082
1878 1223
1878 1482
1878 1528
1878 2054
1879 496
1879 1344
1880 150
1880 971
1880 1424
1880 1516
1880 2237
1881 423
1881 1588
1882 1973
1882 2414
1883 247
1883 890
1883 1159
1883 2300
1883 2379
1884 216
1884 1542
1884 1951
1885 273
1885 700
1885 1195
1885 1326
1885 1848
1886 224
1886 940
1886 1678
1886 1698
1887 104
1887 151
1887 217
1887 726
1887 948
1887 2142
1887 2402
1888 53
1888 1273
1888 1984
1888 2090
1889 982
1889 1809
1889 1933
1889 2238
1890 154
1890 915
1890 1305
1890 1335
1890 1379
1890 1423
1890 2138
1890 2161
1890 2468
1891 106
1891 234
1891 605
1891 1605
1891 1906
1892 319
1892 463
1892 932
1892 1592
1892 2185
1893 259
1893 568
1893 889
1894 66
1894 91
1894 389
1894 967
1894 1473
1894 2389
1895 1756
1896 897
1897 730
1897 731
1897 1368
1897 1912
1897 2138
1897 2315
1898 611
1898 727
1898 1044
1898 1529
1899 861
1899 902
1899 1242
1900 670
1900 1997
1900 2250
1900 2304
1901 159
1901 2075
1902 821
1902 838
1902 1257
1903 13
1903 252
1903 828
1904 19
1904 81
1904 639
1904 940
1904 1238
1904 1714
1904 2044
1904 2244
1905 484
1905 760
1905 1026
1905 1205
1905 1359
1905 1612
1906 215
1906 803
1907 947
1907 1414
1907 2197
1907 2487
1908 1106
1908 2145
1909 1290
1909 1999
1909 2194
1909 2299
1909 2486
1910 1062
1910 1818
1911 670
1911 1079
1911 1258
1911 1555
1912 343
1912 1367
1912 1466
1913 547
1913 619
1913 1219
1913 1732
1913 1991
1914 1345
1914 1788
1914 2162
1915 511
1915 2241
1916 67
1916 1222
1916 1582
1916 2342
1917 237
1917 655
1917 1525
1917 2400
1918 263
1918 296
1918 455
1918 1121
1919 363
1919 1203
1919 2033
1919 2500
1920 864
1921 324
1921 424
1921 1497
1921 2173
1922 613
1922 829
1922 839
1922 875
1922 891
1922 1224
1922 1225
1922 1314
1922 1364
1922 1584
1922 1858
1922 2219
1923 383
1923 774
1923 1648
1924 4
1924 1896
1925 898
1925 1596
1926 419
1926 742
1926 1133
1927 939
1927 1739
1927 1895
1928 1184
1928 1475
1928 2172
1929 542
1929 838
1929 1182
1929 1409
1930 642
1930 918
1931 114
1931 418
1931 1324
1931 1797
1931 2263
1932 208
1932 310
1932 2318
1933 579
1933 1540
1933 2495
1934 691
1934 1522
1934 1558
1935 258
1935 1834
1935 2202
1935 2378
1936 56
1936 380
1936 645
1936 1238
1936 1982
1936 1985
1936 2455
1937 549
1937 1777
1937 2020
1938 1031
1938 1391
1938 1404
1938 1571
1938 1773
1939 136
1939 1417
1940 377
1940 1640
1940 1878
1941 688
1941 1228
1941 1628
1941 1684
1942 335
1942 349
1942 412
1942 1389
1942 1831
1942 1846
1943 1045
1943 1867
1944 408
1944 513
1944 599
1944 1299
1945 12
1945 519
1945 716
1945 1026
1945 1846
1946 47
1946 556
1946 776
1946 1147
1946 1462
1946 1545
1946 1580
1946 1625
1947 649
1947 1046
1947 1166
1947 1173
1947 1706
1947 2035
1947 2305
1948 16
1948 401
1949 928
1949 1183
1949 1192
1949 1806
1950 231
1950 386
1950 506
1950 1142
1950 1574
1950 1623
1950 1978
1950 1999
1950 2081
1951 920
1951 1603
1951 1978
1951 2109
1951 2157
1951 2480
1952 743
1952 1749
1952 2072
1952 2182
1953 248
1953 595
1953 688
1953 828
1953 1550
1953 2315
1954 465
1954 881
1954 1376
1954 1706
1954 1775
1954 2009
1955 563
1955 631
1955 1182
1956 186
1957 315
1957 1963
1957 1972
1957 2290
1958 319
1958 2117
1959 933
1959 1442
1959 1661
1959 1704
1960 537
1960 1791
1960 2150
1961 272
1961 1283
1961 1817
1961 2177
1961 2327
1962 1051
1962 2013
1963 698
1963 1029
1963 2147
1964 266
1964 588
1964 856
1964 890
1964 1105
1964 1130
1964 1731
1964 1880
1964 2432
1965 1169
1965 2101
1966 202
1966 348
1966 1333
1966 1627
1967 108
1967 754
1967 855
1967 2169
1968 1252
1968 1269
1968 2270
1968 2469
1969 272
1969 369
1970 159
1970 885
1971 1090
1971 1313
1971 1996
1972 172
1972 272
1972 989
1972 1783
1972 2439
1973 70
1973 2392
1974 1715
1975 21
1975 344
1975 487
1975 1695
1975 1870
1975 2240
1975 2253
1976 448
1976 948
1977 241
1977 558
1977 1599
1977 1930
1978 416
1978 1272
1978 1302
1978 1497
1979 202
1980 48
1981 66
1981 578
1981 2441
1982 127
1982 166
1982 417
1982 1218
1982 1457
1982 1622
1983 94
1983 488
1983 685
1983 2064
1985 65
1985 174
1985 1035
1985 2309
1986 426
1986 900
1986 1292
1986 1428
1986 1942
1986 1945
1986 2123
1987 1378
1988 22
1988 399
1988 1368
1988 1692
1989 708
1989 858
1989 1377
1989 1751
1989 2122
1990 1290
1990 2108
1991 915
1991 961
1991 1564
1992 519
1992 892
1992 1395
1992 2077
1992 2361
1992 2411
1992 2415
1993 269
1993 830
1993 839
1993 1631
1994 295
1994 1057
1994 1453
1994 2398
1995 568
1995 646
1995 793
1995 892
1995 1540
1995 2267
1995 2413
1996 601
1996 634
1996 1180
1996 1700
1997 714
1997 1240
1998 1409
1999 1876
2000 892
2000 1235
2000 1910
2001 518
2001 884
2001 1246
2001 1430
2001 2031
2001 2078
2001 2378
2002 496
2002 979
2002 2396
2002 2397
2003 24
2003 1064
2004 1176
2005 70
2005 556
2005 830
2006 136
2006 1183
2006 1370
2006 1773
2006 1859
2007 963
2008 679
2008 729
2008 1654
2008 2194
2008 2196
2008 2343
2009 130
2009 828
2009 1089
2009 1415
2009 1762
2010 27
2010 916
2010 1735
2010 1833
2011 128
2011 690
2011 973
2011 1011
2011 1586
2012 480
2012 579
2012 637
2012 1425
2012 1556
2012 1593
2012 1628
2012 1709
2012 1879
2013 341
2013 1522
2013 1655
2013 1921
2013 2239
2014 155
2014 402
2014 1163
2014 1179
2014 1434
2014 1563
2014 1781
2014 2305
2015 561
2015 1065
2016 1274
2016 1288
2016 1401
2016 1967
2016 1977
2017 174
2017 458
2017 1548
2018 937
2018 1242
2018 2024
2019 645
2020 195
2020 1124
2020 1251
2020 1416
2020 2364
2020 2370
2021 1058
2021 1520
2022 1126
2023 239
2023 2453
2024 199
2024 239
2024 799
2024 907
2024 1147
2024 1648
2024 1836
2025 99
2025 372
2025 1098
2025 1294
2025 1669
2025 1845
2026 822
2026 1277
2026 1852
2026 2060
2027 79
2027 703
2027 1284
2027 2163
2027 2321
2027 2394
2028 185
2028 330
2028 815
2028 1655
2028 1690
2028 2291
2029 313
2029 663
2029 1771
2029 1957
2030 15
2030 132
2030 1196
2030 1456
2030 2380
2030 2416
2031 169
2031 232
2031 994
2031 1395
2031 1735
2031 1800
2031 1987
2031 2090
2032 987
2032 1554
2032 1984
2033 1593
2033 2133
2034 965
2034 1589
2035 2104
2035 2488
2036 722
2037 516
2037 681
2037 1100
2037 1636
2038 86
2038 447
2038 1349
2038 1549
2039 172
2039 445
2040 1004
2041 640
2041 1173
2042 524
2042 1268
2042 2071
2043 511
2043 1029
2043 1949
2043 2055
2043 2315
2044 111
2044 330
2044 337
2044 358
2044 629
2044 636
2044 1739
2045 253
2045 533
2045 1104
2045 1250
2046 26
2046 333
2046 843
2046 847
2046 1048
2046 1337
2046 1582
2047 2469
2048 323
2049 442
2049 528
2049 962
2049 1211
2049 1591
2049 2319
2050 581
2050 655
2050 924
2050 1511
2050 1548
2050 1606
2050 1889
2050 2265
2051 797
2051 1307
2052 272
2052 425
2052 1189
2053 488
2053 651
2053 897
2053 1126
2053 1184
2053 1871
2054 76
2054 82
2054 106
2054 230
2054 702
2054 1841
2054 2194
2054 2414
2055 315
2055 1527
2055 1880
2055 2384
2055 2386
2056 1099
2057 1308
2057 1430
2058 842
2058 940
2058 993
2059 621
2059 986
2059 1398
2059 1513
2060 65
2060 87
2060 194
2060 850
2060 1247
2060 1513
2061 129
2061 206
2061 427
2061 2115
2061 2482
2062 1998
2062 2429
2062 2494
2063 358
2063 1354
2063 1889
2063 2304
2064 385
2065 10
2065 26
2065 251
2065 1380
2065 1446
2066 222
2066 783
2067 126
2067 808
2067 1123
2067 1185
2067 2175
2067 2318
2067 2323
2068 1283
2068 1549
2068 2038
2069 158
2069 415
2069 1767
2070 88
2070 259
2070 383
2070 471
2070 727
2070 1331
2070 2349
2071 420
2071 1467
2071 2388
2072 208
2072 833
2072 1861
2072 2350
2073 550
2073 1166
2073 2133
2073 2370
2073 2453
2074 390
2074 1237
2075 903
2075 1225
2075 1885
2076 525
2076 1166
2076 1538
2077 18
2077 204
2077 384
2077 795
2078 685
2078 1665
2078 2030
2078 2183
2079 2018
2080 706
2080 883
2080 1305
2080 1690
2080 2231
2081 1962
2082 370
2082 659
2082 1228
2082 1518
2083 216
2083 1506
2083 1842
2083 2035
2084 38
2084 178
2084 2317
2085 410
2085 596
2085 715
2085 841
2085 1162
2085 1822
2085 2063
2085 2494
2086 641
2086 861
2086 973
2086 1186
2086 1206
2086 1210
2086 1907
2087 785
2087 786
2087 910
2088 848
2088 1084
2088 1667
2088 1740
2088 2220
2089 551
2089 820
2089 831
2089 1537
2089 1637
2089 1649
2089 2462
2090 613
2090 777
2091 359
2091 433
2091 1595
2091 1932
2091 2107
2092 1680
2092 2369
2094 86
2094 1094
2094 1318
2094 1530
2094 1802
2095 1486
2095 2242
2096 1
2096 116
2096 494
2096 505
2096 707
2096 1644
2096 1762
2096 2042
2097 432
2097 838
2097 1998
2097 2168
2098 625
2098 1342
2098 2206
2098 2342
2098 2362
2098 2454
2099 65
2099 475
2099 502
2099 1506
2099 1547
2099 2195
2100 585
2100 835
2100 1565
2101 41
2101 1280
2101 1353
2101 1922
2101 2173
2102 197
2102 936
2102 1386
2102 1410
2102 1638
2102 2182
2102 2374
2103 488
2103 1725
2103 2176
2103 2318
2103 2410
2104 78
2104 923
2104 1668
2104 2433
2105 148
2105 643
2105 984
2105 1966
2105 2230
2106 279
2106 774
2106 1645
2106 2009
2106 2084
2107 192
2107 604
2107 895
2107 1276
2107 1523
2107 2470
2108 963
2108 1133
2108 1512
2108 2232
2109 518
2109 1232
2109 1526
2109 2292
2109 2500
2110 2317
2111 116
2111 534
2111 896
2111 1794
2112 150
2112 202
2112 890
2112 1056
2112 1246
2112 2196
2114 2218
2114 2315
2114 2425
2115 111
2115 186
2115 282
2115 2080
2115 2198
2115 2222
2116 189
2116 976
2116 1433
2117 432
2117 730
2117 1466
2117 2052
2118 351
2118 627
2118 714
2118 1000
2118 1103
2118 1209
2118 1964
2119 1105
2119 1267
2119 1448
2119 2169
2120 1180
2120 1453
2120 1587
2120 2024
2121 787
2121 2445
2122 991
2122 1308
2123 64
2123 1309
2123 1466
2124 301
2124 548
2124 1987
2125 937
2125 993
2126 61
2126 63
2126 190
2126 1925
2127 289
2127 1666
2127 2258
2128 1063
2128 1516
2129 176
2129 425
2129 1054
2129 1433
2129 1574
2129 1612
2129 2317
2130 762
2130 841
2130 2230
2130 2262
2130 2330
2131 1003
2131 1481
2131 1837
2132 425
2132 629
2132 1309
2133 424
2133 670
2133 1362
2134 1348
2134 1504
2134 2149
2135 2174
2136 319
2136 1741
2136 1797
2136 2047
2136 2469
2137 1223
2138 38
2138 262
2138 770
2138 1488
2138 2233
2138 2376
2139 210
2139 266
2139 385
2139 661
2139 665
2139 670
2139 1172
2139 1657
2139 1968
2139 2110
2139 2400
2140 406
2140 926
2140 1611
2140 2291
2141 280
2141 474
2141 871
2141 1991
2141 2181
2141 2319
2142 5
2142 655
2142 1413
2142 1863
2143 383
2143 520
2143 872
2143 947
2143 983
2143 2013
2144 28
2144 609
2144 2179
2145 153
2145 1336
2145 1923
2145 1965
2146 646
2146 834
2146 991
2147 405
2147 1502
2148 234
2148 559
2148 1967
2148 2262
2149 300
2149 1243
2150 1068
2150 1778
2151 328
2151 997
2151 1603
2151 1734
2152 1114
2152 1285
2153 648
2153 1509
2153 2360
2154 121
2154 581
2154 775
2155 892
2155 1297
2155 1485
2155 2175
2155 2407
2155 2492
2156 145
2156 460
2156 1699
2156 1719
2156 2189
2157 14
2157 23
2157 239
2157 425
2157 624
2157 1973
2157 2042
2158 17
2158 52
2159 47
2159 615
2159 691
2159 1799
2159 2076
2160 2130
2161 1
2161 1062
2161 1750
2161 2144
2162 31
2162 1145
2162 1332
2162 2282
2162 2323
2163 450
2163 803
2163 950
2163 1227
2163 2239
2163 2305
2164 58
2164 433
2164 1715
2164 2365
2165 1944
2166 9
2166 563
2166 1416
2166 2177
2167 29
2167 47
2167 272
2167 295
2167 1158
2167 1350
2167 1893
2168 100
2168 341
2168 1199
2168 1580
2168 1810
2168 1916
2169 560
2169 1930
2170 513
2170 1366
2171 162
2171 1248
2171 2377
2172 39
2172 697
2172 747
2172 964
2172 1659
2172 1832
2173 177
2173 454
2173 664
2173 985
2173 1145
2173 2439
2174 1670
2174 2243
2174 2407
2175 379
2175 502
2175 1045
2175 1598
2175 1870
2175 1887
2175 2323
2176 1296
2176 2354
2177 911
2177 1379
2177 1609
2177 1783
2177 2029
2177 2130
2177 2435
2178 155
2178 490
2178 1264
2178 1316
2178 2341
2178 2400
2179 351
2179 1655
2180 10
2180 1800
2181 314
2181 1169
2181 2037
2181 2159
2181 2329
2182 741
2182 2214
2183 876
2183 1510
2183 2317
2183 2459
2183 2485
2184 8
2184 378
2184 1448
2184 1505
2185 1318
2185 1345
2186 881
2186 891
2186 1006
2186 1621
2186 2140
2188 3
2188 302
2188 614
2188 1019
2189 435
2189 649
2189 1280
2190 763
2190 818
2190 1183
2190 1251
2190 1324
2191 507
2192 1129
2192 1194
2192 1411
2192 1716
2192 2379
2193 529
2193 1433
2193 1754
2194 1564
2194 2206
2195 7
2195 129
2195 678
2196 424
2196 2406
2197 1225
2197 1366
2197 2045
2198 172
2198 478
2198 855
2198 978
2198 1421
2198 2089
2199 123
2199 893
2199 1088
2199 1945
2199 2046
2199 2122
2199 2352
2200 1140
2201 891
2202 1879
2202 2039
2202 2239
2203 951
2203 1105
2203 1259
2203 1715
2203 1990
2204 961
2204 1119
2204 1999
2205 183
2206 1029
2206 2406
2207 1302
2207 1386
2208 482
2208 778
2208 1412
2209 926
2209 1197
2209 1210
2209 1575
2209 2228
2210 469
2210 688
2210 1256
2210 1533
2211 662
2211 715
2211 1070
2211 1196
2211 2439
2212 159
2212 228
2212 551
2212 665
2212 957
2212 2283
2213 1438
2213 1460
2213 1692
2213 2271
2214 40
2214 333
2214 978
2214 1121
2214 2000
2215 732
2215 876
2215 1717
2215 2478
2216 342
2216 1085
2216 1449
2217 651
2217 1576
2218 321
2218 849
2218 1100
2218 2283
2218 2337
2219 765
2219 784
2219 868
2219 945
2219 1973
2220 383
2220 406
2220 1553
2220 1727
2220 1791
2221 492
2221 1897
2221 2142
2221 2428
2221 2467
2222 654
2222 1784
2222 2063
2223 389
2223 649
2223 1017
2223 1895
2223 2352
2224 1130
2224 1421
2224 1538
2224 1551
2224 2323
2225 123
2225 625
2225 1582
2226 1022
2226 1143
2226 1690
2226 1697
2227 965
2227 1023
2227 1222
2227 1448
2227 1580
2227 1792
2227 2248
2228 521
2228 958
2228 1558
2228 2073
2229 77
2229 120
2229 295
2229 927
2229 988
2229 1003
2229 1662
2229 1915
2229 2123
2230 568
2230 812
2230 1011
2230 1315
2230 1657
2230 1937
2231 81
2231 760
2231 1194
2231 2067
2231 2142
2231 2290
2232 661
2232 830
2232 1983
2232 2221
2232 2291
2233 51
2233 510
2233 1048
2233 1739
2234 1499
2234 2011
2234 2025
2235 361
2235 800
2235 1435
2235 1707
2235 1937
2236 2477
2237 54
2237 372
2237 906
2238 486
2238 1608
2238 1986
2239 766
2239 1024
2240 475
2241 111
2241 210
2241 347
2241 771
2241 792
2241 1228
2241 1463
2241 1694
2241 1736
2241 1877
2241 2088
2242 376
2242 1279
2242 1834
2243 632
2243 1209
2243 2266
2243 2388
2244 697
2244 1528
2246 1048
2246 1367
2246 1649
2246 2230
2247 1705
2247 2282
2247 2319
2248 1159
2248 1474
2248 2319
2249 463
2249 1245
2249 1331
2249 2096
2250 565
2250 885
2250 1318
2250 2385
2250 2443
2251 363
2251 1654
2252 1088
2252 1340
2253 400
2253 990
2253 2339
2254 143
2254 457
2254 1960
2255 602
2255 788
2255 1061
2255 2273
2255 2425
2256 449
2256 761
2256 1948
2257 702
2257 749
2257 809
2257 1201
2257 2172
2258 44
2258 1021
2258 2301
2259 210
2259 288
2259 1290
2259 1578
2260 395
2260 1107
2260 1463
2260 1751
2260 1786
2260 2082
2260 2246
2261 110
2261 141
2261 750
2261 1430
2261 1671
2261 2338
2262 621
2262 1017
2262 1769
2262 2241
2263 195
2263 231
2263 375
2263 1172
2263 1471
2263 1709
2263 2043
2264 769
2264 1002
2264 1125
2264 1699
2264 2285
2265 144
2265 789
2265 1194
2265 1665
2265 1924
2266 71
2266 982
2266 1210
2266 1633
2266 2310
2266 2375
2267 317
2267 1206
2267 2051
2267 2376
2268 407
2268 1342
2268 1354
2268 1504
2268 1588
2268 2237
2268 2321
2269 339
2269 959
2269 1546
2269 1668
2269 1677
2270 26
2270 691
2270 1145
2270 2047
2272 50
2272 2094
2273 955
2273 1097
2273 1737
2273 2455
2274 4
2274 427
2274 2104
2274 2415
2275 360
2275 808
2275 1888
2275 1935
2276 439
2276 967
2276 1166
2276 1638
2276 2128
2277 71
2277 964
2277 1958
2277 2453
2278 688
2278 1730
2278 1994
2278 2357
2279 1494
2279 1686
2279 1816
2279 2156
2280 449
2280 828
2281 992
2281 1840
2282 834
2282 1598
2283 186
2283 476
2283 541
2283 980
2283 1971
2284 245
2284 1569
2284 2277
2284 2499
2285 1211
2285 1674
2285 2499
2286 2244
2287 76
2287 370
2288 82
2288 422
2288 2132
2288 2179
2289 143
2289 308
2289 615
2289 687
2289 1554
2290 264
2290 1112
2290 1809
2290 2428
2290 2490
2291 309
2291 342
2291 582
2291 925
2291 1108
2291 1295
2291 1999
2291 2128
2292 58
2292 180
2292 1088
2292 1584
2292 1797
2292 2178
2292 2181
2293 906
2293 1067
2293 2364
2293 2366
2294 781
2294 1506
2295 1312
2296 749
2296 806
2296 1093
2297 153
2297 847
2297 1902
2298 632
2298 958
2298 1161
2298 1240
2298 1409
2298 1632
2299 1219
2299 1269
2299 1375
2299 1640
2300 468
2300 721
2300 823
2300 1776
2300 2365
2301 325
2301 930
2301 1381
2301 1604
2301 1634
2302 584
2302 686
2302 688
2302 772
2302 1699
2303 257
2303 490
2303 1781
2303 2258
2303 2498
2304 476
2304 504
2304 1464
2305 149
2305 170
2305 197
2305 201
2305 1042
2305 1151
2305 1858
2305 2250
2305 2474
2306 249
2306 435
2306 613
2306 2437
2307 1206
2307 1478
2307 2151
2307 2436
2308 264
2308 1243
2308 1722
2309 758
2309 1137
2309 1223
2309 1413
2309 1742
2310 2228
2311 803
2311 913
2311 945
2311 1721
2311 2140
2312 333
2312 398
2312 1626
2312 1953
2313 168
2313 228
2313 430
2313 1300
2313 1309
2313 1583
2313 2205
2314 368
2314 1580
2314 2021
2314 2125
2314 2129
2315 544
2315 594
2315 792
2315 1699
2315 2444
2316 341
2316 492
2316 1261
2316 1868
2316 2497
2317 89
2317 176
2317 996
2317 1035
2317 1761
2318 530
2318 816
2318 1298
2319 373
2319 407
2319 623
2320 178
2320 2135
2321 1614
2321 1860
2321 2013
2322 1268
2322 2174
2323 652
2323 748
2323 785
2324 581
2324 723
2324 1608
2324 1903
2324 2253
2325 321
2325 1313
2325 1618
2325 2201
2326 51
2326 385
2326 861
2327 470
2327 734
2327 1839
2328 847
2328 865
2328 1157
2329 17
2329 826
2329 846
2329 1147
2329 1199
2329 1466
2329 1978
2329 2267
2329 2302
2329 2353
2330 570
2330 1989
2331 388
2331 672
2331 980
2332 1466
2333 321
2333 509
2333 717
2333 1324
2334 701
2334 2064
2334 2106
2335 97
2335 100
2335 426
2335 489
2335 781
2335 1516
2335 2109
2336 507
2336 1139
2336 1479
2336 1801
2336 1908
2337 462
2337 1218
2337 1301
2338 2407
2339 81
2339 1349
2339 1742
2339 1751
2340 980
2340 2083
2340 2398
2341 709
2341 2195
2342 607
2342 1939
2342 2267
2342 2422
2343 49
2343 631
2343 1406
2343 1592
2343 1887
2343 2470
2344 778
2344 1458
2345 308
2345 800
2345 1651
2345 2258
2345 2341
2345 2415
2346 721
2346 947
2346 1401
2346 1564
2347 1911
2347 2085
2348 639
2348 784
2348 1782
2348 2416
2349 658
2349 916
2349 937
2349 1301
2350 1418
2351 1029
2351 1281
2351 1825
2352 988
2352 1073
2352 2435
2353 424
2353 769
2353 1813
2354 849
2354 1357
2354 1996
2355 450
2355 2127
2355 2292
2356 205
2356 316
2356 723
2357 576
2357 742
2358 1608
2358 2048
2359 165
2359 628
2359 925
2359 1410
2359 1483
2359 2442
2360 296
2360 991
2360 1016
2360 1570
2360 1673
2360 1816
2360 2469
2361 233
2361 497
2361 645
2361 807
2361 1678
2362 79
2362 171
2362 1015
2362 1108
2362 2454
2363 155
2363 298
2363 1766
2364 363
2364 544
2364 676
2364 884
2364 999
2364 1065
2364 1407
2365 993
2366 184
2366 1322
2366 1617
2366 1890
2367 235
2368 1063
2368 1393
2368 2021
2368 2283
2369 62
2369 637
2369 1335
2369 2137
2370 349
2370 2074
2371 289
2372 1484
2372 2327
2373 883
2373 2127
2374 277
2374 988
2374 1921
2375 46
2375 416
2375 808
2375 1093
2375 1338
2375 1492
2375 2382
2376 375
2376 426
2376 1396
2376 1647
2376 2352
2376 2468
2378 16
2378 2246
2379 191
2379 2474
2380 98
2380 797
2380 851
2380 1185
2380 1300
2380 1522
2381 104
2381 692
2381 989
2382 2325
2383 150
2383 574
2383 1953
2383 2113
2383 2291
2384 298
2384 315
2384 891
2384 2016
2384 2043
2385 79
2385 1047
2385 1489
2386 1423
2386 2057
2387 1013
2388 186
2388 908
2388 1884
2388 2271
2388 2406
2389 62
2389 1194
2389 2007
2389 2160
2389 2277
2390 1962
2390 2354
2391 32
2391 1151
2391 1444
2392 122
2392 148
2392 469
2392 626
2392 651
2392 684
2392 967
2392 1502
2392 1526
2392 1714
2393 94
2393 804
2393 1397
2394 233
2394 677
2394 2081
2395 279
2395 1030
2395 1563
2395 1844
2395 2136
2396 910
2396 2102
2396 2451
2397 208
2397 446
2397 1257
2397 2285
2397 2386
2398 1473
2398 1551
2398 1987
2398 1999
2399 658
2399 1108
2399 2094
2399 2196
2400 539
2400 1362
2400 1857
2400 2015
2401 1100
2401 1548
2401 1561
2401 2363
2402 941
2402 1127
2402 1842
2403 502
2403 1530
2404 639
2404 1106
2404 1170
2405 215
2405 735
2405 1446
2405 2059
2406 1262
2406 2261
2407 1543
2408 80
2408 424
2408 609
2408 1595
2409 373
2409 896
2409 2315
2410 107
2410 370
2410 1370
2410 1512
2410 1904
2410 2436
2411 864
2411 949
2411 1077
2411 1465
2411 2399
2412 208
2412 499
2412 579
2412 811
2412 1336
2412 1699
2412 2194
2413 729
2413 817
2413 2048
2414 421
2414 559
2414 1426
2414 1477
2415 1051
2415 1064
2415 1930
2415 2408
2416 53
2416 248
2416 357
2416 394
2416 1035
2416 1132
2416 1625
2416 2169
2416 2254
2416 2460
2417 1834
2417 2027
2417 2429
2418 2182
2418 2225
2419 29
2419 643
2419 705
2419 1431
2419 1741
2419 2470
2420 333
2420 423
2420 497
2420 1091
2420 2442
2421 12
2421 291
2421 474
2421 1266
2422 489
2422 1194
2422 1762
2423 417
2423 494
2423 513
2423 1760
2423 2055
2424 654
2424 1100
2424 2008
2424 2262
2425 132
2425 880
2425 1308
2425 2225
2426 116
2426 1044
2426 1561
2427 90
2427 469
2427 572
2427 779
2427 1610
2427 1799
2427 1860
2428 2326
2429 310
2429 1119
2429 1641
2430 116
2430 261
2430 1834
2430 1988
2431 25
2431 1661
2431 1822
2431 1946
2432 804
2432 850
2432 1423
2433 66
2433 524
2433 956
2433 1362
2433 1876
2434 102
2434 299
2434 897
2434 1184
2434 1527
2434 1809
2434 2320
2435 980
2435 1140
2435 2239
2436 31
2436 441
2436 575
2436 1303
2436 2140
2436 2420
2437 508
2437 1027
2437 1173
2438 623
2438 1508
2438 1940
2438 2041
2439 846
2439 866
2439 874
2439 1087
2439 1214
2439 1392
2440 355
2440 1330
2440 1474
2441 1942
2441 2479
2442 476
2443 1957
2444 68
2444 229
2444 379
2444 1580
2445 1748
2445 2168
2446 139
2446 329
2446 1090
2446 1491
2446 1577
2446 2494
2447 567
2447 1642
2448 311
2448 2354
2449 801
2449 1031
2449 1090
2449 1156
2450 371
2450 472
2450 868
2450 1151
2450 1299
2450 1717
2450 2377
2450 2392
2450 2432
2451 1200
2451 2354
2452 696
2452 898
2452 2322
2453 459
2453 780
2453 1025
2453 1625
2453 2156
2454 86
2454 1041
2454 1578
2454 1780
2454 1999
2455 1678
2455 1870
2455 2480
2456 97
2456 1508
2456 1606
2457 284
2457 678
2458 119
2458 908
2458 1530
2458 2093
2459 878
2459 911
2459 1098
2459 1220
2459 2257
2459 2441
2460 167
2460 532
2460 1545
2460 1596
2460 2428
2460 2488
2461 588
2461 1167
2461 2195
2462 186
2463 574
2463 733
2463 796
2463 1101
2463 1499
2463 1625
2463 2124
2463 2470
2464 359
2464 677
2464 1703
2466 1362
2466 1477
2466 1544
2466 1689
2466 2173
2467 372
2467 408
2467 1546
2468 1180
2468 1629
2468 1793
2468 2145
2468 2389
2469 605
2469 931
2469 1292
2470 76
2470 107
2470 1029
2470 1444
2470 1589
2470 1600
2471 55
2471 814
2471 836
2471 1834
2471 1978
2471 2448
2471 2485
2472 115
2472 270
2472 1091
2472 1236
2472 2291
2473 79
2473 1488
2475 773
2475 1499
2475 2175
2476 627
2476 779
2476 2052
2476 2062
2477 65
2477 723
2477 1613
2477 1875
2477 1969
2478 569
2478 892
2478 1170
2478 1904
2478 2413
2479 50
2479 636
2479 1233
2480 208
2480 1131
2480 1292
2480 1774
2480 2108
2481 165
2481 618
2481 733
2481 794
2481 1195
2481 1996
2481 2077
2482 160
2483 91
2483 393
2483 936
2484 262
2484 2277
2485 411
2485 1497
2486 152
2486 288
2486 1138
2487 983
2487 1412
2487 1431
2487 1670
2487 1933
2488 1971
2488 2174
2489 333
2489 1706
2489 2245
2490 36
2490 518
2490 545
2490 984
2490 1157
2490 1262
2490 2368
2491 333
2491 921
2491 1740
2492 53
2492 257
2492 400
2492 483
2492 659
2492 860
2492 1416
2492 1805
2492 2158
2493 295
2493 1195
2493 1565
2494 65
2494 1047
2494 1960
2495 375
2495 2426
2496 105
2496 882
2496 1120
2496 1399
2496 1655
2497 329
2497 456
2497 1872
2498 14
2498 239
2498 288
2498 404
2498 504
2498 1849
2499 656
2499 1386
2499 1994
2499 2073
2500 1607
2500 1815
