30
163
1 12
1 21
1 23
1 27
2 7
2 10
2 18
2 24
2 28
2 30
3 1
3 5
3 8
3 13
3 18
3 21
4 3
4 6
4 15
4 19
4 25
4 30
5 4
5 15
5 19
5 23
5 25
5 26
6 5
6 11
6 23
7 3
7 5
7 13
7 19
7 21
7 24
8 2
8 14
8 15
8 17
8 18
8 19
8 20
8 23
8 25
8 26
8 29
9 2
9 7
9 14
9 19
10 1
10 2
10 5
10 30
11 2
11 3
11 18
11 23
11 27
11 29
11 30
12 1
12 4
12 10
12 17
12 18
12 26
12 29
13 2
13 8
13 16
13 18
13 21
13 26
14 5
14 8
14 10
15 1
15 8
15 17
15 22
15 28
16 4
16 11
16 12
16 15
16 21
16 22
16 29
17 10
17 13
17 14
17 26
18 3
18 7
18 17
18 21
18 22
18 24
18 28
19 1
19 20
19 21
19 30
20 2
20 12
20 30
21 4
21 8
21 9
21 20
22 1
22 8
22 9
22 17
22 19
22 20
22 21
22 23
22 25
23 5
23 9
23 14
23 20
23 27
24 1
24 2
24 5
24 12
24 17
24 22
24 25
25 8
25 12
25 15
25 16
25 27
25 28
26 1
26 2
26 3
26 7
26 8
26 10
26 12
27 4
27 12
27 16
28 11
28 12
28 20
28 24
29 14
29 15
29 22
29 24
29 26
30 5
30 11
30 12
30 26
