30
216
1 7
1 11
1 17
1 18
1 19
1 27
2 13
2 14
2 19
2 23
2 24
3 7
3 8
3 12
3 13
3 15
3 23
3 25
3 27
3 29
4 7
4 9
4 11
4 14
4 17
4 18
4 22
5 1
5 2
5 15
5 23
5 30
6 2
6 5
6 9
6 10
6 20
6 22
6 23
6 24
6 30
7 2
7 3
7 4
7 6
7 8
7 9
7 14
7 21
7 22
8 3
8 9
8 14
8 18
8 21
8 23
8 26
8 28
9 1
9 7
9 18
9 28
10 2
10 4
10 7
10 11
10 13
10 14
10 19
10 21
10 23
10 24
10 29
10 30
11 2
11 3
11 18
11 19
11 21
11 22
11 30
12 1
12 3
12 9
12 11
12 13
12 16
12 21
12 22
12 26
13 8
13 11
13 15
13 19
13 24
13 29
14 2
14 4
14 6
14 13
14 19
14 21
14 24
14 28
15 2
15 12
15 23
15 24
15 25
16 1
16 2
16 4
16 8
16 11
16 14
16 15
16 19
16 24
16 25
16 26
16 28
16 29
17 1
17 2
17 3
17 5
17 10
17 13
17 15
17 22
17 27
18 2
18 3
18 11
18 19
18 20
18 24
18 25
18 27
19 10
19 11
19 15
19 16
19 21
19 24
19 25
19 26
19 27
19 30
20 2
20 6
20 8
20 21
20 25
20 26
20 27
21 2
21 6
21 11
21 18
21 27
22 5
22 7
22 14
22 16
22 17
22 28
23 3
23 4
23 9
23 11
23 28
24 3
24 5
24 11
24 25
24 26
25 2
25 4
25 7
25 9
25 10
25 24
25 27
26 1
26 2
26 6
26 7
26 22
26 23
26 27
27 2
27 8
27 14
27 17
27 19
27 21
27 30
28 7
28 13
28 20
28 24
29 3
29 4
29 6
29 17
29 19
29 27
29 28
29 30
30 1
30 3
30 12
30 20
30 21
30 29
