40
357
1 2
1 6
1 9
1 14
1 20
1 23
1 33
1 35
1 36
1 37
1 38
2 5
2 7
2 10
2 15
2 24
2 29
2 32
2 35
2 37
3 6
3 18
3 20
3 24
3 32
3 39
4 7
4 9
4 12
4 13
4 15
4 22
4 23
4 24
4 29
4 36
4 37
5 4
5 7
5 11
5 13
5 18
5 19
5 22
5 23
5 27
5 29
5 32
5 33
6 23
6 29
6 36
6 39
6 40
7 10
7 12
7 14
7 16
7 19
7 26
7 28
7 34
7 40
8 9
8 13
8 18
8 22
8 27
9 14
9 18
9 19
9 20
9 23
9 27
9 32
9 35
9 39
10 20
10 23
10 25
10 30
11 6
11 7
11 18
11 21
11 25
11 26
11 27
11 32
11 34
11 36
12 5
12 17
12 20
12 24
12 26
12 30
12 32
12 34
12 36
12 38
13 1
13 7
13 21
13 35
13 36
13 39
14 2
14 6
14 7
14 10
14 11
14 16
14 18
14 21
14 22
14 24
14 26
14 27
14 28
14 29
14 33
14 34
14 35
14 37
14 39
15 2
15 3
15 4
15 16
15 17
15 18
15 23
15 32
15 35
15 37
16 1
16 6
16 10
16 12
16 15
16 19
16 20
16 31
16 38
16 39
17 15
17 24
17 25
17 27
17 31
17 37
17 38
18 7
18 10
18 11
18 12
18 26
18 31
18 35
18 38
18 39
19 1
19 4
19 11
19 12
19 22
19 23
19 30
19 36
20 1
20 3
20 7
20 12
20 15
20 23
20 26
20 30
20 34
20 39
21 15
21 17
21 18
21 26
21 28
21 29
21 33
21 36
21 40
22 4
22 13
22 17
22 18
22 19
22 25
22 30
22 32
22 33
22 35
23 1
23 6
23 7
23 12
23 17
23 22
23 27
23 29
23 32
23 35
23 36
23 38
24 2
24 8
24 12
24 14
24 20
24 22
24 27
24 32
24 36
25 1
25 8
25 10
25 12
25 14
25 23
25 24
25 26
25 27
25 28
25 29
25 34
25 35
25 36
25 38
26 3
26 11
26 20
26 23
26 24
26 27
26 30
26 35
26 40
27 2
27 15
27 20
27 30
27 38
27 40
28 2
28 5
28 12
28 17
28 18
28 26
28 29
28 33
28 37
29 10
29 30
29 39
30 5
30 8
30 11
30 13
30 16
30 24
30 25
30 31
30 38
30 40
31 4
31 6
31 10
31 13
31 23
31 24
31 28
31 32
31 37
31 40
32 13
32 20
32 21
32 23
32 24
32 34
32 35
32 37
33 3
33 9
33 17
33 18
33 19
33 23
33 28
33 34
33 38
33 39
34 3
34 7
34 13
34 15
34 16
34 18
34 19
34 30
34 32
34 33
34 38
35 1
35 3
35 4
35 5
35 9
35 17
35 23
35 25
35 28
35 29
35 30
35 37
35 39
36 2
36 3
36 15
36 17
36 20
36 23
37 1
37 2
37 7
37 9
37 12
37 16
37 25
37 27
37 33
37 35
38 21
38 28
39 6
39 7
39 18
39 24
39 25
39 26
39 29
39 30
39 35
40 2
40 13
40 17
40 23
40 26
40 38
