40
149
1 15
1 17
1 26
1 32
1 38
2 25
2 30
2 32
2 35
3 38
4 15
4 19
5 15
5 26
5 28
5 32
6 13
6 23
6 25
7 1
7 12
7 28
8 7
8 17
8 18
8 25
8 26
9 3
9 6
9 10
9 34
9 40
10 4
10 38
11 12
11 22
11 28
11 33
12 5
12 17
13 17
13 24
13 28
13 30
13 32
14 30
14 35
15 22
16 2
16 18
16 20
16 23
16 25
16 30
16 34
16 38
17 13
17 14
17 16
17 33
17 37
17 38
17 39
18 2
18 31
19 12
19 27
20 1
21 1
21 5
21 18
21 23
22 26
22 27
22 28
22 33
22 36
23 22
23 26
23 30
24 8
24 10
24 17
24 23
24 33
25 18
25 31
25 34
26 1
26 5
26 7
26 11
26 15
26 24
26 31
26 38
27 14
27 21
27 28
27 29
27 32
27 40
28 24
29 1
29 16
29 40
30 20
30 24
30 25
30 29
31 20
31 26
31 36
31 39
32 9
32 17
32 19
32 24
32 25
32 39
32 40
33 13
33 15
33 20
33 30
34 3
34 39
35 6
35 12
35 13
35 23
35 28
35 31
35 36
36 11
36 13
36 37
37 10
37 11
37 17
37 21
37 22
37 23
38 4
38 18
38 22
39 4
39 33
40 7
