500
2483
1 63
1 90
1 121
1 202
1 226
1 242
1 295
1 301
1 323
1 342
1 499
2 4
2 35
2 121
2 334
2 342
2 352
2 368
2 417
3 68
3 78
3 281
3 327
3 432
3 439
4 48
4 98
4 104
4 471
5 111
5 114
5 338
5 402
5 439
6 32
6 358
6 397
6 494
6 496
7 157
7 158
7 302
8 73
8 192
8 390
8 449
9 123
9 199
9 228
9 232
9 381
9 442
10 107
10 227
11 23
11 31
11 195
11 208
11 391
11 395
11 479
12 50
12 277
13 238
13 338
13 359
13 388
14 74
14 432
15 134
15 244
15 272
15 459
16 6
16 228
16 231
16 331
17 52
17 186
17 282
17 326
17 349
17 395
17 500
18 23
18 225
19 115
19 242
19 253
19 293
19 307
19 367
19 469
20 24
20 314
20 474
20 481
20 490
21 12
21 74
21 174
21 217
21 262
22 87
22 164
22 247
22 472
23 125
23 153
23 185
23 239
23 280
24 101
24 111
24 193
24 247
24 264
24 317
24 326
24 421
24 469
25 9
25 318
25 412
26 48
26 170
26 192
26 194
26 323
27 12
27 23
27 143
27 425
27 473
27 481
28 166
29 135
29 420
30 16
30 264
31 19
31 82
31 126
31 154
31 271
31 357
32 116
32 159
32 162
32 217
32 292
32 375
32 494
33 13
33 32
33 59
33 119
33 320
33 361
33 430
33 471
34 118
34 315
34 327
34 495
35 202
35 226
35 325
35 463
35 474
35 477
36 56
36 114
36 269
36 356
36 387
36 406
37 53
37 255
37 496
38 40
38 201
38 221
38 416
38 463
38 467
39 52
39 175
39 213
39 248
39 475
40 47
40 257
40 493
41 53
41 305
41 451
42 51
42 316
42 427
43 211
43 239
43 271
43 428
44 98
44 132
44 307
44 316
44 326
44 412
44 437
45 57
45 128
45 137
45 269
45 356
45 491
46 30
46 72
46 96
46 329
46 351
46 473
47 166
47 242
47 259
47 391
47 470
47 472
48 41
48 254
48 276
48 283
48 372
49 111
49 129
49 153
49 171
49 278
49 435
49 444
49 451
49 454
50 171
50 283
50 384
50 404
50 407
51 122
51 211
51 216
51 244
51 418
52 26
52 127
52 207
52 223
52 404
53 159
53 225
53 231
53 300
53 481
54 116
54 189
54 299
54 457
55 20
55 93
55 167
55 184
55 225
55 393
56 362
56 423
56 453
57 49
57 135
57 291
58 55
58 104
58 155
58 214
58 255
58 281
58 291
58 318
58 363
58 377
58 418
59 90
59 385
60 181
60 183
60 241
60 273
60 281
60 368
60 421
60 465
61 26
61 156
61 215
61 275
61 293
61 436
61 453
61 454
62 235
62 237
62 242
62 344
63 128
63 176
63 182
63 197
63 240
63 254
63 265
63 302
63 318
64 120
64 153
64 163
64 173
64 467
65 69
65 420
66 169
66 232
66 288
66 317
66 331
66 377
67 22
67 165
67 198
67 250
67 317
67 397
67 424
67 456
67 467
67 497
68 18
68 207
68 219
68 239
69 287
69 452
70 193
70 339
70 372
70 384
71 112
71 305
71 390
72 29
72 83
72 141
72 199
72 389
72 416
72 423
73 42
73 144
73 162
73 238
73 264
73 354
73 491
74 83
74 127
74 136
74 188
74 192
74 326
74 330
74 460
75 58
75 258
75 287
75 299
76 59
76 149
76 239
76 332
76 357
76 370
77 181
77 241
78 10
78 24
78 80
78 103
78 117
78 205
78 215
78 487
79 70
79 237
79 287
80 157
80 178
80 211
80 275
80 349
80 361
80 415
80 423
80 465
80 479
81 38
81 402
82 65
82 112
82 166
82 246
82 463
82 464
83 57
83 89
83 121
83 130
83 421
83 438
84 77
84 166
84 258
84 380
84 462
85 5
85 149
85 163
85 167
85 209
85 286
85 444
85 480
85 482
86 38
86 113
86 226
87 18
87 129
87 133
87 150
87 167
87 240
87 335
87 438
88 129
88 363
89 218
89 436
89 437
89 472
90 32
90 86
90 143
90 421
90 441
91 34
91 85
91 272
91 283
91 292
91 392
92 8
92 9
92 31
92 70
92 136
92 425
93 328
94 76
94 137
94 144
94 151
94 226
94 289
95 150
95 279
95 293
96 100
96 139
96 153
96 174
96 370
96 484
97 95
97 186
97 218
97 296
97 358
97 488
98 35
98 221
98 329
98 479
99 182
99 346
99 448
99 452
99 465
99 489
100 155
100 340
100 344
100 372
100 401
101 11
101 131
101 222
102 108
102 166
102 259
102 334
102 350
102 402
103 61
103 158
103 229
103 269
104 97
104 337
105 159
105 163
105 239
105 278
105 320
105 325
105 363
105 383
105 405
105 417
105 458
106 41
106 319
106 363
106 378
106 455
107 60
107 137
107 256
107 410
107 431
108 94
108 152
108 182
108 280
108 430
108 464
108 481
109 104
109 135
109 347
110 26
110 33
110 384
110 463
111 6
111 136
111 230
111 301
111 381
112 36
112 58
112 71
112 157
112 282
112 291
112 344
112 414
112 449
112 472
113 288
113 387
113 445
114 71
114 170
114 387
114 389
115 72
115 90
115 120
115 210
115 447
115 454
116 13
116 129
116 191
116 226
116 233
116 302
116 365
116 378
117 189
117 244
117 257
117 390
118 124
118 317
118 347
118 399
119 30
119 95
119 106
119 131
119 157
119 249
119 352
119 385
119 399
119 408
119 447
120 3
120 47
120 52
120 72
120 337
120 343
120 478
120 489
121 47
121 166
121 212
121 229
121 303
121 308
121 336
121 474
122 69
122 159
122 183
122 266
122 338
122 350
122 444
122 449
122 481
123 56
123 72
123 487
124 3
124 143
124 261
124 368
124 446
124 491
125 170
125 310
125 366
125 496
126 159
126 247
126 328
126 349
126 457
126 464
126 476
126 481
126 492
127 118
127 135
127 216
127 263
127 349
127 474
128 15
128 243
128 368
128 412
128 444
129 56
129 162
129 307
129 364
130 151
130 195
130 297
130 351
131 35
131 38
131 105
131 171
131 210
132 103
132 107
132 206
132 214
132 220
132 301
133 13
133 70
133 98
133 217
133 336
133 378
133 465
134 10
134 68
134 110
134 167
134 169
134 197
135 107
135 132
135 247
135 369
136 239
136 318
136 331
136 358
136 399
137 166
137 239
137 257
137 300
137 353
138 6
138 59
138 73
138 217
138 285
138 395
138 429
138 492
139 149
139 221
139 240
139 291
140 165
140 323
140 351
140 468
141 81
141 158
141 176
141 202
141 365
141 479
141 480
142 61
142 82
142 174
142 176
142 269
142 275
142 281
142 393
142 436
143 39
143 136
143 193
143 242
143 261
143 278
143 425
144 79
144 119
144 124
144 170
144 176
144 199
144 389
145 85
145 103
145 379
145 384
145 399
146 6
146 30
146 104
146 171
146 209
146 406
146 442
146 498
147 96
147 131
147 132
147 237
147 264
147 376
147 391
147 454
148 117
148 214
148 230
148 274
149 267
149 359
149 404
150 87
150 162
150 208
150 220
150 360
150 410
151 54
151 167
151 235
151 246
151 248
151 310
151 420
152 9
152 61
152 111
152 362
152 367
153 1
153 126
153 296
153 351
153 363
153 436
154 71
154 280
154 356
154 448
155 23
155 81
155 114
155 360
155 398
155 446
156 96
156 118
156 326
157 85
157 249
157 412
158 18
158 196
158 500
159 22
159 173
159 194
159 252
159 337
160 65
160 151
160 296
160 435
161 190
161 267
161 300
161 302
161 474
161 476
161 498
162 21
162 113
162 167
162 251
162 293
162 370
162 407
163 14
163 57
163 85
163 138
163 266
163 344
163 377
163 398
163 402
163 458
164 119
164 227
164 308
164 483
165 345
165 399
165 426
166 39
166 61
166 69
166 93
166 235
166 255
166 443
167 105
167 272
167 320
168 55
168 114
168 396
169 160
169 171
169 197
170 221
170 366
170 382
171 191
171 232
171 269
171 284
172 205
172 297
172 410
172 476
173 170
173 178
173 336
174 35
174 47
174 119
174 219
174 279
175 66
175 138
175 282
175 341
175 355
175 366
176 263
176 415
177 300
177 467
178 126
178 244
178 324
178 433
179 15
179 34
179 104
179 169
179 243
179 308
180 51
180 344
180 357
180 457
181 146
181 319
181 338
181 436
181 460
182 142
182 154
182 421
184 118
184 142
184 224
184 333
184 449
185 31
185 146
186 49
186 157
186 325
186 491
186 494
187 3
187 4
187 208
187 381
187 463
188 327
188 370
189 134
189 370
189 399
189 416
189 432
189 444
189 465
190 74
190 186
190 267
190 275
191 73
191 187
191 271
191 291
191 322
191 404
192 3
192 30
192 195
192 205
192 291
192 307
192 445
192 483
193 269
193 353
193 364
193 385
194 75
194 85
194 129
194 161
194 277
194 444
195 139
195 236
195 238
196 76
196 97
196 145
196 200
196 314
197 30
197 477
198 111
198 145
198 217
198 365
199 81
199 117
199 333
199 488
200 35
200 64
200 97
200 116
200 129
200 211
200 321
201 90
201 235
201 282
201 335
201 376
201 387
202 141
202 215
202 243
202 424
202 432
203 122
203 221
203 336
203 360
203 382
203 390
203 439
204 88
204 306
204 373
204 394
204 432
205 92
205 282
205 371
205 448
205 449
206 67
206 186
206 217
206 313
206 329
206 373
207 35
207 52
207 317
207 324
207 388
207 400
207 452
208 5
208 10
208 180
208 316
209 5
209 167
209 327
209 413
209 415
210 292
210 348
210 411
210 427
210 498
211 35
211 94
211 106
211 200
211 207
212 94
212 108
212 151
212 360
212 415
213 430
214 226
214 247
214 323
214 413
214 443
215 1
215 393
216 103
216 133
216 196
216 278
216 447
216 450
216 456
216 468
217 34
217 95
217 114
217 209
217 273
217 475
218 188
218 260
218 377
218 447
218 493
219 377
219 439
220 236
220 239
220 332
220 430
221 39
221 81
221 133
221 218
221 231
221 486
222 17
222 68
222 87
222 141
222 281
222 282
222 491
223 315
223 478
224 207
224 410
225 52
225 88
225 110
225 166
225 170
226 276
226 278
226 425
227 178
227 238
227 353
227 470
227 484
227 489
228 126
228 390
229 116
229 127
229 159
229 264
229 296
229 305
229 322
229 364
229 401
229 472
230 20
230 302
230 390
230 459
231 179
231 183
231 319
231 333
232 109
233 239
233 308
233 352
233 437
234 155
234 175
234 198
234 356
234 463
234 497
235 296
235 303
235 397
236 64
236 116
236 117
236 234
236 372
236 415
236 477
237 363
238 31
238 36
238 44
238 170
238 318
238 382
238 423
239 50
239 55
239 69
239 149
239 291
239 406
239 460
240 81
240 274
240 339
240 419
240 425
241 100
241 209
241 275
241 427
241 428
242 80
242 215
242 247
243 2
243 71
243 126
243 245
244 33
244 61
244 247
244 337
245 197
245 351
246 138
246 175
246 204
246 318
246 344
246 347
247 302
247 370
247 372
248 134
248 372
249 94
249 238
249 480
250 50
250 61
250 154
250 189
250 307
250 399
251 46
251 80
251 86
251 113
251 139
251 152
251 342
251 347
251 422
251 470
252 106
252 107
252 119
252 183
252 304
252 328
252 355
252 412
252 424
253 30
253 64
253 310
253 362
254 440
254 477
255 61
255 64
255 321
255 412
256 109
256 274
256 359
256 401
256 461
257 80
257 96
257 104
257 117
257 242
257 281
257 303
258 150
259 150
259 165
259 189
259 190
259 344
259 449
260 87
260 181
260 228
260 317
260 424
260 491
261 40
261 47
261 52
261 130
261 153
261 217
262 22
262 256
263 2
263 103
263 138
263 161
263 298
263 312
263 316
263 396
263 436
263 450
264 8
264 70
264 132
264 168
264 289
264 319
264 324
264 379
264 432
264 467
265 35
265 45
265 59
265 76
265 207
265 444
267 152
267 230
267 233
267 285
268 130
268 316
268 490
269 209
269 346
269 369
269 456
270 363
270 422
270 426
271 55
271 241
271 279
271 333
271 348
271 495
271 498
272 93
272 198
272 221
272 269
272 284
272 398
272 436
273 23
273 215
273 426
274 69
274 249
274 329
274 354
274 367
274 462
275 204
275 243
275 419
276 6
276 203
276 306
276 437
277 111
277 128
278 123
278 296
278 391
279 16
279 44
279 206
279 326
279 349
280 190
280 325
280 428
281 21
281 62
281 88
281 99
281 123
282 130
282 273
282 275
282 304
282 348
282 447
283 63
283 126
283 219
283 241
283 270
283 442
283 450
283 500
284 103
284 202
284 391
285 50
285 125
285 159
285 170
285 250
285 340
285 346
285 456
286 16
286 196
286 299
286 306
287 9
287 111
287 114
287 293
287 466
289 272
289 284
289 354
289 360
289 459
290 1
290 108
290 110
290 120
290 148
290 321
290 357
290 399
290 428
291 48
291 62
291 115
291 124
291 181
291 406
291 425
291 473
292 6
292 19
293 177
293 209
293 226
293 302
293 383
294 40
294 117
294 134
294 137
294 237
294 427
295 79
295 238
295 271
295 303
295 451
296 5
296 8
296 30
296 155
296 215
296 427
296 439
296 444
296 462
297 6
297 14
297 46
297 50
297 103
297 181
297 185
297 393
297 476
297 494
298 12
298 44
298 58
298 151
298 174
298 372
298 376
298 431
299 35
299 52
299 178
299 199
299 304
299 403
300 139
300 196
300 234
300 301
300 360
300 415
300 453
301 37
301 72
301 96
301 279
302 438
303 35
303 112
303 160
303 252
303 333
304 44
304 283
304 331
304 395
304 410
304 476
305 23
305 43
305 49
305 126
305 255
305 421
306 160
306 189
306 359
306 385
306 419
306 437
307 97
307 141
307 172
307 197
309 2
309 6
309 84
309 104
309 163
309 222
309 453
310 284
311 56
311 107
311 234
311 308
311 339
311 376
311 386
311 451
311 458
312 53
312 59
312 393
312 412
312 464
312 471
313 66
313 231
313 442
313 474
314 19
314 53
314 195
314 222
314 240
314 351
314 433
315 294
315 355
315 378
315 459
316 226
316 261
316 318
316 441
316 450
317 156
317 195
318 56
318 189
318 243
318 315
318 409
318 416
319 3
319 17
319 78
319 233
319 239
319 269
319 395
319 460
320 57
320 255
320 342
321 276
321 436
321 446
321 467
321 474
322 17
323 48
323 136
323 184
323 350
323 355
324 164
324 176
324 252
325 125
325 233
325 275
325 447
326 10
326 35
326 38
326 138
326 346
326 418
326 457
327 24
327 142
327 152
328 39
328 447
329 46
329 171
329 352
330 54
330 291
330 453
331 179
331 384
331 453
331 458
332 143
332 172
332 176
332 280
332 386
332 401
333 10
333 100
333 111
333 131
333 237
333 339
333 386
333 445
334 192
334 308
334 400
335 63
335 73
335 107
335 261
335 337
337 116
338 15
338 183
338 264
338 276
338 318
338 428
339 179
339 198
339 275
339 349
339 363
339 472
340 276
340 320
340 360
340 496
341 105
341 165
341 297
341 484
342 203
342 258
342 275
342 285
342 318
342 396
342 447
343 17
343 209
343 332
343 359
343 394
343 440
343 465
344 141
344 248
344 267
344 331
344 333
344 334
344 377
344 434
344 461
345 41
345 216
345 222
345 239
345 255
345 414
345 450
345 499
346 5
346 113
346 124
346 173
346 431
347 33
347 77
347 148
347 170
347 198
347 277
347 336
347 404
347 409
348 47
348 74
348 85
348 168
348 236
348 272
348 389
348 406
348 484
348 498
349 172
349 278
349 334
349 446
349 447
350 315
351 35
351 47
351 221
351 286
351 330
352 43
352 353
352 445
353 119
353 449
354 42
354 111
354 180
354 191
354 228
354 307
354 399
354 449
355 99
355 127
355 167
355 478
356 43
356 116
356 334
357 339
357 342
358 2
358 31
358 52
358 139
358 142
358 168
358 320
358 323
358 479
359 3
359 22
359 241
359 490
360 91
360 98
360 156
361 58
361 64
361 189
361 337
362 30
362 97
362 133
362 300
362 447
362 461
363 12
363 13
363 41
363 198
363 241
363 269
363 305
363 367
364 196
364 247
364 252
364 296
364 399
365 16
365 87
365 393
365 424
366 272
366 341
366 407
367 92
367 104
367 217
367 325
367 386
368 7
368 22
368 32
368 136
368 165
368 255
369 366
369 476
370 130
370 326
371 34
371 134
371 204
371 227
372 41
372 233
372 240
372 311
372 396
372 417
373 12
373 403
374 71
374 128
374 220
375 111
375 157
375 423
375 443
377 16
377 33
377 107
377 138
377 168
377 205
377 284
377 332
378 157
378 232
378 353
378 361
378 381
378 438
379 331
379 334
379 416
379 470
380 33
380 138
380 159
380 331
380 395
381 315
382 169
382 193
382 416
382 450
382 489
383 59
383 100
383 461
384 30
384 182
384 223
384 261
384 304
384 348
384 436
384 477
385 226
385 238
385 286
385 475
385 477
386 46
386 120
386 232
386 322
386 403
387 7
387 128
387 133
387 162
387 255
387 266
387 418
388 47
388 201
388 219
388 258
388 350
389 1
389 85
389 136
389 197
389 287
389 314
390 26
390 42
390 154
390 198
390 467
391 26
391 59
391 64
391 214
391 284
391 290
391 339
391 385
391 443
392 19
392 114
392 261
392 266
392 341
393 21
393 97
393 205
393 318
393 331
393 349
393 421
393 438
393 481
394 4
394 179
394 290
394 356
394 454
395 232
396 284
397 265
397 283
397 354
397 357
397 388
397 443
397 472
398 134
398 210
398 246
398 401
398 411
399 38
399 333
399 377
399 493
400 44
400 110
400 282
400 479
401 109
401 185
401 284
401 459
401 476
402 272
402 277
402 469
403 279
403 292
403 330
404 19
404 105
404 186
404 233
404 316
404 357
404 366
404 377
404 419
404 459
405 312
405 435
405 446
405 474
406 284
406 411
407 52
407 88
407 95
407 138
407 160
407 196
407 223
407 261
407 280
407 408
408 51
408 129
408 163
408 192
408 193
409 28
409 35
409 51
409 218
409 380
409 421
409 444
410 13
410 33
410 38
410 246
410 297
410 334
410 386
410 484
411 3
411 63
411 300
411 303
411 304
411 315
411 387
411 455
412 224
412 261
412 290
412 304
412 407
412 415
412 471
413 40
413 339
413 456
413 485
413 490
414 88
414 122
414 149
414 177
414 178
414 313
414 386
415 196
415 306
415 426
415 445
416 46
416 188
416 237
416 286
416 315
416 351
416 464
417 76
417 292
417 379
417 437
418 168
418 311
419 152
419 329
419 454
419 471
420 14
420 312
421 108
421 296
421 328
421 380
421 437
422 163
422 197
423 3
423 41
423 105
423 191
423 213
423 270
423 286
423 295
423 461
424 52
424 157
424 158
424 272
424 329
424 358
424 371
424 411
424 432
425 350
425 364
426 255
426 304
426 317
426 397
426 455
426 471
426 481
427 264
427 281
427 445
427 480
428 92
428 136
428 422
428 487
429 94
429 236
429 266
429 269
429 326
429 387
429 389
429 486
430 16
430 21
430 170
430 188
430 226
430 297
431 35
431 140
431 189
431 239
431 322
431 332
431 458
431 491
432 141
432 153
433 39
434 67
434 296
434 335
435 473
436 46
436 352
436 364
437 2
437 497
438 25
438 80
438 317
438 359
438 465
439 103
439 204
439 242
439 318
439 486
439 487
440 20
440 91
440 123
440 152
440 292
440 318
440 453
441 30
441 262
441 406
441 500
442 120
443 266
443 470
444 344
445 82
445 102
445 349
446 26
446 30
446 34
446 354
446 435
446 440
447 64
447 109
447 190
447 429
448 91
448 164
448 182
448 331
448 410
448 475
448 481
449 235
449 245
449 333
449 371
449 417
449 424
450 81
450 166
450 361
450 404
450 409
451 117
451 218
451 403
451 473
452 52
452 62
452 87
452 104
452 110
452 113
452 131
452 217
452 281
452 287
452 358
452 388
452 418
452 465
453 66
453 104
453 105
453 227
453 235
453 256
453 301
453 488
454 223
455 14
455 166
455 193
455 198
455 379
455 386
455 389
456 26
456 121
456 331
456 491
457 57
457 118
457 217
457 267
457 382
457 448
458 53
458 81
458 171
458 178
458 434
458 444
458 481
459 56
459 106
459 164
459 311
459 392
459 420
459 431
459 447
460 4
460 18
460 40
460 47
460 68
460 98
460 242
460 302
460 310
461 285
461 353
461 456
462 2
462 136
462 193
463 60
463 99
463 226
463 262
463 272
463 437
463 457
464 119
464 185
464 271
464 398
464 436
465 56
465 160
465 249
465 346
465 428
465 460
465 491
466 126
466 165
466 186
466 298
466 319
466 320
467 36
467 39
467 47
468 401
469 5
469 12
469 26
469 31
469 44
469 156
469 197
469 209
469 282
469 490
470 150
470 155
470 326
471 220
471 281
471 419
472 107
472 112
472 121
472 183
472 376
472 409
472 427
472 500
474 154
474 246
474 251
474 253
474 257
474 440
475 136
475 160
475 229
475 236
475 297
475 441
475 446
476 41
476 66
476 177
476 184
476 353
476 469
477 45
477 70
477 295
477 444
478 99
478 266
478 407
479 134
479 156
479 175
479 295
479 361
479 371
479 393
479 478
480 119
480 144
480 210
480 224
480 264
481 26
481 186
481 211
481 350
481 395
482 7
482 192
482 261
482 269
482 272
482 497
483 153
483 225
483 370
483 463
484 201
484 434
484 463
484 499
485 83
485 157
485 344
486 62
486 378
486 483
487 73
487 79
487 234
487 326
487 349
487 356
487 415
488 37
488 45
488 55
488 68
489 485
489 500
490 95
490 240
490 309
490 329
490 336
490 389
490 423
491 145
491 220
491 230
491 256
491 367
491 387
491 453
492 73
492 77
492 105
492 141
492 177
492 237
492 439
493 26
493 331
493 369
493 406
494 116
494 413
495 134
495 278
495 436
495 460
496 28
496 71
496 233
496 269
496 336
496 371
497 74
497 155
497 185
497 245
497 311
497 344
497 498
498 64
498 193
498 201
498 215
498 221
498 306
499 66
499 99
499 199
499 248
499 468
500 348
