500
1986
1 15
1 150
1 398
1 481
2 1
2 143
2 302
2 383
2 431
3 72
3 353
3 479
4 275
4 383
5 308
5 330
5 499
6 5
6 356
6 430
7 246
7 391
7 412
7 420
8 125
8 188
8 203
8 331
8 349
9 56
9 80
9 140
10 67
10 148
10 306
10 385
10 431
10 456
11 84
11 168
11 232
11 293
11 329
11 441
12 103
12 426
12 468
13 39
13 399
14 184
14 223
14 239
14 302
14 319
15 169
15 215
15 458
16 346
16 422
17 40
17 128
17 254
17 306
17 395
18 233
18 314
18 355
18 376
18 485
19 17
19 154
19 167
19 186
19 194
19 205
19 311
19 379
20 230
20 264
20 269
20 422
20 450
21 186
21 254
22 60
22 487
23 5
23 75
23 146
24 153
24 161
24 162
24 305
24 343
24 442
25 441
26 19
26 156
26 381
26 389
27 82
27 298
28 92
28 195
28 500
29 146
29 316
30 19
30 36
30 319
31 14
31 58
31 120
31 151
31 394
32 48
32 173
32 190
32 389
32 435
33 159
33 356
33 416
33 437
34 5
34 40
34 74
34 302
34 364
35 82
35 264
35 459
36 167
36 198
36 250
36 350
36 431
36 473
36 499
37 349
37 369
38 131
38 173
38 197
38 317
38 358
38 498
39 96
39 284
40 243
40 301
40 423
41 201
41 282
42 9
42 39
42 56
42 259
42 466
43 49
43 225
43 233
43 293
43 352
43 357
43 444
43 455
43 491
44 106
44 171
44 344
44 453
45 97
45 485
46 76
46 190
46 358
46 483
47 10
47 372
47 403
48 85
48 261
48 384
48 402
49 116
49 165
49 235
50 236
50 282
50 374
50 391
51 31
51 61
51 112
51 139
52 59
52 208
52 328
52 469
53 28
53 262
53 373
53 422
55 30
55 91
55 119
55 393
55 466
55 471
56 222
57 165
57 348
57 372
57 461
58 55
58 56
58 170
58 328
58 331
58 470
59 129
59 293
59 466
60 22
60 51
60 122
60 138
60 174
61 10
61 26
61 74
61 116
61 309
61 328
61 415
61 431
62 63
62 65
63 319
63 371
63 486
64 160
64 412
65 14
65 73
65 179
65 251
65 361
65 405
65 431
65 466
66 73
66 118
66 133
66 356
66 475
67 298
67 451
68 73
68 283
68 332
68 391
68 437
69 197
69 308
69 445
70 42
70 135
70 251
70 469
71 37
71 354
71 399
72 43
72 53
72 63
72 90
72 234
72 341
72 348
72 454
72 479
73 79
73 232
73 362
73 437
74 107
74 311
74 356
75 29
75 71
76 115
76 148
76 369
76 387
76 438
77 121
77 137
77 302
77 388
77 402
78 3
78 176
78 189
78 296
79 307
79 335
80 53
80 143
80 390
81 91
81 189
81 200
81 232
81 400
82 11
83 90
83 206
83 355
83 376
83 387
83 485
84 57
84 63
84 473
85 135
85 480
86 53
86 122
86 282
86 297
86 323
86 372
86 439
87 491
88 2
88 19
88 27
88 93
88 220
88 253
88 285
88 346
88 372
89 92
89 284
89 288
89 345
90 33
90 144
90 238
90 285
90 477
90 484
91 99
91 200
91 261
91 269
91 296
91 389
91 491
92 138
92 161
92 455
93 298
95 277
96 12
96 71
96 108
96 124
96 379
97 27
97 274
98 86
98 205
98 306
98 354
98 395
98 419
99 465
99 491
100 111
100 306
100 376
100 463
101 156
101 210
101 459
102 112
102 128
102 129
102 164
102 290
102 369
102 397
102 460
103 43
103 243
103 292
103 356
103 407
103 453
103 467
104 452
105 112
105 157
105 184
105 270
106 63
106 481
107 95
107 156
107 198
107 315
107 337
107 342
108 103
108 124
108 210
108 321
108 340
109 293
110 47
110 318
110 396
111 47
111 67
111 114
111 131
111 361
111 412
111 470
112 47
112 59
112 389
113 83
113 255
113 331
113 454
114 211
114 439
114 480
115 154
115 188
115 230
115 242
116 53
116 69
116 84
116 335
116 359
116 457
117 205
117 486
118 95
118 129
118 426
119 185
119 198
119 250
119 373
120 124
120 466
120 493
121 19
121 46
121 265
121 478
121 493
122 83
122 123
123 88
123 242
123 252
123 293
123 323
123 421
124 92
124 203
124 211
124 279
124 339
124 489
125 7
125 68
125 300
125 387
126 209
126 306
126 358
127 4
127 273
127 370
127 423
128 40
128 215
129 14
129 370
129 385
129 400
129 431
129 460
130 10
130 43
130 325
131 209
131 306
131 417
131 424
131 475
132 3
132 121
132 213
132 252
132 336
132 370
132 474
133 23
133 75
133 105
133 118
133 146
133 410
133 441
134 149
134 383
135 35
135 38
135 49
135 83
135 312
135 356
136 243
137 181
137 394
138 34
138 45
138 70
138 256
138 394
139 26
139 73
139 111
139 171
139 303
139 331
139 394
140 1
140 134
140 145
140 283
140 302
141 421
141 447
142 29
142 58
142 264
142 317
143 66
143 155
143 279
143 482
143 483
143 495
144 26
144 239
145 322
146 251
146 425
146 477
147 112
147 269
147 396
147 461
148 82
148 387
149 274
149 392
149 419
150 71
150 94
150 106
150 373
151 10
151 135
151 208
151 259
152 117
152 202
153 109
153 117
153 186
153 221
153 273
153 421
154 34
154 195
154 218
154 359
154 440
155 132
155 146
155 178
155 197
156 22
156 184
156 442
156 492
157 202
157 455
158 210
158 355
158 436
159 75
159 167
159 312
159 467
159 485
159 498
160 146
161 76
161 450
162 167
162 291
163 200
163 216
164 3
164 203
164 381
164 429
164 432
165 85
165 195
165 268
166 42
166 67
166 260
166 395
167 42
167 127
167 330
167 362
168 1
168 14
168 156
168 190
168 215
168 241
168 261
168 330
168 394
169 27
169 155
169 197
169 261
169 286
169 406
169 417
169 474
170 131
170 189
170 227
170 400
171 115
171 271
171 406
171 438
172 107
172 192
172 213
172 315
172 343
172 355
173 277
174 73
174 85
174 135
174 257
174 496
175 109
175 181
175 346
175 387
175 424
177 12
177 19
177 100
177 159
178 149
178 158
178 196
178 231
178 429
179 4
179 53
179 272
179 327
179 442
179 481
180 144
180 381
181 40
181 314
181 324
182 38
182 162
182 357
182 375
182 376
183 403
185 44
185 138
185 152
185 214
185 460
186 16
186 190
186 243
186 443
187 107
187 313
187 371
188 103
188 232
188 294
189 16
190 53
190 56
190 394
191 66
191 186
191 423
191 460
191 466
191 476
192 135
192 492
193 34
193 69
193 93
193 174
193 201
193 473
193 486
194 3
194 107
194 125
194 157
194 369
194 442
194 460
195 8
195 79
195 291
196 182
196 363
196 486
197 5
197 52
197 84
197 88
197 136
197 174
197 314
197 324
197 446
197 462
198 53
198 90
198 456
199 233
199 437
200 70
200 350
201 43
201 46
201 199
201 309
202 120
202 144
202 188
202 387
203 45
203 57
203 133
203 326
203 348
203 402
203 429
204 54
204 165
204 186
204 286
204 298
204 447
205 86
205 177
205 291
205 305
206 466
206 483
207 23
207 86
207 253
207 313
207 377
208 148
208 244
209 83
209 124
209 225
209 257
209 295
209 395
209 449
210 66
210 275
211 56
211 72
211 391
211 482
212 241
213 139
213 193
213 319
213 358
214 131
214 185
214 209
214 212
214 385
215 6
215 76
215 178
215 361
216 25
216 252
216 369
216 386
216 439
216 455
217 179
217 229
217 331
217 422
217 453
218 247
218 450
218 490
219 4
219 7
219 41
219 176
219 382
219 467
220 159
220 205
220 278
220 435
220 464
221 250
221 331
221 469
222 32
222 45
222 69
222 270
222 298
223 96
223 109
223 166
223 198
223 335
225 4
225 216
225 250
225 374
225 411
226 310
226 389
226 462
227 3
227 163
227 267
227 368
228 70
228 92
228 236
228 429
229 61
229 237
229 359
229 375
229 413
229 491
230 46
230 112
230 128
230 468
231 159
231 194
231 322
231 329
231 363
231 404
232 161
232 258
233 87
233 208
234 173
234 265
234 274
234 284
235 160
235 234
235 449
235 463
236 271
236 466
237 115
237 267
237 300
237 341
237 357
237 416
238 5
238 32
238 250
238 481
239 131
239 427
240 51
240 271
240 348
240 436
240 464
241 364
242 81
242 93
242 99
242 131
242 135
242 363
243 119
243 454
243 481
244 145
244 221
244 443
245 136
245 190
245 255
245 309
245 367
246 191
246 406
247 48
247 174
247 203
247 262
247 392
247 394
247 405
247 454
248 117
248 359
248 365
248 390
248 466
248 494
249 293
249 472
250 53
250 156
250 235
250 404
250 490
251 174
251 233
251 270
251 340
251 404
252 57
252 118
252 196
252 329
253 295
253 340
253 454
253 490
254 6
254 51
254 98
254 129
254 290
254 342
254 388
254 432
254 461
255 41
255 99
255 135
255 239
255 286
255 378
255 428
256 243
256 395
256 459
257 39
257 141
257 143
257 198
257 215
257 236
257 239
257 262
257 287
257 360
257 400
258 291
258 421
258 438
258 479
259 131
259 245
259 271
259 301
259 406
260 77
261 47
261 324
261 329
262 67
262 189
262 241
263 67
263 70
263 111
263 134
263 135
263 186
264 171
264 183
265 106
265 170
265 197
265 254
265 401
265 425
265 456
266 234
266 280
266 350
267 32
267 93
267 263
267 290
267 327
268 218
268 331
268 411
268 451
268 453
269 48
269 298
269 343
269 361
270 92
270 173
271 44
271 154
271 225
271 238
271 393
271 455
272 3
272 85
272 263
272 301
273 338
273 464
274 293
274 320
274 327
275 21
275 56
275 155
276 81
276 179
276 181
276 302
276 473
277 56
277 183
277 431
277 487
278 79
278 114
278 139
278 176
278 311
278 492
279 21
279 109
279 263
279 284
279 434
279 477
280 61
280 73
280 426
281 76
281 268
281 398
281 417
282 1
282 191
283 101
283 152
283 177
283 251
283 319
283 431
284 203
285 104
285 342
286 188
286 432
287 10
287 340
287 488
288 41
288 432
289 47
289 77
289 152
289 197
289 240
289 277
289 345
289 403
290 9
290 29
290 341
290 426
290 434
290 441
290 467
290 477
291 142
291 253
291 277
291 295
292 7
292 31
292 288
292 302
292 309
292 353
293 90
293 127
293 152
293 247
293 373
293 461
294 218
294 367
294 473
295 8
295 38
295 270
295 272
295 397
295 428
295 452
296 237
296 266
296 318
296 401
296 448
296 480
297 17
297 91
297 245
297 377
298 192
298 293
298 482
299 9
299 121
299 271
299 493
300 266
300 322
300 374
300 383
300 409
301 227
302 71
302 84
302 97
302 107
302 124
302 204
302 246
302 254
303 21
303 196
303 292
303 299
304 33
304 275
304 460
305 75
305 166
305 206
306 190
306 210
306 250
306 463
307 240
307 398
307 425
307 426
307 492
308 24
308 63
308 191
308 291
308 343
308 345
309 23
309 105
309 165
310 112
310 182
310 467
311 75
311 117
311 250
311 296
311 420
312 213
312 250
312 485
313 82
313 192
313 195
313 424
313 483
314 120
314 247
314 326
314 366
315 39
315 105
315 215
315 271
315 393
316 78
316 160
316 165
317 99
317 353
318 63
318 357
318 384
319 269
319 439
320 52
320 69
320 205
320 268
320 400
320 417
320 483
321 116
321 334
322 97
322 181
322 204
322 434
323 117
323 373
323 407
323 462
323 469
324 77
324 276
325 314
325 329
325 402
325 446
325 462
326 1
326 25
326 141
326 228
326 318
326 424
327 16
327 468
328 19
328 200
328 215
328 278
328 482
329 99
329 240
330 259
330 283
330 452
330 466
330 468
331 4
331 127
332 16
332 190
332 194
332 385
332 393
333 11
333 282
334 112
334 294
334 303
334 311
334 361
334 440
334 478
335 36
335 197
335 272
336 79
336 154
336 477
337 43
337 147
337 216
338 98
338 411
338 434
339 412
340 73
340 230
340 240
340 434
340 473
340 490
341 68
341 420
341 469
342 163
343 292
344 120
344 396
344 399
344 478
345 15
345 81
345 294
345 358
345 474
346 264
346 496
347 243
347 350
348 124
349 40
349 59
349 63
349 89
349 472
350 37
350 112
350 257
350 330
350 357
351 43
351 107
351 151
351 436
352 362
352 483
353 40
353 42
353 260
353 283
353 378
353 419
353 449
354 93
354 301
354 337
354 348
355 179
355 482
356 45
356 139
356 181
356 276
356 317
356 353
357 59
357 261
357 386
357 427
357 475
358 160
358 202
358 268
358 359
358 434
359 92
359 135
359 209
359 232
359 243
359 274
359 386
359 423
359 445
360 67
360 91
360 294
360 301
361 115
361 148
361 291
361 411
362 4
362 44
363 45
363 48
363 264
363 272
363 315
364 32
364 142
364 258
364 270
364 357
364 482
365 29
365 307
365 315
365 352
365 430
366 66
367 19
367 66
367 233
367 439
368 22
368 76
369 120
369 295
370 7
370 215
370 273
370 302
370 356
370 383
370 454
371 205
371 245
372 171
372 486
373 3
373 75
373 133
373 305
373 331
373 440
374 145
374 181
374 317
375 31
375 49
375 79
376 13
376 140
376 172
376 214
376 398
377 141
377 211
377 371
377 498
378 19
378 28
378 110
378 199
378 224
378 375
378 479
379 66
379 213
379 426
379 459
380 345
380 428
381 7
381 28
381 129
381 267
381 292
381 441
382 79
382 242
382 364
382 400
382 428
383 207
383 271
383 291
384 409
384 490
385 103
385 141
385 157
385 160
385 205
385 211
385 249
385 257
385 409
386 56
386 215
386 283
387 14
387 235
388 24
388 150
388 164
388 325
388 458
388 484
389 467
390 139
390 140
390 181
390 217
390 486
391 43
391 64
391 147
391 418
392 59
392 117
392 363
392 444
393 96
393 190
393 191
393 365
393 479
394 40
394 71
394 162
394 243
394 253
394 373
394 384
395 3
395 168
395 384
395 385
395 405
396 5
396 37
396 331
396 351
397 63
397 133
397 474
398 212
398 234
399 123
399 258
399 426
399 500
400 108
400 119
400 196
400 253
400 320
401 64
401 150
401 232
402 62
402 233
402 313
402 412
403 22
403 32
403 273
403 311
403 411
403 475
404 10
404 35
404 61
404 225
404 330
405 134
405 191
405 425
405 499
406 14
406 373
407 106
407 139
407 459
408 175
408 341
409 162
409 466
410 97
410 209
411 483
412 131
412 431
413 70
413 389
414 44
414 136
414 251
414 362
414 400
415 20
415 164
415 196
415 284
415 497
416 161
416 194
416 297
416 373
417 214
417 290
417 311
417 418
418 91
418 105
418 153
419 190
419 365
419 454
419 492
420 129
420 265
420 293
420 461
421 333
421 358
421 366
422 63
422 277
422 336
422 404
422 493
423 351
423 365
424 78
424 97
424 279
424 335
424 375
425 14
425 265
425 477
426 376
426 440
426 460
426 469
427 103
427 123
428 120
428 142
428 190
428 274
428 352
429 34
429 50
429 54
429 233
429 246
429 280
429 379
429 401
430 22
430 107
430 396
430 417
430 469
431 149
431 222
431 462
432 48
432 85
432 212
432 473
433 223
433 341
433 457
434 305
434 358
434 426
434 483
435 44
435 290
435 300
436 54
436 143
436 396
436 455
437 63
437 84
437 113
437 125
437 262
437 368
437 446
437 487
438 86
438 447
439 273
439 455
439 472
440 155
441 29
441 211
441 280
441 385
442 5
442 132
442 234
442 333
442 392
442 479
442 481
443 271
443 289
443 397
443 449
444 167
445 133
445 372
445 374
446 22
446 203
447 195
447 230
447 445
448 64
448 248
448 327
449 98
449 100
449 318
449 421
449 485
450 10
450 60
451 190
451 212
451 293
451 314
452 125
452 478
453 255
453 342
453 430
453 452
454 106
454 155
454 321
454 440
454 475
455 35
455 175
455 327
455 462
455 486
456 450
457 35
457 39
457 45
457 121
457 465
458 23
458 175
458 296
459 225
459 286
459 425
460 41
460 46
460 159
460 258
460 363
461 27
461 103
461 155
461 274
461 414
462 93
462 419
463 60
463 203
463 314
464 135
464 166
464 183
465 101
465 108
465 114
465 155
466 28
466 101
466 119
466 136
466 325
466 436
466 492
467 46
467 109
467 162
467 331
467 471
468 24
468 28
468 122
468 141
468 154
468 158
468 256
468 473
469 47
469 75
469 249
469 312
469 343
469 410
470 200
470 264
470 270
470 384
470 426
471 288
471 392
472 7
472 43
472 97
472 246
472 444
472 480
473 3
473 12
473 269
473 461
473 487
474 5
474 28
474 74
474 188
474 218
474 235
474 471
474 475
475 230
475 485
475 490
476 314
476 357
476 439
477 159
477 252
477 328
477 450
477 475
478 52
478 108
478 132
478 213
478 240
478 284
478 325
479 45
479 74
479 299
479 316
480 43
480 291
480 356
480 474
480 481
480 494
481 100
481 217
481 299
481 498
482 160
482 195
482 299
482 342
483 126
483 176
483 393
483 411
484 66
484 84
484 121
484 173
484 214
484 304
484 338
484 477
484 480
485 3
485 76
485 123
485 125
485 216
485 220
485 244
485 315
485 360
485 452
486 52
486 206
486 213
486 476
487 40
487 268
487 338
487 408
487 434
487 464
488 304
488 462
489 96
489 160
489 385
490 126
490 359
490 469
491 95
491 310
491 400
491 459
492 121
493 151
493 192
493 224
493 487
494 89
494 224
495 124
495 307
496 155
496 157
496 281
496 333
496 418
496 495
497 100
497 163
497 176
497 219
497 257
497 352
497 458
498 25
498 266
498 384
498 500
499 314
499 328
499 372
499 432
500 295
500 443
