500
4454
1 167
1 215
1 250
1 341
1 365
1 415
2 115
2 194
2 267
2 441
3 71
3 158
3 300
3 313
3 347
3 456
4 6
4 112
4 172
4 211
4 238
4 389
4 396
4 401
4 404
4 439
4 450
4 462
5 2
5 37
5 43
5 57
5 67
5 72
5 87
5 125
5 206
5 211
5 278
5 291
5 363
5 374
5 404
5 422
5 496
6 20
6 204
6 208
6 257
6 330
7 104
7 147
7 260
7 311
7 332
7 349
7 368
7 423
7 428
7 482
8 153
8 198
8 203
8 242
8 271
8 352
8 358
8 361
8 397
9 52
9 152
9 207
9 251
9 263
9 421
9 430
9 477
10 3
10 73
10 153
10 200
10 253
10 255
10 303
10 320
10 337
10 349
10 353
10 359
10 388
10 442
10 451
11 96
11 250
11 270
11 348
11 426
12 89
12 229
12 314
12 366
12 375
12 453
12 473
13 20
13 39
13 86
13 149
13 169
13 327
13 413
14 122
14 125
14 212
14 484
15 68
15 107
15 142
15 253
15 312
15 324
15 343
15 446
15 495
16 46
16 71
16 92
16 98
16 104
16 108
16 135
16 181
16 198
16 266
16 350
16 353
17 28
17 33
17 68
17 73
17 173
17 198
17 253
17 254
17 311
17 335
17 370
17 414
17 420
17 431
17 491
18 69
18 70
18 144
18 251
18 423
18 460
19 39
19 48
19 69
19 100
19 156
19 169
19 203
19 225
19 233
19 272
19 329
19 349
19 353
19 366
19 484
20 4
20 57
20 83
20 105
20 190
20 212
20 254
20 272
20 420
20 438
21 75
21 169
21 395
22 232
22 255
22 268
22 303
22 438
23 50
23 174
23 324
23 402
23 480
24 31
24 55
24 60
24 166
24 168
24 222
24 249
24 486
25 83
25 120
25 137
25 146
25 188
25 205
25 286
25 335
25 348
25 352
25 373
26 28
26 173
26 242
26 254
26 307
26 352
26 450
26 462
26 493
27 24
27 58
27 64
27 178
27 243
27 247
27 270
27 300
27 345
27 399
27 400
27 450
27 460
28 44
28 117
28 121
28 127
28 134
28 168
28 183
28 187
28 243
28 270
28 339
28 347
28 352
28 379
28 386
28 406
28 417
28 459
28 465
29 3
29 45
29 131
29 145
29 212
29 213
29 216
29 309
29 315
29 382
29 484
29 500
30 9
30 29
30 58
30 189
30 200
30 239
30 291
30 308
30 378
30 380
31 51
31 107
31 345
31 361
31 490
32 79
32 283
32 289
32 339
33 34
33 101
33 183
33 234
33 261
33 285
33 297
33 303
33 311
33 321
33 324
33 351
33 359
33 405
33 423
33 424
33 445
33 484
33 498
34 52
34 75
34 156
34 158
34 161
34 368
34 474
34 500
35 36
35 75
35 103
35 152
35 236
35 387
35 401
35 437
36 90
36 92
36 226
36 278
36 372
36 434
36 484
36 496
37 133
37 211
37 478
37 483
38 10
38 77
38 115
38 224
38 248
38 281
38 284
38 293
38 296
38 322
38 332
38 370
39 62
39 97
39 113
39 176
39 343
39 368
39 387
39 430
40 26
40 138
40 234
40 402
40 427
41 81
41 92
41 209
41 255
41 275
41 457
42 27
42 64
42 137
42 267
42 363
42 409
42 445
43 27
43 57
43 60
43 73
43 82
43 196
43 204
43 286
43 343
43 454
44 90
44 243
44 281
44 302
44 326
44 363
45 15
45 42
45 70
45 74
45 111
45 133
45 259
45 363
45 378
45 477
46 18
46 98
46 193
46 227
46 431
46 439
46 444
47 80
47 86
47 156
47 173
47 187
47 202
47 263
47 324
47 431
47 437
48 58
48 90
48 232
48 242
48 251
48 298
48 399
48 440
48 467
48 500
49 16
49 129
49 130
49 172
49 195
49 292
49 295
49 316
49 389
50 55
50 174
50 235
50 268
50 282
50 348
50 360
50 458
50 498
51 76
51 123
51 124
51 330
51 336
51 419
51 455
52 11
52 41
52 224
52 345
52 359
52 376
52 432
52 444
53 21
53 35
53 39
53 124
53 198
53 289
53 446
54 79
54 130
54 199
54 230
54 289
54 378
54 427
55 79
55 102
55 204
55 257
55 407
55 424
56 7
56 72
56 114
56 196
56 206
56 213
56 336
56 343
56 428
56 449
57 148
57 200
57 240
57 302
57 314
58 12
58 27
58 31
58 95
58 438
58 450
59 65
59 101
59 177
59 210
59 241
59 256
59 317
59 394
59 430
60 8
60 142
60 174
60 226
60 228
60 371
61 4
61 133
61 160
61 226
61 237
61 250
61 286
61 301
61 439
62 29
62 70
62 159
62 168
62 184
62 253
62 295
62 299
62 366
62 410
62 444
62 467
63 58
63 87
63 110
63 128
63 170
63 178
63 222
63 233
63 244
63 250
63 299
63 368
63 374
63 434
64 126
64 299
64 418
64 443
65 38
65 50
65 58
65 201
65 241
65 331
65 348
65 416
65 420
65 484
65 487
66 18
66 96
66 147
66 161
66 191
66 391
66 393
66 394
66 484
67 66
67 106
67 148
67 179
67 323
67 388
67 467
67 497
68 48
68 174
68 230
68 267
68 280
68 326
68 364
68 403
68 455
68 478
69 23
69 85
69 95
69 155
69 348
69 398
70 32
70 128
70 204
70 291
70 322
70 341
70 376
71 69
71 94
71 258
71 310
71 480
72 35
72 51
72 108
72 126
72 215
72 231
72 254
72 290
72 379
72 404
72 456
73 12
73 28
73 42
73 51
73 76
73 110
73 159
73 166
73 267
73 284
73 287
73 325
73 337
73 345
73 422
74 54
74 76
74 113
74 115
74 153
74 248
74 276
74 322
74 402
74 403
74 414
74 430
74 475
75 104
75 109
75 121
75 284
75 370
75 415
75 442
75 450
76 83
76 114
76 151
76 285
76 286
76 399
76 434
76 436
76 439
76 451
77 16
77 18
77 33
77 60
77 73
77 145
77 167
77 238
77 312
77 370
77 411
77 418
77 422
77 442
78 10
78 11
78 74
78 77
78 106
78 205
78 224
78 284
78 308
78 400
78 462
78 488
78 496
79 146
79 225
79 239
79 256
79 292
79 335
79 392
79 401
79 413
79 433
80 28
80 103
80 147
80 224
80 262
80 289
80 354
80 393
80 401
80 426
81 88
81 140
81 173
81 218
81 242
81 265
81 296
81 335
81 459
81 489
82 124
82 206
82 220
82 245
82 302
82 323
82 375
82 385
82 458
83 25
83 115
83 142
83 143
83 150
83 190
83 224
83 243
83 291
83 315
83 341
83 371
83 481
83 491
84 37
84 47
84 167
84 189
84 355
84 411
84 435
85 7
85 55
85 238
85 282
85 290
85 370
85 372
86 81
86 87
86 189
86 213
86 264
86 266
86 354
86 457
86 460
86 479
86 482
87 99
87 270
87 335
87 364
87 414
87 457
87 482
87 491
88 61
88 84
88 138
88 158
88 205
88 233
88 327
88 465
88 479
89 97
89 291
89 372
89 378
89 387
89 435
89 479
89 494
90 24
90 266
90 275
90 339
90 378
91 45
91 71
91 163
91 235
91 282
91 311
91 361
91 477
91 498
92 14
92 25
92 32
92 36
92 87
92 95
92 125
92 186
92 191
92 275
92 368
93 58
93 127
93 284
93 324
93 457
93 477
93 483
93 489
94 18
94 40
94 42
94 186
94 248
94 274
94 316
95 27
95 29
95 184
95 323
95 386
95 422
95 479
95 482
95 495
96 20
96 32
96 128
96 267
96 307
96 312
96 352
96 353
97 45
97 102
97 195
97 221
97 322
97 371
97 420
98 25
98 247
98 251
98 404
98 466
99 66
99 103
99 445
99 450
99 452
100 98
100 160
100 170
100 228
100 344
100 396
100 432
100 435
100 446
100 448
100 490
101 12
101 73
101 94
101 145
101 159
101 185
101 195
101 222
101 268
101 304
101 309
101 401
101 419
101 442
101 457
101 465
102 108
102 111
102 145
102 334
102 445
102 452
103 59
103 194
103 215
103 250
103 263
104 86
104 338
104 437
104 472
105 213
105 332
105 370
105 372
106 14
106 53
106 247
106 256
106 317
106 362
106 483
106 495
107 1
107 11
107 43
107 68
107 102
107 116
107 128
107 161
107 197
107 320
107 357
107 358
107 372
107 470
107 493
107 499
108 50
108 185
108 201
108 294
108 325
108 381
108 463
108 486
108 500
109 38
109 51
109 85
109 90
109 189
109 200
109 334
109 344
109 362
109 366
109 475
110 27
110 109
110 191
110 224
110 227
110 249
110 265
110 267
110 318
110 331
110 332
110 380
110 395
110 436
110 485
110 497
111 7
111 8
111 184
111 212
111 340
111 359
111 395
112 120
112 212
112 213
113 5
113 8
113 20
113 80
113 175
113 282
113 374
114 45
114 48
114 71
114 76
114 110
114 170
114 178
114 192
114 218
114 338
114 384
114 393
114 419
114 428
114 432
114 435
114 443
114 481
115 23
115 36
115 80
115 124
115 253
115 295
115 301
115 373
115 474
115 484
116 39
116 40
116 66
116 128
116 174
116 254
116 284
116 318
116 416
117 42
117 48
117 66
117 75
117 120
117 258
117 376
117 406
117 454
117 472
117 490
118 119
118 124
118 482
118 494
119 11
119 40
119 47
119 82
119 180
119 249
119 256
119 322
119 381
119 393
120 18
120 30
120 207
120 299
120 424
121 12
121 59
121 66
121 90
121 164
121 212
121 254
121 307
121 320
121 322
122 174
122 298
122 434
122 463
122 475
123 20
123 119
123 196
123 210
123 219
123 235
123 327
123 355
123 396
123 491
124 22
124 26
124 118
124 119
124 130
124 318
124 350
125 5
125 36
125 118
125 151
125 162
125 407
125 426
125 430
125 487
126 55
126 60
126 78
126 86
126 95
126 102
126 147
126 286
126 330
126 351
126 420
126 427
126 471
127 35
127 72
127 97
127 101
127 126
127 146
127 156
127 206
127 287
127 357
127 493
128 34
128 52
128 62
128 191
128 196
128 258
128 259
128 337
128 390
128 409
128 413
128 415
128 473
128 481
128 497
129 4
129 5
129 26
129 46
129 78
129 106
129 382
129 386
130 151
130 162
130 200
130 231
130 237
130 282
130 485
131 35
131 43
131 89
131 117
131 118
131 139
131 217
131 297
131 311
131 343
131 372
131 449
132 22
132 104
132 164
132 247
132 266
132 281
132 299
132 347
132 464
132 498
133 161
133 253
133 280
133 426
133 479
134 47
134 167
134 234
134 484
135 6
135 40
135 42
135 73
135 86
135 143
135 169
135 182
135 303
135 364
135 367
136 38
136 83
136 170
136 253
136 264
136 298
136 319
136 328
136 331
136 440
137 7
137 24
137 43
137 89
137 190
137 252
137 269
137 270
137 333
137 365
137 428
137 493
138 104
138 234
138 242
138 395
139 20
139 70
139 81
139 198
139 214
139 252
139 253
139 269
139 327
139 333
139 498
140 89
140 117
140 189
140 313
140 328
140 340
140 376
140 406
140 489
141 63
141 65
141 126
141 136
141 186
141 280
141 324
141 372
141 473
141 478
141 500
142 11
142 38
142 270
142 273
142 359
142 436
142 437
142 448
142 462
143 21
143 29
143 73
143 198
143 221
143 304
143 331
143 346
143 356
143 401
143 417
143 453
143 483
143 499
143 500
144 162
144 164
144 177
144 191
144 303
144 444
144 489
145 5
145 13
145 122
145 133
145 170
145 231
145 259
145 276
145 300
145 313
145 470
146 125
146 325
146 335
146 360
146 428
146 439
147 32
147 95
147 163
147 267
147 421
147 495
148 58
148 119
148 128
148 169
148 228
148 358
148 370
148 400
148 402
148 472
149 331
149 478
150 32
150 50
150 68
150 69
150 81
150 83
150 130
150 163
150 239
150 266
150 311
150 468
151 30
151 56
151 208
151 319
151 320
151 377
151 406
152 31
152 67
152 79
152 100
152 209
152 346
152 381
152 387
152 435
152 473
152 493
153 6
153 112
153 159
153 183
153 227
153 258
153 328
153 343
153 415
153 475
154 116
154 189
154 200
154 220
154 246
154 348
154 351
154 416
154 445
155 6
155 57
155 189
155 227
155 275
155 346
155 427
155 445
155 467
155 488
156 103
156 135
156 193
156 441
157 1
157 30
157 117
157 191
157 473
157 499
158 41
158 109
158 202
158 380
158 408
158 418
158 491
158 493
158 499
159 153
159 160
159 230
159 271
159 366
159 410
160 113
160 149
160 158
160 472
161 31
161 42
161 45
161 51
161 52
161 193
161 315
161 373
161 489
162 25
162 131
162 500
163 36
163 59
163 61
163 70
163 77
163 116
163 125
163 146
163 182
163 331
163 360
163 367
163 402
163 418
163 432
163 460
163 498
164 38
164 61
164 68
164 106
164 219
164 278
164 354
164 429
164 466
165 86
165 141
165 166
165 209
165 246
165 428
166 84
166 191
166 195
166 251
166 313
166 330
166 391
166 492
167 8
167 12
167 92
167 109
167 204
167 259
167 343
167 345
167 439
168 9
168 53
168 56
168 202
168 222
168 225
168 355
168 386
168 429
169 127
169 135
169 164
169 244
169 281
169 348
169 426
170 14
170 37
170 60
170 210
170 211
170 227
170 269
170 343
170 351
170 360
170 375
170 473
170 487
171 1
171 60
171 93
171 110
171 112
171 188
171 260
171 267
171 317
171 321
171 325
171 369
171 388
171 437
172 79
172 146
172 355
172 359
173 63
173 89
173 110
173 210
173 263
173 281
173 398
173 402
173 426
173 437
173 464
174 142
174 175
174 210
174 257
174 429
175 124
175 319
175 413
175 455
176 24
176 63
176 99
176 134
176 152
176 219
176 247
176 286
176 328
176 349
176 353
176 372
176 380
176 435
177 2
177 134
177 420
177 428
177 449
178 17
178 148
178 213
178 254
178 364
178 425
179 13
179 21
179 102
179 207
179 248
179 354
179 374
179 380
179 411
179 483
180 108
180 114
180 172
180 200
180 255
180 354
180 419
180 447
180 471
180 478
181 21
181 26
181 121
181 265
181 274
181 282
181 292
181 353
181 382
181 418
181 453
181 477
182 19
182 52
182 74
182 84
182 87
182 145
182 168
182 213
182 220
182 231
182 279
182 432
182 464
182 471
183 82
183 126
183 135
183 179
183 204
183 211
183 257
183 324
183 394
183 471
184 109
184 124
184 136
184 265
184 314
184 331
184 366
184 439
184 450
184 466
185 15
185 83
185 98
185 174
185 231
185 237
185 255
185 378
185 444
185 464
186 103
186 179
186 201
186 251
186 312
186 352
186 419
187 83
187 118
187 144
187 210
187 232
187 291
187 337
187 420
187 422
187 480
188 9
188 57
188 70
188 119
188 180
188 229
188 269
188 300
188 304
188 343
188 396
189 97
189 149
189 257
189 396
190 146
190 179
190 237
190 242
190 287
190 308
190 343
190 391
190 420
190 458
191 86
191 105
191 193
191 250
191 273
191 274
191 286
191 288
191 327
191 341
191 373
191 473
191 484
192 78
192 123
192 271
192 278
192 282
192 300
192 316
192 319
192 324
192 350
192 374
192 500
193 172
193 184
193 203
193 225
193 421
193 450
194 79
194 106
194 114
194 170
194 271
194 315
194 403
194 425
194 461
195 1
195 15
195 46
195 157
195 222
195 405
196 39
196 107
196 420
196 427
196 440
197 199
197 245
197 330
198 52
198 84
198 101
198 173
198 196
198 300
198 342
198 421
198 441
199 74
199 113
199 155
199 157
199 307
199 382
199 414
200 24
200 31
200 128
200 142
200 161
200 187
200 198
200 246
200 329
200 357
200 364
201 54
201 83
201 136
201 197
201 352
201 360
201 455
201 475
202 2
202 31
202 50
202 65
202 105
202 166
202 219
202 236
202 269
202 322
202 422
202 425
203 51
203 68
203 204
203 244
203 288
203 299
203 322
203 420
203 492
204 58
204 100
204 169
204 216
204 223
204 256
204 315
204 417
204 497
205 19
205 83
205 107
205 310
205 365
205 426
205 479
206 28
206 71
206 87
206 150
206 151
206 317
206 487
207 32
207 99
207 126
207 191
207 229
207 251
207 271
207 394
207 406
207 422
207 438
208 80
208 101
208 103
208 125
208 182
208 236
208 292
208 311
208 341
208 412
209 16
209 42
209 135
209 142
209 171
209 203
209 212
209 221
209 227
209 279
209 371
209 372
209 381
209 386
209 395
209 421
209 439
209 447
209 458
210 12
210 50
210 83
210 119
210 120
210 155
210 324
210 357
210 382
210 483
210 492
211 47
211 112
211 171
211 196
211 278
212 31
212 74
212 126
212 129
212 168
212 230
212 320
213 31
213 249
213 270
213 337
213 399
213 459
213 461
214 97
214 106
214 137
214 155
214 223
214 242
214 245
214 255
214 269
214 338
214 369
214 409
215 180
215 231
215 387
215 447
215 475
216 117
216 152
216 210
216 287
216 323
216 461
217 43
217 89
217 96
217 117
217 121
217 174
217 178
217 292
217 346
218 255
218 292
218 365
218 381
218 431
218 481
219 145
219 160
219 194
219 250
219 252
219 268
219 363
220 23
220 93
220 97
220 144
220 163
220 164
220 191
220 297
220 348
220 413
220 416
220 421
220 437
220 479
220 484
221 31
221 212
221 276
221 305
221 371
221 424
221 453
221 476
221 492
222 27
222 34
222 64
222 200
222 248
222 272
222 327
223 3
223 4
223 65
223 69
223 130
223 170
223 263
223 265
223 268
223 277
223 300
223 360
223 384
223 445
223 496
224 3
224 70
224 73
224 85
224 105
224 122
224 148
224 262
224 341
224 468
225 74
225 252
225 272
225 411
225 493
225 500
226 45
226 135
226 187
226 199
226 212
226 259
226 334
226 421
226 451
227 1
227 5
227 18
227 110
227 128
227 134
227 167
227 173
227 339
227 376
228 184
228 218
228 220
228 239
228 385
228 393
228 497
229 17
229 20
229 56
229 79
229 204
229 256
229 341
229 409
229 413
230 17
230 86
230 110
230 192
230 293
230 314
230 397
230 442
231 202
231 297
231 412
231 417
231 450
232 72
232 171
232 219
232 313
232 327
232 342
232 347
232 378
232 386
232 423
232 462
233 136
233 159
233 164
233 179
233 211
233 218
233 323
233 383
233 403
234 54
234 68
234 96
234 177
234 205
234 282
234 294
234 311
235 7
235 11
235 52
235 90
235 105
235 227
235 349
235 392
235 409
235 433
236 21
236 46
236 103
236 222
236 241
236 246
236 386
236 432
236 457
236 470
237 82
237 100
237 139
237 158
237 249
237 338
237 340
237 342
237 351
237 381
238 33
238 289
238 375
238 397
238 426
238 483
239 83
239 96
239 100
239 149
239 186
239 246
239 315
239 434
240 84
240 199
240 282
240 371
240 430
240 431
240 460
240 466
241 37
241 61
241 97
241 194
241 225
241 469
241 490
242 115
242 174
242 192
242 200
242 264
242 280
242 322
242 329
242 396
242 408
242 432
242 485
243 147
243 382
243 423
243 452
243 455
243 459
243 461
243 481
244 43
244 68
244 108
244 158
244 175
244 179
244 212
244 357
244 399
244 413
244 480
245 24
245 52
245 73
245 111
245 125
245 173
245 188
245 430
245 453
246 198
246 203
246 228
246 250
246 315
246 381
246 413
246 415
247 36
247 154
247 156
247 188
247 206
247 254
247 297
247 311
247 333
247 367
247 405
247 488
248 105
248 228
248 307
248 367
249 8
249 19
249 93
249 118
249 153
249 190
249 253
249 312
249 429
249 444
250 13
250 86
250 88
250 119
250 127
250 159
250 210
250 232
250 298
250 332
250 334
250 341
250 494
250 500
251 53
251 105
251 124
251 191
251 289
251 350
251 361
251 385
251 393
251 394
251 494
252 3
252 205
252 255
252 257
252 297
252 329
252 341
252 475
252 476
253 2
253 134
253 227
253 267
253 333
253 397
253 436
253 445
253 494
254 19
254 156
254 238
254 241
254 253
254 279
254 326
254 336
254 357
254 394
254 398
254 419
254 454
255 25
255 39
255 157
255 158
255 353
255 366
255 398
255 439
256 2
256 112
256 124
256 176
256 188
256 221
256 279
256 473
257 2
257 45
257 72
257 106
257 130
257 138
257 178
257 192
257 354
257 388
257 404
257 450
258 39
258 344
258 482
258 488
259 27
259 68
259 96
259 134
259 158
259 187
259 245
259 252
259 288
259 320
259 427
259 488
259 492
260 133
260 142
260 160
260 307
260 335
260 494
261 19
261 62
261 194
262 162
262 375
262 381
262 387
262 439
263 37
263 70
263 91
263 96
263 184
263 244
263 310
263 364
263 369
263 389
263 455
264 64
264 115
264 360
264 367
264 420
264 444
264 469
265 28
265 138
265 211
265 212
265 224
265 244
265 267
265 277
265 335
265 405
265 441
265 467
265 485
266 11
266 104
266 133
266 178
266 242
266 350
267 28
267 48
267 51
267 134
267 195
267 239
267 410
267 436
267 482
268 60
268 71
268 107
268 124
268 211
268 236
268 241
268 423
268 467
269 19
269 29
269 30
269 79
269 101
269 120
269 184
269 327
269 462
269 475
269 483
269 499
270 3
270 45
270 95
270 203
270 265
270 267
270 337
270 341
270 343
270 352
270 399
270 459
271 32
271 55
271 90
271 92
271 137
271 252
271 293
271 322
271 423
271 463
272 10
272 59
272 166
272 267
272 398
272 417
273 17
273 25
273 78
273 113
273 196
273 268
273 408
273 489
274 23
274 30
274 58
274 61
274 177
274 210
274 217
274 231
274 359
274 435
274 455
275 37
275 169
275 175
275 205
275 220
275 256
275 292
275 332
275 361
275 427
276 11
276 37
276 80
276 141
276 161
276 211
276 291
276 359
276 362
276 386
276 421
276 444
277 47
277 60
277 97
277 144
277 160
277 311
277 374
277 413
277 452
277 500
278 57
278 107
278 153
278 205
278 213
278 223
278 247
278 368
278 412
278 415
278 441
279 34
279 87
279 129
279 213
279 239
279 313
279 371
279 405
279 470
280 77
280 108
280 150
280 329
280 347
280 404
280 423
281 31
281 89
281 104
281 115
281 151
281 206
281 285
281 317
281 386
281 393
281 484
282 36
282 67
282 86
282 89
282 213
282 245
282 306
282 328
282 334
282 422
282 438
282 461
283 52
283 83
283 200
283 337
283 343
283 351
283 434
283 452
284 18
284 76
284 155
284 161
284 239
284 268
285 48
285 202
285 296
285 406
286 88
286 115
286 373
286 440
286 441
286 486
287 164
287 220
287 302
287 309
287 318
287 381
287 435
287 480
287 481
288 11
288 22
288 79
288 96
288 146
288 297
288 387
288 396
288 432
288 435
288 488
289 1
289 40
289 81
289 90
289 99
289 144
289 179
289 223
289 257
289 327
289 429
289 442
289 497
290 25
290 41
290 53
290 135
290 202
290 232
290 243
290 331
290 366
290 367
290 430
290 456
290 466
291 25
291 47
291 51
291 99
291 108
291 160
291 168
291 203
291 260
291 393
291 396
291 404
291 407
291 427
291 492
292 142
292 160
292 202
292 205
292 213
292 343
292 455
292 482
293 2
293 18
293 34
293 82
293 111
293 175
293 312
293 422
293 428
293 435
293 449
293 495
294 114
294 223
294 285
294 310
294 314
294 348
294 374
294 388
294 444
294 476
294 500
295 7
295 22
295 70
295 75
295 148
295 181
295 284
295 288
295 307
295 394
295 397
295 423
295 451
296 20
296 112
296 122
296 129
296 234
296 345
296 353
296 386
297 48
297 89
297 121
297 152
297 203
297 241
297 258
297 377
297 406
297 453
297 490
298 22
298 115
298 146
298 223
298 252
298 289
298 323
298 350
299 33
299 131
299 133
299 275
299 308
299 333
299 358
299 390
299 396
300 24
300 156
300 157
300 221
300 249
300 279
300 299
300 333
300 396
300 461
301 56
301 85
301 113
301 141
301 186
301 201
301 337
302 69
302 90
302 113
302 149
302 181
302 404
302 414
302 424
302 486
303 28
303 125
303 152
303 276
303 281
303 355
303 375
303 423
303 488
304 24
304 68
304 72
304 79
304 99
304 101
304 155
304 192
304 375
305 6
305 112
305 116
305 196
305 260
305 266
305 339
305 347
305 364
305 388
305 396
305 418
305 444
306 87
306 134
306 181
306 224
306 229
306 252
306 430
306 445
307 341
307 370
307 383
307 399
307 448
307 467
308 111
308 132
308 243
308 374
308 390
308 412
308 483
309 129
309 311
309 364
309 427
309 488
310 40
310 50
310 131
310 175
310 187
310 253
310 304
310 468
310 488
311 51
311 98
311 115
311 128
311 164
311 172
311 238
311 428
311 491
312 134
312 153
312 168
312 181
312 272
312 338
312 373
312 424
312 427
312 444
312 487
313 27
313 53
313 222
313 303
313 381
314 78
314 108
314 121
314 122
314 126
314 138
314 152
314 186
314 209
314 233
314 271
314 301
314 416
314 444
315 2
315 26
315 131
315 208
315 216
315 231
315 307
315 320
315 328
315 339
315 425
315 483
316 97
316 127
316 152
316 204
316 235
316 409
316 476
316 493
317 17
317 45
317 115
317 291
317 297
317 305
317 355
317 385
317 445
318 4
318 12
318 125
318 161
318 170
318 213
318 241
318 367
318 380
318 406
319 29
319 474
320 16
320 100
320 132
320 158
320 287
320 292
320 313
320 391
320 440
320 476
320 479
321 52
321 75
321 106
321 151
321 162
321 209
321 262
321 392
321 450
322 80
322 385
322 421
322 423
322 469
323 50
323 58
323 241
323 416
323 436
323 491
324 157
324 269
324 322
324 342
324 371
324 493
325 128
325 180
325 239
325 246
325 262
326 10
326 22
326 78
326 146
326 225
326 292
326 310
326 327
326 352
326 367
326 402
327 9
327 14
327 17
327 102
327 199
327 200
327 214
327 346
327 492
328 33
328 70
328 96
328 116
328 279
328 326
328 402
328 456
329 15
329 36
329 131
329 190
329 302
329 327
329 346
329 388
330 61
330 90
330 195
330 242
330 259
330 283
330 346
330 371
331 43
331 187
331 218
331 241
331 357
331 474
331 488
332 5
332 24
332 100
332 356
332 368
332 383
332 446
332 462
332 478
333 33
333 89
333 134
333 171
333 315
333 409
334 32
334 44
334 59
334 145
334 323
334 379
334 416
334 494
335 52
335 131
335 132
335 271
335 318
335 394
335 404
336 5
336 23
336 138
336 222
336 224
336 264
336 309
336 329
336 396
336 398
336 449
336 499
337 4
337 116
337 248
337 328
337 351
338 8
338 40
338 110
338 180
338 250
338 253
338 304
338 306
338 419
338 456
338 487
339 19
339 57
339 202
339 448
340 5
340 132
340 269
340 276
340 285
340 316
340 331
340 344
340 397
340 493
341 113
341 252
341 418
341 467
341 468
341 493
342 3
342 12
342 85
342 151
342 298
342 343
342 449
343 13
343 73
343 136
343 165
343 183
343 197
343 222
343 230
343 256
343 340
343 342
343 365
343 401
343 440
343 483
344 167
344 293
344 309
344 317
344 334
344 353
344 362
344 382
344 444
345 99
345 211
345 212
345 250
345 257
345 275
345 297
345 355
345 359
345 450
345 461
346 4
346 28
346 41
346 112
346 151
346 267
346 301
346 360
346 477
347 177
347 241
347 246
347 342
347 383
347 387
347 495
348 1
348 17
348 47
348 62
348 108
348 165
348 194
348 213
348 286
348 290
348 350
348 354
348 374
348 383
348 384
349 18
349 31
349 107
349 131
349 147
349 162
349 182
349 189
349 210
349 360
349 481
349 485
349 493
350 33
350 66
350 166
350 329
350 374
350 382
350 390
351 171
351 204
351 295
351 367
351 427
351 489
352 69
352 136
352 152
352 250
352 339
352 394
352 481
353 6
353 42
353 76
353 94
353 194
353 216
353 331
353 362
353 426
353 490
353 497
354 33
354 56
354 130
354 148
354 156
354 164
354 330
354 340
354 346
354 350
354 379
354 387
354 437
355 112
355 224
355 237
355 331
355 339
355 475
355 492
356 16
356 20
356 23
356 25
356 243
356 318
356 367
356 448
357 17
357 96
357 99
357 131
357 145
357 158
357 176
357 296
357 332
357 349
357 389
357 444
357 469
358 7
358 11
358 72
358 95
358 261
358 272
358 337
358 387
358 434
359 24
359 31
359 74
359 84
359 131
359 134
359 142
359 155
359 176
359 201
359 231
359 243
359 260
359 433
359 489
360 68
360 75
360 92
360 167
360 214
360 216
360 280
360 407
360 422
360 481
361 59
361 146
361 177
361 298
361 308
361 418
361 492
362 160
362 217
362 239
362 292
362 313
362 400
362 457
363 31
363 62
363 112
363 125
363 204
363 218
363 390
363 430
363 456
363 494
364 59
364 151
364 319
364 464
364 491
365 2
365 180
365 198
365 252
365 275
365 282
365 337
365 352
365 386
365 412
365 462
365 493
366 5
366 93
366 120
366 122
366 124
366 144
366 226
366 269
366 305
366 328
366 386
366 473
366 479
366 485
367 6
367 27
367 198
367 250
367 253
367 320
367 381
368 36
368 49
368 114
368 149
368 232
368 265
368 326
368 371
369 80
369 88
369 266
369 271
369 293
369 313
369 409
369 418
370 21
370 66
370 209
370 212
370 280
370 315
370 420
371 186
371 190
371 357
371 414
371 432
371 464
372 6
372 32
372 92
372 227
372 337
372 354
372 442
372 444
372 468
372 487
373 61
373 103
373 151
373 285
373 322
373 375
373 403
373 421
373 477
374 24
374 50
374 84
374 123
374 191
374 338
374 423
374 453
375 12
375 78
375 112
375 158
375 190
375 221
375 223
375 349
375 379
375 422
375 472
376 8
376 140
376 156
376 303
376 314
376 449
377 82
377 136
377 258
377 330
377 458
377 466
378 39
378 172
378 247
378 294
378 305
378 334
378 427
378 461
378 485
379 87
379 283
379 325
379 350
379 392
379 500
380 30
380 83
380 149
380 170
380 250
380 290
380 343
380 417
380 444
381 18
381 65
381 223
381 246
381 284
381 356
381 361
381 388
381 417
381 449
381 500
382 109
382 165
382 211
382 213
382 222
382 414
382 454
383 50
383 136
383 146
383 293
383 305
383 310
383 339
383 348
383 461
384 43
384 166
384 172
384 218
384 226
384 259
384 328
384 349
384 419
384 469
385 65
385 78
385 104
385 119
385 136
385 252
385 260
385 365
386 209
386 278
386 393
386 441
386 463
386 499
387 85
387 152
387 190
387 213
387 344
387 377
387 443
388 2
388 36
388 211
388 322
388 362
388 384
388 394
388 425
388 446
388 467
388 468
388 488
389 44
389 77
389 79
389 97
389 121
389 140
389 149
389 150
389 185
389 221
389 249
389 291
389 321
389 328
389 407
389 428
389 500
390 35
390 195
390 208
390 343
390 429
390 434
390 446
390 473
390 489
391 48
391 180
391 231
391 253
391 303
391 345
391 390
391 436
392 57
392 60
392 214
392 266
392 319
392 351
392 374
392 394
392 400
392 451
393 147
393 169
393 200
393 208
393 355
393 406
394 14
394 53
394 177
394 184
394 225
394 262
394 293
394 359
394 406
394 430
394 492
395 13
395 20
395 21
395 52
395 166
395 226
395 252
395 269
395 288
395 344
395 480
395 483
395 499
396 61
396 86
396 92
396 136
396 170
396 177
396 180
396 198
396 219
396 237
396 280
396 302
396 353
396 456
396 466
397 14
397 152
397 210
397 221
397 223
397 229
397 239
397 248
397 254
397 389
397 470
398 57
398 68
398 119
398 121
398 168
398 204
398 237
398 300
398 352
399 18
399 58
399 175
399 178
399 223
399 259
399 342
399 442
399 473
400 14
400 28
400 75
400 103
400 321
400 425
400 462
401 55
401 92
401 192
401 203
401 242
401 253
401 290
401 295
401 427
401 434
401 442
402 93
402 133
402 211
402 275
402 389
402 414
402 469
402 472
403 34
403 49
403 82
403 133
403 218
403 227
403 252
403 447
404 89
404 91
404 93
404 115
404 240
404 276
404 373
404 416
405 15
405 90
405 142
405 228
405 262
405 290
405 433
406 33
406 37
406 65
406 89
406 94
406 152
406 411
407 83
407 94
407 193
407 344
407 381
407 431
407 469
408 45
408 73
408 85
408 223
408 379
408 455
408 470
409 8
409 35
409 57
409 115
409 129
409 217
409 232
409 248
409 337
409 385
409 399
409 411
409 477
409 489
410 8
410 9
410 124
410 156
410 199
410 215
410 234
410 318
410 377
410 412
410 421
410 432
410 479
411 10
411 11
411 13
411 44
411 52
411 106
411 324
411 440
412 74
412 200
412 278
412 304
412 385
412 438
412 464
413 20
413 22
413 47
413 109
413 172
413 335
413 379
413 405
413 448
413 455
413 492
413 494
414 29
414 69
414 95
414 107
414 215
414 226
414 268
414 288
414 336
414 352
414 424
414 452
415 22
415 60
415 146
415 179
415 207
415 213
415 241
415 347
415 361
416 27
416 42
416 64
416 189
416 237
416 485
417 114
417 133
417 294
417 465
418 19
418 53
418 71
418 168
418 351
418 355
418 396
418 403
418 433
419 112
419 133
419 211
419 354
419 375
419 409
420 2
420 45
420 126
420 144
420 227
420 249
420 294
420 394
420 415
420 487
421 189
421 242
421 284
421 427
421 470
421 495
421 499
422 89
422 145
422 194
422 220
422 273
422 298
423 49
423 153
423 289
423 365
423 452
423 491
424 116
424 160
424 273
424 350
424 390
424 467
424 498
425 11
425 17
425 43
425 50
425 249
425 294
425 323
425 371
426 76
426 80
426 112
426 143
426 166
426 216
426 314
426 335
426 418
426 447
426 494
427 4
427 83
427 130
427 165
427 475
427 496
428 105
428 116
428 129
428 188
428 224
428 323
428 485
429 96
429 117
429 125
429 127
429 166
429 171
429 294
429 307
429 336
429 439
429 444
429 494
430 26
430 53
430 203
430 212
430 269
430 326
430 372
430 406
430 408
430 445
430 461
431 275
431 325
431 335
431 368
431 411
431 498
432 300
432 360
432 362
432 415
432 435
432 451
432 454
433 64
433 70
433 220
433 322
433 338
433 458
433 463
433 469
433 482
434 20
434 26
434 54
434 82
434 83
434 145
434 169
434 182
434 194
434 256
434 284
434 320
434 399
434 460
434 477
434 497
435 29
435 53
435 90
435 106
435 163
435 309
435 355
435 404
435 411
435 458
435 459
436 22
436 36
436 90
436 141
436 190
436 217
436 223
436 316
436 321
436 375
436 430
436 446
436 487
437 145
437 197
437 215
437 217
437 271
437 311
437 457
438 9
438 38
438 113
438 175
438 364
438 458
438 467
438 499
439 131
439 144
439 201
439 230
439 237
439 247
439 286
439 331
439 335
439 442
439 492
439 493
440 34
440 129
440 166
440 181
440 215
440 253
440 405
440 456
441 1
441 67
441 81
441 155
441 227
441 297
441 355
441 445
442 48
442 387
442 415
442 424
442 436
443 35
443 49
443 121
443 150
443 205
443 249
443 288
443 418
444 125
444 171
444 197
444 291
444 333
444 369
444 399
444 498
445 53
445 58
445 66
445 116
445 214
445 219
445 398
445 451
445 461
446 24
446 32
446 62
446 81
446 96
446 106
446 218
446 315
446 322
446 334
446 353
446 491
446 496
447 33
447 78
447 112
447 126
447 150
447 155
447 251
447 311
447 378
447 438
447 444
448 75
448 116
448 208
448 370
449 10
449 12
449 18
449 73
449 171
449 288
449 345
449 348
449 388
450 4
450 126
450 128
450 156
450 172
450 260
450 317
450 348
450 354
450 382
450 393
450 468
451 56
451 219
451 400
451 402
451 459
451 475
452 68
452 132
452 197
453 23
453 31
453 34
453 65
453 100
453 114
453 143
453 194
453 198
453 203
453 455
454 47
454 72
454 118
454 138
454 254
454 364
454 474
454 492
455 38
455 47
455 105
455 171
455 211
455 233
455 237
455 389
455 488
456 61
456 220
456 256
456 257
456 318
456 331
457 21
457 53
457 86
457 209
457 302
457 411
458 27
458 52
458 81
458 121
458 143
458 150
458 188
458 249
458 329
458 403
458 433
459 90
459 95
459 109
459 111
459 120
459 227
459 276
459 284
459 477
460 5
460 6
460 37
460 143
460 154
460 211
460 268
460 317
460 408
460 421
460 431
460 437
461 21
461 27
461 32
461 102
461 108
461 139
461 144
461 186
461 236
461 404
461 449
461 478
462 12
462 63
462 88
462 124
462 134
462 139
462 144
462 237
462 263
462 277
462 387
462 392
462 400
462 500
463 37
463 126
463 148
463 155
463 374
463 391
463 404
463 406
463 420
463 448
463 451
464 77
464 101
464 103
464 117
464 162
464 175
464 238
464 299
464 366
464 399
464 440
464 460
464 500
465 147
465 197
465 239
465 349
465 416
465 471
466 56
466 103
466 117
466 200
466 216
466 224
466 294
466 364
467 35
467 88
467 139
467 181
467 242
467 265
467 278
467 287
467 349
467 399
467 405
467 447
467 459
467 465
467 481
467 489
468 30
468 135
468 140
468 158
468 161
468 197
468 245
468 267
468 319
468 333
468 354
468 406
468 432
469 136
469 202
469 349
469 430
469 480
469 497
469 499
470 88
470 96
470 138
470 220
470 224
470 298
470 430
470 463
471 16
471 29
471 62
471 255
471 263
471 413
471 442
471 445
471 476
472 29
472 60
472 123
472 211
472 285
472 311
472 363
472 373
472 375
473 135
473 238
473 334
473 373
473 399
473 487
474 12
474 49
474 50
474 54
474 104
474 148
474 179
474 181
474 206
474 210
474 240
474 287
474 292
474 395
474 428
474 467
474 484
474 499
475 58
475 205
475 209
475 236
475 265
475 316
475 461
475 493
476 109
476 158
476 306
476 387
476 448
477 52
477 141
477 408
477 417
477 425
478 15
478 33
478 239
478 356
478 455
478 492
479 12
479 28
479 32
479 44
479 73
479 145
479 153
479 165
479 200
479 496
480 14
480 146
480 191
480 207
480 213
480 280
480 305
480 308
480 348
480 373
480 422
480 428
480 492
481 31
481 49
481 50
481 200
481 205
481 278
481 350
481 381
482 3
482 204
482 234
482 236
482 277
482 348
483 21
483 149
483 150
483 185
483 390
483 394
484 91
484 152
484 161
484 166
484 274
484 317
484 425
485 45
485 130
485 164
485 207
485 216
485 242
485 405
485 426
485 441
485 466
485 483
486 67
486 114
486 134
486 175
486 211
486 256
486 296
486 450
486 467
487 36
487 50
487 64
487 120
487 257
487 339
487 358
487 359
487 428
488 108
488 130
488 247
488 265
488 374
488 418
488 477
489 12
489 146
489 149
489 160
489 241
489 308
489 373
489 443
489 446
490 11
490 15
490 59
490 201
490 248
490 260
490 350
490 456
490 461
491 107
491 174
491 276
491 292
491 328
491 394
491 467
492 6
492 34
492 224
492 246
492 308
492 315
492 351
493 39
493 77
493 102
493 133
493 134
493 181
493 255
493 298
493 345
493 357
493 369
493 379
493 420
494 91
494 231
495 27
495 53
495 69
495 275
495 282
495 366
495 454
495 475
496 10
496 49
496 59
496 130
496 200
496 204
496 217
496 220
497 3
497 22
497 24
497 46
497 96
497 335
497 351
497 397
497 449
497 484
498 41
498 95
498 104
498 133
498 197
498 299
498 312
498 340
498 349
498 390
498 411
498 412
498 472
498 478
499 26
499 50
499 96
499 189
499 210
499 273
499 305
499 393
500 82
500 105
500 147
500 158
500 270
500 271
500 312
500 404
500 410
500 423
500 428
500 455
