500
2983
1 127
1 190
1 192
1 196
1 282
1 285
1 287
1 308
1 355
1 430
1 464
1 472
2 126
2 128
2 207
2 238
2 252
2 297
2 334
2 343
2 351
2 387
3 38
3 115
3 190
3 294
3 361
3 401
3 475
4 36
4 46
4 84
4 191
4 195
4 205
4 241
4 322
4 348
4 390
4 395
4 412
5 153
5 253
5 430
6 14
6 28
6 30
6 48
6 116
6 424
6 451
7 5
7 147
7 354
7 397
7 405
8 32
8 157
8 252
8 260
9 21
9 48
9 91
9 130
9 163
9 327
9 356
9 432
10 43
10 100
10 106
10 403
10 415
10 432
10 452
11 58
11 164
11 195
11 244
11 290
11 312
12 70
12 84
12 167
12 173
12 337
12 464
12 490
13 40
13 229
13 276
13 277
13 281
13 398
14 100
14 225
14 231
14 269
14 349
15 87
15 192
15 259
15 273
15 304
16 94
16 158
16 247
16 272
16 368
16 386
17 34
17 72
17 137
17 242
17 275
17 326
17 466
17 483
18 15
18 64
18 122
18 142
18 231
18 265
18 311
18 366
18 458
19 95
19 162
19 285
19 330
19 361
19 375
20 112
20 260
20 288
20 422
20 433
20 473
20 497
21 108
21 113
21 264
21 409
22 55
22 82
22 198
22 323
22 451
22 479
23 41
23 79
23 80
23 122
23 125
23 195
23 208
23 269
23 323
23 367
23 395
23 486
23 496
24 3
24 33
24 51
24 155
24 246
24 311
24 313
24 376
24 441
24 455
25 94
25 170
25 193
25 204
25 330
25 427
25 480
26 395
26 396
26 405
26 417
26 471
27 259
27 335
27 385
27 416
27 482
28 30
28 84
28 208
28 269
28 432
28 447
29 136
29 300
29 308
29 333
29 427
29 476
30 80
30 119
30 177
30 203
30 214
30 230
30 349
30 355
30 433
31 58
31 134
31 242
31 298
31 315
32 27
32 48
32 119
32 202
32 325
32 381
33 16
33 52
33 136
33 330
33 377
34 27
34 435
34 444
34 466
35 64
35 182
35 209
35 266
35 292
35 298
35 350
36 147
36 223
36 309
36 435
37 256
37 271
37 297
37 476
38 88
38 118
38 294
38 345
38 361
38 442
39 31
39 33
39 69
39 170
39 424
40 50
40 85
40 176
40 255
40 360
40 367
40 462
41 327
41 379
41 416
41 437
41 469
41 470
41 488
42 14
42 56
42 190
43 8
43 16
43 24
43 81
43 90
43 119
43 167
43 168
43 305
43 461
44 107
44 196
44 268
44 306
44 333
45 130
45 138
45 195
45 279
45 341
45 392
45 448
45 470
46 63
46 116
46 259
46 312
47 9
47 379
48 27
48 64
48 105
48 169
49 51
49 100
49 397
49 489
50 81
51 28
51 136
51 166
51 220
51 271
51 289
51 311
51 386
51 484
52 13
53 67
53 91
53 106
53 168
53 180
53 186
53 220
53 243
53 408
54 32
54 77
54 79
54 258
54 332
54 457
54 464
54 476
55 24
55 99
55 312
55 341
55 401
56 256
56 280
56 302
56 491
57 40
57 138
57 222
57 416
57 486
58 22
58 99
58 446
58 466
59 7
59 32
59 44
59 70
59 75
59 164
59 249
59 306
59 333
59 367
60 120
60 170
60 195
60 489
61 57
61 164
61 304
61 362
62 171
62 268
62 396
62 452
63 27
63 176
63 208
63 485
64 33
64 209
65 33
65 99
65 117
65 311
66 179
66 221
66 330
66 406
66 449
67 6
67 154
67 172
67 252
67 492
68 57
68 138
68 172
68 251
69 146
69 160
69 173
69 326
69 330
70 280
70 319
70 336
70 446
71 63
71 78
71 164
71 191
71 206
71 212
71 359
71 472
72 59
72 187
72 207
73 223
73 248
73 328
73 393
74 24
74 65
74 210
74 425
74 441
74 461
74 468
75 72
75 101
75 474
75 476
75 492
75 493
76 94
76 241
76 251
76 336
76 497
77 31
77 86
77 192
77 226
77 370
78 3
78 49
78 302
78 341
78 461
78 465
78 468
79 318
79 460
79 497
80 176
80 226
80 345
80 491
81 99
81 279
81 412
82 110
82 172
82 223
82 347
83 214
83 216
83 219
83 270
83 327
83 366
84 185
84 362
84 374
85 151
85 168
85 243
85 328
85 330
85 381
85 495
86 8
86 55
86 121
86 156
86 243
86 366
87 30
87 148
87 215
87 268
87 290
87 401
87 459
87 493
88 114
88 190
88 382
88 394
88 399
88 429
89 45
89 101
89 297
89 354
89 445
90 99
90 206
90 254
90 299
90 441
91 17
91 275
91 414
91 434
92 52
92 106
92 171
92 288
92 362
93 195
93 203
93 225
93 321
93 367
93 396
93 402
93 444
93 460
94 134
94 169
94 300
94 408
94 433
95 53
95 126
95 154
95 415
95 436
95 452
96 297
96 412
96 475
97 245
97 253
97 309
97 423
97 432
98 23
98 32
98 95
99 1
99 183
99 191
99 205
99 316
100 54
100 125
100 131
100 192
100 340
100 425
101 53
101 146
101 367
101 399
101 468
102 59
102 100
102 224
102 286
102 407
102 418
102 483
103 67
103 143
103 145
103 216
103 218
103 364
103 371
104 41
104 50
104 134
104 392
104 469
105 11
105 78
105 182
105 198
105 199
105 234
105 278
105 371
106 63
106 121
106 169
106 181
106 208
106 261
106 307
106 458
106 497
107 156
107 184
107 193
107 214
107 274
107 277
107 280
107 281
107 320
107 327
107 402
107 470
108 288
108 312
108 432
108 487
109 55
109 101
109 165
109 205
109 238
109 369
110 202
110 257
110 383
111 13
111 24
111 38
111 86
111 153
111 217
112 76
112 143
112 419
113 153
113 157
113 267
114 204
114 227
114 232
114 243
114 387
115 47
115 218
115 219
115 357
115 415
115 420
115 427
115 445
115 485
116 107
116 114
116 177
116 252
116 436
117 19
117 106
117 109
117 126
117 188
117 193
117 298
117 319
117 335
117 336
117 416
117 444
117 454
117 485
118 13
118 123
118 284
118 381
118 449
119 31
119 107
119 241
119 259
119 435
120 45
120 138
120 347
120 368
120 384
120 423
120 458
121 58
121 109
121 342
121 351
121 398
121 470
121 490
122 71
122 219
122 356
122 364
122 412
122 431
123 97
123 113
123 206
123 322
124 11
124 92
124 175
124 297
124 306
124 384
124 410
125 62
125 104
125 185
125 225
125 286
125 379
125 463
126 77
126 157
126 385
127 48
127 247
127 270
127 287
128 462
129 39
129 252
130 81
130 221
130 318
130 373
130 395
131 129
131 144
131 211
131 216
131 303
131 308
131 338
131 383
131 451
132 242
132 373
132 488
133 78
133 88
133 258
133 271
133 274
133 410
133 440
133 480
134 21
134 82
134 109
134 125
134 143
134 145
134 188
134 241
134 280
134 292
134 344
134 408
134 409
135 70
135 121
136 159
136 245
136 296
137 34
137 72
137 148
137 157
137 205
138 185
138 214
138 329
139 52
139 205
139 292
139 301
140 241
140 371
140 418
140 453
140 454
141 75
141 124
141 190
141 217
141 225
141 252
141 284
141 402
141 451
141 453
142 22
142 86
142 111
142 266
142 379
143 43
143 71
143 85
143 215
143 216
143 223
143 233
143 259
143 307
143 332
143 415
143 465
144 178
144 187
144 302
144 360
144 454
145 103
145 105
145 124
145 131
145 175
145 312
145 425
146 46
146 475
147 134
147 203
147 237
147 241
147 348
148 180
148 276
148 309
148 415
148 438
148 492
149 4
149 169
149 351
149 352
149 353
149 444
149 467
150 58
150 235
151 55
151 165
151 374
151 382
151 388
151 422
151 427
151 451
152 18
152 116
152 128
152 352
152 424
152 426
152 446
152 497
153 46
153 235
153 261
153 422
153 440
153 479
154 98
154 370
154 473
154 485
155 14
155 133
155 184
155 331
155 455
155 463
156 3
156 45
156 59
156 209
156 261
156 275
156 348
156 373
156 426
156 479
157 155
157 164
157 214
157 252
157 389
157 422
157 423
157 427
157 474
158 79
158 81
158 309
159 54
159 92
159 102
159 221
159 297
159 307
159 391
160 43
160 75
160 166
160 238
160 395
161 99
161 108
161 137
161 213
161 273
162 235
162 269
162 281
162 361
162 472
163 89
163 106
163 147
163 152
163 155
163 234
163 301
163 314
163 327
163 357
163 368
163 444
164 56
164 87
164 159
164 280
164 333
164 403
164 419
165 32
165 44
165 89
165 120
165 181
165 250
165 340
165 378
165 428
165 456
166 110
166 159
166 197
166 262
166 264
166 338
166 413
166 435
166 472
167 19
167 43
167 50
167 51
167 80
167 162
167 171
167 328
167 416
167 428
168 199
168 256
168 287
168 318
168 473
168 485
169 45
169 274
169 361
169 450
169 464
170 26
170 74
170 81
170 94
170 110
170 154
170 253
170 263
170 387
170 445
170 482
171 126
171 243
171 342
171 429
172 111
172 166
172 410
173 196
173 207
173 296
173 467
174 59
174 86
174 107
174 149
174 358
174 363
174 430
175 100
175 301
175 323
175 324
175 359
176 10
176 83
176 151
176 154
176 242
176 267
176 290
176 444
177 183
177 189
177 418
178 34
178 45
178 248
178 268
178 335
178 379
178 461
179 55
179 214
179 306
179 405
180 78
180 222
180 244
180 423
180 472
181 36
181 273
181 425
182 55
182 320
182 363
182 489
183 46
183 49
183 136
183 151
183 296
184 22
184 47
184 181
184 266
184 301
184 341
184 447
184 461
185 183
185 247
185 425
185 427
185 461
186 118
186 141
186 220
186 251
186 371
186 398
186 495
187 2
187 182
187 248
187 303
187 397
187 402
187 418
187 438
188 103
188 132
188 211
188 219
188 366
188 488
189 24
189 146
189 169
189 326
189 341
190 27
190 373
190 459
191 139
191 144
191 167
191 184
191 256
191 332
191 449
191 493
191 499
192 122
192 209
192 218
192 407
193 1
193 19
193 172
193 289
193 302
193 341
193 359
193 453
193 484
194 57
194 106
194 180
194 215
194 320
194 371
195 89
195 167
195 174
195 257
195 292
195 388
195 401
195 423
195 459
196 67
196 223
196 226
196 338
197 179
197 199
197 300
197 312
197 333
197 385
198 234
198 338
198 412
198 485
199 9
199 47
199 156
199 168
199 411
199 437
200 9
200 199
200 276
201 21
201 52
201 215
201 270
201 330
201 377
202 72
202 199
202 284
202 373
202 445
203 137
203 263
203 311
203 383
203 459
204 189
204 399
204 407
205 7
205 63
205 119
205 125
205 201
205 207
205 214
205 378
205 394
205 413
205 485
206 49
206 159
206 229
206 400
207 125
207 157
207 179
207 211
207 240
207 315
207 326
207 377
208 57
208 90
208 303
209 101
209 111
209 239
209 280
209 312
210 78
210 88
210 243
210 388
210 392
210 395
210 463
211 87
211 102
211 164
211 309
212 74
212 92
212 173
212 301
212 311
212 319
212 403
213 4
213 78
213 115
213 173
213 261
213 318
213 325
213 379
214 153
214 175
214 286
214 459
214 498
215 276
215 466
216 62
216 334
216 401
216 458
217 332
217 363
217 436
218 11
218 25
218 208
218 260
218 303
218 362
218 426
219 7
219 96
219 308
219 373
219 443
220 36
220 57
220 68
220 70
220 145
220 386
220 422
220 485
221 6
221 131
221 244
221 496
222 9
222 27
222 50
222 252
223 21
223 116
223 347
223 357
223 465
223 479
223 497
224 101
224 202
224 340
224 432
225 114
225 144
225 164
225 211
225 245
225 490
226 169
226 218
226 227
226 286
226 289
226 498
227 311
227 415
228 56
228 58
228 257
228 290
228 370
228 415
228 497
229 4
229 252
229 274
229 372
229 428
229 461
230 28
230 210
230 305
230 323
230 358
230 372
230 425
231 189
231 412
231 449
231 461
232 194
232 233
232 288
232 303
232 305
232 317
232 496
233 50
233 127
233 136
233 243
233 345
233 350
233 369
233 458
234 83
234 140
234 174
234 188
234 246
234 297
234 374
234 469
235 41
235 149
235 217
235 386
235 431
235 453
236 6
236 12
236 26
236 27
236 33
236 96
236 110
236 221
236 234
236 379
236 434
237 30
237 117
237 173
237 221
237 223
237 266
237 342
237 476
237 494
238 5
238 17
238 24
238 67
238 83
238 88
238 99
238 124
238 168
238 383
238 409
238 420
239 163
239 192
239 262
239 309
239 441
239 486
240 114
240 190
240 214
240 226
240 453
240 484
241 9
241 61
241 168
241 468
242 140
242 187
242 410
243 11
243 63
243 185
243 194
243 200
243 252
243 346
243 355
243 359
243 487
244 18
244 57
244 201
244 308
244 314
244 325
244 496
245 52
245 55
245 226
245 273
245 325
245 408
245 423
245 460
245 489
246 98
246 110
246 128
246 199
247 76
247 261
248 321
248 414
248 439
248 459
248 476
249 36
249 190
249 195
249 207
249 342
249 360
249 471
250 11
250 26
250 61
250 116
250 165
250 188
250 212
250 284
250 386
250 434
250 450
251 57
251 79
251 264
251 387
251 390
251 488
252 11
252 109
252 227
252 311
252 384
252 436
252 495
253 78
253 96
253 109
253 113
253 132
253 149
253 326
253 432
254 15
254 89
254 169
254 199
254 263
254 267
254 279
254 364
254 386
254 406
254 420
254 473
254 476
255 150
255 193
255 335
255 377
256 84
256 93
256 179
256 254
256 325
256 352
256 376
256 454
257 163
257 173
257 309
257 387
258 45
258 273
258 306
258 323
258 336
258 357
258 411
258 424
258 427
259 38
259 41
259 50
259 168
259 284
259 338
259 371
259 388
259 434
259 482
260 3
260 8
260 40
260 144
260 173
260 176
260 210
260 280
260 333
261 18
261 43
261 64
261 145
261 266
261 348
261 361
262 36
262 136
262 390
262 414
262 465
263 77
263 141
263 150
263 224
263 280
263 290
263 294
263 404
263 432
264 104
264 275
264 436
264 464
265 208
265 232
265 304
265 385
265 434
265 484
266 23
266 131
266 155
266 186
266 348
266 374
266 419
266 430
266 495
267 68
267 74
267 155
267 329
268 76
268 103
268 323
268 332
269 58
269 93
269 167
269 203
269 316
270 249
270 285
270 313
270 426
270 434
270 498
271 8
271 49
271 53
271 75
271 104
271 177
271 209
271 399
271 433
271 438
271 455
271 462
272 38
272 39
272 62
272 70
272 225
273 139
273 154
273 268
273 371
273 428
273 464
274 52
274 300
274 442
275 171
275 185
275 358
275 418
275 449
275 468
276 126
276 144
276 199
276 339
276 371
276 384
277 17
277 104
277 202
277 324
277 396
278 34
278 48
278 92
278 215
278 362
278 492
279 79
279 174
279 203
279 316
279 387
279 415
280 223
280 246
280 257
280 263
280 373
280 461
281 16
281 50
281 61
281 158
281 368
281 412
281 465
282 17
282 60
282 62
282 146
282 156
283 5
283 59
283 223
283 246
284 34
284 92
284 110
284 121
284 215
284 354
284 426
285 146
285 182
285 202
285 303
285 359
285 423
285 472
286 16
286 83
286 131
286 157
286 242
286 270
286 302
286 404
287 63
287 139
287 222
287 322
287 383
287 420
287 452
288 119
288 154
288 193
288 252
288 260
288 295
288 349
288 420
288 468
289 19
289 107
289 137
289 231
289 252
289 333
289 335
289 355
290 48
290 54
290 152
290 286
291 37
291 145
291 303
291 307
291 338
291 380
291 400
291 408
291 451
291 455
291 489
292 27
292 245
292 269
292 308
292 310
292 341
292 397
293 10
293 99
293 166
293 204
293 395
294 99
294 268
294 269
296 2
296 239
296 278
296 425
297 139
297 248
297 403
297 474
298 24
298 37
298 51
298 66
298 260
298 458
299 65
299 113
299 215
299 324
299 390
300 155
300 168
300 199
300 235
300 267
301 61
301 66
301 121
301 231
301 283
302 80
302 156
302 160
302 167
302 271
302 414
303 37
303 174
303 196
303 245
303 330
303 346
304 63
304 104
304 170
304 191
304 249
304 254
304 269
304 427
305 112
305 145
305 182
305 289
305 328
305 330
305 363
305 407
305 491
305 497
306 70
306 92
306 324
306 356
306 378
306 477
307 188
307 247
307 432
308 59
308 107
308 179
308 416
309 78
309 161
309 413
309 436
310 81
310 159
310 164
310 170
310 192
310 200
310 234
310 278
310 301
310 323
310 477
311 55
311 68
311 234
311 290
311 437
311 470
312 19
312 166
313 15
313 47
313 55
313 216
313 243
313 349
313 358
313 392
313 487
314 275
314 330
314 387
314 399
314 480
315 48
315 68
315 83
315 91
315 136
315 235
315 260
315 472
316 84
316 141
316 148
316 235
316 320
317 102
317 282
317 416
318 10
318 38
318 241
318 353
319 101
319 315
319 344
319 354
319 475
319 492
320 6
320 92
320 110
320 247
320 293
320 339
320 448
320 462
321 9
321 45
321 98
321 211
321 244
321 282
321 389
322 45
322 139
322 192
322 229
322 281
322 316
322 421
323 137
323 139
323 152
323 255
323 403
324 158
324 186
324 233
324 280
324 309
324 319
325 140
325 317
325 391
325 430
326 28
326 55
326 115
326 250
326 470
327 1
327 21
327 70
327 127
327 128
327 152
327 422
328 86
328 87
328 90
328 129
328 258
328 281
328 343
329 107
329 219
329 391
329 420
330 15
330 198
330 424
331 18
331 22
331 157
331 272
331 296
331 371
331 427
332 201
332 263
332 343
332 364
332 375
332 385
332 445
333 80
333 157
333 212
333 229
333 253
333 351
333 453
334 5
334 83
334 130
334 165
334 342
334 376
334 393
334 438
334 447
335 137
335 181
335 228
335 247
335 301
335 420
335 440
336 38
336 137
336 169
336 183
336 343
336 457
336 467
337 41
337 162
337 251
337 326
337 437
338 40
338 88
339 72
339 146
339 162
339 253
339 266
339 383
339 412
339 441
339 461
339 469
339 490
340 186
340 385
341 23
341 34
341 48
341 122
341 151
341 184
341 225
341 285
341 309
341 366
342 87
342 143
342 197
342 229
342 469
343 227
343 379
343 392
343 435
343 484
344 68
344 143
344 251
344 302
344 352
345 92
345 193
345 310
346 106
346 208
346 310
346 429
347 66
347 168
347 268
347 309
347 382
347 407
348 202
348 221
348 278
348 297
348 325
348 355
348 396
348 397
349 187
349 286
349 310
349 338
349 357
349 413
350 88
350 295
350 334
350 453
351 21
351 88
351 175
351 183
351 241
351 308
351 310
351 371
351 376
351 428
352 99
352 131
352 140
352 195
352 248
352 268
352 378
352 411
352 444
352 457
352 462
352 492
353 77
353 328
353 359
354 64
354 201
354 220
354 314
354 364
354 412
355 104
355 135
355 320
356 177
356 423
357 98
357 158
357 219
357 444
358 16
358 27
358 75
358 99
358 195
358 200
358 242
358 262
358 394
358 395
359 207
359 274
359 281
359 372
359 494
360 170
360 181
360 200
360 212
360 481
361 114
361 205
361 299
361 320
361 473
361 480
362 46
362 230
362 305
362 385
362 442
362 485
363 16
363 116
363 337
363 378
363 434
364 26
364 135
364 257
364 265
364 288
364 336
365 7
365 24
365 151
365 285
365 355
365 375
365 430
366 18
366 83
366 204
366 455
366 490
367 203
367 356
367 381
367 424
368 172
368 225
368 228
368 330
368 365
368 402
368 484
369 79
369 165
369 214
369 219
369 281
369 413
369 462
370 22
370 132
370 155
370 286
370 305
370 390
371 32
371 146
371 187
371 198
371 292
371 424
371 480
372 105
372 195
372 216
372 327
372 331
372 339
373 68
373 81
373 134
373 155
373 277
373 293
373 363
374 71
374 164
374 234
374 267
374 299
374 310
374 405
374 406
374 472
375 84
375 123
375 148
375 151
375 264
375 496
376 27
376 33
376 54
376 228
376 374
376 471
377 56
377 156
378 226
378 242
378 269
379 146
379 209
379 223
379 231
379 245
379 423
380 30
380 31
380 110
380 297
381 30
381 89
381 226
382 152
382 364
382 486
383 258
384 72
384 121
384 169
385 18
385 48
385 163
385 207
385 254
385 259
385 375
386 137
386 202
386 235
386 473
386 476
386 477
387 10
387 11
387 41
387 42
387 279
387 481
388 22
388 86
388 298
388 385
388 395
389 9
389 41
389 44
389 197
389 312
389 404
389 406
389 428
389 441
390 228
390 265
390 311
390 380
390 386
390 424
390 442
390 461
391 117
391 180
391 269
391 450
391 494
392 20
392 119
392 121
392 189
392 238
392 284
392 383
393 34
393 43
393 56
393 132
393 248
393 249
393 254
393 293
393 423
394 218
394 391
394 430
394 461
395 438
395 495
396 102
396 219
396 236
396 277
397 124
397 188
397 236
397 247
397 408
398 224
398 229
398 258
398 263
398 460
398 479
399 60
399 379
399 440
400 146
400 151
400 351
400 409
400 441
400 468
401 54
401 74
401 92
401 236
401 335
401 350
401 428
401 446
402 77
402 102
402 191
402 255
402 267
402 283
402 352
402 364
402 396
402 398
403 10
403 30
403 51
403 91
403 115
403 180
403 285
403 296
403 425
404 53
404 57
404 87
404 105
404 453
405 64
405 89
405 103
405 166
405 190
405 203
405 429
405 472
405 479
406 7
406 90
406 133
406 170
406 234
406 275
406 436
406 444
406 477
407 58
407 265
407 334
407 455
407 477
408 33
408 94
409 12
409 146
409 158
409 173
409 261
409 458
409 475
410 2
410 181
410 201
410 217
410 309
410 382
411 16
411 132
411 171
411 173
411 368
411 419
411 446
412 79
412 381
412 432
413 46
413 98
413 149
413 276
413 286
413 345
414 11
414 19
414 47
414 64
414 140
414 157
414 196
414 357
414 393
414 397
414 485
415 55
415 106
415 199
415 337
415 378
416 122
416 185
416 219
416 278
416 458
417 101
417 288
417 433
417 490
418 100
418 327
418 453
419 44
419 55
419 82
419 136
419 234
419 308
420 77
420 166
420 208
420 374
421 27
421 143
421 145
421 151
421 334
422 36
422 171
422 359
422 362
422 411
422 441
422 466
423 334
423 407
423 442
423 498
424 73
424 119
424 359
424 482
425 55
425 101
425 104
425 110
425 136
425 162
425 301
425 381
425 424
426 4
426 21
426 132
426 157
426 279
426 327
426 344
426 382
426 384
426 439
427 17
427 68
427 82
427 104
427 173
427 189
427 191
427 337
427 434
428 42
428 46
428 60
428 125
428 335
428 356
428 493
428 494
429 25
429 30
429 70
429 193
429 372
430 201
430 231
430 244
430 318
430 355
430 374
431 14
431 104
431 114
431 115
431 124
431 419
431 441
431 442
432 241
432 275
432 317
432 466
432 487
433 103
433 152
433 196
433 307
433 331
433 339
433 449
434 30
434 196
434 238
434 326
434 361
434 436
434 454
435 3
435 53
435 67
435 84
435 140
435 270
435 278
435 360
435 460
436 138
436 139
436 178
437 82
437 102
437 115
437 203
437 212
437 292
437 389
437 444
438 11
438 73
438 115
438 167
438 180
438 484
438 489
439 86
439 99
439 121
439 303
439 383
439 460
440 248
440 359
440 442
441 176
441 246
441 277
441 439
441 459
441 469
442 185
442 333
442 356
442 361
442 376
442 429
442 440
443 39
443 89
443 150
443 197
443 307
443 313
443 343
443 450
443 473
444 148
444 418
445 232
445 248
446 16
446 84
446 144
446 211
446 335
446 400
447 130
447 265
447 332
447 468
447 470
448 133
448 279
448 287
448 380
448 484
448 491
449 26
449 87
449 148
449 155
449 160
449 480
450 29
450 140
450 229
450 353
450 360
450 382
450 448
451 25
451 65
451 143
451 191
451 352
451 388
451 464
452 164
452 249
452 318
452 481
453 9
453 47
453 101
453 171
453 196
453 437
454 18
454 118
454 367
454 422
455 137
455 232
455 244
455 351
455 441
456 105
456 213
456 444
457 119
457 268
457 312
457 360
458 49
458 60
458 61
458 199
458 242
458 303
458 319
458 484
459 61
459 158
459 219
459 248
459 310
459 483
459 484
460 57
460 86
460 106
460 133
460 166
460 212
460 342
460 369
460 470
461 34
461 138
461 151
461 216
461 289
461 370
461 467
462 58
462 217
462 229
462 423
462 429
463 230
463 392
464 3
464 11
464 16
464 134
464 183
464 353
464 364
465 10
465 39
465 60
465 144
465 486
466 44
466 45
466 66
466 70
466 204
466 268
466 376
466 378
466 474
467 37
467 65
467 182
467 263
467 301
467 330
467 421
467 422
467 487
468 20
468 134
468 253
468 362
468 389
468 400
468 442
468 453
469 8
469 321
469 417
469 455
470 1
470 22
470 155
470 171
470 186
470 207
470 220
471 16
471 46
471 47
471 129
471 243
471 247
471 331
471 415
471 433
472 256
472 271
472 344
472 461
472 479
472 489
472 500
473 111
473 370
473 387
473 421
473 447
474 35
474 38
474 86
474 94
474 105
474 218
474 227
474 247
474 335
474 356
474 435
475 87
475 335
475 395
475 430
475 469
476 96
476 115
476 188
476 223
476 243
476 256
476 375
476 388
477 73
477 237
477 243
477 353
477 492
478 47
478 158
478 212
478 363
478 378
478 390
479 7
479 25
479 26
479 32
479 43
479 202
479 275
479 424
480 84
480 94
480 285
480 362
481 11
481 15
481 32
481 165
481 280
481 315
481 327
481 449
481 484
482 41
482 208
482 250
482 252
482 343
482 417
483 3
483 5
483 50
483 135
483 179
483 256
483 260
483 294
483 301
483 346
483 356
484 109
484 280
484 384
484 395
484 460
485 64
485 91
485 125
485 263
485 327
485 342
485 345
485 358
485 405
485 444
485 445
486 133
486 264
486 274
486 377
486 380
486 409
487 141
487 220
487 371
488 107
488 275
488 285
488 409
488 421
488 436
488 487
489 100
489 302
489 304
490 99
490 120
490 149
490 308
490 361
490 369
490 438
491 15
491 198
491 317
491 341
492 23
492 81
492 211
492 227
492 283
492 388
493 31
493 57
493 85
493 96
493 137
493 176
493 187
493 272
493 319
493 348
493 360
493 390
494 9
495 78
495 97
495 100
495 240
495 252
495 370
495 388
495 474
496 13
496 62
496 391
497 165
497 199
497 276
497 355
497 464
497 467
497 482
497 498
498 25
498 50
498 95
498 277
498 293
498 461
499 28
499 121
499 175
499 204
499 221
499 430
499 484
500 12
500 100
500 192
500 369
500 402
500 431
500 451
