500
499
1 272
3 83
5 196
6 256
6 476
7 216
7 247
9 318
10 319
11 476
12 153
15 278
16 37
18 110
20 18
20 183
21 295
21 382
24 56
24 257
26 138
28 479
29 15
30 326
30 449
30 468
32 432
33 321
36 25
36 311
36 341
36 360
37 140
40 304
41 87
43 77
43 383
45 296
46 160
46 456
48 270
49 341
51 364
55 500
56 120
57 306
57 355
58 355
58 455
60 161
60 194
60 379
60 402
60 450
62 75
62 284
63 130
64 195
65 83
66 132
66 315
70 296
70 339
72 299
73 218
73 500
75 132
75 215
77 327
77 410
78 482
79 263
80 282
81 72
81 182
82 454
84 130
84 191
89 359
91 32
91 230
93 480
95 146
96 277
97 202
99 145
99 358
101 137
101 209
102 115
102 263
104 230
104 329
104 470
104 494
106 195
106 397
106 442
107 182
107 428
108 488
109 395
110 331
112 43
113 141
115 452
116 158
116 339
116 472
117 124
119 171
120 77
120 246
121 469
121 480
124 397
126 419
127 317
128 75
129 498
131 467
133 320
134 194
135 324
136 144
137 429
139 5
139 67
140 201
140 224
140 440
141 161
141 429
142 105
142 374
144 70
144 323
145 12
145 383
146 361
148 334
149 353
151 229
151 271
151 489
152 399
154 29
154 284
155 231
156 68
157 246
158 453
159 291
160 415
162 221
163 444
164 391
164 436
165 122
165 212
165 218
165 442
166 123
166 415
166 420
168 23
168 119
169 336
170 378
171 237
171 250
172 273
173 71
173 340
173 379
174 349
175 174
175 405
175 419
175 455
176 254
176 461
176 493
178 224
178 286
179 254
179 359
181 301
181 393
182 357
183 262
183 278
184 164
185 353
185 431
188 227
190 36
190 161
190 241
190 361
191 2
193 450
195 157
195 289
195 338
196 169
202 77
204 53
205 173
205 491
207 385
208 29
208 354
209 281
209 312
210 243
211 240
212 441
213 212
213 281
213 393
216 38
216 330
219 8
220 46
221 326
223 75
223 259
224 364
228 301
229 326
230 22
231 81
232 254
233 194
233 381
234 453
234 455
235 169
237 421
239 194
239 406
240 376
240 421
242 400
244 352
245 115
245 362
248 402
250 269
250 482
252 436
255 464
257 48
257 192
259 442
260 171
260 183
260 226
261 468
262 125
264 305
266 73
266 105
267 269
267 373
268 75
269 337
271 74
271 260
274 159
275 101
278 23
278 257
280 101
280 369
281 132
281 386
281 487
282 138
282 206
282 467
284 119
285 127
285 171
285 288
286 71
289 11
289 153
289 247
289 477
290 454
292 147
294 385
295 402
295 477
297 323
298 381
299 127
299 294
300 134
300 347
301 273
301 298
302 252
303 6
304 116
305 399
306 100
307 260
308 448
310 74
310 212
310 474
311 308
314 206
316 493
317 478
318 240
319 222
319 267
319 375
321 9
321 273
321 440
321 472
325 312
326 298
326 299
327 150
328 243
328 386
330 33
330 104
332 133
333 36
333 308
333 320
333 401
334 222
334 395
338 263
338 493
339 5
340 184
343 44
344 24
344 266
345 110
346 190
346 396
346 476
347 346
348 281
350 47
354 39
356 263
357 117
357 433
359 134
362 278
363 298
363 352
363 365
364 426
364 475
365 199
365 234
366 45
369 415
369 441
372 455
373 339
374 257
375 8
375 185
375 194
376 69
376 196
376 449
377 65
379 46
381 464
382 259
382 350
383 63
383 324
384 215
386 63
386 481
389 378
393 135
393 301
394 208
394 494
395 4
395 426
397 289
398 310
399 471
401 308
403 190
403 423
405 169
408 193
408 265
408 351
409 137
409 298
412 365
413 348
415 108
416 156
417 298
417 487
418 95
421 425
422 26
423 250
426 181
426 438
428 265
429 319
429 407
430 2
431 391
432 463
432 488
434 257
435 15
436 223
436 418
440 463
441 138
441 428
442 470
444 20
444 189
445 52
446 61
446 92
446 188
446 270
450 120
450 239
451 415
452 21
452 56
455 369
456 76
457 304
457 449
458 389
459 243
460 146
462 423
462 493
463 226
465 450
467 193
468 288
468 298
468 436
470 63
471 131
472 350
472 382
472 427
474 67
474 109
477 414
478 198
478 319
478 392
479 233
481 23
481 332
482 235
483 172
483 369
485 62
485 371
486 45
486 132
486 234
487 193
487 364
489 98
491 190
491 292
492 373
493 32
493 178
494 222
495 497
496 414
497 205
500 288
500 390
