500
3471
1 5
1 209
1 232
1 325
1 399
1 414
2 60
2 80
2 149
2 155
2 162
2 230
2 264
2 359
3 68
3 86
3 167
3 188
3 192
3 217
3 236
3 388
3 438
4 162
4 203
4 287
4 376
4 384
4 473
5 149
5 351
5 487
5 496
6 62
6 67
6 142
6 289
6 361
7 263
7 348
7 396
7 465
8 12
8 25
8 35
8 40
8 44
8 102
8 219
8 235
8 367
9 27
9 119
9 169
9 287
9 344
9 380
9 413
9 443
10 73
10 78
10 98
10 197
10 256
10 333
10 362
10 413
10 463
11 58
11 115
11 124
11 199
11 271
11 441
11 459
12 13
12 20
12 109
12 154
12 222
12 427
12 438
13 88
13 276
13 284
13 402
14 24
14 57
14 81
14 189
14 240
14 399
15 14
15 42
15 403
15 500
16 156
16 165
16 345
16 492
17 40
17 52
17 82
17 116
17 195
17 218
17 333
17 336
17 470
18 137
18 233
18 362
18 470
18 481
19 164
19 249
19 284
19 295
19 377
19 436
19 475
20 34
20 94
20 211
20 275
20 311
20 377
20 469
21 1
21 124
21 338
21 420
21 448
21 453
21 490
22 39
22 246
22 252
22 275
22 481
23 53
23 195
23 366
23 415
24 102
24 132
24 188
24 277
24 287
24 387
24 459
25 12
25 64
25 77
25 183
25 190
25 210
25 269
25 382
26 110
26 209
26 371
26 395
26 461
27 125
27 246
27 329
27 397
27 464
28 22
28 119
28 288
28 292
28 315
28 395
28 431
28 447
29 59
29 73
29 308
29 392
29 410
29 412
29 423
29 425
30 11
30 59
30 64
30 228
30 240
30 267
30 341
30 356
30 381
30 486
30 493
31 99
31 115
31 165
31 192
31 286
31 364
31 381
31 441
32 27
32 48
32 71
32 297
33 68
33 140
33 162
33 187
33 206
33 224
33 445
33 460
34 51
34 69
34 165
34 346
35 152
35 179
35 231
35 286
35 342
35 410
35 429
35 465
36 33
36 97
36 143
36 283
36 341
36 373
37 83
37 210
37 219
37 422
37 494
38 18
38 68
38 170
38 314
39 1
39 110
39 479
39 481
39 498
40 107
40 206
40 266
40 325
40 468
41 159
41 320
41 467
42 19
42 123
42 233
42 275
42 279
42 342
42 360
42 371
42 435
42 441
43 60
43 108
43 137
43 248
43 302
43 483
43 492
44 124
44 271
44 333
44 383
44 397
45 6
45 41
45 158
45 197
46 93
46 131
46 222
46 276
46 343
46 370
46 419
46 444
47 173
47 228
47 252
48 9
48 11
48 65
48 133
48 150
48 169
48 224
48 258
48 285
49 86
49 176
49 225
49 230
49 353
49 415
50 219
50 303
50 353
51 103
51 161
51 232
51 234
51 252
51 417
52 24
52 66
52 105
52 113
52 152
52 158
52 185
52 257
52 325
53 419
53 442
53 500
54 208
54 254
54 464
55 2
55 30
55 136
55 347
55 395
55 418
55 430
56 228
56 277
56 304
57 47
57 133
57 254
57 343
57 418
57 454
58 210
58 348
58 353
58 468
59 4
59 143
59 193
59 284
59 337
59 484
60 177
60 269
60 371
60 380
60 408
60 481
61 80
61 97
61 106
61 130
61 137
61 210
61 258
61 294
61 331
61 341
61 413
62 17
62 42
62 91
62 219
62 279
62 452
63 44
63 357
63 370
63 428
64 43
64 136
64 144
64 183
64 214
65 80
65 102
65 112
65 118
65 231
65 471
66 219
66 354
66 364
67 29
67 88
67 209
67 256
67 283
67 302
67 303
67 488
67 490
68 7
68 166
68 482
68 499
68 500
69 86
69 100
69 146
69 387
69 405
70 166
70 187
70 197
70 293
70 297
70 372
70 388
71 56
71 59
71 294
71 370
71 495
72 10
72 31
72 164
72 224
72 231
72 286
72 330
72 362
72 440
73 149
73 152
73 194
73 212
73 348
73 385
73 404
74 19
74 114
74 149
74 165
74 186
74 344
74 383
75 250
75 252
75 258
75 281
75 339
76 224
76 377
76 435
76 457
77 68
77 97
77 141
77 250
77 366
77 421
77 473
77 478
78 49
78 198
78 202
78 356
78 400
78 464
79 110
79 196
79 229
79 235
79 274
79 321
79 370
79 383
79 431
80 82
80 158
80 214
80 336
80 344
80 367
80 442
80 466
80 499
81 38
81 60
81 164
81 258
81 271
81 350
82 29
82 445
83 8
83 28
83 37
83 177
83 297
83 387
84 29
84 98
84 112
84 178
84 192
84 206
84 234
84 253
84 335
84 347
84 401
84 446
85 42
85 64
85 91
85 215
85 228
85 371
85 423
85 475
86 173
86 238
86 310
86 394
86 469
87 7
87 28
87 55
87 92
87 127
87 252
87 435
87 445
88 13
88 54
88 93
88 229
88 242
88 252
88 313
88 314
88 477
89 124
89 357
89 370
90 172
90 273
90 292
90 446
90 461
91 41
91 44
91 83
91 151
91 287
91 297
91 311
91 329
91 357
92 336
92 418
92 472
92 483
93 7
93 95
93 210
93 226
93 258
93 271
93 307
93 376
93 395
93 410
93 466
94 2
94 96
94 176
94 224
94 233
94 354
95 21
95 167
95 235
95 335
95 404
95 476
95 483
96 444
97 57
97 478
98 51
98 70
98 104
98 207
99 13
99 50
99 98
99 201
99 288
99 302
99 388
99 443
99 471
100 30
100 85
100 201
100 220
100 288
100 307
100 380
101 327
102 26
102 140
102 218
102 350
102 389
102 396
102 486
103 50
103 88
103 152
103 167
103 209
103 210
103 392
103 402
103 414
104 25
104 43
104 81
104 117
104 170
104 211
104 244
104 414
104 429
104 434
105 15
105 149
105 494
106 43
106 108
106 130
106 199
106 320
106 462
106 487
107 40
107 100
107 122
107 149
107 156
107 207
107 215
107 247
107 254
107 321
107 352
107 436
107 463
107 466
107 491
108 63
108 170
108 307
108 312
108 356
108 444
108 492
109 15
109 50
109 177
109 262
110 9
110 44
110 45
110 49
110 52
110 98
110 111
110 113
110 265
110 272
110 283
110 289
110 290
110 363
110 440
110 446
111 14
111 60
111 260
111 287
111 295
111 400
111 413
112 120
112 126
112 260
112 310
112 464
113 1
113 289
113 335
113 340
113 350
113 408
113 430
114 23
114 135
114 202
114 245
114 303
114 341
114 411
114 413
114 467
114 470
115 6
115 14
115 67
115 164
115 170
115 216
115 354
115 434
116 125
116 257
116 298
116 321
116 399
116 428
117 54
117 77
117 127
117 137
117 287
117 290
117 327
117 357
117 459
118 17
118 81
118 212
118 326
118 469
118 498
119 176
119 221
119 245
119 263
119 298
119 311
119 389
120 53
120 58
120 119
120 296
120 371
120 400
120 419
121 9
121 91
121 168
121 174
121 292
122 17
122 145
122 165
122 317
122 338
122 362
122 413
122 428
122 453
122 459
122 485
123 95
123 179
123 301
123 427
124 168
124 272
124 334
124 348
124 364
125 50
125 102
125 152
125 190
125 214
125 289
125 327
125 345
125 453
125 477
126 1
126 18
126 22
126 92
126 179
126 285
126 472
127 25
127 55
127 61
127 109
127 138
127 143
127 168
127 228
127 323
127 399
127 407
127 420
128 94
128 125
128 202
128 259
128 388
128 405
128 435
128 496
129 8
129 38
129 66
129 155
129 181
129 184
129 260
129 276
129 463
129 481
130 60
130 85
130 113
130 141
130 335
131 13
131 170
131 247
131 324
131 486
131 493
132 55
132 94
132 262
132 269
132 326
132 368
133 13
133 165
133 378
133 405
133 428
134 57
134 112
134 121
134 145
134 253
134 291
134 446
135 16
135 63
135 136
135 159
135 193
135 244
135 285
135 320
135 387
135 421
135 427
135 446
136 81
136 174
136 355
136 366
136 417
136 473
137 20
137 87
137 173
137 188
137 322
137 420
138 101
138 418
138 419
138 494
139 76
139 148
139 333
139 343
139 419
140 5
140 207
140 287
140 321
140 325
140 400
140 475
140 498
141 2
141 138
141 163
141 266
141 412
141 428
141 436
142 95
142 146
142 250
142 317
142 380
142 412
143 50
143 74
143 211
143 222
143 290
144 39
144 51
144 69
144 119
144 177
144 235
144 267
144 374
144 401
144 408
145 72
145 170
145 286
145 294
145 311
145 330
145 340
145 375
145 490
146 66
146 88
146 157
146 265
146 352
146 430
146 435
147 26
147 166
147 231
147 249
147 285
147 349
147 450
148 159
148 247
148 304
148 359
148 411
148 484
149 8
149 42
149 249
149 260
149 268
149 294
149 296
149 322
149 374
149 429
149 449
149 493
150 18
150 77
150 227
150 311
150 343
150 433
150 436
151 19
151 40
151 83
151 125
151 135
151 154
151 169
151 286
151 350
151 388
152 3
152 226
152 260
152 437
152 453
152 464
152 468
152 488
153 36
153 87
153 104
153 107
153 144
153 195
153 252
153 263
153 303
153 454
153 474
154 18
154 89
154 94
154 153
154 190
154 199
154 241
155 44
155 188
155 199
155 318
155 438
155 453
155 469
156 52
156 85
156 170
156 241
156 320
156 449
156 474
157 56
157 115
157 152
157 474
157 479
158 68
158 126
158 220
158 292
158 305
158 319
158 405
159 41
159 127
159 193
159 217
159 227
159 298
160 236
160 314
160 355
160 368
160 418
161 34
161 43
161 73
161 101
161 132
161 182
161 384
161 453
162 43
162 48
162 182
162 201
162 218
162 227
162 238
162 270
162 442
163 24
163 64
163 102
163 107
163 114
163 155
163 160
163 275
163 278
163 300
163 316
163 421
163 434
164 107
164 160
164 206
164 338
164 463
164 466
165 23
165 123
165 126
165 228
165 238
165 490
166 8
166 52
166 148
166 178
166 200
166 279
166 334
166 463
167 2
167 106
167 175
167 197
167 261
167 293
167 350
167 360
168 24
168 29
168 69
168 143
168 279
168 300
168 323
168 408
168 451
168 476
169 34
169 166
169 201
170 129
170 151
170 247
170 254
170 350
170 387
170 402
170 415
170 486
171 138
171 175
171 184
171 288
171 345
171 385
171 419
172 117
172 254
172 268
172 273
172 422
172 462
173 245
173 370
173 485
174 66
174 147
174 205
174 207
174 210
174 266
174 291
174 327
174 328
174 371
174 421
174 464
174 494
175 9
175 23
175 32
175 85
175 193
175 199
175 249
175 353
175 454
176 141
176 327
176 417
177 153
177 284
177 396
177 402
177 441
177 485
178 49
178 238
178 307
178 379
178 389
179 156
179 167
179 178
179 471
180 95
180 117
180 132
180 246
180 371
180 383
180 490
181 98
181 184
181 207
181 241
181 384
181 408
181 441
181 446
181 466
181 484
182 36
182 209
182 278
182 305
182 416
182 427
183 13
183 208
183 264
183 305
183 485
184 218
184 238
184 314
184 471
185 63
185 242
185 271
185 296
185 493
186 13
186 16
186 30
186 40
186 101
186 156
186 228
186 334
186 350
186 384
186 487
187 81
187 288
187 362
187 432
187 482
188 31
188 39
188 166
188 199
188 256
188 315
188 349
188 467
188 469
188 473
188 486
188 496
189 95
189 199
189 205
189 305
189 321
189 328
189 498
190 35
190 60
190 63
190 101
190 129
190 286
190 300
190 326
190 363
191 45
191 77
191 86
191 101
191 209
191 277
191 353
191 370
191 418
191 452
192 12
192 67
192 127
192 133
192 136
192 146
192 283
192 326
192 381
192 400
192 418
192 420
193 19
193 71
193 164
193 218
193 331
193 359
193 459
194 28
194 43
194 82
194 172
194 357
194 382
195 67
195 88
195 92
195 407
196 8
196 294
196 367
196 380
196 389
196 390
196 472
196 495
197 88
197 234
197 428
197 474
198 23
198 190
198 266
198 310
198 360
198 449
199 51
199 73
199 146
199 149
199 157
199 221
199 363
199 364
199 447
199 455
199 457
199 483
200 60
200 68
200 100
200 166
200 284
200 294
200 312
200 343
200 375
200 379
200 387
200 422
201 132
201 135
201 164
201 222
201 262
201 390
201 406
201 418
201 488
202 22
202 144
202 156
202 186
202 198
202 209
202 210
202 271
202 352
202 393
202 447
202 488
203 70
203 134
203 136
203 181
203 193
203 207
203 467
204 9
204 90
204 98
204 118
204 310
204 380
205 31
205 46
205 118
205 164
205 196
205 252
205 286
205 309
205 322
205 395
205 430
206 119
206 241
206 491
207 13
207 248
207 280
207 322
207 433
207 458
208 141
208 354
208 439
208 464
209 55
209 73
209 181
209 289
209 310
209 362
209 392
209 415
209 424
209 438
209 493
210 73
210 89
210 451
210 483
211 301
211 338
212 10
212 13
212 33
212 102
212 283
212 437
213 32
213 66
213 294
213 382
213 384
213 480
213 483
214 71
214 74
214 126
214 127
214 148
214 246
214 302
215 26
215 206
215 213
215 228
215 237
215 283
215 455
215 459
216 20
216 25
216 74
216 181
216 197
216 287
216 303
216 484
216 499
217 126
217 185
217 235
217 300
217 397
217 465
218 27
218 104
218 236
218 246
218 258
218 277
218 304
218 356
218 481
219 65
219 77
219 129
219 268
219 351
219 396
220 138
220 174
220 236
220 469
221 79
221 105
221 123
221 232
221 261
221 381
221 416
221 470
222 84
222 153
222 251
222 423
223 76
223 100
223 196
223 202
223 308
223 377
223 425
224 24
224 56
224 57
224 73
224 84
224 99
224 211
224 212
224 256
224 296
225 39
225 58
225 59
225 249
225 288
225 381
225 429
226 101
226 337
226 483
227 49
227 70
227 140
227 207
227 278
227 324
227 375
227 496
228 32
228 204
228 436
228 458
228 491
228 497
229 307
229 416
229 423
230 36
230 121
230 128
230 197
230 318
230 357
230 364
230 419
230 440
230 443
231 66
231 235
231 271
231 297
231 324
231 499
232 3
232 17
232 151
232 255
232 375
232 389
232 454
232 475
233 38
233 42
233 115
233 165
233 167
233 169
233 220
233 287
233 297
233 341
233 358
234 24
234 61
234 127
234 181
234 366
234 416
234 485
235 113
235 153
235 304
235 310
235 372
235 460
236 14
236 106
236 164
236 373
236 378
236 396
236 465
237 52
237 77
237 118
237 122
237 152
237 179
237 232
237 257
237 266
237 345
237 436
237 488
238 34
238 192
238 216
238 224
238 239
238 319
238 436
239 108
239 122
239 264
239 324
239 373
239 399
239 435
239 452
239 465
239 499
240 105
240 268
240 379
241 62
241 84
241 181
241 259
241 272
241 327
241 361
241 362
241 444
241 457
242 1
242 32
242 184
242 368
242 460
242 469
243 47
243 80
243 150
243 174
243 346
243 389
243 410
244 149
244 190
244 192
244 283
244 386
244 452
244 490
245 23
245 44
245 64
245 103
245 134
245 153
245 264
245 276
245 295
245 416
246 179
246 207
246 224
246 233
246 255
246 342
246 484
247 242
247 303
247 365
247 452
248 89
248 225
248 243
248 265
248 308
248 333
248 367
249 134
249 204
249 239
249 281
249 418
249 419
250 6
250 15
250 67
250 145
250 218
250 220
250 377
251 15
251 26
251 88
251 147
251 184
251 210
251 384
251 409
251 410
252 29
252 58
252 89
252 93
252 189
252 200
252 317
252 333
252 364
252 384
252 423
253 256
253 398
253 488
254 144
254 217
254 218
254 229
254 275
254 295
254 452
255 25
255 59
255 152
255 158
255 185
255 217
255 389
255 428
256 59
256 97
256 146
256 162
256 246
256 302
256 416
256 422
256 486
257 42
257 189
257 309
258 103
258 135
258 158
258 244
258 269
258 359
258 392
258 408
258 438
258 492
259 52
259 157
259 211
259 281
259 295
259 306
259 314
260 65
260 113
260 176
260 182
260 315
260 372
260 383
260 468
261 115
261 186
261 212
261 263
261 439
261 451
261 478
262 98
262 218
262 315
262 371
262 395
262 429
262 496
263 191
263 226
263 365
264 110
264 191
264 220
264 235
264 267
264 271
264 420
264 441
264 467
265 19
265 83
265 118
265 134
265 221
265 267
265 291
266 96
266 132
266 165
266 176
266 336
266 411
266 457
266 466
266 489
267 53
267 136
267 225
267 227
267 316
267 323
267 327
267 328
267 424
268 65
268 130
268 188
268 192
268 290
268 308
268 404
269 28
269 257
269 361
269 381
269 392
270 50
270 66
270 119
270 178
270 231
270 250
270 316
270 410
270 467
270 485
271 135
271 238
271 321
271 341
271 495
272 80
272 99
272 108
272 227
272 290
272 452
273 114
273 308
273 349
273 410
273 447
273 488
274 67
274 109
274 168
274 180
274 181
274 281
274 329
274 453
274 464
274 469
275 54
275 70
275 102
275 188
275 282
275 287
275 292
275 353
275 368
276 140
276 177
276 328
276 406
277 56
277 306
277 353
277 427
277 436
278 22
278 50
278 239
278 309
278 322
278 418
278 494
279 9
279 18
279 187
279 209
279 263
279 467
279 476
280 34
280 63
280 111
280 112
280 154
280 289
280 356
280 448
281 13
281 87
281 115
281 121
281 184
281 295
281 388
282 43
282 279
282 280
282 443
282 457
283 63
283 118
283 178
283 216
283 219
283 238
283 249
283 264
283 281
283 315
283 381
283 412
283 413
283 415
283 444
284 26
284 35
284 64
284 151
284 253
284 281
284 319
284 387
284 397
284 443
285 87
285 108
285 109
285 157
285 343
285 395
285 490
286 86
286 140
286 209
286 230
286 259
286 288
286 364
286 388
286 406
286 450
287 3
287 136
287 189
287 306
287 353
287 488
288 285
288 350
289 100
289 132
289 134
289 326
289 329
289 355
289 476
290 54
290 87
290 133
290 180
290 191
290 228
290 380
291 70
291 195
291 282
291 314
291 325
291 403
291 413
292 19
292 48
292 133
292 316
292 326
292 330
292 436
292 484
293 36
293 57
293 179
293 207
293 250
293 284
293 411
293 478
294 15
294 61
294 73
294 79
294 107
294 133
294 136
294 214
294 302
294 345
294 352
294 381
294 409
295 147
295 196
295 226
295 409
295 471
296 34
296 66
296 325
296 371
296 439
297 55
297 71
297 161
297 464
298 107
298 271
298 408
299 90
299 135
299 179
299 225
299 321
299 447
299 460
300 116
300 310
300 350
300 368
300 488
301 3
301 14
301 48
301 61
301 179
301 214
301 251
301 271
301 346
301 495
302 66
302 112
302 267
302 278
303 62
303 73
303 74
303 162
303 203
303 208
303 306
303 327
304 62
304 114
304 124
304 150
304 158
304 198
304 220
304 443
305 210
305 226
305 254
305 279
305 365
305 473
306 67
306 147
306 175
306 285
306 382
306 386
306 471
307 21
307 42
307 171
307 178
307 251
307 470
308 175
308 258
308 321
308 424
309 57
309 100
309 170
309 203
309 215
309 247
309 268
309 320
309 357
310 13
310 63
310 128
310 150
310 159
310 256
310 282
311 140
311 212
311 447
312 68
312 94
312 221
312 379
313 45
313 135
313 176
313 240
313 245
313 250
313 300
313 365
313 386
313 396
313 416
313 429
314 225
314 238
314 468
315 115
315 283
315 313
315 431
315 465
315 469
316 20
316 133
316 192
316 201
316 231
316 239
316 263
316 265
316 338
316 363
316 419
317 35
317 333
317 400
317 407
317 478
318 7
318 104
318 152
318 285
318 288
318 354
318 367
319 51
319 56
319 126
319 215
319 284
319 326
319 328
319 468
319 482
320 2
320 154
320 248
320 272
320 303
320 342
320 365
320 384
320 401
320 408
320 423
320 437
321 182
321 218
321 234
321 385
321 476
322 39
322 95
322 360
322 368
323 9
323 12
323 136
323 172
323 264
323 431
323 448
324 177
324 215
324 238
324 244
324 434
325 87
325 491
326 54
326 189
326 234
326 240
326 296
326 376
326 436
327 98
327 227
327 246
327 255
327 265
327 271
327 290
327 368
328 63
328 305
328 343
328 377
328 424
329 58
329 118
329 150
329 158
329 160
329 308
329 437
329 448
329 453
330 143
330 222
330 249
330 254
330 284
330 344
330 345
330 387
330 489
331 127
331 145
331 204
331 223
331 304
331 309
332 65
332 76
332 100
332 177
332 200
332 366
332 380
332 398
332 409
332 412
332 441
333 31
333 377
333 439
333 497
334 1
334 93
334 288
334 310
334 315
334 338
334 379
334 388
335 162
335 247
335 257
335 262
335 271
335 426
335 490
336 5
336 101
336 166
336 175
336 272
336 290
337 109
337 186
337 223
337 352
337 382
337 403
337 406
338 29
338 77
338 100
338 192
338 222
338 265
338 422
338 431
338 476
339 42
339 157
339 180
339 246
339 311
339 354
340 32
340 33
340 59
340 357
340 362
340 423
340 426
340 453
341 113
341 120
341 146
341 173
341 226
341 267
341 327
341 451
341 498
342 30
342 87
342 91
342 170
342 260
343 58
343 60
343 224
343 237
343 267
343 294
343 369
344 125
344 142
344 151
344 276
344 280
344 363
344 383
344 429
344 434
344 467
345 7
345 24
345 49
345 180
345 191
345 247
345 302
345 359
345 381
345 384
345 406
345 483
346 21
346 50
346 92
346 102
346 115
346 161
346 206
346 395
347 1
347 192
347 304
347 349
347 363
347 455
347 465
347 477
348 42
348 65
348 221
348 326
348 388
348 465
349 45
349 186
349 332
349 353
349 358
349 367
349 374
349 384
349 458
350 42
350 43
350 118
350 235
350 357
350 401
350 448
351 36
351 102
351 131
351 179
351 257
351 464
352 30
352 101
352 111
352 134
352 294
352 312
352 327
352 486
353 143
353 219
353 259
353 383
354 18
354 76
354 143
354 144
354 154
354 179
354 201
354 308
354 346
354 379
354 401
354 413
354 480
355 181
355 257
355 398
355 400
355 401
355 421
355 470
356 64
356 164
356 178
356 190
356 337
356 423
356 453
357 49
357 55
357 147
357 197
357 350
357 441
358 109
358 158
358 219
358 284
358 309
358 312
358 331
358 385
358 433
358 500
359 32
359 62
359 111
359 202
359 364
359 378
359 396
359 435
360 12
360 36
360 77
360 82
360 90
360 169
360 232
360 329
360 347
360 387
360 405
360 432
361 21
361 173
361 185
361 212
361 248
361 289
361 450
361 463
362 52
362 200
362 448
362 484
362 486
363 45
363 135
363 151
363 168
363 323
363 366
363 370
363 486
364 20
364 64
364 86
364 205
364 215
364 339
364 404
365 22
365 321
365 343
365 348
365 394
365 415
366 114
366 202
366 212
366 228
366 256
366 268
366 275
366 305
366 466
367 27
367 306
367 324
367 333
367 384
367 469
368 80
368 187
368 238
368 317
368 330
368 388
369 197
369 285
369 297
370 49
370 84
370 128
370 166
370 176
370 239
370 278
370 345
370 355
370 450
371 21
371 32
371 48
371 92
371 165
371 324
371 444
371 494
371 499
372 46
372 109
372 337
372 350
373 44
373 329
373 341
374 148
374 367
374 423
375 149
375 170
375 198
375 262
375 376
375 428
376 9
376 21
376 115
376 226
376 299
376 370
377 26
377 152
377 196
377 215
377 398
377 490
378 107
378 117
378 126
378 280
378 325
378 358
378 361
378 376
378 414
378 488
379 125
379 242
379 325
379 386
380 11
380 27
380 45
380 274
380 327
380 436
380 469
381 121
381 185
381 229
381 241
381 324
381 327
381 342
381 368
381 482
381 489
381 491
382 219
382 236
382 263
382 330
382 340
382 400
382 418
383 2
383 52
383 136
383 152
384 4
384 191
384 198
384 243
384 312
384 363
384 372
384 458
384 467
384 468
384 500
385 92
385 140
385 215
385 255
385 413
385 473
386 135
386 153
386 173
386 179
386 207
386 221
387 172
387 178
387 244
387 284
387 416
387 426
387 444
388 20
388 89
388 166
388 294
388 364
388 370
388 392
388 409
388 477
389 68
389 261
389 307
389 368
389 385
389 402
389 500
390 54
390 258
390 297
390 339
391 66
391 160
391 193
391 327
391 338
391 378
391 418
391 441
391 472
391 493
392 2
392 38
392 126
392 348
392 444
393 127
393 150
393 301
393 303
393 337
393 466
393 482
394 144
394 178
394 217
394 379
395 113
395 159
395 177
395 245
395 263
395 293
396 211
396 223
396 281
396 398
396 411
397 1
397 37
397 48
397 134
397 239
397 269
397 293
397 364
397 425
397 486
398 160
398 278
398 453
399 54
399 73
399 105
399 235
399 280
399 303
399 415
399 459
399 469
399 471
400 52
400 148
400 174
400 181
400 407
401 78
401 154
401 399
401 403
402 132
402 174
402 228
402 255
402 264
402 268
402 337
402 447
403 15
403 76
403 169
403 186
403 230
403 238
403 429
404 5
404 13
404 23
404 122
404 297
404 303
404 379
404 388
404 466
405 71
405 189
405 200
405 365
405 412
405 413
405 438
405 487
406 78
406 188
406 494
407 53
407 182
407 250
407 266
407 296
407 305
407 343
408 22
408 91
408 144
408 210
408 239
408 327
408 360
408 403
408 484
409 19
409 146
409 272
409 340
409 411
409 418
409 441
410 19
410 40
410 145
410 266
410 371
411 185
411 196
411 297
411 347
412 22
412 135
412 166
412 263
412 316
412 443
412 469
413 45
413 219
413 230
413 231
413 255
413 286
413 348
413 390
413 468
414 34
414 76
414 85
414 428
415 22
415 137
415 237
415 345
415 398
415 496
416 41
416 126
416 277
416 385
416 493
417 210
417 424
417 458
417 492
418 119
418 228
418 264
418 306
419 37
419 95
419 109
419 138
419 337
419 379
419 423
419 470
419 498
420 24
420 170
420 395
421 9
421 36
421 67
421 70
421 134
421 159
421 211
421 255
421 301
421 363
421 467
422 80
422 166
422 294
422 328
422 452
423 2
423 36
423 37
423 106
423 163
423 193
423 353
423 370
423 375
423 384
423 399
423 476
424 82
424 404
424 437
424 494
425 5
425 11
425 35
425 224
425 236
425 266
425 368
425 418
425 498
426 112
426 141
426 250
426 264
426 300
426 494
427 281
427 339
427 378
427 385
427 462
428 94
428 98
428 277
428 284
428 303
428 313
428 364
428 396
428 433
428 495
429 54
429 102
429 119
429 120
429 278
429 280
429 287
429 288
430 6
430 8
430 37
430 45
430 53
430 80
430 195
430 209
430 268
430 287
430 301
430 331
430 398
430 401
431 307
431 313
431 343
432 22
432 278
432 336
432 359
432 366
432 380
432 382
432 446
432 449
432 490
432 497
433 52
433 82
433 83
433 101
433 107
433 116
433 118
433 329
433 339
433 408
433 418
434 7
434 23
434 48
434 113
434 132
434 320
434 358
434 363
434 431
434 440
435 245
435 301
435 333
435 356
435 370
435 392
435 397
435 413
435 481
436 241
436 268
436 277
436 308
436 345
436 366
436 490
437 110
437 179
437 198
437 237
437 263
437 291
437 295
437 327
437 329
438 59
438 90
438 222
438 338
438 440
438 487
439 122
439 272
439 278
439 323
439 420
440 16
440 65
440 96
440 173
440 302
440 308
440 313
440 397
440 404
441 50
441 234
441 264
441 310
441 344
441 393
441 446
441 499
442 134
442 221
442 233
442 326
442 334
442 408
442 437
442 498
443 80
443 91
443 104
443 137
443 193
443 203
443 219
443 231
443 370
444 116
444 127
444 137
444 240
444 246
444 259
444 462
445 106
445 145
445 236
445 340
445 380
445 406
446 36
446 173
446 256
446 257
447 54
447 55
447 56
447 165
447 170
447 194
447 201
447 228
447 411
447 444
448 18
448 113
448 177
448 202
448 213
448 261
448 303
448 311
448 434
449 9
449 244
449 253
449 257
449 349
449 477
449 478
450 3
450 29
450 180
450 291
450 457
450 467
451 133
451 283
451 440
452 23
452 36
452 164
452 198
452 205
452 454
452 470
453 70
453 207
453 226
453 256
453 425
453 468
453 483
454 177
454 268
454 269
455 39
455 64
455 106
455 151
455 284
455 290
455 310
455 339
455 371
455 443
456 55
456 68
456 84
456 105
456 146
456 204
456 297
456 303
456 318
456 464
457 41
457 102
457 131
457 360
457 393
457 452
457 453
458 238
458 386
459 113
459 122
459 253
459 267
459 324
459 345
459 373
459 399
459 414
460 55
460 167
460 180
460 185
460 317
460 438
461 10
461 45
461 59
461 115
461 263
461 341
461 348
462 39
462 85
462 100
462 166
462 421
462 438
462 453
462 480
463 16
463 26
463 36
463 61
463 106
463 144
463 205
463 223
463 244
463 364
463 409
464 42
464 63
464 134
464 161
464 195
464 259
464 444
464 454
465 4
465 274
466 59
466 125
466 137
466 204
466 290
466 425
467 306
467 409
467 496
468 99
468 118
468 121
468 122
468 257
468 300
468 363
469 115
469 197
469 268
469 282
469 287
469 317
469 477
469 480
470 52
470 58
470 74
470 300
470 384
471 82
471 392
471 457
471 481
472 93
472 222
472 245
472 283
472 371
473 82
473 93
473 275
474 7
474 19
474 76
474 93
474 166
474 174
474 262
474 293
474 366
474 368
474 369
474 373
474 412
474 448
474 488
475 44
475 82
475 116
475 135
475 447
475 454
475 478
475 498
476 39
476 60
476 61
476 108
476 131
476 157
476 209
476 264
476 357
477 13
477 84
477 195
477 209
477 219
477 411
478 3
478 88
478 136
478 137
478 431
478 467
479 247
479 260
479 328
479 354
479 472
479 478
480 295
480 431
480 456
481 227
481 250
481 295
481 392
481 412
481 430
482 72
482 102
482 115
482 120
482 128
482 165
482 246
482 350
482 374
482 378
482 412
482 429
482 481
482 492
483 161
483 188
483 230
483 298
483 312
483 322
483 444
483 458
483 487
484 180
484 184
484 209
484 309
484 312
484 327
484 402
484 480
485 22
485 165
485 205
485 229
485 244
485 252
485 383
485 473
486 146
486 212
486 221
486 260
486 322
486 425
486 436
486 445
486 473
487 91
487 115
487 149
487 169
488 83
488 285
488 290
488 294
488 308
488 369
489 52
489 279
489 365
489 433
490 48
490 68
490 144
490 324
490 338
490 339
490 390
490 474
491 29
491 30
491 41
491 87
491 113
491 149
491 186
491 204
491 215
491 236
491 250
491 276
492 80
492 94
492 127
492 136
492 199
492 208
492 276
492 287
492 288
492 344
493 2
493 160
493 199
493 285
493 341
493 418
493 498
494 18
494 77
494 81
494 207
494 255
494 274
494 384
494 388
494 469
494 497
495 26
495 192
495 194
495 228
495 388
496 15
496 62
496 114
496 115
496 146
496 265
496 276
496 368
496 398
497 251
497 304
497 318
497 421
498 23
498 89
498 103
498 106
498 174
498 177
498 270
498 389
498 440
499 250
499 303
499 343
499 356
500 178
500 257
500 299
500 310
500 395
500 401
500 487
