50
100
2 8
2 44
3 1
3 18
3 31
3 48
4 43
5 7
5 14
5 15
5 18
5 27
6 11
6 49
7 2
8 27
8 40
9 4
9 13
11 20
13 12
13 33
13 36
13 40
14 19
14 40
15 24
16 18
16 22
16 43
19 20
19 29
19 46
20 19
20 37
20 43
21 4
21 17
22 8
22 30
22 49
23 45
24 13
26 4
26 6
26 21
26 41
27 6
27 49
28 14
28 27
28 34
28 50
29 39
30 6
30 12
30 37
30 41
30 44
31 8
31 18
31 23
31 29
33 14
34 13
34 24
34 25
34 27
34 31
36 50
38 43
39 11
39 38
40 11
40 42
41 14
41 15
42 15
42 28
42 30
42 38
42 50
43 29
43 30
43 37
44 19
45 6
46 3
46 22
47 25
47 28
47 35
48 23
48 35
48 38
49 21
49 28
49 50
50 35
50 38
