50
191
1 21
1 34
1 43
2 13
2 18
2 25
2 30
2 36
2 38
2 46
3 1
3 9
3 11
3 24
3 25
3 44
4 2
4 16
4 25
4 42
5 39
5 45
6 1
6 8
6 19
6 22
6 35
6 48
7 8
7 35
7 41
7 43
8 12
8 33
8 47
9 3
9 30
9 39
10 23
10 35
11 6
11 12
11 19
13 2
13 11
13 29
13 44
13 46
14 8
14 24
14 37
14 38
15 17
15 42
15 50
16 21
16 28
16 46
17 33
18 3
18 9
18 30
18 31
18 32
18 39
18 45
19 7
19 24
19 31
19 50
20 2
20 4
20 18
20 45
20 46
21 9
21 14
21 19
21 24
21 26
21 33
21 40
22 30
23 3
23 9
23 21
23 44
23 46
24 20
24 37
26 7
26 9
26 23
26 32
26 36
26 39
27 18
27 20
27 25
27 42
28 14
29 30
29 34
29 37
29 42
29 48
30 5
30 6
31 12
31 24
31 32
31 33
31 41
31 49
32 2
32 38
32 43
32 45
32 48
33 12
33 13
33 30
34 20
34 22
34 43
34 45
35 13
35 31
35 44
36 2
36 3
36 10
36 29
37 2
37 26
37 49
38 6
38 12
38 14
38 42
39 14
39 45
40 1
40 4
40 5
40 7
40 17
40 31
40 36
40 38
40 42
40 48
41 7
41 8
41 9
41 17
41 23
42 3
42 21
42 31
42 32
42 35
43 9
43 28
43 42
44 2
44 37
44 50
45 19
45 36
45 49
46 31
47 4
47 25
47 49
48 7
48 17
48 23
48 33
48 35
48 37
49 10
49 42
50 10
50 21
50 24
50 28
50 40
50 42
50 44
50 49
