50
419
1 7
1 11
1 14
1 20
1 22
1 33
1 36
1 39
1 40
1 41
1 45
2 11
2 24
2 30
2 44
2 46
3 4
3 7
3 19
3 20
3 27
3 31
3 34
3 35
3 43
3 46
3 48
4 12
4 15
4 17
4 19
4 23
4 29
4 31
4 34
4 36
4 44
4 47
4 48
5 6
5 25
5 30
5 32
5 33
5 38
6 1
6 5
6 9
6 23
6 29
6 50
7 13
7 14
7 16
7 44
7 45
7 46
8 2
8 4
8 6
8 19
8 42
8 45
8 49
9 1
9 2
9 3
9 4
9 7
9 13
9 20
9 28
9 31
9 40
9 45
9 49
10 2
10 3
10 7
10 8
10 12
10 14
10 19
10 22
10 23
10 29
10 33
10 34
10 36
10 38
10 39
10 40
10 43
10 46
10 47
11 1
11 3
11 5
11 29
11 35
11 38
11 44
11 46
12 1
12 6
12 20
12 25
12 29
12 36
12 38
12 47
13 2
13 4
13 5
13 9
13 14
13 27
13 28
13 30
13 47
14 5
14 18
14 20
14 28
14 33
15 6
15 9
15 11
15 29
15 34
15 40
15 42
15 43
15 46
16 5
16 13
16 14
16 18
16 27
16 32
17 11
17 22
17 36
18 7
18 8
18 22
18 26
18 32
18 39
18 40
18 44
18 47
18 49
19 18
19 31
19 32
19 33
19 37
19 38
19 42
20 21
20 25
20 30
20 35
20 40
20 42
20 45
20 46
20 49
21 14
21 22
21 29
21 30
21 32
21 33
21 34
21 36
21 39
21 43
21 44
21 45
21 46
21 50
22 10
22 12
22 13
22 14
22 19
22 39
22 41
22 47
22 49
22 50
23 1
23 14
23 28
23 35
23 37
23 41
23 49
24 1
24 8
24 15
24 26
24 46
24 50
25 2
25 26
25 31
25 38
25 40
25 44
26 2
26 11
26 25
26 27
26 29
26 33
26 44
26 45
26 49
27 2
27 5
27 21
27 23
27 24
27 28
27 48
28 2
28 5
28 8
28 11
28 13
28 24
28 44
28 45
29 2
29 6
29 9
29 10
29 11
29 14
29 23
29 30
29 37
29 39
29 41
29 44
29 46
30 13
30 24
30 45
30 46
31 2
31 3
31 5
31 8
31 11
31 26
31 41
31 42
32 8
32 11
32 24
32 40
32 46
33 9
33 12
33 16
33 20
33 25
33 29
33 49
33 50
34 8
34 12
34 16
34 18
34 22
34 23
34 25
34 36
34 44
34 47
34 50
35 1
35 3
35 17
35 20
35 22
35 26
35 31
35 34
35 36
35 43
35 44
35 48
36 5
36 8
36 15
36 16
36 18
36 21
36 23
36 31
36 32
36 34
36 41
36 47
37 29
37 36
37 41
37 43
37 44
37 45
38 1
38 4
38 7
38 22
38 25
38 32
38 41
38 44
38 48
39 1
39 3
39 17
39 18
39 22
39 23
39 26
39 32
39 43
39 46
40 7
40 12
40 17
40 21
40 25
40 28
40 29
40 37
41 7
41 15
41 19
41 27
41 35
41 40
41 46
42 6
42 20
42 22
42 37
42 38
42 47
43 15
43 21
43 28
43 30
44 1
44 12
44 14
44 19
44 27
44 28
44 29
44 37
44 48
45 3
45 15
45 17
45 20
45 30
45 50
46 5
46 8
46 17
46 21
46 28
46 31
46 35
46 49
47 6
47 15
47 17
47 19
47 21
47 38
47 43
47 44
47 50
48 1
48 6
48 7
48 11
48 14
48 17
48 19
48 23
48 25
48 29
48 32
48 34
48 41
49 2
49 9
49 11
49 17
49 20
49 32
49 33
50 21
50 23
50 26
50 27
50 28
50 39
50 41
50 45
