60
118
1 4
1 22
1 28
1 55
1 60
2 3
2 4
2 30
2 32
2 37
2 48
3 4
3 25
3 37
4 24
4 25
4 43
4 44
6 34
6 44
6 47
7 1
7 23
7 46
8 27
9 18
9 42
10 13
10 42
10 56
11 12
12 37
12 39
13 59
14 11
15 23
16 30
16 35
17 2
17 25
20 8
21 4
21 36
22 1
22 12
23 19
25 10
25 49
25 60
26 12
26 36
26 56
27 9
27 45
28 43
29 1
30 4
30 33
32 16
33 38
34 9
34 48
34 50
35 24
35 50
36 7
36 14
36 27
37 1
37 47
38 43
39 37
39 41
39 43
40 22
40 43
40 52
40 54
41 22
41 48
41 53
42 12
43 9
44 15
44 31
44 40
45 7
45 24
46 8
47 4
48 40
48 51
49 35
49 44
50 2
50 8
50 40
51 27
51 39
53 9
53 10
54 37
54 60
55 36
56 16
56 23
57 3
57 25
57 28
58 38
58 46
59 15
59 35
60 2
60 6
60 37
60 39
60 54
