60
176
1 9
1 16
1 49
2 19
2 31
3 14
3 44
4 9
4 22
5 3
5 7
5 19
5 29
6 7
6 8
6 15
6 21
6 42
6 53
7 5
7 11
7 27
7 46
7 51
8 1
8 12
8 16
8 23
8 36
8 54
8 57
9 16
9 22
9 30
9 37
10 4
10 20
11 36
11 44
11 55
12 13
12 21
12 27
13 25
14 22
14 26
14 41
14 48
15 30
15 45
15 52
15 54
15 58
16 17
17 10
17 12
17 33
17 57
18 10
18 32
18 39
19 14
19 21
19 27
19 45
20 43
20 47
21 14
21 27
22 25
22 60
23 22
25 13
25 44
25 55
26 6
26 7
26 18
26 42
27 6
29 2
29 12
29 15
29 31
29 59
30 7
30 11
30 44
30 58
30 60
31 28
31 33
31 34
31 42
31 44
31 53
31 56
32 20
32 52
34 17
34 46
35 29
35 60
36 11
37 12
37 17
37 18
37 38
37 49
38 5
38 7
38 23
38 32
38 54
39 13
39 52
39 55
40 10
40 43
40 45
40 46
40 47
40 49
40 51
41 34
41 59
42 18
43 14
43 28
43 52
44 18
44 34
45 3
45 18
45 34
46 1
46 11
47 18
47 33
47 40
48 12
48 21
48 52
49 25
49 43
50 40
50 43
51 46
51 47
51 56
51 60
53 8
53 16
53 42
53 45
54 30
54 56
55 9
55 11
55 21
55 30
55 41
55 46
56 53
56 57
57 4
57 37
57 56
58 9
58 30
58 37
58 59
59 29
60 27
60 39
60 53
