60
398
1 12
1 26
1 33
1 50
1 51
1 52
1 60
2 13
2 31
2 46
2 47
3 8
3 11
3 15
3 24
3 33
3 46
4 9
4 44
4 50
4 52
5 32
5 42
6 12
6 30
6 31
6 32
6 33
6 34
6 58
7 1
7 2
7 4
7 10
7 20
7 30
7 31
7 37
7 55
8 4
8 10
8 31
8 35
8 50
8 53
8 54
8 55
9 7
9 12
9 28
9 35
9 41
10 2
10 28
10 52
11 2
11 13
11 19
11 27
11 32
11 37
11 45
11 47
11 57
12 10
12 15
12 21
12 32
12 44
12 49
12 56
12 60
13 1
13 30
13 49
13 53
13 54
14 20
14 26
14 38
14 39
14 53
15 1
15 2
15 20
15 24
15 30
15 32
15 33
15 47
16 3
16 25
16 40
16 43
16 46
16 49
17 9
17 10
17 13
17 22
17 31
17 32
17 38
17 48
17 53
18 3
18 29
18 31
18 32
19 9
19 23
19 30
19 33
19 48
20 1
20 5
20 10
20 36
20 45
20 46
20 59
21 12
21 17
21 18
21 20
21 29
21 38
21 44
21 53
22 12
22 19
22 26
22 28
22 33
22 47
22 51
22 57
23 16
23 30
23 53
23 56
23 60
24 11
24 19
24 49
24 56
25 9
25 17
25 19
25 26
25 41
25 43
26 1
26 23
26 48
26 50
26 58
27 4
27 10
27 24
27 38
27 41
27 49
27 55
27 57
28 1
28 3
28 12
28 18
28 24
28 56
29 19
29 26
29 34
30 3
30 11
30 13
30 23
30 25
30 26
30 28
30 42
30 47
30 60
31 2
31 9
31 11
31 23
31 25
31 34
31 35
31 43
31 46
31 49
31 53
32 20
32 27
32 41
32 49
32 52
32 58
33 3
33 18
33 20
33 31
33 49
34 4
34 6
34 20
34 26
34 27
34 28
34 32
34 42
34 48
34 50
34 57
35 1
35 3
35 11
35 16
35 25
35 28
35 29
35 52
35 59
36 3
36 13
36 23
36 34
36 41
36 42
36 45
36 58
36 60
37 10
37 33
37 45
37 49
37 50
37 58
38 4
38 17
38 18
38 19
38 26
38 34
39 1
39 2
39 27
39 40
39 42
39 45
39 48
39 59
40 10
40 11
40 13
40 16
40 18
40 31
40 41
40 45
40 51
41 9
41 17
41 24
41 31
41 38
41 43
41 51
42 18
42 25
42 47
43 2
43 3
43 5
43 6
43 15
43 23
43 29
43 57
44 8
44 11
44 13
44 27
44 29
44 35
44 37
45 11
45 28
45 39
45 48
45 52
45 58
46 32
46 35
46 42
47 16
47 17
47 22
47 24
47 26
47 33
47 38
47 43
47 46
47 54
47 59
48 1
48 4
48 16
48 29
48 31
48 34
48 36
48 54
48 58
49 1
49 9
49 11
49 27
49 29
49 30
49 41
49 45
49 51
49 58
50 10
50 16
50 25
50 40
50 44
50 52
50 59
51 5
51 7
51 23
51 44
52 3
52 4
52 13
52 17
52 33
52 34
52 35
52 42
52 46
52 47
52 50
52 57
52 58
53 2
53 3
53 14
53 29
53 47
53 49
53 50
53 56
54 12
54 21
54 30
54 49
54 51
54 56
54 58
55 22
55 26
55 38
55 45
55 59
56 1
56 3
56 28
56 45
56 55
57 6
57 7
57 28
57 38
57 47
58 19
58 22
58 26
58 40
58 52
59 10
59 11
59 30
59 44
60 9
60 21
60 24
60 40
60 49
60 57
60 58
