70
138
1 8
1 25
1 27
1 30
2 19
2 53
2 65
3 41
4 58
5 51
5 57
5 59
5 63
5 68
6 18
6 59
6 63
7 38
8 33
10 42
11 19
11 65
12 10
13 23
13 52
13 56
14 68
15 26
15 45
15 64
16 1
16 22
16 28
16 43
17 5
18 2
18 21
18 34
18 63
19 25
21 39
23 10
24 56
25 15
26 9
26 17
26 19
26 23
26 27
27 16
27 40
27 53
27 57
28 17
28 26
29 32
29 54
29 63
29 68
30 28
30 51
30 56
31 48
32 18
32 48
32 49
32 66
33 24
35 5
35 25
36 11
37 8
37 54
38 32
38 48
40 2
40 16
40 53
41 1
41 24
41 64
42 11
42 20
42 61
43 5
43 28
43 48
43 54
44 53
44 59
44 64
45 61
46 44
49 4
49 16
50 53
50 56
51 67
52 44
52 49
53 23
53 55
54 6
54 18
55 24
55 28
55 46
56 36
56 58
58 10
58 19
59 8
59 47
59 48
59 50
60 42
61 8
61 58
62 12
62 29
62 68
63 33
63 45
63 57
64 7
64 12
65 33
65 36
66 22
67 17
68 2
68 55
69 14
69 64
69 70
70 27
70 39
70 40
