750
6706
1 161
1 191
1 209
1 211
1 230
1 298
1 329
1 570
1 575
1 670
2 139
2 343
2 417
2 418
2 490
2 508
2 516
2 656
3 5
3 223
3 348
3 371
3 515
3 531
3 542
3 631
3 671
3 748
4 40
4 90
4 153
4 613
5 49
5 158
5 204
5 255
5 320
5 477
5 699
6 51
6 109
6 236
6 298
6 337
6 448
6 480
6 685
7 103
7 105
7 279
7 282
7 539
7 593
8 62
8 280
8 471
8 495
8 588
8 663
8 677
9 115
9 257
9 385
9 544
9 576
9 582
9 727
10 140
10 212
10 470
10 576
10 635
10 706
11 15
11 168
11 246
11 260
11 319
11 343
11 363
11 370
12 98
12 102
12 131
12 154
12 293
12 309
12 345
12 372
12 479
12 594
13 96
13 279
13 344
13 523
13 538
13 600
13 649
13 651
14 61
14 128
14 157
14 283
14 355
14 394
14 411
14 478
14 483
14 501
14 553
14 595
14 687
15 90
15 247
15 336
15 380
15 450
15 506
15 585
15 687
16 22
16 165
16 195
16 219
16 429
16 545
16 585
16 596
17 212
17 296
17 341
17 349
17 435
17 516
17 704
17 739
17 742
18 14
18 43
18 248
18 326
18 330
18 369
18 380
18 441
18 457
18 470
18 526
18 530
18 540
18 608
18 628
18 676
19 55
19 122
19 225
19 252
19 292
19 353
19 356
19 667
20 16
20 42
20 347
20 479
20 550
20 580
20 668
20 689
21 40
21 84
21 220
21 396
21 535
21 607
21 683
21 748
22 75
22 95
22 218
22 355
22 393
22 525
22 660
22 690
22 714
23 5
23 6
23 101
23 103
23 220
23 406
23 613
24 1
24 26
24 143
24 186
24 465
24 492
24 516
24 594
24 715
25 72
25 80
25 111
25 154
25 189
25 223
25 373
25 531
25 610
26 99
26 114
26 326
26 469
26 512
26 553
26 560
26 679
27 93
27 168
27 223
27 427
27 528
27 617
27 690
27 738
28 18
28 84
28 100
28 174
28 225
28 478
28 544
28 593
28 635
28 646
28 716
28 727
28 744
29 34
29 112
29 393
29 579
29 743
30 94
30 171
30 407
30 457
30 535
30 538
30 673
30 739
30 741
31 1
31 72
31 84
31 148
31 224
31 346
31 423
31 507
31 635
32 120
32 157
32 178
32 220
32 238
32 306
32 324
32 397
32 458
33 5
33 23
33 104
33 612
33 736
33 739
34 37
34 58
34 60
34 148
34 239
34 269
34 305
34 323
34 360
34 437
34 457
34 500
34 625
34 685
34 686
35 138
35 157
35 290
35 311
35 395
35 467
35 594
35 648
35 745
36 24
36 27
36 148
36 336
36 684
37 55
37 144
37 234
37 638
37 662
38 10
38 118
38 153
38 257
38 263
38 305
38 370
38 678
39 1
39 75
39 150
39 183
39 421
39 459
39 511
39 578
39 581
39 620
39 653
39 659
39 690
39 709
39 741
39 744
40 172
40 216
40 362
40 578
40 591
40 636
40 749
41 194
41 199
41 261
41 280
41 302
41 328
41 468
41 484
41 532
41 558
41 575
41 586
41 614
42 80
42 191
42 276
42 297
42 300
42 352
43 64
43 71
43 218
43 277
43 451
43 570
43 572
43 578
43 618
43 739
44 33
44 58
44 60
44 112
44 170
44 195
44 198
44 218
44 221
44 325
44 335
44 514
44 540
44 584
44 727
45 11
45 21
45 69
45 545
45 560
45 574
45 722
46 162
46 169
46 196
46 235
46 378
46 395
46 469
46 500
46 543
46 560
46 629
46 647
46 661
46 739
46 742
47 103
47 145
47 178
47 182
47 312
47 360
47 395
47 421
47 685
47 690
47 692
47 722
48 112
48 122
48 211
48 217
48 218
48 225
48 293
48 300
48 342
48 499
48 595
48 606
48 691
48 702
49 65
49 120
49 254
49 349
49 394
49 466
49 628
49 646
49 722
50 109
50 332
50 373
50 522
50 563
51 3
51 67
51 73
51 82
51 107
51 289
51 368
51 381
51 519
51 579
51 703
51 732
51 743
52 68
52 129
52 273
52 387
52 465
52 476
52 480
52 497
52 589
52 680
53 31
53 129
53 154
53 214
53 342
53 467
54 66
54 223
54 310
54 363
54 409
54 454
54 466
55 31
55 103
55 213
55 254
55 354
55 534
55 552
56 32
56 181
56 274
56 284
56 322
56 391
56 524
56 572
56 611
56 718
57 34
57 74
57 153
57 444
57 452
57 534
57 574
57 709
58 149
58 150
58 555
58 679
58 698
59 66
59 225
59 283
59 402
59 434
59 530
59 633
60 121
60 163
60 217
60 472
60 512
60 680
61 127
61 144
61 159
61 436
61 458
61 619
61 631
61 639
61 683
61 717
62 40
62 80
62 135
62 381
62 404
62 521
62 557
62 680
62 693
62 715
63 138
63 331
63 394
63 535
63 538
63 545
63 546
63 554
63 673
63 700
63 701
64 36
64 60
64 80
64 104
64 180
64 271
64 295
64 356
64 369
64 659
65 12
65 43
65 109
65 114
65 248
65 348
65 375
65 389
65 488
65 494
65 504
65 693
65 729
66 74
66 89
66 151
66 240
66 358
66 360
66 376
66 384
66 472
66 524
66 548
66 580
66 602
67 13
67 163
67 176
67 199
67 267
67 422
67 567
67 749
68 104
68 108
68 114
68 125
68 161
68 216
68 323
68 338
68 406
68 482
68 576
69 1
69 59
69 264
69 366
69 394
69 584
69 667
69 695
70 22
70 58
70 62
70 86
70 136
70 225
70 236
70 252
70 424
70 445
70 491
70 539
70 663
70 671
70 738
71 73
71 78
71 320
71 536
71 592
71 623
71 718
72 16
72 20
72 160
72 197
72 335
72 375
72 391
72 494
72 504
72 672
72 692
73 100
73 107
73 381
74 102
74 195
74 240
74 295
74 308
74 343
74 412
74 522
74 601
74 728
75 32
75 35
75 93
75 161
75 265
75 370
75 376
75 426
75 474
75 486
75 617
75 622
75 674
75 726
76 44
76 173
76 300
76 401
76 584
76 663
76 667
76 732
77 1
77 98
77 162
77 174
77 288
77 315
77 361
77 401
77 431
77 443
77 537
77 657
77 684
78 256
78 556
78 592
78 681
79 24
79 41
79 87
79 555
79 618
79 637
79 684
79 707
79 733
80 40
80 76
80 103
80 201
80 214
80 243
80 312
80 469
80 509
80 524
80 527
80 559
80 688
81 197
81 251
81 265
81 387
81 441
81 461
81 497
81 507
81 566
81 631
81 687
81 688
82 17
82 35
82 255
82 294
82 329
82 366
82 488
82 526
82 647
83 60
83 100
83 176
83 250
83 318
83 337
83 379
83 427
83 447
83 448
83 454
83 462
83 644
83 679
84 17
84 270
84 361
84 445
84 493
84 570
84 735
85 69
85 122
85 451
85 518
85 519
85 531
85 607
85 663
85 701
85 717
86 92
86 95
86 123
86 142
86 202
86 289
86 337
86 414
86 431
86 555
86 576
86 617
86 623
86 699
86 736
87 76
87 269
87 308
87 394
87 502
87 523
87 542
87 669
87 721
88 83
88 184
88 197
88 340
88 705
89 10
89 29
89 128
89 202
89 314
89 333
89 373
89 392
89 404
89 448
89 699
90 149
90 224
90 391
90 589
90 718
91 11
91 106
91 156
91 225
91 243
91 481
91 498
91 592
91 623
91 671
91 698
92 226
92 289
92 318
92 473
92 750
93 62
93 246
93 291
93 376
93 393
93 445
93 477
93 567
93 636
94 124
94 178
94 233
94 238
94 280
94 346
94 443
94 510
94 525
94 629
94 645
94 741
95 6
95 92
95 133
95 145
95 148
95 336
95 351
95 490
95 543
95 563
95 567
95 638
96 93
96 121
96 306
96 314
96 567
96 730
97 147
97 225
97 280
97 328
97 371
97 514
97 650
97 687
98 26
98 203
98 259
98 412
98 453
98 497
98 543
98 544
98 652
98 728
99 44
99 129
99 432
99 447
99 708
100 322
100 355
100 376
100 405
100 440
100 489
100 559
100 649
101 5
101 88
101 95
101 116
101 167
101 192
101 300
101 314
101 402
101 509
101 539
102 130
102 157
102 387
102 428
102 636
102 663
103 14
103 104
103 328
103 368
103 391
103 627
104 61
104 64
104 128
104 148
104 194
104 209
104 279
104 302
104 558
104 641
104 661
104 713
104 732
105 9
105 15
105 28
105 244
105 246
105 344
106 39
106 47
106 190
106 212
106 299
106 306
106 730
106 735
107 303
107 322
107 338
107 437
107 490
107 690
107 725
107 743
108 155
108 164
108 248
108 430
108 504
108 524
108 557
108 642
108 745
109 4
109 6
109 87
109 88
109 93
109 235
109 301
109 311
109 466
109 651
110 72
110 226
110 338
110 435
110 446
110 470
110 479
110 490
110 603
110 658
110 723
111 195
111 247
111 304
111 348
111 387
111 393
111 462
111 487
111 611
111 663
111 713
112 222
112 332
112 408
112 441
112 488
112 519
112 562
112 583
112 733
112 750
113 140
113 157
113 253
113 279
113 379
113 404
113 497
113 563
113 603
113 735
114 31
114 33
114 140
114 247
114 294
114 522
114 562
114 731
114 739
115 47
115 261
115 304
115 385
115 596
115 650
115 711
116 2
116 42
116 76
116 210
116 244
116 353
116 373
116 382
116 591
117 145
117 161
117 292
117 518
117 634
117 661
117 691
118 48
118 73
118 107
118 304
118 308
118 332
118 348
118 427
118 444
118 484
118 731
119 16
119 45
119 63
119 122
119 146
119 259
119 284
119 359
119 505
119 507
119 552
120 11
120 51
120 214
120 240
120 424
120 438
120 697
121 251
121 354
121 359
121 419
121 630
122 8
122 118
122 286
122 380
122 385
122 394
122 493
122 502
122 659
122 707
123 17
123 78
123 148
123 152
123 172
123 186
123 247
123 307
123 375
123 391
123 443
123 468
123 523
123 605
123 700
123 712
124 36
124 52
124 270
124 342
124 634
125 48
125 160
125 298
125 446
125 576
125 650
125 713
126 46
126 112
126 137
126 141
126 267
126 298
126 320
126 329
126 368
126 520
126 690
126 718
126 748
127 22
127 44
127 50
127 176
127 232
127 249
127 265
127 280
127 281
127 324
127 346
127 630
127 659
128 398
128 594
128 599
128 653
128 728
129 38
129 97
129 214
129 475
129 581
129 617
129 636
129 643
129 657
130 7
130 100
130 108
130 159
130 346
130 571
131 5
131 122
131 319
131 328
131 345
131 579
131 590
131 652
132 197
132 252
132 392
132 398
132 445
132 540
132 595
132 612
132 614
132 653
132 747
133 78
133 139
133 305
133 331
133 399
133 483
133 531
133 559
133 581
133 615
133 731
134 44
134 236
134 244
134 316
134 324
134 355
134 379
134 435
134 446
134 503
134 562
134 585
135 49
135 126
135 188
135 190
135 251
135 392
135 487
135 648
135 652
136 15
136 38
136 119
136 122
136 202
136 371
136 381
136 550
136 654
136 735
136 750
137 8
137 44
137 59
137 81
137 134
137 150
137 180
137 266
137 281
137 533
137 564
137 704
137 721
138 139
138 235
138 321
138 410
138 420
138 459
138 704
138 708
139 27
139 62
139 113
139 132
139 232
139 301
139 583
139 730
140 146
140 357
140 468
140 560
140 590
140 687
141 93
141 107
141 116
141 138
141 263
141 289
141 337
141 390
141 496
141 674
141 730
142 67
142 77
142 163
142 245
142 364
142 398
142 513
142 670
142 675
143 54
143 107
143 122
143 149
143 289
143 506
143 631
143 682
143 741
144 152
144 164
144 238
144 410
144 564
144 728
144 743
145 99
145 400
145 496
145 587
146 95
146 153
146 397
146 442
146 474
146 494
146 544
146 614
146 705
146 741
147 63
147 122
147 135
147 153
147 257
147 329
147 394
147 527
147 618
147 745
148 77
148 164
148 385
148 434
148 461
148 487
148 544
148 681
149 17
149 24
149 59
149 139
149 163
149 215
149 466
149 585
149 595
149 604
149 644
149 662
149 716
150 115
150 165
150 229
150 240
150 265
150 296
150 350
150 520
151 49
151 84
151 196
151 224
151 327
151 402
151 447
151 460
151 470
151 471
151 603
151 690
151 710
152 16
152 204
152 295
152 410
152 476
152 480
152 513
152 518
152 655
152 743
153 26
153 52
153 67
153 120
153 368
153 431
153 438
153 664
153 697
153 715
154 16
154 17
154 46
154 105
154 238
154 311
154 347
154 492
154 534
154 559
154 702
155 64
155 256
155 336
155 647
155 653
155 711
156 102
156 225
156 382
156 454
156 519
156 593
156 687
157 184
157 353
157 396
157 423
157 428
157 463
157 584
157 588
157 614
157 653
157 663
158 111
158 190
158 208
158 335
158 463
158 607
158 706
158 746
159 2
159 110
159 151
159 204
159 228
159 306
159 355
159 366
159 381
159 398
159 501
159 558
159 601
159 711
160 7
160 75
160 103
160 332
160 347
160 582
161 1
161 26
161 253
161 254
161 394
161 465
161 474
161 538
161 549
161 618
161 685
162 108
162 319
162 338
162 438
162 478
162 563
162 577
162 721
162 733
163 13
163 29
163 191
163 229
163 358
163 449
163 502
164 70
164 112
164 121
164 151
164 156
164 217
164 264
164 279
164 312
165 85
165 148
165 150
165 301
165 454
165 488
165 732
165 744
166 33
166 64
166 333
166 377
166 425
166 468
166 568
166 644
167 11
167 180
167 210
167 227
167 233
167 337
167 440
167 468
167 590
167 617
167 669
167 690
167 749
168 74
168 75
168 157
168 203
168 248
168 262
168 336
168 434
168 451
169 20
169 480
169 648
169 705
169 726
170 121
170 174
170 252
170 299
170 311
170 329
170 382
170 451
170 491
170 506
170 622
170 685
170 694
171 130
171 248
171 260
171 386
171 529
171 567
171 707
172 155
172 171
172 199
172 294
172 417
173 168
173 430
173 485
173 698
174 106
174 214
174 239
174 275
174 279
174 379
174 569
174 571
174 590
174 669
174 697
174 737
174 740
175 40
175 74
175 250
175 333
175 466
175 548
175 629
175 678
175 705
175 740
176 40
176 128
176 318
176 397
176 437
176 518
176 669
176 726
176 745
177 210
177 589
177 628
177 704
178 55
178 69
178 234
178 280
178 297
179 63
179 174
179 189
179 423
179 438
179 512
179 527
179 596
179 616
179 674
179 691
180 4
180 51
180 60
180 178
180 299
180 672
180 707
181 6
181 146
181 188
181 274
181 288
181 598
181 655
181 672
181 673
182 6
182 334
182 478
182 588
182 697
183 66
183 69
183 127
183 163
183 199
183 338
183 483
183 534
183 624
184 265
184 303
184 487
184 524
184 542
184 571
184 579
184 591
184 704
184 725
185 80
185 115
185 330
185 335
185 356
185 377
185 496
185 609
185 639
185 670
185 673
186 159
186 355
186 425
186 431
186 453
186 594
186 627
186 663
187 94
187 129
187 164
187 192
187 444
187 517
187 557
187 635
188 7
188 41
188 356
188 417
188 424
188 457
188 593
188 706
188 740
189 40
189 148
189 247
189 359
189 420
189 494
189 582
190 3
190 19
190 199
190 212
190 219
190 263
190 558
190 661
190 700
190 721
191 2
191 23
191 156
191 159
191 187
191 289
191 328
191 356
191 498
191 545
191 551
191 554
191 576
191 588
191 687
192 25
192 26
192 95
192 140
192 154
192 173
192 320
192 365
192 412
192 418
192 422
192 721
193 109
193 205
193 248
193 312
193 362
193 424
193 480
193 502
193 678
194 25
194 32
194 107
194 266
194 289
194 386
194 413
194 520
194 543
194 548
194 621
194 689
195 170
195 393
195 594
195 645
195 731
196 69
196 534
196 565
196 585
196 608
196 701
197 3
197 103
197 156
197 190
197 203
197 452
197 518
197 530
197 623
197 635
197 711
198 60
198 64
198 207
198 254
198 455
198 516
198 635
198 658
199 93
199 134
199 168
199 210
199 215
199 268
199 324
199 408
199 414
199 421
199 441
199 525
199 532
199 571
199 599
199 643
199 683
199 687
199 688
200 604
201 68
201 114
201 116
201 150
201 293
201 334
201 396
201 459
201 606
201 653
201 657
201 724
202 5
202 91
202 135
202 250
202 299
202 311
202 346
202 437
202 560
202 599
203 22
203 58
203 62
203 199
203 413
203 477
203 618
204 36
204 103
204 117
204 125
204 127
204 148
204 150
204 290
204 321
204 356
204 424
204 459
204 463
204 518
204 684
204 699
205 87
205 109
205 187
205 219
205 268
205 289
205 330
205 364
205 369
205 537
205 587
205 677
205 736
206 16
206 26
206 54
206 83
206 95
206 332
206 549
206 553
206 602
207 11
207 14
207 33
207 88
207 162
207 259
207 280
207 302
207 310
207 456
207 660
207 668
208 16
208 27
208 97
208 116
208 133
208 177
208 182
208 243
208 266
208 283
208 328
208 403
208 642
208 688
208 736
208 737
209 85
209 98
209 189
209 262
209 602
209 719
210 52
210 128
210 205
210 252
210 430
210 584
210 652
210 675
210 744
211 155
211 156
211 185
211 230
211 251
211 254
211 288
211 290
211 320
211 431
211 536
211 586
211 628
211 749
212 43
212 149
212 191
212 266
212 510
212 563
212 675
212 679
212 729
213 20
213 59
213 321
213 390
213 566
213 580
213 603
213 657
213 735
214 70
214 118
214 121
214 195
214 256
214 260
214 269
214 307
214 466
214 575
214 695
214 718
215 90
215 274
215 587
215 610
215 636
216 61
216 80
216 138
216 168
216 178
216 190
216 231
216 278
216 326
216 358
216 369
216 377
216 569
216 583
216 590
216 614
216 736
217 17
217 21
217 135
217 214
217 378
217 417
217 538
217 566
217 573
217 577
217 579
217 610
217 635
217 648
217 724
218 23
218 103
218 285
218 357
218 397
218 430
218 581
219 19
219 176
219 239
219 488
219 536
219 553
219 597
219 700
220 30
220 80
220 363
220 395
220 414
220 425
220 626
220 746
220 747
221 37
221 110
221 132
221 206
221 390
221 503
221 523
221 553
221 603
221 657
221 676
221 715
221 736
222 115
222 124
222 170
222 303
222 318
222 340
222 404
222 411
222 416
222 454
222 471
222 503
222 542
223 25
223 214
223 278
223 356
223 359
223 401
223 626
224 6
224 72
224 166
224 371
224 409
224 457
224 537
224 567
225 94
225 99
225 127
225 221
225 421
225 452
225 561
225 655
225 708
225 723
226 27
226 97
226 118
226 182
226 196
226 326
226 510
226 604
226 748
227 57
227 294
227 297
227 481
227 527
227 735
227 739
227 741
228 62
228 142
228 326
228 381
228 600
229 189
229 215
229 219
229 315
229 527
229 636
229 637
229 644
229 684
230 42
230 44
230 109
230 149
230 150
230 208
230 265
230 317
230 347
230 356
230 386
230 440
230 555
230 742
231 148
231 241
231 244
231 271
231 317
231 633
231 648
231 675
232 102
232 113
232 223
232 353
232 381
232 389
232 486
232 591
232 604
232 611
232 708
233 10
233 49
233 267
233 295
233 366
233 455
233 502
233 505
233 644
233 735
234 64
234 68
234 157
234 242
234 270
234 279
234 307
234 453
234 577
234 665
235 56
235 58
235 120
235 121
235 153
235 236
235 251
235 368
235 498
235 626
235 699
236 28
236 42
236 67
236 74
236 289
236 302
236 305
236 321
236 396
236 516
236 550
236 576
236 649
237 31
237 35
237 75
237 84
237 220
237 257
237 414
237 543
237 560
237 625
237 633
237 641
237 724
238 9
238 21
238 33
238 84
238 148
238 156
238 186
238 213
238 220
238 277
238 362
238 379
238 388
238 454
238 523
238 741
239 45
239 197
239 224
239 421
239 517
239 666
239 695
239 725
240 69
240 92
240 126
240 149
240 185
240 203
240 275
240 349
240 363
240 413
240 431
240 437
240 453
240 591
240 619
240 705
240 720
240 733
241 23
241 65
241 96
241 116
241 132
241 190
241 198
241 296
241 321
241 338
241 444
241 505
241 537
241 667
242 4
242 176
242 201
242 318
242 394
242 550
242 620
242 684
243 59
243 102
243 131
243 310
243 426
243 464
243 704
243 714
243 741
244 46
244 125
244 134
244 159
244 211
244 345
244 397
244 412
244 467
244 476
244 562
244 614
244 724
245 102
245 121
245 286
245 448
245 484
245 676
245 686
245 718
246 70
246 86
246 189
246 195
246 279
246 280
246 288
246 306
246 519
246 525
246 559
246 600
246 716
246 734
247 34
247 80
247 159
247 268
247 572
247 636
247 710
248 93
248 100
248 170
248 240
248 328
248 330
248 379
248 411
248 414
248 440
248 476
248 481
248 520
248 651
248 725
248 731
249 296
249 317
249 324
249 330
249 375
250 131
250 265
250 321
250 436
250 454
250 455
250 581
250 705
250 724
251 187
251 224
251 294
251 307
251 351
251 409
251 554
251 587
252 62
252 121
252 290
252 305
252 317
252 350
252 537
252 569
252 580
253 130
253 309
253 527
253 546
253 551
253 611
253 683
253 729
254 30
254 91
254 187
254 325
254 349
254 583
254 585
254 629
255 8
255 26
255 80
255 138
255 227
255 292
255 373
255 379
255 409
255 459
255 509
255 539
255 558
256 11
256 109
256 126
256 351
256 509
256 653
257 42
257 52
257 61
257 245
257 247
257 251
257 646
257 660
257 700
258 136
258 174
258 217
258 242
258 316
258 386
258 439
258 622
258 660
259 96
259 109
259 115
259 184
259 187
259 196
259 416
259 639
259 645
259 734
260 127
260 221
260 316
260 483
260 539
261 95
261 116
261 159
261 216
261 244
261 249
261 418
261 530
261 533
261 575
261 590
261 717
261 729
262 165
262 272
262 291
262 300
262 445
262 487
262 502
263 24
263 212
263 217
263 225
263 282
263 428
263 598
263 601
263 738
264 7
264 120
264 198
264 216
264 389
264 400
264 472
265 40
265 165
265 272
265 423
265 611
265 733
266 238
266 287
266 325
267 9
267 62
267 163
267 220
267 266
267 302
267 308
267 383
267 424
267 630
268 1
268 6
268 45
268 48
268 148
268 290
268 408
268 467
268 547
268 656
268 698
268 726
269 39
269 119
269 161
269 184
269 261
269 400
269 423
269 482
269 580
269 605
269 655
269 678
269 728
270 7
270 68
270 110
270 170
270 359
270 382
270 423
270 455
270 658
271 79
271 172
271 180
271 181
271 212
271 318
271 326
271 383
271 494
271 498
271 697
271 724
271 742
272 148
272 359
272 445
272 465
272 511
272 553
272 622
272 646
272 666
273 24
273 153
273 182
273 188
273 405
273 494
273 531
273 540
273 728
274 76
274 111
274 276
274 321
274 331
274 360
274 362
274 495
274 570
274 601
274 673
275 59
275 89
275 294
275 523
275 556
275 653
275 660
275 661
275 666
275 674
276 70
276 87
276 373
276 417
276 534
277 45
277 121
277 138
277 195
277 198
277 302
277 322
277 406
277 413
277 641
277 681
277 716
277 728
277 733
278 178
278 187
278 355
278 422
278 578
278 697
279 74
279 84
279 196
279 436
279 505
279 738
280 30
280 46
280 144
280 261
280 310
280 314
280 338
280 415
280 450
280 549
280 575
281 38
281 90
281 112
281 487
281 572
281 688
281 712
282 15
282 70
282 85
282 100
282 201
282 313
282 502
282 633
283 33
283 34
283 52
283 285
283 309
283 390
283 431
283 432
283 444
283 492
283 545
283 601
283 608
284 19
284 413
284 495
284 578
284 702
284 738
285 46
285 141
285 155
285 233
285 661
285 735
286 56
286 115
286 273
286 321
286 449
286 511
286 539
286 570
286 603
286 670
286 671
287 30
287 112
287 250
287 252
287 360
287 497
287 619
287 669
287 724
288 148
288 227
288 240
288 308
288 342
288 687
289 119
289 127
289 251
289 256
289 263
289 364
289 388
289 507
289 518
289 529
289 624
289 744
290 61
290 151
290 160
290 308
290 444
290 542
290 599
290 658
290 707
290 724
291 14
291 56
291 185
291 223
291 625
291 667
291 722
292 92
292 136
292 235
292 316
292 354
292 457
292 559
292 672
293 95
293 183
293 232
293 389
293 621
293 661
294 200
294 345
294 413
294 450
294 722
295 268
295 357
295 394
295 425
295 467
295 564
295 574
295 589
295 615
295 618
296 307
296 315
296 351
296 392
296 402
296 470
296 491
296 548
296 690
296 726
297 135
297 191
297 304
297 495
297 501
297 510
297 523
297 532
297 643
297 683
298 367
298 424
298 502
298 577
298 653
298 714
299 6
299 61
299 89
299 118
299 254
299 513
299 555
299 742
300 24
300 31
300 73
300 135
300 201
300 343
300 429
300 519
300 570
300 573
300 646
300 660
300 677
301 81
301 101
301 124
301 143
301 169
301 446
301 571
301 651
301 732
301 747
302 21
302 89
302 93
302 133
302 265
302 379
302 472
302 545
302 676
302 748
303 178
303 181
303 415
303 497
303 531
303 549
303 587
304 112
304 153
304 231
304 245
304 274
304 286
304 303
304 524
304 540
304 576
305 51
305 162
305 215
305 357
305 381
305 626
305 651
306 64
306 114
306 173
306 206
306 256
306 310
306 521
306 528
306 648
306 681
306 702
306 738
307 12
307 43
307 103
307 214
307 274
307 331
307 515
307 679
307 738
307 747
308 46
308 186
308 197
308 202
308 232
308 233
308 310
308 369
308 635
308 651
309 14
309 38
309 65
309 163
309 410
309 414
309 437
309 485
309 645
309 730
309 746
310 33
310 88
310 389
310 532
310 542
310 563
310 615
311 135
311 303
311 344
311 363
312 72
312 97
312 166
312 336
312 426
312 584
312 679
313 106
313 108
313 138
313 456
313 641
313 643
313 707
313 742
314 60
314 120
314 309
314 487
314 535
315 39
315 193
315 434
315 459
315 460
315 510
315 663
316 152
316 169
316 175
316 190
316 436
316 456
316 496
316 513
316 515
316 733
316 747
317 15
317 62
317 68
317 169
317 217
317 365
317 399
317 514
317 575
317 664
318 73
318 86
318 150
318 211
318 215
318 267
318 346
318 470
318 553
318 555
318 582
318 685
319 37
319 154
319 229
319 283
319 393
319 603
319 747
320 8
320 53
320 73
320 102
320 108
320 233
320 245
320 383
320 437
320 510
320 706
320 728
321 50
321 124
321 260
321 357
321 400
321 530
321 628
322 3
322 63
322 277
322 430
322 518
322 607
322 642
322 710
323 12
323 250
323 342
323 368
323 515
323 748
324 98
324 102
324 147
324 152
324 177
324 294
324 377
324 449
324 496
324 506
324 569
324 658
324 674
324 736
325 286
325 419
325 444
325 449
325 496
325 671
326 105
326 123
326 136
326 239
326 293
326 373
326 385
326 393
326 402
326 622
326 668
327 89
327 133
327 148
327 329
327 381
327 498
327 533
327 677
327 709
327 746
328 9
328 112
328 119
328 183
328 229
328 234
328 343
328 572
328 662
329 6
329 187
329 411
329 512
329 521
329 544
329 725
330 5
330 95
330 103
330 251
330 262
330 265
330 366
330 425
330 462
330 530
330 540
330 694
331 17
331 193
331 290
331 303
331 342
331 390
331 475
331 579
331 600
331 644
332 43
332 130
332 226
332 245
332 354
332 448
332 553
332 675
332 722
333 169
333 210
333 240
333 275
333 429
333 606
334 77
334 209
334 356
334 386
334 437
334 614
334 629
335 88
335 109
335 169
335 189
335 228
335 230
335 299
335 388
335 717
336 133
336 202
336 270
336 395
336 430
336 526
336 562
336 638
337 229
337 272
337 383
337 409
337 439
337 443
337 721
338 92
338 253
338 359
338 390
338 448
338 636
338 643
338 644
338 710
339 364
339 432
339 518
339 577
339 609
339 622
339 668
340 91
340 300
340 348
340 367
340 477
340 521
340 556
340 619
341 8
341 31
341 186
341 279
341 559
341 720
342 122
342 179
342 226
342 260
342 404
342 561
342 658
342 687
342 689
342 696
342 732
343 44
343 73
343 349
343 364
343 370
343 510
343 640
343 648
343 727
344 103
344 236
344 593
345 18
345 71
345 147
345 531
345 534
345 538
345 586
345 689
346 43
346 55
346 87
346 357
346 383
346 646
346 712
347 158
347 188
347 236
347 251
347 288
347 401
347 498
347 508
347 568
348 28
348 36
348 82
348 126
348 319
348 353
348 464
348 509
348 660
349 55
349 157
349 224
349 241
349 258
349 309
349 609
349 651
349 703
350 186
350 193
350 215
350 324
350 326
350 475
350 531
350 608
350 617
351 95
351 164
351 165
351 218
351 234
351 286
351 455
351 461
352 275
352 318
352 369
352 508
352 593
352 600
352 641
352 653
353 330
353 348
353 517
353 554
353 577
353 626
354 130
354 200
354 244
354 255
354 347
354 415
354 451
354 542
354 551
354 621
354 679
354 685
355 383
355 499
355 633
355 638
355 695
355 702
356 115
356 160
356 306
356 351
356 473
356 493
356 577
356 579
356 629
356 688
357 44
357 245
357 265
357 416
357 487
358 103
358 129
358 224
358 233
358 246
358 264
358 315
358 395
358 397
358 455
358 468
358 487
358 586
358 637
358 654
358 659
358 662
358 692
359 262
359 271
359 295
359 364
359 448
360 13
360 22
360 159
360 233
360 253
360 356
360 536
360 597
360 700
360 723
360 745
361 127
361 140
361 290
361 293
361 299
361 309
361 570
361 647
361 671
361 677
361 739
362 194
362 208
362 284
362 352
362 381
362 434
362 496
362 498
362 536
362 543
362 719
362 731
363 150
363 189
363 233
363 477
363 564
363 567
363 649
363 662
363 699
364 126
364 187
364 242
364 366
364 376
364 393
364 410
364 415
364 588
364 606
364 655
364 682
364 731
365 2
365 53
365 57
365 63
365 133
365 137
365 174
365 295
365 383
365 460
365 671
366 213
366 305
366 404
366 470
366 657
366 682
366 710
367 138
367 173
367 175
367 259
367 338
367 530
367 542
367 547
368 17
368 135
368 285
368 422
368 479
368 716
368 741
369 14
369 151
369 178
369 228
369 241
369 407
369 502
369 537
370 21
370 28
370 87
370 108
370 171
370 274
370 276
370 420
370 439
370 511
370 524
370 582
370 707
371 6
371 93
371 122
371 134
371 184
371 212
371 225
371 235
371 245
371 350
371 419
371 460
371 597
371 656
371 745
372 2
372 28
372 297
372 398
372 454
372 583
372 620
373 209
373 211
373 357
373 432
373 500
373 511
373 587
373 588
373 699
374 23
374 76
374 104
374 264
374 360
374 387
374 586
374 600
374 630
375 71
375 125
375 131
375 264
375 284
375 357
375 428
375 687
376 55
376 235
376 261
376 266
376 338
376 473
376 549
376 629
376 691
377 177
377 247
377 307
377 356
377 452
377 490
377 590
378 71
378 249
378 277
378 361
378 496
379 27
379 195
379 207
379 310
379 321
379 382
379 409
379 571
379 609
379 698
380 48
380 57
380 192
380 446
380 561
381 55
381 102
381 108
381 198
381 403
381 594
381 677
381 685
382 209
382 243
382 268
382 296
382 411
382 627
382 637
382 670
382 674
383 106
383 181
383 189
383 255
383 279
383 334
383 639
383 741
384 32
384 69
384 113
384 288
384 289
384 319
384 359
384 426
384 583
384 657
384 738
385 46
385 74
385 192
385 248
385 342
385 367
385 619
385 721
385 725
386 5
386 86
386 195
386 234
386 286
386 305
386 328
386 413
386 447
387 66
387 306
387 312
387 364
387 575
387 618
387 623
387 646
387 654
387 657
387 705
387 746
388 15
388 79
388 115
388 198
388 316
388 450
388 486
388 587
388 671
389 19
389 53
389 214
389 312
389 532
389 555
389 595
389 618
390 7
390 97
390 204
390 208
390 304
390 306
390 410
390 503
390 577
390 603
390 651
391 45
391 58
391 60
391 257
391 265
391 274
391 289
391 429
391 532
391 534
391 660
391 704
391 723
392 55
392 56
392 65
392 75
392 83
392 115
392 251
392 291
392 395
392 476
392 493
392 638
392 665
392 672
393 86
393 101
393 116
393 272
393 390
393 432
393 532
393 621
393 639
394 90
394 230
394 249
394 285
394 540
394 643
394 647
394 701
394 703
395 17
395 50
395 66
395 69
395 72
395 177
395 195
395 262
395 335
395 384
396 38
396 56
396 78
396 147
396 408
396 453
396 650
397 67
397 104
397 202
397 298
397 357
397 433
397 440
397 558
397 701
398 9
398 68
398 70
398 184
398 197
398 312
398 367
398 374
398 459
398 653
399 78
399 106
399 161
399 213
399 219
399 396
399 467
399 496
399 500
399 585
399 611
399 633
400 111
400 244
400 307
400 452
400 631
400 668
400 718
400 736
401 98
401 118
401 139
401 175
401 212
401 247
401 584
401 608
401 625
402 55
402 179
402 400
402 415
402 421
402 468
402 535
403 52
403 114
403 126
403 139
403 246
403 270
403 286
403 426
403 515
403 565
403 599
403 665
404 105
404 150
404 168
404 175
404 289
404 390
404 591
404 678
405 42
405 59
405 142
405 349
405 645
405 683
405 742
406 138
406 154
406 426
406 432
406 484
406 580
406 585
406 588
406 697
407 26
407 80
407 88
407 114
407 408
407 574
407 689
407 708
408 99
408 142
408 186
408 325
408 370
408 545
408 621
408 631
408 697
408 712
409 48
409 539
409 664
409 672
410 35
410 112
410 153
410 159
410 167
410 202
410 210
410 390
410 469
410 647
410 686
410 689
410 690
411 83
411 97
411 173
411 199
411 253
411 283
411 346
411 359
411 364
411 438
411 454
411 455
411 516
411 591
411 651
412 29
412 176
412 317
412 415
412 428
412 482
412 596
412 606
412 701
412 738
413 44
413 61
413 87
413 177
413 196
413 376
413 421
413 540
413 646
413 650
413 661
413 687
414 51
414 281
414 305
414 315
414 317
414 428
414 577
414 685
415 15
415 103
415 138
415 144
415 195
415 200
415 218
415 263
415 299
415 356
415 508
415 631
415 672
415 745
416 103
416 150
416 168
416 633
417 193
417 405
417 544
417 584
417 590
417 592
418 20
418 122
418 160
418 243
418 397
418 526
418 638
419 44
419 103
419 139
419 146
419 162
419 180
419 214
419 226
419 386
419 456
419 467
419 594
419 721
420 44
420 119
420 259
420 400
420 455
420 606
420 741
421 162
421 264
421 295
422 88
422 116
422 189
422 193
422 212
422 232
422 276
422 384
422 450
422 482
423 65
423 209
423 351
423 361
423 461
423 557
423 682
424 47
424 52
424 102
424 105
424 278
424 304
424 329
424 517
424 679
425 126
425 141
425 153
425 250
425 259
425 279
425 285
425 430
425 576
425 745
426 107
426 157
426 293
426 308
426 652
426 693
426 699
427 14
427 149
427 210
427 266
427 287
427 493
427 703
428 306
428 317
428 476
428 596
429 95
429 170
429 190
429 233
429 430
429 517
429 572
429 577
429 698
429 741
430 90
430 124
430 206
430 367
430 646
430 671
431 26
431 28
431 256
431 302
431 434
431 502
431 690
431 748
432 14
432 137
432 190
432 283
432 296
432 437
432 456
433 147
433 171
433 460
433 481
433 677
433 693
434 41
434 151
434 266
434 309
434 341
434 369
434 476
434 479
434 522
434 526
434 565
434 678
434 682
435 125
435 183
435 255
435 310
435 420
435 434
436 17
436 70
436 72
436 154
436 359
436 456
436 624
436 709
436 746
437 47
437 126
437 154
437 169
437 261
437 293
437 492
437 493
437 605
437 704
437 714
437 730
437 744
438 88
438 138
438 142
438 202
438 237
438 274
438 289
438 327
438 383
438 389
438 543
438 555
439 45
439 163
439 217
439 436
439 526
439 553
439 556
439 587
440 2
440 66
440 153
440 154
440 360
440 483
440 488
440 509
440 576
441 74
441 85
441 117
441 341
441 399
441 445
441 490
441 664
441 725
441 729
442 123
442 167
442 171
442 182
442 187
442 323
442 333
442 374
442 476
442 676
442 705
443 132
443 299
443 538
443 568
443 590
443 703
443 709
444 15
444 22
444 134
444 222
444 267
444 291
444 311
444 391
444 406
444 431
444 434
444 500
444 540
444 551
445 6
445 26
445 119
445 233
445 265
445 460
445 464
445 466
445 675
445 683
445 699
445 733
446 32
446 103
446 110
446 120
446 148
446 177
446 185
446 278
446 310
446 333
446 515
446 541
446 574
446 640
447 12
447 117
447 235
447 480
447 524
447 534
447 539
447 745
448 110
448 114
448 115
448 150
448 302
448 474
448 509
448 612
448 628
449 9
449 348
449 357
449 388
449 429
449 455
449 648
449 677
449 723
450 117
450 180
450 237
450 256
450 289
450 364
450 403
450 454
450 532
450 646
450 682
450 693
450 711
451 26
451 73
451 79
451 257
451 446
451 450
451 547
452 15
452 274
452 427
452 572
452 593
453 107
453 589
453 713
453 744
454 43
454 58
454 61
454 237
454 308
454 381
454 494
454 668
454 671
454 720
454 744
455 26
455 109
455 451
455 735
456 161
456 263
456 314
456 351
456 375
456 397
456 511
456 521
456 615
456 628
457 46
457 110
457 230
457 302
457 516
457 586
457 634
457 640
458 46
458 50
458 234
458 337
458 499
458 556
458 705
459 76
459 130
459 188
459 368
459 387
459 453
459 498
459 536
459 635
459 655
460 49
460 57
460 167
460 194
460 263
460 608
460 618
460 676
460 736
461 45
461 118
461 187
461 192
461 225
461 241
461 332
461 415
461 566
461 581
461 620
461 643
461 673
461 708
461 744
462 187
462 393
462 496
462 512
462 717
462 726
463 10
463 37
463 95
463 96
463 527
463 622
463 668
463 704
463 722
463 745
464 94
464 179
464 215
464 331
464 551
464 687
464 688
465 6
465 32
465 33
465 157
465 184
465 216
465 273
465 283
465 451
465 527
465 671
466 2
466 96
466 173
466 338
466 353
466 629
466 717
467 282
467 397
467 456
467 478
467 560
467 576
467 688
468 53
468 100
468 139
468 228
468 231
468 328
468 344
468 426
468 466
468 538
469 35
469 183
469 235
469 350
469 381
469 411
469 434
469 529
469 688
470 152
470 276
470 315
470 346
470 415
470 484
470 600
471 151
471 181
471 267
471 286
471 489
471 518
471 715
471 747
472 103
472 400
472 515
472 615
472 630
473 43
473 142
473 233
473 339
473 474
473 513
473 520
473 724
474 28
474 39
474 310
474 432
474 658
474 670
474 737
474 746
475 18
475 102
475 107
475 176
475 233
475 563
475 597
475 659
475 699
476 62
476 113
476 207
476 286
476 344
476 357
476 367
476 388
476 413
476 614
476 702
477 121
477 381
477 449
478 73
478 112
478 241
478 400
478 450
478 487
478 626
478 714
479 281
479 357
479 372
479 480
479 553
479 584
479 651
479 732
480 168
480 184
480 248
480 283
480 288
480 354
480 408
480 543
480 683
481 164
481 194
481 252
481 256
481 314
481 361
482 51
482 85
482 309
482 405
482 506
482 620
482 628
483 71
483 295
483 361
483 455
483 490
483 599
483 681
484 162
484 169
484 204
484 285
484 361
484 378
484 488
484 536
485 76
485 209
485 419
485 683
485 708
486 149
486 500
486 573
486 627
486 628
486 670
487 9
487 94
487 104
487 137
487 190
487 357
487 457
487 639
487 674
487 740
488 123
488 203
488 325
488 360
488 414
488 558
488 637
488 740
489 6
489 95
489 613
490 75
490 86
490 314
490 644
491 82
491 96
491 103
491 226
491 239
491 408
491 568
491 596
491 669
491 700
492 72
492 177
492 227
492 276
492 307
492 495
492 586
492 634
492 716
492 737
493 179
493 184
493 211
493 354
493 362
493 377
493 523
493 562
493 577
493 614
493 642
493 695
493 721
493 722
494 51
494 165
494 214
494 252
494 379
494 664
495 2
495 96
495 144
495 214
495 245
495 434
495 618
496 22
496 25
496 91
496 153
496 159
496 306
496 431
496 447
496 527
496 544
496 673
496 715
497 63
497 214
497 282
497 304
497 534
497 594
497 740
498 14
498 114
498 120
498 145
498 281
498 368
498 438
498 533
498 731
499 16
499 218
499 258
499 333
499 728
500 54
500 70
500 87
500 133
500 144
500 178
500 370
500 392
500 511
500 520
500 528
500 554
500 614
500 696
500 740
501 50
501 93
501 244
501 283
501 341
501 454
501 471
501 601
501 625
502 100
502 483
502 536
502 573
503 19
503 54
503 98
503 145
503 172
503 401
503 447
503 509
503 569
503 612
503 750
504 44
504 60
504 149
504 166
504 204
504 262
504 485
504 515
504 543
504 548
504 601
504 734
505 31
505 225
505 357
505 385
505 412
505 443
505 462
505 511
505 555
505 563
505 577
506 4
506 83
506 152
506 179
506 292
506 457
506 511
506 546
506 573
506 581
506 598
506 631
506 705
507 160
507 168
507 226
507 238
507 280
507 292
507 302
507 309
507 311
507 485
507 550
507 618
508 6
508 285
508 306
508 314
508 400
508 408
508 417
508 434
508 515
508 516
508 528
508 584
508 667
508 696
509 45
509 92
509 94
509 110
509 215
509 294
509 449
509 504
509 531
509 595
509 610
509 620
509 731
509 736
510 94
510 100
510 193
510 249
510 399
510 445
510 549
511 2
511 45
511 164
511 226
511 229
511 314
511 320
511 361
511 588
511 627
511 660
511 746
512 67
512 533
513 64
513 182
513 386
513 404
513 522
513 643
513 670
513 686
513 730
513 742
514 102
514 354
514 355
514 451
514 472
514 512
514 540
514 561
514 633
515 11
515 164
515 433
515 434
515 564
515 648
516 55
516 57
516 58
516 153
516 232
516 252
516 444
516 547
516 588
516 640
517 44
517 82
517 161
517 463
517 465
517 504
517 508
517 692
517 739
518 25
518 31
518 55
518 114
518 171
518 224
518 366
518 393
518 444
518 492
518 498
518 526
518 622
518 706
519 13
519 342
519 416
519 423
520 68
520 171
520 205
520 257
520 377
520 664
521 38
521 47
521 67
521 114
521 223
521 278
521 351
521 353
521 471
521 505
521 679
522 99
522 138
522 423
522 424
522 616
522 693
523 17
523 40
523 123
523 157
523 183
523 234
523 298
523 302
523 375
523 514
523 525
523 564
523 638
524 141
524 246
524 549
524 583
524 590
524 623
524 627
524 685
524 739
525 32
525 34
525 134
525 258
525 475
525 512
525 599
525 668
525 730
526 194
526 256
526 654
527 34
527 35
527 148
527 229
527 403
527 503
527 515
527 529
527 583
527 626
528 7
528 45
528 76
528 121
528 435
528 647
528 712
528 715
529 84
529 236
529 288
529 302
529 371
529 480
529 527
529 599
529 724
530 159
530 574
531 34
531 180
531 218
531 236
531 258
531 388
531 439
531 445
531 495
531 510
531 523
531 562
531 671
531 705
532 7
532 72
532 111
532 202
532 373
532 410
532 435
532 666
532 667
533 16
533 276
533 405
533 418
533 705
534 209
534 230
534 232
534 253
534 598
534 614
535 106
535 236
535 307
535 318
535 495
535 595
535 653
535 688
536 70
536 102
536 404
536 419
536 498
536 575
536 649
536 734
537 25
537 122
537 278
537 341
537 343
537 470
537 594
537 679
537 684
538 4
538 135
538 153
538 221
538 270
538 348
538 371
538 394
538 521
538 559
538 560
538 580
538 638
538 644
538 749
539 5
539 17
539 19
539 75
539 129
539 224
539 279
539 426
539 569
540 37
540 67
540 69
540 90
540 120
540 127
540 139
540 292
540 318
540 323
540 414
540 573
540 625
540 655
540 701
540 720
541 48
541 324
541 337
541 347
541 410
541 505
541 626
541 744
542 81
542 143
542 202
542 287
542 289
542 370
542 512
542 573
542 650
543 110
543 119
543 149
543 262
543 301
543 363
543 436
543 612
543 701
543 716
544 52
544 97
544 223
544 313
544 417
544 425
544 478
544 606
544 644
544 718
545 113
545 141
545 150
545 554
545 629
546 4
546 51
546 91
546 139
546 196
546 238
546 562
547 7
547 78
547 252
547 398
547 421
547 459
547 678
547 710
548 53
548 177
548 229
548 324
548 438
548 672
548 690
548 712
548 745
549 32
549 99
549 166
549 174
549 362
549 389
549 515
549 615
549 665
550 33
550 51
550 69
550 274
550 288
550 372
550 401
550 408
550 421
550 578
550 629
550 646
550 700
551 109
551 213
551 280
551 373
551 374
551 395
551 519
551 610
551 656
551 707
551 719
552 14
552 44
552 201
552 262
552 266
552 520
552 524
552 585
552 628
552 726
552 733
553 106
553 258
553 610
553 633
553 673
553 681
553 689
554 47
554 101
554 132
554 230
554 331
554 373
554 455
554 573
554 624
555 55
555 194
555 209
555 336
555 464
555 566
555 600
555 728
556 136
556 146
556 202
556 518
556 584
556 728
557 44
557 48
557 181
557 238
557 275
557 333
557 631
558 12
558 42
558 172
558 220
558 333
558 399
558 418
558 567
559 236
559 274
559 652
560 79
560 111
560 148
560 177
560 180
560 213
560 253
560 402
560 652
561 96
561 191
561 211
561 325
561 438
561 493
561 552
561 595
561 617
561 634
561 670
561 679
561 704
561 726
561 735
562 12
562 285
562 444
562 450
562 602
562 643
562 659
563 67
563 116
563 185
563 246
563 295
563 303
563 373
563 463
563 468
563 683
563 744
564 4
564 55
564 57
564 211
564 519
564 645
564 658
564 747
565 23
565 141
565 153
565 199
565 241
565 298
565 313
565 326
565 362
565 412
565 588
565 609
566 574
566 650
566 702
567 65
567 93
567 148
567 182
567 215
567 296
567 465
567 553
567 739
568 41
568 98
568 107
568 135
568 163
568 170
568 282
568 378
568 402
568 584
568 601
568 603
568 639
568 698
568 702
568 707
569 75
569 298
569 452
569 525
569 592
569 597
569 747
570 4
570 77
570 159
570 462
571 82
571 107
571 254
571 261
571 365
571 390
571 416
571 429
571 478
571 495
571 556
571 586
571 619
571 622
572 5
572 62
572 143
572 171
572 385
572 417
572 478
572 548
572 669
572 704
572 715
573 17
573 74
573 227
573 303
573 392
573 648
574 102
574 259
574 285
574 293
574 331
574 445
574 617
575 198
575 351
575 617
575 697
575 748
576 43
576 44
576 217
576 400
576 437
576 488
576 542
577 55
577 122
577 144
577 279
578 52
578 126
578 518
578 616
578 617
578 651
578 670
578 703
579 42
579 52
579 105
579 309
579 505
579 543
580 256
580 269
580 301
580 392
580 449
580 550
580 602
580 609
581 62
581 142
581 206
581 279
581 324
581 346
581 510
581 604
581 716
582 152
582 218
582 232
582 240
582 249
582 326
582 409
582 685
582 739
583 2
583 9
583 16
583 194
583 279
583 363
583 483
583 576
583 584
584 1
584 73
584 219
584 237
584 291
584 342
584 422
584 430
584 494
584 553
584 583
584 669
584 732
585 139
585 261
585 335
585 501
585 578
586 11
586 29
586 57
586 228
586 318
586 349
586 661
586 691
586 720
587 202
587 283
587 410
587 609
587 679
588 15
588 161
588 376
588 670
588 672
588 690
588 708
589 276
589 297
589 326
589 546
589 653
589 749
590 214
590 232
590 272
590 461
590 516
590 536
590 709
591 67
591 139
591 156
591 175
591 409
591 531
591 569
591 617
591 677
592 83
592 147
592 241
592 290
592 337
592 440
592 518
592 556
592 616
593 105
593 121
593 358
593 379
593 382
593 500
593 591
593 646
594 85
594 169
594 237
594 385
594 454
594 469
594 514
594 607
594 698
594 718
594 722
595 70
595 242
595 259
595 338
595 353
595 404
595 475
596 30
596 178
596 236
596 267
596 362
596 403
596 503
596 687
596 688
596 693
597 143
597 183
597 246
597 346
597 426
597 460
597 518
597 534
597 658
597 669
597 709
597 722
598 22
598 85
598 405
598 474
598 515
598 571
599 98
599 112
599 320
599 328
599 414
599 452
599 516
599 544
599 555
599 579
599 594
599 645
600 30
600 47
600 83
600 139
600 249
600 327
600 413
600 561
600 581
600 749
601 18
601 95
601 194
601 258
601 465
601 480
601 497
601 568
601 596
602 5
602 16
602 156
602 367
602 522
602 562
602 571
602 585
602 587
602 605
603 96
603 226
603 314
603 432
603 450
603 452
603 496
603 501
603 557
603 630
603 731
604 17
604 56
604 159
604 171
604 347
604 417
604 450
604 466
604 623
605 6
605 86
605 260
605 698
605 722
606 149
606 448
606 488
606 560
606 613
606 667
606 668
606 704
606 724
607 176
607 354
607 408
607 438
607 458
607 540
607 662
608 104
608 151
608 170
608 268
608 331
608 354
608 428
608 476
608 503
608 524
608 569
608 597
608 668
608 680
608 749
609 106
609 181
609 193
609 267
609 385
609 516
609 626
609 661
609 699
609 739
610 92
610 125
610 285
610 385
610 416
610 486
610 534
610 558
610 606
610 613
610 650
611 31
611 99
611 130
611 197
611 322
611 324
611 340
611 357
611 622
612 144
612 187
612 287
612 390
612 437
612 631
612 667
613 22
613 160
613 357
613 746
614 58
614 314
614 422
614 601
614 692
615 90
615 239
615 312
615 494
616 77
616 136
616 169
616 218
616 380
616 401
616 450
616 473
616 546
616 572
616 639
616 681
616 697
616 715
617 10
617 29
617 46
617 77
617 220
617 360
617 394
617 510
617 609
617 642
617 699
617 700
618 156
618 224
618 266
618 365
618 504
618 546
618 591
619 88
619 144
619 148
619 191
619 324
619 361
619 380
619 427
619 473
620 133
620 163
620 203
620 229
620 300
620 301
620 306
620 331
620 373
620 498
621 125
621 283
621 392
621 405
621 440
621 544
621 570
621 744
622 21
622 41
622 61
622 110
622 121
622 170
622 262
622 434
622 444
622 468
622 602
622 646
622 688
623 114
623 141
623 154
623 217
623 227
623 294
623 423
623 555
623 639
623 642
623 647
624 36
624 234
624 386
624 497
624 527
624 578
625 3
625 4
625 54
625 102
625 206
625 223
625 235
625 252
625 281
625 336
625 409
625 443
625 541
625 604
625 641
626 5
626 128
626 177
626 224
626 259
626 316
626 336
626 361
626 378
626 406
626 472
626 511
626 586
626 672
626 683
627 44
627 45
627 148
627 229
627 252
627 435
627 608
627 621
627 652
627 695
627 699
628 147
628 166
628 181
628 298
628 299
628 354
628 455
628 473
628 554
628 564
629 342
629 412
629 453
629 476
629 596
629 623
629 662
629 748
630 78
630 284
630 465
630 608
631 75
631 149
631 154
631 237
631 477
631 537
631 578
631 749
631 750
632 35
632 115
632 131
632 150
632 619
633 114
633 120
633 147
633 306
633 414
633 418
633 420
633 608
633 621
634 60
634 155
634 460
634 481
634 626
634 685
635 23
635 137
635 221
635 245
635 277
635 298
635 309
635 568
635 569
635 651
635 677
635 679
636 116
636 356
636 417
636 431
636 651
636 707
637 57
637 76
637 78
637 86
637 194
637 238
637 249
637 317
637 328
637 412
637 507
637 558
637 580
638 94
638 165
638 320
638 393
638 399
638 524
639 396
639 447
639 649
640 28
640 123
640 213
640 482
640 581
640 615
640 623
641 36
641 104
641 207
641 238
641 252
641 306
641 605
641 729
641 747
642 221
642 363
642 390
642 458
642 531
643 231
643 311
643 364
643 534
643 553
643 640
644 7
644 104
644 152
644 269
644 317
644 337
644 423
644 568
644 622
644 628
644 653
645 37
645 96
645 109
645 130
645 149
645 218
645 220
645 240
645 292
645 318
645 388
645 512
645 528
645 581
645 620
645 719
646 14
646 15
646 16
646 89
646 115
646 265
646 350
646 462
646 493
646 531
646 574
647 45
647 114
647 139
647 174
647 189
647 321
647 390
647 436
647 445
647 572
648 99
648 340
648 359
648 367
648 397
648 433
648 473
648 518
648 588
648 599
648 728
649 97
649 164
649 258
649 317
649 446
649 486
649 512
649 594
649 698
649 733
650 115
650 185
650 202
650 236
650 293
650 364
650 482
650 581
650 594
651 2
651 15
651 289
651 677
651 735
652 162
652 269
652 401
652 426
652 502
652 587
652 599
652 665
652 676
652 687
652 693
653 52
653 62
653 125
653 146
653 188
653 200
653 347
653 359
653 432
653 436
653 490
653 513
653 530
653 576
653 609
653 671
654 112
654 158
654 182
654 219
654 382
654 418
654 435
654 500
654 649
654 701
655 37
655 124
655 131
655 147
655 300
655 400
655 432
656 169
656 194
656 379
656 386
656 438
656 441
656 454
656 526
656 667
656 678
656 705
656 713
656 727
657 20
657 106
657 163
657 166
657 290
657 303
657 313
657 355
657 553
657 700
657 718
658 293
658 309
658 474
658 481
658 642
658 644
658 675
659 19
659 23
659 133
659 265
659 411
659 515
659 545
659 589
659 610
659 694
660 79
660 113
660 120
660 130
660 216
660 350
660 420
660 444
660 491
661 359
661 507
661 626
661 637
661 663
662 105
662 121
662 253
662 326
662 364
662 481
662 490
662 536
662 540
662 582
662 683
663 107
663 115
663 175
663 208
663 385
663 711
664 255
664 612
665 15
665 198
665 208
665 304
665 357
665 401
665 483
665 495
665 496
665 613
665 657
666 269
666 636
667 38
667 77
667 115
667 147
667 237
667 333
667 472
667 546
667 622
667 644
667 672
667 707
668 45
668 100
668 104
668 158
668 296
668 412
668 413
668 443
668 463
668 693
669 52
669 127
669 154
669 168
669 262
669 308
669 380
669 500
669 548
670 82
670 122
670 144
670 156
670 226
670 511
670 546
670 607
671 74
671 93
671 129
671 226
671 249
671 352
671 456
671 488
671 495
671 524
671 558
671 628
671 684
672 7
672 24
672 177
672 362
672 386
672 400
672 449
672 453
672 456
672 534
672 626
673 45
673 83
673 119
673 152
673 195
673 327
673 331
673 333
673 363
673 472
673 700
674 24
674 83
674 399
674 400
674 434
674 501
674 552
674 580
674 603
675 239
675 366
675 484
675 565
675 570
675 621
675 632
675 701
676 80
676 127
676 231
676 312
676 326
676 347
676 349
676 354
676 508
676 552
676 617
677 16
677 30
677 133
677 486
677 509
677 518
677 575
677 594
678 277
678 310
678 512
678 588
679 31
679 233
679 332
679 338
679 366
679 375
679 440
680 147
680 318
680 464
680 506
680 546
680 556
680 604
680 616
681 22
681 100
681 218
681 232
681 267
681 360
681 409
681 479
681 627
681 746
682 305
682 343
682 368
682 560
682 575
682 632
683 78
683 324
683 376
683 552
683 564
683 679
684 72
684 458
684 466
684 509
684 534
684 618
684 630
684 650
684 693
684 699
685 48
685 213
685 291
685 439
685 448
685 550
685 608
686 32
686 35
686 57
686 100
686 178
686 261
686 277
686 331
686 468
686 664
686 733
687 171
687 215
687 264
687 425
687 552
687 634
687 661
687 717
687 736
688 168
688 217
688 288
688 359
688 380
688 420
688 439
688 509
688 516
688 542
688 548
688 557
688 678
689 12
689 18
689 21
689 66
689 86
689 93
689 97
689 149
689 215
689 280
689 313
689 485
689 489
689 612
689 647
689 681
690 12
690 24
690 65
690 124
690 241
690 305
690 327
690 334
690 593
691 16
691 33
691 116
691 368
691 453
691 478
691 520
691 540
691 678
691 737
692 139
692 155
692 240
692 372
692 446
693 71
693 145
693 188
693 535
694 97
694 98
694 137
694 168
694 198
694 313
694 354
694 365
694 417
694 446
694 459
694 492
694 550
694 610
694 616
694 648
694 670
694 681
695 53
695 307
695 321
695 362
695 540
695 561
695 571
696 42
696 271
696 324
696 396
696 462
696 479
696 483
696 605
696 630
697 2
697 37
697 48
697 63
697 156
697 185
697 188
697 264
697 399
697 473
697 486
697 517
697 528
697 569
697 730
697 745
698 28
698 71
698 477
698 537
698 569
698 631
698 691
698 729
699 558
699 644
700 3
700 69
700 103
700 129
700 151
700 243
700 307
700 493
700 560
700 638
700 674
700 707
701 84
701 97
701 104
701 429
701 561
701 591
702 141
702 162
702 246
702 258
702 440
702 507
702 614
702 728
702 737
702 739
703 203
703 225
703 461
703 484
703 548
703 597
703 694
703 718
703 723
704 46
704 72
704 106
704 218
704 268
704 567
704 681
704 736
705 127
705 228
705 258
705 265
705 293
705 308
705 394
705 418
705 444
705 537
705 578
705 603
706 36
706 130
706 136
706 203
706 213
706 271
706 350
706 645
706 747
707 251
707 265
707 278
707 354
707 365
707 457
707 541
707 592
707 641
708 5
708 259
708 339
708 578
708 672
709 189
709 222
709 253
709 258
709 309
709 325
709 533
709 580
709 584
709 740
709 741
710 114
710 370
710 501
710 550
710 692
710 703
711 17
711 104
711 391
711 421
711 493
711 666
712 9
712 27
712 34
712 144
712 204
712 269
712 427
712 440
712 584
712 626
712 666
712 672
712 731
713 182
713 208
713 219
713 451
713 464
713 515
713 664
713 678
714 67
714 97
714 117
714 121
714 130
714 499
714 524
714 543
715 70
715 72
715 258
715 271
715 408
715 446
715 490
715 549
715 639
715 682
716 7
716 135
716 141
716 473
716 478
716 516
716 692
716 732
717 43
717 110
717 632
717 739
718 30
718 44
718 277
718 296
718 336
718 398
718 437
718 502
718 610
718 613
718 749
719 51
719 109
719 169
719 494
719 495
719 604
719 667
719 691
720 93
720 309
720 458
720 473
720 564
720 665
720 728
721 286
721 288
721 311
721 341
721 420
721 502
722 4
722 7
722 56
722 78
722 100
722 253
722 260
722 263
722 360
722 520
722 522
722 528
723 94
723 306
723 313
723 371
723 423
724 221
724 394
724 504
724 642
725 174
725 187
725 410
725 431
725 448
725 479
725 499
726 21
726 122
726 151
726 342
726 403
726 529
726 706
727 135
727 337
727 359
727 515
727 520
727 573
727 585
727 588
727 605
727 611
727 657
728 365
728 435
728 452
728 619
728 741
729 79
729 121
729 219
729 471
729 579
729 730
730 73
730 102
730 293
730 669
730 709
731 42
731 266
731 277
731 299
731 450
731 492
731 511
732 117
732 161
732 222
732 375
732 420
732 467
732 502
733 56
733 88
733 149
733 178
733 315
733 320
733 364
733 403
733 484
733 581
733 601
733 643
733 712
734 43
734 519
734 635
734 657
734 739
735 255
735 263
735 267
735 286
735 327
735 356
735 546
735 718
736 8
736 20
736 195
736 234
736 248
736 330
736 526
736 542
736 700
736 703
737 237
737 284
737 459
738 45
738 171
738 174
738 276
738 333
738 425
738 463
738 658
738 710
739 50
739 75
739 84
739 188
739 329
739 356
739 366
739 380
739 531
739 635
739 653
740 129
740 203
740 372
740 563
741 6
741 9
741 10
741 78
741 94
741 95
741 120
741 365
741 443
741 531
741 586
741 633
741 750
742 60
742 185
742 191
742 275
742 360
742 364
742 368
742 376
742 381
742 387
742 465
742 543
742 692
742 694
743 300
743 326
743 343
743 574
743 668
744 26
744 209
744 526
744 570
745 79
745 168
745 269
745 291
745 349
745 374
745 410
745 428
745 658
746 80
746 137
746 243
746 320
746 380
746 417
746 458
746 470
746 479
746 558
746 581
746 665
746 701
747 107
747 140
747 172
747 406
747 533
747 684
748 35
748 246
748 325
748 433
748 536
748 671
749 264
749 339
749 393
749 660
750 381
750 398
750 568
750 570
750 622
