750
1499
1 746
2 222
2 231
2 629
3 353
3 551
4 536
5 434
6 441
6 698
7 369
7 582
7 649
7 748
8 143
8 159
8 231
9 120
9 234
10 54
10 156
10 440
11 134
12 46
12 617
12 726
13 273
13 670
14 98
14 545
14 555
14 562
15 83
15 577
17 20
17 122
17 131
17 316
17 360
18 438
20 136
20 281
20 599
22 631
23 316
25 143
25 582
26 172
26 295
26 460
28 152
28 220
28 554
29 55
30 150
30 442
30 472
31 112
31 334
32 160
34 38
35 121
35 243
35 576
35 668
36 30
36 656
37 445
37 526
38 561
39 86
39 662
40 162
41 502
41 557
41 582
42 128
42 288
42 659
43 2
43 692
43 716
44 493
45 162
45 263
45 286
45 360
45 685
46 9
46 137
46 157
47 124
48 448
49 520
49 717
50 101
50 245
50 739
51 557
51 722
52 2
55 273
55 596
56 146
56 343
56 457
56 590
57 17
58 93
58 415
58 545
59 398
59 421
60 129
60 398
61 69
61 136
61 477
61 539
61 667
62 249
63 9
63 264
64 511
64 687
65 405
66 465
67 432
68 107
68 607
68 648
68 678
69 167
69 475
69 600
70 560
71 456
72 80
72 393
73 126
73 640
74 321
74 734
75 380
75 424
75 458
75 656
76 134
76 240
76 313
77 114
77 221
77 225
77 447
77 740
78 122
78 536
78 542
78 735
79 50
80 101
80 353
80 429
81 24
81 421
82 131
82 250
82 507
83 556
84 101
84 138
84 174
84 637
85 52
85 353
87 220
87 399
88 71
88 199
88 303
88 334
89 395
90 339
90 463
90 478
91 496
91 525
92 168
92 197
92 243
92 325
92 718
93 671
94 23
94 255
94 587
95 49
95 158
95 276
95 669
96 230
96 286
96 452
96 660
96 674
97 80
97 718
98 49
98 361
98 475
98 690
99 98
99 523
99 551
100 357
100 731
102 110
102 116
103 730
104 187
105 106
105 601
106 105
106 599
106 662
107 701
108 187
108 515
109 88
109 273
109 413
109 504
110 4
112 190
112 386
112 665
113 514
114 14
114 231
114 313
114 355
115 180
116 163
116 696
117 3
118 530
119 71
120 316
120 387
120 419
121 316
121 344
121 731
122 385
122 427
122 613
122 691
122 704
125 108
125 510
126 296
126 412
128 283
128 387
128 664
128 677
129 26
129 70
129 711
129 717
130 559
131 18
131 311
132 499
134 273
134 378
134 665
135 372
136 172
136 329
138 321
138 645
139 303
139 741
140 634
141 497
142 357
143 230
143 472
143 629
144 607
145 358
146 17
146 51
146 443
147 58
147 185
147 265
147 308
148 43
148 108
149 295
150 37
151 48
151 462
152 155
152 223
152 224
153 460
154 254
155 162
155 454
157 257
157 472
157 720
158 268
159 479
160 51
160 64
160 287
160 631
161 49
161 337
161 345
161 449
162 467
164 90
167 192
167 281
167 412
169 16
169 156
169 166
169 178
169 183
169 326
170 19
170 115
171 112
171 663
172 635
173 740
174 317
175 527
175 596
177 126
177 262
178 418
178 581
180 24
180 93
180 285
181 435
183 32
184 202
184 371
185 66
186 177
186 213
187 11
187 631
188 95
188 633
188 749
189 312
189 413
190 199
190 269
190 537
191 149
192 207
192 482
193 63
193 613
194 471
195 26
197 21
197 172
197 257
197 525
197 707
198 418
199 107
199 484
199 595
200 306
200 499
200 628
201 736
202 94
203 319
203 552
205 132
205 335
207 359
207 392
207 493
208 230
208 699
209 72
209 401
209 750
210 6
210 204
210 288
210 342
210 425
210 720
211 84
211 93
211 335
211 595
212 135
212 356
212 597
212 648
213 73
213 311
213 740
214 249
214 416
214 628
214 675
215 216
215 516
215 636
216 509
217 395
217 572
218 330
218 465
219 25
219 154
219 586
220 328
220 520
221 67
221 614
221 693
223 325
223 616
223 730
224 464
224 617
225 611
226 36
226 176
226 191
226 424
226 529
227 29
227 471
228 5
228 262
228 694
229 162
229 211
229 342
230 1
230 656
230 720
231 88
232 196
232 539
232 699
233 417
235 172
236 341
237 98
238 569
239 97
240 182
240 342
241 64
241 486
242 88
242 208
242 549
242 641
243 447
244 681
245 17
245 94
245 170
245 203
246 380
247 31
247 439
247 600
248 567
249 177
249 542
250 221
250 326
250 472
250 598
251 397
252 67
252 738
253 458
254 636
255 459
255 692
256 175
256 336
257 711
257 749
258 129
258 542
258 604
259 136
259 300
259 332
259 722
260 114
260 122
262 134
262 194
262 371
262 506
262 650
262 656
262 704
262 716
263 258
263 472
263 732
264 288
264 374
265 644
266 167
266 554
267 100
267 255
267 624
268 596
270 665
271 57
271 298
271 390
271 659
272 123
272 492
272 701
273 17
273 56
273 168
273 234
273 332
273 372
273 683
274 346
274 461
275 78
275 95
275 246
275 342
276 7
276 187
277 327
277 362
278 492
279 308
279 710
280 565
281 371
281 523
282 696
284 667
285 381
285 462
285 507
287 637
288 673
289 266
289 440
290 5
290 208
291 391
292 208
292 318
292 656
293 571
294 688
296 327
297 286
300 312
301 54
301 293
301 382
302 288
303 150
304 138
304 151
304 437
305 222
305 364
305 434
306 240
306 351
306 481
306 510
306 546
307 532
308 151
308 248
309 614
309 625
310 95
310 230
312 134
312 165
312 543
312 681
313 55
313 127
314 39
314 585
315 45
315 330
315 595
316 434
317 14
317 142
317 217
318 201
318 578
319 170
319 667
320 378
321 40
321 145
321 267
321 522
322 431
322 451
322 660
323 651
325 144
325 414
325 467
326 367
327 569
328 210
328 281
328 714
329 361
331 20
331 228
332 363
332 400
332 585
333 180
333 322
334 501
335 57
336 232
336 665
337 111
338 63
338 340
338 672
339 536
340 147
340 287
341 179
341 223
342 530
342 626
343 254
344 524
344 654
345 48
345 226
345 594
347 127
347 313
349 422
349 489
350 49
350 278
351 659
352 288
352 502
352 504
353 408
355 400
355 535
356 30
356 237
357 173
357 370
359 180
359 207
359 296
359 312
359 355
359 571
360 106
360 148
360 365
361 668
362 138
362 449
362 634
362 714
362 725
363 3
363 242
363 565
364 147
364 645
365 21
365 109
365 143
365 283
366 313
367 288
367 335
368 252
368 464
369 149
370 214
370 532
371 491
373 297
374 41
374 470
375 84
375 562
377 537
378 238
378 318
379 498
380 417
380 427
381 679
381 691
382 374
382 570
382 737
384 139
384 144
384 383
385 222
386 516
387 450
387 632
388 231
388 454
388 505
390 666
391 550
392 684
393 130
393 414
393 516
395 250
395 506
397 360
397 543
398 258
398 402
399 450
401 170
401 484
401 586
402 165
403 428
404 101
404 122
404 622
405 179
405 365
405 740
406 179
406 231
406 482
406 566
406 633
407 93
408 296
409 337
409 359
410 113
410 230
410 234
411 462
411 620
412 280
412 393
412 450
412 685
413 466
413 590
413 718
414 215
415 658
416 120
416 602
416 613
417 363
417 632
418 82
418 131
420 484
420 513
421 319
422 199
422 418
423 605
423 609
423 729
424 267
424 321
424 582
426 177
426 675
426 750
427 370
427 560
428 690
429 167
429 428
429 604
430 4
431 51
431 571
432 222
433 651
433 663
434 166
434 699
435 115
436 114
436 252
437 291
438 38
439 394
439 517
440 41
440 73
440 695
440 725
441 287
441 468
441 731
442 281
443 224
444 261
444 468
444 552
445 622
445 631
445 716
446 672
448 22
448 123
448 521
448 592
449 747
450 11
450 409
450 466
451 85
451 170
451 436
451 664
452 288
452 411
452 642
452 744
453 693
454 210
455 51
455 411
455 557
455 592
455 731
456 230
456 409
457 224
457 252
457 506
458 264
459 66
459 260
459 427
459 725
460 58
460 176
460 607
461 51
461 293
461 727
462 56
462 189
462 535
463 462
463 523
463 702
464 407
464 473
464 735
465 32
465 119
466 33
466 323
467 149
467 172
467 339
468 306
468 452
468 467
469 16
469 231
469 301
469 475
470 240
470 315
471 403
472 248
472 320
472 416
473 163
473 288
473 510
474 89
474 432
474 460
476 472
477 46
477 118
477 379
478 65
478 198
478 619
479 602
480 76
480 382
480 418
481 668
483 207
484 295
485 326
485 635
485 689
486 5
487 211
490 19
490 332
491 273
491 297
491 632
492 113
492 173
493 40
493 134
493 236
493 282
493 644
494 77
494 96
494 175
494 393
495 18
495 274
496 95
496 105
496 107
496 488
497 335
498 125
498 225
498 262
498 516
500 197
500 237
500 362
500 741
501 373
502 275
502 366
502 744
504 136
505 499
507 203
507 248
507 568
507 644
508 252
509 203
509 395
509 502
510 508
511 75
512 80
512 687
513 334
513 355
513 578
515 138
515 423
516 684
517 162
517 620
518 633
520 478
520 710
521 386
522 416
523 347
523 494
523 521
523 594
524 579
524 749
525 30
525 356
525 358
525 706
526 582
527 400
528 56
528 734
529 211
529 450
530 30
530 552
530 556
530 657
531 253
531 421
532 395
537 65
537 539
538 205
540 324
540 384
541 276
541 609
542 253
544 513
544 695
545 7
545 227
545 303
545 504
546 380
547 12
547 15
547 27
547 54
547 117
547 594
548 419
548 528
549 1
549 15
549 77
549 221
550 98
550 493
551 25
551 57
551 126
552 534
552 747
553 737
554 439
555 365
555 682
556 33
556 347
556 518
557 166
557 178
558 121
558 297
558 707
559 259
559 288
559 477
559 748
560 177
561 158
561 382
561 465
562 548
562 667
562 674
563 257
563 361
564 100
564 238
564 401
564 660
565 481
565 665
565 668
567 405
567 594
568 396
568 578
568 599
568 717
569 62
570 76
570 152
570 321
570 523
572 183
572 322
573 314
573 462
574 372
574 697
575 317
575 604
576 262
576 574
576 585
577 535
577 556
577 593
578 88
578 149
578 486
578 534
578 619
579 162
579 716
580 2
580 186
580 369
580 405
580 659
581 626
581 659
582 522
582 640
582 736
583 43
583 104
583 523
583 543
584 59
584 322
585 332
585 586
586 225
586 364
586 713
587 214
587 217
587 641
588 93
588 161
589 41
589 74
590 146
591 192
591 308
592 140
592 598
592 599
593 57
594 43
594 309
594 383
594 529
594 550
595 218
596 118
596 151
596 223
596 395
596 555
597 319
597 433
598 209
598 654
599 254
599 481
599 719
600 152
600 646
600 738
600 744
601 235
601 352
601 494
602 101
602 158
602 390
602 471
603 280
604 182
604 314
604 550
607 233
607 526
607 604
607 701
608 405
609 260
609 424
609 573
610 460
611 66
611 97
612 679
612 704
613 392
613 426
613 601
615 62
615 144
615 196
615 224
616 143
617 662
618 147
618 177
619 499
620 228
621 97
621 554
622 185
622 361
623 153
623 654
623 704
624 541
624 606
624 608
626 212
627 441
627 571
628 387
628 452
629 486
629 610
629 686
630 16
630 404
631 26
631 44
631 201
631 563
631 634
632 108
632 506
632 518
633 26
633 156
633 369
633 495
634 368
634 587
634 649
635 30
635 555
635 701
636 328
636 642
636 714
638 78
638 91
638 700
639 430
641 77
641 618
641 673
642 120
642 129
642 403
643 38
644 246
644 745
645 21
645 172
645 284
645 743
646 132
648 372
648 480
650 714
651 478
651 555
651 747
652 233
652 506
652 655
653 589
654 176
655 287
656 439
656 575
656 657
656 740
657 632
658 79
658 501
658 686
659 56
659 68
659 402
659 446
659 503
660 29
660 188
660 591
661 64
661 229
661 299
662 620
662 738
664 659
665 178
666 162
666 275
666 551
667 70
667 102
669 6
669 431
669 472
669 501
671 291
671 667
672 41
672 127
672 245
672 258
672 423
672 476
673 102
674 158
675 453
675 674
676 107
676 461
676 471
676 487
677 2
677 704
678 106
679 54
679 376
679 443
679 513
680 77
681 540
682 283
682 493
683 443
683 485
683 564
684 3
684 522
684 602
684 701
685 723
686 14
686 229
686 323
687 9
687 370
687 398
688 38
688 40
688 610
689 52
689 86
689 611
690 144
690 497
690 525
690 575
690 589
691 227
691 301
691 332
691 572
692 189
692 649
693 665
694 128
696 340
696 533
697 147
697 742
699 384
699 488
701 95
701 441
701 723
702 7
703 5
703 395
703 577
703 611
704 44
704 591
704 743
705 93
706 184
706 357
708 735
710 567
710 661
711 277
711 320
711 578
711 587
712 247
712 279
712 676
713 330
714 29
714 217
714 291
714 687
716 93
716 737
717 88
717 295
717 469
718 30
718 565
719 50
719 596
719 667
720 56
722 94
722 598
723 666
725 117
725 483
725 497
726 28
726 116
726 128
726 448
727 593
727 635
728 693
729 63
729 534
730 469
732 342
732 428
732 510
733 253
733 286
733 584
734 122
734 405
734 497
734 582
734 667
734 677
734 725
735 187
735 350
735 649
736 246
736 466
736 682
737 83
737 167
737 214
737 643
737 682
738 302
738 525
739 278
739 493
739 686
743 20
743 309
743 399
745 67
745 471
745 646
746 559
746 598
747 94
747 156
747 273
748 515
748 520
748 701
748 709
748 722
749 13
750 19
750 235
