80
314
1 3
1 14
1 35
2 4
2 15
3 15
3 65
3 77
3 79
4 5
5 23
5 50
5 70
6 21
6 30
6 44
6 60
6 68
7 50
7 54
7 56
7 73
7 79
8 14
8 54
8 65
9 33
10 37
10 45
10 57
10 61
10 66
11 32
11 43
11 66
11 77
12 50
12 64
12 67
12 68
12 69
13 8
13 15
13 28
13 45
13 76
13 79
14 3
14 18
14 25
14 28
14 30
14 36
14 39
14 42
15 37
15 38
15 65
15 72
16 2
16 9
16 50
17 11
17 40
18 32
18 60
18 64
18 78
19 16
19 36
19 37
20 15
20 70
20 77
21 7
21 18
22 35
22 72
22 73
23 36
23 44
23 48
23 54
23 70
23 77
24 16
24 20
24 40
24 61
24 63
24 66
25 4
25 10
25 16
25 32
25 41
25 45
25 63
25 74
26 1
26 14
26 17
26 30
26 34
26 38
26 43
26 46
27 9
27 12
27 41
27 55
27 64
27 69
28 1
28 33
28 44
28 62
28 68
29 11
29 54
29 68
29 71
30 8
30 15
30 21
30 25
30 29
30 50
31 13
31 53
31 58
32 15
32 22
32 24
32 69
33 26
33 34
33 40
33 72
34 18
34 23
34 35
34 44
34 80
35 27
35 30
35 33
35 34
35 78
35 79
36 23
36 35
36 57
37 33
37 62
37 63
38 3
38 36
38 66
38 80
39 68
39 72
39 75
39 76
39 80
40 1
40 23
40 33
41 71
41 78
43 12
43 25
43 42
43 50
43 54
43 63
43 65
43 66
44 28
44 46
44 48
44 58
44 68
44 79
45 3
45 4
45 27
46 34
46 36
46 37
46 62
46 63
46 73
46 74
47 6
47 17
47 57
47 74
47 79
48 34
49 18
49 43
49 55
50 4
50 12
50 49
50 61
50 74
51 13
51 15
52 1
53 21
53 27
53 46
53 55
54 4
54 25
54 77
55 33
55 36
55 40
55 58
55 75
56 38
57 1
57 19
57 24
57 45
57 58
58 23
58 32
58 35
59 3
59 10
59 13
59 23
59 73
60 53
60 77
61 9
61 23
61 50
61 70
62 11
62 18
62 26
62 27
62 55
62 57
63 17
63 26
63 39
63 55
63 62
63 76
64 30
64 46
64 53
64 63
64 80
65 4
65 9
65 34
65 61
65 66
66 6
66 36
66 60
66 73
67 23
67 26
67 27
67 28
67 35
67 79
68 10
68 27
68 34
68 36
69 18
69 58
69 60
70 61
71 8
71 10
71 13
71 17
71 30
71 63
72 51
72 76
73 1
73 14
73 25
73 28
73 33
74 22
74 48
74 58
75 4
75 16
75 18
75 59
76 13
76 23
76 72
77 7
77 44
78 34
78 46
78 72
79 14
79 32
79 56
