80
460
1 3
1 18
1 29
1 30
1 53
2 3
2 45
2 53
2 55
2 61
2 73
2 80
3 29
3 36
3 44
3 63
3 71
3 74
4 38
4 49
4 65
5 3
5 6
5 19
5 28
5 39
5 76
6 4
6 16
6 34
6 41
6 60
7 9
7 13
7 16
7 55
8 14
8 38
8 41
8 56
8 58
8 61
8 66
8 70
9 6
9 38
9 40
9 41
9 42
9 55
9 69
10 18
10 20
10 47
10 50
11 2
11 55
12 7
12 14
12 32
12 56
12 60
12 67
12 74
13 2
13 4
13 6
13 25
13 40
13 59
13 73
13 75
13 76
14 2
14 5
14 22
14 36
14 38
14 39
14 46
14 56
14 66
14 77
15 18
15 25
15 39
15 50
15 51
15 67
16 44
16 52
16 73
17 6
17 25
17 39
17 46
17 54
17 64
17 77
18 15
18 50
18 51
18 63
18 80
19 66
20 5
20 28
20 32
20 70
21 4
21 31
21 33
21 40
21 48
21 51
21 61
21 63
21 64
22 10
22 24
22 29
22 60
22 72
22 78
23 16
23 76
24 20
24 22
24 23
24 44
24 49
24 57
24 72
24 74
24 78
25 3
25 19
25 52
26 10
26 44
26 51
26 72
27 8
27 44
27 69
28 9
28 34
28 37
28 56
28 59
29 25
29 41
29 62
29 74
29 79
30 4
30 24
30 26
30 37
30 41
30 58
30 63
30 78
31 6
31 17
31 34
31 61
31 65
32 14
32 17
32 29
32 35
32 61
32 64
32 66
32 79
33 1
33 3
33 11
33 39
34 15
34 23
34 33
34 35
34 69
35 2
35 9
35 10
35 24
35 29
35 41
35 66
35 70
35 75
36 5
36 28
36 31
36 49
36 79
37 21
37 71
38 4
38 20
38 45
38 57
39 7
39 8
39 11
39 44
39 56
39 62
40 4
40 23
40 44
41 17
41 48
42 3
42 20
42 33
42 35
42 37
42 38
42 39
42 56
42 72
42 80
43 14
43 17
43 18
43 42
43 45
43 51
43 53
43 54
43 66
44 46
44 53
44 69
45 1
45 2
45 17
45 23
45 50
45 51
45 65
45 70
45 77
46 10
46 30
46 38
46 51
46 71
47 34
47 37
47 49
47 65
47 72
47 75
48 15
48 24
48 30
48 80
49 3
49 7
49 21
49 24
49 25
49 47
49 48
49 58
50 35
50 55
50 56
50 58
50 70
51 17
51 27
51 32
51 50
51 70
52 3
52 10
52 23
52 34
52 35
52 37
52 38
52 58
52 67
52 80
53 2
53 4
53 6
53 7
53 15
53 19
53 27
53 32
53 71
54 1
54 4
54 10
54 12
54 14
54 49
54 57
54 59
54 63
55 13
55 39
55 50
55 54
55 58
55 64
55 76
56 41
56 43
56 46
56 65
56 79
57 1
57 14
57 37
57 44
57 46
57 63
57 66
57 77
57 79
58 3
58 7
58 28
58 38
58 51
58 55
58 57
58 59
59 29
59 53
59 57
59 61
59 73
59 75
60 4
60 10
60 28
60 44
60 53
61 24
61 37
61 44
61 49
61 54
61 73
62 11
62 19
62 43
62 44
63 13
63 28
63 53
63 67
64 2
64 3
64 51
64 67
64 70
64 72
64 79
65 5
65 6
65 8
65 24
65 39
65 78
66 6
66 12
66 22
66 36
66 50
66 59
66 80
67 14
67 18
67 31
67 33
67 37
67 52
68 9
68 20
68 36
68 41
68 66
68 77
68 79
69 9
69 19
69 20
69 23
69 48
69 50
69 77
69 78
70 4
70 24
70 40
71 39
71 65
71 72
71 73
71 74
72 32
72 34
72 36
72 43
72 71
72 79
73 6
73 18
73 28
73 35
74 8
74 18
74 20
74 29
74 45
74 46
74 78
75 3
75 20
75 21
76 1
76 4
76 9
76 64
76 79
77 14
77 20
77 27
77 31
77 42
77 44
77 62
77 75
78 32
78 44
78 73
78 76
79 15
79 47
79 50
79 67
80 5
80 6
80 21
80 32
80 55
80 64
80 76
80 77
