80
529
1 6
1 8
1 15
1 21
1 31
1 44
1 60
1 65
1 68
2 5
2 6
2 31
2 34
2 40
2 42
2 58
2 63
3 4
3 23
3 45
3 56
3 63
3 73
3 74
4 11
4 18
4 25
4 38
4 40
4 41
4 72
5 19
5 31
5 34
5 36
5 37
6 12
6 27
6 46
6 70
6 71
7 21
7 24
7 28
7 47
7 53
7 54
8 16
8 51
8 72
9 3
9 11
9 57
9 59
9 63
9 71
9 75
10 12
10 18
10 38
10 52
10 66
10 68
10 69
11 4
11 25
11 30
11 59
11 73
12 7
12 11
12 18
12 20
12 24
12 33
12 58
12 65
13 2
13 23
13 47
13 56
13 70
13 76
13 77
13 78
14 5
14 18
14 24
14 42
14 47
14 49
14 57
14 61
14 76
15 2
15 32
15 47
15 77
15 78
15 80
16 1
16 20
16 48
16 54
16 55
16 67
17 10
17 11
17 18
17 28
17 35
17 56
17 62
17 63
17 71
18 53
18 66
18 71
18 80
19 11
19 13
19 26
19 30
19 34
19 35
19 51
19 71
19 75
20 27
20 35
20 46
20 59
20 68
21 8
21 19
21 49
21 64
22 6
22 38
22 43
22 62
22 65
22 67
22 79
23 1
23 9
23 13
23 15
23 26
23 38
23 41
23 58
23 72
23 74
24 12
24 22
24 47
24 49
24 53
24 73
25 5
25 10
25 14
25 18
25 21
26 30
26 39
26 79
27 15
27 22
27 38
27 47
27 70
27 71
28 10
28 34
28 44
28 54
28 71
29 12
29 50
29 52
29 55
29 58
29 69
29 70
29 72
30 24
30 27
30 56
31 25
31 29
31 35
31 36
31 62
31 64
32 4
32 5
32 6
32 19
32 24
32 29
32 36
32 43
32 64
33 8
33 10
33 12
33 42
33 46
33 48
33 54
33 72
34 25
34 26
34 60
34 78
35 3
35 5
35 6
35 27
35 39
35 52
35 70
35 77
35 78
36 4
36 12
36 28
36 43
36 46
36 77
37 2
37 18
37 27
37 31
37 48
37 61
37 63
38 1
38 2
38 15
38 19
38 21
38 23
38 30
38 43
38 45
38 47
38 59
39 1
39 25
39 32
39 38
39 43
39 46
39 60
39 61
40 9
40 14
40 29
40 58
40 71
41 48
41 54
41 55
41 57
41 80
42 23
42 29
42 38
43 6
43 15
43 17
43 28
43 38
43 46
43 70
43 72
44 2
44 8
44 12
44 14
44 17
44 18
44 20
44 25
44 40
44 67
44 78
45 2
45 11
45 38
45 43
45 44
45 47
45 58
45 66
45 72
46 32
46 73
47 15
47 25
47 30
47 35
47 55
47 63
48 14
48 16
48 23
48 36
48 44
48 62
49 29
49 46
49 79
50 8
50 18
50 53
51 35
51 37
51 45
51 48
51 78
52 6
52 12
52 19
52 25
52 40
52 41
52 43
53 13
53 36
53 44
53 61
53 63
53 64
53 69
53 74
53 77
54 8
54 12
54 13
54 15
54 47
54 55
54 63
54 66
54 74
55 9
55 16
55 22
55 41
55 53
55 54
55 64
55 78
55 80
56 4
56 34
56 35
56 58
56 66
57 5
57 43
57 50
57 66
57 73
58 10
58 19
58 21
58 25
58 34
58 38
58 42
58 48
58 60
58 79
59 27
59 32
59 38
59 56
59 64
59 67
60 7
60 21
60 37
60 46
60 51
60 61
60 70
61 48
61 57
61 69
61 80
62 2
62 15
62 18
62 22
62 35
62 53
62 55
62 73
62 76
63 2
63 4
63 13
63 14
63 32
63 34
63 37
63 52
63 70
63 79
64 4
64 5
64 19
64 20
64 33
64 48
64 50
65 2
65 6
65 14
65 25
65 32
65 40
65 58
66 30
66 31
66 35
66 37
66 40
66 45
66 48
66 56
66 77
67 1
67 16
67 23
67 34
67 46
67 48
67 52
67 55
68 4
68 5
68 22
68 33
68 35
68 38
68 66
68 71
68 73
69 21
69 24
69 37
69 75
70 3
70 9
70 12
70 14
70 17
70 24
70 29
70 40
70 53
70 66
70 77
71 1
71 15
71 22
71 27
71 30
71 57
71 64
71 68
72 7
72 8
72 26
72 55
72 66
73 8
73 21
73 24
73 55
73 61
73 76
73 79
74 18
74 21
74 27
74 48
74 64
75 1
75 39
75 41
75 45
75 48
75 55
75 66
76 26
76 41
76 49
76 72
76 80
77 4
77 29
77 36
77 55
77 59
77 73
78 1
78 7
78 15
78 38
78 41
79 10
79 33
79 34
80 4
80 20
80 25
80 41
80 42
80 48
80 62
80 65
80 69
