80
609
1 14
1 26
1 78
2 3
2 10
2 22
2 28
2 76
3 13
3 20
3 21
3 28
3 35
3 40
3 51
3 57
3 58
4 11
4 37
4 61
4 66
4 69
4 72
4 80
5 3
5 6
5 15
5 16
5 19
5 29
5 51
5 58
5 68
5 70
5 75
5 77
6 21
6 33
6 37
6 45
6 61
6 63
6 64
6 73
6 74
6 77
7 4
7 32
7 39
7 42
7 54
8 19
8 33
8 34
8 37
8 63
8 73
8 74
9 11
9 31
9 38
9 39
9 44
9 70
9 71
9 76
10 21
10 34
10 65
10 71
11 6
11 18
11 22
11 25
11 54
11 57
11 60
12 2
12 3
12 10
12 15
12 18
12 19
12 26
12 32
12 33
12 38
12 52
12 55
12 57
12 59
12 60
13 1
13 5
13 11
13 14
13 15
13 25
13 36
13 42
13 44
13 54
13 60
14 9
14 16
14 23
14 62
14 78
15 3
15 10
15 19
15 36
15 39
15 40
15 49
15 54
15 78
16 25
16 27
16 32
16 37
16 59
16 63
16 66
16 67
16 76
16 79
17 4
17 28
17 30
17 45
17 56
17 61
17 69
17 76
18 5
18 11
18 42
18 53
18 56
18 58
18 60
18 67
19 1
19 7
19 11
19 12
19 30
19 34
19 36
19 43
19 47
19 74
20 1
20 3
20 22
20 43
20 48
20 53
20 60
20 76
21 6
21 9
21 38
21 39
21 55
21 71
21 80
22 32
22 34
22 64
22 76
23 5
23 8
23 47
23 64
24 17
24 32
24 68
24 69
24 76
25 4
25 11
25 29
25 35
25 51
25 60
25 68
25 74
25 76
25 80
26 1
26 34
26 35
26 36
26 42
26 51
26 66
26 72
27 4
27 13
27 35
27 50
27 69
27 77
28 9
28 10
28 14
28 17
28 20
28 22
28 39
28 40
28 63
28 69
29 7
29 39
29 43
29 46
29 51
29 52
29 57
30 16
30 52
30 54
30 59
30 60
30 66
30 67
30 68
31 10
31 19
31 28
31 30
31 38
31 60
32 24
32 29
32 34
32 66
32 68
32 70
32 72
33 9
33 12
33 17
33 19
33 30
33 43
33 66
33 74
34 8
34 9
34 14
34 31
34 41
34 42
34 43
34 52
34 55
34 60
34 67
34 74
35 5
35 9
35 15
35 44
35 53
35 55
35 58
35 63
35 67
35 70
36 3
36 4
36 8
36 10
36 17
36 18
36 25
36 27
36 31
36 38
36 42
36 52
36 63
36 68
36 74
37 1
37 3
37 4
37 6
37 44
37 46
37 66
37 67
37 70
37 76
37 78
38 14
38 17
38 36
38 39
38 40
38 45
38 66
38 68
38 69
38 74
39 30
39 36
39 43
39 44
39 47
39 49
39 55
39 63
39 67
39 70
40 34
40 50
40 59
40 65
40 75
40 78
41 4
41 46
41 61
41 69
42 38
42 46
42 49
42 55
42 57
42 73
43 15
43 26
43 36
43 55
43 61
43 73
43 75
43 78
44 8
44 15
44 29
44 37
44 64
44 72
44 79
45 13
45 15
45 19
45 27
45 58
46 1
46 4
46 9
46 30
46 38
46 42
46 45
46 55
46 56
46 74
46 78
47 1
47 7
47 29
47 64
47 72
48 2
48 22
48 32
48 38
48 44
48 49
48 58
48 67
49 23
49 52
49 66
49 70
49 78
49 79
49 80
50 6
50 11
50 16
50 18
50 25
50 29
50 36
50 62
50 79
51 5
51 17
51 23
52 6
52 20
52 24
52 25
52 60
52 75
53 13
53 18
53 22
53 35
53 42
53 60
54 1
54 16
54 28
54 45
54 58
54 60
54 68
55 12
55 19
55 40
55 75
55 77
55 79
56 9
56 19
56 21
56 22
56 33
56 38
56 51
56 52
56 55
56 59
57 4
57 11
57 23
57 35
57 53
57 56
57 61
58 6
58 7
58 25
58 30
58 38
58 42
58 43
58 70
59 1
59 16
59 34
59 46
60 2
60 19
60 34
60 37
60 55
60 70
60 77
61 4
61 8
61 10
61 27
61 41
61 49
61 51
62 3
62 14
62 16
62 25
62 56
62 64
62 67
62 68
62 69
63 27
63 28
63 55
63 61
63 64
63 69
64 2
64 3
64 8
64 27
64 54
64 66
65 4
65 7
65 23
65 42
65 44
65 54
65 58
65 63
65 76
65 79
66 1
66 7
66 9
66 13
66 15
66 16
66 35
66 41
66 69
67 5
67 12
67 22
68 11
68 22
68 24
68 55
68 60
68 61
68 76
69 5
69 24
69 26
69 39
69 48
69 60
69 79
69 80
70 10
70 19
70 50
70 74
70 77
71 27
71 33
71 52
71 60
71 70
71 73
72 23
72 42
72 48
72 52
72 57
72 76
73 11
73 18
73 24
73 34
73 35
73 38
73 42
73 43
73 45
73 47
73 48
73 50
73 55
73 56
73 68
74 4
74 20
74 30
74 40
74 61
74 76
74 77
75 7
75 9
75 13
75 16
75 22
75 33
75 34
75 39
75 66
75 77
75 79
76 29
76 32
76 38
76 58
77 15
77 19
77 20
77 24
77 25
77 28
77 48
77 57
77 65
78 54
78 60
78 80
79 8
79 34
79 42
79 50
79 53
79 54
79 71
79 73
79 76
80 5
80 7
80 12
80 16
80 31
80 39
80 48
80 56
80 61
80 63
