90
850
1 10
1 18
1 21
1 25
1 43
1 55
1 56
1 63
1 67
1 83
1 87
2 23
2 48
2 59
2 77
2 90
3 5
3 8
3 10
3 15
3 27
3 31
3 43
3 70
3 75
3 89
4 2
4 9
4 21
4 24
4 25
4 45
4 57
4 62
4 65
4 79
4 85
4 88
5 1
5 3
5 29
5 32
5 36
5 55
5 71
5 78
5 81
5 82
6 40
6 59
6 71
6 89
7 8
7 11
7 12
7 49
7 51
7 67
7 70
7 78
7 80
7 89
8 5
8 7
8 25
8 29
8 39
8 40
8 49
8 55
8 62
8 71
8 74
8 77
8 78
8 85
9 1
9 43
9 45
9 52
9 72
9 78
9 86
10 3
10 5
10 9
10 27
10 37
10 44
10 46
10 47
10 68
10 71
10 72
10 77
10 82
11 8
11 9
11 20
11 22
11 26
11 28
11 29
11 43
11 45
11 50
11 53
11 73
11 87
12 7
12 19
12 31
12 45
12 58
12 74
12 83
12 84
12 86
13 30
13 38
13 52
13 61
13 66
13 68
13 72
14 31
14 37
14 41
14 50
14 56
14 59
14 60
14 69
14 71
14 83
14 85
14 86
15 2
15 13
15 24
15 27
15 36
15 38
15 59
15 61
15 80
16 15
16 42
16 46
16 53
16 77
17 12
17 13
17 38
17 44
17 64
17 75
17 80
17 88
18 2
18 4
18 6
18 10
18 12
18 13
18 30
18 33
18 51
18 65
18 82
18 90
19 10
19 33
19 39
19 47
19 49
19 55
19 57
19 61
19 68
19 84
19 86
20 4
20 13
20 21
20 24
20 43
20 44
20 50
20 51
20 52
20 58
20 60
20 66
21 3
21 16
21 26
21 36
21 48
21 64
21 78
21 81
22 11
22 14
22 21
22 30
22 33
22 50
22 55
22 67
22 70
22 71
22 73
22 76
23 31
23 49
23 62
23 64
23 65
23 67
23 77
23 78
23 80
24 1
24 8
24 12
24 20
24 25
24 34
24 46
24 50
24 68
25 6
25 7
25 10
25 15
25 17
25 35
25 38
25 44
25 53
25 55
25 59
25 77
25 88
26 24
26 25
26 29
26 37
26 44
26 49
26 52
26 69
26 79
27 4
27 7
27 29
27 40
27 66
27 71
27 74
27 77
27 80
28 13
28 24
28 25
28 51
28 54
28 58
28 62
28 67
29 3
29 7
29 22
29 27
29 31
29 45
29 46
30 5
30 6
30 15
30 16
30 21
30 24
30 28
30 77
31 6
31 15
31 18
31 20
31 46
31 50
31 59
31 71
31 72
31 74
31 84
32 7
32 8
32 15
32 23
32 30
32 31
32 52
32 54
32 65
32 66
32 78
32 80
32 85
33 55
33 64
33 72
33 73
33 77
33 83
33 84
34 19
34 22
34 26
34 27
34 35
34 46
34 49
34 75
35 17
35 18
35 20
35 29
35 68
35 73
35 81
35 90
36 13
36 18
36 27
36 31
36 32
36 37
36 40
36 43
36 48
36 77
36 80
36 88
37 5
37 6
37 23
37 32
37 66
37 80
38 10
38 12
38 14
38 20
38 22
38 27
38 35
38 43
38 63
38 65
38 70
38 75
39 2
39 15
39 22
39 52
39 53
39 64
39 76
40 9
40 22
40 34
40 42
40 45
40 50
40 55
40 56
40 61
40 73
40 86
41 6
41 7
41 12
41 15
41 18
41 34
41 47
41 48
41 58
41 61
41 69
41 74
41 83
41 90
42 27
42 43
42 57
42 66
42 72
42 90
43 1
43 21
43 29
43 46
43 48
43 65
43 67
43 71
43 82
43 85
44 13
44 21
44 24
44 37
44 38
44 42
44 64
44 66
44 84
44 89
44 90
45 5
45 6
45 14
45 24
45 32
45 39
45 67
45 88
45 90
46 2
46 3
46 20
46 23
46 26
46 27
46 29
46 33
46 55
46 57
46 58
46 60
46 64
46 79
46 81
47 9
47 15
47 25
47 32
47 34
47 51
47 58
47 66
47 83
48 2
48 3
48 4
48 5
48 14
48 73
49 1
49 13
49 14
49 70
50 6
50 15
50 60
50 62
50 64
50 79
50 86
51 3
51 17
51 19
51 26
51 31
51 35
51 37
51 59
51 65
51 82
51 89
52 13
52 26
52 60
52 67
52 75
52 78
52 79
52 85
53 2
53 5
53 10
53 15
53 22
53 33
53 72
53 81
54 7
54 19
54 50
54 59
54 60
54 61
54 73
54 75
54 77
55 5
55 12
55 20
55 21
55 29
55 37
55 58
55 59
55 63
55 65
55 72
55 80
56 2
56 12
56 31
56 42
56 51
56 75
56 82
57 1
57 16
57 22
57 60
57 66
57 77
57 80
57 82
57 83
58 7
58 39
58 42
58 52
58 67
58 68
58 83
58 86
58 89
59 3
59 11
59 12
59 33
59 34
59 37
59 40
59 55
59 60
59 69
59 79
59 85
60 12
60 17
60 34
60 49
60 50
60 71
60 79
60 81
61 13
61 14
61 17
61 23
61 26
61 35
61 45
61 49
61 52
61 62
61 70
61 90
62 2
62 18
62 27
62 32
62 34
62 68
62 70
62 75
62 81
63 1
63 3
63 5
63 14
63 15
63 19
63 61
63 65
63 67
63 78
63 86
64 2
64 7
64 10
64 21
64 49
64 68
64 79
65 9
65 10
65 39
65 45
65 70
65 90
66 25
66 28
66 36
66 47
66 48
66 60
66 72
66 73
67 21
67 27
67 30
67 33
67 48
67 50
67 55
67 68
67 71
67 87
67 90
68 1
68 2
68 10
68 13
68 22
68 33
68 53
68 63
68 69
68 90
69 4
69 13
69 22
69 23
69 27
69 28
69 43
69 53
69 54
69 72
69 84
69 89
70 55
70 62
70 63
70 71
70 74
70 81
70 83
71 1
71 15
71 30
71 37
71 76
71 80
71 82
71 83
71 87
72 10
72 14
72 16
72 36
72 50
72 75
73 15
73 17
73 29
73 32
73 40
73 80
73 88
73 89
74 18
74 28
74 29
74 41
74 54
74 68
74 71
74 82
74 87
75 1
75 2
75 6
75 35
75 41
75 52
75 56
75 61
75 68
75 88
76 7
76 12
76 13
76 30
76 35
76 40
76 42
76 43
76 52
76 57
76 61
76 62
76 67
76 69
76 81
76 85
76 86
77 6
77 13
77 24
77 26
77 29
77 41
77 49
77 55
77 57
77 59
77 61
77 75
77 81
77 86
78 16
78 28
78 33
78 45
78 62
78 73
78 87
79 15
79 23
79 28
79 32
79 41
79 49
79 67
79 75
79 77
79 85
80 1
80 41
80 54
80 58
80 68
80 71
80 90
81 8
81 16
81 29
81 38
81 41
81 42
81 66
81 72
81 73
82 3
82 19
82 29
82 46
82 51
82 59
82 68
82 79
82 87
82 88
83 2
83 4
83 12
83 39
83 52
84 4
84 6
84 8
84 13
84 15
84 23
84 44
84 56
84 59
84 65
84 69
84 74
84 76
85 10
85 13
85 35
85 39
85 42
85 55
85 64
85 81
86 15
86 17
86 21
86 31
86 43
86 45
86 75
87 8
87 20
87 23
87 24
87 33
87 56
87 59
87 68
87 72
87 88
88 2
88 21
88 22
88 25
88 36
88 51
88 58
88 64
88 65
88 75
89 8
89 30
89 37
89 38
89 46
89 56
89 67
89 68
89 75
89 83
89 84
89 86
90 4
90 13
90 14
90 48
90 53
90 57
90 59
90 65
90 75
90 81
90 89
