90
174
1 9
2 19
4 20
5 40
6 55
6 79
6 82
7 60
8 46
8 80
9 1
9 7
10 78
11 6
11 85
12 23
12 32
12 44
12 71
13 3
13 8
13 48
15 56
15 75
17 36
17 53
17 65
18 44
18 90
20 47
21 51
23 13
23 31
23 76
24 38
26 11
26 25
26 75
27 52
27 63
28 6
28 10
28 17
28 40
28 42
28 51
28 69
29 45
30 6
30 51
31 5
31 73
32 60
33 4
33 13
33 14
33 22
33 80
34 36
35 21
35 28
35 89
36 18
36 80
37 3
37 61
38 18
39 21
39 43
40 77
41 26
41 53
41 86
43 53
43 64
43 89
44 5
44 7
44 13
45 11
45 53
45 67
45 71
46 60
46 81
49 8
49 19
49 29
52 38
52 64
53 3
53 79
54 7
54 46
55 78
56 38
56 49
56 75
57 38
58 46
58 54
59 14
59 16
59 38
59 39
59 46
59 53
59 55
59 58
60 21
60 29
60 44
60 81
61 58
61 60
61 72
62 50
62 80
63 10
63 42
64 4
64 27
66 48
66 86
67 10
67 29
67 87
69 41
70 32
71 55
71 79
72 49
72 67
73 17
73 27
73 47
73 69
74 9
74 41
74 72
74 73
75 50
76 44
76 49
76 77
77 36
77 71
77 84
78 10
78 39
79 52
80 8
80 19
80 62
81 37
82 2
83 7
83 11
83 26
83 32
83 35
84 19
84 36
84 38
84 45
85 21
85 48
85 79
86 9
86 84
87 12
88 68
89 16
90 1
