90
352
1 30
1 49
1 74
1 83
2 32
2 45
2 71
3 1
3 7
3 33
3 51
3 73
3 79
3 81
3 88
4 17
4 69
4 70
5 18
5 22
6 2
6 36
6 63
6 86
7 56
8 18
8 21
8 36
8 39
8 52
8 87
9 36
9 55
9 84
10 28
10 31
10 53
10 55
10 86
11 6
11 45
11 87
12 21
12 37
12 52
12 57
12 68
12 70
12 85
13 32
13 33
14 34
15 19
15 26
15 49
15 50
15 58
15 80
16 8
17 43
17 58
17 63
17 83
18 23
18 30
19 1
19 59
19 85
20 4
20 7
20 26
20 64
20 73
21 53
22 16
22 24
22 25
22 36
22 66
22 75
23 48
24 13
24 22
24 23
24 42
24 82
25 34
25 62
25 88
27 23
27 30
27 90
28 26
28 88
29 27
29 55
29 83
30 11
30 19
30 38
30 42
30 52
30 62
31 20
31 56
31 59
31 60
31 88
32 3
32 13
32 31
32 61
32 77
32 82
33 1
33 31
33 45
34 4
34 8
34 30
34 33
34 35
34 50
35 42
35 51
36 4
36 66
36 79
36 88
37 34
37 42
37 62
37 71
38 15
38 43
38 63
39 41
39 44
39 46
39 51
39 64
40 12
40 19
40 23
40 25
40 75
41 25
41 48
41 52
42 25
43 1
43 45
43 55
43 57
43 72
43 77
44 18
44 42
45 17
45 81
45 86
46 21
46 34
46 39
46 54
46 59
46 71
47 5
47 8
47 24
47 36
47 69
47 85
48 56
48 83
48 87
48 90
49 22
49 29
49 68
49 70
49 85
50 25
50 40
50 64
50 69
50 83
50 85
51 42
51 62
51 81
51 84
52 2
52 24
52 35
52 75
52 90
53 41
53 84
53 90
54 5
54 14
54 27
54 37
54 38
54 48
54 74
55 7
55 21
55 90
56 12
56 41
56 46
56 57
56 72
56 78
57 37
57 51
57 62
57 68
57 70
57 88
58 19
58 48
58 64
58 75
59 5
59 13
59 33
59 40
59 42
59 69
59 75
60 25
60 77
61 25
62 18
62 27
62 28
62 38
62 43
63 1
63 11
63 36
63 45
63 51
63 54
64 12
64 17
64 56
64 59
64 60
65 18
65 27
65 61
66 34
66 48
67 18
67 55
67 77
67 86
68 10
68 49
68 79
69 27
69 42
69 49
69 78
70 2
70 19
70 33
70 47
70 56
71 3
71 12
71 22
71 32
71 46
71 57
71 65
71 69
71 90
72 6
72 88
73 5
73 7
73 9
73 24
73 51
73 72
73 88
74 14
74 20
74 37
74 39
74 40
74 42
74 48
74 71
74 73
75 29
75 64
75 80
77 21
77 22
77 46
77 50
78 12
78 13
78 54
78 73
79 28
79 40
80 1
80 20
80 23
80 41
81 34
81 35
81 45
81 46
81 72
82 2
82 12
83 1
83 24
83 33
83 37
83 55
83 80
83 82
84 4
84 24
84 68
85 16
85 58
85 86
86 70
87 11
87 76
87 83
88 6
88 10
88 36
88 48
88 58
89 65
89 69
89 88
90 1
90 30
90 45
