90
432
1 8
1 25
1 52
1 62
1 72
1 78
1 88
2 3
2 19
2 31
2 63
2 73
2 77
3 67
4 15
4 26
4 46
4 75
5 17
5 19
5 23
5 59
5 60
5 75
5 78
5 85
6 17
6 18
6 47
6 51
6 76
7 2
7 4
7 21
7 22
7 58
7 83
8 3
8 35
8 40
8 68
8 78
8 81
9 8
9 16
9 45
9 70
9 83
9 88
10 27
10 32
10 59
10 68
11 16
11 17
11 22
11 33
11 43
11 89
12 7
12 23
12 37
12 53
12 58
12 74
13 27
13 66
13 84
14 38
14 40
14 42
14 62
14 64
15 36
15 65
15 80
15 83
16 35
16 68
16 75
16 88
17 3
17 4
17 11
17 51
17 86
18 40
18 47
18 66
18 88
19 6
19 7
19 9
19 28
19 37
19 50
19 79
20 10
21 2
21 6
21 44
21 79
22 1
22 41
22 71
22 72
22 77
22 85
23 27
23 29
23 33
23 48
23 54
24 21
24 56
24 75
25 1
25 9
25 15
25 67
25 77
26 10
26 12
27 13
27 55
28 24
28 34
28 39
28 84
29 1
29 5
29 46
29 48
29 51
29 68
29 73
29 80
30 12
30 31
30 64
30 77
30 80
31 17
31 38
31 43
31 51
31 56
31 58
31 72
31 80
31 87
32 51
32 61
32 71
33 22
33 30
33 39
33 75
34 6
34 14
34 15
34 17
34 85
35 10
35 42
35 56
35 62
36 2
36 8
36 58
36 74
37 13
37 55
37 88
38 27
38 28
38 31
38 45
38 54
38 61
38 82
39 50
39 64
39 90
40 3
40 4
40 6
40 36
40 44
40 84
41 8
41 22
41 25
41 32
41 50
42 43
42 73
43 3
43 65
43 74
43 80
44 4
44 33
44 36
44 56
44 66
44 74
44 77
45 65
45 81
45 82
45 85
46 29
46 57
46 75
47 9
47 17
47 90
48 5
48 24
48 27
48 45
48 62
49 16
49 28
49 38
49 62
49 65
49 75
49 90
50 1
50 37
50 61
50 80
50 84
51 7
51 11
51 41
52 30
52 31
52 42
52 44
52 58
52 62
53 4
53 8
53 13
53 17
53 21
53 30
53 40
53 43
53 51
53 71
54 35
54 38
54 39
54 48
54 89
54 90
55 17
55 49
55 52
55 73
55 84
55 88
56 13
56 29
56 33
56 53
57 2
57 4
57 9
58 13
58 50
58 57
58 72
58 86
59 5
59 29
59 52
59 58
59 66
59 68
59 83
60 40
60 58
60 84
61 1
61 12
61 29
61 69
62 11
62 20
62 23
62 31
62 34
62 38
62 42
62 75
62 89
63 67
64 3
64 4
64 18
64 34
64 37
64 45
64 57
64 67
64 74
65 9
65 53
65 59
65 76
65 88
66 1
66 5
66 10
66 14
66 45
66 65
66 75
66 86
66 88
67 76
68 11
68 80
69 13
69 47
69 58
69 71
69 79
70 6
70 23
70 34
70 81
71 30
71 33
71 68
71 80
72 5
72 30
72 35
72 37
72 38
72 48
72 62
72 71
73 13
73 18
73 34
73 46
74 24
74 27
75 28
75 68
76 8
76 46
76 49
76 60
77 53
77 67
77 72
77 80
78 14
78 54
78 62
78 90
79 14
79 33
79 73
80 48
80 49
80 54
80 85
80 89
80 90
81 40
81 41
81 48
81 70
81 73
81 77
81 87
81 90
82 3
82 39
83 10
83 23
83 70
83 76
83 89
84 22
84 36
84 55
84 62
84 65
84 81
84 87
84 88
85 36
85 49
85 66
85 77
85 78
85 84
85 86
86 16
86 24
86 40
87 5
87 44
87 55
87 61
87 88
88 42
88 51
88 79
88 85
89 10
89 29
89 38
89 50
89 58
89 60
89 80
89 90
90 6
90 31
90 37
90 38
