90
609
1 11
1 29
1 33
1 71
1 73
1 78
1 86
2 11
2 46
2 53
2 55
2 72
2 78
3 11
3 20
3 34
3 68
3 69
3 72
3 80
4 5
4 19
4 21
4 22
4 51
4 54
4 68
4 86
5 30
5 33
5 39
5 44
5 68
5 69
5 85
6 3
6 12
6 30
6 49
6 54
6 63
7 4
7 12
7 23
7 39
7 44
7 60
7 67
7 69
8 5
8 17
8 30
8 37
8 83
9 3
9 8
9 18
9 19
9 32
9 46
9 71
10 19
10 25
10 53
10 59
10 75
10 84
11 9
11 21
11 24
11 28
11 56
11 60
11 62
12 4
12 5
12 13
12 20
12 22
12 33
12 38
12 39
12 45
12 63
12 69
12 80
12 87
12 90
13 6
13 10
13 15
13 25
13 38
13 39
13 48
13 50
13 75
13 90
14 32
14 52
14 85
14 87
14 88
15 2
15 22
15 37
16 22
16 32
16 36
16 43
16 76
17 2
17 4
17 14
17 27
17 31
17 39
17 41
17 50
17 53
17 65
17 66
17 73
17 79
18 3
18 6
18 17
18 19
18 29
18 88
19 10
19 18
19 21
19 33
19 37
19 42
19 60
19 73
19 77
19 86
19 89
20 31
20 34
20 38
20 48
20 49
20 71
20 76
20 78
20 79
20 88
21 11
21 30
21 56
21 75
21 80
21 87
22 4
22 14
22 37
22 47
22 53
22 70
23 3
23 4
23 6
23 36
23 51
23 83
23 90
24 15
24 44
24 45
24 67
24 89
25 16
25 31
25 39
25 49
25 51
25 53
25 63
25 67
25 84
26 16
26 37
26 49
26 55
26 60
27 8
27 56
27 75
27 85
28 27
28 31
28 47
28 57
28 59
28 67
28 78
28 84
29 9
29 17
29 39
29 40
29 51
29 54
29 86
30 50
30 52
30 63
30 66
30 82
30 88
31 3
31 7
31 14
31 19
31 50
31 67
31 85
31 88
31 90
32 9
32 26
32 43
32 63
32 78
33 6
33 18
33 28
33 45
33 47
33 50
33 55
33 67
33 83
33 90
34 7
34 12
34 13
34 22
34 30
34 38
34 56
34 63
34 64
34 69
34 78
35 1
35 3
35 12
35 18
35 21
35 31
35 57
35 59
35 75
35 81
36 22
36 23
36 52
37 14
37 25
37 28
37 30
37 38
37 77
38 13
38 23
38 30
38 32
38 35
38 62
38 80
38 85
39 18
39 27
39 45
39 77
40 47
40 52
41 25
41 33
41 45
41 50
41 57
41 59
41 62
41 73
41 79
41 81
41 87
42 1
42 16
42 68
42 75
43 9
43 49
43 70
43 72
44 9
44 13
44 32
44 36
44 41
44 46
44 48
44 53
44 74
44 78
44 82
45 1
45 2
45 14
45 24
45 39
45 47
45 64
45 66
45 77
45 81
45 89
46 8
46 37
47 21
47 35
48 3
48 4
48 6
48 30
48 58
48 81
49 35
49 73
49 77
50 19
50 27
50 33
50 44
50 49
50 62
50 66
50 71
50 74
50 77
51 35
51 40
51 66
51 68
51 86
52 7
52 17
52 20
52 31
52 38
52 64
52 66
52 90
53 27
53 37
53 43
53 54
53 55
53 65
53 78
53 80
53 81
53 82
54 8
54 25
54 32
54 38
54 39
54 62
54 83
55 3
55 17
55 52
55 59
56 31
56 55
56 63
56 69
57 1
57 35
57 37
57 41
57 76
57 77
57 86
58 6
58 14
58 15
58 41
58 48
58 55
58 86
59 4
59 17
59 19
59 44
59 46
59 56
59 78
59 90
60 4
60 15
60 18
60 19
60 45
60 58
60 61
60 64
60 70
60 79
61 2
61 15
61 17
61 77
62 1
62 2
62 10
62 20
62 32
62 53
62 63
62 72
62 84
63 7
63 16
63 68
63 86
64 20
64 21
64 40
64 45
64 47
64 53
64 79
65 13
65 19
65 34
66 10
66 23
66 33
66 40
66 57
66 60
66 80
67 16
67 36
67 54
67 85
68 7
68 18
68 38
68 45
68 47
68 61
68 64
69 5
69 21
69 25
69 30
69 37
69 49
69 64
69 76
69 90
70 6
70 22
70 50
70 63
70 67
70 86
71 15
71 27
71 38
71 50
71 59
71 61
71 88
72 15
72 30
72 31
72 44
72 46
72 51
72 77
72 83
72 87
73 5
73 7
73 11
73 16
73 65
73 79
73 81
73 83
73 85
74 26
74 31
74 64
74 75
74 78
75 16
75 17
75 43
75 51
75 55
75 60
75 78
75 79
75 90
76 18
76 20
76 38
76 57
76 59
76 60
77 9
77 27
77 29
77 44
77 60
77 62
77 71
77 78
77 86
78 8
78 22
78 28
78 63
78 73
78 74
78 75
78 89
79 37
79 43
79 53
79 65
79 84
80 18
80 33
80 42
80 69
80 73
80 87
81 15
81 22
81 29
81 37
81 40
81 50
81 90
82 60
82 80
83 4
83 6
83 40
83 54
83 57
83 79
83 89
84 12
84 14
84 43
84 60
84 72
84 75
85 18
85 19
85 20
85 28
85 37
85 38
85 83
85 89
86 55
86 65
86 69
86 74
86 87
87 2
87 7
87 17
87 25
87 41
87 47
87 57
87 85
88 16
88 20
88 27
88 50
88 72
88 78
89 10
89 14
89 29
89 40
89 76
90 17
90 64
90 69
90 74
90 75
90 88
