90
698
1 10
1 12
1 15
1 17
1 21
1 30
1 48
1 65
1 70
1 77
1 80
1 82
1 83
1 87
2 20
2 47
2 62
2 65
2 69
3 2
3 9
3 10
3 16
3 18
3 23
3 40
4 17
4 20
4 22
4 25
4 45
4 47
4 73
4 81
5 75
6 5
6 13
6 46
6 62
6 65
6 82
7 3
7 12
7 34
7 68
8 1
8 7
8 12
8 26
8 27
8 31
8 40
8 52
8 61
8 68
8 75
9 17
9 36
9 62
9 70
9 81
10 7
10 8
10 11
10 24
10 31
10 76
10 84
10 87
11 38
11 46
11 53
11 63
11 68
12 21
12 33
12 40
12 73
13 5
13 16
13 25
13 31
13 40
13 46
13 56
13 62
13 85
13 90
14 8
14 35
14 37
14 52
14 56
14 62
14 70
14 90
15 27
15 71
15 77
15 83
16 1
16 37
16 47
16 60
16 67
16 68
16 69
16 70
16 83
16 87
16 90
17 2
17 5
17 12
17 23
17 39
17 45
18 4
18 23
18 40
18 64
18 65
18 67
18 68
18 85
18 88
19 5
19 8
19 12
19 13
19 18
19 20
19 30
19 51
19 52
19 53
19 65
19 82
20 5
20 6
20 36
20 60
20 66
20 69
21 1
21 2
21 5
21 9
21 11
21 12
21 32
21 40
21 44
21 50
21 70
22 1
22 23
22 28
22 44
22 53
22 56
22 63
22 75
22 85
23 2
23 4
23 32
23 71
24 10
24 25
24 32
24 45
24 61
24 64
24 74
24 86
25 32
25 52
25 68
26 7
26 63
27 8
27 12
27 21
27 24
27 34
27 36
27 47
27 67
27 74
27 81
27 87
28 15
28 27
28 52
28 58
28 81
28 87
29 7
29 19
29 20
29 34
29 56
29 88
30 8
30 39
30 40
30 41
30 50
30 52
30 61
30 70
31 7
31 8
31 14
31 17
31 40
32 12
32 20
32 26
32 28
32 31
32 48
32 57
32 59
32 64
32 69
33 7
33 9
33 11
33 28
33 31
33 40
33 44
33 70
33 80
33 86
33 87
34 13
34 15
34 30
34 33
34 38
34 61
34 65
35 9
35 18
35 46
35 89
36 17
36 19
36 23
36 31
36 33
36 40
36 51
36 54
36 63
37 2
37 11
37 16
37 31
37 43
37 45
37 48
37 61
37 65
37 70
37 84
38 1
38 3
38 6
38 14
38 17
38 25
38 48
38 51
38 61
38 65
38 68
38 74
38 83
38 84
38 86
39 13
39 34
39 35
39 51
39 81
39 86
40 6
40 8
40 13
40 15
40 18
40 23
40 50
40 52
40 58
40 60
40 65
40 72
40 75
40 79
40 83
40 85
41 12
41 23
41 34
41 45
41 56
41 58
41 62
42 14
42 16
42 37
42 39
42 60
42 62
42 87
43 9
43 11
43 18
43 23
43 32
43 59
43 60
43 62
43 84
43 88
44 17
44 19
44 33
44 41
44 70
44 76
44 79
45 20
45 24
45 33
45 36
45 54
45 56
45 58
45 67
46 7
46 15
46 44
46 61
46 67
46 81
47 3
47 4
47 31
47 34
47 39
47 41
47 44
47 45
47 59
47 77
48 10
48 15
48 18
48 38
48 73
48 81
48 90
49 14
49 54
49 58
49 62
49 64
49 79
49 89
49 90
50 3
50 13
50 20
50 39
50 47
50 51
50 57
51 5
51 11
51 34
51 40
51 61
51 76
51 88
52 10
52 16
52 19
52 41
52 42
52 44
52 48
52 79
52 87
53 2
53 27
53 29
53 72
53 76
53 88
54 4
54 13
54 15
54 16
54 25
54 33
54 35
54 44
54 60
54 79
54 83
55 27
55 32
55 43
55 49
55 52
55 54
55 57
55 66
56 12
56 38
56 46
56 52
56 57
56 67
56 75
56 76
56 79
57 4
57 14
57 58
57 80
58 28
58 35
58 37
58 41
58 43
58 45
58 55
58 64
58 72
59 10
59 19
59 21
59 28
59 36
59 43
59 53
59 58
59 70
59 83
60 18
60 21
60 30
60 31
60 52
60 74
60 81
60 82
60 85
61 31
61 41
61 57
61 66
61 86
61 89
62 16
62 23
62 34
62 40
62 46
62 57
62 65
62 69
62 76
62 81
63 1
63 5
63 9
63 18
63 24
63 29
63 35
63 42
63 59
63 77
63 83
64 21
64 22
64 26
64 48
64 50
64 52
64 56
64 58
64 82
64 84
65 48
65 54
65 60
65 79
66 20
66 24
66 40
66 45
66 64
66 74
66 84
67 16
67 17
67 20
67 54
67 62
67 75
67 88
68 7
68 11
68 20
68 26
68 35
68 43
68 57
68 59
68 62
68 72
68 78
68 84
69 9
69 10
69 19
69 23
69 26
69 47
69 48
69 54
69 60
69 64
69 65
69 67
70 5
70 12
70 17
70 23
70 27
70 48
70 52
70 53
70 66
70 77
71 15
71 24
71 26
71 28
71 36
71 45
71 48
71 63
71 80
72 3
72 18
72 37
72 44
72 73
73 29
73 31
73 35
73 43
73 50
73 55
73 62
73 71
73 79
74 6
74 24
74 35
74 37
74 50
74 66
74 78
74 83
74 85
75 6
75 7
75 12
75 25
75 31
75 35
75 57
75 71
75 80
75 81
76 17
76 29
76 55
76 61
76 64
76 75
76 78
76 85
76 87
77 19
77 23
77 26
77 29
77 71
77 76
77 82
77 87
77 89
78 11
78 24
78 25
78 27
78 28
78 30
78 46
78 71
78 74
78 83
78 87
79 18
79 31
79 34
79 36
79 49
79 60
81 9
81 31
81 35
81 43
81 62
81 68
81 75
82 10
82 13
82 17
82 47
82 61
82 73
83 5
83 35
83 38
83 71
83 73
83 77
83 84
83 90
84 13
84 14
84 21
84 38
84 48
84 49
84 57
84 72
84 73
84 75
84 76
85 66
85 68
85 73
85 76
86 6
86 11
86 36
86 43
86 54
86 78
86 84
86 88
87 11
87 17
87 24
87 31
87 49
87 54
87 58
87 77
87 78
88 31
88 39
88 85
89 12
89 30
89 35
89 56
90 26
90 37
90 44
90 48
90 65
90 68
90 69
