120
3568
4 2
5 1
5 2
5 4
6 3
7 2
7 3
7 4
7 5
8 1
8 3
8 4
8 6
9 1
9 2
9 3
9 7
10 3
10 6
10 7
10 8
11 1
11 2
11 3
11 9
11 10
13 1
13 3
13 4
13 8
13 9
13 10
13 12
14 3
14 5
14 7
14 11
14 13
15 3
15 5
15 8
15 9
15 11
15 12
15 13
16 1
16 2
16 3
16 4
16 6
16 7
16 10
16 11
16 12
16 14
17 2
17 5
17 6
17 8
17 10
17 12
17 14
18 1
18 3
18 4
18 6
18 8
18 11
18 13
18 17
19 1
19 2
19 3
19 4
19 7
19 8
19 10
19 14
19 16
20 1
20 2
20 3
20 4
20 5
20 6
20 7
20 9
20 10
20 11
20 15
20 16
20 17
20 19
21 1
21 3
21 7
21 8
21 9
21 13
21 18
21 19
22 1
22 3
22 4
22 7
22 9
22 11
22 12
22 13
22 16
22 17
22 19
22 20
22 21
23 3
23 4
23 5
23 6
23 7
23 8
23 10
23 11
23 14
23 16
23 20
23 22
24 1
24 2
24 7
24 9
24 10
24 15
24 17
24 19
24 21
24 22
25 1
25 2
25 3
25 6
25 7
25 8
25 10
25 11
25 12
25 14
25 16
25 17
25 20
25 23
25 24
26 2
26 4
26 6
26 9
26 12
26 16
26 17
26 20
26 22
26 23
26 24
26 25
27 1
27 4
27 5
27 9
27 10
27 16
27 19
27 20
27 23
27 25
27 26
28 1
28 2
28 3
28 5
28 6
28 8
28 9
28 12
28 15
28 18
28 26
29 2
29 3
29 4
29 5
29 6
29 7
29 8
29 9
29 10
29 12
29 13
29 14
29 16
29 17
29 21
29 23
29 24
29 25
29 27
29 28
30 4
30 5
30 6
30 9
30 16
30 17
30 18
30 19
30 20
30 25
30 29
31 1
31 3
31 5
31 6
31 10
31 11
31 15
31 16
31 18
31 22
31 25
31 26
31 30
32 3
32 4
32 6
32 7
32 11
32 16
32 18
32 20
32 21
32 29
32 30
33 2
33 3
33 4
33 5
33 7
33 8
33 12
33 15
33 19
33 20
33 22
33 24
33 27
33 28
34 4
34 6
34 9
34 11
34 12
34 16
34 19
34 21
34 22
34 23
34 27
34 30
34 32
34 33
35 2
35 3
35 4
35 5
35 8
35 9
35 11
35 12
35 13
35 16
35 18
35 21
35 22
35 23
35 24
35 27
35 28
35 30
35 31
35 33
36 3
36 4
36 5
36 7
36 10
36 15
36 17
36 20
36 22
36 25
36 26
36 27
36 28
36 31
36 34
37 1
37 4
37 6
37 8
37 10
37 11
37 14
37 20
37 23
37 25
37 26
37 27
37 29
37 30
37 34
37 35
37 36
38 1
38 3
38 4
38 5
38 7
38 8
38 12
38 14
38 17
38 18
38 19
38 21
38 23
38 25
38 26
38 28
38 30
38 32
38 36
38 37
39 3
39 7
39 11
39 14
39 15
39 17
39 20
39 21
39 22
39 23
39 24
39 29
39 30
39 31
39 32
39 34
39 35
39 37
40 1
40 3
40 6
40 8
40 9
40 10
40 12
40 13
40 15
40 20
40 21
40 23
40 24
40 25
40 27
40 28
40 30
40 31
40 34
40 36
40 37
41 2
41 3
41 5
41 6
41 8
41 9
41 10
41 11
41 12
41 15
41 16
41 17
41 18
41 19
41 20
41 21
41 22
41 24
41 29
41 31
41 32
41 33
41 34
41 35
41 36
41 37
42 1
42 4
42 5
42 7
42 8
42 10
42 12
42 13
42 16
42 19
42 20
42 21
42 25
42 26
42 30
42 31
42 32
42 33
42 35
42 38
42 39
42 40
43 1
43 3
43 8
43 9
43 12
43 14
43 18
43 22
43 23
43 25
43 26
43 27
43 28
43 29
43 30
43 33
43 34
43 35
43 40
43 41
44 1
44 8
44 11
44 14
44 16
44 17
44 18
44 20
44 21
44 25
44 29
44 31
44 32
44 39
45 3
45 4
45 11
45 12
45 17
45 18
45 19
45 20
45 22
45 25
45 28
45 30
45 31
45 32
45 34
45 35
45 36
45 38
45 41
45 42
45 43
45 44
46 1
46 4
46 5
46 22
46 23
46 26
46 27
46 28
46 34
46 36
46 37
46 38
46 39
46 41
46 42
46 43
46 44
47 1
47 3
47 5
47 7
47 10
47 11
47 12
47 13
47 14
47 15
47 17
47 21
47 22
47 25
47 26
47 28
47 30
47 32
47 34
47 38
47 39
47 41
47 42
48 1
48 2
48 3
48 4
48 6
48 7
48 8
48 9
48 11
48 13
48 16
48 17
48 20
48 21
48 22
48 23
48 24
48 28
48 29
48 34
48 35
48 36
48 39
48 40
48 41
48 42
49 1
49 2
49 5
49 7
49 10
49 15
49 19
49 20
49 21
49 22
49 23
49 24
49 25
49 26
49 30
49 36
49 37
49 39
49 41
49 44
49 45
49 48
50 3
50 5
50 6
50 10
50 12
50 13
50 14
50 15
50 16
50 19
50 20
50 21
50 23
50 24
50 26
50 28
50 29
50 32
50 33
50 35
50 36
50 40
50 41
50 42
50 43
50 44
50 45
50 46
50 47
50 48
50 49
51 1
51 2
51 4
51 7
51 10
51 11
51 13
51 15
51 16
51 18
51 19
51 21
51 23
51 24
51 25
51 29
51 30
51 32
51 37
51 38
51 40
51 41
51 44
51 45
51 46
51 47
52 4
52 11
52 13
52 14
52 15
52 24
52 26
52 28
52 29
52 31
52 32
52 33
52 39
52 43
52 44
52 45
52 46
52 47
52 50
52 51
53 1
53 5
53 6
53 7
53 9
53 12
53 14
53 15
53 16
53 18
53 20
53 21
53 22
53 26
53 28
53 29
53 30
53 32
53 36
53 37
53 41
54 1
54 3
54 4
54 5
54 6
54 8
54 10
54 12
54 14
54 18
54 20
54 21
54 24
54 25
54 26
54 29
54 30
54 31
54 32
54 36
54 38
54 39
54 44
54 45
54 46
54 47
54 49
54 53
55 1
55 2
55 3
55 6
55 11
55 16
55 18
55 20
55 21
55 22
55 23
55 24
55 27
55 31
55 33
55 34
55 38
55 42
55 46
55 47
55 48
55 49
55 51
55 53
55 54
56 1
56 2
56 6
56 7
56 8
56 9
56 10
56 12
56 16
56 17
56 19
56 20
56 21
56 22
56 25
56 26
56 27
56 28
56 35
56 37
56 38
56 41
56 45
56 50
56 51
56 53
56 55
57 1
57 2
57 4
57 6
57 7
57 9
57 11
57 13
57 14
57 15
57 22
57 24
57 29
57 33
57 34
57 35
57 37
57 38
57 39
57 40
57 43
57 45
57 46
57 48
57 49
58 1
58 2
58 5
58 6
58 7
58 8
58 9
58 11
58 12
58 13
58 14
58 17
58 18
58 19
58 21
58 25
58 26
58 30
58 31
58 33
58 34
58 35
58 36
58 37
58 39
58 41
58 44
58 45
58 46
58 48
58 50
58 51
58 52
58 53
58 54
58 56
58 57
59 4
59 9
59 10
59 12
59 13
59 14
59 15
59 16
59 17
59 18
59 19
59 24
59 29
59 30
59 32
59 33
59 37
59 38
59 39
59 40
59 41
59 43
59 46
59 48
59 49
59 50
59 51
59 52
59 56
59 57
60 1
60 4
60 5
60 6
60 8
60 12
60 13
60 14
60 15
60 16
60 17
60 18
60 20
60 22
60 23
60 25
60 26
60 27
60 28
60 29
60 31
60 32
60 34
60 36
60 37
60 41
60 43
60 45
60 46
60 50
60 51
60 52
60 54
60 56
60 58
60 59
61 4
61 5
61 8
61 9
61 15
61 20
61 24
61 25
61 27
61 28
61 30
61 33
61 35
61 36
61 38
61 39
61 40
61 42
61 45
61 47
61 48
61 49
61 50
61 51
61 54
61 55
61 57
61 60
62 5
62 7
62 10
62 11
62 12
62 13
62 15
62 17
62 18
62 20
62 23
62 24
62 26
62 30
62 33
62 44
62 46
62 48
62 49
62 50
62 51
62 55
62 56
62 60
62 61
63 1
63 4
63 5
63 6
63 7
63 9
63 11
63 13
63 17
63 18
63 19
63 20
63 21
63 22
63 23
63 24
63 25
63 26
63 27
63 28
63 30
63 33
63 34
63 35
63 36
63 39
63 40
63 41
63 42
63 43
63 45
63 46
63 47
63 50
63 55
63 57
63 59
63 60
63 62
64 1
64 5
64 7
64 11
64 14
64 15
64 18
64 19
64 20
64 21
64 23
64 27
64 28
64 29
64 33
64 34
64 35
64 36
64 37
64 38
64 39
64 40
64 41
64 42
64 43
64 44
64 47
64 51
64 53
64 59
65 1
65 6
65 8
65 11
65 12
65 13
65 14
65 16
65 17
65 19
65 21
65 22
65 23
65 24
65 25
65 27
65 28
65 29
65 31
65 32
65 33
65 35
65 36
65 37
65 39
65 44
65 45
65 46
65 48
65 49
65 50
65 51
65 52
65 53
65 54
65 56
65 61
65 63
66 1
66 3
66 6
66 7
66 10
66 12
66 13
66 14
66 17
66 18
66 19
66 21
66 24
66 25
66 27
66 28
66 30
66 32
66 33
66 34
66 35
66 38
66 40
66 41
66 44
66 47
66 49
66 50
66 52
66 54
66 56
66 57
66 60
66 62
66 63
66 64
66 65
67 3
67 4
67 5
67 7
67 9
67 11
67 12
67 13
67 14
67 16
67 18
67 20
67 24
67 25
67 26
67 31
67 32
67 33
67 34
67 36
67 37
67 38
67 40
67 42
67 44
67 46
67 47
67 49
67 53
67 54
67 55
67 56
67 57
67 60
67 64
67 65
67 66
68 1
68 2
68 3
68 5
68 6
68 7
68 11
68 12
68 14
68 16
68 17
68 18
68 19
68 22
68 23
68 25
68 26
68 28
68 29
68 30
68 34
68 38
68 43
68 44
68 46
68 49
68 52
68 53
68 56
68 60
68 63
68 64
68 67
69 5
69 6
69 7
69 8
69 9
69 13
69 15
69 16
69 19
69 20
69 21
69 23
69 24
69 25
69 26
69 28
69 29
69 30
69 31
69 35
69 36
69 39
69 40
69 41
69 43
69 46
69 47
69 48
69 50
69 51
69 53
69 55
69 56
69 58
69 67
69 68
70 2
70 4
70 5
70 7
70 8
70 9
70 10
70 11
70 12
70 13
70 14
70 15
70 16
70 17
70 18
70 19
70 20
70 21
70 25
70 26
70 28
70 29
70 34
70 37
70 38
70 39
70 40
70 41
70 44
70 45
70 48
70 56
70 57
70 58
70 63
70 64
70 66
71 1
71 2
71 5
71 7
71 9
71 10
71 14
71 16
71 17
71 18
71 20
71 22
71 23
71 25
71 28
71 33
71 34
71 35
71 36
71 41
71 42
71 43
71 44
71 45
71 46
71 48
71 50
71 51
71 54
71 56
71 58
71 60
71 63
71 64
71 68
71 70
72 1
72 3
72 4
72 5
72 7
72 11
72 12
72 13
72 15
72 17
72 18
72 19
72 26
72 29
72 30
72 31
72 32
72 38
72 39
72 41
72 43
72 44
72 45
72 47
72 49
72 52
72 53
72 54
72 55
72 56
72 60
72 62
72 63
72 64
72 65
72 69
72 71
73 1
73 3
73 5
73 8
73 10
73 12
73 14
73 16
73 17
73 19
73 20
73 23
73 24
73 25
73 29
73 31
73 33
73 34
73 41
73 42
73 44
73 49
73 50
73 51
73 53
73 54
73 55
73 58
73 61
73 63
73 66
73 67
73 68
73 69
73 71
74 1
74 2
74 4
74 5
74 6
74 10
74 11
74 12
74 13
74 15
74 16
74 17
74 21
74 23
74 24
74 29
74 30
74 32
74 34
74 35
74 37
74 38
74 40
74 41
74 42
74 44
74 45
74 47
74 51
74 52
74 54
74 55
74 56
74 61
74 62
74 64
74 65
74 66
74 67
74 68
74 71
74 72
74 73
75 2
75 3
75 4
75 5
75 6
75 7
75 10
75 12
75 16
75 17
75 19
75 21
75 22
75 23
75 24
75 26
75 27
75 30
75 33
75 39
75 40
75 41
75 46
75 49
75 52
75 53
75 54
75 56
75 61
75 62
75 65
75 67
75 70
75 74
76 1
76 3
76 4
76 6
76 8
76 9
76 11
76 13
76 14
76 22
76 23
76 24
76 25
76 27
76 29
76 30
76 33
76 36
76 37
76 38
76 41
76 42
76 43
76 45
76 46
76 49
76 52
76 57
76 58
76 62
76 63
76 65
76 67
76 69
76 70
76 71
77 1
77 2
77 4
77 5
77 6
77 7
77 9
77 10
77 11
77 17
77 18
77 19
77 20
77 23
77 27
77 29
77 32
77 34
77 40
77 42
77 44
77 45
77 47
77 50
77 52
77 53
77 54
77 58
77 59
77 61
77 64
77 65
77 68
77 69
77 70
77 74
77 76
78 9
78 10
78 16
78 19
78 20
78 22
78 24
78 27
78 29
78 31
78 34
78 37
78 39
78 41
78 44
78 45
78 46
78 47
78 49
78 50
78 52
78 54
78 56
78 57
78 58
78 59
78 60
78 61
78 63
78 66
78 69
78 71
78 74
78 75
78 76
79 1
79 2
79 4
79 8
79 11
79 14
79 17
79 18
79 21
79 23
79 25
79 27
79 29
79 33
79 35
79 36
79 37
79 39
79 41
79 44
79 48
79 49
79 50
79 51
79 52
79 56
79 57
79 58
79 61
79 64
79 70
79 71
79 72
79 78
80 3
80 5
80 7
80 8
80 9
80 11
80 12
80 14
80 16
80 20
80 22
80 24
80 25
80 28
80 29
80 30
80 31
80 32
80 33
80 34
80 35
80 37
80 48
80 49
80 51
80 53
80 57
80 59
80 60
80 61
80 65
80 66
80 69
80 70
80 71
80 72
80 73
80 78
81 5
81 6
81 10
81 12
81 16
81 17
81 18
81 19
81 20
81 21
81 25
81 27
81 28
81 29
81 30
81 32
81 34
81 35
81 36
81 37
81 38
81 39
81 40
81 41
81 46
81 50
81 52
81 55
81 56
81 57
81 59
81 61
81 62
81 63
81 64
81 65
81 66
81 68
81 69
81 72
81 77
81 79
81 80
82 2
82 11
82 12
82 14
82 16
82 17
82 24
82 26
82 30
82 32
82 33
82 34
82 39
82 41
82 44
82 46
82 47
82 49
82 50
82 53
82 54
82 55
82 56
82 62
82 64
82 65
82 66
82 67
82 70
82 72
82 75
82 77
82 78
82 79
83 3
83 5
83 6
83 7
83 8
83 10
83 11
83 12
83 13
83 15
83 16
83 17
83 19
83 20
83 22
83 24
83 25
83 27
83 32
83 34
83 35
83 37
83 39
83 41
83 42
83 44
83 47
83 48
83 50
83 51
83 53
83 54
83 55
83 56
83 57
83 58
83 59
83 60
83 62
83 65
83 70
83 75
83 79
84 2
84 3
84 5
84 6
84 7
84 8
84 9
84 11
84 14
84 15
84 16
84 17
84 18
84 19
84 20
84 24
84 25
84 29
84 31
84 32
84 35
84 39
84 40
84 41
84 43
84 44
84 48
84 49
84 50
84 52
84 53
84 55
84 57
84 58
84 62
84 63
84 64
84 67
84 68
84 69
84 72
84 73
84 75
84 76
84 78
84 82
84 83
85 1
85 2
85 3
85 4
85 5
85 6
85 7
85 9
85 12
85 13
85 14
85 15
85 16
85 18
85 21
85 22
85 23
85 24
85 28
85 29
85 31
85 34
85 35
85 37
85 42
85 43
85 44
85 46
85 48
85 49
85 51
85 52
85 56
85 57
85 58
85 61
85 66
85 68
85 73
85 75
85 77
85 78
85 79
85 81
85 82
85 83
85 84
86 1
86 3
86 5
86 8
86 9
86 17
86 21
86 23
86 26
86 31
86 35
86 36
86 37
86 38
86 40
86 41
86 42
86 45
86 49
86 50
86 56
86 59
86 61
86 62
86 63
86 67
86 69
86 70
86 71
86 72
86 73
86 75
86 76
87 1
87 2
87 3
87 4
87 6
87 10
87 11
87 12
87 16
87 17
87 20
87 21
87 22
87 24
87 25
87 26
87 30
87 33
87 34
87 36
87 37
87 38
87 42
87 43
87 48
87 49
87 50
87 51
87 53
87 56
87 58
87 60
87 61
87 62
87 65
87 66
87 67
87 72
87 73
87 74
87 75
87 79
87 80
87 81
87 83
87 84
88 1
88 2
88 3
88 4
88 7
88 9
88 10
88 12
88 16
88 17
88 22
88 24
88 27
88 28
88 29
88 31
88 32
88 36
88 37
88 39
88 40
88 41
88 42
88 43
88 44
88 46
88 50
88 51
88 52
88 58
88 60
88 61
88 62
88 66
88 68
88 69
88 70
88 74
88 75
88 78
88 80
88 83
88 84
88 85
89 1
89 2
89 3
89 4
89 6
89 7
89 10
89 12
89 13
89 14
89 18
89 21
89 22
89 24
89 29
89 30
89 32
89 34
89 35
89 39
89 40
89 43
89 45
89 46
89 47
89 48
89 51
89 52
89 53
89 54
89 55
89 56
89 57
89 62
89 63
89 64
89 66
89 67
89 68
89 71
89 77
89 78
89 79
89 85
89 86
90 2
90 3
90 5
90 6
90 7
90 11
90 12
90 13
90 15
90 16
90 19
90 20
90 22
90 24
90 27
90 29
90 32
90 34
90 35
90 37
90 41
90 44
90 45
90 48
90 51
90 52
90 53
90 55
90 58
90 59
90 60
90 62
90 63
90 65
90 67
90 68
90 69
90 73
90 74
90 78
90 79
90 80
90 81
90 84
90 85
90 86
90 87
90 88
91 2
91 4
91 7
91 10
91 12
91 13
91 15
91 16
91 20
91 21
91 24
91 25
91 27
91 28
91 29
91 30
91 32
91 34
91 37
91 38
91 41
91 43
91 45
91 47
91 48
91 51
91 53
91 54
91 58
91 59
91 62
91 65
91 67
91 69
91 73
91 74
91 78
91 80
91 82
91 83
91 85
91 88
91 89
91 90
92 1
92 2
92 3
92 7
92 9
92 11
92 13
92 14
92 15
92 16
92 23
92 24
92 26
92 27
92 29
92 30
92 34
92 35
92 36
92 41
92 42
92 43
92 45
92 48
92 50
92 51
92 54
92 55
92 57
92 58
92 59
92 62
92 63
92 65
92 68
92 69
92 70
92 71
92 72
92 73
92 76
92 77
92 78
92 79
92 80
92 83
92 85
92 86
92 87
92 89
93 1
93 3
93 6
93 8
93 9
93 15
93 18
93 20
93 23
93 31
93 33
93 36
93 37
93 38
93 40
93 41
93 42
93 43
93 44
93 45
93 46
93 47
93 48
93 52
93 54
93 55
93 57
93 59
93 62
93 63
93 64
93 66
93 69
93 73
93 74
93 75
93 77
93 78
93 79
93 82
93 84
93 85
93 86
93 88
93 90
93 91
94 2
94 7
94 8
94 9
94 11
94 12
94 14
94 15
94 17
94 20
94 21
94 22
94 23
94 24
94 26
94 27
94 30
94 31
94 34
94 35
94 38
94 41
94 43
94 44
94 47
94 49
94 50
94 52
94 56
94 57
94 59
94 61
94 64
94 65
94 68
94 70
94 74
94 76
94 77
94 78
94 80
94 82
94 83
94 84
94 87
94 90
94 93
95 2
95 5
95 9
95 10
95 11
95 13
95 15
95 20
95 21
95 22
95 23
95 25
95 26
95 28
95 29
95 30
95 32
95 33
95 36
95 44
95 45
95 46
95 48
95 56
95 65
95 68
95 74
95 76
95 77
95 78
95 80
95 81
95 82
95 83
95 87
95 90
95 91
95 92
95 94
96 1
96 2
96 6
96 7
96 8
96 10
96 11
96 12
96 13
96 14
96 17
96 20
96 23
96 25
96 26
96 27
96 28
96 29
96 30
96 33
96 35
96 36
96 37
96 38
96 43
96 45
96 46
96 47
96 48
96 49
96 51
96 52
96 55
96 56
96 59
96 60
96 64
96 66
96 69
96 72
96 74
96 77
96 78
96 79
96 81
96 84
96 85
96 86
96 87
96 90
96 92
96 94
97 1
97 5
97 9
97 10
97 12
97 13
97 14
97 15
97 16
97 19
97 20
97 24
97 30
97 31
97 34
97 35
97 37
97 39
97 40
97 41
97 42
97 46
97 49
97 50
97 53
97 57
97 58
97 59
97 60
97 61
97 63
97 64
97 65
97 66
97 69
97 70
97 71
97 72
97 77
97 78
97 81
97 82
97 83
97 86
97 87
97 88
97 89
97 90
97 91
97 96
98 2
98 4
98 5
98 7
98 8
98 10
98 12
98 13
98 18
98 19
98 20
98 21
98 22
98 25
98 26
98 28
98 29
98 32
98 33
98 34
98 35
98 36
98 39
98 40
98 42
98 43
98 45
98 47
98 48
98 49
98 50
98 51
98 58
98 59
98 61
98 63
98 64
98 65
98 68
98 71
98 74
98 76
98 77
98 85
98 86
98 88
98 91
98 92
98 93
98 95
98 97
99 2
99 3
99 5
99 7
99 10
99 11
99 12
99 13
99 15
99 16
99 19
99 20
99 23
99 24
99 29
99 30
99 32
99 35
99 38
99 41
99 43
99 46
99 49
99 54
99 56
99 59
99 61
99 62
99 63
99 64
99 65
99 72
99 74
99 75
99 76
99 77
99 79
99 86
99 88
99 89
99 91
99 94
99 95
99 96
99 97
100 1
100 5
100 6
100 7
100 10
100 13
100 19
100 20
100 21
100 27
100 28
100 30
100 32
100 34
100 37
100 39
100 43
100 45
100 46
100 47
100 48
100 49
100 50
100 54
100 55
100 56
100 58
100 61
100 63
100 64
100 65
100 69
100 70
100 71
100 76
100 77
100 79
100 80
100 84
100 85
100 86
100 87
100 90
100 92
100 93
100 96
101 1
101 2
101 3
101 4
101 7
101 9
101 11
101 12
101 20
101 22
101 23
101 24
101 29
101 34
101 35
101 38
101 39
101 40
101 41
101 44
101 47
101 50
101 52
101 54
101 55
101 56
101 57
101 63
101 67
101 69
101 70
101 71
101 72
101 74
101 79
101 81
101 83
101 85
101 86
101 87
101 91
101 92
101 94
101 97
101 100
102 1
102 4
102 5
102 6
102 7
102 9
102 10
102 12
102 15
102 17
102 24
102 33
102 36
102 41
102 43
102 45
102 50
102 53
102 57
102 60
102 63
102 64
102 66
102 68
102 69
102 70
102 74
102 75
102 76
102 79
102 82
102 87
102 88
102 90
102 91
102 94
102 96
102 99
102 101
103 2
103 3
103 4
103 7
103 9
103 11
103 14
103 16
103 18
103 20
103 21
103 22
103 24
103 26
103 27
103 28
103 30
103 33
103 39
103 40
103 42
103 43
103 44
103 45
103 46
103 47
103 52
103 54
103 55
103 56
103 61
103 62
103 65
103 66
103 68
103 70
103 72
103 74
103 75
103 77
103 81
103 83
103 84
103 85
103 89
103 91
103 94
103 96
103 98
103 99
103 102
104 1
104 5
104 8
104 10
104 13
104 24
104 25
104 26
104 27
104 31
104 32
104 33
104 34
104 36
104 38
104 39
104 41
104 43
104 45
104 46
104 50
104 52
104 55
104 58
104 59
104 63
104 64
104 65
104 66
104 67
104 71
104 72
104 74
104 76
104 77
104 78
104 81
104 83
104 85
104 92
104 93
104 95
104 96
104 99
104 100
104 101
104 103
105 2
105 3
105 6
105 7
105 8
105 9
105 13
105 15
105 18
105 19
105 22
105 24
105 25
105 26
105 29
105 30
105 32
105 33
105 35
105 36
105 38
105 39
105 40
105 47
105 49
105 51
105 57
105 60
105 70
105 76
105 81
105 83
105 85
105 86
105 88
105 91
105 92
105 94
105 95
105 97
105 98
105 99
105 102
106 2
106 3
106 5
106 10
106 14
106 15
106 17
106 18
106 20
106 21
106 22
106 25
106 26
106 30
106 33
106 36
106 37
106 41
106 44
106 45
106 46
106 48
106 50
106 52
106 53
106 56
106 57
106 58
106 59
106 60
106 61
106 62
106 63
106 67
106 69
106 70
106 74
106 80
106 85
106 87
106 88
106 89
106 91
106 93
106 94
106 95
106 97
106 101
106 104
107 1
107 3
107 4
107 7
107 9
107 11
107 12
107 13
107 15
107 19
107 20
107 22
107 24
107 25
107 27
107 30
107 31
107 32
107 34
107 42
107 43
107 47
107 53
107 57
107 61
107 62
107 64
107 66
107 70
107 71
107 72
107 73
107 75
107 77
107 79
107 81
107 83
107 84
107 86
107 87
107 89
107 90
107 93
107 94
107 97
107 98
107 99
107 101
107 104
108 1
108 4
108 5
108 6
108 10
108 14
108 15
108 17
108 18
108 19
108 21
108 23
108 26
108 35
108 38
108 39
108 41
108 45
108 49
108 50
108 51
108 52
108 53
108 54
108 55
108 56
108 58
108 60
108 62
108 63
108 64
108 66
108 67
108 68
108 69
108 70
108 75
108 78
108 79
108 84
108 85
108 86
108 87
108 88
108 89
108 90
108 92
108 94
108 96
108 97
108 98
108 99
108 100
108 102
108 103
108 106
109 1
109 4
109 6
109 8
109 9
109 10
109 14
109 16
109 18
109 19
109 25
109 26
109 30
109 32
109 34
109 35
109 36
109 37
109 38
109 40
109 45
109 48
109 49
109 50
109 53
109 58
109 62
109 65
109 67
109 74
109 75
109 79
109 81
109 82
109 83
109 84
109 85
109 86
109 87
109 88
109 92
109 94
109 98
109 99
109 100
109 101
109 102
109 103
109 104
109 105
109 106
109 107
109 108
110 1
110 3
110 4
110 9
110 11
110 12
110 14
110 20
110 22
110 27
110 28
110 32
110 33
110 36
110 38
110 39
110 40
110 41
110 42
110 43
110 45
110 48
110 50
110 51
110 52
110 54
110 55
110 56
110 63
110 66
110 67
110 68
110 69
110 70
110 72
110 73
110 76
110 77
110 78
110 79
110 83
110 84
110 85
110 86
110 88
110 92
110 93
110 97
110 98
110 101
110 104
110 107
110 109
111 1
111 2
111 3
111 4
111 5
111 6
111 7
111 9
111 12
111 13
111 14
111 19
111 20
111 21
111 23
111 27
111 28
111 30
111 31
111 33
111 35
111 40
111 41
111 42
111 43
111 45
111 48
111 49
111 52
111 53
111 54
111 58
111 59
111 62
111 63
111 68
111 70
111 71
111 78
111 80
111 81
111 82
111 83
111 85
111 87
111 88
111 91
111 92
111 94
111 95
111 99
111 100
111 103
111 104
111 107
112 1
112 4
112 5
112 8
112 12
112 13
112 15
112 19
112 22
112 27
112 28
112 30
112 32
112 35
112 38
112 39
112 40
112 41
112 43
112 45
112 47
112 48
112 49
112 50
112 51
112 52
112 54
112 55
112 57
112 60
112 61
112 62
112 64
112 66
112 67
112 69
112 70
112 72
112 73
112 76
112 78
112 82
112 84
112 86
112 92
112 94
112 95
112 97
112 98
112 99
112 100
112 102
112 104
112 105
112 106
112 110
113 3
113 4
113 5
113 6
113 9
113 10
113 12
113 15
113 16
113 17
113 19
113 21
113 23
113 25
113 28
113 30
113 32
113 35
113 36
113 38
113 40
113 43
113 45
113 46
113 49
113 50
113 52
113 56
113 57
113 58
113 65
113 67
113 68
113 71
113 72
113 74
113 75
113 76
113 77
113 80
113 81
113 83
113 84
113 85
113 87
113 88
113 89
113 91
113 94
113 95
113 98
113 99
113 100
113 105
113 108
113 110
113 111
113 112
114 5
114 12
114 14
114 16
114 18
114 19
114 20
114 21
114 22
114 23
114 24
114 29
114 30
114 31
114 32
114 34
114 36
114 38
114 39
114 40
114 45
114 48
114 50
114 51
114 53
114 54
114 55
114 56
114 58
114 59
114 60
114 61
114 62
114 64
114 65
114 66
114 68
114 69
114 70
114 71
114 74
114 76
114 80
114 81
114 83
114 84
114 86
114 87
114 88
114 89
114 92
114 93
114 94
114 95
114 98
114 101
114 102
114 104
114 107
114 108
114 109
114 112
115 4
115 5
115 6
115 8
115 13
115 15
115 16
115 18
115 19
115 20
115 21
115 22
115 23
115 24
115 25
115 26
115 28
115 30
115 32
115 33
115 36
115 37
115 38
115 40
115 42
115 43
115 45
115 47
115 50
115 52
115 53
115 55
115 57
115 63
115 64
115 71
115 72
115 76
115 79
115 81
115 84
115 86
115 87
115 88
115 90
115 92
115 93
115 94
115 95
115 97
115 99
115 100
115 101
115 102
115 103
115 105
115 106
115 107
115 112
115 114
116 2
116 3
116 4
116 9
116 10
116 13
116 14
116 15
116 18
116 21
116 22
116 24
116 25
116 26
116 27
116 29
116 30
116 34
116 36
116 38
116 39
116 40
116 42
116 43
116 44
116 46
116 50
116 51
116 55
116 57
116 58
116 60
116 62
116 65
116 66
116 67
116 70
116 71
116 72
116 73
116 76
116 80
116 81
116 82
116 84
116 85
116 87
116 91
116 95
116 96
116 97
116 98
116 99
116 100
116 103
116 104
116 105
116 107
116 109
116 111
116 112
116 113
116 115
117 2
117 3
117 4
117 5
117 9
117 11
117 12
117 13
117 15
117 16
117 17
117 18
117 25
117 26
117 27
117 29
117 32
117 34
117 35
117 36
117 37
117 38
117 39
117 41
117 43
117 44
117 46
117 47
117 51
117 52
117 54
117 55
117 57
117 58
117 61
117 62
117 63
117 66
117 67
117 68
117 72
117 73
117 74
117 75
117 76
117 77
117 80
117 81
117 82
117 84
117 86
117 91
117 95
117 97
117 101
117 104
117 107
117 109
117 111
117 112
117 113
117 114
118 1
118 4
118 5
118 8
118 9
118 11
118 12
118 13
118 14
118 17
118 21
118 23
118 24
118 25
118 26
118 27
118 28
118 31
118 32
118 34
118 35
118 39
118 40
118 41
118 42
118 49
118 51
118 59
118 60
118 62
118 63
118 65
118 66
118 67
118 68
118 73
118 76
118 80
118 81
118 83
118 84
118 86
118 87
118 88
118 89
118 92
118 95
118 97
118 102
118 103
118 104
118 105
118 107
118 111
118 115
118 116
118 117
119 1
119 2
119 3
119 4
119 5
119 6
119 8
119 11
119 12
119 14
119 15
119 17
119 18
119 20
119 24
119 26
119 31
119 33
119 36
119 37
119 38
119 41
119 44
119 47
119 48
119 50
119 51
119 52
119 53
119 55
119 57
119 58
119 60
119 62
119 65
119 67
119 70
119 71
119 72
119 75
119 76
119 77
119 79
119 80
119 81
119 82
119 83
119 86
119 87
119 88
119 89
119 93
119 95
119 96
119 97
119 98
119 99
119 102
119 106
119 107
119 111
119 113
119 116
119 117
119 118
120 1
120 2
120 3
120 6
120 7
120 8
120 9
120 11
120 13
120 14
120 17
120 19
120 21
120 22
120 24
120 25
120 27
120 30
120 31
120 34
120 35
120 40
120 41
120 45
120 46
120 48
120 50
120 53
120 54
120 55
120 58
120 63
120 65
120 69
120 73
120 74
120 75
120 77
120 78
120 81
120 86
120 87
120 88
120 89
120 92
120 93
120 94
120 95
120 97
120 99
120 101
120 103
120 104
120 105
120 107
120 108
120 111
120 112
120 113
120 114
120 115
120 116
120 118
