140
4965
1 6
1 7
1 8
1 9
1 17
1 19
1 34
1 37
1 40
1 41
1 44
1 46
1 48
1 50
1 56
1 59
1 67
1 68
1 69
1 80
1 90
1 91
1 98
1 109
1 110
1 120
1 123
1 131
1 138
2 3
2 9
2 19
2 20
2 21
2 23
2 27
2 30
2 31
2 36
2 37
2 38
2 39
2 41
2 53
2 59
2 62
2 63
2 69
2 74
2 82
2 91
2 98
2 99
2 106
2 109
2 113
2 116
2 119
2 120
2 125
2 128
2 130
2 135
2 137
3 14
3 21
3 22
3 26
3 28
3 31
3 32
3 43
3 46
3 54
3 66
3 67
3 73
3 79
3 91
3 100
3 105
3 110
3 111
3 117
3 126
3 129
3 136
3 137
3 138
3 140
4 2
4 3
4 10
4 12
4 16
4 20
4 21
4 25
4 26
4 29
4 36
4 37
4 40
4 43
4 47
4 48
4 49
4 50
4 51
4 53
4 59
4 64
4 69
4 77
4 78
4 91
4 99
4 101
4 105
4 109
4 112
4 113
4 116
4 119
4 123
4 125
4 131
4 132
4 133
4 137
5 4
5 6
5 7
5 8
5 10
5 13
5 19
5 20
5 25
5 26
5 27
5 30
5 33
5 34
5 40
5 41
5 42
5 44
5 46
5 47
5 48
5 52
5 64
5 65
5 67
5 75
5 76
5 77
5 81
5 86
5 89
5 97
5 99
5 102
5 104
5 110
5 114
5 116
5 118
5 121
5 122
5 129
5 136
5 139
6 9
6 11
6 12
6 16
6 17
6 20
6 25
6 28
6 29
6 30
6 31
6 32
6 38
6 40
6 45
6 46
6 48
6 49
6 50
6 52
6 57
6 59
6 66
6 67
6 74
6 86
6 92
6 96
6 103
6 104
6 121
6 125
6 130
6 134
6 139
6 140
7 2
7 3
7 4
7 9
7 11
7 14
7 20
7 35
7 38
7 39
7 43
7 46
7 47
7 56
7 59
7 66
7 67
7 70
7 75
7 86
7 90
7 91
7 95
7 97
7 98
7 100
7 105
7 106
7 109
7 110
7 114
7 120
7 125
7 135
7 136
7 139
8 1
8 2
8 3
8 6
8 9
8 12
8 15
8 20
8 22
8 24
8 30
8 34
8 37
8 38
8 43
8 46
8 49
8 52
8 53
8 60
8 62
8 64
8 67
8 68
8 69
8 75
8 84
8 85
8 86
8 92
8 94
8 95
8 104
8 107
8 108
8 109
8 111
8 113
8 117
8 118
8 122
8 127
8 132
8 133
8 135
8 136
9 4
9 8
9 10
9 17
9 24
9 32
9 33
9 36
9 37
9 39
9 40
9 41
9 47
9 50
9 61
9 64
9 66
9 69
9 80
9 82
9 84
9 94
9 98
9 102
9 106
9 109
9 110
9 113
9 118
9 124
9 131
9 132
10 4
10 5
10 6
10 8
10 12
10 15
10 16
10 19
10 27
10 32
10 39
10 45
10 47
10 48
10 49
10 53
10 69
10 71
10 75
10 77
10 78
10 82
10 83
10 85
10 90
10 98
10 100
10 114
10 115
10 117
10 122
10 135
11 2
11 5
11 7
11 9
11 15
11 33
11 37
11 40
11 44
11 47
11 48
11 50
11 52
11 53
11 55
11 56
11 59
11 60
11 62
11 64
11 69
11 70
11 71
11 74
11 76
11 82
11 85
11 87
11 88
11 89
11 92
11 98
11 99
11 104
11 107
11 108
11 113
11 118
11 124
11 125
11 127
11 129
11 131
12 5
12 9
12 17
12 29
12 33
12 36
12 37
12 44
12 45
12 50
12 51
12 52
12 53
12 56
12 57
12 65
12 72
12 74
12 75
12 76
12 83
12 87
12 89
12 92
12 95
12 97
12 100
12 101
12 104
12 108
12 115
12 118
12 123
12 125
12 129
12 130
12 132
12 135
12 136
12 140
13 1
13 2
13 5
13 9
13 11
13 12
13 17
13 20
13 22
13 23
13 26
13 29
13 30
13 34
13 35
13 39
13 41
13 44
13 45
13 46
13 47
13 48
13 55
13 61
13 65
13 85
13 87
13 88
13 89
13 92
13 93
13 97
13 98
13 99
13 103
13 107
13 115
13 118
13 124
13 127
13 132
13 135
13 136
13 137
14 10
14 16
14 21
14 28
14 33
14 37
14 39
14 41
14 46
14 47
14 48
14 50
14 53
14 57
14 75
14 85
14 91
14 102
14 109
14 118
14 120
14 121
14 122
14 127
14 131
14 132
14 134
14 136
14 137
15 2
15 6
15 7
15 10
15 21
15 22
15 30
15 35
15 40
15 47
15 48
15 52
15 54
15 55
15 57
15 62
15 63
15 74
15 76
15 77
15 91
15 93
15 94
15 97
15 101
15 102
15 106
15 110
15 112
15 114
15 115
15 118
15 121
15 122
15 126
15 127
15 128
15 134
16 1
16 2
16 4
16 7
16 15
16 22
16 23
16 24
16 25
16 26
16 30
16 33
16 36
16 38
16 41
16 44
16 46
16 49
16 52
16 56
16 57
16 73
16 74
16 77
16 79
16 85
16 94
16 95
16 100
16 104
16 110
16 112
16 123
16 125
16 127
16 133
16 139
17 7
17 9
17 11
17 13
17 20
17 21
17 25
17 30
17 31
17 32
17 34
17 35
17 38
17 47
17 48
17 49
17 50
17 59
17 71
17 73
17 77
17 83
17 86
17 91
17 92
17 96
17 98
17 99
17 107
17 110
17 112
17 121
17 124
17 126
17 127
17 130
17 135
17 138
17 139
17 140
18 5
18 12
18 21
18 28
18 40
18 41
18 44
18 45
18 49
18 51
18 54
18 58
18 60
18 63
18 64
18 65
18 71
18 75
18 79
18 80
18 82
18 84
18 86
18 88
18 90
18 93
18 95
18 104
18 109
18 118
18 122
18 123
18 125
18 126
18 128
18 133
18 134
18 135
18 137
19 6
19 11
19 12
19 14
19 18
19 21
19 27
19 28
19 29
19 35
19 37
19 39
19 43
19 47
19 48
19 50
19 55
19 57
19 59
19 69
19 73
19 80
19 82
19 84
19 85
19 91
19 98
19 102
19 108
19 110
19 115
19 123
19 125
19 128
19 130
20 1
20 2
20 6
20 9
20 13
20 18
20 25
20 33
20 38
20 43
20 45
20 48
20 54
20 57
20 74
20 81
20 85
20 93
20 94
20 98
20 100
20 104
20 106
20 110
20 111
20 117
20 125
20 126
20 128
20 132
20 138
20 140
21 2
21 3
21 7
21 10
21 12
21 14
21 15
21 29
21 35
21 39
21 44
21 48
21 49
21 54
21 59
21 62
21 69
21 71
21 73
21 74
21 79
21 80
21 82
21 84
21 90
21 92
21 96
21 102
21 105
21 106
21 107
21 109
21 117
21 125
21 127
21 128
21 129
21 131
21 132
21 133
21 134
21 135
21 136
22 2
22 6
22 10
22 11
22 12
22 13
22 15
22 19
22 20
22 32
22 33
22 34
22 35
22 37
22 38
22 40
22 41
22 43
22 45
22 46
22 48
22 49
22 55
22 57
22 66
22 72
22 75
22 81
22 85
22 86
22 91
22 92
22 107
22 113
22 114
22 116
22 125
22 126
22 127
22 130
22 140
23 7
23 14
23 16
23 21
23 24
23 26
23 27
23 29
23 30
23 33
23 40
23 51
23 55
23 56
23 63
23 68
23 69
23 80
23 83
23 91
23 102
23 117
23 123
23 125
23 126
23 129
23 134
23 137
23 140
24 9
24 12
24 16
24 17
24 18
24 22
24 23
24 27
24 30
24 37
24 38
24 40
24 45
24 46
24 51
24 53
24 59
24 63
24 71
24 74
24 77
24 81
24 89
24 101
24 102
24 103
24 106
24 107
24 110
24 115
24 119
24 121
24 124
24 126
24 128
24 129
24 132
24 134
25 17
25 21
25 24
25 28
25 36
25 46
25 56
25 63
25 64
25 68
25 75
25 84
25 88
25 90
25 97
25 99
25 106
25 113
25 114
25 116
25 120
25 122
25 126
25 128
25 129
25 131
25 132
26 7
26 9
26 14
26 17
26 18
26 20
26 29
26 34
26 40
26 60
26 63
26 65
26 66
26 69
26 71
26 72
26 77
26 78
26 79
26 87
26 88
26 89
26 90
26 91
26 92
26 96
26 97
26 98
26 99
26 102
26 103
26 106
26 107
26 108
26 111
26 112
26 114
26 116
26 122
26 138
27 6
27 11
27 14
27 21
27 33
27 35
27 36
27 37
27 38
27 50
27 51
27 53
27 64
27 66
27 68
27 72
27 75
27 95
27 98
27 109
27 111
27 114
27 116
27 125
27 127
27 128
27 131
27 134
27 135
27 139
27 140
28 1
28 4
28 7
28 8
28 9
28 10
28 12
28 13
28 19
28 20
28 21
28 24
28 33
28 37
28 39
28 43
28 47
28 55
28 56
28 62
28 66
28 71
28 78
28 79
28 87
28 91
28 98
28 108
28 110
28 112
28 116
28 119
28 120
28 122
28 125
28 126
28 130
28 132
28 139
29 7
29 8
29 10
29 15
29 19
29 23
29 35
29 58
29 64
29 70
29 79
29 81
29 83
29 85
29 86
29 88
29 93
29 97
29 102
29 103
29 105
29 107
29 112
29 113
29 120
29 124
29 126
29 135
29 140
30 1
30 4
30 12
30 21
30 27
30 28
30 29
30 31
30 41
30 45
30 47
30 55
30 57
30 60
30 62
30 72
30 80
30 89
30 90
30 93
30 108
30 121
30 126
30 129
30 132
30 136
30 138
31 2
31 8
31 9
31 10
31 15
31 16
31 20
31 26
31 29
31 32
31 35
31 36
31 40
31 45
31 48
31 49
31 52
31 53
31 57
31 60
31 61
31 62
31 65
31 79
31 86
31 89
31 94
31 96
31 97
31 100
31 103
31 105
31 107
31 110
31 113
31 114
31 117
31 118
31 119
31 124
31 126
31 134
32 9
32 11
32 15
32 21
32 24
32 31
32 33
32 37
32 41
32 47
32 48
32 50
32 52
32 54
32 61
32 64
32 70
32 74
32 87
32 99
32 104
32 106
32 109
32 111
32 122
32 128
32 135
32 138
33 1
33 3
33 11
33 12
33 15
33 16
33 22
33 36
33 37
33 40
33 41
33 51
33 56
33 62
33 64
33 66
33 70
33 75
33 77
33 78
33 79
33 80
33 81
33 82
33 83
33 87
33 94
33 95
33 96
33 115
33 118
33 124
33 127
33 131
33 140
34 2
34 3
34 8
34 10
34 14
34 15
34 16
34 27
34 33
34 37
34 42
34 45
34 46
34 48
34 54
34 64
34 65
34 66
34 69
34 74
34 76
34 78
34 80
34 83
34 85
34 90
34 93
34 94
34 102
34 105
34 111
34 113
34 121
34 125
34 127
34 134
35 1
35 15
35 19
35 20
35 21
35 30
35 33
35 54
35 56
35 66
35 74
35 80
35 82
35 83
35 87
35 92
35 94
35 96
35 98
35 101
35 102
35 107
35 112
35 116
35 122
35 129
35 133
35 137
35 138
35 140
36 4
36 10
36 15
36 17
36 20
36 21
36 38
36 40
36 46
36 47
36 48
36 60
36 61
36 63
36 68
36 69
36 71
36 76
36 80
36 81
36 83
36 88
36 96
36 97
36 99
36 101
36 108
36 122
36 123
36 125
36 126
36 127
36 133
36 134
36 137
36 138
37 3
37 6
37 7
37 38
37 46
37 47
37 64
37 65
37 66
37 67
37 68
37 75
37 76
37 79
37 86
37 105
37 113
37 124
37 125
37 128
37 133
37 136
38 3
38 4
38 6
38 10
38 15
38 16
38 23
38 24
38 27
38 33
38 39
38 40
38 41
38 45
38 46
38 48
38 54
38 55
38 58
38 59
38 60
38 66
38 67
38 71
38 73
38 79
38 94
38 103
38 105
38 106
38 112
38 121
38 124
38 126
38 128
38 130
38 134
39 17
39 18
39 20
39 27
39 28
39 30
39 31
39 33
39 34
39 36
39 40
39 44
39 52
39 57
39 59
39 62
39 65
39 67
39 70
39 72
39 83
39 86
39 93
39 96
39 97
39 102
39 103
39 106
39 108
39 112
39 121
39 128
39 129
39 131
39 139
40 4
40 15
40 16
40 18
40 21
40 28
40 32
40 35
40 39
40 46
40 52
40 55
40 57
40 59
40 60
40 61
40 75
40 81
40 84
40 87
40 92
40 100
40 113
40 115
40 118
40 120
40 121
40 124
40 129
40 131
40 132
40 138
41 4
41 8
41 11
41 15
41 19
41 23
41 24
41 25
41 27
41 29
41 33
41 35
41 36
41 37
41 47
41 48
41 63
41 64
41 80
41 81
41 85
41 86
41 89
41 91
41 93
41 95
41 97
41 99
41 104
41 109
41 112
41 117
41 118
41 119
41 125
41 132
42 6
42 8
42 15
42 18
42 21
42 23
42 24
42 25
42 32
42 43
42 46
42 48
42 53
42 55
42 61
42 65
42 66
42 68
42 71
42 73
42 79
42 81
42 82
42 85
42 92
42 93
42 95
42 101
42 111
42 112
42 113
42 115
42 117
42 121
42 128
42 129
42 135
43 1
43 5
43 9
43 13
43 16
43 23
43 27
43 28
43 32
43 33
43 34
43 36
43 44
43 46
43 47
43 57
43 58
43 63
43 66
43 70
43 71
43 73
43 74
43 76
43 78
43 81
43 85
43 86
43 94
43 96
43 97
43 102
43 106
43 107
43 117
43 124
43 125
43 128
43 130
43 135
43 139
44 3
44 6
44 8
44 14
44 24
44 26
44 27
44 28
44 30
44 31
44 33
44 34
44 37
44 50
44 56
44 61
44 71
44 89
44 94
44 100
44 103
44 108
44 113
44 118
44 119
44 121
44 122
44 133
44 134
44 136
45 3
45 5
45 15
45 16
45 17
45 24
45 28
45 30
45 31
45 32
45 33
45 40
45 42
45 43
45 49
45 50
45 58
45 60
45 61
45 62
45 67
45 68
45 70
45 73
45 78
45 80
45 82
45 86
45 94
45 101
45 106
45 120
45 121
45 125
46 8
46 11
46 15
46 17
46 19
46 26
46 27
46 30
46 35
46 43
46 47
46 51
46 52
46 54
46 59
46 61
46 64
46 70
46 71
46 72
46 76
46 80
46 87
46 89
46 91
46 100
46 101
46 105
46 110
46 114
46 115
46 118
46 120
46 124
46 126
46 127
46 130
46 133
46 139
47 1
47 8
47 10
47 12
47 13
47 15
47 24
47 27
47 28
47 30
47 34
47 38
47 41
47 59
47 60
47 61
47 68
47 83
47 90
47 95
47 96
47 97
47 98
47 99
47 102
47 103
47 105
47 112
47 113
47 116
47 119
47 120
47 122
47 123
47 128
47 136
47 138
48 2
48 3
48 8
48 19
48 20
48 36
48 38
48 39
48 44
48 45
48 47
48 50
48 51
48 58
48 68
48 71
48 76
48 78
48 89
48 91
48 95
48 98
48 99
48 100
48 103
48 105
48 107
48 108
48 114
48 121
48 128
48 129
48 130
48 131
49 9
49 13
49 25
49 28
49 33
49 36
49 42
49 43
49 48
49 50
49 54
49 56
49 58
49 61
49 62
49 64
49 65
49 67
49 69
49 70
49 78
49 79
49 82
49 83
49 91
49 93
49 94
49 95
49 97
49 98
49 100
49 101
49 102
49 107
49 108
49 113
49 114
49 125
49 128
49 129
49 134
49 139
50 5
50 10
50 15
50 16
50 22
50 41
50 49
50 52
50 53
50 59
50 73
50 74
50 75
50 82
50 87
50 97
50 102
50 108
50 109
50 111
50 112
50 120
50 123
50 133
50 135
50 139
51 1
51 3
51 14
51 20
51 21
51 35
51 37
51 41
51 42
51 52
51 53
51 54
51 59
51 64
51 71
51 72
51 73
51 74
51 75
51 76
51 79
51 84
51 87
51 90
51 92
51 94
51 97
51 108
51 111
51 112
51 113
51 114
51 116
51 119
51 124
51 129
51 131
51 133
52 1
52 3
52 5
52 14
52 15
52 25
52 32
52 33
52 40
52 43
52 46
52 47
52 50
52 59
52 65
52 68
52 78
52 80
52 86
52 93
52 95
52 100
52 101
52 104
52 106
52 108
52 113
52 119
52 125
52 131
52 133
52 134
52 135
52 139
53 2
53 6
53 8
53 11
53 15
53 18
53 21
53 24
53 25
53 26
53 28
53 29
53 30
53 33
53 36
53 37
53 38
53 39
53 41
53 50
53 55
53 56
53 61
53 64
53 65
53 68
53 71
53 74
53 75
53 77
53 86
53 90
53 92
53 94
53 96
53 98
53 100
53 105
53 108
53 115
53 118
53 120
53 121
53 124
53 135
54 7
54 11
54 12
54 15
54 21
54 22
54 24
54 26
54 34
54 35
54 39
54 42
54 43
54 47
54 49
54 55
54 58
54 59
54 62
54 66
54 74
54 79
54 80
54 87
54 100
54 101
54 103
54 104
54 107
54 118
54 122
54 126
54 127
54 129
54 130
54 131
54 134
54 139
54 140
55 1
55 6
55 11
55 16
55 17
55 26
55 27
55 32
55 36
55 37
55 41
55 49
55 53
55 58
55 59
55 65
55 73
55 74
55 79
55 82
55 91
55 96
55 100
55 102
55 105
55 108
55 110
55 118
55 128
55 131
55 132
55 133
55 135
55 136
55 137
56 1
56 9
56 16
56 18
56 20
56 21
56 23
56 27
56 31
56 32
56 38
56 39
56 40
56 42
56 52
56 54
56 55
56 58
56 60
56 66
56 68
56 82
56 94
56 100
56 107
56 108
56 111
56 120
56 130
56 137
57 3
57 9
57 20
57 22
57 24
57 32
57 39
57 41
57 42
57 46
57 50
57 51
57 54
57 55
57 56
57 62
57 65
57 67
57 71
57 73
57 75
57 94
57 98
57 101
57 104
57 106
57 113
57 115
57 121
57 124
57 125
57 126
57 127
57 128
57 135
58 2
58 3
58 4
58 7
58 14
58 19
58 21
58 23
58 24
58 27
58 32
58 34
58 36
58 37
58 42
58 43
58 48
58 51
58 53
58 60
58 71
58 76
58 81
58 84
58 85
58 92
58 97
58 101
58 104
58 108
58 114
58 115
58 116
58 121
58 122
58 128
58 131
58 134
58 137
58 139
59 3
59 13
59 16
59 22
59 23
59 27
59 31
59 35
59 36
59 37
59 43
59 48
59 53
59 56
59 58
59 68
59 72
59 73
59 80
59 83
59 90
59 95
59 97
59 99
59 106
59 107
59 116
59 119
59 127
59 135
60 5
60 9
60 11
60 13
60 20
60 21
60 24
60 28
60 30
60 35
60 39
60 41
60 43
60 45
60 47
60 48
60 49
60 58
60 68
60 69
60 72
60 73
60 77
60 80
60 81
60 88
60 103
60 108
60 109
60 114
60 121
60 125
60 133
60 140
61 10
61 12
61 15
61 16
61 20
61 24
61 25
61 26
61 30
61 32
61 34
61 35
61 43
61 51
61 59
61 62
61 63
61 65
61 67
61 72
61 78
61 82
61 86
61 88
61 100
61 102
61 112
61 117
61 118
61 119
61 121
61 123
61 125
61 128
61 131
61 133
61 136
61 137
62 4
62 11
62 25
62 27
62 28
62 39
62 42
62 45
62 47
62 48
62 50
62 51
62 71
62 77
62 79
62 86
62 87
62 88
62 93
62 95
62 97
62 100
62 102
62 104
62 106
62 115
62 116
62 120
62 121
62 122
62 123
62 124
62 125
62 126
62 129
62 136
63 2
63 7
63 16
63 26
63 30
63 36
63 40
63 42
63 49
63 54
63 61
63 62
63 64
63 66
63 70
63 74
63 75
63 77
63 79
63 80
63 88
63 90
63 99
63 101
63 102
63 105
63 106
63 107
63 118
63 122
63 124
63 126
63 129
63 136
63 140
64 4
64 7
64 8
64 12
64 17
64 21
64 26
64 29
64 32
64 33
64 37
64 38
64 48
64 49
64 50
64 57
64 59
64 73
64 83
64 85
64 86
64 89
64 98
64 99
64 107
64 110
64 115
64 126
64 131
64 133
64 134
64 135
64 139
65 2
65 3
65 5
65 9
65 10
65 12
65 14
65 16
65 22
65 26
65 33
65 40
65 41
65 43
65 45
65 46
65 47
65 57
65 58
65 63
65 64
65 72
65 76
65 86
65 90
65 95
65 96
65 97
65 101
65 112
65 114
65 121
65 122
65 132
66 2
66 6
66 10
66 12
66 13
66 16
66 17
66 22
66 24
66 26
66 27
66 30
66 32
66 33
66 35
66 38
66 43
66 47
66 49
66 52
66 58
66 62
66 70
66 72
66 74
66 79
66 87
66 90
66 91
66 92
66 93
66 94
66 97
66 103
66 113
66 115
66 117
66 121
66 128
66 133
66 137
67 2
67 3
67 5
67 7
67 9
67 10
67 12
67 13
67 16
67 17
67 20
67 26
67 27
67 39
67 44
67 45
67 46
67 47
67 48
67 50
67 53
67 60
67 65
67 69
67 73
67 74
67 89
67 101
67 104
67 105
67 109
67 110
67 115
67 117
67 127
67 128
67 129
67 135
68 4
68 11
68 12
68 24
68 29
68 33
68 36
68 45
68 47
68 50
68 55
68 56
68 64
68 65
68 66
68 76
68 81
68 85
68 93
68 94
68 106
68 111
68 116
68 122
68 127
68 131
69 1
69 10
69 13
69 24
69 25
69 35
69 37
69 38
69 41
69 43
69 44
69 49
69 51
69 53
69 56
69 59
69 63
69 70
69 71
69 73
69 77
69 80
69 81
69 95
69 97
69 101
69 103
69 110
69 112
69 120
69 123
69 124
69 125
69 129
69 131
69 132
69 134
69 136
69 140
70 7
70 8
70 13
70 15
70 24
70 27
70 30
70 34
70 35
70 36
70 49
70 52
70 54
70 58
70 60
70 65
70 68
70 69
70 71
70 74
70 76
70 79
70 85
70 88
70 94
70 96
70 103
70 110
70 115
70 120
70 126
70 132
71 2
71 13
71 16
71 17
71 19
71 28
71 29
71 32
71 38
71 47
71 51
71 53
71 58
71 65
71 75
71 79
71 80
71 81
71 84
71 87
71 93
71 100
71 101
71 105
71 107
71 110
71 117
71 119
71 120
71 122
71 123
71 131
71 132
71 138
71 140
72 7
72 9
72 10
72 14
72 15
72 20
72 21
72 23
72 27
72 33
72 37
72 40
72 45
72 46
72 57
72 58
72 63
72 66
72 75
72 77
72 81
72 83
72 84
72 88
72 95
72 100
72 108
72 114
72 115
72 116
72 125
72 137
72 138
72 140
73 6
73 11
73 20
73 21
73 43
73 44
73 48
73 50
73 52
73 67
73 68
73 69
73 71
73 75
73 77
73 86
73 87
73 90
73 92
73 98
73 102
73 108
73 111
73 112
73 113
73 117
73 118
73 140
74 2
74 12
74 18
74 19
74 23
74 33
74 34
74 36
74 37
74 38
74 51
74 53
74 55
74 62
74 66
74 69
74 73
74 76
74 84
74 85
74 89
74 91
74 92
74 101
74 106
74 109
74 111
74 112
74 115
74 120
74 125
74 126
74 127
74 134
74 135
75 6
75 9
75 13
75 23
75 32
75 33
75 34
75 36
75 45
75 48
75 52
75 55
75 64
75 65
75 68
75 69
75 76
75 83
75 87
75 92
75 94
75 95
75 96
75 97
75 104
75 105
75 112
75 114
75 116
75 120
75 125
75 126
75 127
75 128
75 134
76 1
76 14
76 20
76 22
76 25
76 35
76 39
76 41
76 42
76 45
76 47
76 48
76 52
76 67
76 68
76 72
76 73
76 78
76 79
76 81
76 82
76 90
76 92
76 96
76 104
76 106
76 110
76 115
76 117
76 119
76 121
76 123
76 133
76 137
76 139
77 1
77 2
77 8
77 9
77 12
77 13
77 15
77 17
77 19
77 21
77 26
77 32
77 34
77 38
77 40
77 43
77 45
77 54
77 62
77 63
77 64
77 71
77 75
77 83
77 84
77 86
77 90
77 91
77 92
77 93
77 101
77 105
77 109
77 116
77 118
77 119
77 122
77 124
77 130
77 134
77 138
77 140
78 2
78 5
78 6
78 10
78 11
78 14
78 18
78 21
78 33
78 44
78 48
78 50
78 51
78 60
78 61
78 64
78 68
78 76
78 80
78 86
78 89
78 90
78 94
78 95
78 101
78 103
78 113
78 119
78 123
78 126
78 130
78 135
78 137
79 2
79 6
79 7
79 8
79 9
79 11
79 25
79 27
79 38
79 39
79 45
79 47
79 52
79 57
79 83
79 85
79 87
79 89
79 90
79 95
79 97
79 99
79 106
79 109
79 113
79 115
79 117
79 122
79 126
79 129
79 138
80 3
80 4
80 5
80 8
80 14
80 16
80 17
80 20
80 23
80 27
80 31
80 34
80 36
80 41
80 45
80 58
80 60
80 61
80 63
80 72
80 74
80 75
80 78
80 91
80 97
80 98
80 100
80 106
80 111
80 115
80 118
80 120
80 123
80 140
81 2
81 9
81 13
81 16
81 17
81 18
81 21
81 25
81 28
81 37
81 46
81 49
81 55
81 57
81 65
81 69
81 71
81 73
81 78
81 82
81 86
81 94
81 97
81 100
81 102
81 106
81 110
81 118
81 121
81 122
81 123
81 125
81 126
81 128
81 135
81 138
81 139
82 3
82 7
82 9
82 13
82 19
82 22
82 25
82 27
82 34
82 38
82 41
82 45
82 55
82 57
82 60
82 72
82 73
82 85
82 89
82 90
82 96
82 98
82 100
82 109
82 110
82 114
82 115
82 120
82 123
82 124
82 131
82 132
82 136
82 137
83 6
83 8
83 9
83 17
83 25
83 30
83 31
83 34
83 40
83 42
83 46
83 52
83 54
83 57
83 59
83 61
83 68
83 70
83 72
83 74
83 81
83 87
83 88
83 90
83 102
83 110
83 115
83 129
83 131
83 134
83 136
84 2
84 3
84 7
84 8
84 10
84 12
84 20
84 21
84 22
84 25
84 26
84 28
84 30
84 34
84 42
84 47
84 48
84 54
84 56
84 58
84 60
84 61
84 64
84 65
84 74
84 75
84 77
84 94
84 97
84 101
84 118
84 124
84 127
84 130
84 133
84 136
85 9
85 11
85 13
85 33
85 37
85 38
85 41
85 42
85 47
85 48
85 65
85 69
85 80
85 83
85 86
85 87
85 89
85 99
85 101
85 102
85 111
85 115
85 125
85 128
85 129
85 132
85 135
85 138
85 139
86 3
86 4
86 6
86 8
86 9
86 15
86 23
86 26
86 29
86 30
86 32
86 37
86 40
86 47
86 50
86 55
86 59
86 60
86 61
86 65
86 67
86 79
86 82
86 84
86 88
86 92
86 93
86 96
86 98
86 100
86 101
86 124
86 126
86 127
86 130
86 140
87 1
87 3
87 4
87 5
87 9
87 30
87 31
87 32
87 45
87 52
87 67
87 68
87 69
87 72
87 73
87 88
87 90
87 91
87 92
87 94
87 96
87 107
87 108
87 109
87 111
87 113
87 115
87 116
87 131
87 135
87 139
88 2
88 4
88 7
88 8
88 9
88 14
88 15
88 17
88 19
88 21
88 44
88 53
88 54
88 58
88 62
88 65
88 69
88 73
88 75
88 76
88 77
88 78
88 79
88 81
88 85
88 86
88 87
88 89
88 90
88 91
88 98
88 99
88 104
88 113
88 116
88 117
88 119
88 129
88 132
88 135
88 136
88 139
89 5
89 8
89 14
89 21
89 22
89 25
89 32
89 34
89 43
89 46
89 47
89 54
89 56
89 57
89 62
89 75
89 76
89 78
89 80
89 81
89 84
89 85
89 98
89 99
89 100
89 101
89 103
89 107
89 110
89 111
89 118
89 121
89 123
89 126
89 131
89 133
89 136
89 137
89 140
90 1
90 4
90 12
90 16
90 21
90 24
90 30
90 36
90 38
90 41
90 44
90 58
90 63
90 66
90 68
90 81
90 104
90 105
90 109
90 114
90 115
90 119
90 126
90 127
90 132
90 134
90 136
91 2
91 3
91 4
91 8
91 12
91 14
91 27
91 29
91 31
91 32
91 40
91 53
91 57
91 61
91 62
91 63
91 64
91 65
91 66
91 71
91 89
91 108
91 114
91 116
91 117
91 118
91 124
91 128
91 131
91 132
91 139
92 4
92 12
92 15
92 32
92 33
92 36
92 39
92 46
92 53
92 54
92 75
92 78
92 82
92 87
92 89
92 90
92 94
92 95
92 96
92 100
92 105
92 112
92 113
92 115
92 120
92 134
92 135
93 1
93 7
93 9
93 11
93 13
93 14
93 17
93 20
93 25
93 28
93 29
93 31
93 33
93 35
93 47
93 51
93 55
93 57
93 61
93 66
93 67
93 83
93 84
93 98
93 110
93 122
93 129
93 138
94 2
94 3
94 4
94 10
94 11
94 16
94 18
94 20
94 25
94 31
94 33
94 40
94 41
94 44
94 46
94 49
94 52
94 58
94 61
94 64
94 65
94 67
94 69
94 76
94 81
94 86
94 87
94 88
94 89
94 90
94 93
94 100
94 101
94 103
94 107
94 111
94 115
94 126
94 130
94 134
94 136
94 137
95 7
95 8
95 9
95 15
95 17
95 23
95 24
95 32
95 36
95 37
95 39
95 40
95 41
95 42
95 49
95 51
95 55
95 60
95 62
95 63
95 66
95 67
95 72
95 77
95 91
95 93
95 101
95 113
95 140
96 5
96 9
96 29
96 36
96 38
96 45
96 46
96 59
96 65
96 66
96 69
96 71
96 74
96 75
96 76
96 78
96 93
96 94
96 98
96 99
96 118
96 119
96 121
96 133
96 138
97 1
97 7
97 15
97 24
97 28
97 29
97 32
97 36
97 40
97 41
97 42
97 47
97 49
97 50
97 52
97 54
97 55
97 62
97 63
97 64
97 66
97 71
97 73
97 80
97 83
97 88
97 92
97 96
97 98
97 102
97 103
97 112
97 116
97 120
97 127
97 128
97 137
97 138
97 139
97 140
98 1
98 2
98 5
98 6
98 7
98 17
98 24
98 25
98 26
98 30
98 31
98 32
98 34
98 44
98 46
98 49
98 57
98 58
98 60
98 62
98 69
98 74
98 77
98 83
98 88
98 92
98 94
98 99
98 103
98 106
98 107
98 109
98 111
98 113
98 116
98 129
98 131
98 135
98 138
99 3
99 4
99 5
99 7
99 23
99 33
99 36
99 39
99 43
99 46
99 50
99 51
99 54
99 57
99 58
99 65
99 67
99 70
99 74
99 80
99 82
99 83
99 84
99 90
99 91
99 92
99 93
99 95
99 100
99 101
99 105
99 109
99 113
99 121
99 123
99 124
99 128
99 133
99 137
100 5
100 6
100 9
100 19
100 21
100 23
100 29
100 30
100 35
100 47
100 48
100 64
100 67
100 68
100 71
100 72
100 73
100 75
100 83
100 87
100 89
100 92
100 104
100 108
100 111
100 113
100 114
100 115
100 117
100 118
100 121
100 125
100 126
100 127
100 128
100 130
100 133
100 134
100 136
100 137
100 139
101 1
101 4
101 11
101 14
101 17
101 18
101 20
101 22
101 23
101 32
101 35
101 40
101 42
101 43
101 51
101 52
101 54
101 55
101 60
101 61
101 63
101 75
101 77
101 80
101 82
101 85
101 88
101 95
101 99
101 102
101 104
101 111
101 118
101 127
101 128
101 129
101 130
101 132
101 134
101 138
102 4
102 13
102 16
102 27
102 28
102 38
102 41
102 46
102 47
102 49
102 54
102 57
102 60
102 61
102 65
102 66
102 71
102 78
102 79
102 83
102 101
102 103
102 107
102 115
102 118
102 120
102 127
102 130
102 131
102 139
103 2
103 10
103 11
103 12
103 17
103 23
103 24
103 26
103 34
103 36
103 38
103 41
103 43
103 47
103 48
103 51
103 53
103 56
103 64
103 66
103 71
103 76
103 81
103 83
103 88
103 93
103 96
103 98
103 104
103 107
103 115
103 121
103 126
103 130
103 132
104 2
104 4
104 5
104 6
104 10
104 11
104 13
104 19
104 25
104 26
104 35
104 38
104 39
104 44
104 46
104 50
104 53
104 55
104 58
104 60
104 62
104 63
104 68
104 71
104 73
104 85
104 96
104 99
104 107
104 118
104 120
104 122
104 127
104 128
104 131
104 137
104 140
105 2
105 4
105 5
105 6
105 8
105 15
105 17
105 26
105 27
105 29
105 35
105 37
105 40
105 48
105 50
105 59
105 60
105 63
105 64
105 69
105 74
105 83
105 85
105 86
105 90
105 92
105 96
105 101
105 103
105 104
105 108
105 117
105 123
105 125
105 133
105 135
105 136
106 12
106 21
106 25
106 32
106 39
106 40
106 45
106 50
106 53
106 68
106 72
106 74
106 75
106 83
106 89
106 93
106 95
106 96
106 102
106 105
106 108
106 109
106 112
106 116
106 129
106 131
106 133
106 134
106 135
106 137
107 5
107 13
107 17
107 18
107 19
107 20
107 25
107 28
107 34
107 35
107 36
107 42
107 44
107 52
107 54
107 58
107 61
107 63
107 66
107 69
107 77
107 82
107 92
107 93
107 98
107 100
107 106
107 116
107 132
107 133
107 135
107 139
108 1
108 6
108 11
108 13
108 16
108 17
108 23
108 26
108 31
108 36
108 48
108 53
108 56
108 60
108 64
108 74
108 80
108 84
108 87
108 91
108 94
108 100
108 101
108 104
108 105
108 109
108 127
108 129
108 131
108 133
108 135
109 2
109 4
109 6
109 11
109 13
109 14
109 16
109 19
109 20
109 22
109 25
109 26
109 27
109 35
109 36
109 38
109 41
109 48
109 61
109 68
109 70
109 71
109 72
109 74
109 78
109 79
109 83
109 91
109 92
109 97
109 99
109 106
109 110
109 114
109 116
109 118
109 119
109 123
109 133
109 135
109 136
109 138
109 139
110 2
110 4
110 11
110 19
110 26
110 31
110 39
110 43
110 50
110 61
110 66
110 69
110 90
110 99
110 102
110 104
110 106
110 107
110 109
110 111
110 116
110 117
110 121
110 124
110 125
110 129
110 130
110 133
110 134
110 135
110 138
111 2
111 4
111 8
111 14
111 17
111 18
111 20
111 23
111 24
111 25
111 27
111 30
111 32
111 35
111 36
111 46
111 49
111 57
111 59
111 66
111 69
111 71
111 73
111 74
111 82
111 85
111 90
111 92
111 94
111 95
111 98
111 103
111 113
111 114
111 115
111 119
111 122
111 123
111 131
111 132
111 133
111 134
111 139
111 140
112 5
112 7
112 11
112 17
112 18
112 19
112 23
112 27
112 31
112 34
112 44
112 47
112 51
112 54
112 57
112 63
112 70
112 71
112 79
112 82
112 84
112 93
112 94
112 96
112 99
112 100
112 115
112 117
112 119
112 121
112 131
112 132
112 135
113 3
113 9
113 13
113 17
113 18
113 28
113 29
113 31
113 32
113 35
113 38
113 43
113 52
113 57
113 58
113 67
113 71
113 76
113 77
113 78
113 84
113 95
113 103
113 107
113 110
113 118
113 119
113 122
113 123
113 132
113 134
113 136
113 137
114 7
114 15
114 22
114 23
114 27
114 41
114 42
114 45
114 48
114 56
114 58
114 59
114 62
114 64
114 65
114 67
114 68
114 79
114 84
114 86
114 93
114 96
114 99
114 101
114 103
114 106
114 109
114 111
114 113
114 125
114 129
115 9
115 10
115 15
115 17
115 19
115 24
115 41
115 42
115 47
115 49
115 51
115 53
115 55
115 62
115 75
115 76
115 79
115 81
115 87
115 92
115 94
115 97
115 98
115 101
115 109
115 110
115 112
115 122
115 128
116 1
116 5
116 7
116 11
116 13
116 14
116 22
116 23
116 24
116 34
116 40
116 47
116 56
116 57
116 58
116 60
116 65
116 68
116 72
116 76
116 77
116 82
116 95
116 97
116 99
116 100
116 110
116 118
116 120
116 121
116 128
116 129
116 130
116 135
116 139
117 5
117 11
117 14
117 15
117 19
117 29
117 30
117 35
117 37
117 39
117 42
117 50
117 58
117 61
117 72
117 74
117 75
117 78
117 81
117 85
117 86
117 89
117 95
117 96
117 100
117 101
117 103
117 110
117 118
117 120
117 124
117 125
117 130
117 131
117 133
117 136
117 137
117 140
118 2
118 6
118 9
118 11
118 12
118 19
118 20
118 24
118 26
118 27
118 29
118 30
118 33
118 36
118 42
118 52
118 54
118 64
118 65
118 66
118 73
118 78
118 86
118 89
118 96
118 98
118 102
118 104
118 105
118 109
118 114
118 116
118 117
118 124
118 125
118 126
118 127
118 136
119 3
119 5
119 12
119 17
119 19
119 21
119 23
119 24
119 27
119 30
119 31
119 35
119 38
119 39
119 40
119 41
119 45
119 46
119 49
119 51
119 52
119 56
119 60
119 70
119 71
119 73
119 76
119 80
119 81
119 83
119 89
119 99
119 102
119 107
119 111
119 113
119 118
119 124
119 125
119 128
119 130
119 131
119 139
120 1
120 3
120 7
120 12
120 13
120 14
120 18
120 24
120 26
120 27
120 29
120 37
120 42
120 44
120 45
120 50
120 54
120 57
120 61
120 62
120 72
120 77
120 78
120 83
120 87
120 93
120 94
120 95
120 103
120 105
120 107
120 113
120 121
120 124
120 129
120 130
120 136
120 139
120 140
121 3
121 6
121 23
121 26
121 27
121 30
121 31
121 33
121 35
121 37
121 39
121 41
121 43
121 44
121 45
121 52
121 53
121 56
121 58
121 67
121 68
121 71
121 73
121 74
121 79
121 85
121 87
121 91
121 93
121 95
121 102
121 103
121 104
121 110
121 111
121 115
121 130
122 3
122 5
122 6
122 8
122 16
122 18
122 19
122 24
122 26
122 39
122 41
122 46
122 47
122 50
122 54
122 66
122 75
122 77
122 78
122 79
122 81
122 85
122 91
122 97
122 101
122 103
122 107
122 108
122 112
122 114
122 119
122 120
122 121
122 123
122 125
122 127
122 128
123 7
123 8
123 11
123 15
123 18
123 20
123 21
123 24
123 29
123 33
123 35
123 40
123 42
123 45
123 46
123 49
123 57
123 62
123 63
123 70
123 71
123 77
123 80
123 84
123 86
123 89
123 91
123 97
123 99
123 101
123 105
123 111
123 119
123 124
123 131
123 135
123 137
123 140
124 1
124 9
124 10
124 11
124 18
124 19
124 20
124 22
124 27
124 32
124 34
124 39
124 46
124 48
124 50
124 56
124 58
124 62
124 66
124 67
124 69
124 73
124 74
124 75
124 77
124 79
124 81
124 84
124 92
124 94
124 97
124 98
124 100
124 110
124 113
124 116
124 117
124 122
124 123
124 139
124 140
125 2
125 9
125 11
125 15
125 17
125 27
125 36
125 46
125 47
125 48
125 50
125 53
125 54
125 56
125 58
125 66
125 69
125 79
125 84
125 88
125 92
125 94
125 99
125 100
125 102
125 110
125 111
125 117
125 120
125 121
125 128
125 132
125 133
125 136
125 137
125 139
126 3
126 9
126 10
126 15
126 16
126 24
126 27
126 28
126 33
126 36
126 38
126 39
126 45
126 53
126 55
126 59
126 60
126 61
126 67
126 76
126 78
126 82
126 86
126 87
126 91
126 97
126 101
126 107
126 120
126 122
126 129
126 130
126 132
127 4
127 5
127 11
127 12
127 16
127 17
127 18
127 19
127 33
127 43
127 45
127 55
127 62
127 64
127 68
127 69
127 70
127 72
127 77
127 83
127 85
127 87
127 98
127 101
127 105
127 108
127 110
127 112
127 114
127 116
127 124
127 125
127 128
127 130
127 132
127 136
127 137
127 138
127 140
128 2
128 4
128 14
128 15
128 16
128 21
128 22
128 24
128 25
128 31
128 35
128 36
128 38
128 40
128 52
128 53
128 65
128 66
128 73
128 81
128 82
128 86
128 93
128 96
128 99
128 105
128 108
128 110
128 114
128 116
128 117
128 118
128 119
128 120
128 121
128 133
128 136
128 139
128 140
129 17
129 24
129 26
129 29
129 35
129 39
129 40
129 53
129 55
129 62
129 65
129 68
129 70
129 74
129 87
129 88
129 92
129 96
129 99
129 102
129 104
129 106
129 110
129 115
129 118
129 119
129 126
129 127
129 128
129 130
129 137
129 139
130 6
130 9
130 10
130 17
130 21
130 22
130 30
130 31
130 34
130 35
130 40
130 44
130 46
130 52
130 56
130 58
130 60
130 62
130 67
130 69
130 75
130 77
130 80
130 86
130 88
130 91
130 92
130 94
130 103
130 106
130 110
130 111
130 116
130 117
130 122
130 127
130 139
130 140
131 8
131 17
131 18
131 31
131 37
131 38
131 39
131 41
131 44
131 46
131 48
131 50
131 54
131 57
131 63
131 65
131 70
131 76
131 80
131 82
131 83
131 84
131 86
131 87
131 88
131 90
131 91
131 92
131 101
131 108
131 109
131 110
131 113
131 114
131 119
131 120
131 122
131 124
131 128
131 132
131 136
131 138
132 1
132 5
132 6
132 8
132 11
132 13
132 17
132 18
132 22
132 23
132 24
132 26
132 27
132 29
132 36
132 37
132 38
132 40
132 41
132 43
132 44
132 50
132 51
132 53
132 54
132 60
132 61
132 67
132 75
132 79
132 83
132 85
132 89
132 101
132 107
132 108
132 116
132 119
132 122
132 123
132 129
132 130
132 131
132 134
132 137
133 14
133 17
133 18
133 21
133 22
133 26
133 28
133 31
133 33
133 35
133 41
133 44
133 49
133 50
133 52
133 57
133 58
133 61
133 66
133 68
133 70
133 75
133 76
133 77
133 78
133 87
133 88
133 90
133 100
133 106
133 109
133 110
133 116
133 120
133 123
133 125
133 128
133 130
133 136
133 140
134 4
134 9
134 11
134 12
134 14
134 16
134 25
134 27
134 29
134 32
134 42
134 46
134 54
134 62
134 63
134 65
134 68
134 89
134 91
134 93
134 94
134 99
134 100
134 102
134 104
134 106
134 122
134 124
134 129
134 130
134 133
134 135
135 3
135 4
135 5
135 7
135 9
135 11
135 13
135 17
135 21
135 22
135 23
135 27
135 28
135 32
135 36
135 39
135 40
135 42
135 46
135 49
135 50
135 56
135 59
135 60
135 67
135 70
135 75
135 82
135 90
135 93
135 94
135 99
135 102
135 106
135 117
135 124
135 128
135 129
135 132
135 133
136 1
136 3
136 4
136 9
136 11
136 19
136 21
136 24
136 38
136 39
136 40
136 41
136 42
136 45
136 47
136 49
136 51
136 53
136 56
136 60
136 65
136 69
136 78
136 84
136 87
136 91
136 94
136 95
136 96
136 97
136 101
136 103
136 105
136 110
136 111
136 114
136 119
136 121
136 129
136 133
136 138
137 1
137 3
137 5
137 9
137 12
137 14
137 23
137 26
137 30
137 32
137 34
137 36
137 37
137 43
137 45
137 55
137 57
137 61
137 64
137 66
137 68
137 70
137 71
137 73
137 76
137 83
137 84
137 85
137 89
137 91
137 95
137 98
137 100
137 102
137 103
137 104
137 107
137 110
137 113
137 117
137 122
137 129
137 132
137 134
137 136
138 1
138 5
138 8
138 9
138 13
138 19
138 21
138 22
138 23
138 28
138 34
138 48
138 51
138 56
138 57
138 59
138 61
138 64
138 75
138 80
138 81
138 84
138 92
138 93
138 95
138 97
138 98
138 102
138 105
138 112
138 118
138 119
138 120
138 121
138 125
138 129
138 131
138 132
139 1
139 7
139 11
139 16
139 17
139 19
139 26
139 36
139 37
139 41
139 43
139 53
139 56
139 59
139 60
139 66
139 67
139 72
139 74
139 77
139 78
139 80
139 91
139 97
139 103
139 106
139 113
139 115
139 118
139 123
139 137
140 8
140 14
140 21
140 28
140 31
140 37
140 39
140 51
140 54
140 64
140 66
140 72
140 78
140 80
140 90
140 97
140 105
140 107
140 108
140 113
140 118
140 119
140 120
140 127
140 129
140 130
140 133
140 137
140 138
