140
4894
2 1
3 2
4 1
4 2
4 3
5 1
5 3
5 4
7 1
7 2
7 3
7 5
8 2
8 3
8 6
8 7
9 1
9 3
9 5
9 6
9 8
10 2
10 5
10 7
10 8
10 9
11 1
11 3
12 1
12 2
12 4
12 6
12 7
12 9
13 1
13 4
13 5
13 9
13 11
13 12
14 4
14 5
14 6
14 7
14 8
14 13
15 2
15 3
15 4
15 5
15 6
15 8
15 9
15 12
16 1
16 2
16 4
16 9
16 10
16 11
16 12
16 13
17 1
17 2
17 4
17 6
17 7
17 8
17 14
17 16
18 6
18 8
18 11
18 14
18 17
19 2
19 3
19 4
19 5
19 6
19 8
19 9
19 10
19 14
19 17
19 18
20 2
20 3
20 4
20 5
20 6
20 7
20 9
20 11
20 13
20 14
20 17
20 19
21 2
21 11
21 12
21 13
21 15
21 18
21 19
21 20
22 3
22 10
22 11
22 12
22 13
22 15
22 16
22 18
22 21
23 1
23 6
23 10
23 14
23 16
23 18
23 21
24 3
24 4
24 11
24 12
24 15
24 16
24 17
24 20
24 22
25 4
25 6
25 7
25 8
25 12
25 15
25 17
25 18
25 19
25 21
25 22
25 23
25 24
26 2
26 4
26 7
26 8
26 9
26 12
26 14
26 21
26 23
26 24
26 25
27 1
27 3
27 7
27 9
27 10
27 11
27 12
27 14
27 15
27 17
27 19
27 22
27 26
28 1
28 5
28 6
28 8
28 12
28 13
28 15
28 17
28 19
28 20
28 21
28 22
28 24
28 27
29 2
29 3
29 4
29 7
29 8
29 9
29 12
29 13
29 15
29 19
29 20
29 22
29 24
29 25
29 26
29 28
30 1
30 3
30 6
30 9
30 12
30 14
30 18
30 19
30 20
30 24
30 26
30 29
31 3
31 5
31 12
31 16
31 17
31 18
31 19
31 20
31 21
31 23
31 24
31 26
31 27
31 30
32 3
32 4
32 5
32 6
32 8
32 9
32 12
32 13
32 14
32 17
32 21
32 22
32 24
32 25
32 30
32 31
33 3
33 5
33 8
33 9
33 12
33 14
33 16
33 17
33 19
33 20
33 21
33 23
33 24
33 25
33 26
33 29
33 30
33 31
34 5
34 7
34 10
34 11
34 13
34 18
34 19
34 24
34 28
34 31
34 32
35 1
35 2
35 3
35 4
35 6
35 7
35 8
35 11
35 12
35 16
35 18
35 21
35 22
35 23
35 26
35 29
35 31
35 33
35 34
36 4
36 6
36 8
36 12
36 14
36 15
36 17
36 20
36 22
36 24
36 25
36 26
36 27
36 28
36 29
36 32
36 33
36 35
37 2
37 3
37 5
37 7
37 8
37 11
37 13
37 14
37 15
37 16
37 19
37 20
37 22
37 25
37 26
37 27
37 28
37 33
37 34
37 36
38 1
38 4
38 5
38 7
38 8
38 10
38 11
38 12
38 13
38 14
38 19
38 20
38 21
38 23
38 25
38 26
38 28
38 29
38 31
38 35
38 37
39 1
39 2
39 8
39 10
39 11
39 12
39 14
39 18
39 20
39 21
39 22
39 23
39 24
39 25
39 28
39 30
39 33
39 34
39 38
40 2
40 3
40 4
40 5
40 6
40 7
40 8
40 9
40 10
40 12
40 16
40 19
40 23
40 25
40 31
40 32
40 35
40 36
40 37
40 38
41 1
41 5
41 8
41 12
41 14
41 15
41 17
41 19
41 21
41 23
41 24
41 26
41 27
41 31
41 32
41 37
41 38
42 1
42 5
42 6
42 7
42 10
42 11
42 15
42 17
42 21
42 23
42 25
42 26
42 27
42 29
42 31
42 32
42 35
42 37
42 39
42 40
42 41
43 2
43 4
43 5
43 6
43 9
43 10
43 11
43 12
43 13
43 14
43 16
43 17
43 18
43 20
43 22
43 26
43 27
43 28
43 31
43 32
43 33
43 37
43 39
43 41
43 42
44 1
44 3
44 5
44 6
44 8
44 9
44 10
44 15
44 19
44 20
44 22
44 25
44 27
44 31
44 34
44 38
44 40
44 41
44 42
44 43
45 7
45 8
45 9
45 10
45 11
45 12
45 13
45 16
45 20
45 21
45 22
45 26
45 27
45 31
45 33
45 39
45 40
45 42
45 43
45 44
46 5
46 6
46 9
46 10
46 15
46 22
46 23
46 24
46 26
46 31
46 32
46 33
46 35
46 37
46 38
46 39
46 42
46 45
47 2
47 4
47 5
47 6
47 7
47 8
47 9
47 10
47 11
47 12
47 13
47 14
47 19
47 21
47 24
47 30
47 32
47 33
47 34
47 35
47 37
47 41
48 1
48 6
48 7
48 8
48 10
48 14
48 21
48 22
48 30
48 31
48 32
48 34
48 35
48 36
48 38
48 39
48 42
48 45
49 1
49 4
49 5
49 8
49 9
49 11
49 14
49 16
49 17
49 18
49 19
49 20
49 22
49 24
49 25
49 27
49 31
49 32
49 33
49 40
49 42
49 48
50 2
50 4
50 5
50 8
50 11
50 12
50 13
50 14
50 17
50 18
50 20
50 26
50 27
50 31
50 35
50 36
50 37
50 38
50 40
50 41
50 43
50 44
50 49
51 5
51 6
51 8
51 10
51 11
51 12
51 13
51 15
51 19
51 21
51 22
51 23
51 24
51 25
51 29
51 30
51 31
51 32
51 33
51 36
51 37
51 38
51 40
51 41
51 44
51 45
51 47
51 48
52 4
52 9
52 10
52 15
52 16
52 17
52 19
52 22
52 23
52 28
52 30
52 31
52 32
52 34
52 35
52 36
52 37
52 39
52 42
52 45
52 47
52 48
52 49
52 50
52 51
53 2
53 3
53 4
53 7
53 8
53 9
53 11
53 13
53 14
53 15
53 17
53 22
53 23
53 28
53 30
53 31
53 32
53 34
53 37
53 39
53 41
53 42
53 44
53 49
53 51
54 1
54 2
54 4
54 7
54 8
54 9
54 10
54 12
54 14
54 16
54 18
54 19
54 23
54 24
54 26
54 27
54 28
54 32
54 38
54 39
54 40
54 43
54 44
54 45
54 46
54 53
55 1
55 2
55 4
55 5
55 6
55 9
55 11
55 12
55 13
55 14
55 15
55 16
55 17
55 19
55 21
55 23
55 24
55 26
55 28
55 34
55 38
55 39
55 40
55 43
55 45
55 47
55 48
55 50
55 51
55 53
55 54
56 1
56 2
56 6
56 9
56 12
56 15
56 16
56 17
56 18
56 20
56 22
56 24
56 25
56 27
56 28
56 29
56 33
56 35
56 36
56 37
56 40
56 41
56 42
56 46
56 49
56 51
56 52
56 55
57 2
57 3
57 4
57 5
57 8
57 10
57 12
57 13
57 15
57 16
57 17
57 19
57 21
57 28
57 29
57 30
57 32
57 33
57 34
57 36
57 38
57 41
57 43
57 44
57 46
57 47
57 48
57 49
57 52
57 53
57 54
58 1
58 2
58 10
58 11
58 12
58 13
58 17
58 18
58 20
58 25
58 26
58 27
58 28
58 30
58 31
58 33
58 34
58 36
58 39
58 44
58 46
58 50
58 51
58 52
58 53
58 54
59 1
59 2
59 9
59 10
59 12
59 14
59 15
59 18
59 19
59 20
59 21
59 22
59 23
59 25
59 27
59 29
59 35
59 36
59 37
59 38
59 39
59 40
59 41
59 42
59 44
59 46
59 47
59 48
59 49
59 52
59 53
59 55
59 57
60 1
60 3
60 4
60 7
60 8
60 9
60 11
60 12
60 13
60 14
60 15
60 16
60 18
60 19
60 21
60 22
60 24
60 26
60 28
60 29
60 38
60 40
60 41
60 43
60 47
60 51
60 54
60 56
60 57
60 59
61 5
61 6
61 7
61 8
61 9
61 10
61 11
61 14
61 15
61 20
61 22
61 23
61 26
61 27
61 29
61 30
61 31
61 36
61 38
61 39
61 41
61 42
61 46
61 47
61 50
61 51
61 53
61 55
61 56
61 58
62 1
62 2
62 3
62 5
62 6
62 8
62 9
62 10
62 13
62 14
62 15
62 16
62 17
62 18
62 22
62 23
62 24
62 25
62 29
62 30
62 31
62 32
62 33
62 35
62 36
62 39
62 40
62 42
62 44
62 46
62 47
62 48
62 50
62 52
62 56
62 61
63 2
63 3
63 6
63 7
63 9
63 10
63 12
63 13
63 15
63 18
63 19
63 24
63 27
63 30
63 33
63 34
63 41
63 42
63 45
63 47
63 48
63 49
63 50
63 53
63 54
63 55
63 56
63 58
63 59
63 62
64 1
64 5
64 6
64 12
64 15
64 16
64 18
64 19
64 20
64 24
64 25
64 27
64 29
64 31
64 33
64 37
64 40
64 42
64 47
64 48
64 50
64 51
64 54
64 56
64 57
64 59
64 62
64 63
65 1
65 3
65 6
65 7
65 8
65 10
65 11
65 13
65 14
65 18
65 29
65 32
65 34
65 37
65 38
65 39
65 40
65 47
65 48
65 49
65 50
65 51
65 53
65 54
65 55
65 58
65 59
65 61
66 2
66 7
66 9
66 11
66 13
66 14
66 15
66 21
66 24
66 25
66 26
66 27
66 29
66 30
66 31
66 32
66 33
66 34
66 39
66 45
66 46
66 48
66 49
66 50
66 51
66 52
66 58
66 60
66 64
66 65
67 3
67 5
67 7
67 8
67 10
67 12
67 14
67 15
67 16
67 18
67 19
67 23
67 25
67 28
67 31
67 35
67 38
67 41
67 42
67 44
67 45
67 46
67 47
67 50
67 51
67 53
67 57
67 60
67 62
67 64
68 2
68 4
68 6
68 7
68 8
68 10
68 12
68 15
68 16
68 17
68 18
68 21
68 22
68 25
68 26
68 30
68 31
68 35
68 36
68 40
68 41
68 42
68 43
68 44
68 45
68 46
68 48
68 51
68 52
68 53
68 59
68 60
68 63
68 64
68 65
68 66
68 67
69 4
69 5
69 6
69 8
69 9
69 10
69 11
69 16
69 18
69 19
69 23
69 24
69 25
69 26
69 29
69 30
69 31
69 35
69 38
69 40
69 41
69 43
69 44
69 45
69 46
69 49
69 50
69 51
69 52
69 54
69 56
69 57
69 58
69 60
69 64
69 68
70 1
70 2
70 7
70 8
70 9
70 10
70 11
70 12
70 14
70 18
70 19
70 23
70 25
70 26
70 29
70 30
70 37
70 38
70 42
70 43
70 49
70 52
70 57
70 58
70 61
70 64
70 65
70 66
71 3
71 5
71 6
71 13
71 17
71 19
71 21
71 23
71 24
71 25
71 28
71 29
71 30
71 31
71 33
71 36
71 37
71 38
71 41
71 43
71 44
71 45
71 47
71 49
71 50
71 53
71 55
71 56
71 59
71 62
71 64
71 67
71 69
71 70
72 5
72 6
72 7
72 9
72 11
72 13
72 16
72 22
72 24
72 26
72 27
72 28
72 29
72 30
72 31
72 32
72 33
72 35
72 41
72 43
72 44
72 45
72 47
72 48
72 49
72 51
72 52
72 53
72 55
72 56
72 60
72 61
72 62
72 63
72 66
72 70
73 1
73 3
73 11
73 13
73 14
73 15
73 17
73 18
73 20
73 22
73 24
73 25
73 26
73 28
73 32
73 33
73 34
73 35
73 36
73 44
73 46
73 48
73 50
73 51
73 53
73 54
73 55
73 56
73 57
73 58
73 60
73 61
73 68
73 69
73 72
74 1
74 2
74 6
74 7
74 8
74 9
74 10
74 13
74 14
74 15
74 17
74 19
74 20
74 21
74 22
74 26
74 28
74 30
74 33
74 42
74 43
74 44
74 46
74 47
74 49
74 50
74 51
74 52
74 55
74 56
74 61
74 63
74 64
74 69
74 71
74 72
75 2
75 5
75 6
75 7
75 9
75 12
75 14
75 16
75 17
75 19
75 21
75 24
75 25
75 26
75 28
75 29
75 30
75 33
75 37
75 38
75 39
75 40
75 41
75 43
75 45
75 47
75 50
75 52
75 53
75 55
75 56
75 61
75 62
75 63
75 71
75 73
76 3
76 5
76 8
76 10
76 11
76 12
76 13
76 14
76 16
76 18
76 19
76 20
76 22
76 24
76 25
76 28
76 30
76 31
76 33
76 35
76 36
76 40
76 44
76 46
76 47
76 50
76 51
76 52
76 53
76 54
76 55
76 56
76 57
76 60
76 61
76 62
76 63
76 71
76 72
76 75
77 1
77 2
77 4
77 5
77 9
77 10
77 11
77 13
77 14
77 15
77 16
77 17
77 18
77 20
77 21
77 22
77 23
77 26
77 27
77 28
77 29
77 31
77 33
77 34
77 35
77 37
77 38
77 39
77 41
77 45
77 46
77 48
77 49
77 57
77 63
77 64
77 65
77 66
77 70
77 75
78 3
78 4
78 7
78 8
78 9
78 10
78 16
78 23
78 24
78 25
78 26
78 28
78 29
78 36
78 38
78 45
78 46
78 47
78 48
78 49
78 50
78 52
78 53
78 56
78 58
78 60
78 63
78 64
78 69
78 72
78 73
78 76
78 77
79 9
79 10
79 12
79 13
79 19
79 21
79 22
79 24
79 29
79 30
79 32
79 33
79 34
79 35
79 36
79 37
79 39
79 42
79 45
79 46
79 47
79 52
79 55
79 56
79 58
79 59
79 60
79 61
79 65
79 68
79 69
79 70
79 72
79 75
79 77
80 3
80 6
80 7
80 12
80 14
80 18
80 23
80 24
80 26
80 27
80 28
80 30
80 32
80 33
80 34
80 35
80 40
80 44
80 45
80 47
80 48
80 51
80 55
80 58
80 59
80 63
80 65
80 66
80 67
80 68
80 72
80 73
80 74
80 76
81 3
81 6
81 7
81 8
81 9
81 11
81 14
81 15
81 17
81 18
81 21
81 23
81 26
81 27
81 28
81 29
81 30
81 31
81 33
81 35
81 36
81 38
81 40
81 42
81 44
81 45
81 47
81 50
81 51
81 52
81 53
81 54
81 55
81 58
81 59
81 60
81 62
81 64
81 66
81 67
81 69
81 75
81 77
81 78
81 80
82 2
82 11
82 15
82 16
82 17
82 19
82 21
82 22
82 23
82 25
82 26
82 28
82 29
82 31
82 33
82 34
82 35
82 36
82 38
82 40
82 44
82 47
82 48
82 49
82 50
82 51
82 53
82 55
82 57
82 62
82 63
82 64
82 65
82 66
82 67
82 68
82 69
82 71
82 72
82 75
82 79
82 81
83 5
83 6
83 7
83 9
83 13
83 14
83 15
83 17
83 18
83 22
83 23
83 26
83 30
83 31
83 32
83 33
83 34
83 35
83 36
83 38
83 40
83 41
83 42
83 43
83 45
83 46
83 49
83 50
83 51
83 52
83 55
83 58
83 59
83 60
83 61
83 64
83 66
83 71
83 73
83 75
83 76
83 78
83 80
83 81
84 3
84 4
84 5
84 6
84 7
84 11
84 12
84 13
84 14
84 17
84 18
84 19
84 20
84 21
84 22
84 23
84 24
84 25
84 26
84 28
84 29
84 30
84 31
84 33
84 35
84 36
84 38
84 39
84 42
84 44
84 49
84 52
84 53
84 54
84 56
84 57
84 58
84 60
84 62
84 64
84 66
84 67
84 69
84 71
84 74
84 76
84 77
84 79
84 80
85 1
85 4
85 8
85 9
85 10
85 11
85 12
85 13
85 19
85 21
85 24
85 25
85 26
85 27
85 31
85 37
85 38
85 40
85 41
85 42
85 44
85 45
85 46
85 49
85 51
85 53
85 54
85 57
85 58
85 59
85 61
85 62
85 63
85 65
85 66
85 67
85 68
85 73
85 74
85 75
85 76
85 77
85 81
85 83
86 1
86 2
86 4
86 6
86 7
86 9
86 11
86 13
86 14
86 17
86 20
86 21
86 22
86 23
86 24
86 27
86 29
86 30
86 31
86 34
86 35
86 40
86 45
86 46
86 49
86 52
86 53
86 55
86 58
86 59
86 62
86 63
86 66
86 67
86 68
86 69
86 70
86 72
86 74
86 75
86 77
86 78
86 82
86 83
86 84
87 2
87 3
87 6
87 8
87 11
87 13
87 17
87 20
87 21
87 22
87 23
87 24
87 25
87 29
87 31
87 33
87 34
87 36
87 37
87 40
87 42
87 44
87 45
87 46
87 49
87 50
87 52
87 55
87 56
87 57
87 58
87 61
87 63
87 65
87 67
87 70
87 71
87 73
87 75
87 77
87 84
87 85
88 1
88 3
88 4
88 6
88 8
88 12
88 14
88 15
88 16
88 18
88 21
88 22
88 25
88 27
88 28
88 30
88 36
88 37
88 38
88 41
88 43
88 45
88 46
88 47
88 51
88 55
88 56
88 62
88 63
88 65
88 66
88 68
88 70
88 71
88 72
88 73
88 74
88 75
88 78
88 80
88 84
88 86
89 1
89 2
89 4
89 5
89 6
89 9
89 11
89 12
89 14
89 15
89 17
89 18
89 19
89 20
89 21
89 24
89 25
89 26
89 28
89 32
89 34
89 37
89 44
89 46
89 47
89 48
89 50
89 51
89 52
89 54
89 59
89 60
89 61
89 63
89 64
89 65
89 66
89 68
89 69
89 70
89 72
89 76
89 79
89 80
89 82
89 84
90 1
90 2
90 4
90 7
90 8
90 13
90 14
90 15
90 16
90 17
90 18
90 19
90 20
90 21
90 22
90 23
90 24
90 26
90 27
90 28
90 29
90 33
90 36
90 40
90 41
90 42
90 47
90 48
90 49
90 50
90 51
90 54
90 55
90 56
90 61
90 63
90 65
90 66
90 68
90 70
90 71
90 73
90 75
90 77
90 78
90 81
90 84
90 85
90 89
91 3
91 5
91 7
91 9
91 11
91 13
91 14
91 15
91 19
91 20
91 22
91 23
91 25
91 27
91 29
91 30
91 31
91 35
91 37
91 38
91 39
91 42
91 44
91 46
91 48
91 50
91 51
91 52
91 54
91 55
91 57
91 58
91 61
91 67
91 69
91 71
91 72
91 75
91 78
91 80
91 81
91 82
91 84
91 90
92 2
92 3
92 4
92 5
92 8
92 10
92 11
92 12
92 13
92 14
92 17
92 18
92 23
92 25
92 26
92 28
92 31
92 32
92 37
92 39
92 40
92 41
92 42
92 43
92 44
92 45
92 46
92 47
92 48
92 49
92 50
92 54
92 55
92 56
92 62
92 63
92 64
92 65
92 66
92 67
92 68
92 69
92 71
92 74
92 75
92 78
92 79
92 80
92 81
92 86
92 90
93 1
93 2
93 4
93 6
93 7
93 10
93 12
93 14
93 16
93 17
93 19
93 21
93 24
93 25
93 26
93 28
93 29
93 30
93 32
93 36
93 38
93 42
93 44
93 46
93 49
93 53
93 56
93 58
93 59
93 60
93 62
93 64
93 65
93 66
93 69
93 70
93 71
93 72
93 75
93 76
93 77
93 78
93 81
93 83
93 84
93 85
93 87
93 88
93 90
93 92
94 2
94 3
94 6
94 14
94 15
94 16
94 17
94 18
94 19
94 20
94 21
94 22
94 23
94 24
94 27
94 29
94 31
94 32
94 34
94 35
94 36
94 38
94 39
94 41
94 43
94 45
94 46
94 49
94 50
94 52
94 55
94 56
94 58
94 60
94 61
94 62
94 65
94 68
94 74
94 76
94 81
94 82
94 84
94 85
94 86
94 87
94 88
94 89
94 93
95 2
95 5
95 8
95 9
95 14
95 17
95 18
95 19
95 24
95 26
95 27
95 28
95 32
95 33
95 34
95 35
95 37
95 38
95 39
95 43
95 45
95 46
95 47
95 49
95 51
95 54
95 55
95 61
95 63
95 64
95 68
95 72
95 74
95 75
95 79
95 80
95 82
95 84
95 85
95 86
95 87
95 88
95 89
95 91
96 1
96 2
96 3
96 6
96 12
96 13
96 14
96 20
96 21
96 22
96 23
96 25
96 28
96 30
96 32
96 34
96 35
96 36
96 37
96 39
96 40
96 41
96 42
96 43
96 46
96 48
96 51
96 52
96 53
96 55
96 59
96 61
96 62
96 63
96 64
96 65
96 68
96 71
96 73
96 76
96 77
96 78
96 79
96 80
96 83
96 84
96 86
96 88
96 93
96 94
96 95
97 1
97 2
97 6
97 7
97 8
97 9
97 10
97 11
97 12
97 13
97 14
97 15
97 16
97 17
97 18
97 21
97 23
97 24
97 25
97 27
97 30
97 31
97 33
97 34
97 35
97 38
97 40
97 42
97 45
97 49
97 50
97 51
97 52
97 55
97 57
97 59
97 61
97 62
97 66
97 68
97 69
97 70
97 71
97 72
97 73
97 74
97 76
97 77
97 79
97 81
97 82
97 83
97 86
97 89
97 92
97 93
97 94
97 96
98 9
98 12
98 13
98 16
98 17
98 19
98 20
98 24
98 27
98 28
98 29
98 30
98 34
98 35
98 37
98 38
98 42
98 46
98 48
98 49
98 50
98 52
98 53
98 58
98 61
98 62
98 63
98 65
98 67
98 68
98 71
98 75
98 76
98 79
98 84
98 85
98 87
98 88
98 89
98 95
98 96
98 97
99 5
99 10
99 11
99 13
99 14
99 16
99 18
99 19
99 20
99 21
99 23
99 25
99 28
99 29
99 30
99 31
99 32
99 33
99 35
99 37
99 46
99 47
99 48
99 54
99 58
99 59
99 61
99 62
99 63
99 66
99 74
99 75
99 76
99 77
99 80
99 82
99 83
99 84
99 86
99 87
99 88
99 90
99 93
99 95
99 97
100 1
100 2
100 3
100 6
100 7
100 8
100 9
100 10
100 11
100 13
100 14
100 16
100 17
100 18
100 19
100 22
100 23
100 25
100 26
100 28
100 29
100 30
100 32
100 33
100 34
100 35
100 38
100 42
100 44
100 47
100 48
100 49
100 52
100 54
100 56
100 57
100 58
100 60
100 62
100 63
100 65
100 66
100 68
100 69
100 70
100 71
100 73
100 75
100 77
100 78
100 79
100 81
100 82
100 86
100 87
100 89
100 92
100 94
100 96
100 97
101 1
101 3
101 9
101 10
101 12
101 13
101 14
101 15
101 16
101 17
101 18
101 19
101 22
101 26
101 28
101 32
101 33
101 34
101 37
101 38
101 40
101 41
101 42
101 46
101 48
101 52
101 57
101 60
101 62
101 65
101 66
101 68
101 70
101 71
101 72
101 74
101 75
101 78
101 80
101 90
101 91
101 93
101 96
101 97
101 99
102 1
102 2
102 5
102 9
102 13
102 15
102 16
102 19
102 20
102 21
102 22
102 25
102 27
102 31
102 32
102 33
102 37
102 40
102 41
102 43
102 45
102 47
102 48
102 49
102 55
102 57
102 59
102 62
102 66
102 68
102 69
102 70
102 72
102 73
102 74
102 75
102 80
102 82
102 84
102 85
102 86
102 89
102 90
102 92
102 93
102 94
102 95
102 97
102 98
102 99
102 101
103 2
103 5
103 7
103 9
103 12
103 13
103 17
103 18
103 21
103 24
103 25
103 26
103 27
103 29
103 33
103 34
103 36
103 39
103 43
103 44
103 45
103 47
103 48
103 49
103 55
103 60
103 63
103 69
103 72
103 73
103 74
103 75
103 76
103 77
103 78
103 79
103 82
103 83
103 85
103 86
103 91
103 92
103 94
103 95
103 96
103 99
104 2
104 4
104 7
104 8
104 11
104 13
104 14
104 15
104 17
104 18
104 20
104 21
104 22
104 23
104 24
104 25
104 29
104 30
104 31
104 34
104 35
104 38
104 40
104 42
104 43
104 45
104 46
104 47
104 49
104 51
104 53
104 55
104 57
104 58
104 59
104 62
104 63
104 64
104 69
104 72
104 75
104 77
104 80
104 81
104 83
104 85
104 86
104 87
104 89
104 93
104 96
104 98
104 100
104 102
105 2
105 7
105 9
105 12
105 14
105 15
105 16
105 17
105 18
105 22
105 23
105 24
105 25
105 28
105 30
105 32
105 33
105 36
105 37
105 40
105 41
105 42
105 45
105 47
105 50
105 51
105 52
105 57
105 59
105 61
105 62
105 63
105 65
105 69
105 71
105 72
105 73
105 74
105 76
105 79
105 85
105 88
105 89
105 90
105 91
105 93
105 96
105 98
105 99
105 104
106 1
106 2
106 4
106 5
106 6
106 7
106 9
106 10
106 11
106 13
106 14
106 15
106 16
106 21
106 23
106 25
106 29
106 30
106 32
106 33
106 35
106 37
106 38
106 41
106 43
106 45
106 47
106 53
106 54
106 55
106 56
106 58
106 62
106 67
106 68
106 69
106 73
106 75
106 78
106 80
106 82
106 83
106 91
106 94
106 96
106 100
106 101
106 104
106 105
107 3
107 7
107 8
107 10
107 11
107 12
107 13
107 15
107 17
107 20
107 21
107 27
107 28
107 30
107 33
107 35
107 36
107 37
107 44
107 46
107 47
107 49
107 52
107 53
107 55
107 56
107 58
107 59
107 61
107 62
107 66
107 67
107 68
107 69
107 70
107 73
107 75
107 76
107 77
107 79
107 80
107 83
107 84
107 86
107 90
107 92
107 94
107 95
107 99
107 100
107 103
107 104
107 105
107 106
108 1
108 5
108 6
108 7
108 8
108 9
108 10
108 16
108 18
108 20
108 21
108 22
108 25
108 30
108 32
108 33
108 37
108 42
108 43
108 44
108 46
108 47
108 51
108 56
108 58
108 60
108 64
108 65
108 67
108 69
108 70
108 71
108 75
108 77
108 81
108 83
108 87
108 88
108 91
108 93
108 95
108 100
108 102
108 105
108 107
109 6
109 7
109 12
109 13
109 15
109 17
109 20
109 21
109 22
109 23
109 26
109 28
109 33
109 35
109 36
109 37
109 38
109 41
109 43
109 49
109 52
109 56
109 61
109 62
109 63
109 64
109 65
109 66
109 68
109 69
109 70
109 71
109 72
109 75
109 76
109 83
109 85
109 86
109 90
109 92
109 93
109 94
109 95
109 97
109 98
109 100
109 103
109 105
109 106
110 3
110 4
110 5
110 8
110 9
110 11
110 12
110 13
110 14
110 15
110 17
110 18
110 19
110 22
110 23
110 24
110 25
110 26
110 27
110 32
110 33
110 35
110 39
110 42
110 44
110 45
110 46
110 47
110 49
110 50
110 55
110 56
110 59
110 63
110 64
110 65
110 69
110 70
110 73
110 74
110 77
110 79
110 80
110 82
110 83
110 86
110 87
110 91
110 93
110 94
110 98
110 99
110 100
110 101
110 102
110 103
110 105
110 106
111 1
111 2
111 4
111 5
111 8
111 11
111 13
111 14
111 15
111 16
111 17
111 18
111 25
111 26
111 28
111 29
111 31
111 32
111 33
111 35
111 36
111 37
111 38
111 41
111 42
111 43
111 44
111 47
111 49
111 50
111 51
111 58
111 61
111 62
111 63
111 65
111 66
111 68
111 69
111 71
111 72
111 74
111 76
111 79
111 84
111 85
111 86
111 88
111 89
111 90
111 91
111 92
111 97
111 98
111 99
111 103
111 104
111 106
111 107
112 1
112 2
112 3
112 6
112 7
112 8
112 9
112 10
112 11
112 15
112 16
112 20
112 22
112 24
112 30
112 32
112 34
112 35
112 36
112 37
112 38
112 40
112 41
112 44
112 48
112 50
112 51
112 55
112 59
112 60
112 62
112 63
112 64
112 65
112 66
112 67
112 68
112 72
112 73
112 74
112 75
112 79
112 81
112 84
112 85
112 87
112 88
112 89
112 95
112 98
112 100
112 101
112 103
112 105
112 109
112 110
112 111
113 1
113 2
113 3
113 6
113 7
113 9
113 10
113 11
113 12
113 13
113 16
113 20
113 21
113 23
113 24
113 25
113 27
113 29
113 30
113 32
113 33
113 34
113 38
113 43
113 44
113 45
113 46
113 47
113 49
113 51
113 52
113 53
113 55
113 57
113 60
113 64
113 65
113 67
113 69
113 70
113 71
113 74
113 75
113 78
113 80
113 84
113 85
113 86
113 87
113 89
113 92
113 94
113 96
113 97
113 98
113 101
113 103
113 104
113 108
113 110
113 111
114 1
114 3
114 5
114 8
114 10
114 11
114 12
114 15
114 23
114 24
114 26
114 28
114 30
114 32
114 34
114 40
114 42
114 45
114 47
114 48
114 49
114 50
114 51
114 52
114 53
114 56
114 57
114 60
114 62
114 63
114 64
114 65
114 67
114 68
114 70
114 71
114 72
114 74
114 75
114 76
114 80
114 81
114 82
114 83
114 84
114 88
114 98
114 99
114 100
114 101
114 105
114 106
114 107
114 109
114 110
114 111
115 2
115 3
115 4
115 5
115 6
115 7
115 9
115 10
115 12
115 13
115 14
115 16
115 20
115 23
115 25
115 27
115 28
115 29
115 31
115 32
115 35
115 38
115 39
115 43
115 50
115 54
115 55
115 63
115 64
115 65
115 67
115 75
115 76
115 78
115 82
115 86
115 87
115 89
115 90
115 91
115 95
115 96
115 97
115 99
115 100
115 102
115 106
115 108
115 111
115 112
116 3
116 5
116 9
116 10
116 11
116 15
116 16
116 17
116 18
116 20
116 21
116 22
116 25
116 27
116 28
116 29
116 30
116 31
116 32
116 33
116 36
116 37
116 38
116 39
116 41
116 42
116 43
116 44
116 45
116 46
116 47
116 48
116 49
116 51
116 53
116 54
116 56
116 57
116 58
116 59
116 62
116 64
116 68
116 69
116 70
116 71
116 74
116 75
116 76
116 77
116 78
116 80
116 81
116 84
116 86
116 87
116 88
116 90
116 92
116 93
116 95
116 100
116 102
116 103
116 106
116 108
116 113
117 2
117 5
117 6
117 8
117 10
117 13
117 17
117 18
117 21
117 22
117 23
117 24
117 25
117 26
117 28
117 31
117 36
117 39
117 40
117 41
117 43
117 46
117 47
117 49
117 51
117 52
117 53
117 54
117 55
117 56
117 57
117 60
117 61
117 63
117 65
117 67
117 70
117 74
117 78
117 80
117 81
117 83
117 87
117 91
117 95
117 96
117 97
117 99
117 101
117 102
117 103
117 104
117 106
117 107
117 108
117 109
117 111
117 112
117 114
117 115
117 116
118 1
118 3
118 5
118 6
118 8
118 9
118 10
118 12
118 15
118 16
118 17
118 19
118 21
118 22
118 24
118 26
118 27
118 28
118 32
118 33
118 36
118 37
118 39
118 41
118 43
118 45
118 47
118 50
118 51
118 52
118 53
118 54
118 55
118 59
118 60
118 64
118 65
118 66
118 67
118 69
118 72
118 73
118 75
118 76
118 77
118 81
118 84
118 86
118 87
118 88
118 89
118 90
118 91
118 92
118 93
118 94
118 99
118 102
118 105
118 106
118 112
118 116
119 2
119 4
119 6
119 7
119 10
119 14
119 18
119 19
119 20
119 22
119 24
119 27
119 28
119 30
119 32
119 33
119 35
119 37
119 38
119 41
119 42
119 43
119 44
119 47
119 48
119 50
119 51
119 52
119 54
119 55
119 59
119 60
119 65
119 67
119 69
119 70
119 71
119 77
119 79
119 80
119 81
119 82
119 83
119 86
119 87
119 89
119 90
119 95
119 98
119 99
119 100
119 102
119 104
119 107
119 108
119 110
119 112
119 114
119 115
119 116
119 118
120 3
120 7
120 8
120 9
120 11
120 12
120 13
120 15
120 16
120 17
120 18
120 20
120 22
120 31
120 32
120 33
120 34
120 35
120 36
120 37
120 39
120 40
120 41
120 45
120 48
120 49
120 50
120 51
120 52
120 54
120 56
120 63
120 64
120 65
120 66
120 69
120 70
120 75
120 76
120 77
120 78
120 79
120 81
120 83
120 84
120 86
120 91
120 92
120 93
120 94
120 96
120 99
120 100
120 101
120 102
120 104
120 108
120 115
120 119
121 2
121 3
121 5
121 7
121 9
121 13
121 17
121 18
121 19
121 20
121 21
121 23
121 32
121 35
121 36
121 38
121 41
121 43
121 48
121 49
121 50
121 51
121 52
121 55
121 56
121 57
121 61
121 64
121 65
121 67
121 71
121 76
121 77
121 81
121 82
121 83
121 84
121 85
121 86
121 87
121 88
121 89
121 91
121 92
121 94
121 96
121 99
121 100
121 101
121 106
121 109
121 112
121 113
121 115
121 117
121 120
122 3
122 4
122 6
122 10
122 13
122 14
122 15
122 16
122 17
122 18
122 19
122 20
122 22
122 23
122 24
122 26
122 27
122 29
122 31
122 32
122 35
122 38
122 42
122 45
122 50
122 53
122 57
122 60
122 64
122 65
122 66
122 67
122 68
122 70
122 71
122 73
122 74
122 75
122 77
122 81
122 82
122 90
122 91
122 95
122 97
122 99
122 100
122 101
122 102
122 103
122 104
122 105
122 106
122 107
122 109
122 112
122 114
122 115
122 119
122 121
123 1
123 4
123 6
123 8
123 9
123 10
123 15
123 17
123 18
123 20
123 21
123 22
123 23
123 26
123 36
123 38
123 39
123 40
123 41
123 42
123 44
123 45
123 48
123 49
123 50
123 51
123 52
123 58
123 64
123 66
123 67
123 68
123 69
123 71
123 72
123 74
123 75
123 78
123 79
123 81
123 82
123 83
123 84
123 85
123 86
123 87
123 88
123 89
123 90
123 94
123 95
123 97
123 101
123 103
123 106
123 109
123 111
123 112
123 113
123 118
123 120
123 122
124 1
124 2
124 3
124 6
124 7
124 8
124 9
124 11
124 12
124 13
124 14
124 17
124 20
124 21
124 22
124 25
124 26
124 27
124 34
124 35
124 38
124 39
124 40
124 44
124 47
124 49
124 52
124 53
124 54
124 55
124 56
124 57
124 60
124 64
124 66
124 67
124 68
124 69
124 70
124 71
124 72
124 73
124 74
124 76
124 77
124 80
124 81
124 82
124 84
124 85
124 89
124 90
124 91
124 93
124 96
124 97
124 99
124 102
124 103
124 106
124 111
124 114
124 115
124 116
124 117
124 118
124 120
124 122
124 123
125 2
125 3
125 4
125 6
125 8
125 11
125 12
125 13
125 14
125 15
125 17
125 19
125 26
125 28
125 30
125 35
125 37
125 38
125 39
125 40
125 43
125 45
125 46
125 47
125 48
125 49
125 51
125 52
125 54
125 55
125 56
125 58
125 60
125 63
125 64
125 65
125 68
125 69
125 72
125 73
125 74
125 77
125 78
125 80
125 82
125 84
125 85
125 86
125 87
125 88
125 89
125 90
125 91
125 93
125 94
125 96
125 98
125 99
125 102
125 105
125 106
125 107
125 108
125 111
125 121
125 123
126 3
126 4
126 5
126 9
126 10
126 12
126 14
126 15
126 16
126 21
126 22
126 24
126 25
126 26
126 30
126 34
126 35
126 37
126 39
126 40
126 41
126 45
126 46
126 48
126 49
126 51
126 52
126 56
126 57
126 58
126 59
126 63
126 64
126 65
126 66
126 67
126 71
126 72
126 74
126 77
126 78
126 79
126 80
126 81
126 82
126 85
126 87
126 88
126 89
126 94
126 98
126 99
126 103
126 104
126 105
126 106
126 107
126 108
126 109
126 111
126 112
126 113
126 115
126 117
126 118
126 121
126 122
126 124
126 125
127 3
127 6
127 7
127 8
127 9
127 11
127 12
127 13
127 14
127 16
127 17
127 18
127 23
127 24
127 35
127 36
127 38
127 39
127 40
127 48
127 49
127 51
127 52
127 54
127 56
127 57
127 58
127 63
127 66
127 67
127 68
127 70
127 75
127 77
127 78
127 80
127 82
127 83
127 85
127 87
127 90
127 93
127 100
127 105
127 109
127 110
127 111
127 112
127 114
127 115
127 118
127 121
127 122
127 124
127 125
127 126
128 3
128 4
128 6
128 7
128 8
128 12
128 13
128 15
128 16
128 19
128 22
128 23
128 24
128 25
128 27
128 28
128 32
128 33
128 36
128 37
128 38
128 41
128 43
128 44
128 45
128 47
128 48
128 50
128 51
128 53
128 56
128 58
128 59
128 61
128 63
128 72
128 73
128 75
128 76
128 77
128 79
128 80
128 81
128 82
128 84
128 86
128 87
128 88
128 89
128 92
128 93
128 94
128 95
128 96
128 97
128 99
128 100
128 102
128 106
128 108
128 109
128 114
128 115
128 117
128 118
128 119
128 121
128 124
128 125
128 126
129 2
129 3
129 5
129 8
129 10
129 11
129 15
129 17
129 18
129 20
129 21
129 24
129 29
129 30
129 31
129 33
129 34
129 36
129 38
129 39
129 41
129 44
129 48
129 51
129 52
129 54
129 55
129 57
129 60
129 63
129 65
129 66
129 68
129 69
129 70
129 71
129 73
129 75
129 77
129 81
129 82
129 83
129 86
129 92
129 93
129 95
129 96
129 98
129 100
129 101
129 103
129 104
129 105
129 107
129 108
129 110
129 112
129 113
129 114
129 115
129 116
129 117
129 121
129 122
129 123
129 124
129 125
129 126
130 2
130 3
130 4
130 6
130 7
130 9
130 12
130 17
130 18
130 20
130 22
130 23
130 25
130 26
130 28
130 29
130 30
130 34
130 35
130 38
130 40
130 41
130 43
130 44
130 45
130 46
130 47
130 49
130 60
130 61
130 63
130 67
130 73
130 75
130 76
130 78
130 79
130 83
130 85
130 89
130 90
130 94
130 95
130 97
130 98
130 99
130 102
130 104
130 105
130 107
130 114
130 115
130 120
130 121
130 122
130 123
130 124
130 125
130 126
130 127
130 129
131 2
131 5
131 6
131 10
131 11
131 12
131 16
131 17
131 21
131 22
131 24
131 27
131 30
131 31
131 32
131 35
131 36
131 38
131 41
131 42
131 45
131 46
131 48
131 49
131 51
131 54
131 55
131 56
131 58
131 59
131 60
131 71
131 73
131 77
131 81
131 83
131 84
131 85
131 89
131 90
131 91
131 93
131 94
131 95
131 96
131 97
131 99
131 102
131 106
131 109
131 111
131 112
131 114
131 116
131 117
131 119
131 122
131 125
131 127
131 128
131 129
132 1
132 4
132 5
132 6
132 7
132 11
132 13
132 14
132 15
132 17
132 18
132 19
132 20
132 28
132 30
132 31
132 34
132 35
132 37
132 38
132 39
132 40
132 41
132 42
132 45
132 46
132 47
132 48
132 49
132 50
132 55
132 57
132 59
132 60
132 61
132 62
132 63
132 66
132 67
132 68
132 69
132 71
132 78
132 79
132 81
132 86
132 88
132 89
132 91
132 92
132 94
132 95
132 96
132 97
132 98
132 99
132 100
132 101
132 102
132 104
132 106
132 107
132 108
132 110
132 113
132 114
132 116
132 118
132 120
132 123
132 125
132 128
132 131
133 3
133 4
133 5
133 10
133 11
133 12
133 13
133 15
133 17
133 19
133 23
133 25
133 29
133 30
133 31
133 33
133 35
133 37
133 39
133 40
133 41
133 43
133 44
133 45
133 46
133 47
133 48
133 49
133 50
133 52
133 53
133 54
133 56
133 58
133 59
133 67
133 69
133 71
133 74
133 77
133 78
133 81
133 82
133 83
133 84
133 90
133 91
133 92
133 93
133 101
133 104
133 107
133 109
133 110
133 112
133 113
133 118
133 119
133 122
133 123
133 127
133 128
134 2
134 4
134 10
134 11
134 16
134 19
134 20
134 21
134 22
134 23
134 25
134 26
134 27
134 28
134 35
134 36
134 39
134 41
134 42
134 46
134 47
134 50
134 52
134 53
134 54
134 55
134 56
134 58
134 61
134 62
134 63
134 65
134 66
134 67
134 68
134 71
134 72
134 76
134 78
134 83
134 86
134 87
134 88
134 91
134 92
134 95
134 96
134 98
134 99
134 100
134 103
134 104
134 105
134 107
134 110
134 111
134 113
134 121
134 127
134 129
134 131
134 132
135 1
135 2
135 3
135 5
135 9
135 10
135 11
135 14
135 15
135 17
135 20
135 22
135 25
135 26
135 27
135 29
135 30
135 31
135 32
135 33
135 34
135 35
135 38
135 39
135 41
135 45
135 46
135 47
135 48
135 49
135 51
135 52
135 56
135 57
135 60
135 61
135 62
135 63
135 67
135 68
135 70
135 71
135 72
135 75
135 79
135 82
135 84
135 85
135 86
135 88
135 89
135 91
135 93
135 97
135 99
135 101
135 102
135 103
135 105
135 107
135 109
135 112
135 114
135 115
135 116
135 117
135 121
135 124
135 125
135 126
135 128
135 130
135 132
136 2
136 4
136 11
136 12
136 13
136 14
136 20
136 21
136 22
136 23
136 25
136 27
136 31
136 34
136 36
136 40
136 41
136 43
136 44
136 45
136 49
136 50
136 51
136 54
136 55
136 56
136 57
136 61
136 64
136 66
136 68
136 69
136 70
136 71
136 73
136 74
136 79
136 80
136 81
136 83
136 87
136 88
136 89
136 91
136 92
136 93
136 94
136 95
136 101
136 103
136 105
136 106
136 107
136 108
136 109
136 110
136 114
136 115
136 117
136 119
136 120
136 121
136 123
136 125
136 126
136 127
136 128
136 129
136 131
136 134
136 135
137 2
137 4
137 5
137 6
137 7
137 8
137 9
137 11
137 12
137 13
137 14
137 18
137 20
137 23
137 24
137 26
137 27
137 30
137 31
137 32
137 34
137 35
137 36
137 37
137 38
137 41
137 42
137 43
137 49
137 50
137 51
137 53
137 54
137 55
137 57
137 59
137 60
137 62
137 63
137 64
137 67
137 68
137 72
137 76
137 79
137 83
137 84
137 85
137 91
137 92
137 94
137 96
137 97
137 98
137 100
137 101
137 102
137 103
137 106
137 107
137 113
137 115
137 116
137 117
137 119
137 120
137 121
137 123
137 124
137 128
137 132
137 133
138 1
138 4
138 5
138 6
138 7
138 14
138 15
138 20
138 21
138 23
138 27
138 31
138 32
138 34
138 35
138 36
138 37
138 38
138 42
138 45
138 48
138 51
138 59
138 60
138 62
138 64
138 65
138 68
138 69
138 72
138 73
138 74
138 75
138 79
138 80
138 82
138 83
138 84
138 85
138 87
138 89
138 90
138 91
138 95
138 98
138 106
138 107
138 108
138 109
138 110
138 113
138 115
138 119
138 120
138 124
138 127
138 128
138 131
138 134
138 135
138 136
138 137
139 1
139 2
139 5
139 6
139 9
139 10
139 11
139 12
139 13
139 21
139 22
139 23
139 24
139 25
139 27
139 29
139 31
139 32
139 34
139 35
139 36
139 37
139 38
139 42
139 43
139 45
139 47
139 48
139 50
139 52
139 57
139 59
139 60
139 67
139 69
139 71
139 73
139 74
139 78
139 80
139 83
139 86
139 87
139 93
139 94
139 98
139 100
139 104
139 105
139 107
139 109
139 111
139 113
139 115
139 117
139 118
139 120
139 123
139 127
139 128
139 131
139 134
139 135
139 136
140 2
140 3
140 4
140 6
140 7
140 10
140 11
140 12
140 13
140 18
140 21
140 24
140 25
140 26
140 30
140 31
140 32
140 34
140 35
140 36
140 37
140 41
140 42
140 43
140 45
140 46
140 49
140 51
140 54
140 55
140 56
140 59
140 60
140 61
140 63
140 64
140 70
140 72
140 73
140 77
140 82
140 86
140 88
140 89
140 90
140 92
140 94
140 98
140 99
140 100
140 101
140 102
140 104
140 105
140 107
140 108
140 111
140 112
140 114
140 115
140 116
140 117
140 118
140 122
140 124
140 125
140 127
140 130
140 131
140 132
140 133
140 135
140 136
140 137
