160
6296
4 2
4 3
5 1
5 4
6 1
6 2
6 4
7 4
7 5
8 4
8 5
8 6
9 3
9 4
9 5
10 1
10 4
10 7
11 2
11 3
11 4
11 8
11 9
12 2
12 3
12 7
12 9
12 10
13 1
13 2
13 3
13 4
13 5
13 7
13 9
13 10
13 11
14 1
14 4
14 5
14 9
14 11
14 12
15 3
15 5
15 10
15 13
16 1
16 2
16 3
16 6
16 7
16 10
16 11
16 14
17 1
17 2
17 3
17 4
17 5
17 6
17 7
17 12
17 13
17 15
17 16
18 1
18 4
18 6
18 7
18 8
18 9
18 12
18 13
18 16
18 17
19 1
19 2
19 4
19 5
19 6
19 7
19 9
19 10
19 12
19 13
19 14
19 15
19 16
20 1
20 2
20 3
20 4
20 6
20 7
20 8
20 12
20 14
20 15
21 3
21 7
21 8
21 16
22 1
22 4
22 8
22 11
22 12
22 13
22 14
22 18
22 20
22 21
23 1
23 2
23 3
23 6
23 7
23 8
23 9
23 10
23 11
23 13
23 16
23 17
23 18
23 19
23 21
24 1
24 4
24 9
24 10
24 12
24 13
24 14
24 16
24 19
24 20
24 21
24 22
24 23
25 5
25 7
25 9
25 11
25 13
25 16
25 17
25 18
25 21
25 22
25 23
26 1
26 2
26 3
26 7
26 8
26 9
26 12
26 13
26 16
26 17
26 18
26 19
26 24
27 2
27 4
27 5
27 6
27 8
27 9
27 10
27 11
27 13
27 14
27 19
27 20
27 22
27 23
27 24
27 25
27 26
28 3
28 4
28 5
28 11
28 13
28 15
28 18
28 19
28 20
28 21
28 22
28 23
28 24
28 25
29 1
29 6
29 8
29 13
29 16
29 20
29 22
29 24
29 25
30 1
30 2
30 9
30 11
30 16
30 18
30 19
30 20
30 25
30 26
30 28
30 29
31 1
31 2
31 3
31 5
31 6
31 7
31 10
31 12
31 13
31 15
31 16
31 17
31 20
31 21
31 22
31 23
31 24
31 25
31 26
31 27
31 28
31 30
32 1
32 2
32 3
32 4
32 7
32 10
32 14
32 15
32 17
32 19
32 26
32 29
32 31
33 1
33 5
33 6
33 7
33 8
33 9
33 11
33 12
33 17
33 23
33 24
33 27
33 31
33 32
34 2
34 4
34 5
34 6
34 9
34 10
34 11
34 13
34 15
34 16
34 17
34 23
34 27
34 30
34 32
34 33
35 1
35 2
35 7
35 9
35 10
35 12
35 13
35 15
35 16
35 17
35 18
35 20
35 21
35 22
35 23
35 25
35 26
35 28
35 29
35 30
35 31
35 33
35 34
36 1
36 2
36 3
36 6
36 7
36 12
36 13
36 15
36 17
36 19
36 21
36 22
36 24
36 25
36 26
36 27
36 29
36 32
37 6
37 11
37 12
37 13
37 15
37 16
37 19
37 20
37 24
37 25
37 27
37 31
37 32
37 33
37 34
37 35
38 3
38 6
38 8
38 10
38 14
38 21
38 24
38 26
38 27
38 29
38 30
38 32
39 3
39 4
39 5
39 6
39 7
39 10
39 12
39 13
39 14
39 16
39 18
39 20
39 22
39 25
39 26
39 28
39 32
39 33
39 37
40 1
40 2
40 3
40 5
40 6
40 7
40 10
40 13
40 14
40 15
40 18
40 21
40 22
40 23
40 25
40 27
40 28
40 29
40 31
40 32
40 33
40 34
40 35
40 36
40 37
41 1
41 3
41 5
41 6
41 8
41 10
41 17
41 20
41 21
41 22
41 23
41 25
41 27
41 28
41 29
41 30
41 31
41 32
41 33
41 34
41 36
41 37
42 3
42 4
42 6
42 8
42 12
42 18
42 24
42 27
42 31
42 33
42 34
42 37
42 38
42 39
43 1
43 3
43 4
43 5
43 6
43 7
43 9
43 12
43 13
43 16
43 17
43 18
43 19
43 21
43 23
43 24
43 28
43 33
43 34
43 39
43 40
43 41
43 42
44 4
44 5
44 8
44 10
44 11
44 13
44 14
44 18
44 19
44 20
44 21
44 24
44 25
44 26
44 27
44 29
44 32
44 33
44 36
44 39
44 40
45 2
45 3
45 4
45 5
45 10
45 13
45 15
45 16
45 18
45 21
45 23
45 25
45 31
45 32
45 33
45 34
45 37
45 39
45 42
46 2
46 3
46 4
46 5
46 6
46 7
46 9
46 10
46 11
46 12
46 13
46 14
46 15
46 22
46 25
46 28
46 29
46 30
46 34
46 37
46 38
46 42
47 2
47 4
47 5
47 6
47 7
47 9
47 12
47 14
47 16
47 17
47 18
47 19
47 20
47 21
47 22
47 23
47 26
47 27
47 28
47 30
47 31
47 34
47 35
47 38
47 41
47 42
47 43
47 44
47 45
48 4
48 5
48 6
48 7
48 8
48 9
48 11
48 12
48 13
48 15
48 16
48 18
48 19
48 25
48 27
48 28
48 29
48 33
48 39
48 40
48 42
48 43
48 44
48 45
48 46
49 3
49 7
49 11
49 12
49 13
49 19
49 20
49 21
49 22
49 23
49 24
49 25
49 26
49 27
49 31
49 32
49 33
49 36
49 38
49 39
49 41
49 43
49 46
49 47
50 1
50 3
50 4
50 6
50 7
50 8
50 9
50 10
50 15
50 16
50 17
50 18
50 21
50 22
50 24
50 26
50 27
50 28
50 31
50 32
50 33
50 37
50 40
50 42
50 44
50 48
51 2
51 6
51 7
51 9
51 10
51 13
51 14
51 18
51 19
51 23
51 24
51 26
51 28
51 29
51 32
51 35
51 39
51 41
51 43
51 44
51 45
51 47
51 48
51 49
52 8
52 9
52 10
52 11
52 12
52 13
52 14
52 15
52 17
52 18
52 19
52 20
52 21
52 22
52 23
52 24
52 25
52 26
52 27
52 33
52 34
52 43
52 44
52 45
52 46
52 48
52 49
53 1
53 2
53 4
53 8
53 9
53 10
53 12
53 15
53 19
53 21
53 23
53 27
53 31
53 34
53 35
53 39
53 41
53 42
53 43
53 44
53 49
54 1
54 6
54 7
54 10
54 12
54 14
54 15
54 16
54 22
54 23
54 24
54 25
54 27
54 29
54 33
54 35
54 39
54 44
54 47
54 49
54 50
54 53
55 2
55 3
55 4
55 9
55 16
55 19
55 20
55 21
55 26
55 27
55 28
55 31
55 32
55 35
55 37
55 38
55 39
55 41
55 42
55 43
55 44
55 46
55 48
55 51
55 52
55 53
55 54
56 3
56 5
56 8
56 9
56 11
56 13
56 17
56 24
56 25
56 26
56 27
56 30
56 31
56 33
56 35
56 37
56 38
56 39
56 40
56 41
56 43
56 44
56 46
56 47
56 49
56 51
56 55
57 1
57 2
57 4
57 5
57 9
57 12
57 13
57 14
57 19
57 24
57 28
57 29
57 30
57 31
57 32
57 34
57 35
57 39
57 40
57 41
57 43
57 44
57 45
57 47
57 49
57 51
57 52
57 54
57 56
58 4
58 5
58 8
58 10
58 13
58 14
58 15
58 16
58 18
58 19
58 24
58 27
58 29
58 30
58 32
58 33
58 37
58 38
58 39
58 40
58 42
58 43
58 44
58 46
58 48
58 49
58 50
58 51
58 52
58 53
58 55
58 56
59 1
59 6
59 7
59 9
59 11
59 12
59 13
59 16
59 18
59 20
59 21
59 22
59 23
59 24
59 26
59 28
59 31
59 34
59 38
59 39
59 41
59 42
59 43
59 46
59 47
59 48
59 51
59 52
59 53
59 55
59 56
59 58
60 2
60 4
60 5
60 7
60 10
60 11
60 12
60 15
60 18
60 22
60 23
60 25
60 26
60 28
60 29
60 30
60 31
60 37
60 38
60 39
60 40
60 42
60 44
60 46
60 47
60 52
60 54
60 55
60 57
60 58
61 2
61 3
61 4
61 5
61 6
61 8
61 12
61 14
61 17
61 20
61 26
61 27
61 33
61 34
61 35
61 36
61 40
61 41
61 43
61 45
61 47
61 49
61 57
61 58
61 59
62 1
62 2
62 3
62 10
62 12
62 16
62 17
62 18
62 19
62 20
62 21
62 24
62 27
62 28
62 30
62 34
62 44
62 45
62 46
62 47
62 51
62 54
62 55
62 59
62 61
63 2
63 3
63 6
63 9
63 13
63 17
63 19
63 20
63 21
63 23
63 27
63 33
63 40
63 41
63 43
63 46
63 47
63 48
63 52
63 53
63 54
63 55
63 56
63 58
63 60
63 61
64 1
64 3
64 4
64 5
64 6
64 7
64 8
64 9
64 10
64 11
64 17
64 18
64 19
64 20
64 21
64 22
64 24
64 27
64 30
64 31
64 33
64 34
64 35
64 36
64 38
64 39
64 41
64 44
64 45
64 46
64 47
64 48
64 51
64 52
64 55
64 56
64 57
64 58
64 60
64 61
65 1
65 2
65 7
65 8
65 9
65 14
65 16
65 20
65 21
65 23
65 27
65 29
65 30
65 32
65 39
65 44
65 45
65 46
65 47
65 48
65 50
65 59
65 60
65 61
65 63
66 1
66 2
66 3
66 4
66 5
66 9
66 11
66 12
66 15
66 16
66 19
66 21
66 22
66 26
66 27
66 30
66 31
66 33
66 38
66 39
66 41
66 43
66 44
66 48
66 50
66 52
66 55
66 56
66 57
66 59
66 62
66 63
66 64
66 65
67 1
67 3
67 4
67 7
67 9
67 10
67 13
67 14
67 15
67 20
67 21
67 22
67 24
67 26
67 30
67 32
67 35
67 36
67 37
67 39
67 40
67 46
67 47
67 49
67 52
67 60
67 61
67 64
68 1
68 2
68 3
68 4
68 6
68 8
68 13
68 14
68 15
68 17
68 18
68 19
68 21
68 25
68 26
68 28
68 29
68 30
68 33
68 34
68 37
68 38
68 41
68 42
68 43
68 46
68 48
68 50
68 51
68 52
68 58
68 59
68 60
68 62
68 63
68 66
69 1
69 4
69 5
69 9
69 10
69 12
69 14
69 15
69 17
69 18
69 19
69 20
69 22
69 23
69 25
69 26
69 33
69 34
69 35
69 36
69 38
69 39
69 41
69 44
69 45
69 49
69 53
69 56
69 57
69 58
69 61
69 63
69 66
69 67
69 68
70 2
70 4
70 6
70 7
70 10
70 12
70 15
70 18
70 19
70 22
70 23
70 24
70 27
70 37
70 39
70 40
70 41
70 42
70 45
70 47
70 48
70 49
70 50
70 51
70 53
70 55
70 56
70 57
70 61
70 63
70 66
71 1
71 2
71 4
71 9
71 10
71 11
71 13
71 16
71 17
71 18
71 20
71 21
71 27
71 28
71 29
71 30
71 31
71 32
71 33
71 34
71 37
71 38
71 41
71 46
71 47
71 48
71 51
71 54
71 55
71 58
71 59
71 61
71 62
71 63
71 66
71 67
71 68
72 3
72 4
72 5
72 6
72 9
72 10
72 12
72 13
72 16
72 17
72 20
72 25
72 26
72 27
72 30
72 32
72 35
72 40
72 45
72 46
72 47
72 52
72 53
72 54
72 57
72 59
72 62
72 63
72 65
72 66
72 67
73 1
73 2
73 4
73 7
73 8
73 9
73 18
73 19
73 23
73 27
73 28
73 30
73 35
73 36
73 38
73 39
73 40
73 41
73 43
73 44
73 45
73 46
73 47
73 48
73 50
73 52
73 53
73 56
73 57
73 58
73 59
73 60
73 62
73 64
73 65
73 69
73 70
73 71
73 72
74 2
74 3
74 4
74 5
74 7
74 8
74 10
74 12
74 13
74 16
74 18
74 22
74 23
74 24
74 25
74 26
74 28
74 30
74 31
74 33
74 35
74 39
74 42
74 43
74 44
74 45
74 46
74 49
74 50
74 51
74 52
74 53
74 54
74 56
74 63
74 66
74 68
74 70
74 72
75 1
75 4
75 8
75 9
75 13
75 15
75 18
75 19
75 22
75 23
75 25
75 26
75 27
75 28
75 31
75 32
75 35
75 36
75 37
75 40
75 42
75 44
75 45
75 47
75 48
75 52
75 53
75 55
75 57
75 58
75 61
75 63
75 64
75 65
75 66
75 67
75 68
75 71
76 1
76 3
76 4
76 7
76 11
76 12
76 13
76 15
76 19
76 20
76 23
76 25
76 27
76 31
76 32
76 35
76 37
76 39
76 40
76 44
76 48
76 51
76 52
76 53
76 62
76 63
76 65
76 66
76 68
76 69
76 73
76 74
77 1
77 2
77 3
77 4
77 5
77 8
77 10
77 11
77 12
77 13
77 15
77 20
77 23
77 27
77 28
77 32
77 36
77 38
77 40
77 41
77 42
77 44
77 45
77 47
77 52
77 56
77 60
77 61
77 62
77 64
77 65
77 68
77 71
77 72
77 73
77 76
78 1
78 4
78 6
78 7
78 8
78 9
78 10
78 12
78 13
78 14
78 18
78 21
78 25
78 26
78 27
78 28
78 35
78 37
78 40
78 41
78 43
78 49
78 50
78 51
78 52
78 55
78 56
78 58
78 63
78 66
78 69
78 70
78 71
78 73
78 74
78 76
78 77
79 2
79 3
79 5
79 8
79 9
79 11
79 13
79 14
79 15
79 16
79 17
79 19
79 21
79 22
79 23
79 24
79 25
79 28
79 29
79 30
79 35
79 36
79 38
79 40
79 42
79 45
79 47
79 48
79 49
79 50
79 52
79 53
79 55
79 56
79 58
79 59
79 60
79 62
79 63
79 68
79 69
79 74
79 75
79 76
79 77
80 1
80 2
80 3
80 5
80 7
80 11
80 12
80 13
80 15
80 18
80 22
80 23
80 31
80 32
80 33
80 36
80 37
80 41
80 43
80 45
80 49
80 51
80 54
80 59
80 63
80 65
80 66
80 67
80 68
80 72
80 73
80 76
81 1
81 3
81 4
81 5
81 6
81 8
81 9
81 10
81 12
81 16
81 18
81 20
81 21
81 23
81 24
81 25
81 27
81 29
81 30
81 31
81 33
81 35
81 36
81 37
81 38
81 42
81 44
81 46
81 47
81 48
81 50
81 51
81 52
81 54
81 56
81 58
81 60
81 62
81 65
81 67
81 69
81 70
81 71
81 72
81 73
81 74
81 75
81 78
82 1
82 4
82 6
82 8
82 9
82 10
82 13
82 14
82 16
82 18
82 19
82 21
82 23
82 26
82 27
82 31
82 33
82 38
82 39
82 41
82 44
82 50
82 52
82 53
82 55
82 56
82 58
82 60
82 61
82 63
82 67
82 68
82 69
82 70
82 73
82 76
83 5
83 6
83 7
83 8
83 9
83 11
83 12
83 14
83 26
83 27
83 30
83 31
83 32
83 33
83 34
83 36
83 43
83 44
83 45
83 55
83 57
83 59
83 61
83 63
83 64
83 65
83 71
83 72
83 76
83 77
83 78
84 1
84 2
84 6
84 8
84 10
84 11
84 12
84 14
84 16
84 18
84 20
84 21
84 22
84 24
84 27
84 31
84 32
84 34
84 35
84 36
84 39
84 44
84 46
84 47
84 48
84 49
84 50
84 51
84 52
84 55
84 58
84 60
84 62
84 64
84 67
84 72
84 73
84 74
84 75
84 77
84 78
84 82
84 83
85 1
85 2
85 3
85 4
85 6
85 7
85 10
85 11
85 12
85 13
85 16
85 19
85 20
85 21
85 22
85 23
85 30
85 31
85 33
85 34
85 37
85 38
85 40
85 45
85 47
85 49
85 50
85 54
85 56
85 57
85 58
85 60
85 66
85 69
85 72
85 74
85 80
85 83
85 84
86 1
86 2
86 4
86 6
86 8
86 10
86 13
86 14
86 16
86 17
86 18
86 19
86 22
86 23
86 28
86 31
86 34
86 35
86 39
86 40
86 42
86 43
86 45
86 47
86 48
86 50
86 54
86 57
86 61
86 64
86 66
86 68
86 71
86 72
86 74
86 80
86 81
86 85
87 6
87 7
87 9
87 10
87 11
87 13
87 14
87 16
87 17
87 18
87 20
87 25
87 27
87 28
87 29
87 30
87 33
87 35
87 36
87 38
87 39
87 42
87 44
87 45
87 46
87 47
87 49
87 51
87 52
87 55
87 56
87 58
87 61
87 63
87 66
87 67
87 68
87 69
87 70
87 71
87 72
87 73
87 74
87 77
87 79
87 83
87 86
88 1
88 2
88 6
88 7
88 8
88 9
88 10
88 11
88 13
88 16
88 17
88 18
88 19
88 20
88 22
88 25
88 29
88 30
88 31
88 35
88 39
88 40
88 44
88 47
88 49
88 51
88 52
88 57
88 59
88 60
88 61
88 64
88 65
88 70
88 72
88 74
88 76
88 77
88 79
88 81
88 87
89 1
89 2
89 5
89 7
89 8
89 15
89 17
89 18
89 19
89 21
89 23
89 30
89 31
89 32
89 33
89 36
89 37
89 40
89 41
89 42
89 43
89 44
89 45
89 46
89 47
89 48
89 49
89 50
89 52
89 55
89 56
89 57
89 58
89 59
89 60
89 62
89 63
89 64
89 65
89 67
89 68
89 69
89 70
89 75
89 79
89 81
89 88
90 3
90 4
90 6
90 7
90 9
90 10
90 11
90 13
90 14
90 15
90 16
90 20
90 22
90 26
90 27
90 29
90 31
90 32
90 38
90 40
90 41
90 44
90 46
90 50
90 51
90 52
90 53
90 55
90 59
90 63
90 64
90 65
90 69
90 71
90 75
90 78
90 80
90 81
90 83
90 87
91 1
91 6
91 8
91 9
91 10
91 11
91 12
91 13
91 14
91 18
91 20
91 22
91 24
91 25
91 26
91 29
91 30
91 34
91 36
91 37
91 39
91 42
91 45
91 47
91 49
91 51
91 53
91 56
91 61
91 64
91 65
91 67
91 68
91 69
91 70
91 71
91 72
91 74
91 75
91 77
91 81
91 82
91 83
91 84
91 85
91 86
91 87
91 88
91 89
92 1
92 2
92 3
92 4
92 6
92 10
92 11
92 13
92 14
92 24
92 25
92 26
92 27
92 28
92 29
92 30
92 31
92 32
92 35
92 36
92 37
92 41
92 43
92 46
92 47
92 50
92 52
92 53
92 54
92 57
92 58
92 61
92 62
92 64
92 66
92 67
92 68
92 69
92 70
92 74
92 75
92 76
92 77
92 78
92 79
92 82
92 83
92 86
92 87
92 88
92 90
93 1
93 2
93 6
93 7
93 8
93 10
93 13
93 14
93 15
93 16
93 17
93 18
93 19
93 21
93 27
93 28
93 33
93 36
93 37
93 38
93 39
93 40
93 41
93 43
93 46
93 47
93 48
93 53
93 54
93 55
93 56
93 57
93 58
93 61
93 69
93 70
93 71
93 74
93 75
93 78
93 80
93 81
93 83
93 88
93 89
93 90
94 1
94 2
94 3
94 4
94 7
94 9
94 10
94 11
94 12
94 16
94 17
94 18
94 20
94 21
94 23
94 24
94 25
94 27
94 29
94 33
94 34
94 35
94 36
94 42
94 44
94 49
94 51
94 52
94 53
94 56
94 57
94 62
94 63
94 64
94 65
94 66
94 68
94 71
94 72
94 73
94 74
94 76
94 77
94 79
94 80
94 85
94 86
94 89
94 90
94 91
95 2
95 8
95 9
95 14
95 15
95 19
95 20
95 21
95 23
95 24
95 28
95 30
95 33
95 34
95 37
95 40
95 41
95 42
95 44
95 45
95 46
95 52
95 53
95 59
95 60
95 61
95 64
95 70
95 74
95 77
95 78
95 79
95 80
95 81
95 82
95 84
95 89
95 90
95 91
95 93
95 94
96 5
96 7
96 8
96 10
96 14
96 20
96 22
96 25
96 26
96 28
96 29
96 30
96 34
96 35
96 36
96 38
96 40
96 44
96 46
96 49
96 50
96 52
96 53
96 55
96 57
96 58
96 59
96 60
96 61
96 63
96 64
96 66
96 67
96 69
96 70
96 71
96 72
96 74
96 76
96 77
96 79
96 80
96 82
96 85
96 86
96 88
96 89
96 90
96 93
96 94
96 95
97 1
97 2
97 3
97 4
97 6
97 7
97 8
97 9
97 10
97 11
97 13
97 16
97 18
97 21
97 22
97 26
97 27
97 28
97 31
97 35
97 39
97 42
97 44
97 46
97 48
97 49
97 50
97 51
97 52
97 53
97 56
97 57
97 61
97 62
97 65
97 67
97 69
97 76
97 80
97 81
97 85
97 86
97 87
97 91
97 93
97 95
98 4
98 6
98 7
98 10
98 11
98 12
98 13
98 15
98 17
98 18
98 19
98 20
98 21
98 24
98 26
98 27
98 28
98 29
98 31
98 32
98 33
98 34
98 37
98 38
98 43
98 44
98 46
98 47
98 48
98 50
98 51
98 55
98 56
98 58
98 60
98 61
98 62
98 63
98 64
98 65
98 68
98 72
98 74
98 79
98 81
98 82
98 83
98 84
98 85
98 88
98 91
98 93
98 94
98 97
99 1
99 2
99 3
99 4
99 6
99 7
99 8
99 9
99 13
99 14
99 15
99 16
99 20
99 22
99 24
99 27
99 28
99 29
99 30
99 31
99 33
99 37
99 41
99 42
99 43
99 45
99 47
99 51
99 52
99 53
99 55
99 56
99 57
99 60
99 61
99 69
99 70
99 71
99 73
99 77
99 78
99 80
99 83
99 84
99 86
99 89
99 90
99 92
99 93
99 94
99 97
99 98
100 2
100 4
100 5
100 6
100 7
100 9
100 10
100 12
100 15
100 17
100 19
100 20
100 23
100 24
100 25
100 26
100 27
100 30
100 31
100 33
100 34
100 38
100 39
100 44
100 47
100 50
100 51
100 53
100 56
100 61
100 62
100 63
100 65
100 66
100 67
100 71
100 72
100 74
100 77
100 79
100 81
100 82
100 83
100 84
100 88
100 90
100 94
100 97
100 98
100 99
101 2
101 3
101 5
101 6
101 7
101 9
101 11
101 13
101 14
101 15
101 16
101 18
101 19
101 22
101 24
101 25
101 26
101 28
101 30
101 31
101 33
101 34
101 35
101 36
101 37
101 39
101 44
101 47
101 50
101 54
101 57
101 61
101 62
101 64
101 65
101 67
101 72
101 73
101 75
101 76
101 82
101 84
101 87
101 88
101 89
101 91
101 93
101 96
101 97
101 99
102 4
102 5
102 7
102 9
102 10
102 11
102 12
102 13
102 14
102 15
102 18
102 19
102 21
102 22
102 23
102 24
102 26
102 27
102 29
102 30
102 32
102 35
102 36
102 39
102 44
102 48
102 50
102 51
102 52
102 54
102 59
102 60
102 62
102 69
102 70
102 71
102 73
102 74
102 77
102 78
102 80
102 81
102 82
102 85
102 87
102 88
102 89
102 91
102 92
102 94
102 99
102 100
103 2
103 4
103 5
103 8
103 11
103 14
103 16
103 17
103 21
103 23
103 25
103 26
103 28
103 29
103 30
103 33
103 34
103 35
103 36
103 37
103 38
103 41
103 42
103 51
103 52
103 55
103 60
103 61
103 62
103 63
103 64
103 68
103 70
103 72
103 73
103 77
103 81
103 82
103 83
103 86
103 87
103 89
103 94
103 97
103 98
103 99
103 102
104 1
104 3
104 5
104 10
104 12
104 13
104 14
104 16
104 17
104 20
104 22
104 24
104 26
104 28
104 30
104 33
104 35
104 36
104 37
104 38
104 39
104 41
104 43
104 44
104 47
104 53
104 54
104 55
104 56
104 58
104 61
104 62
104 63
104 64
104 65
104 67
104 68
104 72
104 76
104 77
104 80
104 84
104 85
104 86
104 89
104 90
104 91
104 93
104 95
104 97
104 98
104 99
104 101
104 102
104 103
105 1
105 3
105 4
105 5
105 7
105 8
105 11
105 12
105 13
105 14
105 17
105 18
105 19
105 23
105 24
105 31
105 33
105 36
105 37
105 38
105 39
105 40
105 42
105 44
105 46
105 52
105 57
105 60
105 61
105 62
105 67
105 71
105 78
105 83
105 85
105 87
105 89
105 90
105 92
105 93
105 94
105 95
105 97
105 98
105 100
105 101
105 103
106 3
106 8
106 11
106 12
106 13
106 14
106 17
106 20
106 21
106 24
106 25
106 26
106 27
106 28
106 29
106 31
106 34
106 36
106 37
106 38
106 39
106 42
106 43
106 45
106 48
106 55
106 60
106 62
106 63
106 66
106 67
106 71
106 73
106 76
106 78
106 79
106 80
106 81
106 83
106 85
106 88
106 91
106 93
106 94
106 95
106 99
106 101
106 102
106 105
107 1
107 3
107 4
107 7
107 8
107 9
107 15
107 17
107 21
107 23
107 24
107 30
107 31
107 36
107 37
107 47
107 48
107 51
107 54
107 55
107 56
107 57
107 58
107 63
107 66
107 67
107 69
107 74
107 75
107 76
107 82
107 83
107 84
107 88
107 89
107 91
107 92
107 95
107 96
107 98
107 100
107 101
107 102
107 103
108 1
108 2
108 3
108 4
108 5
108 8
108 14
108 17
108 18
108 22
108 25
108 26
108 33
108 36
108 39
108 40
108 41
108 43
108 48
108 51
108 52
108 53
108 55
108 58
108 60
108 63
108 66
108 68
108 69
108 70
108 72
108 73
108 74
108 78
108 79
108 80
108 81
108 84
108 86
108 91
108 95
108 96
108 101
108 102
108 103
108 104
108 105
108 106
108 107
109 2
109 3
109 5
109 6
109 7
109 9
109 11
109 13
109 16
109 17
109 18
109 19
109 20
109 22
109 24
109 27
109 32
109 33
109 37
109 41
109 42
109 43
109 44
109 45
109 46
109 47
109 52
109 53
109 54
109 55
109 56
109 58
109 63
109 65
109 73
109 74
109 75
109 76
109 77
109 78
109 80
109 82
109 83
109 84
109 87
109 91
109 94
109 96
109 100
109 102
109 103
109 104
109 105
110 5
110 6
110 12
110 15
110 17
110 18
110 19
110 20
110 21
110 22
110 23
110 25
110 27
110 28
110 29
110 31
110 33
110 34
110 35
110 38
110 41
110 42
110 47
110 49
110 50
110 52
110 55
110 56
110 57
110 58
110 59
110 61
110 62
110 64
110 66
110 67
110 68
110 69
110 70
110 71
110 73
110 75
110 76
110 77
110 78
110 79
110 80
110 81
110 84
110 85
110 86
110 87
110 88
110 93
110 96
110 98
110 99
110 102
110 103
110 104
111 3
111 4
111 6
111 9
111 10
111 11
111 12
111 13
111 14
111 18
111 19
111 20
111 22
111 23
111 25
111 26
111 27
111 28
111 29
111 31
111 32
111 35
111 36
111 37
111 40
111 45
111 46
111 48
111 49
111 50
111 54
111 56
111 57
111 58
111 63
111 64
111 66
111 70
111 71
111 74
111 77
111 80
111 81
111 83
111 84
111 85
111 86
111 89
111 93
111 94
111 95
111 97
111 98
111 99
111 100
111 101
111 107
111 109
112 1
112 2
112 5
112 9
112 10
112 11
112 14
112 15
112 17
112 21
112 22
112 23
112 24
112 25
112 26
112 27
112 31
112 34
112 36
112 38
112 39
112 40
112 43
112 44
112 45
112 48
112 49
112 51
112 53
112 54
112 55
112 58
112 60
112 63
112 65
112 69
112 70
112 71
112 73
112 79
112 80
112 81
112 82
112 83
112 85
112 86
112 87
112 88
112 90
112 97
112 98
112 99
112 100
112 101
112 102
112 103
112 104
112 108
112 109
112 110
113 1
113 2
113 5
113 6
113 7
113 8
113 10
113 11
113 12
113 14
113 15
113 17
113 18
113 20
113 22
113 23
113 29
113 35
113 36
113 38
113 39
113 40
113 43
113 45
113 47
113 48
113 53
113 54
113 59
113 61
113 62
113 64
113 70
113 71
113 73
113 75
113 77
113 78
113 79
113 81
113 84
113 85
113 86
113 87
113 91
113 92
113 94
113 95
113 97
113 100
113 102
113 103
113 104
113 105
113 107
113 108
113 109
113 111
114 1
114 2
114 3
114 5
114 8
114 9
114 11
114 12
114 14
114 16
114 18
114 20
114 22
114 23
114 25
114 28
114 30
114 31
114 32
114 33
114 34
114 35
114 36
114 37
114 38
114 39
114 41
114 43
114 46
114 48
114 49
114 52
114 53
114 54
114 55
114 56
114 57
114 62
114 63
114 64
114 69
114 71
114 74
114 75
114 78
114 79
114 84
114 85
114 86
114 89
114 90
114 91
114 93
114 94
114 96
114 97
114 99
114 100
114 102
114 103
114 104
114 106
114 108
114 109
114 110
114 111
115 5
115 6
115 10
115 11
115 13
115 17
115 18
115 19
115 20
115 21
115 26
115 29
115 31
115 32
115 34
115 35
115 37
115 38
115 40
115 43
115 46
115 47
115 48
115 50
115 53
115 54
115 55
115 59
115 60
115 64
115 66
115 69
115 70
115 72
115 74
115 75
115 77
115 78
115 80
115 81
115 82
115 85
115 86
115 88
115 89
115 91
115 92
115 93
115 95
115 97
115 100
115 101
115 103
115 105
115 106
115 107
115 108
115 110
115 111
115 112
115 113
115 114
116 1
116 2
116 6
116 7
116 10
116 12
116 14
116 17
116 18
116 20
116 21
116 22
116 24
116 25
116 26
116 28
116 29
116 30
116 31
116 33
116 34
116 39
116 40
116 42
116 43
116 44
116 45
116 47
116 48
116 49
116 50
116 53
116 54
116 55
116 57
116 58
116 59
116 61
116 62
116 64
116 65
116 66
116 67
116 70
116 71
116 72
116 76
116 81
116 84
116 87
116 88
116 89
116 91
116 93
116 94
116 96
116 98
116 100
116 108
116 109
116 113
117 1
117 2
117 3
117 4
117 9
117 12
117 17
117 18
117 19
117 20
117 21
117 22
117 23
117 25
117 28
117 29
117 30
117 31
117 32
117 34
117 38
117 39
117 40
117 42
117 44
117 45
117 48
117 49
117 50
117 51
117 53
117 54
117 55
117 58
117 59
117 62
117 63
117 64
117 65
117 66
117 67
117 68
117 71
117 72
117 73
117 77
117 78
117 82
117 83
117 84
117 85
117 86
117 89
117 92
117 95
117 98
117 103
117 106
117 108
117 112
117 113
117 115
117 116
118 6
118 8
118 11
118 12
118 16
118 17
118 19
118 20
118 21
118 22
118 23
118 24
118 26
118 27
118 35
118 36
118 39
118 40
118 41
118 46
118 47
118 49
118 50
118 51
118 52
118 54
118 56
118 57
118 58
118 62
118 70
118 72
118 73
118 74
118 75
118 76
118 77
118 79
118 80
118 81
118 82
118 83
118 84
118 87
118 90
118 94
118 99
118 101
118 102
118 103
118 106
118 108
118 111
118 114
118 115
118 116
119 1
119 2
119 3
119 5
119 8
119 12
119 13
119 14
119 16
119 19
119 20
119 21
119 23
119 26
119 29
119 31
119 32
119 33
119 36
119 37
119 38
119 40
119 46
119 51
119 57
119 58
119 59
119 60
119 61
119 62
119 65
119 66
119 67
119 68
119 70
119 72
119 73
119 74
119 75
119 78
119 79
119 80
119 82
119 84
119 87
119 88
119 91
119 92
119 94
119 95
119 97
119 99
119 100
119 102
119 104
119 106
119 107
119 108
119 109
119 114
119 115
119 117
119 118
120 1
120 2
120 3
120 7
120 8
120 9
120 13
120 14
120 15
120 16
120 17
120 18
120 19
120 21
120 23
120 25
120 27
120 29
120 30
120 39
120 41
120 43
120 44
120 46
120 47
120 49
120 51
120 55
120 59
120 60
120 65
120 69
120 70
120 74
120 75
120 79
120 80
120 81
120 82
120 83
120 85
120 88
120 91
120 97
120 98
120 99
120 101
120 102
120 103
120 105
120 106
120 107
120 108
120 110
120 114
121 1
121 3
121 5
121 7
121 8
121 9
121 11
121 14
121 17
121 20
121 22
121 23
121 24
121 25
121 26
121 27
121 30
121 32
121 33
121 35
121 36
121 37
121 40
121 41
121 43
121 45
121 46
121 47
121 48
121 49
121 50
121 51
121 52
121 58
121 59
121 60
121 61
121 62
121 63
121 66
121 67
121 68
121 70
121 72
121 73
121 74
121 77
121 79
121 85
121 90
121 91
121 96
121 100
121 104
121 105
121 106
121 109
121 110
121 111
121 113
121 117
121 118
121 119
122 1
122 4
122 6
122 8
122 11
122 12
122 14
122 15
122 18
122 19
122 20
122 21
122 22
122 24
122 25
122 27
122 28
122 29
122 31
122 32
122 33
122 34
122 36
122 38
122 39
122 41
122 42
122 45
122 46
122 47
122 49
122 51
122 58
122 59
122 61
122 65
122 66
122 69
122 71
122 73
122 74
122 78
122 83
122 84
122 86
122 88
122 89
122 90
122 91
122 93
122 97
122 99
122 102
122 105
122 106
122 109
122 113
122 115
122 116
122 119
123 4
123 5
123 6
123 7
123 11
123 15
123 18
123 20
123 24
123 25
123 26
123 27
123 30
123 31
123 32
123 33
123 35
123 36
123 41
123 45
123 47
123 49
123 50
123 54
123 55
123 57
123 58
123 59
123 60
123 61
123 63
123 64
123 66
123 70
123 71
123 74
123 75
123 79
123 81
123 86
123 87
123 90
123 92
123 94
123 97
123 99
123 102
123 103
123 104
123 105
123 106
123 111
123 114
123 117
123 119
123 120
123 122
124 4
124 5
124 10
124 11
124 17
124 18
124 22
124 24
124 25
124 26
124 29
124 30
124 31
124 32
124 33
124 35
124 36
124 37
124 38
124 39
124 41
124 42
124 43
124 46
124 47
124 48
124 50
124 54
124 56
124 59
124 60
124 61
124 63
124 64
124 67
124 68
124 72
124 73
124 74
124 75
124 80
124 81
124 93
124 94
124 97
124 98
124 99
124 103
124 109
124 110
124 112
124 114
124 115
124 116
124 117
124 118
124 119
124 121
124 123
125 2
125 5
125 6
125 8
125 10
125 12
125 13
125 18
125 20
125 26
125 27
125 28
125 30
125 31
125 32
125 35
125 36
125 37
125 39
125 40
125 42
125 44
125 47
125 49
125 51
125 53
125 55
125 57
125 59
125 60
125 64
125 65
125 75
125 76
125 79
125 80
125 82
125 86
125 89
125 90
125 92
125 94
125 97
125 98
125 101
125 103
125 113
125 115
125 118
125 120
125 122
126 1
126 3
126 4
126 6
126 7
126 14
126 16
126 19
126 22
126 25
126 28
126 30
126 33
126 35
126 38
126 39
126 40
126 41
126 43
126 44
126 45
126 46
126 47
126 48
126 52
126 53
126 56
126 57
126 58
126 64
126 65
126 66
126 68
126 72
126 73
126 79
126 83
126 84
126 85
126 87
126 88
126 89
126 90
126 92
126 93
126 97
126 101
126 102
126 104
126 106
126 107
126 109
126 112
126 114
126 115
126 116
126 118
126 120
126 122
126 123
126 124
126 125
127 2
127 5
127 6
127 7
127 9
127 12
127 21
127 22
127 26
127 28
127 30
127 31
127 32
127 33
127 34
127 38
127 39
127 41
127 42
127 44
127 46
127 48
127 52
127 54
127 55
127 59
127 61
127 63
127 66
127 67
127 69
127 71
127 72
127 73
127 75
127 76
127 78
127 80
127 84
127 88
127 91
127 92
127 96
127 97
127 102
127 103
127 105
127 106
127 107
127 108
127 112
127 113
127 119
127 122
127 123
127 124
127 125
127 126
128 1
128 5
128 6
128 7
128 8
128 9
128 12
128 13
128 18
128 22
128 25
128 26
128 30
128 34
128 35
128 38
128 39
128 42
128 43
128 44
128 46
128 47
128 48
128 49
128 52
128 54
128 57
128 58
128 59
128 60
128 61
128 64
128 66
128 68
128 69
128 71
128 74
128 75
128 76
128 77
128 78
128 79
128 81
128 85
128 86
128 89
128 93
128 95
128 100
128 102
128 105
128 110
128 111
128 113
128 114
128 115
128 117
128 120
128 123
129 1
129 4
129 7
129 18
129 22
129 23
129 30
129 36
129 39
129 41
129 42
129 43
129 51
129 52
129 54
129 55
129 56
129 57
129 59
129 60
129 61
129 63
129 65
129 67
129 70
129 71
129 72
129 76
129 77
129 80
129 81
129 84
129 85
129 87
129 88
129 90
129 91
129 93
129 94
129 96
129 101
129 103
129 105
129 106
129 107
129 110
129 111
129 116
129 120
129 121
129 123
129 124
129 125
129 126
129 127
130 2
130 3
130 6
130 7
130 9
130 11
130 13
130 14
130 15
130 18
130 20
130 21
130 23
130 25
130 28
130 33
130 35
130 36
130 37
130 38
130 42
130 45
130 48
130 49
130 56
130 57
130 58
130 59
130 64
130 65
130 66
130 70
130 72
130 74
130 83
130 84
130 85
130 87
130 91
130 93
130 95
130 99
130 100
130 101
130 102
130 103
130 104
130 105
130 110
130 112
130 114
130 115
130 120
130 121
130 122
130 123
130 125
130 127
130 129
131 1
131 2
131 6
131 12
131 22
131 24
131 25
131 26
131 27
131 29
131 30
131 32
131 33
131 35
131 40
131 42
131 43
131 46
131 47
131 53
131 55
131 57
131 60
131 62
131 63
131 65
131 67
131 72
131 74
131 75
131 76
131 78
131 80
131 83
131 85
131 87
131 93
131 94
131 98
131 105
131 107
131 108
131 109
131 110
131 112
131 113
131 119
131 125
131 127
131 130
132 1
132 4
132 6
132 9
132 10
132 12
132 16
132 19
132 21
132 24
132 34
132 35
132 37
132 40
132 43
132 44
132 46
132 48
132 49
132 50
132 51
132 55
132 56
132 57
132 58
132 59
132 60
132 62
132 64
132 66
132 67
132 68
132 70
132 73
132 75
132 83
132 84
132 86
132 87
132 90
132 91
132 92
132 93
132 96
132 98
132 104
132 106
132 107
132 108
132 109
132 111
132 112
132 115
132 116
132 117
132 123
132 124
132 126
132 128
132 130
133 3
133 4
133 12
133 13
133 14
133 15
133 17
133 22
133 23
133 25
133 26
133 30
133 31
133 33
133 35
133 36
133 41
133 46
133 51
133 52
133 55
133 61
133 62
133 63
133 65
133 66
133 68
133 69
133 72
133 74
133 75
133 76
133 77
133 80
133 81
133 87
133 89
133 90
133 92
133 94
133 97
133 98
133 101
133 103
133 106
133 108
133 109
133 111
133 113
133 115
133 116
133 118
133 123
133 124
133 125
133 132
134 1
134 2
134 3
134 5
134 6
134 8
134 11
134 12
134 13
134 17
134 18
134 19
134 20
134 21
134 22
134 24
134 25
134 28
134 29
134 32
134 33
134 40
134 42
134 44
134 45
134 46
134 51
134 52
134 54
134 58
134 59
134 64
134 65
134 68
134 72
134 75
134 76
134 78
134 79
134 81
134 82
134 84
134 85
134 86
134 87
134 89
134 90
134 91
134 92
134 93
134 95
134 97
134 102
134 104
134 105
134 107
134 109
134 110
134 111
134 112
134 114
134 117
134 119
134 121
134 122
134 124
134 125
134 126
134 128
134 130
134 131
134 132
134 133
135 4
135 5
135 6
135 7
135 9
135 10
135 11
135 12
135 14
135 18
135 20
135 21
135 22
135 24
135 28
135 29
135 30
135 31
135 34
135 36
135 37
135 41
135 42
135 43
135 44
135 45
135 49
135 51
135 52
135 53
135 54
135 56
135 59
135 61
135 62
135 69
135 70
135 71
135 72
135 75
135 76
135 78
135 79
135 80
135 83
135 85
135 88
135 93
135 94
135 96
135 101
135 103
135 105
135 106
135 118
135 120
135 123
135 124
135 125
135 129
135 131
135 132
135 133
136 5
136 7
136 8
136 9
136 10
136 12
136 13
136 15
136 20
136 21
136 24
136 25
136 27
136 28
136 29
136 30
136 33
136 35
136 38
136 39
136 40
136 41
136 43
136 45
136 47
136 48
136 51
136 53
136 54
136 55
136 61
136 64
136 68
136 69
136 70
136 73
136 74
136 75
136 76
136 79
136 81
136 85
136 86
136 87
136 91
136 92
136 102
136 103
136 105
136 107
136 108
136 109
136 110
136 111
136 112
136 115
136 117
136 119
136 120
136 123
136 125
136 126
136 128
136 131
136 132
136 134
137 1
137 2
137 6
137 7
137 8
137 10
137 12
137 14
137 18
137 20
137 21
137 24
137 27
137 32
137 33
137 37
137 39
137 41
137 42
137 43
137 44
137 48
137 49
137 50
137 52
137 54
137 55
137 58
137 59
137 63
137 66
137 69
137 71
137 74
137 75
137 78
137 79
137 80
137 81
137 82
137 83
137 84
137 86
137 88
137 92
137 93
137 95
137 96
137 97
137 98
137 101
137 102
137 103
137 104
137 107
137 109
137 110
137 112
137 115
137 116
137 118
137 120
137 121
137 123
137 125
137 126
137 128
137 129
137 131
137 136
138 1
138 2
138 3
138 5
138 6
138 10
138 12
138 13
138 14
138 15
138 17
138 18
138 19
138 20
138 23
138 27
138 29
138 30
138 31
138 32
138 33
138 37
138 39
138 40
138 41
138 42
138 43
138 44
138 46
138 48
138 49
138 51
138 53
138 55
138 58
138 60
138 62
138 68
138 71
138 73
138 74
138 75
138 76
138 82
138 84
138 85
138 87
138 89
138 93
138 95
138 99
138 101
138 103
138 104
138 107
138 109
138 111
138 114
138 116
138 117
138 119
138 120
138 121
138 122
138 123
138 126
138 127
138 128
138 129
138 132
138 136
138 137
139 2
139 3
139 4
139 5
139 6
139 13
139 15
139 16
139 22
139 24
139 26
139 28
139 30
139 32
139 34
139 35
139 39
139 41
139 44
139 50
139 51
139 52
139 53
139 55
139 56
139 57
139 58
139 60
139 61
139 62
139 63
139 65
139 66
139 70
139 72
139 73
139 75
139 76
139 82
139 83
139 84
139 87
139 88
139 89
139 91
139 94
139 95
139 99
139 101
139 102
139 105
139 106
139 107
139 108
139 112
139 113
139 115
139 117
139 118
139 119
139 120
139 123
139 124
139 125
139 128
139 131
139 134
139 135
139 136
139 138
140 1
140 2
140 4
140 5
140 6
140 11
140 16
140 19
140 21
140 22
140 23
140 24
140 25
140 27
140 28
140 29
140 30
140 34
140 38
140 39
140 40
140 42
140 44
140 48
140 57
140 58
140 59
140 64
140 66
140 69
140 71
140 74
140 75
140 78
140 79
140 80
140 82
140 83
140 84
140 86
140 87
140 88
140 94
140 95
140 96
140 99
140 101
140 104
140 106
140 107
140 108
140 109
140 110
140 112
140 114
140 115
140 117
140 118
140 120
140 121
140 122
140 128
140 129
140 132
140 133
140 134
140 135
140 136
140 138
141 2
141 3
141 8
141 9
141 13
141 14
141 25
141 26
141 28
141 29
141 30
141 31
141 35
141 37
141 38
141 39
141 40
141 41
141 42
141 43
141 44
141 45
141 46
141 47
141 48
141 50
141 51
141 53
141 54
141 55
141 59
141 61
141 62
141 63
141 65
141 67
141 72
141 76
141 77
141 81
141 84
141 86
141 87
141 88
141 89
141 92
141 94
141 99
141 100
141 101
141 103
141 104
141 107
141 110
141 112
141 114
141 117
141 118
141 120
141 121
141 124
141 125
141 126
141 128
141 129
141 130
141 132
141 133
141 134
141 135
141 136
141 138
142 1
142 5
142 6
142 11
142 15
142 18
142 19
142 20
142 23
142 24
142 28
142 29
142 30
142 33
142 36
142 44
142 45
142 46
142 47
142 49
142 51
142 52
142 53
142 54
142 55
142 56
142 57
142 58
142 61
142 62
142 64
142 66
142 68
142 71
142 72
142 77
142 78
142 79
142 82
142 83
142 84
142 85
142 86
142 87
142 88
142 89
142 90
142 91
142 92
142 93
142 95
142 97
142 98
142 103
142 104
142 105
142 106
142 109
142 110
142 113
142 115
142 116
142 118
142 119
142 120
142 122
142 123
142 125
142 126
142 127
142 130
142 135
142 136
142 137
142 138
142 140
142 141
143 1
143 2
143 5
143 8
143 10
143 12
143 13
143 15
143 17
143 20
143 21
143 24
143 25
143 26
143 28
143 30
143 32
143 33
143 35
143 38
143 39
143 44
143 46
143 48
143 50
143 51
143 52
143 57
143 58
143 59
143 60
143 61
143 63
143 65
143 67
143 70
143 74
143 76
143 79
143 80
143 82
143 83
143 84
143 88
143 89
143 90
143 91
143 93
143 95
143 96
143 99
143 100
143 101
143 103
143 104
143 105
143 106
143 107
143 109
143 110
143 116
143 119
143 121
143 123
143 125
143 126
143 128
143 133
143 134
143 138
143 139
143 140
143 141
144 2
144 3
144 7
144 8
144 10
144 11
144 17
144 19
144 23
144 25
144 27
144 28
144 31
144 35
144 37
144 39
144 40
144 43
144 44
144 46
144 47
144 49
144 50
144 51
144 56
144 58
144 60
144 61
144 62
144 63
144 64
144 65
144 66
144 67
144 71
144 74
144 75
144 78
144 79
144 81
144 83
144 84
144 87
144 88
144 91
144 93
144 94
144 97
144 98
144 99
144 105
144 107
144 110
144 111
144 113
144 116
144 117
144 119
144 127
144 128
144 129
144 132
144 134
144 135
144 136
144 138
144 140
144 141
144 142
145 2
145 3
145 7
145 8
145 11
145 16
145 19
145 22
145 24
145 25
145 26
145 29
145 30
145 31
145 33
145 35
145 37
145 40
145 42
145 45
145 47
145 50
145 52
145 53
145 55
145 56
145 60
145 61
145 62
145 65
145 66
145 68
145 69
145 70
145 71
145 73
145 75
145 76
145 79
145 80
145 83
145 85
145 86
145 87
145 88
145 89
145 90
145 92
145 93
145 99
145 100
145 101
145 102
145 104
145 108
145 109
145 111
145 113
145 115
145 119
145 120
145 123
145 124
145 125
145 126
145 127
145 133
145 134
145 139
145 140
146 2
146 3
146 4
146 5
146 15
146 20
146 21
146 22
146 23
146 26
146 31
146 32
146 33
146 34
146 35
146 36
146 37
146 40
146 45
146 46
146 51
146 53
146 58
146 59
146 61
146 62
146 63
146 64
146 65
146 71
146 72
146 73
146 78
146 79
146 80
146 81
146 82
146 83
146 84
146 86
146 88
146 89
146 91
146 93
146 94
146 98
146 99
146 100
146 101
146 102
146 104
146 108
146 109
146 111
146 112
146 113
146 115
146 116
146 117
146 119
146 120
146 123
146 126
146 130
146 131
146 135
146 136
146 138
146 140
146 141
146 142
146 143
146 145
147 1
147 2
147 3
147 6
147 7
147 9
147 11
147 12
147 13
147 15
147 16
147 18
147 20
147 21
147 24
147 25
147 26
147 27
147 28
147 29
147 31
147 33
147 35
147 37
147 39
147 40
147 41
147 42
147 49
147 52
147 53
147 56
147 57
147 58
147 59
147 63
147 67
147 68
147 74
147 81
147 83
147 86
147 89
147 92
147 94
147 95
147 98
147 101
147 103
147 106
147 110
147 115
147 122
147 124
147 125
147 129
147 130
147 131
147 132
147 133
147 135
147 137
147 138
147 141
147 145
147 146
148 1
148 2
148 3
148 4
148 5
148 6
148 7
148 8
148 14
148 17
148 18
148 19
148 22
148 23
148 26
148 27
148 28
148 29
148 30
148 34
148 35
148 37
148 39
148 40
148 41
148 42
148 43
148 46
148 48
148 49
148 50
148 51
148 53
148 55
148 56
148 57
148 60
148 63
148 64
148 66
148 67
148 68
148 69
148 70
148 71
148 72
148 73
148 78
148 79
148 80
148 81
148 84
148 85
148 87
148 88
148 90
148 91
148 92
148 93
148 94
148 97
148 100
148 101
148 103
148 107
148 108
148 109
148 110
148 113
148 114
148 122
148 124
148 125
148 126
148 128
148 130
148 132
148 133
148 134
148 135
148 136
148 138
148 141
148 143
148 147
149 1
149 3
149 5
149 6
149 7
149 10
149 15
149 16
149 17
149 19
149 21
149 22
149 23
149 25
149 27
149 28
149 30
149 34
149 35
149 36
149 38
149 39
149 42
149 43
149 44
149 45
149 46
149 47
149 50
149 51
149 54
149 55
149 57
149 60
149 62
149 64
149 65
149 66
149 68
149 70
149 72
149 73
149 74
149 75
149 76
149 77
149 78
149 79
149 83
149 84
149 87
149 89
149 91
149 95
149 96
149 99
149 100
149 102
149 104
149 107
149 109
149 110
149 112
149 113
149 114
149 116
149 117
149 118
149 121
149 125
149 126
149 127
149 129
149 130
149 131
149 133
149 134
149 135
149 136
149 139
149 140
149 141
149 142
149 143
149 144
149 145
149 147
150 1
150 4
150 6
150 7
150 10
150 14
150 15
150 16
150 18
150 19
150 21
150 22
150 24
150 28
150 33
150 34
150 35
150 36
150 37
150 38
150 40
150 41
150 45
150 47
150 49
150 50
150 51
150 53
150 54
150 55
150 60
150 63
150 66
150 67
150 71
150 72
150 75
150 77
150 78
150 79
150 80
150 81
150 82
150 84
150 85
150 87
150 88
150 89
150 93
150 96
150 98
150 100
150 101
150 103
150 104
150 107
150 112
150 115
150 117
150 120
150 121
150 123
150 125
150 126
150 128
150 129
150 132
150 134
150 135
150 139
150 141
150 142
150 145
150 147
150 149
151 2
151 3
151 5
151 7
151 8
151 9
151 12
151 13
151 14
151 15
151 16
151 18
151 23
151 27
151 31
151 32
151 35
151 38
151 39
151 40
151 43
151 46
151 47
151 49
151 50
151 53
151 56
151 59
151 61
151 62
151 64
151 65
151 66
151 69
151 71
151 73
151 74
151 76
151 85
151 86
151 88
151 93
151 95
151 96
151 97
151 98
151 101
151 102
151 108
151 109
151 110
151 115
151 116
151 119
151 122
151 124
151 126
151 127
151 129
151 134
151 137
151 145
151 147
151 150
152 2
152 3
152 4
152 6
152 8
152 10
152 13
152 14
152 15
152 16
152 20
152 25
152 26
152 27
152 29
152 30
152 33
152 35
152 38
152 40
152 44
152 46
152 50
152 51
152 52
152 55
152 56
152 59
152 60
152 62
152 63
152 64
152 68
152 70
152 72
152 74
152 77
152 78
152 79
152 80
152 81
152 82
152 86
152 87
152 88
152 90
152 91
152 92
152 93
152 94
152 99
152 101
152 102
152 103
152 107
152 111
152 113
152 114
152 115
152 119
152 123
152 124
152 125
152 126
152 128
152 129
152 132
152 135
152 137
152 140
152 141
152 145
152 146
152 150
152 151
153 1
153 2
153 3
153 4
153 5
153 6
153 7
153 8
153 11
153 12
153 14
153 15
153 17
153 20
153 21
153 24
153 30
153 31
153 33
153 35
153 38
153 40
153 41
153 43
153 47
153 49
153 50
153 51
153 52
153 53
153 54
153 57
153 59
153 60
153 63
153 65
153 66
153 68
153 70
153 72
153 73
153 75
153 77
153 79
153 81
153 85
153 90
153 93
153 94
153 95
153 96
153 101
153 102
153 103
153 104
153 106
153 107
153 108
153 110
153 111
153 112
153 113
153 114
153 115
153 116
153 118
153 119
153 122
153 124
153 127
153 128
153 129
153 130
153 137
153 138
153 142
153 144
153 148
153 150
153 151
153 152
154 1
154 2
154 3
154 4
154 11
154 12
154 13
154 14
154 16
154 17
154 18
154 19
154 21
154 22
154 23
154 25
154 26
154 30
154 31
154 32
154 33
154 34
154 44
154 46
154 47
154 48
154 49
154 50
154 53
154 54
154 55
154 56
154 58
154 60
154 61
154 65
154 66
154 67
154 69
154 70
154 71
154 72
154 73
154 75
154 79
154 80
154 82
154 83
154 85
154 90
154 91
154 94
154 95
154 97
154 99
154 100
154 102
154 103
154 104
154 105
154 106
154 107
154 109
154 110
154 112
154 113
154 115
154 117
154 118
154 119
154 120
154 124
154 125
154 126
154 127
154 128
154 129
154 132
154 133
154 134
154 136
154 140
154 143
154 144
154 145
154 147
155 2
155 3
155 4
155 5
155 10
155 11
155 12
155 14
155 18
155 20
155 22
155 23
155 24
155 26
155 30
155 31
155 32
155 33
155 37
155 38
155 42
155 46
155 50
155 51
155 55
155 56
155 61
155 62
155 64
155 67
155 68
155 69
155 70
155 74
155 75
155 80
155 81
155 83
155 84
155 87
155 90
155 93
155 94
155 95
155 97
155 99
155 102
155 106
155 108
155 109
155 113
155 118
155 119
155 121
155 123
155 124
155 126
155 129
155 130
155 138
155 139
155 141
155 146
155 147
155 150
155 151
155 154
156 1
156 8
156 9
156 10
156 11
156 13
156 15
156 18
156 19
156 20
156 22
156 23
156 24
156 26
156 27
156 28
156 29
156 30
156 31
156 32
156 33
156 35
156 37
156 42
156 43
156 47
156 48
156 51
156 52
156 53
156 55
156 58
156 61
156 65
156 67
156 68
156 70
156 71
156 72
156 76
156 78
156 80
156 81
156 82
156 83
156 84
156 85
156 87
156 90
156 91
156 92
156 93
156 100
156 101
156 105
156 106
156 117
156 118
156 119
156 120
156 121
156 122
156 125
156 126
156 128
156 129
156 130
156 131
156 139
156 140
156 141
156 144
156 145
156 146
156 149
156 150
156 153
156 155
157 1
157 4
157 6
157 8
157 10
157 14
157 16
157 18
157 22
157 23
157 27
157 29
157 32
157 34
157 35
157 37
157 38
157 39
157 40
157 41
157 42
157 46
157 47
157 48
157 51
157 55
157 60
157 63
157 65
157 66
157 68
157 69
157 70
157 74
157 75
157 77
157 79
157 80
157 88
157 90
157 91
157 92
157 93
157 94
157 100
157 102
157 104
157 105
157 107
157 108
157 109
157 112
157 117
157 118
157 119
157 121
157 122
157 123
157 125
157 126
157 127
157 128
157 129
157 131
157 136
157 137
157 138
157 139
157 141
157 142
157 144
157 145
157 149
157 150
157 151
157 152
158 2
158 7
158 8
158 12
158 17
158 20
158 22
158 24
158 25
158 26
158 28
158 29
158 31
158 34
158 38
158 42
158 43
158 44
158 45
158 46
158 47
158 48
158 49
158 53
158 54
158 55
158 59
158 60
158 62
158 65
158 69
158 72
158 75
158 76
158 78
158 79
158 80
158 83
158 84
158 85
158 86
158 87
158 88
158 89
158 93
158 94
158 96
158 98
158 100
158 102
158 103
158 104
158 105
158 107
158 109
158 110
158 111
158 115
158 116
158 120
158 123
158 131
158 133
158 134
158 136
158 137
158 138
158 141
158 142
158 144
158 145
158 146
158 147
158 149
158 151
158 154
158 156
159 2
159 5
159 6
159 8
159 11
159 12
159 15
159 16
159 17
159 18
159 19
159 25
159 28
159 30
159 31
159 32
159 33
159 34
159 35
159 36
159 38
159 41
159 46
159 48
159 50
159 53
159 57
159 58
159 59
159 60
159 63
159 65
159 73
159 75
159 80
159 81
159 85
159 89
159 90
159 93
159 94
159 95
159 96
159 98
159 100
159 101
159 102
159 104
159 106
159 109
159 111
159 114
159 115
159 116
159 119
159 123
159 124
159 126
159 128
159 129
159 130
159 141
159 142
159 143
159 145
159 151
159 152
159 157
160 1
160 2
160 4
160 6
160 7
160 8
160 9
160 10
160 11
160 17
160 19
160 27
160 28
160 29
160 31
160 32
160 34
160 38
160 42
160 43
160 44
160 45
160 46
160 49
160 52
160 53
160 54
160 56
160 57
160 58
160 66
160 70
160 71
160 73
160 75
160 82
160 83
160 86
160 87
160 90
160 91
160 92
160 93
160 94
160 95
160 96
160 97
160 98
160 100
160 102
160 104
160 106
160 109
160 112
160 115
160 116
160 117
160 118
160 119
160 122
160 123
160 124
160 125
160 126
160 129
160 130
160 134
160 138
160 139
160 140
160 143
160 144
160 148
160 152
160 154
