180
7933
2 1
3 1
4 1
4 2
4 3
5 2
6 1
6 2
6 3
6 4
6 5
7 1
7 6
8 3
8 4
9 1
9 2
9 5
9 6
10 3
10 4
10 7
10 9
11 1
11 8
12 5
12 6
13 3
13 9
13 10
13 11
13 12
14 1
14 3
14 4
14 5
14 7
14 9
14 10
15 1
15 2
15 3
15 4
15 6
15 12
16 2
16 3
16 4
16 5
16 6
16 8
16 10
16 12
16 13
17 2
17 3
17 4
17 13
17 14
18 2
18 9
18 12
18 13
18 14
18 15
18 16
18 17
19 4
19 5
19 6
19 7
19 12
19 13
19 14
19 17
19 18
20 1
20 5
20 7
20 8
20 12
20 13
20 18
21 4
21 5
21 6
21 8
21 10
21 11
21 13
21 15
21 16
21 19
21 20
22 1
22 5
22 7
22 8
22 10
22 12
22 13
22 14
22 15
22 16
22 18
22 20
23 1
23 3
23 5
23 6
23 7
23 10
23 13
23 14
23 15
23 16
23 17
23 18
23 19
23 22
24 2
24 3
24 5
24 6
24 7
24 8
24 10
24 12
24 13
25 1
25 3
25 4
25 8
25 9
25 11
25 14
25 16
25 17
26 2
26 5
26 7
26 8
26 11
26 14
26 16
26 17
26 18
26 19
26 20
26 22
26 23
26 24
27 1
27 3
27 4
27 5
27 8
27 9
27 10
27 11
27 13
27 17
27 18
27 20
27 21
28 3
28 7
28 9
28 11
28 16
28 17
28 18
28 19
28 20
28 22
28 23
28 24
28 27
29 2
29 5
29 6
29 8
29 9
29 14
29 15
29 16
29 17
29 18
29 23
29 25
29 27
30 3
30 4
30 9
30 10
30 11
30 12
30 13
30 14
30 15
30 16
30 19
30 20
30 21
30 23
30 25
30 26
30 28
31 3
31 5
31 6
31 7
31 8
31 12
31 13
31 14
31 15
31 16
31 17
31 18
31 20
31 21
31 28
32 1
32 3
32 8
32 10
32 11
32 14
32 16
32 20
32 21
32 23
32 24
32 25
32 27
32 28
33 2
33 7
33 8
33 11
33 12
33 13
33 14
33 19
33 20
33 21
33 22
33 23
33 24
33 25
33 27
33 28
33 31
34 1
34 3
34 4
34 6
34 7
34 10
34 11
34 12
34 13
34 16
34 19
34 23
34 26
34 27
34 31
35 3
35 4
35 5
35 6
35 10
35 11
35 14
35 15
35 17
35 21
35 23
35 24
35 27
35 29
35 30
35 33
36 3
36 6
36 11
36 15
36 18
36 20
36 21
36 23
36 24
36 25
36 26
36 29
36 30
36 34
36 35
37 2
37 6
37 7
37 9
37 11
37 13
37 16
37 17
37 18
37 22
37 23
37 24
37 25
37 26
37 28
37 29
37 30
37 31
37 32
37 33
37 35
37 36
38 1
38 2
38 4
38 8
38 10
38 13
38 17
38 18
38 19
38 22
38 23
38 25
38 27
38 28
39 2
39 4
39 5
39 12
39 14
39 16
39 18
39 19
39 20
39 21
39 23
39 27
39 29
39 30
39 31
39 33
39 35
39 36
39 37
39 38
40 3
40 4
40 9
40 10
40 11
40 15
40 16
40 18
40 19
40 25
40 27
40 28
40 31
40 33
40 34
40 35
40 37
40 38
41 3
41 4
41 6
41 7
41 8
41 9
41 10
41 11
41 12
41 15
41 16
41 17
41 18
41 19
41 22
41 23
41 29
41 30
41 33
41 34
41 35
41 37
41 38
41 39
42 4
42 5
42 6
42 7
42 9
42 11
42 12
42 14
42 16
42 21
42 22
42 23
42 24
42 26
42 27
42 31
42 32
42 34
42 35
42 36
42 37
42 39
42 40
42 41
43 1
43 3
43 4
43 8
43 12
43 13
43 16
43 18
43 19
43 20
43 24
43 26
43 29
43 30
43 31
43 32
43 35
43 36
43 39
43 41
43 42
44 2
44 3
44 4
44 5
44 6
44 10
44 12
44 15
44 17
44 19
44 20
44 21
44 23
44 26
44 27
44 32
44 33
44 34
44 36
44 38
44 39
44 40
44 42
44 43
45 2
45 3
45 4
45 5
45 6
45 8
45 11
45 13
45 14
45 15
45 17
45 19
45 20
45 21
45 23
45 25
45 27
45 33
45 34
45 37
45 40
45 41
45 42
45 43
46 1
46 6
46 7
46 9
46 12
46 13
46 16
46 17
46 18
46 20
46 21
46 25
46 28
46 29
46 32
46 34
46 35
46 37
46 39
46 41
46 42
46 44
46 45
47 5
47 6
47 8
47 9
47 10
47 11
47 12
47 15
47 20
47 21
47 25
47 26
47 28
47 29
47 31
47 34
47 35
47 36
47 37
47 38
47 41
47 42
47 46
48 3
48 8
48 10
48 11
48 12
48 13
48 15
48 16
48 20
48 29
48 30
48 32
48 35
48 36
48 38
48 46
49 3
49 4
49 5
49 7
49 8
49 11
49 12
49 13
49 14
49 18
49 21
49 22
49 24
49 27
49 28
49 29
49 35
49 36
49 38
49 39
49 44
49 45
49 46
49 47
49 48
50 1
50 6
50 8
50 10
50 11
50 12
50 16
50 18
50 19
50 21
50 23
50 24
50 25
50 27
50 29
50 32
50 33
50 35
50 38
50 39
50 41
50 44
50 46
50 48
50 49
51 1
51 2
51 3
51 4
51 6
51 10
51 14
51 17
51 18
51 19
51 26
51 27
51 33
51 34
51 36
51 38
51 39
51 42
51 45
51 46
51 49
51 50
52 5
52 8
52 9
52 10
52 13
52 14
52 15
52 16
52 17
52 21
52 23
52 26
52 27
52 28
52 29
52 32
52 33
52 34
52 37
52 40
52 44
52 50
52 51
53 4
53 6
53 9
53 10
53 11
53 13
53 20
53 21
53 24
53 26
53 27
53 31
53 32
53 35
53 37
53 38
53 42
53 46
53 48
53 49
53 50
53 52
54 1
54 3
54 6
54 7
54 9
54 10
54 13
54 16
54 21
54 22
54 23
54 24
54 25
54 29
54 34
54 35
54 36
54 37
54 38
54 41
54 43
54 44
54 48
54 49
54 50
54 52
55 2
55 5
55 6
55 8
55 10
55 12
55 13
55 15
55 16
55 17
55 18
55 20
55 21
55 22
55 24
55 28
55 31
55 34
55 35
55 36
55 38
55 42
55 45
55 47
55 51
55 53
55 54
56 2
56 4
56 8
56 9
56 10
56 13
56 15
56 19
56 20
56 22
56 27
56 30
56 32
56 33
56 34
56 35
56 36
56 37
56 39
56 41
56 42
56 43
56 44
56 45
56 47
56 50
56 52
56 53
57 3
57 6
57 7
57 9
57 13
57 14
57 18
57 19
57 23
57 25
57 26
57 27
57 31
57 32
57 33
57 39
57 40
57 41
57 44
57 46
57 48
57 49
57 50
57 53
58 1
58 2
58 4
58 9
58 10
58 12
58 13
58 14
58 16
58 18
58 19
58 20
58 25
58 26
58 27
58 31
58 32
58 34
58 37
58 38
58 39
58 40
58 42
58 43
58 46
58 47
58 50
58 53
58 55
58 56
58 57
59 2
59 4
59 5
59 6
59 7
59 8
59 9
59 10
59 11
59 12
59 13
59 15
59 16
59 17
59 24
59 25
59 27
59 31
59 33
59 37
59 40
59 41
59 43
59 44
59 45
59 48
59 51
59 52
59 53
59 54
59 55
59 56
59 57
59 58
60 2
60 5
60 8
60 9
60 11
60 17
60 18
60 19
60 23
60 24
60 26
60 28
60 30
60 33
60 35
60 40
60 41
60 42
60 43
60 45
60 46
60 47
60 48
60 49
60 50
60 52
60 53
60 57
60 58
61 2
61 3
61 4
61 5
61 11
61 13
61 14
61 16
61 18
61 23
61 25
61 26
61 27
61 30
61 32
61 33
61 34
61 38
61 39
61 45
61 48
61 50
61 51
61 53
61 59
62 4
62 5
62 7
62 9
62 10
62 11
62 12
62 13
62 15
62 16
62 17
62 18
62 19
62 20
62 23
62 24
62 25
62 26
62 27
62 28
62 30
62 32
62 36
62 37
62 39
62 42
62 43
62 45
62 46
62 47
62 49
62 51
62 52
62 53
62 54
62 58
62 59
62 60
63 5
63 6
63 7
63 8
63 9
63 11
63 12
63 13
63 14
63 16
63 18
63 20
63 21
63 22
63 23
63 24
63 29
63 30
63 31
63 32
63 33
63 35
63 36
63 37
63 38
63 39
63 41
63 42
63 43
63 44
63 45
63 46
63 47
63 48
63 52
63 53
63 54
63 59
63 61
63 62
64 2
64 3
64 4
64 7
64 11
64 13
64 15
64 16
64 17
64 20
64 22
64 25
64 26
64 27
64 29
64 32
64 34
64 37
64 38
64 42
64 43
64 45
64 46
64 48
64 49
64 50
64 51
64 52
64 55
64 62
65 3
65 7
65 9
65 10
65 11
65 15
65 17
65 18
65 19
65 20
65 21
65 22
65 29
65 30
65 34
65 38
65 39
65 42
65 43
65 46
65 48
65 49
65 50
65 52
65 55
65 58
65 60
65 61
65 63
65 64
66 1
66 3
66 4
66 6
66 8
66 9
66 10
66 11
66 12
66 13
66 15
66 16
66 17
66 18
66 21
66 22
66 23
66 25
66 26
66 31
66 32
66 34
66 36
66 37
66 38
66 40
66 42
66 43
66 44
66 45
66 46
66 48
66 49
66 51
66 52
66 53
66 56
66 57
66 60
66 62
66 63
66 64
67 1
67 5
67 8
67 9
67 11
67 12
67 13
67 14
67 16
67 17
67 18
67 19
67 20
67 22
67 23
67 24
67 25
67 26
67 29
67 30
67 32
67 34
67 35
67 37
67 41
67 44
67 45
67 46
67 47
67 52
67 57
67 58
67 60
67 61
67 64
67 66
68 2
68 4
68 5
68 8
68 9
68 10
68 11
68 14
68 15
68 16
68 17
68 19
68 24
68 26
68 27
68 28
68 29
68 30
68 31
68 32
68 34
68 36
68 37
68 40
68 42
68 44
68 45
68 46
68 47
68 48
68 50
68 51
68 52
68 53
68 54
68 59
68 62
68 63
68 64
68 66
69 2
69 4
69 5
69 6
69 7
69 8
69 10
69 16
69 20
69 21
69 22
69 25
69 29
69 30
69 32
69 34
69 36
69 40
69 44
69 46
69 47
69 48
69 51
69 52
69 53
69 54
69 56
69 59
69 61
69 62
69 65
69 66
69 67
70 1
70 2
70 3
70 4
70 8
70 12
70 13
70 14
70 15
70 18
70 21
70 22
70 25
70 26
70 27
70 28
70 31
70 33
70 35
70 37
70 38
70 40
70 41
70 42
70 43
70 44
70 47
70 49
70 52
70 55
70 57
70 59
70 61
70 63
70 64
70 65
70 66
70 67
70 68
71 1
71 3
71 8
71 9
71 11
71 12
71 14
71 17
71 20
71 22
71 23
71 24
71 26
71 28
71 30
71 35
71 36
71 38
71 41
71 43
71 45
71 47
71 48
71 49
71 52
71 59
71 62
71 63
71 65
71 68
71 69
72 1
72 2
72 3
72 8
72 10
72 12
72 13
72 15
72 16
72 17
72 22
72 25
72 26
72 28
72 29
72 30
72 34
72 38
72 39
72 40
72 42
72 44
72 46
72 47
72 48
72 52
72 57
72 58
72 59
72 61
72 62
72 63
72 66
73 3
73 6
73 7
73 9
73 11
73 18
73 21
73 22
73 23
73 25
73 27
73 32
73 33
73 35
73 39
73 40
73 41
73 43
73 44
73 46
73 47
73 48
73 50
73 52
73 53
73 54
73 55
73 59
73 60
73 62
73 64
73 69
73 71
74 1
74 3
74 8
74 9
74 15
74 17
74 18
74 19
74 20
74 22
74 23
74 25
74 27
74 29
74 30
74 32
74 34
74 36
74 38
74 42
74 43
74 44
74 46
74 47
74 53
74 55
74 56
74 57
74 58
74 61
74 63
74 66
74 68
74 69
74 70
74 71
74 73
75 1
75 2
75 4
75 6
75 7
75 8
75 10
75 12
75 13
75 16
75 18
75 20
75 21
75 22
75 28
75 31
75 32
75 33
75 35
75 36
75 38
75 41
75 45
75 46
75 48
75 49
75 50
75 52
75 53
75 54
75 56
75 61
75 62
75 63
75 65
75 66
75 67
75 68
75 69
75 71
75 73
75 74
76 3
76 6
76 8
76 9
76 10
76 12
76 15
76 17
76 20
76 21
76 24
76 25
76 26
76 27
76 28
76 30
76 32
76 33
76 37
76 40
76 41
76 42
76 44
76 45
76 47
76 48
76 51
76 59
76 63
76 64
76 66
76 67
76 73
76 75
77 1
77 3
77 4
77 6
77 7
77 10
77 11
77 12
77 13
77 16
77 17
77 20
77 21
77 29
77 30
77 32
77 33
77 36
77 37
77 38
77 41
77 43
77 47
77 49
77 51
77 53
77 54
77 56
77 59
77 62
77 65
77 67
77 69
77 71
77 72
77 73
78 1
78 3
78 4
78 5
78 6
78 7
78 8
78 10
78 11
78 13
78 16
78 19
78 20
78 21
78 22
78 23
78 24
78 25
78 30
78 31
78 34
78 35
78 36
78 37
78 40
78 42
78 43
78 45
78 47
78 48
78 49
78 55
78 56
78 58
78 59
78 62
78 64
78 67
78 68
78 69
78 70
78 72
78 73
78 75
78 76
79 1
79 3
79 4
79 5
79 6
79 7
79 8
79 9
79 10
79 11
79 12
79 13
79 14
79 16
79 18
79 23
79 24
79 25
79 27
79 28
79 29
79 34
79 39
79 43
79 44
79 45
79 53
79 56
79 59
79 60
79 64
79 67
79 69
79 70
79 72
79 73
79 74
79 75
80 1
80 3
80 6
80 7
80 10
80 11
80 13
80 14
80 15
80 16
80 18
80 24
80 26
80 27
80 31
80 33
80 37
80 38
80 39
80 40
80 42
80 44
80 46
80 51
80 56
80 60
80 61
80 62
80 63
80 64
80 65
80 66
80 69
80 70
80 71
80 72
80 73
80 74
80 76
80 77
80 79
81 1
81 2
81 3
81 4
81 6
81 10
81 14
81 16
81 20
81 22
81 23
81 24
81 27
81 30
81 31
81 32
81 38
81 42
81 43
81 45
81 46
81 48
81 49
81 50
81 54
81 55
81 56
81 58
81 59
81 61
81 63
81 73
81 74
81 75
81 76
81 77
81 79
82 3
82 12
82 14
82 15
82 18
82 22
82 24
82 25
82 28
82 29
82 32
82 34
82 36
82 38
82 45
82 48
82 49
82 50
82 51
82 52
82 56
82 59
82 61
82 62
82 63
82 64
82 66
82 70
82 71
82 72
82 73
82 74
82 76
82 78
82 79
82 80
83 1
83 3
83 4
83 5
83 8
83 11
83 13
83 15
83 19
83 21
83 22
83 23
83 24
83 29
83 31
83 32
83 33
83 34
83 35
83 36
83 37
83 38
83 39
83 41
83 43
83 44
83 45
83 47
83 48
83 50
83 55
83 66
83 68
83 70
83 71
83 72
83 75
83 76
83 77
83 80
83 81
84 3
84 4
84 5
84 7
84 8
84 9
84 14
84 15
84 16
84 21
84 23
84 26
84 27
84 30
84 35
84 36
84 37
84 38
84 41
84 42
84 43
84 44
84 46
84 47
84 49
84 50
84 51
84 52
84 53
84 57
84 58
84 62
84 63
84 64
84 65
84 66
84 68
84 71
84 72
84 73
84 74
84 75
84 78
84 79
84 80
84 81
84 82
85 2
85 3
85 5
85 6
85 8
85 9
85 13
85 15
85 21
85 22
85 23
85 24
85 25
85 29
85 30
85 31
85 36
85 38
85 42
85 44
85 46
85 49
85 50
85 52
85 53
85 54
85 56
85 59
85 61
85 62
85 64
85 65
85 66
85 71
85 72
85 74
85 77
85 78
85 79
85 83
85 84
86 2
86 5
86 6
86 8
86 9
86 11
86 12
86 14
86 15
86 17
86 18
86 19
86 20
86 21
86 27
86 29
86 30
86 31
86 32
86 35
86 36
86 37
86 39
86 41
86 42
86 43
86 44
86 45
86 47
86 49
86 50
86 51
86 54
86 55
86 57
86 58
86 63
86 66
86 67
86 68
86 70
86 72
86 76
86 78
86 82
86 83
86 84
86 85
87 1
87 3
87 4
87 6
87 7
87 8
87 14
87 15
87 16
87 17
87 22
87 23
87 24
87 26
87 31
87 32
87 33
87 34
87 36
87 38
87 39
87 40
87 41
87 45
87 46
87 47
87 49
87 50
87 51
87 53
87 54
87 59
87 62
87 63
87 64
87 66
87 68
87 70
87 71
87 72
87 73
87 78
87 79
87 84
87 85
87 86
88 1
88 2
88 4
88 8
88 9
88 10
88 11
88 13
88 16
88 17
88 19
88 20
88 23
88 24
88 25
88 27
88 29
88 31
88 32
88 35
88 36
88 40
88 41
88 42
88 43
88 46
88 47
88 48
88 49
88 50
88 51
88 52
88 53
88 58
88 61
88 62
88 63
88 68
88 70
88 73
88 75
88 77
88 82
88 83
88 84
88 86
89 1
89 4
89 5
89 9
89 10
89 13
89 17
89 18
89 19
89 20
89 21
89 23
89 26
89 30
89 31
89 32
89 34
89 35
89 40
89 43
89 47
89 48
89 50
89 52
89 53
89 54
89 55
89 57
89 58
89 66
89 67
89 69
89 72
89 74
89 76
89 83
89 84
89 86
89 88
90 2
90 4
90 7
90 12
90 13
90 15
90 16
90 17
90 19
90 21
90 23
90 25
90 29
90 31
90 33
90 34
90 35
90 37
90 38
90 39
90 46
90 47
90 50
90 51
90 53
90 56
90 58
90 59
90 62
90 63
90 64
90 65
90 67
90 71
90 72
90 75
90 76
90 78
90 80
90 82
90 84
90 85
90 87
90 88
90 89
91 3
91 5
91 7
91 8
91 9
91 12
91 14
91 15
91 16
91 17
91 18
91 19
91 20
91 23
91 24
91 26
91 27
91 29
91 31
91 33
91 35
91 36
91 37
91 39
91 42
91 43
91 46
91 48
91 50
91 51
91 52
91 54
91 56
91 59
91 60
91 61
91 62
91 63
91 65
91 66
91 67
91 73
91 74
91 75
91 78
91 80
91 82
91 83
91 84
91 85
92 2
92 3
92 6
92 7
92 8
92 14
92 15
92 16
92 21
92 25
92 29
92 30
92 32
92 38
92 45
92 48
92 49
92 50
92 52
92 56
92 58
92 59
92 61
92 65
92 70
92 74
92 76
92 78
92 79
92 80
92 81
92 84
92 85
92 88
92 91
93 3
93 4
93 8
93 10
93 11
93 14
93 15
93 16
93 20
93 23
93 24
93 25
93 26
93 27
93 28
93 29
93 37
93 43
93 45
93 47
93 50
93 52
93 53
93 57
93 58
93 63
93 70
93 73
93 74
93 76
93 77
93 81
93 83
93 85
93 86
93 87
93 89
93 90
93 92
94 1
94 6
94 11
94 12
94 16
94 17
94 26
94 27
94 28
94 29
94 32
94 33
94 34
94 37
94 38
94 39
94 41
94 42
94 44
94 47
94 48
94 49
94 50
94 52
94 53
94 55
94 57
94 58
94 59
94 61
94 62
94 63
94 66
94 68
94 69
94 70
94 71
94 72
94 76
94 78
94 79
94 82
94 86
94 89
94 90
94 91
94 93
95 2
95 4
95 5
95 6
95 8
95 11
95 12
95 13
95 16
95 17
95 18
95 21
95 22
95 24
95 25
95 26
95 28
95 30
95 31
95 38
95 39
95 41
95 42
95 44
95 45
95 46
95 47
95 48
95 49
95 50
95 51
95 52
95 53
95 58
95 62
95 63
95 65
95 67
95 68
95 70
95 71
95 75
95 77
95 79
95 80
95 82
95 83
95 85
95 90
95 93
96 1
96 3
96 4
96 6
96 10
96 15
96 16
96 24
96 26
96 30
96 36
96 39
96 40
96 46
96 48
96 51
96 54
96 55
96 57
96 59
96 60
96 61
96 63
96 64
96 68
96 69
96 71
96 73
96 75
96 76
96 78
96 79
96 80
96 82
96 84
96 86
96 90
96 93
96 95
97 2
97 4
97 5
97 6
97 8
97 14
97 16
97 18
97 23
97 28
97 29
97 30
97 31
97 32
97 37
97 38
97 40
97 43
97 45
97 48
97 49
97 50
97 51
97 55
97 59
97 60
97 62
97 64
97 65
97 67
97 68
97 70
97 72
97 74
97 75
97 76
97 78
97 79
97 81
97 82
97 84
97 86
97 87
97 88
97 91
98 1
98 3
98 4
98 6
98 7
98 8
98 12
98 15
98 16
98 18
98 24
98 25
98 28
98 29
98 30
98 31
98 35
98 36
98 39
98 42
98 47
98 50
98 52
98 58
98 59
98 60
98 61
98 63
98 66
98 68
98 74
98 75
98 76
98 77
98 79
98 80
98 81
98 82
98 84
98 85
98 86
98 87
98 89
98 91
98 94
98 96
98 97
99 1
99 2
99 3
99 4
99 6
99 7
99 9
99 10
99 12
99 13
99 14
99 19
99 23
99 26
99 28
99 31
99 32
99 33
99 38
99 45
99 46
99 47
99 48
99 49
99 61
99 66
99 67
99 68
99 71
99 75
99 80
99 81
99 83
99 84
99 86
99 87
99 91
99 92
99 93
99 95
99 96
99 98
100 2
100 9
100 11
100 14
100 15
100 20
100 24
100 25
100 31
100 32
100 35
100 40
100 41
100 42
100 43
100 46
100 50
100 52
100 53
100 56
100 58
100 59
100 60
100 61
100 63
100 64
100 66
100 67
100 68
100 70
100 72
100 76
100 77
100 78
100 79
100 80
100 81
100 83
100 86
100 87
100 88
100 89
100 90
100 93
100 94
100 95
100 97
100 98
100 99
101 1
101 2
101 4
101 5
101 6
101 8
101 9
101 10
101 14
101 15
101 16
101 21
101 22
101 23
101 24
101 25
101 26
101 30
101 31
101 36
101 38
101 41
101 42
101 44
101 45
101 46
101 49
101 54
101 56
101 59
101 60
101 61
101 62
101 66
101 67
101 70
101 71
101 75
101 78
101 79
101 80
101 81
101 84
101 86
101 89
101 92
101 93
101 94
101 97
102 2
102 3
102 7
102 8
102 9
102 12
102 14
102 18
102 19
102 20
102 23
102 24
102 25
102 27
102 31
102 32
102 33
102 36
102 39
102 40
102 46
102 47
102 49
102 50
102 52
102 56
102 57
102 59
102 60
102 61
102 62
102 65
102 66
102 67
102 68
102 69
102 70
102 72
102 73
102 75
102 76
102 79
102 81
102 82
102 83
102 87
102 90
102 92
102 93
102 94
102 95
102 96
102 98
102 99
102 101
103 1
103 2
103 4
103 5
103 6
103 7
103 8
103 9
103 10
103 11
103 15
103 16
103 17
103 21
103 23
103 24
103 27
103 29
103 32
103 33
103 37
103 38
103 40
103 41
103 42
103 45
103 47
103 50
103 52
103 53
103 54
103 56
103 57
103 58
103 59
103 60
103 61
103 63
103 65
103 66
103 74
103 75
103 77
103 80
103 86
103 89
103 92
103 93
103 95
103 96
103 99
103 100
103 101
104 1
104 2
104 3
104 5
104 6
104 7
104 12
104 15
104 18
104 19
104 21
104 25
104 27
104 29
104 30
104 32
104 34
104 35
104 36
104 37
104 38
104 41
104 42
104 43
104 45
104 46
104 47
104 48
104 53
104 56
104 57
104 58
104 61
104 63
104 66
104 70
104 71
104 72
104 75
104 76
104 78
104 79
104 81
104 84
104 85
104 87
104 88
104 91
104 92
104 94
104 95
104 96
104 97
104 99
104 100
104 101
104 102
104 103
105 1
105 2
105 7
105 8
105 9
105 10
105 11
105 12
105 13
105 14
105 15
105 19
105 20
105 21
105 22
105 25
105 26
105 28
105 29
105 34
105 36
105 38
105 41
105 43
105 46
105 47
105 49
105 52
105 54
105 56
105 57
105 59
105 63
105 65
105 66
105 68
105 69
105 70
105 73
105 75
105 76
105 79
105 80
105 82
105 84
105 85
105 86
105 87
105 88
105 89
105 90
105 92
105 94
105 96
105 98
105 101
105 102
106 4
106 7
106 11
106 14
106 15
106 17
106 19
106 22
106 23
106 24
106 25
106 26
106 28
106 30
106 36
106 37
106 38
106 40
106 41
106 42
106 43
106 45
106 48
106 49
106 51
106 52
106 55
106 56
106 60
106 61
106 63
106 65
106 66
106 67
106 69
106 70
106 75
106 76
106 77
106 79
106 80
106 86
106 87
106 88
106 90
106 92
106 93
106 94
106 95
106 97
106 102
106 104
107 1
107 3
107 5
107 7
107 11
107 14
107 15
107 16
107 19
107 20
107 21
107 25
107 26
107 30
107 32
107 34
107 36
107 37
107 39
107 41
107 44
107 45
107 48
107 52
107 53
107 54
107 55
107 56
107 57
107 58
107 60
107 61
107 64
107 68
107 71
107 72
107 77
107 78
107 80
107 81
107 83
107 84
107 92
107 95
107 97
107 101
107 102
107 104
108 1
108 2
108 3
108 6
108 9
108 10
108 11
108 13
108 15
108 17
108 20
108 23
108 24
108 26
108 29
108 31
108 33
108 34
108 35
108 36
108 41
108 47
108 57
108 60
108 62
108 63
108 64
108 65
108 68
108 72
108 73
108 77
108 78
108 79
108 80
108 81
108 83
108 86
108 91
108 92
108 95
108 97
108 98
108 99
108 100
108 106
109 1
109 2
109 4
109 5
109 7
109 8
109 9
109 13
109 16
109 17
109 19
109 20
109 21
109 22
109 23
109 24
109 26
109 29
109 32
109 36
109 37
109 38
109 42
109 44
109 48
109 49
109 50
109 52
109 53
109 54
109 58
109 61
109 62
109 63
109 65
109 72
109 75
109 76
109 77
109 80
109 84
109 86
109 88
109 89
109 90
109 92
109 94
109 95
109 96
109 98
109 103
109 104
109 105
109 107
109 108
110 1
110 8
110 9
110 10
110 12
110 16
110 17
110 18
110 19
110 20
110 22
110 25
110 26
110 27
110 28
110 29
110 30
110 33
110 34
110 36
110 39
110 40
110 41
110 42
110 43
110 44
110 50
110 51
110 52
110 53
110 58
110 59
110 61
110 64
110 66
110 67
110 70
110 72
110 74
110 75
110 81
110 82
110 84
110 87
110 89
110 91
110 93
110 94
110 95
110 98
110 99
110 100
110 102
110 103
110 104
110 105
110 108
111 1
111 2
111 3
111 4
111 6
111 8
111 13
111 15
111 19
111 21
111 24
111 25
111 26
111 29
111 35
111 37
111 38
111 39
111 42
111 44
111 45
111 46
111 48
111 51
111 52
111 55
111 58
111 61
111 64
111 68
111 69
111 77
111 79
111 80
111 82
111 83
111 84
111 86
111 89
111 90
111 92
111 93
111 94
111 95
111 96
111 97
111 101
111 102
111 103
111 106
111 107
111 108
112 2
112 3
112 4
112 7
112 8
112 9
112 10
112 13
112 14
112 18
112 21
112 23
112 25
112 26
112 28
112 30
112 32
112 38
112 40
112 42
112 43
112 44
112 47
112 50
112 51
112 54
112 55
112 56
112 57
112 58
112 60
112 63
112 65
112 66
112 68
112 70
112 71
112 72
112 73
112 76
112 77
112 78
112 79
112 81
112 83
112 85
112 86
112 87
112 88
112 89
112 90
112 91
112 92
112 93
112 94
112 96
112 99
112 104
112 105
112 106
112 108
113 3
113 4
113 5
113 7
113 11
113 12
113 13
113 14
113 15
113 16
113 17
113 18
113 19
113 20
113 22
113 24
113 27
113 30
113 31
113 32
113 33
113 34
113 35
113 37
113 44
113 45
113 46
113 47
113 49
113 50
113 52
113 53
113 55
113 56
113 58
113 61
113 63
113 65
113 66
113 67
113 68
113 69
113 70
113 73
113 75
113 77
113 80
113 81
113 85
113 87
113 88
113 92
113 94
113 99
113 103
113 104
113 105
113 106
113 108
113 109
113 110
114 2
114 4
114 5
114 6
114 9
114 11
114 12
114 14
114 16
114 18
114 19
114 20
114 21
114 24
114 25
114 30
114 31
114 34
114 36
114 40
114 43
114 45
114 46
114 47
114 48
114 49
114 50
114 51
114 52
114 56
114 59
114 60
114 63
114 67
114 69
114 70
114 71
114 73
114 74
114 76
114 79
114 82
114 83
114 84
114 87
114 91
114 93
114 94
114 97
114 100
114 101
114 102
114 103
114 109
114 113
115 1
115 2
115 4
115 6
115 8
115 13
115 14
115 15
115 17
115 19
115 25
115 33
115 35
115 37
115 38
115 43
115 45
115 50
115 53
115 59
115 60
115 62
115 63
115 67
115 68
115 70
115 71
115 72
115 77
115 79
115 81
115 83
115 85
115 87
115 90
115 91
115 93
115 95
115 96
115 107
115 109
115 113
116 3
116 4
116 5
116 8
116 9
116 10
116 11
116 12
116 17
116 18
116 19
116 21
116 22
116 23
116 31
116 32
116 33
116 35
116 40
116 41
116 44
116 46
116 47
116 49
116 51
116 54
116 56
116 57
116 62
116 64
116 66
116 69
116 70
116 72
116 74
116 80
116 81
116 82
116 83
116 84
116 85
116 86
116 87
116 88
116 92
116 93
116 95
116 96
116 97
116 99
116 101
116 102
116 103
116 106
116 110
116 111
116 112
116 113
116 114
116 115
117 1
117 2
117 3
117 4
117 7
117 8
117 9
117 10
117 11
117 14
117 15
117 16
117 19
117 21
117 24
117 26
117 27
117 29
117 33
117 34
117 35
117 36
117 37
117 44
117 45
117 46
117 47
117 48
117 50
117 51
117 52
117 53
117 54
117 55
117 56
117 59
117 60
117 61
117 62
117 64
117 66
117 68
117 69
117 70
117 71
117 72
117 73
117 76
117 77
117 79
117 82
117 91
117 93
117 97
117 102
117 104
117 109
117 110
117 113
117 115
118 2
118 5
118 6
118 7
118 9
118 11
118 14
118 17
118 19
118 21
118 23
118 24
118 25
118 32
118 33
118 35
118 36
118 38
118 42
118 43
118 45
118 46
118 47
118 48
118 50
118 51
118 52
118 53
118 56
118 58
118 59
118 61
118 62
118 64
118 65
118 72
118 73
118 76
118 77
118 78
118 82
118 84
118 86
118 87
118 88
118 90
118 91
118 92
118 97
118 98
118 100
118 103
118 105
118 107
118 110
118 111
118 112
118 114
118 115
118 116
119 3
119 4
119 6
119 10
119 15
119 16
119 19
119 22
119 23
119 24
119 25
119 26
119 29
119 30
119 33
119 35
119 36
119 38
119 40
119 41
119 43
119 44
119 47
119 49
119 51
119 52
119 53
119 54
119 55
119 56
119 57
119 59
119 61
119 62
119 63
119 64
119 65
119 66
119 69
119 76
119 77
119 86
119 87
119 88
119 89
119 90
119 92
119 93
119 94
119 95
119 99
119 101
119 103
119 104
119 105
119 106
119 109
119 111
119 113
119 115
119 116
120 1
120 2
120 3
120 6
120 7
120 10
120 11
120 17
120 19
120 20
120 21
120 22
120 23
120 25
120 26
120 28
120 29
120 30
120 31
120 33
120 37
120 40
120 44
120 46
120 47
120 48
120 49
120 50
120 52
120 54
120 55
120 57
120 58
120 61
120 62
120 63
120 75
120 81
120 83
120 88
120 89
120 90
120 94
120 98
120 99
120 108
120 109
120 110
120 112
120 113
120 115
120 116
121 3
121 8
121 11
121 12
121 13
121 16
121 17
121 19
121 20
121 21
121 22
121 23
121 26
121 28
121 30
121 31
121 32
121 34
121 36
121 37
121 40
121 45
121 47
121 48
121 50
121 51
121 54
121 55
121 56
121 58
121 59
121 60
121 62
121 65
121 66
121 68
121 70
121 73
121 76
121 77
121 79
121 83
121 84
121 85
121 88
121 90
121 92
121 94
121 95
121 96
121 98
121 100
121 101
121 102
121 103
121 104
121 105
121 107
121 110
121 111
121 116
121 117
121 118
122 6
122 9
122 10
122 14
122 15
122 19
122 21
122 22
122 23
122 25
122 27
122 30
122 38
122 40
122 41
122 42
122 43
122 44
122 45
122 46
122 49
122 50
122 55
122 56
122 57
122 58
122 59
122 60
122 62
122 63
122 65
122 67
122 70
122 75
122 77
122 78
122 80
122 82
122 83
122 86
122 88
122 90
122 92
122 93
122 94
122 95
122 97
122 98
122 99
122 100
122 103
122 106
122 109
122 110
122 111
122 114
122 115
122 116
122 117
122 119
122 121
123 1
123 4
123 5
123 9
123 11
123 16
123 17
123 19
123 20
123 21
123 22
123 23
123 25
123 29
123 30
123 32
123 33
123 34
123 35
123 36
123 37
123 38
123 40
123 44
123 45
123 48
123 52
123 53
123 56
123 57
123 61
123 62
123 63
123 67
123 68
123 69
123 70
123 71
123 72
123 74
123 75
123 77
123 80
123 81
123 83
123 84
123 86
123 87
123 90
123 92
123 94
123 98
123 100
123 101
123 102
123 103
123 108
123 109
123 110
123 111
123 113
123 114
123 115
123 119
123 121
123 122
124 1
124 2
124 4
124 6
124 7
124 11
124 16
124 17
124 19
124 20
124 22
124 25
124 27
124 28
124 29
124 31
124 32
124 33
124 34
124 43
124 46
124 48
124 50
124 53
124 57
124 58
124 60
124 61
124 62
124 63
124 66
124 67
124 69
124 71
124 74
124 75
124 79
124 80
124 81
124 82
124 86
124 88
124 89
124 91
124 92
124 93
124 99
124 100
124 104
124 105
124 106
124 107
124 112
124 113
124 115
124 116
124 117
124 118
124 119
124 123
125 2
125 3
125 5
125 6
125 7
125 9
125 10
125 13
125 19
125 22
125 23
125 25
125 28
125 29
125 32
125 33
125 34
125 35
125 36
125 37
125 38
125 43
125 47
125 48
125 52
125 54
125 55
125 56
125 59
125 61
125 64
125 66
125 67
125 68
125 69
125 72
125 73
125 74
125 75
125 76
125 80
125 81
125 83
125 84
125 85
125 86
125 90
125 91
125 94
125 97
125 98
125 99
125 101
125 103
125 105
125 106
125 108
125 110
125 111
125 113
125 119
125 121
125 122
125 123
126 1
126 2
126 4
126 6
126 7
126 8
126 12
126 17
126 18
126 19
126 21
126 24
126 25
126 28
126 31
126 32
126 33
126 34
126 36
126 37
126 39
126 41
126 44
126 46
126 48
126 50
126 53
126 56
126 57
126 62
126 66
126 67
126 68
126 71
126 73
126 79
126 80
126 81
126 82
126 83
126 84
126 85
126 86
126 87
126 89
126 90
126 95
126 96
126 97
126 98
126 99
126 102
126 105
126 114
126 116
126 121
127 3
127 7
127 9
127 11
127 14
127 16
127 17
127 20
127 21
127 23
127 24
127 26
127 29
127 30
127 31
127 38
127 39
127 40
127 41
127 42
127 43
127 44
127 46
127 47
127 54
127 59
127 62
127 64
127 66
127 68
127 69
127 70
127 71
127 73
127 76
127 77
127 80
127 81
127 82
127 83
127 84
127 86
127 87
127 89
127 90
127 91
127 92
127 93
127 96
127 98
127 99
127 100
127 101
127 102
127 104
127 106
127 109
127 111
127 112
127 117
127 118
127 120
127 122
127 123
127 124
128 4
128 8
128 9
128 10
128 11
128 12
128 13
128 14
128 16
128 23
128 24
128 25
128 26
128 28
128 30
128 32
128 33
128 35
128 36
128 40
128 41
128 43
128 45
128 46
128 53
128 54
128 55
128 57
128 58
128 59
128 63
128 66
128 67
128 68
128 71
128 72
128 75
128 76
128 81
128 83
128 84
128 87
128 89
128 91
128 96
128 97
128 98
128 99
128 100
128 102
128 104
128 108
128 110
128 113
128 114
128 118
128 121
128 124
128 126
128 127
129 7
129 8
129 9
129 10
129 11
129 15
129 17
129 18
129 19
129 20
129 22
129 24
129 26
129 33
129 35
129 40
129 41
129 47
129 50
129 53
129 54
129 55
129 57
129 59
129 62
129 63
129 64
129 68
129 69
129 71
129 76
129 78
129 79
129 80
129 82
129 83
129 84
129 90
129 91
129 92
129 94
129 96
129 97
129 101
129 103
129 104
129 105
129 110
129 111
129 113
129 114
129 115
129 117
129 118
129 120
129 122
129 123
130 1
130 3
130 6
130 7
130 8
130 9
130 10
130 12
130 14
130 15
130 17
130 21
130 22
130 23
130 31
130 32
130 37
130 39
130 43
130 44
130 45
130 46
130 50
130 53
130 56
130 59
130 62
130 63
130 64
130 70
130 72
130 75
130 76
130 78
130 79
130 81
130 83
130 84
130 87
130 89
130 95
130 96
130 99
130 104
130 105
130 106
130 111
130 112
130 118
130 119
130 124
130 125
130 128
131 4
131 7
131 9
131 10
131 11
131 12
131 14
131 15
131 16
131 19
131 22
131 23
131 25
131 28
131 30
131 31
131 32
131 38
131 40
131 44
131 47
131 48
131 51
131 52
131 53
131 59
131 65
131 67
131 68
131 69
131 75
131 78
131 79
131 80
131 81
131 88
131 89
131 92
131 94
131 95
131 97
131 98
131 106
131 117
131 120
131 124
131 126
131 127
131 129
131 130
132 3
132 4
132 6
132 11
132 12
132 13
132 14
132 20
132 22
132 23
132 26
132 30
132 32
132 35
132 38
132 44
132 46
132 47
132 50
132 54
132 55
132 57
132 58
132 60
132 62
132 64
132 67
132 68
132 70
132 76
132 80
132 81
132 82
132 85
132 86
132 87
132 90
132 91
132 92
132 93
132 94
132 95
132 96
132 97
132 98
132 99
132 100
132 101
132 103
132 105
132 106
132 110
132 111
132 113
132 117
132 118
132 119
132 120
132 121
132 122
132 123
132 125
132 126
132 130
132 131
133 2
133 4
133 7
133 9
133 10
133 12
133 13
133 15
133 16
133 21
133 22
133 24
133 25
133 27
133 30
133 32
133 33
133 34
133 38
133 44
133 48
133 49
133 52
133 53
133 55
133 60
133 63
133 64
133 65
133 66
133 67
133 69
133 73
133 74
133 75
133 77
133 78
133 81
133 85
133 88
133 90
133 93
133 94
133 95
133 96
133 98
133 99
133 101
133 105
133 106
133 107
133 108
133 111
133 114
133 117
133 118
133 120
133 121
133 123
133 124
133 125
133 128
133 129
133 132
134 2
134 4
134 10
134 13
134 14
134 17
134 19
134 26
134 27
134 28
134 29
134 30
134 31
134 32
134 33
134 35
134 36
134 39
134 40
134 42
134 43
134 44
134 46
134 47
134 48
134 49
134 51
134 53
134 59
134 61
134 66
134 70
134 71
134 76
134 78
134 79
134 81
134 84
134 86
134 87
134 88
134 91
134 92
134 94
134 99
134 100
134 103
134 104
134 110
134 111
134 113
134 114
134 115
134 117
134 119
134 122
134 125
134 133
135 4
135 6
135 7
135 9
135 14
135 17
135 19
135 22
135 23
135 24
135 25
135 26
135 27
135 28
135 30
135 34
135 35
135 37
135 38
135 39
135 41
135 42
135 47
135 49
135 55
135 57
135 59
135 61
135 63
135 64
135 66
135 71
135 72
135 75
135 76
135 77
135 80
135 83
135 85
135 86
135 88
135 91
135 93
135 95
135 98
135 102
135 103
135 105
135 108
135 109
135 110
135 112
135 114
135 119
135 120
135 125
135 128
135 132
135 134
136 1
136 4
136 9
136 10
136 15
136 17
136 19
136 20
136 22
136 25
136 28
136 30
136 36
136 37
136 38
136 39
136 41
136 43
136 44
136 46
136 47
136 48
136 50
136 51
136 54
136 55
136 56
136 57
136 59
136 61
136 65
136 66
136 69
136 70
136 71
136 72
136 73
136 75
136 76
136 78
136 86
136 87
136 92
136 95
136 96
136 98
136 100
136 101
136 103
136 107
136 109
136 110
136 112
136 113
136 115
136 117
136 119
136 122
136 125
136 129
136 130
136 132
136 133
136 134
137 1
137 2
137 5
137 6
137 9
137 11
137 12
137 13
137 14
137 24
137 25
137 29
137 33
137 34
137 36
137 37
137 38
137 41
137 44
137 45
137 47
137 48
137 49
137 50
137 52
137 53
137 56
137 58
137 59
137 60
137 62
137 66
137 69
137 71
137 72
137 73
137 76
137 77
137 78
137 79
137 81
137 83
137 86
137 87
137 88
137 90
137 91
137 93
137 95
137 96
137 97
137 100
137 101
137 102
137 105
137 107
137 108
137 113
137 117
137 119
137 122
137 125
137 126
137 127
137 130
137 133
137 134
137 136
138 1
138 2
138 5
138 6
138 15
138 18
138 22
138 23
138 24
138 25
138 26
138 27
138 28
138 29
138 30
138 31
138 33
138 34
138 39
138 40
138 41
138 43
138 45
138 46
138 47
138 50
138 55
138 56
138 58
138 59
138 61
138 63
138 65
138 66
138 67
138 68
138 70
138 71
138 72
138 75
138 76
138 78
138 79
138 95
138 96
138 97
138 100
138 102
138 103
138 104
138 106
138 107
138 109
138 110
138 113
138 117
138 118
138 122
138 124
138 125
138 126
138 129
138 131
138 132
138 133
138 134
138 136
138 137
139 1
139 4
139 5
139 6
139 9
139 10
139 13
139 14
139 16
139 17
139 18
139 19
139 21
139 22
139 23
139 26
139 30
139 31
139 34
139 37
139 38
139 39
139 40
139 42
139 43
139 44
139 50
139 52
139 53
139 55
139 57
139 59
139 62
139 66
139 67
139 68
139 69
139 72
139 73
139 77
139 78
139 82
139 85
139 86
139 87
139 90
139 92
139 96
139 97
139 100
139 101
139 103
139 104
139 105
139 106
139 107
139 108
139 112
139 113
139 116
139 121
139 123
139 125
139 127
139 128
139 131
139 134
139 136
140 6
140 7
140 9
140 12
140 13
140 16
140 17
140 19
140 20
140 22
140 24
140 25
140 26
140 27
140 32
140 33
140 34
140 35
140 37
140 38
140 40
140 45
140 49
140 50
140 52
140 55
140 61
140 62
140 66
140 69
140 71
140 75
140 77
140 79
140 85
140 87
140 89
140 97
140 98
140 104
140 106
140 108
140 111
140 112
140 116
140 119
140 120
140 121
140 123
140 129
140 132
140 133
140 134
140 138
140 139
141 3
141 5
141 6
141 7
141 8
141 9
141 10
141 11
141 12
141 13
141 16
141 19
141 20
141 23
141 27
141 28
141 29
141 30
141 31
141 33
141 34
141 35
141 36
141 38
141 39
141 41
141 44
141 45
141 46
141 47
141 55
141 56
141 57
141 59
141 60
141 64
141 66
141 68
141 74
141 75
141 78
141 79
141 81
141 84
141 90
141 91
141 94
141 105
141 109
141 114
141 115
141 116
141 118
141 119
141 121
141 122
141 123
141 126
141 129
141 131
141 133
141 134
141 135
141 137
141 140
142 1
142 2
142 4
142 5
142 6
142 8
142 9
142 13
142 14
142 17
142 21
142 25
142 28
142 30
142 33
142 42
142 43
142 45
142 52
142 53
142 55
142 59
142 60
142 61
142 63
142 64
142 66
142 67
142 68
142 69
142 71
142 72
142 73
142 77
142 78
142 79
142 80
142 81
142 82
142 84
142 85
142 87
142 88
142 91
142 94
142 96
142 98
142 101
142 104
142 107
142 108
142 109
142 110
142 111
142 112
142 113
142 114
142 119
142 124
142 125
142 126
142 127
142 128
142 130
142 131
142 135
142 136
142 138
142 139
142 141
143 1
143 2
143 5
143 6
143 7
143 9
143 12
143 13
143 17
143 18
143 19
143 21
143 22
143 23
143 25
143 26
143 27
143 31
143 34
143 35
143 36
143 39
143 41
143 42
143 45
143 46
143 48
143 50
143 53
143 55
143 56
143 58
143 59
143 61
143 62
143 63
143 64
143 67
143 68
143 70
143 75
143 76
143 77
143 78
143 80
143 81
143 82
143 83
143 88
143 90
143 94
143 95
143 97
143 98
143 99
143 102
143 103
143 105
143 107
143 108
143 111
143 112
143 113
143 115
143 120
143 124
143 126
143 130
143 132
143 133
143 138
143 140
143 141
144 1
144 2
144 6
144 8
144 14
144 17
144 19
144 22
144 23
144 24
144 26
144 28
144 30
144 31
144 37
144 45
144 46
144 47
144 48
144 49
144 53
144 54
144 55
144 56
144 58
144 59
144 62
144 70
144 71
144 76
144 77
144 79
144 80
144 83
144 84
144 85
144 88
144 92
144 93
144 95
144 99
144 100
144 103
144 104
144 105
144 106
144 107
144 108
144 110
144 111
144 112
144 113
144 114
144 117
144 118
144 120
144 122
144 123
144 124
144 125
144 126
144 127
144 128
144 129
144 130
144 133
144 135
144 140
144 142
144 143
145 1
145 3
145 4
145 5
145 6
145 8
145 11
145 12
145 13
145 16
145 19
145 20
145 25
145 26
145 33
145 34
145 35
145 38
145 40
145 43
145 44
145 45
145 46
145 50
145 52
145 53
145 61
145 62
145 64
145 65
145 66
145 68
145 70
145 71
145 72
145 73
145 74
145 75
145 76
145 79
145 81
145 82
145 85
145 87
145 88
145 89
145 90
145 92
145 93
145 95
145 98
145 99
145 101
145 102
145 103
145 104
145 109
145 110
145 111
145 112
145 113
145 114
145 115
145 117
145 121
145 125
145 130
145 132
145 135
145 136
145 140
145 142
145 144
146 1
146 3
146 5
146 6
146 8
146 9
146 10
146 14
146 15
146 16
146 17
146 19
146 23
146 24
146 27
146 29
146 31
146 33
146 38
146 41
146 42
146 46
146 47
146 51
146 57
146 58
146 59
146 60
146 61
146 62
146 66
146 67
146 68
146 76
146 77
146 80
146 81
146 84
146 85
146 86
146 87
146 88
146 89
146 92
146 97
146 100
146 102
146 105
146 107
146 108
146 110
146 111
146 112
146 115
146 120
146 122
146 124
146 125
146 126
146 127
146 128
146 132
146 139
146 140
146 141
147 3
147 5
147 9
147 10
147 13
147 15
147 16
147 17
147 18
147 22
147 27
147 29
147 30
147 32
147 35
147 38
147 44
147 45
147 47
147 48
147 49
147 50
147 51
147 54
147 55
147 60
147 61
147 63
147 64
147 66
147 67
147 68
147 69
147 70
147 72
147 75
147 76
147 77
147 78
147 81
147 89
147 90
147 93
147 94
147 95
147 100
147 101
147 102
147 106
147 107
147 111
147 112
147 114
147 115
147 116
147 117
147 119
147 120
147 121
147 124
147 125
147 129
147 132
147 133
147 136
147 138
147 139
147 141
147 143
147 144
148 1
148 2
148 3
148 4
148 6
148 7
148 11
148 12
148 13
148 14
148 15
148 18
148 21
148 22
148 23
148 25
148 26
148 27
148 30
148 33
148 38
148 42
148 44
148 47
148 48
148 50
148 54
148 55
148 56
148 57
148 60
148 63
148 64
148 65
148 66
148 69
148 71
148 72
148 73
148 74
148 77
148 78
148 79
148 80
148 84
148 86
148 87
148 89
148 91
148 92
148 94
148 97
148 98
148 100
148 102
148 104
148 106
148 109
148 110
148 113
148 119
148 120
148 121
148 124
148 126
148 128
148 130
148 132
148 133
148 137
148 138
148 139
148 140
148 144
148 145
148 147
149 2
149 5
149 10
149 12
149 13
149 14
149 17
149 19
149 20
149 23
149 24
149 25
149 27
149 29
149 30
149 31
149 32
149 38
149 41
149 43
149 52
149 53
149 54
149 55
149 56
149 57
149 58
149 60
149 61
149 64
149 65
149 66
149 69
149 70
149 74
149 75
149 78
149 82
149 83
149 84
149 85
149 88
149 90
149 91
149 93
149 97
149 98
149 101
149 102
149 103
149 106
149 110
149 111
149 112
149 113
149 114
149 115
149 116
149 117
149 119
149 120
149 123
149 125
149 126
149 127
149 128
149 129
149 130
149 133
149 134
149 137
149 138
149 140
149 142
149 143
149 146
150 1
150 4
150 5
150 6
150 8
150 10
150 11
150 12
150 16
150 17
150 20
150 21
150 25
150 26
150 27
150 30
150 32
150 33
150 36
150 40
150 42
150 50
150 53
150 55
150 56
150 59
150 61
150 63
150 65
150 66
150 67
150 69
150 72
150 73
150 74
150 76
150 77
150 78
150 81
150 82
150 83
150 84
150 85
150 88
150 90
150 91
150 92
150 94
150 97
150 98
150 103
150 105
150 107
150 108
150 109
150 110
150 111
150 112
150 113
150 117
150 120
150 122
150 123
150 124
150 125
150 126
150 129
150 130
150 131
150 132
150 133
150 136
150 139
150 141
150 142
150 145
150 148
150 149
151 3
151 5
151 6
151 7
151 8
151 9
151 13
151 14
151 17
151 18
151 20
151 22
151 23
151 25
151 28
151 30
151 32
151 33
151 37
151 41
151 49
151 50
151 52
151 53
151 54
151 57
151 58
151 59
151 60
151 63
151 68
151 70
151 75
151 76
151 78
151 80
151 81
151 85
151 88
151 96
151 98
151 102
151 103
151 104
151 105
151 107
151 108
151 109
151 110
151 111
151 112
151 113
151 115
151 117
151 119
151 120
151 122
151 123
151 126
151 127
151 130
151 135
151 136
151 137
151 138
151 139
151 140
151 141
151 142
151 145
152 1
152 2
152 5
152 9
152 10
152 11
152 13
152 15
152 16
152 22
152 33
152 35
152 39
152 40
152 41
152 43
152 45
152 47
152 58
152 59
152 63
152 67
152 71
152 72
152 73
152 74
152 81
152 84
152 86
152 87
152 90
152 92
152 93
152 95
152 97
152 98
152 99
152 101
152 102
152 104
152 105
152 108
152 112
152 113
152 114
152 115
152 116
152 117
152 119
152 122
152 123
152 124
152 128
152 130
152 133
152 134
152 142
152 143
152 144
152 146
152 147
152 150
153 1
153 2
153 4
153 7
153 10
153 11
153 12
153 19
153 20
153 21
153 24
153 26
153 27
153 29
153 30
153 31
153 32
153 33
153 34
153 35
153 37
153 39
153 48
153 52
153 53
153 55
153 58
153 61
153 62
153 64
153 65
153 68
153 72
153 75
153 77
153 78
153 81
153 82
153 83
153 84
153 85
153 88
153 89
153 90
153 95
153 96
153 99
153 100
153 103
153 104
153 106
153 110
153 111
153 113
153 114
153 115
153 116
153 118
153 120
153 123
153 124
153 125
153 126
153 128
153 129
153 132
153 133
153 134
153 137
153 138
153 139
153 140
153 141
153 145
153 146
153 147
153 148
153 149
153 150
153 151
153 152
154 2
154 7
154 12
154 13
154 14
154 16
154 21
154 22
154 25
154 26
154 27
154 28
154 31
154 32
154 34
154 42
154 44
154 46
154 47
154 49
154 50
154 53
154 54
154 55
154 57
154 58
154 62
154 63
154 64
154 65
154 66
154 67
154 69
154 70
154 71
154 74
154 81
154 83
154 85
154 89
154 93
154 97
154 102
154 103
154 106
154 109
154 114
154 117
154 118
154 119
154 120
154 124
154 128
154 129
154 130
154 131
154 133
154 134
154 137
154 140
154 141
154 142
154 143
154 144
154 146
154 148
154 150
154 152
155 1
155 2
155 3
155 5
155 6
155 7
155 11
155 18
155 19
155 21
155 22
155 23
155 24
155 25
155 26
155 29
155 30
155 31
155 32
155 33
155 34
155 35
155 37
155 38
155 41
155 42
155 48
155 49
155 50
155 52
155 53
155 54
155 55
155 59
155 61
155 63
155 64
155 66
155 67
155 69
155 72
155 74
155 75
155 81
155 82
155 84
155 85
155 86
155 88
155 91
155 92
155 94
155 95
155 98
155 99
155 102
155 104
155 105
155 108
155 109
155 113
155 114
155 116
155 119
155 121
155 122
155 125
155 126
155 128
155 129
155 132
155 133
155 134
155 135
155 136
155 138
155 139
155 140
155 141
155 143
155 146
155 147
155 148
155 151
155 153
155 154
156 1
156 2
156 3
156 4
156 5
156 7
156 10
156 12
156 15
156 16
156 18
156 19
156 21
156 22
156 23
156 25
156 26
156 28
156 30
156 31
156 33
156 35
156 37
156 40
156 41
156 43
156 46
156 48
156 49
156 50
156 53
156 56
156 59
156 67
156 70
156 71
156 72
156 75
156 76
156 78
156 79
156 80
156 83
156 84
156 85
156 87
156 88
156 90
156 91
156 92
156 96
156 100
156 101
156 104
156 105
156 107
156 109
156 111
156 113
156 117
156 119
156 121
156 125
156 127
156 128
156 131
156 132
156 133
156 134
156 137
156 139
156 140
156 141
156 143
156 144
156 145
156 147
156 148
156 149
156 151
156 153
156 154
156 155
157 1
157 2
157 3
157 5
157 8
157 9
157 10
157 12
157 13
157 15
157 19
157 20
157 22
157 23
157 25
157 26
157 29
157 30
157 33
157 35
157 38
157 39
157 40
157 42
157 43
157 44
157 45
157 49
157 50
157 51
157 54
157 57
157 58
157 62
157 63
157 64
157 69
157 70
157 75
157 76
157 78
157 79
157 81
157 84
157 85
157 86
157 88
157 89
157 90
157 91
157 92
157 96
157 100
157 102
157 103
157 104
157 106
157 110
157 113
157 115
157 116
157 118
157 119
157 121
157 125
157 132
157 133
157 137
157 140
157 141
157 142
157 147
157 151
157 152
157 155
157 156
158 5
158 6
158 9
158 13
158 15
158 16
158 19
158 25
158 26
158 29
158 32
158 34
158 38
158 39
158 40
158 45
158 47
158 48
158 49
158 53
158 54
158 58
158 59
158 61
158 63
158 65
158 66
158 68
158 74
158 75
158 76
158 77
158 79
158 80
158 81
158 83
158 84
158 85
158 86
158 87
158 89
158 91
158 93
158 94
158 95
158 96
158 97
158 100
158 101
158 102
158 103
158 106
158 107
158 111
158 112
158 113
158 116
158 118
158 121
158 123
158 124
158 127
158 129
158 130
158 134
158 138
158 140
158 141
158 143
158 145
158 149
158 150
158 154
158 157
159 2
159 3
159 4
159 5
159 9
159 11
159 12
159 13
159 14
159 15
159 18
159 20
159 21
159 22
159 23
159 27
159 28
159 29
159 30
159 31
159 32
159 33
159 35
159 36
159 38
159 41
159 42
159 43
159 44
159 45
159 46
159 48
159 50
159 51
159 52
159 56
159 60
159 61
159 62
159 66
159 67
159 68
159 69
159 70
159 72
159 75
159 77
159 78
159 79
159 80
159 82
159 84
159 85
159 87
159 89
159 92
159 93
159 95
159 96
159 99
159 101
159 102
159 103
159 107
159 108
159 110
159 111
159 116
159 117
159 118
159 119
159 120
159 124
159 125
159 128
159 130
159 134
159 142
159 146
159 147
159 149
159 152
159 153
159 154
159 155
159 156
159 157
159 158
160 1
160 2
160 3
160 6
160 7
160 10
160 11
160 14
160 15
160 16
160 19
160 20
160 22
160 28
160 30
160 31
160 38
160 39
160 41
160 43
160 44
160 45
160 48
160 49
160 50
160 51
160 52
160 54
160 55
160 59
160 60
160 61
160 62
160 64
160 66
160 71
160 72
160 74
160 75
160 76
160 77
160 78
160 79
160 80
160 82
160 83
160 85
160 86
160 89
160 90
160 92
160 93
160 97
160 103
160 105
160 106
160 113
160 114
160 115
160 122
160 127
160 130
160 132
160 134
160 135
160 136
160 137
160 142
160 143
160 147
160 149
160 150
160 152
160 153
160 156
160 157
161 2
161 4
161 5
161 6
161 7
161 8
161 10
161 12
161 17
161 18
161 19
161 22
161 23
161 25
161 27
161 31
161 33
161 36
161 38
161 41
161 43
161 48
161 49
161 51
161 52
161 53
161 54
161 55
161 56
161 59
161 60
161 61
161 62
161 66
161 67
161 69
161 70
161 72
161 73
161 75
161 76
161 77
161 82
161 83
161 87
161 91
161 92
161 93
161 94
161 96
161 97
161 98
161 100
161 102
161 103
161 104
161 106
161 111
161 112
161 115
161 116
161 117
161 118
161 120
161 121
161 126
161 131
161 132
161 135
161 140
161 141
161 142
161 143
161 148
161 149
161 150
161 153
162 3
162 5
162 15
162 16
162 21
162 22
162 23
162 24
162 25
162 28
162 31
162 32
162 33
162 36
162 39
162 40
162 42
162 44
162 47
162 48
162 50
162 51
162 52
162 53
162 55
162 56
162 58
162 61
162 62
162 63
162 67
162 69
162 73
162 74
162 76
162 77
162 78
162 79
162 80
162 82
162 83
162 84
162 89
162 90
162 92
162 94
162 100
162 103
162 104
162 110
162 111
162 113
162 114
162 117
162 121
162 124
162 131
162 132
162 134
162 136
162 138
162 139
162 140
162 145
162 147
162 148
162 151
162 152
162 154
162 156
162 158
162 159
163 1
163 3
163 5
163 7
163 9
163 10
163 11
163 12
163 14
163 17
163 22
163 23
163 24
163 26
163 28
163 29
163 31
163 34
163 36
163 37
163 40
163 43
163 47
163 50
163 53
163 56
163 57
163 58
163 62
163 63
163 64
163 65
163 68
163 70
163 71
163 73
163 74
163 76
163 77
163 79
163 80
163 82
163 84
163 87
163 88
163 91
163 92
163 93
163 94
163 99
163 101
163 104
163 105
163 108
163 109
163 110
163 111
163 113
163 115
163 117
163 118
163 119
163 120
163 123
163 125
163 128
163 129
163 131
163 135
163 136
163 137
163 138
163 140
163 142
163 143
163 146
163 147
163 148
163 149
163 153
163 158
163 159
163 160
163 162
164 3
164 5
164 6
164 11
164 12
164 13
164 15
164 17
164 18
164 19
164 23
164 29
164 32
164 33
164 34
164 35
164 37
164 41
164 43
164 44
164 45
164 47
164 48
164 51
164 52
164 54
164 55
164 56
164 58
164 66
164 68
164 70
164 72
164 73
164 74
164 75
164 76
164 77
164 78
164 79
164 80
164 81
164 83
164 85
164 87
164 89
164 90
164 92
164 93
164 94
164 96
164 97
164 100
164 102
164 103
164 107
164 110
164 111
164 112
164 113
164 115
164 116
164 117
164 120
164 123
164 125
164 126
164 129
164 131
164 132
164 133
164 134
164 138
164 140
164 141
164 143
164 147
164 149
164 152
164 153
164 155
164 156
164 158
164 160
164 163
165 3
165 7
165 8
165 10
165 11
165 15
165 16
165 17
165 22
165 25
165 26
165 27
165 28
165 30
165 31
165 32
165 34
165 35
165 37
165 41
165 43
165 44
165 45
165 47
165 49
165 51
165 52
165 55
165 57
165 59
165 60
165 61
165 62
165 64
165 66
165 67
165 68
165 69
165 70
165 73
165 74
165 76
165 77
165 78
165 80
165 81
165 82
165 86
165 87
165 88
165 91
165 92
165 94
165 96
165 97
165 103
165 104
165 105
165 111
165 113
165 114
165 116
165 117
165 119
165 120
165 121
165 123
165 124
165 126
165 129
165 130
165 131
165 132
165 133
165 134
165 135
165 136
165 142
165 143
165 146
165 147
165 148
165 150
165 151
165 152
165 154
165 156
165 157
165 160
165 161
165 162
165 163
166 3
166 5
166 6
166 7
166 8
166 11
166 13
166 14
166 15
166 16
166 18
166 20
166 22
166 23
166 24
166 25
166 26
166 27
166 29
166 30
166 33
166 37
166 38
166 39
166 41
166 46
166 48
166 55
166 57
166 58
166 60
166 61
166 64
166 66
166 67
166 68
166 69
166 70
166 72
166 75
166 76
166 78
166 80
166 81
166 83
166 87
166 89
166 91
166 92
166 95
166 97
166 99
166 101
166 102
166 103
166 104
166 105
166 107
166 108
166 109
166 110
166 111
166 112
166 113
166 117
166 118
166 120
166 122
166 123
166 128
166 129
166 130
166 136
166 139
166 140
166 142
166 143
166 146
166 148
166 150
166 152
166 155
166 156
166 157
166 159
166 160
166 161
166 164
166 165
167 3
167 4
167 5
167 9
167 10
167 11
167 12
167 14
167 15
167 16
167 17
167 18
167 19
167 20
167 24
167 26
167 28
167 31
167 32
167 33
167 39
167 43
167 45
167 46
167 47
167 48
167 49
167 50
167 51
167 52
167 53
167 55
167 57
167 60
167 61
167 63
167 64
167 65
167 69
167 71
167 72
167 73
167 74
167 75
167 76
167 78
167 80
167 81
167 87
167 92
167 96
167 97
167 98
167 99
167 103
167 104
167 105
167 108
167 111
167 112
167 114
167 118
167 120
167 121
167 124
167 125
167 128
167 130
167 132
167 133
167 134
167 139
167 141
167 143
167 144
167 153
167 155
167 158
167 160
167 161
167 162
167 165
167 166
168 1
168 3
168 4
168 10
168 13
168 14
168 19
168 21
168 23
168 24
168 27
168 29
168 31
168 32
168 34
168 46
168 55
168 57
168 58
168 64
168 67
168 72
168 75
168 76
168 78
168 80
168 82
168 83
168 84
168 86
168 87
168 88
168 91
168 93
168 94
168 98
168 101
168 103
168 106
168 108
168 109
168 110
168 111
168 112
168 114
168 116
168 118
168 119
168 122
168 124
168 130
168 131
168 132
168 133
168 134
168 136
168 137
168 141
168 142
168 143
168 144
168 145
168 146
168 147
168 151
168 153
168 155
168 164
168 167
169 2
169 3
169 5
169 8
169 9
169 18
169 19
169 20
169 21
169 22
169 24
169 25
169 28
169 32
169 34
169 36
169 37
169 38
169 40
169 41
169 43
169 45
169 46
169 47
169 48
169 49
169 52
169 53
169 55
169 56
169 58
169 59
169 60
169 62
169 63
169 64
169 65
169 66
169 68
169 69
169 72
169 73
169 74
169 75
169 77
169 78
169 82
169 83
169 86
169 88
169 91
169 92
169 93
169 95
169 99
169 101
169 103
169 104
169 106
169 109
169 110
169 113
169 115
169 118
169 119
169 121
169 122
169 123
169 124
169 127
169 130
169 132
169 135
169 137
169 141
169 142
169 148
169 149
169 151
169 153
169 155
169 157
169 159
169 161
169 162
169 163
169 168
170 1
170 4
170 6
170 12
170 13
170 14
170 18
170 22
170 23
170 26
170 30
170 31
170 32
170 34
170 35
170 36
170 39
170 40
170 41
170 42
170 46
170 48
170 53
170 59
170 61
170 62
170 63
170 65
170 67
170 68
170 70
170 73
170 76
170 77
170 79
170 80
170 81
170 82
170 84
170 86
170 87
170 89
170 90
170 96
170 97
170 98
170 102
170 104
170 105
170 106
170 108
170 109
170 110
170 112
170 113
170 115
170 116
170 117
170 119
170 120
170 121
170 123
170 126
170 128
170 131
170 132
170 134
170 135
170 136
170 137
170 139
170 140
170 143
170 146
170 147
170 151
170 153
170 154
170 155
170 156
170 157
170 158
170 163
170 165
170 166
170 169
171 3
171 7
171 10
171 11
171 13
171 14
171 17
171 18
171 20
171 22
171 24
171 26
171 28
171 33
171 47
171 56
171 58
171 59
171 60
171 62
171 63
171 64
171 65
171 68
171 69
171 71
171 79
171 81
171 84
171 85
171 86
171 89
171 90
171 92
171 96
171 97
171 99
171 100
171 103
171 104
171 105
171 107
171 111
171 112
171 114
171 115
171 118
171 120
171 123
171 125
171 132
171 133
171 134
171 135
171 136
171 137
171 138
171 139
171 140
171 141
171 143
171 145
171 146
171 147
171 150
171 151
171 152
171 155
171 156
171 159
171 162
171 163
171 170
172 1
172 2
172 4
172 7
172 9
172 11
172 12
172 13
172 14
172 15
172 16
172 18
172 19
172 21
172 22
172 24
172 26
172 29
172 30
172 34
172 36
172 38
172 44
172 48
172 50
172 51
172 52
172 54
172 56
172 57
172 62
172 63
172 64
172 65
172 68
172 72
172 73
172 75
172 78
172 80
172 81
172 83
172 84
172 87
172 88
172 89
172 90
172 91
172 93
172 95
172 96
172 97
172 98
172 99
172 100
172 102
172 103
172 105
172 106
172 107
172 109
172 110
172 111
172 112
172 113
172 114
172 118
172 119
172 120
172 123
172 124
172 126
172 131
172 132
172 141
172 142
172 143
172 144
172 149
172 150
172 154
172 157
172 158
172 159
172 162
172 165
172 166
172 167
172 170
173 1
173 4
173 5
173 7
173 8
173 12
173 13
173 14
173 16
173 18
173 22
173 23
173 25
173 31
173 33
173 34
173 36
173 37
173 39
173 40
173 44
173 45
173 48
173 49
173 51
173 52
173 53
173 54
173 55
173 56
173 60
173 62
173 63
173 67
173 72
173 79
173 80
173 81
173 82
173 83
173 84
173 87
173 88
173 89
173 90
173 91
173 92
173 93
173 95
173 97
173 101
173 102
173 103
173 107
173 108
173 113
173 115
173 117
173 119
173 120
173 121
173 123
173 129
173 130
173 134
173 137
173 138
173 139
173 140
173 141
173 142
173 144
173 145
173 146
173 148
173 149
173 151
173 152
173 153
173 154
173 155
173 157
173 159
173 160
173 161
173 163
173 165
173 166
173 172
174 3
174 5
174 6
174 9
174 10
174 11
174 12
174 13
174 16
174 18
174 22
174 24
174 26
174 28
174 29
174 30
174 31
174 32
174 35
174 36
174 39
174 41
174 43
174 48
174 50
174 51
174 52
174 53
174 55
174 56
174 57
174 59
174 63
174 64
174 67
174 68
174 71
174 72
174 75
174 76
174 78
174 79
174 80
174 82
174 83
174 84
174 85
174 87
174 88
174 89
174 95
174 96
174 103
174 104
174 106
174 107
174 108
174 109
174 110
174 115
174 118
174 120
174 121
174 122
174 126
174 127
174 129
174 133
174 139
174 140
174 142
174 143
174 144
174 145
174 146
174 147
174 148
174 149
174 152
174 154
174 161
174 167
174 169
174 170
174 171
174 172
174 173
175 3
175 8
175 12
175 16
175 18
175 22
175 23
175 24
175 32
175 34
175 36
175 37
175 42
175 47
175 49
175 51
175 52
175 57
175 58
175 59
175 60
175 64
175 66
175 68
175 72
175 73
175 75
175 76
175 78
175 80
175 84
175 92
175 93
175 98
175 100
175 102
175 103
175 105
175 107
175 110
175 112
175 115
175 117
175 119
175 120
175 121
175 124
175 125
175 126
175 127
175 128
175 129
175 130
175 132
175 134
175 135
175 136
175 138
175 139
175 140
175 143
175 147
175 148
175 149
175 152
175 153
175 154
175 156
175 157
175 159
175 160
175 162
175 166
175 172
175 173
175 174
176 4
176 5
176 6
176 10
176 11
176 14
176 16
176 18
176 21
176 25
176 26
176 27
176 28
176 30
176 33
176 34
176 36
176 39
176 45
176 48
176 51
176 52
176 53
176 54
176 55
176 56
176 57
176 61
176 62
176 63
176 66
176 68
176 70
176 71
176 72
176 74
176 78
176 79
176 80
176 81
176 82
176 84
176 85
176 89
176 94
176 95
176 97
176 98
176 103
176 109
176 115
176 116
176 117
176 118
176 123
176 125
176 130
176 133
176 134
176 135
176 136
176 138
176 140
176 141
176 142
176 148
176 149
176 150
176 152
176 154
176 155
176 157
176 161
176 166
176 167
176 172
176 173
176 174
176 175
177 2
177 4
177 6
177 8
177 9
177 10
177 11
177 12
177 13
177 15
177 16
177 17
177 19
177 22
177 25
177 27
177 28
177 29
177 33
177 36
177 38
177 39
177 41
177 43
177 45
177 47
177 48
177 49
177 52
177 54
177 57
177 62
177 63
177 64
177 66
177 69
177 70
177 73
177 75
177 76
177 77
177 78
177 79
177 81
177 82
177 83
177 85
177 87
177 88
177 90
177 92
177 96
177 98
177 99
177 100
177 102
177 105
177 106
177 109
177 110
177 112
177 114
177 116
177 126
177 128
177 129
177 130
177 132
177 133
177 137
177 140
177 141
177 142
177 143
177 144
177 147
177 148
177 151
177 153
177 154
177 155
177 156
177 159
177 160
177 161
177 162
177 167
177 170
177 173
178 1
178 2
178 3
178 4
178 6
178 10
178 12
178 16
178 17
178 18
178 19
178 20
178 21
178 22
178 23
178 24
178 25
178 26
178 28
178 31
178 32
178 34
178 35
178 36
178 37
178 38
178 40
178 41
178 44
178 46
178 47
178 49
178 51
178 52
178 53
178 56
178 57
178 59
178 61
178 63
178 65
178 66
178 67
178 69
178 72
178 73
178 74
178 78
178 79
178 81
178 86
178 89
178 92
178 95
178 98
178 99
178 100
178 101
178 102
178 106
178 107
178 108
178 109
178 110
178 111
178 112
178 113
178 115
178 116
178 118
178 119
178 121
178 122
178 124
178 125
178 127
178 128
178 135
178 137
178 139
178 140
178 144
178 147
178 148
178 152
178 153
178 154
178 160
178 164
178 171
178 172
179 2
179 3
179 6
179 7
179 9
179 11
179 12
179 17
179 18
179 19
179 21
179 23
179 26
179 27
179 28
179 31
179 35
179 36
179 38
179 40
179 41
179 42
179 44
179 45
179 48
179 49
179 51
179 52
179 53
179 57
179 60
179 63
179 64
179 65
179 68
179 69
179 70
179 71
179 72
179 73
179 74
179 76
179 78
179 79
179 82
179 83
179 86
179 87
179 93
179 94
179 95
179 97
179 98
179 101
179 107
179 113
179 115
179 118
179 119
179 120
179 121
179 122
179 126
179 127
179 129
179 130
179 131
179 135
179 136
179 137
179 138
179 140
179 141
179 143
179 148
179 152
179 156
179 159
179 161
179 162
179 163
179 164
179 166
179 168
179 170
179 171
179 174
179 175
179 178
180 1
180 3
180 5
180 6
180 15
180 17
180 19
180 21
180 22
180 25
180 27
180 30
180 31
180 32
180 33
180 34
180 35
180 41
180 48
180 49
180 50
180 52
180 53
180 54
180 56
180 57
180 60
180 61
180 62
180 67
180 70
180 72
180 74
180 75
180 79
180 80
180 81
180 83
180 84
180 85
180 86
180 88
180 92
180 95
180 96
180 98
180 99
180 102
180 104
180 108
180 109
180 110
180 113
180 114
180 115
180 117
180 119
180 120
180 121
180 123
180 126
180 128
180 129
180 130
180 132
180 133
180 135
180 138
180 139
180 141
180 142
180 144
180 145
180 146
180 147
180 148
180 150
180 151
180 152
180 153
180 156
180 160
180 165
180 167
180 169
180 174
180 176
180 179
