200
10016
3 2
4 1
5 1
5 4
6 4
8 3
8 6
9 2
9 5
9 7
9 8
10 1
10 2
10 6
10 7
10 8
10 9
11 1
11 2
11 3
11 4
11 6
11 10
12 2
12 4
12 5
12 6
12 10
12 11
13 1
13 2
13 4
13 7
13 9
13 11
13 12
14 2
14 4
14 5
14 7
14 13
15 5
15 7
15 9
15 10
15 14
16 2
16 4
16 6
16 8
16 11
17 1
17 2
17 5
17 8
17 9
17 13
17 16
18 1
18 2
18 4
18 5
18 9
18 10
18 12
18 13
18 14
18 15
18 17
19 1
19 5
19 7
19 8
19 11
19 14
20 1
20 3
20 6
20 9
20 12
20 17
20 18
21 1
21 3
21 5
21 6
21 8
21 12
21 13
21 15
21 16
21 19
21 20
22 1
22 8
22 9
22 11
22 12
22 13
22 16
22 18
22 19
23 1
23 4
23 8
23 10
23 13
23 18
23 19
23 20
23 22
24 1
24 3
24 5
24 6
24 7
24 8
24 10
24 11
24 12
24 14
24 15
24 16
24 17
24 20
25 2
25 5
25 7
25 11
25 13
25 16
25 17
25 18
25 19
25 20
25 23
25 24
26 1
26 4
26 6
26 8
26 10
26 13
26 16
26 17
26 20
26 22
26 23
26 25
27 1
27 3
27 5
27 7
27 8
27 12
27 13
27 14
27 15
27 16
27 17
27 24
27 26
28 1
28 4
28 5
28 7
28 8
28 10
28 13
28 14
28 16
28 20
28 22
28 23
28 24
28 26
28 27
29 1
29 2
29 3
29 5
29 6
29 7
29 13
29 18
29 20
29 21
29 24
29 25
29 27
29 28
30 2
30 3
30 4
30 7
30 9
30 11
30 15
30 16
30 17
30 18
30 19
30 20
30 24
30 25
30 26
30 27
30 28
30 29
31 1
31 2
31 6
31 9
31 13
31 15
31 16
31 18
31 20
31 21
31 25
31 27
31 28
31 30
32 3
32 7
32 9
32 10
32 14
32 16
32 20
32 21
32 22
32 23
32 24
32 25
32 28
32 30
33 2
33 3
33 5
33 6
33 7
33 10
33 11
33 12
33 14
33 15
33 16
33 17
33 23
33 26
33 27
33 30
33 31
34 1
34 3
34 5
34 6
34 10
34 13
34 16
34 19
34 20
34 23
34 24
34 26
34 28
34 32
35 4
35 7
35 10
35 14
35 17
35 18
35 19
35 22
35 23
35 24
35 26
35 27
35 32
35 33
36 5
36 6
36 9
36 11
36 12
36 15
36 16
36 17
36 18
36 19
36 22
36 23
36 25
36 26
36 27
36 32
36 33
37 1
37 7
37 8
37 9
37 10
37 11
37 12
37 13
37 14
37 16
37 18
37 20
37 21
37 23
37 24
37 26
37 27
37 32
37 34
37 36
38 1
38 5
38 6
38 7
38 9
38 10
38 12
38 15
38 16
38 17
38 18
38 20
38 24
38 25
38 27
38 31
38 34
38 35
38 36
39 1
39 2
39 3
39 4
39 5
39 7
39 8
39 9
39 10
39 12
39 14
39 20
39 23
39 26
39 31
39 33
39 37
39 38
40 1
40 3
40 4
40 6
40 7
40 10
40 11
40 13
40 14
40 16
40 20
40 23
40 26
40 28
40 29
40 33
40 34
40 35
40 36
40 38
41 1
41 2
41 3
41 5
41 6
41 7
41 8
41 10
41 12
41 13
41 16
41 18
41 19
41 20
41 23
41 24
41 25
41 27
41 29
41 32
41 33
41 34
41 37
41 40
42 1
42 3
42 4
42 6
42 10
42 11
42 12
42 13
42 16
42 21
42 23
42 25
42 29
42 30
42 32
42 33
42 35
42 36
42 38
42 39
43 5
43 6
43 8
43 9
43 13
43 19
43 20
43 23
43 25
43 28
43 29
43 31
43 32
43 33
43 34
43 35
43 38
43 40
43 41
43 42
44 1
44 2
44 3
44 4
44 5
44 8
44 10
44 11
44 12
44 13
44 19
44 22
44 26
44 31
44 33
44 34
44 36
44 37
44 38
44 39
44 40
45 2
45 4
45 6
45 8
45 11
45 13
45 14
45 16
45 17
45 18
45 19
45 20
45 22
45 23
45 24
45 27
45 28
45 30
45 32
45 33
45 37
45 42
45 43
46 1
46 2
46 3
46 5
46 6
46 7
46 11
46 12
46 16
46 20
46 23
46 24
46 31
46 32
46 37
46 38
46 42
46 43
46 44
46 45
47 1
47 3
47 5
47 6
47 7
47 9
47 13
47 14
47 17
47 18
47 19
47 22
47 24
47 28
47 30
47 33
47 40
47 42
47 44
47 45
48 3
48 6
48 7
48 8
48 12
48 13
48 14
48 17
48 19
48 20
48 21
48 22
48 27
48 29
48 31
48 32
48 37
48 38
48 39
48 40
48 42
49 2
49 3
49 5
49 6
49 8
49 9
49 10
49 14
49 15
49 17
49 18
49 19
49 20
49 22
49 23
49 24
49 25
49 27
49 28
49 31
49 32
49 34
49 35
49 37
49 38
49 39
49 40
49 41
49 43
49 47
49 48
50 1
50 5
50 9
50 10
50 11
50 13
50 15
50 16
50 17
50 19
50 27
50 29
50 30
50 32
50 33
50 34
50 35
50 37
50 39
50 40
50 41
50 43
50 45
50 46
50 47
50 49
51 1
51 3
51 7
51 8
51 11
51 13
51 14
51 17
51 18
51 19
51 21
51 22
51 23
51 25
51 27
51 28
51 30
51 31
51 34
51 35
51 38
51 41
51 44
51 48
51 50
52 4
52 7
52 12
52 13
52 14
52 15
52 16
52 17
52 18
52 21
52 22
52 25
52 27
52 30
52 31
52 32
52 33
52 36
52 37
52 40
52 41
52 42
52 44
52 45
52 48
52 49
52 50
52 51
53 2
53 10
53 14
53 16
53 19
53 20
53 23
53 24
53 25
53 26
53 28
53 29
53 30
53 31
53 33
53 34
53 37
53 38
53 41
53 45
53 46
53 47
53 48
53 49
54 1
54 6
54 8
54 11
54 12
54 15
54 16
54 17
54 18
54 20
54 22
54 24
54 25
54 29
54 30
54 31
54 32
54 34
54 37
54 40
54 41
54 45
54 48
54 50
54 52
54 53
55 1
55 3
55 4
55 7
55 9
55 11
55 16
55 18
55 19
55 21
55 22
55 23
55 24
55 26
55 27
55 29
55 30
55 33
55 35
55 37
55 38
55 39
55 41
55 42
55 43
55 47
55 50
55 53
55 54
56 1
56 2
56 5
56 7
56 8
56 9
56 12
56 13
56 17
56 18
56 21
56 23
56 25
56 26
56 27
56 30
56 33
56 34
56 35
56 38
56 42
56 43
56 44
56 46
56 52
56 53
56 54
56 55
57 1
57 4
57 6
57 8
57 13
57 15
57 17
57 18
57 21
57 23
57 25
57 28
57 31
57 33
57 34
57 35
57 40
57 41
57 44
57 47
57 49
57 50
57 51
57 53
57 54
57 55
58 1
58 3
58 6
58 8
58 11
58 12
58 13
58 15
58 16
58 17
58 18
58 20
58 27
58 28
58 29
58 31
58 32
58 33
58 34
58 35
58 36
58 37
58 42
58 43
58 44
58 47
58 49
58 50
58 51
58 53
58 54
58 55
58 56
58 57
59 1
59 3
59 4
59 5
59 6
59 9
59 15
59 21
59 26
59 30
59 31
59 32
59 33
59 36
59 37
59 40
59 41
59 42
59 43
59 44
59 49
59 50
59 51
59 52
59 56
60 1
60 2
60 3
60 6
60 8
60 10
60 11
60 12
60 13
60 14
60 16
60 18
60 19
60 20
60 22
60 23
60 28
60 29
60 30
60 33
60 34
60 35
60 36
60 37
60 42
60 44
60 45
60 46
60 47
60 48
60 49
60 52
60 53
60 57
60 58
60 59
61 3
61 6
61 9
61 12
61 14
61 16
61 19
61 20
61 21
61 24
61 25
61 26
61 27
61 33
61 38
61 42
61 47
61 48
61 51
61 55
61 56
61 57
61 59
62 3
62 4
62 6
62 7
62 8
62 10
62 11
62 12
62 14
62 16
62 17
62 20
62 21
62 22
62 24
62 26
62 27
62 28
62 32
62 42
62 45
62 46
62 47
62 48
62 49
62 50
62 52
62 53
62 54
62 56
62 58
62 60
63 1
63 3
63 4
63 8
63 9
63 10
63 11
63 15
63 19
63 20
63 22
63 24
63 26
63 28
63 29
63 31
63 32
63 34
63 35
63 36
63 37
63 38
63 41
63 43
63 45
63 46
63 47
63 49
63 50
63 54
63 56
63 58
64 2
64 7
64 9
64 10
64 11
64 14
64 16
64 20
64 21
64 22
64 23
64 24
64 26
64 28
64 29
64 30
64 31
64 33
64 34
64 35
64 36
64 37
64 38
64 39
64 41
64 42
64 44
64 45
64 46
64 52
64 53
64 54
64 55
64 58
64 59
64 62
64 63
65 1
65 2
65 3
65 4
65 6
65 7
65 10
65 11
65 14
65 16
65 17
65 18
65 19
65 21
65 23
65 25
65 26
65 28
65 29
65 34
65 36
65 37
65 41
65 43
65 44
65 45
65 47
65 49
65 51
65 57
65 58
65 60
65 63
66 1
66 6
66 7
66 11
66 12
66 17
66 19
66 20
66 22
66 24
66 26
66 28
66 29
66 30
66 31
66 32
66 35
66 37
66 38
66 43
66 44
66 45
66 49
66 50
66 52
66 53
66 56
66 57
66 58
66 60
66 63
66 64
66 65
67 1
67 2
67 6
67 7
67 8
67 10
67 13
67 14
67 15
67 16
67 19
67 20
67 21
67 23
67 24
67 26
67 29
67 30
67 31
67 32
67 33
67 35
67 36
67 38
67 39
67 47
67 48
67 49
67 50
67 52
67 54
67 56
67 58
67 59
67 60
67 61
67 62
67 65
67 66
68 4
68 5
68 6
68 8
68 10
68 13
68 16
68 20
68 22
68 23
68 27
68 29
68 30
68 37
68 38
68 39
68 40
68 41
68 42
68 43
68 44
68 47
68 48
68 49
68 52
68 53
68 54
68 55
68 56
68 59
68 61
68 64
68 66
69 2
69 3
69 8
69 12
69 13
69 16
69 17
69 18
69 19
69 20
69 21
69 27
69 28
69 29
69 30
69 31
69 35
69 38
69 39
69 40
69 41
69 45
69 49
69 54
69 56
69 64
70 2
70 3
70 5
70 6
70 8
70 9
70 10
70 11
70 13
70 14
70 15
70 17
70 18
70 21
70 22
70 24
70 26
70 27
70 28
70 29
70 30
70 32
70 34
70 35
70 36
70 37
70 40
70 43
70 47
70 48
70 49
70 51
70 52
70 54
70 56
70 57
70 59
70 60
70 61
70 62
70 64
71 1
71 2
71 5
71 7
71 8
71 9
71 10
71 11
71 12
71 15
71 18
71 21
71 23
71 25
71 29
71 30
71 36
71 39
71 40
71 42
71 43
71 44
71 45
71 48
71 50
71 51
71 55
71 56
71 57
71 58
71 60
71 61
71 62
71 65
71 69
71 70
72 4
72 5
72 8
72 14
72 15
72 18
72 20
72 22
72 23
72 29
72 30
72 31
72 32
72 33
72 36
72 37
72 38
72 40
72 41
72 44
72 45
72 47
72 48
72 50
72 52
72 56
72 57
72 58
72 61
72 62
72 64
72 65
72 67
72 69
72 70
73 2
73 3
73 6
73 7
73 9
73 11
73 12
73 13
73 14
73 15
73 16
73 17
73 19
73 21
73 22
73 23
73 25
73 26
73 29
73 31
73 36
73 39
73 44
73 45
73 46
73 47
73 48
73 49
73 50
73 51
73 53
73 55
73 56
73 57
73 58
73 62
73 65
73 68
73 70
73 72
74 1
74 2
74 4
74 6
74 8
74 9
74 12
74 13
74 14
74 16
74 17
74 19
74 20
74 21
74 22
74 28
74 29
74 30
74 31
74 34
74 37
74 39
74 40
74 41
74 42
74 43
74 44
74 50
74 55
74 57
74 58
74 62
74 63
74 65
74 69
74 70
74 71
74 72
74 73
75 1
75 2
75 4
75 5
75 6
75 9
75 13
75 15
75 16
75 17
75 19
75 22
75 23
75 24
75 25
75 26
75 27
75 28
75 29
75 31
75 32
75 33
75 35
75 36
75 37
75 39
75 41
75 44
75 45
75 46
75 47
75 48
75 49
75 50
75 51
75 52
75 54
75 56
75 58
75 59
75 61
75 64
75 65
75 68
75 72
75 73
75 74
76 1
76 4
76 5
76 10
76 11
76 14
76 15
76 18
76 20
76 21
76 23
76 24
76 25
76 26
76 27
76 28
76 29
76 30
76 34
76 35
76 36
76 37
76 39
76 40
76 42
76 43
76 44
76 52
76 54
76 56
76 57
76 60
76 64
76 66
76 67
76 69
76 71
76 73
76 75
77 1
77 3
77 6
77 11
77 13
77 20
77 21
77 23
77 24
77 28
77 30
77 31
77 32
77 33
77 34
77 35
77 37
77 38
77 41
77 43
77 45
77 50
77 52
77 54
77 55
77 56
77 57
77 62
77 68
77 69
77 71
77 72
77 73
77 75
78 2
78 3
78 4
78 5
78 7
78 9
78 17
78 18
78 19
78 20
78 21
78 23
78 26
78 28
78 33
78 40
78 43
78 45
78 46
78 47
78 48
78 51
78 52
78 53
78 54
78 55
78 56
78 59
78 60
78 66
78 68
78 70
78 71
78 72
78 73
79 1
79 2
79 4
79 5
79 6
79 8
79 9
79 10
79 11
79 12
79 16
79 18
79 19
79 23
79 24
79 34
79 35
79 38
79 40
79 42
79 44
79 48
79 51
79 52
79 53
79 57
79 60
79 61
79 62
79 63
79 66
79 67
79 68
79 70
79 72
79 75
79 76
79 77
80 2
80 3
80 4
80 5
80 7
80 9
80 11
80 12
80 13
80 14
80 17
80 20
80 21
80 22
80 25
80 26
80 28
80 29
80 31
80 34
80 35
80 37
80 38
80 41
80 42
80 44
80 45
80 46
80 47
80 48
80 50
80 51
80 52
80 56
80 57
80 61
80 62
80 63
80 66
80 72
80 73
80 74
80 75
80 76
80 77
80 78
80 79
81 2
81 3
81 5
81 6
81 7
81 8
81 9
81 12
81 18
81 19
81 20
81 25
81 27
81 30
81 33
81 35
81 36
81 43
81 44
81 46
81 47
81 49
81 50
81 51
81 52
81 54
81 57
81 58
81 59
81 60
81 61
81 62
81 63
81 64
81 65
81 70
81 71
81 72
81 73
81 75
81 76
81 77
81 78
81 79
81 80
82 2
82 4
82 6
82 10
82 12
82 13
82 14
82 15
82 16
82 17
82 18
82 19
82 20
82 21
82 23
82 27
82 29
82 32
82 33
82 39
82 41
82 45
82 46
82 50
82 58
82 59
82 63
82 72
82 73
82 74
82 76
82 79
82 81
83 1
83 2
83 7
83 9
83 10
83 13
83 15
83 16
83 19
83 20
83 24
83 39
83 42
83 46
83 48
83 49
83 51
83 52
83 53
83 55
83 57
83 59
83 60
83 67
83 68
83 69
83 71
83 72
83 74
83 76
83 77
83 78
83 79
83 80
83 82
84 1
84 9
84 10
84 12
84 15
84 16
84 17
84 19
84 20
84 24
84 29
84 30
84 33
84 34
84 35
84 36
84 42
84 43
84 44
84 45
84 46
84 49
84 51
84 52
84 53
84 54
84 55
84 59
84 60
84 61
84 64
84 68
84 69
84 70
84 71
84 72
84 73
84 74
84 75
84 77
84 78
84 79
84 83
85 3
85 5
85 6
85 7
85 10
85 12
85 14
85 15
85 16
85 19
85 21
85 22
85 23
85 24
85 25
85 26
85 28
85 30
85 31
85 33
85 35
85 37
85 38
85 40
85 41
85 47
85 48
85 52
85 54
85 61
85 64
85 68
85 69
85 72
85 74
85 76
85 78
85 81
86 2
86 4
86 9
86 11
86 13
86 14
86 15
86 16
86 17
86 18
86 22
86 23
86 26
86 33
86 35
86 40
86 41
86 47
86 48
86 49
86 51
86 54
86 57
86 58
86 59
86 60
86 61
86 62
86 64
86 65
86 67
86 70
86 72
86 73
86 74
86 76
86 77
86 78
86 79
86 80
86 81
86 84
86 85
87 1
87 4
87 7
87 8
87 10
87 11
87 14
87 16
87 20
87 21
87 22
87 25
87 26
87 28
87 32
87 33
87 34
87 35
87 36
87 37
87 38
87 39
87 40
87 43
87 46
87 49
87 50
87 53
87 59
87 60
87 62
87 63
87 65
87 66
87 68
87 69
87 74
87 77
87 78
87 80
87 84
87 85
88 1
88 2
88 4
88 7
88 9
88 12
88 15
88 16
88 17
88 20
88 22
88 25
88 26
88 27
88 28
88 32
88 35
88 36
88 39
88 40
88 41
88 47
88 48
88 56
88 57
88 60
88 61
88 63
88 64
88 65
88 67
88 68
88 69
88 72
88 73
88 75
88 80
88 83
88 85
88 86
89 1
89 4
89 5
89 7
89 8
89 11
89 13
89 14
89 15
89 16
89 19
89 20
89 22
89 25
89 27
89 28
89 29
89 31
89 32
89 33
89 35
89 36
89 37
89 38
89 40
89 41
89 43
89 45
89 46
89 48
89 49
89 54
89 57
89 58
89 59
89 60
89 62
89 63
89 64
89 65
89 66
89 68
89 70
89 72
89 75
89 76
89 78
89 79
89 83
89 84
89 86
90 1
90 4
90 5
90 6
90 7
90 11
90 13
90 15
90 17
90 19
90 20
90 22
90 23
90 25
90 26
90 29
90 31
90 32
90 34
90 35
90 36
90 38
90 39
90 42
90 43
90 49
90 54
90 56
90 57
90 59
90 60
90 63
90 66
90 69
90 72
90 74
90 76
90 77
90 78
90 79
90 80
90 83
90 84
90 85
90 88
91 1
91 2
91 3
91 6
91 8
91 9
91 10
91 11
91 12
91 14
91 15
91 18
91 19
91 20
91 24
91 25
91 26
91 27
91 30
91 31
91 34
91 35
91 36
91 37
91 38
91 39
91 40
91 42
91 45
91 46
91 48
91 50
91 51
91 53
91 55
91 56
91 57
91 58
91 59
91 60
91 61
91 62
91 65
91 66
91 67
91 70
91 71
91 72
91 73
91 75
91 76
91 78
91 79
91 80
91 81
91 82
91 83
91 84
91 85
91 86
91 88
92 2
92 3
92 5
92 7
92 9
92 11
92 12
92 13
92 15
92 18
92 20
92 22
92 23
92 24
92 25
92 27
92 32
92 34
92 35
92 36
92 39
92 42
92 48
92 49
92 52
92 57
92 58
92 59
92 60
92 61
92 62
92 64
92 66
92 69
92 70
92 72
92 76
92 77
92 81
92 83
92 85
92 86
92 89
92 90
93 6
93 12
93 14
93 15
93 16
93 18
93 19
93 21
93 22
93 24
93 26
93 28
93 29
93 30
93 31
93 32
93 33
93 34
93 35
93 38
93 39
93 45
93 46
93 48
93 51
93 52
93 55
93 57
93 60
93 61
93 67
93 68
93 69
93 70
93 71
93 74
93 75
93 79
93 83
93 84
93 86
93 87
93 88
93 90
93 92
94 1
94 2
94 4
94 6
94 11
94 13
94 15
94 16
94 18
94 21
94 23
94 24
94 26
94 29
94 30
94 32
94 33
94 34
94 39
94 47
94 51
94 53
94 54
94 55
94 57
94 58
94 63
94 64
94 65
94 67
94 71
94 72
94 73
94 77
94 78
94 80
94 84
94 85
94 91
94 92
95 1
95 2
95 3
95 6
95 8
95 14
95 16
95 18
95 22
95 23
95 25
95 27
95 28
95 30
95 33
95 37
95 40
95 42
95 43
95 44
95 45
95 47
95 51
95 54
95 55
95 56
95 57
95 58
95 59
95 62
95 63
95 64
95 65
95 67
95 69
95 74
95 76
95 77
95 78
95 79
95 83
95 85
95 86
95 87
95 88
95 94
96 1
96 3
96 4
96 5
96 7
96 11
96 12
96 13
96 15
96 16
96 17
96 18
96 20
96 21
96 23
96 25
96 26
96 27
96 29
96 30
96 32
96 33
96 36
96 37
96 38
96 40
96 43
96 45
96 48
96 54
96 57
96 58
96 59
96 63
96 64
96 65
96 66
96 67
96 71
96 74
96 75
96 77
96 78
96 79
96 80
96 81
96 82
96 83
96 84
96 85
96 86
96 87
96 91
96 92
96 93
96 95
97 3
97 4
97 5
97 7
97 8
97 14
97 18
97 19
97 20
97 21
97 25
97 28
97 29
97 32
97 34
97 35
97 36
97 37
97 38
97 40
97 41
97 44
97 45
97 51
97 53
97 58
97 59
97 61
97 62
97 66
97 68
97 69
97 71
97 72
97 73
97 78
97 79
97 80
97 81
97 82
97 83
97 85
97 93
97 95
97 96
98 1
98 4
98 5
98 6
98 7
98 9
98 11
98 14
98 15
98 16
98 17
98 18
98 19
98 21
98 22
98 23
98 26
98 27
98 28
98 29
98 32
98 33
98 35
98 36
98 46
98 47
98 48
98 51
98 52
98 54
98 56
98 57
98 59
98 62
98 65
98 66
98 70
98 73
98 75
98 76
98 77
98 80
98 82
98 87
98 88
98 90
98 92
98 93
98 94
98 95
98 96
99 3
99 4
99 5
99 7
99 8
99 15
99 18
99 20
99 21
99 23
99 24
99 27
99 28
99 29
99 33
99 34
99 35
99 36
99 37
99 38
99 40
99 43
99 44
99 45
99 46
99 47
99 48
99 51
99 54
99 55
99 56
99 57
99 59
99 62
99 63
99 64
99 72
99 74
99 79
99 80
99 82
99 84
99 85
99 86
99 87
99 88
99 89
99 91
99 93
99 94
99 95
99 97
100 3
100 5
100 8
100 12
100 13
100 16
100 17
100 18
100 20
100 21
100 27
100 30
100 31
100 32
100 38
100 42
100 44
100 47
100 55
100 57
100 58
100 60
100 61
100 62
100 65
100 66
100 67
100 69
100 71
100 73
100 74
100 77
100 78
100 83
100 84
100 86
100 87
100 88
100 90
100 91
100 93
100 95
100 97
100 99
101 2
101 3
101 5
101 8
101 9
101 10
101 11
101 12
101 13
101 15
101 16
101 19
101 20
101 21
101 22
101 24
101 25
101 26
101 27
101 28
101 31
101 33
101 34
101 36
101 37
101 38
101 39
101 40
101 42
101 43
101 45
101 46
101 48
101 51
101 52
101 54
101 55
101 56
101 57
101 58
101 59
101 60
101 61
101 63
101 65
101 66
101 67
101 68
101 70
101 71
101 72
101 74
101 75
101 80
101 81
101 83
101 84
101 85
101 87
101 88
101 91
101 92
101 93
101 94
101 99
101 100
102 1
102 4
102 6
102 7
102 9
102 10
102 12
102 13
102 14
102 15
102 18
102 19
102 20
102 21
102 22
102 23
102 25
102 27
102 28
102 31
102 32
102 33
102 35
102 38
102 40
102 41
102 43
102 45
102 46
102 47
102 50
102 51
102 53
102 57
102 59
102 60
102 64
102 65
102 70
102 71
102 72
102 75
102 80
102 84
102 85
102 86
102 87
102 89
102 90
102 93
102 95
102 96
102 97
102 98
103 2
103 4
103 7
103 9
103 10
103 11
103 14
103 15
103 16
103 18
103 23
103 25
103 28
103 29
103 30
103 31
103 32
103 33
103 34
103 36
103 37
103 38
103 40
103 41
103 43
103 44
103 45
103 47
103 48
103 50
103 51
103 52
103 54
103 57
103 59
103 66
103 67
103 68
103 70
103 71
103 73
103 74
103 75
103 76
103 81
103 82
103 83
103 84
103 85
103 87
103 90
103 93
103 95
103 98
103 99
103 100
104 2
104 4
104 6
104 11
104 12
104 13
104 14
104 16
104 18
104 20
104 24
104 25
104 26
104 27
104 28
104 31
104 32
104 33
104 36
104 38
104 39
104 40
104 41
104 42
104 43
104 44
104 46
104 50
104 51
104 52
104 54
104 55
104 56
104 57
104 58
104 60
104 61
104 63
104 65
104 69
104 70
104 72
104 74
104 75
104 79
104 80
104 81
104 84
104 85
104 88
104 90
104 91
104 92
104 96
104 97
104 98
104 99
104 102
104 103
105 4
105 5
105 8
105 10
105 12
105 13
105 15
105 19
105 21
105 24
105 27
105 28
105 29
105 30
105 31
105 33
105 34
105 36
105 38
105 40
105 42
105 43
105 47
105 49
105 50
105 51
105 54
105 55
105 56
105 61
105 62
105 64
105 69
105 70
105 72
105 77
105 78
105 80
105 82
105 85
105 87
105 88
105 89
105 93
105 97
105 98
105 99
105 102
105 103
105 104
106 3
106 6
106 7
106 8
106 10
106 13
106 15
106 16
106 18
106 19
106 21
106 23
106 24
106 26
106 27
106 28
106 31
106 34
106 37
106 38
106 39
106 41
106 42
106 43
106 46
106 49
106 50
106 53
106 55
106 57
106 61
106 65
106 70
106 72
106 75
106 76
106 79
106 80
106 81
106 85
106 89
106 92
106 103
106 104
107 2
107 3
107 8
107 9
107 10
107 11
107 14
107 18
107 22
107 24
107 25
107 28
107 30
107 32
107 33
107 34
107 35
107 36
107 38
107 41
107 43
107 44
107 45
107 49
107 51
107 52
107 53
107 54
107 57
107 58
107 59
107 63
107 65
107 68
107 70
107 71
107 72
107 73
107 74
107 75
107 76
107 78
107 79
107 80
107 81
107 83
107 86
107 88
107 89
107 90
107 91
107 92
107 94
107 97
107 98
107 100
107 101
107 102
107 103
107 104
108 3
108 4
108 5
108 7
108 8
108 10
108 12
108 13
108 15
108 16
108 18
108 20
108 21
108 24
108 25
108 26
108 27
108 28
108 29
108 31
108 34
108 40
108 45
108 46
108 47
108 48
108 49
108 52
108 53
108 55
108 56
108 60
108 61
108 65
108 70
108 71
108 73
108 74
108 77
108 79
108 81
108 82
108 83
108 84
108 85
108 86
108 89
108 92
108 93
108 94
108 97
108 99
108 100
108 101
108 102
108 103
108 107
109 1
109 3
109 4
109 5
109 6
109 7
109 9
109 11
109 12
109 13
109 14
109 16
109 18
109 20
109 21
109 22
109 23
109 25
109 26
109 29
109 31
109 32
109 34
109 36
109 38
109 39
109 40
109 48
109 51
109 55
109 58
109 60
109 61
109 64
109 66
109 67
109 68
109 70
109 74
109 75
109 76
109 79
109 82
109 83
109 84
109 85
109 86
109 88
109 89
109 91
109 93
109 95
109 97
109 99
109 101
109 103
109 108
110 2
110 3
110 5
110 6
110 9
110 10
110 11
110 12
110 13
110 14
110 18
110 19
110 20
110 21
110 22
110 24
110 25
110 29
110 33
110 34
110 38
110 39
110 40
110 42
110 47
110 49
110 52
110 53
110 54
110 55
110 56
110 57
110 58
110 59
110 60
110 61
110 62
110 63
110 65
110 67
110 70
110 73
110 77
110 79
110 81
110 82
110 83
110 85
110 86
110 90
110 91
110 92
110 95
110 97
110 102
110 104
110 105
110 106
110 107
110 109
111 2
111 3
111 4
111 7
111 8
111 13
111 14
111 20
111 24
111 28
111 30
111 32
111 33
111 38
111 39
111 40
111 42
111 43
111 44
111 45
111 46
111 48
111 49
111 51
111 53
111 54
111 55
111 56
111 57
111 58
111 59
111 61
111 63
111 64
111 65
111 67
111 72
111 73
111 74
111 76
111 79
111 80
111 82
111 83
111 85
111 88
111 93
111 94
111 99
111 101
111 102
111 105
111 106
111 109
111 110
112 6
112 7
112 8
112 13
112 15
112 16
112 17
112 21
112 23
112 24
112 25
112 26
112 28
112 30
112 31
112 33
112 36
112 42
112 43
112 45
112 46
112 47
112 48
112 50
112 53
112 56
112 58
112 61
112 62
112 63
112 64
112 69
112 71
112 72
112 73
112 74
112 76
112 77
112 79
112 80
112 81
112 82
112 83
112 85
112 86
112 89
112 90
112 91
112 92
112 94
112 96
112 100
112 101
112 103
112 107
112 108
112 109
112 110
113 1
113 3
113 4
113 5
113 7
113 8
113 13
113 15
113 18
113 20
113 24
113 26
113 29
113 30
113 38
113 40
113 41
113 42
113 44
113 47
113 48
113 50
113 51
113 55
113 58
113 59
113 60
113 61
113 63
113 64
113 65
113 66
113 70
113 71
113 72
113 75
113 76
113 77
113 79
113 81
113 83
113 84
113 88
113 89
113 90
113 91
113 92
113 93
113 97
113 98
113 99
113 101
113 103
113 105
113 108
113 110
114 3
114 4
114 6
114 9
114 11
114 14
114 15
114 18
114 20
114 22
114 23
114 24
114 27
114 31
114 33
114 34
114 37
114 39
114 42
114 44
114 45
114 48
114 50
114 53
114 54
114 55
114 58
114 59
114 60
114 66
114 68
114 69
114 71
114 75
114 79
114 81
114 82
114 85
114 87
114 88
114 89
114 90
114 92
114 94
114 95
114 98
114 99
114 102
114 103
114 104
114 105
114 109
114 110
114 113
115 6
115 7
115 12
115 13
115 16
115 17
115 18
115 27
115 29
115 32
115 33
115 34
115 35
115 37
115 38
115 40
115 42
115 43
115 44
115 46
115 47
115 49
115 50
115 51
115 52
115 54
115 55
115 61
115 63
115 67
115 69
115 72
115 73
115 75
115 77
115 80
115 87
115 89
115 90
115 91
115 92
115 94
115 96
115 97
115 99
115 100
115 104
115 106
115 108
115 109
115 110
115 113
115 114
116 1
116 2
116 3
116 6
116 10
116 12
116 15
116 16
116 18
116 20
116 24
116 25
116 26
116 27
116 28
116 33
116 34
116 35
116 40
116 44
116 46
116 47
116 51
116 52
116 54
116 56
116 59
116 60
116 61
116 62
116 63
116 64
116 67
116 68
116 69
116 70
116 75
116 78
116 82
116 85
116 86
116 88
116 90
116 92
116 93
116 94
116 95
116 96
116 97
116 99
116 101
116 104
116 106
116 111
116 115
117 2
117 3
117 6
117 8
117 10
117 11
117 14
117 15
117 21
117 22
117 24
117 25
117 28
117 29
117 31
117 36
117 42
117 43
117 47
117 50
117 51
117 52
117 54
117 55
117 56
117 57
117 59
117 62
117 69
117 73
117 74
117 76
117 77
117 80
117 81
117 82
117 83
117 84
117 87
117 89
117 90
117 94
117 97
117 104
117 105
117 106
117 110
117 112
117 113
117 114
117 115
117 116
118 3
118 5
118 6
118 8
118 10
118 13
118 14
118 15
118 16
118 17
118 19
118 20
118 22
118 26
118 28
118 30
118 32
118 33
118 34
118 36
118 40
118 41
118 43
118 44
118 45
118 49
118 53
118 57
118 58
118 59
118 61
118 63
118 65
118 66
118 67
118 68
118 71
118 72
118 74
118 78
118 79
118 87
118 92
118 93
118 94
118 95
118 96
118 100
118 105
118 107
118 110
118 111
118 112
118 113
118 117
119 4
119 5
119 6
119 11
119 12
119 18
119 19
119 20
119 21
119 22
119 23
119 24
119 26
119 30
119 32
119 38
119 39
119 40
119 42
119 43
119 44
119 46
119 47
119 48
119 50
119 51
119 52
119 54
119 55
119 56
119 58
119 59
119 63
119 65
119 66
119 67
119 70
119 71
119 73
119 74
119 78
119 81
119 82
119 83
119 86
119 87
119 89
119 90
119 91
119 92
119 94
119 95
119 96
119 99
119 104
119 105
119 109
119 110
119 115
119 116
119 117
119 118
120 1
120 2
120 4
120 5
120 9
120 15
120 16
120 17
120 19
120 20
120 21
120 24
120 27
120 32
120 35
120 36
120 37
120 42
120 44
120 46
120 48
120 50
120 51
120 53
120 54
120 56
120 57
120 58
120 60
120 62
120 63
120 66
120 69
120 73
120 74
120 77
120 79
120 82
120 83
120 84
120 85
120 88
120 89
120 93
120 96
120 99
120 100
120 103
120 104
120 106
120 107
120 112
120 113
120 114
120 116
120 117
120 119
121 3
121 4
121 5
121 6
121 10
121 11
121 12
121 13
121 14
121 15
121 17
121 18
121 20
121 21
121 22
121 23
121 24
121 27
121 31
121 32
121 33
121 34
121 36
121 37
121 42
121 43
121 46
121 47
121 48
121 49
121 50
121 51
121 54
121 55
121 60
121 61
121 62
121 63
121 64
121 67
121 68
121 69
121 70
121 72
121 75
121 77
121 79
121 85
121 86
121 87
121 88
121 90
121 93
121 95
121 96
121 97
121 98
121 99
121 100
121 101
121 102
121 103
121 104
121 105
121 106
121 110
121 111
121 112
121 113
121 116
121 118
122 3
122 4
122 5
122 6
122 7
122 8
122 11
122 13
122 14
122 15
122 20
122 22
122 24
122 26
122 31
122 34
122 36
122 37
122 40
122 45
122 48
122 55
122 56
122 57
122 58
122 59
122 60
122 61
122 64
122 65
122 66
122 67
122 69
122 70
122 72
122 73
122 75
122 76
122 77
122 78
122 84
122 85
122 86
122 87
122 89
122 91
122 92
122 93
122 95
122 101
122 103
122 107
122 108
122 110
122 113
122 116
122 118
122 119
122 120
122 121
123 1
123 2
123 6
123 7
123 13
123 14
123 15
123 16
123 19
123 21
123 22
123 24
123 25
123 26
123 27
123 29
123 30
123 31
123 32
123 33
123 34
123 36
123 39
123 41
123 48
123 49
123 50
123 52
123 55
123 56
123 58
123 60
123 61
123 62
123 63
123 64
123 65
123 66
123 67
123 68
123 69
123 73
123 75
123 76
123 77
123 78
123 79
123 82
123 83
123 85
123 86
123 88
123 89
123 91
123 94
123 98
123 102
123 105
123 106
123 107
123 108
123 110
123 113
123 114
123 115
123 116
123 117
123 118
123 119
123 120
123 121
124 1
124 2
124 3
124 7
124 9
124 14
124 15
124 16
124 20
124 25
124 26
124 32
124 33
124 36
124 38
124 39
124 40
124 41
124 43
124 46
124 47
124 49
124 50
124 52
124 57
124 58
124 59
124 60
124 62
124 63
124 64
124 65
124 66
124 67
124 73
124 74
124 75
124 76
124 77
124 78
124 80
124 81
124 82
124 83
124 88
124 90
124 92
124 93
124 94
124 95
124 96
124 97
124 98
124 102
124 103
124 105
124 106
124 108
124 109
124 111
124 112
124 113
124 114
124 115
124 116
124 117
124 120
124 121
124 123
125 1
125 3
125 5
125 6
125 10
125 11
125 12
125 13
125 14
125 20
125 21
125 24
125 27
125 30
125 32
125 39
125 40
125 44
125 46
125 47
125 51
125 53
125 55
125 58
125 59
125 60
125 65
125 68
125 69
125 71
125 72
125 80
125 82
125 84
125 86
125 87
125 88
125 89
125 90
125 92
125 93
125 94
125 97
125 98
125 100
125 103
125 104
125 106
125 109
125 111
125 112
125 113
125 114
125 118
125 120
126 1
126 4
126 5
126 7
126 8
126 11
126 15
126 16
126 17
126 22
126 23
126 24
126 25
126 26
126 27
126 30
126 32
126 34
126 35
126 37
126 39
126 40
126 42
126 44
126 45
126 46
126 47
126 48
126 49
126 50
126 51
126 52
126 53
126 54
126 58
126 60
126 62
126 63
126 64
126 66
126 70
126 71
126 72
126 73
126 75
126 76
126 77
126 79
126 80
126 81
126 82
126 83
126 84
126 87
126 89
126 92
126 95
126 96
126 97
126 99
126 101
126 102
126 103
126 105
126 106
126 107
126 110
126 111
126 112
126 115
126 117
126 118
126 120
126 121
126 122
127 2
127 4
127 6
127 8
127 16
127 18
127 19
127 22
127 24
127 25
127 30
127 32
127 33
127 35
127 37
127 39
127 40
127 41
127 43
127 45
127 47
127 48
127 49
127 50
127 52
127 53
127 55
127 59
127 60
127 61
127 63
127 67
127 70
127 71
127 73
127 76
127 78
127 80
127 81
127 82
127 85
127 90
127 92
127 93
127 96
127 98
127 100
127 111
127 114
127 117
127 118
127 119
127 123
127 124
127 125
127 126
128 1
128 2
128 4
128 5
128 7
128 8
128 10
128 12
128 13
128 15
128 17
128 20
128 23
128 25
128 26
128 30
128 31
128 33
128 34
128 35
128 36
128 39
128 40
128 41
128 44
128 45
128 46
128 48
128 49
128 51
128 52
128 53
128 54
128 55
128 56
128 59
128 60
128 63
128 66
128 67
128 68
128 71
128 75
128 79
128 80
128 82
128 89
128 91
128 92
128 94
128 96
128 98
128 100
128 102
128 103
128 108
128 109
128 112
128 115
128 116
128 118
128 120
128 127
129 2
129 3
129 4
129 7
129 8
129 9
129 10
129 12
129 14
129 18
129 22
129 23
129 24
129 26
129 27
129 30
129 32
129 35
129 39
129 41
129 42
129 43
129 44
129 46
129 47
129 48
129 49
129 51
129 52
129 54
129 57
129 58
129 62
129 64
129 65
129 66
129 68
129 69
129 73
129 76
129 81
129 83
129 84
129 86
129 88
129 89
129 92
129 93
129 95
129 97
129 98
129 99
129 100
129 101
129 104
129 105
129 106
129 112
129 117
129 119
129 124
129 127
129 128
130 3
130 4
130 6
130 8
130 9
130 13
130 17
130 20
130 21
130 25
130 26
130 27
130 28
130 29
130 33
130 34
130 42
130 43
130 44
130 45
130 47
130 55
130 59
130 61
130 64
130 70
130 73
130 74
130 76
130 77
130 80
130 82
130 84
130 85
130 92
130 95
130 96
130 97
130 99
130 100
130 101
130 102
130 105
130 106
130 108
130 111
130 114
130 117
130 118
130 119
130 124
130 125
130 126
130 127
130 129
131 1
131 3
131 5
131 10
131 11
131 14
131 16
131 17
131 18
131 19
131 20
131 24
131 25
131 26
131 28
131 32
131 36
131 37
131 39
131 40
131 41
131 46
131 50
131 53
131 54
131 55
131 56
131 57
131 59
131 62
131 64
131 68
131 76
131 79
131 80
131 82
131 84
131 85
131 86
131 91
131 96
131 97
131 98
131 100
131 103
131 109
131 111
131 112
131 114
131 115
131 116
131 119
131 121
131 125
131 128
131 130
132 4
132 6
132 8
132 9
132 10
132 11
132 13
132 17
132 18
132 19
132 20
132 21
132 25
132 28
132 30
132 34
132 35
132 37
132 38
132 39
132 40
132 41
132 42
132 43
132 44
132 46
132 48
132 49
132 51
132 52
132 56
132 57
132 61
132 62
132 63
132 64
132 67
132 68
132 69
132 72
132 75
132 77
132 79
132 81
132 82
132 84
132 85
132 87
132 90
132 91
132 92
132 93
132 96
132 97
132 98
132 99
132 102
132 105
132 108
132 111
132 112
132 115
132 117
132 125
132 127
132 128
132 129
132 131
133 1
133 4
133 5
133 6
133 10
133 15
133 18
133 19
133 20
133 25
133 26
133 27
133 28
133 29
133 30
133 37
133 38
133 42
133 43
133 45
133 46
133 47
133 48
133 49
133 51
133 52
133 53
133 55
133 56
133 58
133 59
133 60
133 61
133 62
133 64
133 65
133 67
133 68
133 69
133 71
133 74
133 75
133 76
133 78
133 80
133 82
133 83
133 84
133 85
133 88
133 89
133 91
133 94
133 95
133 96
133 99
133 100
133 102
133 106
133 109
133 114
133 115
133 117
133 119
133 121
133 122
133 129
133 130
133 131
134 3
134 5
134 6
134 7
134 8
134 9
134 11
134 12
134 14
134 17
134 18
134 20
134 21
134 22
134 23
134 25
134 27
134 28
134 29
134 31
134 33
134 34
134 39
134 40
134 42
134 43
134 47
134 48
134 49
134 55
134 58
134 61
134 62
134 63
134 64
134 65
134 66
134 67
134 68
134 69
134 72
134 74
134 75
134 76
134 77
134 78
134 79
134 80
134 83
134 84
134 86
134 88
134 89
134 90
134 92
134 96
134 97
134 98
134 99
134 101
134 103
134 106
134 107
134 110
134 111
134 117
134 119
134 122
134 123
134 124
134 126
134 127
134 128
134 129
134 130
134 131
135 2
135 3
135 4
135 7
135 8
135 10
135 11
135 13
135 15
135 16
135 18
135 20
135 24
135 25
135 26
135 27
135 28
135 29
135 30
135 35
135 36
135 39
135 40
135 41
135 44
135 47
135 50
135 53
135 54
135 57
135 60
135 62
135 65
135 68
135 70
135 73
135 74
135 75
135 77
135 80
135 81
135 83
135 84
135 87
135 89
135 90
135 94
135 95
135 96
135 98
135 100
135 102
135 103
135 105
135 106
135 107
135 108
135 109
135 111
135 114
135 122
135 124
135 126
135 127
135 130
135 131
135 133
135 134
136 2
136 3
136 5
136 8
136 12
136 13
136 14
136 15
136 18
136 19
136 20
136 23
136 24
136 26
136 28
136 31
136 35
136 36
136 39
136 43
136 44
136 45
136 46
136 51
136 52
136 57
136 58
136 62
136 63
136 64
136 69
136 71
136 72
136 73
136 75
136 76
136 77
136 80
136 82
136 83
136 84
136 85
136 87
136 88
136 90
136 92
136 95
136 96
136 101
136 102
136 103
136 105
136 110
136 113
136 115
136 116
136 121
136 122
136 132
136 135
137 2
137 3
137 4
137 11
137 12
137 13
137 15
137 18
137 20
137 21
137 22
137 23
137 25
137 28
137 29
137 30
137 33
137 35
137 36
137 40
137 41
137 43
137 44
137 51
137 55
137 57
137 60
137 62
137 63
137 67
137 68
137 74
137 77
137 79
137 80
137 82
137 87
137 88
137 89
137 90
137 92
137 93
137 94
137 96
137 98
137 99
137 100
137 104
137 107
137 108
137 111
137 115
137 117
137 118
137 119
137 121
137 123
137 124
137 126
137 127
137 128
137 129
137 130
137 132
137 133
137 134
137 136
138 1
138 4
138 5
138 6
138 12
138 15
138 16
138 18
138 19
138 20
138 21
138 24
138 26
138 27
138 29
138 32
138 33
138 34
138 38
138 39
138 40
138 41
138 42
138 43
138 44
138 46
138 47
138 48
138 55
138 56
138 58
138 60
138 61
138 62
138 64
138 66
138 69
138 72
138 75
138 76
138 79
138 81
138 82
138 84
138 86
138 90
138 93
138 95
138 96
138 98
138 99
138 101
138 102
138 107
138 116
138 122
138 124
138 126
138 130
138 133
138 135
138 136
138 137
139 3
139 4
139 5
139 6
139 9
139 11
139 14
139 16
139 18
139 20
139 21
139 26
139 28
139 32
139 34
139 36
139 37
139 40
139 42
139 46
139 50
139 54
139 59
139 60
139 61
139 64
139 66
139 67
139 69
139 71
139 74
139 75
139 76
139 77
139 79
139 84
139 87
139 90
139 92
139 95
139 96
139 98
139 103
139 104
139 105
139 106
139 108
139 111
139 113
139 114
139 121
139 122
139 125
139 126
139 127
139 130
139 131
139 132
139 136
139 138
140 6
140 8
140 10
140 11
140 12
140 14
140 16
140 17
140 18
140 21
140 22
140 23
140 25
140 26
140 27
140 28
140 31
140 33
140 36
140 38
140 40
140 41
140 44
140 45
140 49
140 50
140 51
140 54
140 55
140 56
140 58
140 59
140 62
140 64
140 65
140 66
140 70
140 71
140 73
140 74
140 75
140 76
140 77
140 78
140 81
140 82
140 85
140 86
140 87
140 88
140 89
140 90
140 91
140 96
140 97
140 98
140 99
140 102
140 103
140 104
140 105
140 107
140 109
140 110
140 111
140 112
140 113
140 116
140 118
140 121
140 123
140 127
140 129
140 130
140 131
140 132
140 133
140 136
140 137
140 138
140 139
141 1
141 2
141 3
141 4
141 5
141 6
141 7
141 8
141 10
141 12
141 13
141 14
141 16
141 17
141 18
141 20
141 21
141 22
141 23
141 24
141 27
141 29
141 30
141 32
141 33
141 36
141 38
141 39
141 43
141 45
141 46
141 48
141 50
141 53
141 54
141 57
141 61
141 63
141 64
141 66
141 68
141 69
141 70
141 71
141 80
141 81
141 83
141 86
141 90
141 91
141 95
141 96
141 97
141 98
141 102
141 106
141 109
141 111
141 112
141 114
141 117
141 120
141 121
141 122
141 123
141 125
141 126
141 127
141 130
141 132
141 133
141 135
141 136
141 137
141 138
141 139
141 140
142 1
142 2
142 6
142 9
142 12
142 13
142 14
142 21
142 25
142 26
142 29
142 30
142 32
142 33
142 37
142 38
142 41
142 42
142 43
142 44
142 46
142 47
142 48
142 51
142 53
142 54
142 55
142 57
142 58
142 59
142 64
142 66
142 67
142 68
142 69
142 71
142 74
142 75
142 76
142 81
142 85
142 88
142 89
142 90
142 92
142 93
142 94
142 99
142 100
142 103
142 106
142 107
142 111
142 112
142 116
142 117
142 122
142 123
142 124
142 125
142 126
142 128
142 130
142 132
142 133
142 134
142 135
142 136
142 139
142 140
142 141
143 3
143 4
143 5
143 7
143 9
143 11
143 12
143 13
143 14
143 16
143 17
143 19
143 21
143 22
143 24
143 25
143 26
143 27
143 28
143 29
143 31
143 33
143 38
143 39
143 40
143 42
143 43
143 47
143 48
143 50
143 52
143 53
143 55
143 56
143 61
143 62
143 63
143 66
143 67
143 68
143 70
143 73
143 75
143 77
143 80
143 87
143 89
143 92
143 95
143 96
143 101
143 103
143 105
143 106
143 109
143 112
143 116
143 117
143 128
143 134
143 135
143 136
143 139
143 141
144 1
144 3
144 4
144 7
144 8
144 10
144 12
144 14
144 16
144 20
144 21
144 22
144 28
144 32
144 35
144 36
144 38
144 39
144 40
144 43
144 45
144 53
144 55
144 56
144 58
144 59
144 63
144 66
144 67
144 70
144 73
144 75
144 77
144 78
144 79
144 80
144 85
144 86
144 88
144 90
144 92
144 97
144 100
144 109
144 110
144 114
144 117
144 118
144 120
144 122
144 128
144 129
144 130
144 132
144 134
144 136
144 137
144 138
144 143
145 3
145 8
145 12
145 13
145 15
145 16
145 17
145 20
145 21
145 22
145 23
145 24
145 26
145 27
145 30
145 31
145 33
145 35
145 36
145 37
145 38
145 40
145 41
145 43
145 46
145 47
145 49
145 51
145 52
145 54
145 57
145 59
145 60
145 61
145 62
145 63
145 64
145 66
145 69
145 70
145 72
145 74
145 76
145 78
145 79
145 81
145 85
145 88
145 90
145 91
145 96
145 97
145 98
145 102
145 103
145 104
145 105
145 106
145 108
145 110
145 111
145 113
145 114
145 115
145 116
145 119
145 121
145 123
145 126
145 127
145 128
145 129
145 130
145 131
145 133
145 134
145 136
145 137
145 138
145 141
145 142
145 144
146 4
146 6
146 7
146 8
146 9
146 10
146 13
146 14
146 15
146 16
146 17
146 19
146 20
146 22
146 25
146 28
146 33
146 34
146 36
146 38
146 39
146 40
146 41
146 42
146 43
146 44
146 45
146 46
146 47
146 48
146 49
146 52
146 53
146 57
146 58
146 61
146 62
146 64
146 68
146 69
146 70
146 72
146 73
146 75
146 76
146 77
146 79
146 80
146 83
146 84
146 85
146 87
146 89
146 91
146 98
146 99
146 103
146 104
146 106
146 108
146 110
146 111
146 112
146 114
146 117
146 121
146 123
146 124
146 125
146 127
146 128
146 131
146 134
146 136
146 137
146 138
146 141
146 143
147 2
147 8
147 9
147 10
147 13
147 15
147 16
147 17
147 18
147 19
147 20
147 23
147 26
147 27
147 33
147 35
147 37
147 38
147 40
147 42
147 44
147 48
147 49
147 50
147 51
147 54
147 60
147 61
147 65
147 67
147 68
147 72
147 73
147 77
147 78
147 79
147 80
147 81
147 85
147 86
147 87
147 89
147 90
147 91
147 102
147 103
147 104
147 106
147 108
147 111
147 113
147 115
147 116
147 117
147 119
147 121
147 126
147 127
147 129
147 130
147 131
147 132
147 133
147 136
147 137
147 140
147 142
147 144
147 145
147 146
148 2
148 4
148 6
148 8
148 10
148 13
148 14
148 16
148 17
148 18
148 20
148 21
148 22
148 24
148 25
148 26
148 29
148 30
148 31
148 32
148 34
148 35
148 36
148 37
148 43
148 44
148 45
148 48
148 49
148 52
148 53
148 61
148 62
148 63
148 65
148 66
148 69
148 73
148 75
148 77
148 78
148 80
148 83
148 84
148 86
148 87
148 88
148 90
148 92
148 93
148 98
148 99
148 104
148 106
148 108
148 109
148 111
148 113
148 115
148 121
148 122
148 123
148 128
148 134
148 142
148 144
148 147
149 4
149 5
149 8
149 9
149 10
149 11
149 15
149 16
149 17
149 18
149 20
149 21
149 24
149 25
149 26
149 27
149 28
149 31
149 32
149 33
149 35
149 38
149 39
149 40
149 42
149 43
149 46
149 47
149 48
149 49
149 52
149 55
149 57
149 60
149 61
149 67
149 68
149 73
149 76
149 77
149 79
149 80
149 84
149 85
149 91
149 92
149 93
149 97
149 98
149 102
149 103
149 105
149 106
149 107
149 108
149 109
149 112
149 115
149 116
149 117
149 118
149 119
149 121
149 122
149 126
149 128
149 129
149 132
149 135
149 136
149 137
149 145
149 147
150 1
150 2
150 7
150 8
150 10
150 11
150 13
150 15
150 16
150 20
150 21
150 23
150 24
150 26
150 27
150 28
150 32
150 33
150 34
150 36
150 37
150 38
150 41
150 43
150 44
150 46
150 48
150 51
150 53
150 55
150 56
150 57
150 59
150 60
150 62
150 65
150 67
150 70
150 73
150 74
150 77
150 78
150 79
150 81
150 85
150 86
150 87
150 88
150 90
150 94
150 95
150 96
150 100
150 101
150 102
150 104
150 106
150 107
150 109
150 110
150 112
150 114
150 116
150 117
150 118
150 121
150 123
150 124
150 125
150 126
150 128
150 130
150 135
150 137
150 139
150 140
150 141
150 142
150 144
150 145
150 147
150 149
151 2
151 3
151 5
151 6
151 7
151 9
151 13
151 14
151 15
151 16
151 17
151 18
151 21
151 24
151 25
151 26
151 27
151 28
151 33
151 35
151 37
151 38
151 39
151 41
151 42
151 43
151 44
151 48
151 50
151 53
151 54
151 56
151 57
151 59
151 61
151 66
151 70
151 76
151 78
151 79
151 82
151 83
151 85
151 86
151 87
151 88
151 89
151 91
151 92
151 93
151 95
151 96
151 98
151 110
151 111
151 113
151 117
151 119
151 121
151 123
151 124
151 125
151 126
151 129
151 132
151 133
151 134
151 135
151 139
151 142
151 145
152 4
152 5
152 6
152 7
152 9
152 10
152 12
152 13
152 15
152 16
152 17
152 22
152 24
152 26
152 30
152 33
152 34
152 36
152 38
152 42
152 43
152 44
152 45
152 46
152 47
152 51
152 52
152 55
152 57
152 59
152 62
152 67
152 68
152 69
152 70
152 71
152 72
152 75
152 79
152 80
152 81
152 82
152 83
152 84
152 86
152 87
152 91
152 94
152 95
152 97
152 98
152 99
152 100
152 101
152 102
152 103
152 106
152 108
152 110
152 112
152 113
152 115
152 117
152 118
152 122
152 124
152 128
152 129
152 137
152 139
152 140
152 141
152 144
152 146
152 147
152 149
152 151
153 3
153 4
153 6
153 8
153 9
153 10
153 11
153 12
153 13
153 16
153 17
153 18
153 19
153 20
153 23
153 24
153 25
153 26
153 27
153 29
153 30
153 31
153 33
153 35
153 36
153 37
153 38
153 39
153 41
153 43
153 44
153 48
153 50
153 51
153 53
153 54
153 55
153 57
153 58
153 60
153 63
153 64
153 66
153 68
153 70
153 73
153 76
153 77
153 78
153 79
153 80
153 82
153 84
153 89
153 90
153 92
153 98
153 101
153 102
153 103
153 107
153 108
153 112
153 113
153 115
153 118
153 119
153 121
153 122
153 124
153 125
153 126
153 130
153 132
153 134
153 139
153 140
153 142
153 143
153 147
153 149
153 150
153 151
153 152
154 1
154 2
154 8
154 9
154 11
154 12
154 13
154 15
154 20
154 23
154 24
154 27
154 28
154 35
154 36
154 37
154 39
154 44
154 50
154 54
154 56
154 58
154 59
154 62
154 63
154 64
154 66
154 67
154 68
154 70
154 71
154 74
154 77
154 78
154 79
154 80
154 83
154 84
154 86
154 87
154 90
154 91
154 92
154 93
154 96
154 97
154 98
154 99
154 102
154 106
154 108
154 111
154 113
154 115
154 117
154 118
154 119
154 120
154 121
154 123
154 124
154 127
154 129
154 132
154 133
154 134
154 135
154 136
154 137
154 138
154 141
154 146
154 147
154 148
154 149
154 152
154 153
155 1
155 3
155 8
155 16
155 17
155 18
155 21
155 22
155 23
155 25
155 26
155 27
155 29
155 32
155 35
155 36
155 38
155 39
155 41
155 47
155 51
155 52
155 53
155 54
155 61
155 66
155 67
155 69
155 72
155 78
155 80
155 89
155 91
155 92
155 93
155 95
155 98
155 99
155 102
155 105
155 106
155 107
155 110
155 111
155 112
155 113
155 115
155 116
155 117
155 120
155 121
155 123
155 124
155 125
155 127
155 128
155 129
155 131
155 132
155 133
155 138
155 141
155 145
155 147
155 149
155 152
156 3
156 4
156 6
156 8
156 10
156 20
156 22
156 23
156 27
156 29
156 30
156 32
156 33
156 34
156 37
156 39
156 41
156 42
156 43
156 47
156 49
156 51
156 52
156 54
156 56
156 58
156 59
156 62
156 64
156 65
156 66
156 67
156 68
156 72
156 76
156 79
156 80
156 84
156 85
156 90
156 91
156 92
156 93
156 95
156 96
156 98
156 99
156 108
156 110
156 112
156 116
156 118
156 120
156 121
156 123
156 124
156 125
156 127
156 128
156 129
156 130
156 135
156 137
156 139
156 143
156 145
156 152
156 154
157 4
157 5
157 6
157 14
157 16
157 17
157 18
157 19
157 20
157 21
157 22
157 23
157 24
157 27
157 33
157 36
157 37
157 38
157 39
157 40
157 41
157 42
157 44
157 46
157 47
157 53
157 54
157 55
157 57
157 58
157 61
157 62
157 63
157 65
157 66
157 67
157 69
157 72
157 73
157 74
157 77
157 78
157 79
157 80
157 81
157 83
157 86
157 89
157 93
157 94
157 96
157 101
157 102
157 104
157 106
157 110
157 112
157 114
157 115
157 116
157 118
157 120
157 124
157 125
157 128
157 129
157 130
157 131
157 135
157 139
157 142
157 144
157 145
157 147
157 150
157 156
158 1
158 4
158 6
158 8
158 10
158 14
158 16
158 22
158 24
158 27
158 28
158 29
158 30
158 32
158 33
158 34
158 35
158 36
158 37
158 40
158 42
158 43
158 44
158 48
158 49
158 51
158 53
158 54
158 57
158 58
158 59
158 60
158 61
158 62
158 63
158 64
158 66
158 67
158 68
158 72
158 73
158 74
158 75
158 77
158 78
158 79
158 82
158 83
158 85
158 87
158 88
158 90
158 91
158 92
158 93
158 94
158 96
158 97
158 99
158 101
158 102
158 103
158 104
158 108
158 109
158 114
158 119
158 121
158 123
158 124
158 126
158 128
158 129
158 131
158 132
158 133
158 136
158 139
158 140
158 141
158 144
158 145
158 151
158 153
158 154
158 155
159 4
159 5
159 6
159 7
159 8
159 9
159 11
159 12
159 14
159 15
159 16
159 19
159 20
159 24
159 27
159 29
159 30
159 33
159 38
159 39
159 40
159 41
159 44
159 45
159 46
159 49
159 52
159 53
159 54
159 56
159 59
159 62
159 69
159 70
159 71
159 72
159 74
159 76
159 78
159 81
159 82
159 86
159 89
159 91
159 93
159 94
159 95
159 96
159 99
159 100
159 101
159 103
159 105
159 108
159 110
159 111
159 112
159 113
159 116
159 117
159 121
159 123
159 124
159 125
159 129
159 130
159 131
159 135
159 137
159 138
159 139
159 141
159 144
159 156
159 157
159 158
160 1
160 2
160 3
160 4
160 6
160 7
160 10
160 11
160 12
160 15
160 22
160 23
160 27
160 28
160 29
160 30
160 31
160 33
160 34
160 36
160 38
160 39
160 41
160 45
160 47
160 48
160 49
160 51
160 52
160 53
160 54
160 56
160 62
160 65
160 66
160 67
160 71
160 72
160 74
160 75
160 77
160 78
160 80
160 82
160 83
160 85
160 86
160 88
160 90
160 92
160 93
160 95
160 97
160 101
160 102
160 103
160 105
160 107
160 109
160 111
160 120
160 121
160 122
160 124
160 125
160 126
160 127
160 132
160 133
160 134
160 135
160 136
160 137
160 139
160 140
160 141
160 143
160 147
160 148
160 149
160 150
160 153
160 157
160 159
161 2
161 6
161 7
161 8
161 9
161 10
161 13
161 15
161 17
161 18
161 23
161 25
161 26
161 27
161 28
161 29
161 30
161 32
161 36
161 38
161 39
161 43
161 44
161 46
161 47
161 50
161 51
161 53
161 54
161 57
161 58
161 61
161 62
161 64
161 65
161 66
161 67
161 68
161 69
161 70
161 71
161 75
161 77
161 79
161 81
161 82
161 83
161 85
161 86
161 87
161 88
161 92
161 94
161 95
161 96
161 97
161 98
161 99
161 102
161 106
161 107
161 110
161 111
161 112
161 114
161 115
161 119
161 120
161 123
161 127
161 128
161 129
161 130
161 131
161 132
161 135
161 136
161 137
161 140
161 142
161 143
161 144
161 145
161 148
161 151
161 152
161 153
161 154
161 156
161 158
161 159
161 160
162 1
162 3
162 7
162 10
162 11
162 13
162 14
162 16
162 18
162 19
162 20
162 21
162 23
162 24
162 28
162 29
162 35
162 41
162 42
162 43
162 46
162 48
162 49
162 50
162 53
162 57
162 60
162 62
162 65
162 66
162 68
162 72
162 73
162 75
162 76
162 77
162 79
162 83
162 86
162 88
162 89
162 94
162 95
162 97
162 98
162 100
162 101
162 102
162 104
162 107
162 108
162 110
162 111
162 112
162 118
162 120
162 121
162 122
162 128
162 129
162 130
162 131
162 132
162 135
162 137
162 139
162 143
162 144
162 146
162 147
162 153
162 155
162 156
163 6
163 11
163 12
163 13
163 15
163 16
163 18
163 20
163 22
163 23
163 24
163 25
163 27
163 28
163 30
163 32
163 33
163 34
163 37
163 39
163 40
163 41
163 42
163 44
163 46
163 53
163 54
163 55
163 58
163 60
163 61
163 62
163 63
163 66
163 67
163 69
163 71
163 72
163 74
163 75
163 79
163 81
163 84
163 86
163 88
163 92
163 97
163 101
163 102
163 103
163 104
163 107
163 108
163 111
163 113
163 114
163 115
163 117
163 118
163 120
163 122
163 123
163 125
163 132
163 134
163 136
163 137
163 140
163 141
163 143
163 144
163 145
163 148
163 150
163 153
163 154
163 157
163 160
164 2
164 5
164 10
164 11
164 14
164 18
164 19
164 20
164 21
164 22
164 23
164 26
164 27
164 28
164 29
164 34
164 35
164 36
164 37
164 40
164 42
164 43
164 44
164 45
164 47
164 50
164 53
164 54
164 57
164 58
164 60
164 63
164 64
164 66
164 68
164 70
164 72
164 73
164 74
164 75
164 77
164 78
164 82
164 83
164 86
164 88
164 94
164 95
164 97
164 101
164 102
164 103
164 104
164 105
164 106
164 109
164 110
164 113
164 115
164 117
164 120
164 121
164 127
164 129
164 130
164 131
164 132
164 134
164 135
164 136
164 137
164 138
164 139
164 142
164 145
164 149
164 150
164 151
164 152
164 153
164 154
164 156
164 159
164 162
164 163
165 2
165 4
165 7
165 9
165 12
165 13
165 14
165 17
165 18
165 19
165 20
165 22
165 24
165 26
165 27
165 29
165 30
165 31
165 32
165 34
165 35
165 36
165 38
165 43
165 44
165 45
165 48
165 52
165 53
165 55
165 57
165 60
165 65
165 66
165 67
165 69
165 71
165 72
165 73
165 75
165 76
165 77
165 78
165 79
165 81
165 83
165 84
165 86
165 87
165 89
165 90
165 94
165 95
165 96
165 97
165 98
165 100
165 103
165 106
165 109
165 111
165 112
165 116
165 124
165 129
165 132
165 134
165 136
165 137
165 139
165 141
165 143
165 145
165 147
165 148
165 149
165 151
165 152
165 154
165 156
165 157
165 158
165 159
165 162
165 163
165 164
166 4
166 12
166 13
166 16
166 17
166 18
166 19
166 21
166 22
166 23
166 24
166 25
166 28
166 29
166 30
166 33
166 34
166 35
166 38
166 40
166 41
166 43
166 44
166 45
166 46
166 47
166 49
166 52
166 53
166 55
166 59
166 61
166 62
166 64
166 66
166 67
166 68
166 73
166 74
166 75
166 76
166 77
166 79
166 81
166 83
166 85
166 86
166 88
166 90
166 92
166 93
166 94
166 95
166 98
166 100
166 102
166 104
166 105
166 108
166 109
166 113
166 114
166 117
166 118
166 119
166 124
166 128
166 131
166 132
166 135
166 136
166 137
166 138
166 139
166 142
166 143
166 144
166 145
166 146
166 147
166 148
166 149
166 150
166 151
166 152
166 156
166 159
166 160
166 163
166 164
166 165
167 2
167 5
167 7
167 9
167 10
167 12
167 15
167 16
167 18
167 19
167 20
167 23
167 24
167 26
167 29
167 30
167 32
167 37
167 40
167 41
167 42
167 43
167 44
167 45
167 46
167 47
167 48
167 53
167 54
167 56
167 57
167 58
167 60
167 61
167 63
167 65
167 68
167 69
167 72
167 75
167 76
167 77
167 78
167 79
167 80
167 83
167 86
167 87
167 89
167 90
167 93
167 94
167 97
167 98
167 102
167 108
167 109
167 113
167 118
167 125
167 127
167 129
167 134
167 137
167 138
167 139
167 142
167 143
167 144
167 145
167 146
167 147
167 151
167 152
167 154
167 155
167 158
167 159
167 160
167 161
167 162
167 164
167 166
168 1
168 2
168 4
168 6
168 7
168 8
168 10
168 14
168 16
168 17
168 18
168 20
168 21
168 26
168 27
168 28
168 30
168 31
168 33
168 38
168 39
168 42
168 43
168 47
168 49
168 50
168 51
168 52
168 54
168 55
168 56
168 57
168 58
168 59
168 61
168 62
168 63
168 65
168 66
168 67
168 69
168 73
168 78
168 79
168 80
168 84
168 85
168 86
168 88
168 89
168 91
168 93
168 94
168 96
168 97
168 99
168 101
168 103
168 105
168 106
168 110
168 112
168 113
168 114
168 119
168 122
168 126
168 127
168 131
168 132
168 134
168 135
168 137
168 141
168 142
168 144
168 145
168 148
168 152
168 156
168 157
168 159
168 161
168 164
168 166
169 1
169 3
169 5
169 7
169 9
169 10
169 12
169 13
169 16
169 17
169 18
169 22
169 23
169 26
169 27
169 29
169 31
169 32
169 35
169 36
169 39
169 41
169 42
169 44
169 48
169 51
169 52
169 53
169 54
169 55
169 57
169 58
169 61
169 62
169 63
169 64
169 65
169 71
169 73
169 74
169 75
169 76
169 79
169 80
169 83
169 85
169 86
169 87
169 88
169 92
169 97
169 98
169 99
169 100
169 101
169 104
169 105
169 106
169 107
169 108
169 109
169 110
169 116
169 117
169 118
169 119
169 120
169 123
169 124
169 126
169 127
169 128
169 129
169 133
169 135
169 141
169 142
169 143
169 145
169 146
169 147
169 153
169 155
169 156
169 158
169 159
169 160
169 162
169 164
169 165
170 2
170 4
170 6
170 8
170 11
170 12
170 13
170 14
170 23
170 24
170 25
170 27
170 29
170 30
170 31
170 35
170 37
170 39
170 42
170 43
170 45
170 47
170 48
170 49
170 53
170 54
170 56
170 64
170 65
170 66
170 67
170 69
170 71
170 75
170 76
170 77
170 78
170 79
170 81
170 82
170 83
170 85
170 86
170 87
170 91
170 94
170 97
170 99
170 100
170 101
170 102
170 103
170 104
170 107
170 108
170 109
170 110
170 111
170 113
170 117
170 119
170 123
170 126
170 127
170 131
170 132
170 134
170 138
170 139
170 140
170 141
170 142
170 145
170 147
170 148
170 149
170 150
170 154
170 158
170 159
170 160
170 163
170 165
170 169
171 2
171 4
171 6
171 10
171 11
171 12
171 14
171 15
171 17
171 19
171 20
171 21
171 22
171 25
171 26
171 27
171 30
171 31
171 32
171 33
171 40
171 42
171 48
171 49
171 50
171 51
171 54
171 55
171 59
171 60
171 63
171 65
171 66
171 69
171 72
171 73
171 74
171 76
171 77
171 78
171 79
171 83
171 84
171 85
171 88
171 89
171 91
171 93
171 94
171 96
171 97
171 98
171 99
171 100
171 105
171 106
171 108
171 109
171 113
171 114
171 115
171 116
171 117
171 118
171 119
171 120
171 121
171 123
171 125
171 128
171 131
171 134
171 136
171 137
171 140
171 141
171 142
171 147
171 148
171 150
171 154
171 156
171 157
171 160
171 165
171 166
171 168
171 169
172 3
172 8
172 10
172 13
172 17
172 19
172 21
172 22
172 25
172 27
172 28
172 29
172 30
172 31
172 33
172 34
172 35
172 39
172 42
172 45
172 46
172 47
172 48
172 50
172 52
172 55
172 56
172 61
172 64
172 68
172 69
172 71
172 72
172 73
172 75
172 78
172 82
172 83
172 85
172 86
172 90
172 91
172 92
172 95
172 96
172 100
172 101
172 103
172 104
172 109
172 110
172 115
172 116
172 123
172 125
172 127
172 129
172 132
172 133
172 134
172 136
172 138
172 141
172 142
172 144
172 147
172 148
172 149
172 150
172 152
172 154
172 156
172 157
172 158
172 159
172 161
172 162
172 164
172 165
172 166
172 167
173 1
173 3
173 8
173 10
173 12
173 13
173 14
173 15
173 16
173 17
173 19
173 21
173 22
173 23
173 25
173 26
173 32
173 38
173 39
173 43
173 45
173 48
173 50
173 55
173 57
173 58
173 62
173 63
173 64
173 65
173 66
173 68
173 71
173 73
173 74
173 75
173 80
173 82
173 83
173 86
173 90
173 94
173 96
173 97
173 98
173 99
173 101
173 103
173 104
173 105
173 109
173 110
173 113
173 116
173 117
173 121
173 122
173 123
173 128
173 129
173 130
173 131
173 132
173 135
173 136
173 137
173 138
173 141
173 143
173 144
173 146
173 148
173 149
173 150
173 153
173 154
173 163
173 164
173 166
173 168
173 171
174 1
174 4
174 5
174 7
174 13
174 14
174 17
174 18
174 19
174 23
174 25
174 27
174 28
174 29
174 31
174 34
174 37
174 40
174 41
174 45
174 48
174 50
174 53
174 58
174 61
174 64
174 66
174 71
174 73
174 74
174 76
174 77
174 81
174 83
174 85
174 86
174 88
174 89
174 95
174 96
174 97
174 100
174 102
174 103
174 104
174 106
174 107
174 110
174 111
174 112
174 113
174 114
174 115
174 116
174 118
174 119
174 121
174 129
174 131
174 136
174 137
174 138
174 143
174 144
174 145
174 148
174 150
174 152
174 155
174 160
174 162
174 163
174 164
174 165
174 170
174 171
174 173
175 1
175 2
175 3
175 4
175 11
175 13
175 14
175 15
175 16
175 18
175 20
175 21
175 22
175 23
175 24
175 25
175 26
175 27
175 28
175 29
175 32
175 34
175 35
175 37
175 40
175 41
175 42
175 46
175 48
175 52
175 53
175 54
175 57
175 62
175 63
175 64
175 65
175 69
175 71
175 72
175 74
175 76
175 79
175 80
175 81
175 82
175 83
175 84
175 85
175 86
175 88
175 89
175 90
175 93
175 97
175 98
175 99
175 102
175 103
175 105
175 107
175 108
175 109
175 110
175 114
175 116
175 118
175 119
175 121
175 124
175 126
175 127
175 128
175 129
175 131
175 132
175 134
175 136
175 137
175 138
175 139
175 140
175 141
175 142
175 145
175 146
175 148
175 150
175 152
175 153
175 154
175 155
175 156
175 158
175 160
175 163
175 165
175 168
175 170
175 171
175 172
176 1
176 3
176 5
176 7
176 10
176 12
176 13
176 14
176 18
176 19
176 20
176 23
176 25
176 28
176 31
176 33
176 34
176 37
176 38
176 40
176 42
176 43
176 44
176 47
176 48
176 54
176 57
176 60
176 63
176 64
176 69
176 70
176 71
176 72
176 76
176 78
176 79
176 80
176 81
176 84
176 85
176 86
176 89
176 90
176 95
176 97
176 99
176 103
176 104
176 105
176 109
176 110
176 112
176 114
176 115
176 120
176 121
176 122
176 124
176 125
176 126
176 127
176 130
176 131
176 133
176 134
176 137
176 138
176 141
176 143
176 144
176 146
176 148
176 151
176 152
176 155
176 157
176 159
176 161
176 166
176 170
176 172
176 173
177 3
177 4
177 5
177 6
177 7
177 12
177 13
177 14
177 16
177 18
177 19
177 20
177 21
177 25
177 28
177 33
177 34
177 35
177 36
177 37
177 42
177 43
177 45
177 46
177 47
177 48
177 53
177 55
177 57
177 59
177 60
177 64
177 65
177 66
177 68
177 69
177 70
177 71
177 72
177 73
177 74
177 78
177 79
177 80
177 81
177 82
177 83
177 87
177 90
177 91
177 92
177 97
177 98
177 99
177 103
177 105
177 109
177 110
177 114
177 116
177 118
177 119
177 120
177 122
177 124
177 126
177 127
177 129
177 130
177 133
177 134
177 135
177 138
177 139
177 140
177 144
177 146
177 147
177 148
177 149
177 150
177 151
177 154
177 155
177 156
177 157
177 158
177 161
177 165
177 166
177 167
177 168
177 170
177 173
177 174
178 2
178 9
178 13
178 16
178 18
178 21
178 24
178 26
178 29
178 30
178 32
178 34
178 35
178 36
178 41
178 43
178 44
178 46
178 48
178 50
178 54
178 56
178 57
178 61
178 63
178 64
178 66
178 69
178 72
178 73
178 74
178 75
178 76
178 78
178 81
178 82
178 83
178 85
178 86
178 87
178 89
178 91
178 98
178 99
178 100
178 101
178 102
178 104
178 105
178 106
178 108
178 109
178 114
178 116
178 121
178 122
178 123
178 124
178 125
178 130
178 132
178 133
178 134
178 135
178 140
178 142
178 147
178 148
178 149
178 150
178 152
178 155
178 159
178 162
178 163
178 164
178 168
178 169
178 170
178 171
178 173
179 3
179 5
179 9
179 10
179 11
179 15
179 17
179 18
179 23
179 24
179 25
179 27
179 28
179 29
179 30
179 33
179 37
179 43
179 44
179 48
179 49
179 52
179 53
179 55
179 56
179 57
179 58
179 61
179 62
179 64
179 67
179 69
179 70
179 71
179 72
179 73
179 76
179 79
179 83
179 84
179 86
179 87
179 88
179 89
179 93
179 94
179 95
179 96
179 97
179 101
179 102
179 103
179 108
179 109
179 111
179 117
179 118
179 121
179 122
179 123
179 127
179 128
179 130
179 132
179 133
179 134
179 135
179 136
179 139
179 141
179 143
179 144
179 145
179 149
179 153
179 154
179 155
179 156
179 157
179 158
179 160
179 161
179 163
179 164
179 165
179 166
179 167
179 170
179 173
179 174
179 175
179 178
180 1
180 2
180 4
180 10
180 11
180 12
180 14
180 15
180 16
180 17
180 18
180 20
180 25
180 29
180 31
180 33
180 37
180 38
180 41
180 43
180 45
180 48
180 50
180 51
180 53
180 54
180 55
180 57
180 58
180 61
180 63
180 64
180 66
180 67
180 68
180 69
180 70
180 72
180 74
180 76
180 79
180 80
180 81
180 82
180 86
180 89
180 91
180 92
180 99
180 103
180 106
180 107
180 108
180 109
180 110
180 112
180 114
180 115
180 117
180 119
180 121
180 122
180 123
180 124
180 125
180 133
180 138
180 146
180 147
180 149
180 152
180 153
180 157
180 158
180 160
180 162
180 165
180 167
180 169
180 170
180 171
180 172
180 173
180 174
180 179
181 1
181 2
181 4
181 6
181 7
181 8
181 9
181 12
181 13
181 15
181 16
181 17
181 18
181 21
181 22
181 23
181 27
181 32
181 37
181 39
181 40
181 41
181 43
181 44
181 45
181 46
181 47
181 48
181 49
181 50
181 52
181 58
181 59
181 60
181 63
181 65
181 66
181 67
181 68
181 69
181 72
181 73
181 75
181 76
181 78
181 80
181 83
181 87
181 91
181 92
181 95
181 96
181 98
181 100
181 104
181 107
181 108
181 110
181 112
181 113
181 115
181 118
181 122
181 123
181 124
181 128
181 136
181 139
181 147
181 148
181 152
181 153
181 154
181 155
181 156
181 157
181 158
181 159
181 160
181 162
181 164
181 169
181 171
181 173
181 175
181 177
181 179
181 180
182 1
182 2
182 3
182 4
182 7
182 9
182 11
182 13
182 14
182 15
182 19
182 22
182 24
182 28
182 30
182 31
182 32
182 33
182 37
182 39
182 41
182 42
182 44
182 45
182 48
182 51
182 54
182 55
182 59
182 60
182 63
182 69
182 73
182 74
182 76
182 77
182 78
182 80
182 84
182 87
182 92
182 93
182 94
182 95
182 96
182 98
182 99
182 100
182 102
182 103
182 106
182 108
182 109
182 113
182 115
182 116
182 127
182 130
182 131
182 132
182 133
182 138
182 139
182 140
182 141
182 142
182 143
182 145
182 146
182 154
182 157
182 158
182 161
182 163
182 165
182 166
182 168
182 171
182 172
182 173
182 176
182 177
182 179
183 1
183 4
183 5
183 6
183 7
183 9
183 10
183 11
183 14
183 18
183 19
183 20
183 21
183 23
183 31
183 32
183 33
183 34
183 35
183 36
183 37
183 41
183 42
183 43
183 45
183 46
183 47
183 51
183 53
183 55
183 56
183 59
183 62
183 63
183 64
183 65
183 66
183 67
183 70
183 71
183 73
183 75
183 78
183 79
183 80
183 81
183 82
183 85
183 89
183 93
183 94
183 99
183 101
183 102
183 103
183 104
183 106
183 107
183 109
183 112
183 113
183 114
183 115
183 117
183 120
183 121
183 122
183 123
183 125
183 126
183 128
183 130
183 134
183 136
183 139
183 140
183 141
183 142
183 143
183 145
183 146
183 147
183 151
183 152
183 154
183 157
183 158
183 159
183 160
183 161
183 162
183 164
183 166
183 167
183 168
183 171
183 173
183 175
183 177
183 181
183 182
184 2
184 4
184 5
184 6
184 8
184 9
184 10
184 13
184 15
184 16
184 19
184 21
184 23
184 33
184 34
184 35
184 36
184 37
184 38
184 41
184 45
184 47
184 48
184 49
184 51
184 52
184 55
184 56
184 59
184 60
184 62
184 65
184 66
184 69
184 70
184 72
184 73
184 75
184 76
184 77
184 78
184 79
184 80
184 81
184 86
184 87
184 88
184 90
184 96
184 98
184 99
184 105
184 106
184 107
184 109
184 111
184 114
184 115
184 119
184 120
184 122
184 124
184 125
184 127
184 131
184 134
184 137
184 142
184 143
184 144
184 145
184 147
184 153
184 157
184 158
184 162
184 163
184 164
184 168
184 174
184 177
184 178
184 179
184 182
185 1
185 3
185 5
185 7
185 8
185 9
185 10
185 11
185 12
185 13
185 15
185 16
185 17
185 18
185 19
185 22
185 23
185 24
185 25
185 26
185 30
185 33
185 34
185 35
185 37
185 38
185 41
185 42
185 43
185 44
185 45
185 46
185 48
185 49
185 51
185 54
185 55
185 56
185 57
185 58
185 60
185 61
185 63
185 67
185 68
185 69
185 72
185 75
185 77
185 78
185 79
185 81
185 82
185 83
185 85
185 88
185 89
185 91
185 92
185 95
185 100
185 101
185 102
185 104
185 105
185 108
185 110
185 111
185 113
185 114
185 116
185 118
185 119
185 121
185 123
185 126
185 127
185 128
185 131
185 133
185 134
185 135
185 136
185 138
185 142
185 143
185 144
185 145
185 148
185 151
185 154
185 155
185 156
185 157
185 158
185 163
185 166
185 169
185 170
185 171
185 172
185 173
185 174
185 175
185 176
185 177
185 178
185 179
185 180
185 184
186 1
186 2
186 3
186 4
186 7
186 11
186 13
186 15
186 17
186 18
186 21
186 22
186 23
186 26
186 29
186 31
186 32
186 34
186 36
186 37
186 39
186 40
186 41
186 43
186 46
186 48
186 49
186 50
186 51
186 52
186 55
186 61
186 63
186 64
186 65
186 66
186 67
186 68
186 69
186 70
186 71
186 72
186 74
186 78
186 79
186 80
186 83
186 86
186 91
186 92
186 95
186 98
186 100
186 106
186 108
186 109
186 110
186 112
186 113
186 114
186 115
186 116
186 117
186 118
186 119
186 121
186 122
186 125
186 128
186 129
186 130
186 131
186 132
186 134
186 136
186 141
186 143
186 146
186 148
186 149
186 150
186 151
186 154
186 155
186 156
186 158
186 159
186 161
186 163
186 165
186 166
186 168
186 169
186 170
186 172
186 173
186 176
186 178
186 181
186 184
186 185
187 7
187 11
187 13
187 14
187 15
187 16
187 17
187 18
187 23
187 24
187 25
187 31
187 33
187 36
187 38
187 40
187 41
187 44
187 48
187 50
187 51
187 55
187 60
187 65
187 66
187 67
187 68
187 69
187 72
187 76
187 81
187 83
187 84
187 87
187 91
187 92
187 94
187 96
187 97
187 99
187 100
187 104
187 106
187 107
187 108
187 109
187 111
187 112
187 113
187 116
187 117
187 118
187 119
187 120
187 122
187 125
187 127
187 128
187 129
187 131
187 132
187 133
187 134
187 135
187 136
187 138
187 140
187 142
187 147
187 153
187 157
187 158
187 160
187 161
187 163
187 164
187 165
187 166
187 171
187 175
187 176
187 177
187 179
187 183
187 184
188 2
188 3
188 8
188 9
188 12
188 13
188 14
188 16
188 19
188 22
188 25
188 28
188 33
188 34
188 41
188 42
188 43
188 44
188 45
188 46
188 47
188 49
188 50
188 53
188 56
188 57
188 59
188 62
188 64
188 68
188 69
188 72
188 73
188 74
188 81
188 83
188 85
188 86
188 88
188 89
188 90
188 91
188 92
188 99
188 100
188 101
188 102
188 108
188 109
188 112
188 113
188 114
188 117
188 120
188 121
188 126
188 135
188 136
188 137
188 138
188 141
188 144
188 147
188 149
188 151
188 152
188 163
188 164
188 165
188 167
188 168
188 171
188 173
188 176
188 177
188 178
188 179
188 180
188 181
188 184
188 187
189 2
189 4
189 6
189 7
189 10
189 11
189 14
189 15
189 16
189 17
189 18
189 19
189 20
189 22
189 23
189 25
189 26
189 27
189 28
189 30
189 32
189 33
189 34
189 36
189 37
189 38
189 39
189 40
189 43
189 44
189 46
189 48
189 50
189 51
189 52
189 55
189 57
189 58
189 59
189 60
189 62
189 64
189 66
189 67
189 68
189 69
189 71
189 73
189 76
189 77
189 78
189 79
189 81
189 82
189 86
189 88
189 89
189 92
189 93
189 94
189 102
189 103
189 104
189 105
189 107
189 108
189 111
189 112
189 114
189 118
189 119
189 122
189 124
189 126
189 127
189 128
189 130
189 134
189 135
189 136
189 137
189 139
189 144
189 148
189 149
189 154
189 155
189 156
189 161
189 162
189 165
189 166
189 171
189 172
189 174
189 175
189 177
189 178
189 180
189 182
189 183
189 185
189 186
190 1
190 2
190 3
190 6
190 8
190 10
190 12
190 15
190 20
190 22
190 25
190 26
190 28
190 32
190 33
190 35
190 36
190 37
190 40
190 43
190 47
190 48
190 49
190 50
190 51
190 54
190 55
190 56
190 60
190 62
190 63
190 66
190 68
190 70
190 72
190 73
190 74
190 75
190 76
190 79
190 81
190 83
190 85
190 86
190 88
190 93
190 96
190 100
190 103
190 108
190 109
190 111
190 112
190 115
190 117
190 118
190 121
190 123
190 124
190 125
190 127
190 128
190 133
190 135
190 136
190 137
190 139
190 140
190 142
190 144
190 147
190 151
190 154
190 155
190 157
190 160
190 165
190 169
190 171
190 172
190 175
190 177
190 178
190 181
190 183
190 188
191 1
191 5
191 8
191 11
191 12
191 14
191 15
191 16
191 17
191 23
191 24
191 26
191 27
191 28
191 31
191 34
191 36
191 37
191 45
191 48
191 53
191 54
191 56
191 57
191 58
191 59
191 60
191 62
191 64
191 65
191 66
191 69
191 70
191 75
191 76
191 79
191 82
191 83
191 85
191 88
191 89
191 90
191 91
191 92
191 93
191 94
191 95
191 96
191 101
191 104
191 105
191 106
191 108
191 110
191 112
191 113
191 114
191 116
191 118
191 119
191 120
191 121
191 122
191 123
191 124
191 126
191 129
191 130
191 132
191 134
191 136
191 137
191 139
191 141
191 145
191 146
191 149
191 150
191 152
191 155
191 156
191 157
191 158
191 160
191 164
191 167
191 173
191 174
191 175
191 176
191 180
191 182
191 184
191 188
191 189
192 1
192 2
192 4
192 5
192 6
192 7
192 8
192 9
192 10
192 12
192 15
192 16
192 17
192 20
192 24
192 25
192 27
192 28
192 30
192 32
192 33
192 35
192 37
192 40
192 44
192 47
192 48
192 53
192 58
192 62
192 66
192 67
192 70
192 72
192 73
192 74
192 76
192 77
192 78
192 80
192 82
192 84
192 87
192 88
192 89
192 90
192 92
192 93
192 94
192 97
192 101
192 104
192 109
192 110
192 112
192 113
192 116
192 118
192 119
192 122
192 123
192 125
192 127
192 129
192 131
192 133
192 134
192 135
192 136
192 138
192 140
192 141
192 142
192 144
192 145
192 151
192 154
192 156
192 163
192 164
192 165
192 167
192 168
192 171
192 172
192 178
192 181
192 182
192 183
192 185
192 186
192 187
192 189
192 190
193 1
193 2
193 6
193 10
193 12
193 13
193 15
193 23
193 26
193 27
193 28
193 30
193 31
193 36
193 37
193 39
193 40
193 42
193 43
193 45
193 56
193 61
193 62
193 67
193 68
193 69
193 70
193 71
193 72
193 74
193 77
193 78
193 79
193 81
193 82
193 84
193 85
193 86
193 95
193 96
193 103
193 105
193 108
193 111
193 113
193 115
193 117
193 118
193 122
193 123
193 125
193 127
193 130
193 131
193 132
193 133
193 134
193 135
193 136
193 138
193 139
193 142
193 144
193 145
193 146
193 147
193 149
193 150
193 153
193 154
193 158
193 159
193 160
193 165
193 166
193 169
193 170
193 175
193 177
193 178
193 183
193 186
193 188
193 189
193 190
193 192
194 1
194 2
194 3
194 5
194 8
194 10
194 11
194 12
194 13
194 15
194 16
194 17
194 19
194 21
194 23
194 24
194 27
194 30
194 34
194 35
194 37
194 40
194 42
194 44
194 48
194 50
194 52
194 53
194 54
194 55
194 59
194 60
194 62
194 68
194 69
194 71
194 73
194 74
194 77
194 78
194 79
194 81
194 83
194 86
194 88
194 89
194 100
194 101
194 115
194 118
194 122
194 123
194 128
194 130
194 132
194 133
194 134
194 135
194 137
194 138
194 139
194 140
194 141
194 142
194 143
194 145
194 146
194 148
194 149
194 150
194 153
194 154
194 155
194 157
194 159
194 160
194 161
194 163
194 167
194 168
194 169
194 171
194 172
194 173
194 176
194 177
194 179
194 180
194 181
194 182
194 185
194 186
194 188
194 190
194 192
195 1
195 3
195 4
195 5
195 6
195 9
195 11
195 12
195 13
195 15
195 19
195 20
195 21
195 22
195 27
195 28
195 31
195 32
195 33
195 39
195 41
195 43
195 45
195 46
195 47
195 48
195 51
195 52
195 53
195 54
195 55
195 57
195 58
195 62
195 64
195 65
195 66
195 68
195 72
195 73
195 74
195 75
195 78
195 81
195 83
195 85
195 88
195 94
195 96
195 97
195 98
195 100
195 103
195 104
195 105
195 106
195 107
195 108
195 109
195 110
195 111
195 114
195 115
195 116
195 117
195 120
195 121
195 124
195 125
195 126
195 129
195 131
195 135
195 136
195 137
195 138
195 139
195 142
195 143
195 144
195 147
195 148
195 151
195 153
195 161
195 162
195 168
195 169
195 170
195 171
195 172
195 175
195 178
195 179
195 180
195 184
195 185
195 189
195 191
196 1
196 6
196 7
196 8
196 9
196 10
196 12
196 14
196 16
196 19
196 22
196 23
196 24
196 28
196 31
196 37
196 40
196 41
196 45
196 46
196 50
196 52
196 56
196 58
196 61
196 62
196 64
196 66
196 67
196 69
196 72
196 73
196 74
196 75
196 76
196 79
196 84
196 85
196 89
196 93
196 94
196 95
196 96
196 97
196 98
196 101
196 102
196 103
196 104
196 106
196 107
196 109
196 111
196 112
196 113
196 114
196 119
196 120
196 124
196 126
196 127
196 129
196 130
196 133
196 134
196 136
196 139
196 141
196 142
196 145
196 149
196 152
196 153
196 158
196 161
196 163
196 165
196 167
196 170
196 174
196 175
196 176
196 178
196 180
196 182
196 183
196 185
196 186
196 187
196 188
196 191
196 192
196 194
197 1
197 2
197 6
197 14
197 15
197 18
197 19
197 22
197 24
197 25
197 28
197 29
197 32
197 33
197 36
197 37
197 38
197 39
197 40
197 41
197 42
197 46
197 48
197 49
197 50
197 54
197 56
197 57
197 58
197 61
197 63
197 64
197 65
197 66
197 68
197 71
197 72
197 73
197 75
197 76
197 77
197 79
197 81
197 84
197 85
197 87
197 88
197 92
197 94
197 95
197 96
197 97
197 101
197 102
197 109
197 112
197 113
197 114
197 117
197 119
197 120
197 122
197 123
197 125
197 127
197 128
197 129
197 130
197 131
197 132
197 133
197 134
197 135
197 137
197 138
197 142
197 144
197 145
197 148
197 150
197 151
197 152
197 153
197 154
197 159
197 161
197 162
197 163
197 164
197 165
197 172
197 174
197 180
197 185
197 190
197 191
197 192
197 194
197 195
198 2
198 4
198 5
198 6
198 9
198 10
198 13
198 14
198 16
198 19
198 20
198 21
198 22
198 23
198 24
198 25
198 27
198 28
198 30
198 31
198 33
198 34
198 37
198 38
198 40
198 41
198 43
198 47
198 55
198 56
198 57
198 58
198 62
198 64
198 65
198 66
198 67
198 69
198 70
198 71
198 72
198 77
198 80
198 84
198 87
198 92
198 97
198 98
198 99
198 101
198 102
198 108
198 109
198 110
198 111
198 113
198 116
198 119
198 121
198 122
198 123
198 124
198 126
198 128
198 130
198 132
198 134
198 137
198 139
198 140
198 141
198 142
198 143
198 145
198 146
198 147
198 150
198 151
198 152
198 154
198 156
198 157
198 158
198 160
198 162
198 163
198 166
198 167
198 168
198 172
198 173
198 174
198 175
198 178
198 180
198 188
198 196
198 197
199 3
199 8
199 9
199 10
199 11
199 13
199 14
199 15
199 17
199 19
199 20
199 21
199 22
199 23
199 24
199 25
199 26
199 30
199 37
199 39
199 42
199 45
199 46
199 47
199 48
199 50
199 51
199 52
199 54
199 58
199 60
199 62
199 63
199 64
199 66
199 68
199 69
199 71
199 72
199 74
199 75
199 76
199 79
199 80
199 82
199 84
199 91
199 92
199 97
199 99
199 100
199 102
199 103
199 104
199 106
199 107
199 108
199 109
199 110
199 111
199 113
199 114
199 116
199 117
199 118
199 119
199 120
199 122
199 123
199 124
199 127
199 128
199 129
199 132
199 133
199 137
199 138
199 142
199 144
199 145
199 146
199 147
199 148
199 152
199 153
199 155
199 156
199 157
199 158
199 159
199 162
199 164
199 165
199 166
199 168
199 175
199 177
199 180
199 184
199 185
199 187
199 192
199 194
199 195
199 198
200 1
200 4
200 9
200 14
200 16
200 18
200 19
200 21
200 23
200 25
200 26
200 27
200 28
200 30
200 31
200 32
200 33
200 39
200 41
200 42
200 44
200 46
200 49
200 50
200 51
200 52
200 53
200 54
200 56
200 59
200 60
200 61
200 62
200 63
200 65
200 66
200 69
200 70
200 71
200 74
200 78
200 80
200 84
200 86
200 88
200 89
200 90
200 91
200 93
200 94
200 96
200 97
200 98
200 99
200 101
200 105
200 106
200 107
200 108
200 109
200 111
200 118
200 119
200 123
200 124
200 125
200 126
200 128
200 132
200 138
200 140
200 141
200 143
200 144
200 145
200 146
200 148
200 149
200 151
200 152
200 156
200 157
200 159
200 160
200 162
200 165
200 167
200 168
200 173
200 174
200 175
200 177
200 178
200 180
200 181
200 184
200 185
200 188
200 189
200 191
200 194
200 196
200 198
200 199
