220
11905
1 3
1 5
1 15
1 22
1 26
1 29
1 30
1 34
1 35
1 38
1 44
1 51
1 58
1 62
1 76
1 85
1 89
1 91
1 94
1 99
1 102
1 104
1 105
1 106
1 107
1 114
1 115
1 121
1 125
1 126
1 128
1 130
1 133
1 149
1 153
1 154
1 155
1 156
1 157
1 159
1 165
1 168
1 173
1 179
1 192
1 193
1 195
1 197
1 198
1 200
1 211
1 213
1 215
1 216
1 217
2 3
2 7
2 9
2 13
2 14
2 21
2 27
2 34
2 35
2 42
2 43
2 58
2 63
2 75
2 80
2 87
2 89
2 92
2 101
2 103
2 117
2 120
2 121
2 125
2 127
2 132
2 138
2 140
2 141
2 145
2 149
2 151
2 152
2 158
2 164
2 200
2 205
2 206
2 208
2 211
2 218
3 1
3 6
3 8
3 13
3 17
3 20
3 21
3 23
3 24
3 34
3 40
3 42
3 47
3 49
3 58
3 59
3 61
3 63
3 71
3 76
3 81
3 85
3 88
3 90
3 91
3 92
3 94
3 105
3 106
3 109
3 119
3 126
3 130
3 131
3 133
3 139
3 141
3 156
3 167
3 180
3 183
3 186
3 190
3 199
3 204
3 209
3 211
3 216
3 217
4 9
4 13
4 18
4 26
4 28
4 39
4 46
4 53
4 55
4 61
4 62
4 64
4 71
4 81
4 82
4 84
4 85
4 90
4 95
4 97
4 98
4 106
4 108
4 109
4 113
4 114
4 122
4 123
4 127
4 131
4 132
4 138
4 140
4 145
4 147
4 148
4 153
4 154
4 158
4 159
4 162
4 163
4 174
4 175
4 176
4 177
4 181
4 195
4 199
4 200
4 205
4 207
4 209
4 212
4 218
5 17
5 20
5 25
5 39
5 44
5 45
5 46
5 52
5 54
5 62
5 64
5 66
5 67
5 75
5 83
5 87
5 90
5 94
5 100
5 102
5 103
5 105
5 109
5 110
5 117
5 119
5 130
5 137
5 141
5 143
5 145
5 149
5 156
5 165
5 172
5 183
5 187
5 189
5 191
5 195
5 201
5 213
6 5
6 7
6 11
6 12
6 16
6 21
6 22
6 23
6 24
6 30
6 44
6 54
6 56
6 58
6 59
6 61
6 64
6 80
6 81
6 82
6 85
6 92
6 94
6 100
6 102
6 108
6 110
6 117
6 118
6 120
6 122
6 133
6 135
6 139
6 141
6 143
6 146
6 147
6 152
6 153
6 155
6 162
6 170
6 171
6 174
6 180
6 185
6 199
6 206
6 213
6 214
6 216
6 217
6 218
7 10
7 13
7 15
7 18
7 19
7 26
7 29
7 33
7 39
7 49
7 53
7 61
7 63
7 68
7 80
7 85
7 86
7 87
7 93
7 95
7 97
7 100
7 101
7 103
7 110
7 111
7 112
7 113
7 117
7 122
7 124
7 125
7 127
7 132
7 146
7 152
7 154
7 165
7 166
7 172
7 173
7 174
7 182
7 184
7 191
7 194
7 195
7 197
7 209
7 211
7 216
7 218
8 11
8 12
8 22
8 26
8 37
8 46
8 51
8 56
8 57
8 63
8 68
8 69
8 76
8 78
8 85
8 90
8 91
8 93
8 95
8 99
8 105
8 107
8 114
8 115
8 121
8 129
8 134
8 136
8 138
8 139
8 140
8 141
8 142
8 147
8 153
8 157
8 169
8 179
8 190
8 196
8 197
8 201
8 202
8 205
8 206
8 216
9 1
9 3
9 4
9 6
9 8
9 11
9 15
9 19
9 21
9 26
9 27
9 35
9 40
9 42
9 43
9 53
9 66
9 67
9 71
9 72
9 75
9 81
9 91
9 93
9 98
9 111
9 117
9 119
9 120
9 124
9 126
9 130
9 131
9 133
9 136
9 148
9 150
9 152
9 155
9 157
9 159
9 160
9 164
9 167
9 178
9 181
9 189
9 190
9 192
9 202
9 203
9 206
9 207
9 215
9 219
10 1
10 4
10 6
10 15
10 19
10 21
10 22
10 26
10 28
10 32
10 34
10 38
10 46
10 47
10 53
10 55
10 59
10 60
10 61
10 62
10 64
10 71
10 73
10 76
10 80
10 91
10 96
10 98
10 106
10 108
10 109
10 112
10 115
10 121
10 126
10 129
10 142
10 146
10 153
10 174
10 178
10 180
10 181
10 186
10 187
10 188
10 189
10 190
10 191
10 196
10 202
10 205
10 212
10 215
10 216
10 218
10 220
11 1
11 2
11 3
11 7
11 10
11 17
11 20
11 22
11 27
11 30
11 38
11 40
11 48
11 52
11 56
11 63
11 64
11 82
11 85
11 88
11 98
11 100
11 105
11 121
11 126
11 128
11 133
11 139
11 140
11 143
11 146
11 149
11 150
11 158
11 165
11 166
11 175
11 179
11 185
11 188
11 189
11 192
11 193
11 201
11 202
11 208
11 214
11 217
11 220
12 3
12 16
12 23
12 29
12 32
12 38
12 41
12 52
12 53
12 59
12 61
12 69
12 73
12 75
12 77
12 78
12 79
12 82
12 84
12 86
12 88
12 89
12 93
12 94
12 102
12 104
12 105
12 107
12 108
12 110
12 113
12 117
12 119
12 121
12 124
12 126
12 132
12 134
12 136
12 137
12 139
12 148
12 153
12 156
12 161
12 163
12 164
12 169
12 182
12 184
12 187
12 191
12 192
12 194
12 201
12 203
12 205
12 210
12 212
12 215
12 220
13 14
13 20
13 28
13 31
13 38
13 40
13 42
13 48
13 53
13 61
13 62
13 68
13 69
13 70
13 71
13 73
13 75
13 79
13 84
13 86
13 88
13 90
13 91
13 94
13 97
13 98
13 99
13 100
13 101
13 104
13 105
13 111
13 117
13 127
13 128
13 134
13 140
13 142
13 149
13 153
13 160
13 162
13 164
13 165
13 169
13 174
13 175
13 176
13 180
13 183
13 193
13 197
13 203
13 207
13 215
13 219
14 1
14 6
14 8
14 11
14 16
14 18
14 22
14 25
14 33
14 37
14 45
14 57
14 58
14 61
14 68
14 71
14 75
14 76
14 77
14 78
14 82
14 83
14 87
14 94
14 107
14 109
14 125
14 127
14 129
14 130
14 133
14 134
14 136
14 146
14 149
14 152
14 154
14 155
14 160
14 163
14 182
14 184
14 185
14 187
14 191
14 195
14 199
14 200
14 205
14 208
14 210
14 215
14 219
14 220
15 2
15 6
15 8
15 11
15 19
15 22
15 23
15 31
15 32
15 33
15 34
15 35
15 42
15 48
15 62
15 64
15 69
15 71
15 76
15 90
15 94
15 96
15 104
15 106
15 107
15 108
15 110
15 113
15 115
15 119
15 122
15 123
15 130
15 132
15 135
15 141
15 144
15 150
15 162
15 167
15 169
15 176
15 178
15 179
15 184
15 186
15 189
15 192
15 198
15 208
15 210
15 213
15 217
15 219
16 11
16 18
16 23
16 27
16 32
16 33
16 35
16 40
16 42
16 47
16 50
16 53
16 54
16 57
16 58
16 60
16 61
16 62
16 69
16 73
16 76
16 81
16 87
16 101
16 102
16 103
16 105
16 108
16 109
16 112
16 114
16 116
16 117
16 119
16 126
16 129
16 130
16 132
16 138
16 139
16 146
16 148
16 149
16 154
16 159
16 163
16 168
16 169
16 172
16 174
16 179
16 183
16 192
16 202
16 209
16 213
16 214
16 217
17 12
17 14
17 15
17 18
17 23
17 25
17 27
17 28
17 31
17 35
17 38
17 47
17 49
17 53
17 68
17 75
17 77
17 80
17 81
17 84
17 86
17 99
17 108
17 113
17 114
17 117
17 118
17 119
17 124
17 126
17 127
17 136
17 138
17 140
17 141
17 143
17 151
17 152
17 156
17 158
17 159
17 166
17 167
17 172
17 176
17 181
17 195
17 199
17 202
17 207
17 208
17 209
17 214
17 215
17 216
18 10
18 12
18 22
18 24
18 33
18 41
18 42
18 48
18 51
18 54
18 55
18 66
18 69
18 85
18 88
18 91
18 94
18 106
18 107
18 108
18 113
18 114
18 115
18 120
18 123
18 132
18 138
18 140
18 141
18 150
18 153
18 161
18 166
18 170
18 173
18 182
18 187
18 195
18 197
18 200
18 202
18 205
18 217
18 218
19 1
19 2
19 4
19 7
19 15
19 18
19 20
19 25
19 26
19 31
19 33
19 37
19 39
19 54
19 58
19 62
19 68
19 80
19 82
19 84
19 85
19 89
19 90
19 93
19 95
19 97
19 103
19 106
19 112
19 113
19 123
19 125
19 128
19 129
19 131
19 134
19 137
19 141
19 144
19 145
19 146
19 150
19 154
19 158
19 164
19 167
19 170
19 180
19 182
19 185
19 191
19 195
19 197
19 198
19 199
19 203
19 206
19 207
20 4
20 5
20 7
20 12
20 13
20 16
20 22
20 23
20 24
20 32
20 34
20 49
20 52
20 56
20 57
20 58
20 65
20 73
20 76
20 81
20 84
20 93
20 95
20 97
20 99
20 100
20 103
20 104
20 106
20 110
20 113
20 114
20 115
20 125
20 127
20 136
20 139
20 140
20 141
20 147
20 152
20 157
20 161
20 165
20 173
20 176
20 179
20 182
20 186
20 187
20 188
20 190
20 192
20 195
20 202
20 204
20 208
21 1
21 4
21 9
21 13
21 16
21 17
21 18
21 19
21 28
21 29
21 31
21 35
21 40
21 44
21 46
21 56
21 59
21 66
21 72
21 73
21 78
21 79
21 81
21 84
21 85
21 96
21 99
21 100
21 102
21 103
21 113
21 115
21 121
21 143
21 144
21 150
21 154
21 163
21 166
21 168
21 169
21 170
21 175
21 182
21 186
21 189
21 190
21 193
21 203
21 209
21 213
21 220
22 1
22 2
22 16
22 23
22 25
22 30
22 38
22 39
22 52
22 54
22 57
22 65
22 68
22 69
22 75
22 77
22 78
22 89
22 94
22 104
22 112
22 113
22 121
22 131
22 132
22 134
22 142
22 143
22 149
22 159
22 162
22 170
22 173
22 174
22 180
22 182
22 186
22 188
22 193
22 208
22 209
22 210
22 215
22 217
23 1
23 2
23 4
23 9
23 14
23 19
23 25
23 29
23 46
23 47
23 53
23 58
23 65
23 71
23 72
23 75
23 78
23 85
23 89
23 92
23 108
23 114
23 115
23 118
23 122
23 125
23 129
23 130
23 135
23 137
23 142
23 145
23 146
23 150
23 155
23 156
23 158
23 169
23 172
23 176
23 177
23 182
23 183
23 184
23 191
23 192
23 194
23 195
23 196
23 197
23 198
23 199
23 201
23 211
23 214
23 216
23 218
24 9
24 19
24 23
24 28
24 32
24 41
24 42
24 44
24 45
24 46
24 50
24 65
24 66
24 71
24 76
24 80
24 82
24 83
24 84
24 87
24 91
24 95
24 98
24 100
24 103
24 104
24 106
24 107
24 111
24 112
24 113
24 114
24 115
24 118
24 119
24 126
24 127
24 134
24 135
24 137
24 144
24 145
24 147
24 151
24 152
24 154
24 167
24 168
24 171
24 172
24 181
24 183
24 185
24 190
24 194
24 198
24 202
24 211
24 212
24 220
25 8
25 9
25 16
25 19
25 22
25 27
25 39
25 44
25 49
25 51
25 52
25 55
25 57
25 60
25 68
25 71
25 76
25 80
25 82
25 84
25 86
25 100
25 111
25 115
25 117
25 120
25 127
25 132
25 133
25 135
25 138
25 143
25 144
25 145
25 148
25 150
25 152
25 156
25 158
25 159
25 165
25 169
25 172
25 175
25 185
25 189
25 195
25 208
25 210
26 11
26 21
26 22
26 23
26 27
26 33
26 37
26 40
26 48
26 50
26 63
26 64
26 65
26 71
26 73
26 81
26 84
26 86
26 87
26 89
26 90
26 92
26 93
26 111
26 113
26 119
26 123
26 127
26 131
26 133
26 134
26 135
26 147
26 149
26 150
26 156
26 158
26 162
26 173
26 176
26 177
26 180
26 182
26 183
26 186
26 198
26 203
26 205
26 207
26 210
26 214
26 215
26 220
27 1
27 2
27 10
27 16
27 23
27 24
27 37
27 43
27 45
27 46
27 51
27 53
27 58
27 73
27 74
27 83
27 84
27 89
27 90
27 91
27 97
27 107
27 110
27 113
27 118
27 122
27 123
27 124
27 129
27 133
27 135
27 138
27 142
27 143
27 145
27 146
27 151
27 153
27 154
27 169
27 176
27 178
27 179
27 190
27 191
27 192
27 193
27 196
27 199
27 203
27 205
27 207
27 213
27 216
27 217
27 220
28 2
28 6
28 11
28 12
28 16
28 18
28 27
28 29
28 34
28 43
28 44
28 47
28 52
28 58
28 59
28 78
28 107
28 114
28 115
28 117
28 120
28 122
28 128
28 129
28 131
28 132
28 138
28 139
28 140
28 145
28 149
28 154
28 158
28 163
28 166
28 168
28 177
28 178
28 183
28 185
28 186
28 198
28 205
28 206
28 213
28 214
28 219
29 2
29 4
29 5
29 8
29 10
29 30
29 34
29 39
29 45
29 46
29 47
29 48
29 54
29 58
29 68
29 70
29 74
29 79
29 82
29 83
29 84
29 87
29 88
29 89
29 90
29 95
29 96
29 103
29 114
29 116
29 118
29 131
29 149
29 151
29 153
29 154
29 164
29 167
29 177
29 188
29 197
29 199
29 202
29 205
29 206
29 207
29 209
29 210
29 219
30 17
30 23
30 24
30 29
30 31
30 32
30 38
30 44
30 47
30 53
30 59
30 60
30 66
30 73
30 78
30 79
30 85
30 87
30 88
30 93
30 96
30 104
30 109
30 117
30 119
30 126
30 129
30 143
30 147
30 148
30 159
30 162
30 174
30 176
30 182
30 200
30 201
30 205
30 209
30 210
30 218
30 220
31 5
31 9
31 12
31 14
31 18
31 21
31 27
31 34
31 38
31 42
31 44
31 45
31 49
31 52
31 58
31 61
31 62
31 63
31 65
31 71
31 72
31 78
31 80
31 94
31 96
31 98
31 99
31 104
31 106
31 107
31 110
31 112
31 114
31 120
31 122
31 128
31 129
31 130
31 131
31 133
31 136
31 139
31 140
31 141
31 144
31 145
31 150
31 158
31 161
31 162
31 163
31 167
31 169
31 171
31 174
31 178
31 179
31 191
31 196
31 201
31 207
31 210
31 212
31 213
31 215
31 217
31 218
32 11
32 12
32 18
32 22
32 23
32 26
32 29
32 35
32 53
32 54
32 62
32 69
32 76
32 79
32 82
32 91
32 95
32 102
32 109
32 118
32 123
32 130
32 134
32 142
32 146
32 147
32 149
32 151
32 158
32 167
32 175
32 184
32 187
32 197
32 200
32 205
32 209
32 210
32 211
32 214
32 215
32 216
33 3
33 11
33 12
33 13
33 16
33 20
33 21
33 27
33 28
33 31
33 32
33 37
33 39
33 47
33 51
33 56
33 58
33 59
33 61
33 63
33 65
33 74
33 75
33 77
33 80
33 85
33 87
33 94
33 96
33 100
33 108
33 111
33 118
33 119
33 127
33 130
33 134
33 141
33 150
33 153
33 154
33 163
33 166
33 169
33 171
33 175
33 188
33 189
33 192
33 194
33 202
33 208
33 210
33 211
34 1
34 10
34 19
34 23
34 24
34 25
34 27
34 30
34 33
34 35
34 42
34 49
34 54
34 55
34 62
34 64
34 69
34 74
34 84
34 85
34 86
34 99
34 103
34 104
34 118
34 120
34 123
34 129
34 137
34 140
34 144
34 150
34 152
34 153
34 154
34 157
34 162
34 174
34 178
34 199
34 203
34 205
34 209
34 216
35 2
35 9
35 16
35 18
35 20
35 22
35 24
35 29
35 40
35 41
35 46
35 50
35 56
35 70
35 71
35 76
35 77
35 78
35 82
35 83
35 86
35 90
35 94
35 96
35 99
35 101
35 102
35 103
35 121
35 144
35 145
35 147
35 148
35 153
35 154
35 155
35 156
35 160
35 163
35 169
35 171
35 173
35 175
35 176
35 181
35 184
35 187
35 189
35 190
35 210
36 3
36 4
36 9
36 12
36 15
36 19
36 23
36 29
36 31
36 37
36 38
36 39
36 41
36 44
36 45
36 47
36 48
36 49
36 52
36 57
36 58
36 59
36 66
36 68
36 78
36 81
36 83
36 94
36 97
36 100
36 108
36 122
36 124
36 133
36 134
36 136
36 145
36 152
36 154
36 155
36 156
36 163
36 170
36 172
36 181
36 184
36 191
36 194
36 198
36 206
36 213
36 214
36 216
37 1
37 8
37 9
37 12
37 14
37 24
37 35
37 48
37 52
37 60
37 61
37 70
37 81
37 83
37 84
37 86
37 88
37 92
37 94
37 95
37 97
37 100
37 102
37 108
37 109
37 118
37 120
37 124
37 136
37 139
37 152
37 159
37 163
37 171
37 175
37 183
37 190
37 192
37 193
37 204
37 205
37 207
37 208
37 211
37 216
37 217
37 218
38 2
38 4
38 6
38 11
38 20
38 22
38 25
38 26
38 29
38 31
38 32
38 37
38 39
38 47
38 57
38 58
38 59
38 60
38 61
38 63
38 64
38 68
38 71
38 72
38 77
38 79
38 94
38 97
38 100
38 101
38 103
38 107
38 118
38 121
38 123
38 127
38 133
38 135
38 138
38 139
38 142
38 143
38 144
38 145
38 148
38 155
38 159
38 161
38 165
38 168
38 172
38 174
38 176
38 179
38 186
38 188
38 189
38 197
38 199
38 200
38 201
38 202
38 203
38 204
38 205
38 209
38 216
38 217
39 2
39 4
39 12
39 17
39 18
39 21
39 24
39 25
39 26
39 31
39 33
39 36
39 44
39 47
39 52
39 54
39 57
39 58
39 61
39 64
39 65
39 67
39 76
39 78
39 79
39 86
39 88
39 90
39 92
39 94
39 95
39 96
39 104
39 107
39 108
39 113
39 116
39 120
39 121
39 124
39 127
39 129
39 133
39 134
39 136
39 140
39 142
39 145
39 152
39 161
39 162
39 164
39 173
39 177
39 178
39 184
39 190
39 191
39 193
39 200
39 201
39 209
39 214
39 218
39 220
40 8
40 10
40 19
40 20
40 23
40 33
40 36
40 38
40 48
40 52
40 59
40 63
40 64
40 71
40 72
40 80
40 90
40 96
40 102
40 103
40 105
40 106
40 107
40 117
40 127
40 129
40 137
40 139
40 142
40 146
40 148
40 153
40 158
40 161
40 162
40 163
40 168
40 169
40 170
40 171
40 176
40 197
40 202
40 204
40 207
40 209
40 212
40 213
40 218
40 219
41 3
41 6
41 7
41 9
41 15
41 16
41 23
41 28
41 30
41 33
41 34
41 35
41 37
41 43
41 46
41 48
41 58
41 61
41 64
41 66
41 68
41 72
41 77
41 80
41 85
41 93
41 96
41 98
41 99
41 107
41 108
41 111
41 115
41 118
41 119
41 120
41 122
41 123
41 138
41 147
41 150
41 156
41 158
41 162
41 165
41 169
41 170
41 172
41 174
41 182
41 185
41 187
41 193
41 199
41 203
41 204
41 206
41 211
41 213
41 216
41 218
41 220
42 3
42 4
42 10
42 22
42 25
42 27
42 29
42 30
42 38
42 39
42 40
42 41
42 50
42 55
42 62
42 64
42 70
42 73
42 85
42 90
42 92
42 93
42 99
42 109
42 110
42 111
42 121
42 123
42 125
42 135
42 137
42 138
42 142
42 143
42 148
42 151
42 153
42 154
42 160
42 163
42 164
42 168
42 169
42 171
42 177
42 178
42 183
42 191
42 192
42 202
42 205
42 206
42 212
43 2
43 11
43 16
43 18
43 24
43 33
43 34
43 40
43 42
43 46
43 47
43 58
43 63
43 69
43 76
43 77
43 83
43 84
43 87
43 91
43 99
43 100
43 101
43 107
43 109
43 111
43 113
43 115
43 120
43 122
43 124
43 129
43 135
43 136
43 138
43 139
43 140
43 141
43 143
43 156
43 157
43 161
43 169
43 174
43 176
43 177
43 182
43 191
43 200
43 201
43 204
43 218
43 219
44 1
44 2
44 4
44 10
44 15
44 17
44 24
44 25
44 39
44 42
44 56
44 58
44 63
44 65
44 70
44 98
44 102
44 110
44 117
44 122
44 124
44 145
44 150
44 152
44 154
44 155
44 157
44 159
44 160
44 162
44 164
44 165
44 172
44 173
44 174
44 181
44 182
44 186
44 188
44 196
44 199
44 205
44 212
44 213
44 219
45 8
45 9
45 32
45 35
45 37
45 40
45 41
45 42
45 50
45 54
45 62
45 64
45 74
45 86
45 94
45 96
45 100
45 109
45 116
45 124
45 129
45 134
45 144
45 146
45 152
45 154
45 157
45 158
45 159
45 160
45 170
45 175
45 184
45 187
45 191
45 192
45 194
45 198
45 199
45 203
45 205
45 207
45 213
45 214
45 217
46 2
46 5
46 7
46 10
46 17
46 22
46 23
46 39
46 40
46 41
46 45
46 51
46 58
46 60
46 68
46 69
46 74
46 76
46 81
46 84
46 85
46 91
46 94
46 95
46 101
46 109
46 110
46 125
46 130
46 131
46 134
46 143
46 150
46 154
46 156
46 159
46 160
46 165
46 166
46 168
46 174
46 176
46 177
46 187
46 190
46 193
46 195
46 197
46 201
46 204
46 205
46 207
46 211
46 217
46 218
46 220
47 1
47 5
47 15
47 18
47 19
47 28
47 29
47 30
47 32
47 35
47 40
47 46
47 55
47 57
47 59
47 63
47 66
47 68
47 70
47 71
47 74
47 76
47 80
47 81
47 82
47 83
47 89
47 90
47 92
47 94
47 96
47 108
47 112
47 113
47 120
47 125
47 140
47 141
47 147
47 148
47 151
47 156
47 163
47 165
47 166
47 169
47 174
47 177
47 179
47 184
47 185
47 192
47 198
47 208
47 213
48 1
48 7
48 8
48 9
48 14
48 21
48 23
48 24
48 26
48 32
48 35
48 36
48 40
48 41
48 44
48 52
48 54
48 68
48 73
48 76
48 81
48 83
48 84
48 90
48 93
48 96
48 103
48 105
48 108
48 120
48 124
48 131
48 145
48 146
48 154
48 155
48 163
48 166
48 170
48 173
48 177
48 193
48 197
48 203
48 211
48 214
48 219
49 3
49 13
49 15
49 17
49 18
49 21
49 22
49 23
49 29
49 32
49 34
49 39
49 41
49 47
49 54
49 60
49 62
49 68
49 74
49 75
49 77
49 78
49 84
49 85
49 87
49 93
49 94
49 100
49 101
49 102
49 103
49 106
49 108
49 117
49 119
49 121
49 135
49 142
49 144
49 145
49 168
49 172
49 175
49 179
49 181
49 182
49 183
49 184
49 189
49 192
49 194
49 202
49 203
49 210
49 214
49 215
49 216
50 4
50 14
50 15
50 20
50 22
50 26
50 27
50 30
50 31
50 36
50 37
50 44
50 48
50 49
50 54
50 55
50 57
50 59
50 60
50 70
50 77
50 85
50 87
50 91
50 93
50 96
50 97
50 98
50 106
50 107
50 112
50 123
50 125
50 130
50 133
50 144
50 145
50 150
50 154
50 157
50 160
50 162
50 178
50 188
50 195
50 207
50 208
50 217
50 218
50 219
50 220
51 6
51 17
51 31
51 32
51 43
51 44
51 45
51 47
51 50
51 61
51 65
51 69
51 75
51 77
51 78
51 79
51 80
51 82
51 89
51 91
51 94
51 99
51 103
51 108
51 114
51 121
51 124
51 125
51 127
51 130
51 131
51 132
51 133
51 134
51 135
51 138
51 143
51 145
51 146
51 152
51 153
51 156
51 161
51 162
51 172
51 174
51 175
51 177
51 179
51 182
51 184
51 188
51 189
51 194
51 204
51 205
51 209
51 214
51 215
51 216
51 220
52 4
52 8
52 12
52 17
52 22
52 23
52 26
52 27
52 33
52 36
52 41
52 45
52 47
52 48
52 60
52 65
52 67
52 74
52 78
52 83
52 86
52 88
52 92
52 108
52 110
52 125
52 127
52 130
52 133
52 134
52 135
52 137
52 139
52 140
52 145
52 146
52 147
52 150
52 157
52 160
52 163
52 165
52 168
52 169
52 176
52 177
52 183
52 185
52 204
52 206
52 209
52 210
52 218
53 7
53 8
53 15
53 18
53 20
53 21
53 24
53 25
53 28
53 39
53 41
53 42
53 45
53 46
53 52
53 54
53 76
53 81
53 91
53 101
53 102
53 108
53 109
53 112
53 115
53 116
53 126
53 127
53 134
53 135
53 137
53 138
53 141
53 147
53 153
53 156
53 160
53 162
53 165
53 170
53 174
53 178
53 184
53 191
53 192
53 193
53 195
53 198
53 200
53 204
53 207
53 211
53 214
53 219
54 1
54 3
54 7
54 13
54 17
54 18
54 21
54 23
54 25
54 28
54 29
54 33
54 34
54 37
54 44
54 46
54 49
54 53
54 57
54 65
54 73
54 78
54 80
54 82
54 88
54 90
54 91
54 92
54 96
54 97
54 100
54 104
54 106
54 107
54 111
54 113
54 121
54 128
54 131
54 134
54 142
54 143
54 144
54 145
54 146
54 152
54 157
54 160
54 161
54 164
54 167
54 168
54 170
54 171
54 178
54 180
54 184
54 185
54 188
54 193
54 203
54 205
54 214
55 1
55 2
55 4
55 5
55 9
55 10
55 11
55 20
55 21
55 23
55 24
55 25
55 27
55 33
55 35
55 39
55 45
55 50
55 51
55 57
55 59
55 62
55 63
55 67
55 68
55 69
55 70
55 72
55 73
55 81
55 83
55 86
55 87
55 89
55 98
55 99
55 103
55 109
55 114
55 123
55 128
55 133
55 134
55 136
55 137
55 138
55 147
55 154
55 155
55 159
55 166
55 167
55 168
55 171
55 172
55 180
55 189
55 191
55 196
55 202
55 204
55 212
55 217
55 219
56 3
56 7
56 11
56 13
56 17
56 23
56 30
56 33
56 39
56 43
56 45
56 50
56 52
56 55
56 93
56 95
56 97
56 106
56 117
56 120
56 122
56 129
56 136
56 143
56 147
56 149
56 152
56 155
56 156
56 158
56 160
56 167
56 168
56 169
56 170
56 173
56 176
56 178
56 183
56 185
56 191
56 195
56 199
56 200
56 202
56 209
56 214
56 217
56 218
56 219
56 220
57 2
57 4
57 9
57 12
57 15
57 19
57 29
57 30
57 33
57 34
57 35
57 52
57 55
57 60
57 61
57 64
57 68
57 69
57 71
57 76
57 78
57 79
57 83
57 86
57 90
57 93
57 94
57 106
57 107
57 110
57 111
57 112
57 121
57 122
57 123
57 127
57 131
57 133
57 135
57 140
57 143
57 145
57 146
57 148
57 149
57 151
57 159
57 160
57 162
57 166
57 168
57 170
57 175
57 176
57 179
57 182
57 186
57 192
57 200
57 201
57 204
57 205
57 207
57 209
57 214
57 215
57 216
57 219
58 4
58 8
58 12
58 13
58 14
58 15
58 24
58 31
58 38
58 43
58 45
58 48
58 49
58 55
58 62
58 65
58 72
58 73
58 75
58 78
58 80
58 82
58 83
58 84
58 90
58 91
58 94
58 96
58 97
58 99
58 112
58 120
58 129
58 136
58 138
58 140
58 142
58 150
58 152
58 162
58 163
58 166
58 168
58 170
58 172
58 176
58 178
58 180
58 185
58 187
58 192
58 196
58 202
58 203
58 212
58 217
58 220
59 2
59 3
59 4
59 5
59 17
59 20
59 30
59 33
59 42
59 43
59 45
59 47
59 48
59 49
59 50
59 56
59 60
59 69
59 71
59 76
59 79
59 83
59 85
59 87
59 90
59 102
59 105
59 106
59 112
59 114
59 126
59 137
59 150
59 156
59 159
59 169
59 180
59 181
59 184
59 187
59 190
59 199
59 202
59 206
59 207
59 214
59 217
60 2
60 4
60 6
60 9
60 14
60 15
60 16
60 18
60 19
60 20
60 24
60 28
60 30
60 33
60 37
60 38
60 43
60 50
60 58
60 69
60 70
60 72
60 73
60 74
60 75
60 78
60 80
60 83
60 85
60 86
60 87
60 92
60 93
60 96
60 98
60 99
60 101
60 102
60 104
60 109
60 110
60 113
60 117
60 120
60 130
60 131
60 135
60 136
60 142
60 147
60 151
60 157
60 162
60 165
60 166
60 173
60 177
60 180
60 187
60 188
60 189
60 195
60 197
60 203
60 208
60 217
60 219
60 220
61 1
61 10
61 11
61 12
61 20
61 21
61 23
61 25
61 26
61 28
61 29
61 33
61 38
61 41
61 42
61 46
61 49
61 52
61 59
61 64
61 66
61 68
61 70
61 76
61 81
61 85
61 93
61 96
61 100
61 102
61 106
61 111
61 112
61 117
61 121
61 123
61 124
61 127
61 130
61 132
61 135
61 139
61 140
61 141
61 146
61 149
61 152
61 153
61 154
61 155
61 171
61 173
61 175
61 180
61 181
61 188
61 190
61 194
61 195
61 196
61 201
61 204
61 211
61 212
61 217
61 219
62 6
62 11
62 14
62 15
62 24
62 25
62 30
62 32
62 35
62 37
62 39
62 43
62 45
62 46
62 53
62 55
62 57
62 58
62 59
62 61
62 63
62 64
62 65
62 66
62 68
62 71
62 74
62 76
62 81
62 89
62 90
62 94
62 96
62 100
62 102
62 103
62 111
62 113
62 116
62 117
62 119
62 124
62 134
62 135
62 137
62 138
62 139
62 141
62 152
62 154
62 162
62 164
62 167
62 168
62 174
62 177
62 182
62 186
62 201
62 202
62 204
62 218
62 219
62 220
63 5
63 6
63 9
63 10
63 12
63 15
63 17
63 26
63 27
63 31
63 32
63 33
63 36
63 40
63 42
63 56
63 57
63 58
63 59
63 65
63 66
63 67
63 70
63 82
63 87
63 92
63 94
63 96
63 99
63 104
63 113
63 114
63 116
63 120
63 127
63 129
63 132
63 137
63 138
63 143
63 146
63 154
63 156
63 162
63 164
63 170
63 171
63 174
63 181
63 183
63 186
63 188
63 192
63 195
63 203
63 206
63 207
63 208
63 210
63 213
63 218
64 1
64 4
64 15
64 16
64 21
64 22
64 34
64 35
64 41
64 44
64 54
64 57
64 69
64 71
64 81
64 86
64 87
64 101
64 105
64 107
64 110
64 115
64 116
64 118
64 120
64 122
64 124
64 125
64 127
64 132
64 133
64 138
64 143
64 148
64 150
64 151
64 152
64 169
64 179
64 185
64 188
64 192
64 196
64 197
64 201
64 202
64 204
64 208
64 209
64 220
65 5
65 7
65 9
65 12
65 14
65 17
65 18
65 19
65 38
65 39
65 40
65 52
65 58
65 75
65 76
65 79
65 88
65 93
65 101
65 105
65 106
65 109
65 113
65 114
65 120
65 121
65 125
65 127
65 131
65 137
65 142
65 146
65 153
65 158
65 160
65 161
65 165
65 166
65 169
65 170
65 172
65 178
65 179
65 180
65 183
65 184
65 188
65 207
65 213
65 219
66 3
66 8
66 16
66 18
66 25
66 32
66 34
66 46
66 51
66 56
66 59
66 61
66 63
66 65
66 67
66 75
66 77
66 78
66 81
66 82
66 84
66 85
66 86
66 87
66 89
66 97
66 98
66 102
66 108
66 114
66 118
66 133
66 134
66 142
66 143
66 145
66 148
66 150
66 153
66 158
66 161
66 165
66 167
66 184
66 187
66 188
66 191
66 201
66 204
66 206
66 214
66 215
66 218
66 219
67 4
67 5
67 6
67 13
67 18
67 32
67 35
67 39
67 40
67 45
67 57
67 64
67 68
67 69
67 74
67 75
67 76
67 77
67 78
67 93
67 96
67 97
67 99
67 103
67 109
67 110
67 118
67 119
67 121
67 122
67 136
67 142
67 147
67 150
67 152
67 153
67 156
67 157
67 159
67 160
67 169
67 172
67 178
67 181
67 188
67 189
67 191
67 192
67 195
67 196
67 199
67 201
67 207
67 210
67 211
67 213
67 218
68 3
68 12
68 16
68 30
68 35
68 38
68 45
68 47
68 48
68 50
68 53
68 54
68 56
68 57
68 61
68 64
68 71
68 76
68 88
68 95
68 96
68 104
68 107
68 108
68 110
68 114
68 117
68 120
68 127
68 131
68 132
68 138
68 139
68 144
68 156
68 164
68 165
68 171
68 172
68 175
68 181
68 184
68 186
68 189
68 190
68 203
68 212
68 214
68 216
69 3
69 10
69 17
69 18
69 19
69 20
69 23
69 25
69 32
69 33
69 40
69 50
69 52
69 59
69 63
69 65
69 68
69 76
69 80
69 83
69 85
69 89
69 93
69 95
69 106
69 113
69 120
69 130
69 138
69 155
69 157
69 158
69 159
69 163
69 168
69 169
69 170
69 175
69 176
69 184
69 187
69 188
69 196
69 197
69 200
69 203
69 205
69 206
69 207
69 208
69 215
70 3
70 6
70 17
70 18
70 19
70 22
70 24
70 31
70 35
70 43
70 46
70 48
70 49
70 52
70 56
70 58
70 59
70 62
70 64
70 73
70 96
70 98
70 101
70 102
70 114
70 119
70 120
70 121
70 124
70 127
70 135
70 137
70 145
70 149
70 151
70 153
70 156
70 157
70 159
70 171
70 173
70 178
70 185
70 191
70 197
70 199
70 204
70 206
70 208
70 209
70 212
70 214
70 215
70 217
70 218
71 1
71 7
71 13
71 24
71 29
71 30
71 39
71 41
71 43
71 44
71 45
71 54
71 55
71 57
71 62
71 67
71 69
71 80
71 83
71 84
71 93
71 94
71 95
71 99
71 103
71 109
71 110
71 112
71 113
71 115
71 116
71 127
71 128
71 137
71 140
71 141
71 143
71 146
71 153
71 159
71 166
71 168
71 170
71 173
71 174
71 175
71 181
71 189
71 191
71 195
71 198
71 202
71 205
71 207
71 208
71 210
71 215
72 5
72 8
72 9
72 17
72 18
72 38
72 39
72 42
72 44
72 46
72 58
72 60
72 65
72 67
72 71
72 78
72 79
72 83
72 85
72 87
72 95
72 98
72 99
72 100
72 101
72 102
72 106
72 110
72 118
72 122
72 128
72 151
72 156
72 158
72 159
72 168
72 169
72 179
72 181
72 186
72 192
72 199
72 201
72 203
72 204
72 206
72 209
72 211
72 216
72 220
73 2
73 13
73 14
73 19
73 21
73 39
73 42
73 50
73 56
73 58
73 60
73 68
73 76
73 86
73 87
73 89
73 95
73 97
73 100
73 105
73 115
73 120
73 125
73 126
73 138
73 140
73 159
73 164
73 167
73 173
73 180
73 184
73 192
73 197
73 199
73 203
73 205
73 210
73 211
73 214
73 217
73 219
73 220
74 1
74 3
74 9
74 13
74 14
74 24
74 27
74 29
74 34
74 36
74 39
74 44
74 47
74 51
74 53
74 62
74 64
74 68
74 71
74 87
74 89
74 102
74 107
74 111
74 114
74 117
74 118
74 123
74 124
74 126
74 127
74 133
74 135
74 137
74 141
74 146
74 147
74 152
74 155
74 159
74 161
74 165
74 176
74 177
74 179
74 187
74 188
74 190
74 191
74 192
74 193
74 206
74 211
75 2
75 5
75 6
75 8
75 12
75 18
75 21
75 27
75 30
75 32
75 44
75 46
75 59
75 65
75 72
75 74
75 81
75 82
75 85
75 87
75 91
75 95
75 97
75 100
75 102
75 103
75 104
75 106
75 108
75 109
75 115
75 116
75 120
75 127
75 134
75 136
75 149
75 150
75 154
75 155
75 161
75 165
75 169
75 171
75 174
75 180
75 185
75 191
75 193
75 195
75 207
75 209
75 212
75 218
75 220
76 8
76 11
76 14
76 17
76 18
76 21
76 26
76 37
76 39
76 45
76 46
76 51
76 58
76 59
76 65
76 70
76 71
76 75
76 78
76 84
76 94
76 97
76 101
76 106
76 111
76 130
76 134
76 138
76 141
76 144
76 146
76 148
76 153
76 162
76 165
76 169
76 176
76 177
76 180
76 181
76 183
76 190
76 194
76 197
76 200
76 203
76 204
76 208
76 209
76 214
76 215
76 219
76 220
77 7
77 10
77 20
77 24
77 25
77 26
77 32
77 53
77 54
77 55
77 57
77 59
77 64
77 72
77 78
77 80
77 83
77 84
77 89
77 91
77 92
77 98
77 100
77 101
77 105
77 108
77 119
77 121
77 124
77 134
77 140
77 141
77 142
77 152
77 154
77 157
77 164
77 165
77 166
77 168
77 169
77 170
77 171
77 172
77 179
77 180
77 184
77 185
77 190
77 196
77 197
77 207
77 209
77 210
77 215
77 217
78 2
78 4
78 7
78 10
78 11
78 14
78 17
78 18
78 29
78 35
78 37
78 44
78 47
78 49
78 52
78 53
78 57
78 59
78 74
78 75
78 80
78 82
78 84
78 85
78 86
78 87
78 88
78 100
78 109
78 111
78 112
78 114
78 116
78 140
78 142
78 143
78 149
78 152
78 155
78 157
78 162
78 166
78 171
78 177
78 185
78 187
78 189
78 190
78 198
78 199
78 208
78 210
78 218
79 2
79 11
79 13
79 17
79 21
79 24
79 25
79 27
79 29
79 40
79 45
79 56
79 57
79 59
79 75
79 83
79 91
79 93
79 95
79 99
79 102
79 111
79 119
79 120
79 127
79 129
79 139
79 145
79 147
79 151
79 152
79 158
79 165
79 166
79 168
79 169
79 173
79 180
79 198
79 211
79 212
79 218
80 2
80 8
80 10
80 13
80 14
80 15
80 27
80 28
80 33
80 39
80 45
80 51
80 54
80 67
80 69
80 72
80 75
80 79
80 81
80 85
80 90
80 91
80 92
80 93
80 99
80 102
80 103
80 105
80 107
80 114
80 116
80 118
80 121
80 126
80 132
80 134
80 156
80 162
80 165
80 172
80 176
80 177
80 181
80 182
80 189
80 190
80 195
80 198
80 203
80 206
80 211
80 212
80 214
80 217
81 9
81 10
81 12
81 19
81 30
81 32
81 38
81 39
81 40
81 43
81 44
81 47
81 55
81 56
81 59
81 60
81 62
81 65
81 83
81 84
81 86
81 92
81 110
81 114
81 119
81 121
81 125
81 136
81 138
81 153
81 154
81 157
81 159
81 162
81 163
81 164
81 165
81 167
81 169
81 171
81 172
81 175
81 176
81 177
81 180
81 186
81 190
81 195
81 198
81 202
81 209
81 213
81 214
81 215
82 1
82 2
82 8
82 9
82 10
82 14
82 16
82 18
82 28
82 30
82 32
82 34
82 35
82 39
82 42
82 60
82 61
82 62
82 63
82 73
82 77
82 78
82 79
82 81
82 85
82 90
82 106
82 110
82 116
82 117
82 121
82 122
82 128
82 129
82 130
82 147
82 152
82 156
82 160
82 161
82 165
82 170
82 173
82 175
82 177
82 183
82 185
82 189
82 192
82 197
82 203
82 208
82 217
83 11
83 14
83 27
83 35
83 41
83 45
83 48
83 51
83 54
83 57
83 60
83 63
83 64
83 65
83 77
83 78
83 84
83 88
83 98
83 102
83 113
83 114
83 117
83 119
83 120
83 122
83 123
83 132
83 137
83 148
83 149
83 151
83 152
83 153
83 154
83 156
83 172
83 181
83 182
83 185
83 189
83 190
83 193
83 194
83 201
83 204
83 213
83 215
83 216
83 219
84 4
84 5
84 7
84 12
84 14
84 26
84 28
84 35
84 41
84 43
84 47
84 50
84 56
84 61
84 64
84 66
84 68
84 70
84 74
84 76
84 77
84 85
84 91
84 96
84 100
84 118
84 120
84 121
84 133
84 137
84 140
84 142
84 143
84 144
84 145
84 151
84 153
84 155
84 157
84 161
84 167
84 172
84 175
84 177
84 181
84 185
84 188
84 189
84 198
84 202
84 208
84 211
84 216
84 218
84 220
85 2
85 4
85 15
85 17
85 23
85 25
85 26
85 28
85 29
85 32
85 39
85 46
85 47
85 54
85 57
85 58
85 69
85 74
85 78
85 80
85 82
85 83
85 84
85 86
85 87
85 92
85 94
85 101
85 104
85 105
85 106
85 107
85 116
85 117
85 118
85 129
85 133
85 142
85 144
85 147
85 153
85 156
85 158
85 166
85 167
85 169
85 170
85 171
85 174
85 181
85 182
85 183
85 187
85 191
85 200
85 201
85 208
85 211
85 212
85 213
86 6
86 21
86 25
86 29
86 31
86 37
86 43
86 45
86 49
86 55
86 64
86 70
86 71
86 73
86 74
86 88
86 91
86 92
86 99
86 104
86 105
86 107
86 115
86 116
86 118
86 121
86 122
86 124
86 129
86 130
86 140
86 143
86 149
86 150
86 158
86 159
86 166
86 168
86 176
86 177
86 185
86 186
86 187
86 189
86 191
86 193
86 195
86 198
86 200
86 205
86 209
87 8
87 11
87 14
87 19
87 28
87 35
87 37
87 50
87 62
87 69
87 82
87 86
87 88
87 92
87 97
87 100
87 106
87 108
87 113
87 117
87 127
87 132
87 142
87 145
87 153
87 166
87 167
87 177
87 186
87 196
87 198
87 202
87 214
87 215
87 216
87 217
88 2
88 3
88 4
88 5
88 11
88 14
88 16
88 17
88 20
88 22
88 27
88 28
88 30
88 31
88 34
88 41
88 44
88 50
88 51
88 54
88 57
88 58
88 65
88 70
88 80
88 90
88 103
88 105
88 112
88 113
88 119
88 124
88 130
88 134
88 138
88 142
88 146
88 156
88 164
88 176
88 181
88 195
88 197
88 198
88 204
88 206
88 207
88 209
88 215
88 217
89 1
89 2
89 3
89 4
89 5
89 6
89 9
89 13
89 14
89 20
89 24
89 28
89 32
89 48
89 50
89 51
89 52
89 54
89 56
89 60
89 70
89 80
89 88
89 93
89 95
89 96
89 97
89 99
89 100
89 103
89 117
89 118
89 122
89 134
89 136
89 137
89 155
89 156
89 158
89 159
89 162
89 167
89 170
89 172
89 174
89 179
89 181
89 183
89 188
89 190
89 191
89 193
89 194
89 195
89 197
89 205
89 207
89 209
89 210
89 216
89 217
90 1
90 3
90 4
90 7
90 9
90 10
90 11
90 13
90 15
90 19
90 28
90 37
90 38
90 40
90 43
90 44
90 50
90 54
90 58
90 63
90 65
90 66
90 67
90 68
90 74
90 80
90 83
90 89
90 92
90 94
90 95
90 98
90 100
90 103
90 105
90 106
90 108
90 113
90 115
90 124
90 128
90 130
90 136
90 144
90 146
90 148
90 149
90 156
90 158
90 166
90 171
90 186
90 192
90 193
90 198
90 201
90 202
90 203
90 218
90 220
91 1
91 2
91 7
91 11
91 16
91 23
91 30
91 32
91 35
91 36
91 37
91 44
91 51
91 56
91 68
91 69
91 71
91 75
91 76
91 83
91 86
91 93
91 96
91 97
91 100
91 102
91 107
91 112
91 116
91 127
91 130
91 134
91 135
91 136
91 139
91 145
91 146
91 167
91 168
91 172
91 178
91 187
91 188
91 191
91 192
91 193
91 199
91 200
91 201
91 208
91 211
91 212
92 1
92 3
92 8
92 9
92 14
92 15
92 16
92 17
92 21
92 24
92 27
92 28
92 32
92 34
92 42
92 43
92 48
92 51
92 55
92 62
92 65
92 71
92 75
92 82
92 83
92 84
92 88
92 95
92 97
92 98
92 100
92 103
92 107
92 117
92 120
92 124
92 125
92 127
92 128
92 132
92 135
92 149
92 151
92 156
92 159
92 162
92 165
92 168
92 170
92 175
92 177
92 178
92 181
92 186
92 188
92 192
92 199
92 210
92 219
92 220
93 1
93 5
93 16
93 26
93 30
93 37
93 39
93 40
93 41
93 42
93 46
93 47
93 48
93 54
93 56
93 57
93 71
93 76
93 78
93 85
93 87
93 88
93 92
93 94
93 99
93 100
93 107
93 110
93 118
93 119
93 121
93 122
93 124
93 127
93 128
93 130
93 134
93 139
93 140
93 141
93 144
93 146
93 148
93 153
93 163
93 168
93 169
93 179
93 180
93 192
93 198
93 199
93 201
93 206
93 217
94 3
94 7
94 8
94 9
94 10
94 14
94 18
94 33
94 35
94 42
94 46
94 49
94 51
94 52
94 56
94 59
94 61
94 66
94 73
94 77
94 79
94 85
94 90
94 93
94 97
94 101
94 116
94 118
94 127
94 128
94 130
94 133
94 142
94 144
94 146
94 153
94 171
94 172
94 180
94 181
94 188
94 192
94 194
94 202
94 203
94 208
94 212
94 220
95 5
95 7
95 12
95 17
95 25
95 29
95 30
95 32
95 38
95 42
95 45
95 47
95 59
95 67
95 68
95 72
95 73
95 82
95 96
95 97
95 105
95 108
95 111
95 114
95 119
95 123
95 124
95 126
95 127
95 129
95 133
95 138
95 144
95 151
95 152
95 165
95 167
95 170
95 182
95 184
95 188
95 192
95 197
95 201
95 204
95 208
95 210
95 212
95 213
95 219
96 1
96 4
96 5
96 13
96 14
96 21
96 32
96 35
96 36
96 38
96 39
96 40
96 45
96 49
96 60
96 63
96 65
96 75
96 77
96 82
96 83
96 84
96 85
96 86
96 89
96 97
96 99
96 105
96 107
96 112
96 117
96 121
96 123
96 125
96 128
96 130
96 136
96 142
96 143
96 144
96 147
96 155
96 157
96 163
96 164
96 166
96 168
96 170
96 173
96 190
96 192
96 194
96 198
96 201
96 207
96 213
96 216
96 217
97 5
97 6
97 8
97 12
97 20
97 21
97 22
97 32
97 33
97 34
97 36
97 38
97 44
97 45
97 46
97 50
97 56
97 58
97 62
97 64
97 66
97 67
97 76
97 77
97 81
97 85
97 88
97 91
97 92
97 100
97 102
97 107
97 111
97 115
97 116
97 117
97 122
97 127
97 128
97 130
97 132
97 135
97 136
97 137
97 139
97 141
97 144
97 146
97 147
97 149
97 155
97 157
97 161
97 162
97 163
97 168
97 169
97 176
97 178
97 180
97 183
97 184
97 186
97 190
97 193
97 194
97 195
97 196
97 197
97 198
97 203
97 214
98 8
98 10
98 12
98 17
98 18
98 19
98 28
98 44
98 45
98 47
98 49
98 61
98 75
98 77
98 82
98 84
98 89
98 104
98 105
98 107
98 111
98 121
98 124
98 137
98 140
98 143
98 146
98 147
98 153
98 154
98 156
98 157
98 163
98 164
98 165
98 171
98 179
98 180
98 183
98 187
98 190
98 191
98 195
98 204
98 205
98 208
98 210
98 212
98 213
99 2
99 8
99 14
99 16
99 18
99 19
99 28
99 32
99 33
99 36
99 42
99 44
99 45
99 47
99 51
99 54
99 66
99 67
99 68
99 70
99 72
99 73
99 97
99 101
99 108
99 123
99 129
99 137
99 140
99 151
99 156
99 162
99 164
99 172
99 174
99 180
99 181
99 182
99 190
99 193
99 195
99 196
99 203
99 207
99 214
99 215
99 216
99 217
100 5
100 7
100 15
100 22
100 25
100 26
100 29
100 32
100 33
100 37
100 40
100 45
100 46
100 47
100 49
100 53
100 60
100 62
100 63
100 73
100 78
100 79
100 94
100 98
100 109
100 113
100 117
100 119
100 120
100 124
100 126
100 128
100 129
100 132
100 133
100 138
100 154
100 160
100 162
100 169
100 176
100 179
100 192
100 193
100 198
100 200
100 205
100 207
100 210
100 217
101 1
101 4
101 9
101 10
101 12
101 16
101 17
101 19
101 25
101 26
101 27
101 29
101 32
101 34
101 38
101 41
101 44
101 50
101 61
101 63
101 76
101 77
101 80
101 89
101 91
101 93
101 100
101 106
101 109
101 110
101 111
101 113
101 116
101 118
101 119
101 125
101 130
101 134
101 139
101 141
101 142
101 143
101 154
101 163
101 167
101 170
101 173
101 188
101 192
101 198
101 199
101 212
101 219
102 6
102 10
102 13
102 14
102 19
102 24
102 27
102 28
102 30
102 34
102 37
102 38
102 46
102 49
102 50
102 53
102 56
102 62
102 71
102 72
102 76
102 77
102 83
102 86
102 87
102 88
102 94
102 98
102 100
102 104
102 106
102 107
102 114
102 124
102 126
102 128
102 137
102 138
102 139
102 141
102 142
102 143
102 148
102 155
102 157
102 161
102 164
102 171
102 176
102 177
102 179
102 180
102 190
102 194
102 200
102 201
102 208
102 209
102 216
102 220
103 3
103 4
103 10
103 14
103 16
103 21
103 26
103 28
103 31
103 41
103 43
103 44
103 58
103 65
103 67
103 69
103 70
103 75
103 77
103 80
103 85
103 86
103 96
103 98
103 106
103 107
103 108
103 112
103 113
103 114
103 120
103 122
103 125
103 129
103 130
103 134
103 135
103 137
103 138
103 144
103 145
103 154
103 159
103 161
103 165
103 168
103 169
103 173
103 177
103 178
103 182
103 189
103 190
103 197
103 201
103 208
103 211
103 216
103 219
104 4
104 8
104 12
104 13
104 15
104 16
104 19
104 20
104 21
104 22
104 25
104 31
104 34
104 39
104 49
104 53
104 60
104 61
104 63
104 71
104 79
104 81
104 82
104 92
104 95
104 99
104 100
104 103
104 111
104 115
104 116
104 124
104 132
104 134
104 139
104 140
104 145
104 151
104 157
104 159
104 160
104 162
104 168
104 172
104 173
104 178
104 190
104 191
104 192
104 199
104 200
104 201
104 203
104 206
104 211
104 215
104 220
105 3
105 7
105 8
105 30
105 43
105 45
105 51
105 59
105 60
105 69
105 70
105 71
105 74
105 76
105 82
105 84
105 92
105 93
105 101
105 102
105 104
105 118
105 119
105 120
105 122
105 124
105 126
105 132
105 133
105 136
105 140
105 151
105 153
105 156
105 159
105 165
105 170
105 173
105 174
105 176
105 179
105 180
105 188
105 189
105 196
105 197
105 203
105 204
105 217
105 219
105 220
106 10
106 17
106 22
106 28
106 30
106 32
106 35
106 48
106 49
106 57
106 59
106 69
106 75
106 78
106 80
106 81
106 83
106 84
106 86
106 89
106 91
106 94
106 99
106 100
106 101
106 107
106 120
106 125
106 130
106 131
106 135
106 137
106 139
106 140
106 141
106 147
106 148
106 154
106 177
106 180
106 185
106 187
106 191
106 194
106 195
106 207
106 210
107 5
107 6
107 7
107 9
107 10
107 15
107 16
107 17
107 22
107 23
107 27
107 30
107 31
107 35
107 36
107 37
107 45
107 46
107 56
107 58
107 64
107 65
107 81
107 85
107 95
107 97
107 98
107 100
107 102
107 112
107 123
107 130
107 135
107 137
107 141
107 147
107 149
107 155
107 158
107 166
107 168
107 171
107 175
107 179
107 181
107 184
107 186
107 187
107 192
107 198
107 200
107 204
107 205
107 214
107 216
107 217
108 2
108 4
108 5
108 7
108 9
108 12
108 15
108 19
108 20
108 24
108 34
108 37
108 38
108 39
108 42
108 44
108 51
108 53
108 55
108 56
108 59
108 61
108 64
108 69
108 77
108 87
108 98
108 104
108 106
108 110
108 111
108 113
108 116
108 117
108 119
108 127
108 138
108 140
108 141
108 142
108 144
108 145
108 154
108 156
108 160
108 161
108 166
108 168
108 169
108 170
108 172
108 173
108 176
108 178
108 185
108 191
108 196
108 197
108 213
108 216
108 219
108 220
109 5
109 6
109 9
109 13
109 14
109 15
109 16
109 21
109 23
109 24
109 26
109 30
109 35
109 40
109 50
109 57
109 63
109 67
109 68
109 71
109 72
109 82
109 84
109 88
109 91
109 93
109 98
109 99
109 102
109 105
109 108
109 111
109 115
109 126
109 127
109 128
109 129
109 131
109 133
109 137
109 151
109 152
109 162
109 165
109 177
109 178
109 180
109 186
109 187
109 197
109 200
109 203
109 204
109 208
109 211
109 212
109 215
109 217
110 2
110 10
110 14
110 15
110 17
110 19
110 20
110 32
110 36
110 38
110 42
110 44
110 45
110 47
110 48
110 51
110 52
110 54
110 57
110 66
110 71
110 72
110 75
110 80
110 81
110 85
110 88
110 90
110 91
110 95
110 96
110 98
110 99
110 101
110 102
110 113
110 124
110 127
110 129
110 131
110 135
110 137
110 153
110 161
110 163
110 176
110 177
110 182
110 183
110 187
110 193
110 196
110 197
110 208
110 210
110 211
110 213
110 219
111 1
111 2
111 5
111 8
111 12
111 17
111 20
111 21
111 24
111 26
111 27
111 41
111 44
111 48
111 49
111 50
111 64
111 66
111 73
111 82
111 83
111 88
111 94
111 95
111 96
111 97
111 101
111 104
111 109
111 113
111 114
111 117
111 119
111 121
111 124
111 127
111 129
111 131
111 135
111 138
111 141
111 144
111 146
111 153
111 158
111 160
111 166
111 167
111 171
111 172
111 182
111 189
111 190
111 198
111 199
111 200
111 201
111 203
111 205
111 211
111 217
111 218
112 2
112 4
112 6
112 8
112 17
112 22
112 23
112 28
112 37
112 38
112 39
112 41
112 45
112 49
112 50
112 53
112 54
112 57
112 64
112 66
112 68
112 70
112 73
112 74
112 75
112 76
112 81
112 83
112 84
112 87
112 88
112 89
112 93
112 99
112 100
112 106
112 110
112 113
112 114
112 117
112 126
112 132
112 142
112 144
112 145
112 147
112 151
112 155
112 159
112 162
112 165
112 166
112 172
112 174
112 181
112 184
112 187
112 193
112 196
112 208
112 213
112 217
112 219
113 6
113 7
113 9
113 13
113 18
113 21
113 27
113 31
113 32
113 38
113 41
113 47
113 50
113 52
113 56
113 57
113 61
113 62
113 71
113 78
113 81
113 85
113 86
113 110
113 112
113 117
113 120
113 123
113 128
113 141
113 145
113 150
113 153
113 154
113 155
113 159
113 161
113 166
113 167
113 173
113 174
113 177
113 179
113 186
113 194
113 199
113 200
113 203
113 207
113 210
113 215
113 217
114 6
114 7
114 10
114 22
114 24
114 28
114 32
114 34
114 35
114 42
114 43
114 44
114 50
114 54
114 57
114 62
114 63
114 65
114 81
114 84
114 89
114 91
114 94
114 95
114 100
114 102
114 104
114 106
114 113
114 122
114 123
114 133
114 137
114 139
114 140
114 141
114 143
114 147
114 148
114 149
114 151
114 154
114 155
114 158
114 159
114 161
114 163
114 164
114 165
114 169
114 171
114 172
114 175
114 176
114 177
114 184
114 189
114 198
114 201
114 205
114 206
114 209
114 216
115 8
115 10
115 21
115 31
115 32
115 38
115 39
115 41
115 42
115 43
115 45
115 46
115 55
115 75
115 79
115 83
115 85
115 86
115 99
115 101
115 106
115 113
115 116
115 127
115 130
115 131
115 132
115 134
115 137
115 145
115 152
115 155
115 159
115 163
115 164
115 168
115 169
115 172
115 185
115 191
115 195
115 196
115 199
115 201
115 204
115 211
115 215
115 220
116 2
116 3
116 6
116 7
116 8
116 11
116 12
116 14
116 28
116 33
116 37
116 50
116 59
116 62
116 63
116 66
116 82
116 86
116 89
116 90
116 100
116 102
116 107
116 108
116 110
116 114
116 120
116 121
116 123
116 125
116 132
116 136
116 141
116 144
116 149
116 156
116 166
116 175
116 188
116 199
116 200
116 202
116 205
116 206
116 208
116 210
116 216
116 220
117 1
117 7
117 9
117 10
117 13
117 14
117 17
117 19
117 21
117 26
117 27
117 30
117 31
117 32
117 47
117 48
117 54
117 57
117 58
117 60
117 62
117 63
117 68
117 73
117 74
117 77
117 79
117 82
117 87
117 97
117 106
117 111
117 112
117 116
117 119
117 124
117 126
117 127
117 129
117 131
117 142
117 144
117 152
117 159
117 165
117 168
117 175
117 178
117 182
117 189
117 190
117 194
117 197
117 201
117 206
117 213
117 217
117 218
117 219
117 220
118 4
118 12
118 13
118 16
118 20
118 34
118 40
118 44
118 53
118 55
118 59
118 60
118 62
118 69
118 71
118 75
118 76
118 77
118 80
118 82
118 86
118 87
118 91
118 92
118 93
118 97
118 101
118 102
118 104
118 106
118 107
118 110
118 111
118 113
118 114
118 121
118 122
118 131
118 137
118 150
118 152
118 155
118 157
118 158
118 160
118 161
118 163
118 164
118 165
118 170
118 171
118 172
118 174
118 190
118 195
118 196
118 199
118 202
118 211
118 219
119 1
119 2
119 9
119 13
119 15
119 17
119 20
119 22
119 23
119 24
119 30
119 32
119 38
119 40
119 41
119 44
119 59
119 63
119 65
119 69
119 70
119 71
119 73
119 79
119 81
119 86
119 88
119 96
119 101
119 103
119 107
119 115
119 121
119 123
119 125
119 127
119 137
119 141
119 142
119 146
119 147
119 148
119 150
119 156
119 157
119 170
119 174
119 175
119 181
119 183
119 186
119 189
119 191
119 192
119 193
119 195
119 196
119 197
119 201
119 212
119 213
119 214
119 216
120 1
120 2
120 4
120 5
120 8
120 11
120 15
120 16
120 18
120 25
120 28
120 30
120 33
120 38
120 41
120 42
120 43
120 45
120 48
120 49
120 50
120 57
120 59
120 61
120 65
120 75
120 80
120 84
120 86
120 90
120 95
120 97
120 101
120 102
120 106
120 107
120 113
120 124
120 128
120 131
120 132
120 133
120 137
120 145
120 147
120 148
120 152
120 161
120 164
120 165
120 166
120 170
120 174
120 176
120 179
120 181
120 185
120 186
120 188
120 192
120 199
120 200
120 203
120 209
120 213
120 216
120 217
121 7
121 20
121 21
121 22
121 25
121 31
121 32
121 34
121 39
121 44
121 49
121 52
121 58
121 59
121 65
121 67
121 70
121 71
121 75
121 77
121 81
121 83
121 84
121 85
121 86
121 87
121 88
121 89
121 93
121 96
121 100
121 120
121 124
121 131
121 136
121 140
121 141
121 143
121 144
121 147
121 148
121 158
121 159
121 163
121 172
121 177
121 185
121 186
121 191
121 196
121 200
121 212
121 213
121 218
121 220
122 1
122 2
122 8
122 16
122 20
122 26
122 29
122 36
122 44
122 45
122 58
122 63
122 69
122 78
122 79
122 84
122 85
122 86
122 89
122 90
122 93
122 97
122 107
122 117
122 126
122 131
122 134
122 142
122 144
122 148
122 149
122 151
122 157
122 158
122 159
122 167
122 171
122 173
122 179
122 180
122 181
122 182
122 184
122 185
122 195
122 199
122 201
122 209
122 213
122 214
122 217
123 9
123 14
123 17
123 19
123 23
123 24
123 26
123 27
123 35
123 43
123 44
123 45
123 46
123 49
123 55
123 56
123 57
123 63
123 66
123 76
123 77
123 81
123 83
123 85
123 92
123 94
123 102
123 105
123 114
123 116
123 127
123 130
123 139
123 140
123 141
123 150
123 152
123 160
123 162
123 164
123 165
123 178
123 186
123 188
123 192
123 198
123 209
123 217
124 1
124 8
124 13
124 15
124 17
124 20
124 27
124 28
124 40
124 44
124 48
124 58
124 80
124 85
124 86
124 87
124 89
124 96
124 100
124 101
124 102
124 105
124 110
124 111
124 113
124 115
124 117
124 118
124 119
124 120
124 122
124 123
124 130
124 131
124 134
124 144
124 146
124 157
124 161
124 166
124 168
124 169
124 171
124 172
124 174
124 178
124 180
124 186
124 191
124 195
124 196
124 203
124 206
124 215
124 219
125 4
125 14
125 16
125 17
125 20
125 21
125 25
125 32
125 34
125 44
125 52
125 56
125 60
125 63
125 65
125 66
125 67
125 71
125 72
125 80
125 85
125 86
125 88
125 102
125 103
125 106
125 114
125 116
125 120
125 121
125 122
125 128
125 147
125 148
125 163
125 166
125 167
125 169
125 170
125 171
125 175
125 184
125 189
125 203
125 206
125 208
125 209
125 210
125 211
125 212
125 213
125 219
125 220
126 6
126 13
126 17
126 20
126 23
126 25
126 26
126 28
126 32
126 33
126 37
126 38
126 39
126 40
126 42
126 57
126 58
126 66
126 69
126 70
126 71
126 72
126 74
126 77
126 79
126 80
126 84
126 94
126 97
126 99
126 100
126 102
126 122
126 124
126 129
126 130
126 135
126 137
126 138
126 141
126 143
126 144
126 150
126 155
126 157
126 163
126 164
126 165
126 176
126 179
126 187
126 188
126 190
126 195
126 201
126 206
126 208
127 1
127 8
127 11
127 14
127 16
127 17
127 22
127 23
127 25
127 27
127 34
127 39
127 41
127 53
127 54
127 55
127 57
127 73
127 75
127 80
127 85
127 92
127 95
127 96
127 103
127 107
127 109
127 114
127 117
127 126
127 132
127 133
127 135
127 136
127 137
127 139
127 140
127 145
127 149
127 154
127 159
127 166
127 173
127 181
127 183
127 186
127 190
127 194
127 197
127 198
127 206
127 207
127 213
127 214
127 215
127 219
127 220
128 1
128 3
128 6
128 15
128 27
128 30
128 38
128 41
128 52
128 55
128 59
128 71
128 72
128 76
128 79
128 86
128 92
128 98
128 100
128 101
128 104
128 110
128 127
128 132
128 133
128 135
128 136
128 139
128 144
128 146
128 147
128 148
128 149
128 150
128 152
128 156
128 157
128 163
128 164
128 171
128 177
128 181
128 203
128 206
128 211
128 212
128 213
128 214
128 219
129 5
129 8
129 13
129 14
129 15
129 16
129 25
129 29
129 30
129 31
129 34
129 38
129 43
129 45
129 46
129 51
129 52
129 54
129 55
129 58
129 61
129 63
129 65
129 67
129 76
129 80
129 82
129 85
129 88
129 90
129 101
129 104
129 110
129 117
129 132
129 139
129 143
129 147
129 158
129 162
129 165
129 173
129 176
129 183
129 184
129 194
129 196
129 199
129 200
130 4
130 17
130 20
130 21
130 23
130 26
130 27
130 28
130 29
130 30
130 31
130 32
130 35
130 37
130 38
130 44
130 47
130 65
130 69
130 70
130 82
130 86
130 90
130 92
130 93
130 96
130 99
130 106
130 107
130 110
130 114
130 119
130 120
130 121
130 122
130 123
130 127
130 128
130 129
130 131
130 134
130 140
130 142
130 145
130 149
130 152
130 153
130 155
130 164
130 175
130 180
130 186
130 192
130 198
130 202
130 203
130 205
130 214
130 220
131 8
131 12
131 14
131 17
131 20
131 33
131 49
131 50
131 51
131 53
131 55
131 62
131 63
131 68
131 70
131 80
131 82
131 87
131 99
131 101
131 104
131 106
131 107
131 112
131 120
131 121
131 122
131 124
131 126
131 128
131 130
131 134
131 138
131 143
131 146
131 148
131 156
131 159
131 160
131 164
131 169
131 172
131 176
131 177
131 178
131 182
131 184
131 194
131 197
131 201
131 202
131 209
131 214
131 216
132 3
132 5
132 6
132 8
132 12
132 16
132 17
132 18
132 30
132 31
132 34
132 36
132 42
132 58
132 59
132 67
132 71
132 73
132 79
132 82
132 86
132 88
132 92
132 98
132 101
132 105
132 109
132 110
132 120
132 121
132 122
132 124
132 127
132 130
132 134
132 136
132 138
132 140
132 143
132 148
132 154
132 158
132 159
132 162
132 166
132 171
132 172
132 175
132 177
132 182
132 185
132 192
132 193
132 198
132 200
132 204
132 205
132 206
132 207
132 208
132 212
132 217
132 218
133 2
133 10
133 13
133 14
133 17
133 22
133 24
133 29
133 32
133 35
133 37
133 39
133 41
133 44
133 49
133 55
133 62
133 63
133 67
133 70
133 71
133 72
133 79
133 86
133 96
133 99
133 103
133 111
133 112
133 117
133 119
133 121
133 130
133 142
133 151
133 155
133 156
133 168
133 170
133 172
133 175
133 176
133 196
133 200
133 203
133 206
133 207
133 208
133 210
133 218
134 6
134 15
134 21
134 26
134 28
134 44
134 46
134 48
134 51
134 52
134 55
134 61
134 62
134 65
134 69
134 71
134 76
134 78
134 80
134 81
134 83
134 89
134 90
134 91
134 94
134 97
134 99
134 100
134 103
134 105
134 106
134 111
134 112
134 122
134 125
134 127
134 128
134 131
134 133
134 135
134 142
134 143
134 144
134 147
134 155
134 163
134 178
134 179
134 181
134 182
134 187
134 188
134 189
134 193
134 194
134 200
134 206
134 215
134 217
135 5
135 6
135 9
135 14
135 15
135 21
135 22
135 23
135 25
135 27
135 28
135 36
135 37
135 41
135 46
135 48
135 51
135 57
135 58
135 71
135 83
135 86
135 90
135 91
135 96
135 100
135 103
135 119
135 120
135 124
135 130
135 134
135 138
135 141
135 147
135 156
135 159
135 162
135 164
135 167
135 168
135 169
135 185
135 187
135 189
135 190
135 195
135 197
135 204
135 205
135 210
135 211
135 212
135 213
136 2
136 3
136 7
136 8
136 15
136 18
136 19
136 21
136 37
136 38
136 46
136 52
136 53
136 55
136 57
136 60
136 61
136 74
136 78
136 80
136 81
136 86
136 95
136 98
136 105
136 109
136 111
136 112
136 116
136 122
136 129
136 130
136 138
136 143
136 151
136 157
136 169
136 184
136 191
136 192
136 198
136 199
136 200
136 202
136 203
136 209
136 211
136 215
137 5
137 8
137 9
137 14
137 18
137 23
137 24
137 27
137 28
137 32
137 35
137 36
137 41
137 49
137 51
137 52
137 59
137 68
137 72
137 73
137 75
137 77
137 79
137 87
137 97
137 102
137 107
137 108
137 111
137 113
137 115
137 118
137 120
137 127
137 133
137 140
137 141
137 143
137 146
137 148
137 154
137 156
137 158
137 159
137 160
137 161
137 170
137 171
137 179
137 181
137 186
137 196
137 197
137 198
137 206
137 207
137 211
137 213
138 6
138 7
138 8
138 12
138 13
138 16
138 21
138 25
138 28
138 30
138 39
138 40
138 42
138 45
138 47
138 48
138 53
138 54
138 55
138 60
138 61
138 69
138 76
138 77
138 86
138 88
138 90
138 105
138 110
138 112
138 116
138 118
138 130
138 139
138 144
138 145
138 150
138 155
138 156
138 157
138 158
138 160
138 162
138 163
138 169
138 171
138 177
138 178
138 185
138 190
138 194
138 195
138 197
138 199
138 200
138 209
138 210
138 215
139 3
139 6
139 9
139 11
139 18
139 20
139 23
139 25
139 27
139 36
139 41
139 44
139 57
139 58
139 71
139 76
139 78
139 83
139 107
139 118
139 120
139 123
139 124
139 127
139 130
139 131
139 133
139 135
139 136
139 137
139 143
139 145
139 147
139 151
139 153
139 183
139 185
139 188
139 190
139 192
139 193
139 196
139 198
139 199
139 202
139 205
139 211
139 212
139 220
140 1
140 3
140 7
140 12
140 13
140 14
140 18
140 19
140 20
140 24
140 29
140 33
140 39
140 40
140 41
140 42
140 43
140 44
140 46
140 54
140 60
140 76
140 82
140 86
140 88
140 98
140 102
140 103
140 109
140 111
140 112
140 113
140 118
140 122
140 127
140 133
140 136
140 142
140 145
140 153
140 155
140 158
140 159
140 164
140 167
140 168
140 169
140 183
140 185
140 193
140 194
140 197
140 203
140 207
140 210
140 212
140 213
140 214
140 216
140 219
140 220
141 2
141 11
141 14
141 15
141 29
141 34
141 36
141 37
141 41
141 46
141 47
141 50
141 54
141 56
141 59
141 63
141 68
141 70
141 71
141 75
141 76
141 78
141 86
141 90
141 91
141 92
141 94
141 95
141 97
141 103
141 104
141 105
141 108
141 114
141 117
141 118
141 126
141 132
141 137
141 142
141 152
141 158
141 161
141 162
141 169
141 174
141 176
141 185
141 190
141 198
141 219
141 220
142 1
142 2
142 3
142 8
142 10
142 11
142 23
142 30
142 33
142 40
142 45
142 46
142 48
142 56
142 58
142 62
142 63
142 66
142 68
142 69
142 83
142 85
142 88
142 90
142 93
142 100
142 101
142 102
142 119
142 126
142 128
142 139
142 146
142 151
142 157
142 159
142 165
142 167
142 169
142 173
142 175
142 176
142 177
142 182
142 183
142 199
142 204
142 214
142 220
143 5
143 6
143 13
143 14
143 15
143 19
143 26
143 31
143 34
143 39
143 42
143 46
143 59
143 62
143 63
143 64
143 68
143 75
143 77
143 78
143 91
143 93
143 97
143 98
143 100
143 109
143 112
143 114
143 115
143 117
143 118
143 119
143 121
143 124
143 127
143 132
143 135
143 141
143 145
143 153
143 159
143 163
143 173
143 179
143 180
143 181
143 185
143 189
143 194
143 196
143 200
143 205
143 210
143 214
143 219
144 1
144 2
144 4
144 7
144 10
144 12
144 14
144 18
144 19
144 25
144 26
144 28
144 33
144 37
144 38
144 39
144 47
144 50
144 56
144 60
144 63
144 68
144 70
144 71
144 82
144 85
144 91
144 92
144 103
144 105
144 106
144 122
144 125
144 126
144 132
144 134
144 135
144 136
144 140
144 141
144 142
144 152
144 154
144 161
144 167
144 172
144 173
144 174
144 177
144 181
144 182
144 184
144 186
144 193
144 194
144 199
144 201
144 209
144 211
145 1
145 2
145 3
145 6
145 10
145 15
145 21
145 31
145 36
145 37
145 41
145 49
145 55
145 56
145 58
145 59
145 64
145 68
145 69
145 78
145 85
145 87
145 95
145 102
145 105
145 108
145 111
145 119
145 124
145 125
145 130
145 134
145 135
145 137
145 142
145 153
145 158
145 164
145 165
145 168
145 170
145 183
145 188
145 193
145 194
145 195
145 206
145 218
146 3
146 4
146 5
146 6
146 15
146 16
146 26
146 36
146 53
146 54
146 63
146 72
146 78
146 79
146 88
146 89
146 103
146 105
146 118
146 126
146 128
146 137
146 138
146 143
146 145
146 148
146 149
146 150
146 152
146 156
146 164
146 171
146 172
146 178
146 184
146 185
146 190
146 194
146 196
146 204
146 210
146 215
146 217
147 6
147 9
147 11
147 13
147 16
147 19
147 27
147 33
147 36
147 38
147 42
147 46
147 54
147 72
147 73
147 74
147 78
147 79
147 82
147 85
147 86
147 92
147 101
147 107
147 109
147 110
147 111
147 112
147 113
147 116
147 118
147 120
147 121
147 129
147 132
147 137
147 140
147 141
147 144
147 151
147 154
147 162
147 163
147 164
147 166
147 174
147 175
147 180
147 186
147 188
147 190
147 195
147 202
147 203
147 210
147 212
147 214
147 215
147 220
148 2
148 7
148 9
148 10
148 12
148 16
148 20
148 26
148 27
148 29
148 30
148 33
148 35
148 36
148 39
148 46
148 48
148 49
148 50
148 51
148 55
148 56
148 57
148 65
148 66
148 69
148 71
148 74
148 91
148 92
148 98
148 103
148 107
148 109
148 110
148 111
148 115
148 116
148 120
148 130
148 131
148 133
148 134
148 135
148 138
148 139
148 141
148 142
148 143
148 144
148 145
148 146
148 150
148 151
148 156
148 159
148 160
148 164
148 167
148 170
148 174
148 181
148 193
148 200
148 205
148 209
148 210
148 213
148 215
148 217
149 16
149 21
149 24
149 26
149 28
149 35
149 39
149 49
149 51
149 56
149 57
149 66
149 69
149 70
149 75
149 87
149 88
149 99
149 103
149 109
149 120
149 121
149 122
149 126
149 127
149 129
149 132
149 135
149 138
149 139
149 141
149 145
149 146
149 155
149 160
149 170
149 178
149 185
149 190
149 191
149 197
149 199
149 202
149 213
149 219
150 7
150 9
150 16
150 28
150 31
150 43
150 45
150 48
150 49
150 50
150 51
150 54
150 59
150 62
150 63
150 64
150 65
150 68
150 74
150 75
150 76
150 80
150 83
150 84
150 88
150 92
150 93
150 96
150 97
150 99
150 109
150 112
150 114
150 119
150 120
150 122
150 125
150 130
150 132
150 134
150 136
150 142
150 151
150 152
150 156
150 157
150 160
150 166
150 169
150 171
150 172
150 180
150 181
150 185
150 187
150 191
150 193
150 196
150 198
150 201
150 216
150 217
150 219
151 3
151 8
151 11
151 12
151 31
151 48
151 55
151 56
151 71
151 76
151 78
151 91
151 92
151 100
151 109
151 112
151 116
151 117
151 120
151 132
151 133
151 135
151 141
151 144
151 145
151 146
151 149
151 152
151 160
151 162
151 166
151 173
151 174
151 177
151 178
151 184
151 191
151 196
151 200
151 204
151 208
151 212
151 215
151 216
152 5
152 14
152 18
152 25
152 26
152 34
152 35
152 37
152 39
152 41
152 44
152 47
152 48
152 53
152 67
152 68
152 70
152 71
152 76
152 80
152 81
152 83
152 84
152 85
152 87
152 89
152 91
152 97
152 103
152 107
152 108
152 114
152 121
152 124
152 125
152 128
152 134
152 136
152 138
152 139
152 141
152 144
152 154
152 163
152 169
152 172
152 174
152 180
152 198
152 200
152 202
152 205
152 209
152 214
152 216
153 9
153 11
153 22
153 25
153 28
153 36
153 37
153 39
153 41
153 43
153 52
153 59
153 69
153 73
153 75
153 85
153 98
153 99
153 101
153 116
153 122
153 132
153 137
153 139
153 143
153 145
153 147
153 148
153 149
153 155
153 156
153 158
153 165
153 173
153 174
153 178
153 181
153 183
153 187
153 191
153 193
153 199
153 200
153 202
153 206
153 207
153 209
153 219
154 8
154 13
154 17
154 22
154 23
154 31
154 32
154 35
154 51
154 54
154 60
154 61
154 62
154 65
154 67
154 71
154 77
154 78
154 90
154 96
154 101
154 104
154 105
154 108
154 109
154 119
154 123
154 130
154 131
154 133
154 134
154 143
154 147
154 148
154 150
154 152
154 153
154 159
154 165
154 167
154 169
154 171
154 173
154 180
154 186
154 199
154 207
154 213
154 217
154 220
155 1
155 3
155 10
155 12
155 17
155 35
155 37
155 45
155 47
155 48
155 50
155 52
155 55
155 60
155 68
155 70
155 72
155 80
155 81
155 89
155 94
155 98
155 100
155 117
155 122
155 126
155 128
155 131
155 135
155 136
155 139
155 149
155 156
155 162
155 165
155 171
155 174
155 175
155 184
155 185
155 199
155 201
155 203
155 205
155 216
156 5
156 10
156 13
156 32
156 35
156 40
156 44
156 45
156 48
156 54
156 55
156 58
156 60
156 65
156 69
156 71
156 74
156 76
156 78
156 79
156 80
156 90
156 93
156 95
156 97
156 101
156 113
156 116
156 121
156 129
156 131
156 135
156 139
156 143
156 144
156 148
156 169
156 175
156 178
156 179
156 180
156 188
156 191
156 194
156 195
156 198
156 199
156 203
156 206
156 207
156 209
157 6
157 8
157 9
157 11
157 19
157 21
157 28
157 29
157 30
157 31
157 34
157 44
157 46
157 47
157 48
157 51
157 53
157 54
157 56
157 57
157 58
157 59
157 60
157 63
157 77
157 79
157 80
157 85
157 87
157 92
157 95
157 100
157 104
157 107
157 111
157 114
157 121
157 123
157 125
157 127
157 129
157 131
157 133
157 146
157 152
157 158
157 159
157 175
157 176
157 177
157 181
157 185
157 187
157 192
157 198
157 208
157 212
157 214
157 215
157 219
157 220
158 4
158 6
158 13
158 17
158 18
158 19
158 23
158 30
158 37
158 42
158 45
158 51
158 54
158 55
158 56
158 58
158 63
158 71
158 72
158 73
158 74
158 75
158 81
158 86
158 87
158 88
158 90
158 93
158 96
158 97
158 99
158 102
158 103
158 112
158 114
158 125
158 126
158 127
158 135
158 140
158 141
158 142
158 150
158 155
158 161
158 163
158 164
158 166
158 167
158 170
158 174
158 178
158 179
158 183
158 184
158 186
158 189
158 191
158 192
158 195
158 201
158 202
158 208
158 210
158 212
158 216
158 220
159 3
159 4
159 13
159 15
159 17
159 18
159 39
159 51
159 56
159 72
159 81
159 84
159 90
159 97
159 106
159 108
159 113
159 117
159 126
159 127
159 128
159 132
159 143
159 146
159 152
159 153
159 154
159 155
159 158
159 166
159 167
159 171
159 175
159 182
159 186
159 188
159 189
159 190
159 197
159 202
159 206
159 216
160 16
160 24
160 26
160 32
160 34
160 47
160 49
160 55
160 56
160 57
160 62
160 64
160 66
160 70
160 72
160 73
160 80
160 92
160 99
160 100
160 102
160 103
160 106
160 107
160 108
160 109
160 115
160 117
160 119
160 123
160 125
160 127
160 129
160 131
160 133
160 136
160 138
160 146
160 147
160 148
160 149
160 150
160 151
160 158
160 169
160 171
160 172
160 173
160 176
160 177
160 178
160 180
160 181
160 188
160 189
160 195
160 202
160 203
160 217
160 218
160 220
161 7
161 8
161 9
161 11
161 16
161 17
161 20
161 26
161 35
161 37
161 38
161 42
161 45
161 50
161 51
161 52
161 54
161 55
161 57
161 59
161 62
161 63
161 66
161 72
161 77
161 84
161 87
161 91
161 92
161 94
161 95
161 96
161 97
161 100
161 107
161 113
161 114
161 115
161 119
161 126
161 129
161 136
161 138
161 140
161 144
161 146
161 147
161 152
161 154
161 155
161 165
161 168
161 169
161 173
161 175
161 180
161 182
161 186
161 197
161 202
161 209
161 210
161 211
161 212
161 217
161 219
162 4
162 7
162 9
162 13
162 18
162 20
162 23
162 27
162 29
162 36
162 37
162 42
162 46
162 47
162 50
162 56
162 61
162 63
162 65
162 66
162 69
162 70
162 76
162 79
162 83
162 85
162 88
162 94
162 101
162 107
162 109
162 125
162 128
162 129
162 132
162 139
162 145
162 148
162 149
162 150
162 154
162 161
162 168
162 173
162 176
162 181
162 184
162 189
162 192
162 199
162 202
162 207
162 209
162 210
162 212
162 213
162 218
163 3
163 7
163 9
163 12
163 13
163 23
163 24
163 28
163 32
163 35
163 39
163 42
163 46
163 63
163 69
163 74
163 75
163 87
163 90
163 104
163 111
163 120
163 122
163 125
163 136
163 141
163 145
163 147
163 148
163 158
163 161
163 167
163 168
163 175
163 178
163 183
163 188
163 190
163 195
163 196
163 198
163 200
163 204
163 205
163 207
163 210
163 220
164 18
164 22
164 32
164 33
164 35
164 36
164 38
164 39
164 43
164 52
164 55
164 58
164 59
164 60
164 66
164 85
164 89
164 92
164 95
164 100
164 106
164 107
164 108
164 109
164 110
164 117
164 120
164 121
164 123
164 126
164 132
164 133
164 140
164 146
164 155
164 156
164 158
164 160
164 167
164 169
164 174
164 175
164 180
164 182
164 186
164 188
164 191
164 196
164 197
164 198
164 202
164 208
164 214
164 215
164 216
165 3
165 8
165 20
165 22
165 24
165 28
165 29
165 31
165 34
165 35
165 43
165 52
165 55
165 59
165 60
165 62
165 66
165 83
165 87
165 92
165 100
165 104
165 107
165 111
165 112
165 121
165 122
165 123
165 125
165 128
165 133
165 134
165 136
165 138
165 145
165 146
165 151
165 152
165 160
165 161
165 163
165 171
165 172
165 173
165 178
165 183
165 192
165 193
165 201
165 203
165 205
165 208
165 209
165 210
165 213
166 1
166 13
166 16
166 25
166 27
166 30
166 32
166 34
166 50
166 52
166 55
166 57
166 60
166 65
166 68
166 69
166 73
166 74
166 76
166 77
166 87
166 90
166 91
166 101
166 104
166 105
166 123
166 127
166 131
166 143
166 148
166 150
166 154
166 157
166 160
166 163
166 164
166 167
166 170
166 173
166 174
166 178
166 182
166 184
166 189
166 195
166 197
166 201
166 202
166 203
166 207
166 209
166 211
166 213
166 219
166 220
167 4
167 6
167 11
167 15
167 21
167 31
167 35
167 37
167 43
167 54
167 56
167 59
167 61
167 67
167 71
167 72
167 75
167 83
167 98
167 99
167 104
167 107
167 110
167 114
167 117
167 129
167 130
167 135
167 139
167 144
167 145
167 148
167 150
167 159
167 163
167 164
167 166
167 172
167 174
167 176
167 181
167 182
167 184
167 193
167 194
167 199
167 202
167 205
167 208
167 210
167 212
167 219
168 1
168 9
168 12
168 19
168 22
168 23
168 25
168 27
168 38
168 61
168 68
168 71
168 73
168 74
168 78
168 85
168 88
168 91
168 94
168 97
168 101
168 104
168 105
168 109
168 110
168 113
168 123
168 124
168 125
168 129
168 134
168 135
168 138
168 145
168 156
168 159
168 161
168 164
168 171
168 176
168 180
168 182
168 184
168 185
168 191
168 195
168 198
168 202
168 211
168 212
168 219
169 6
169 9
169 11
169 21
169 25
169 28
169 34
169 35
169 36
169 37
169 38
169 40
169 43
169 56
169 63
169 70
169 75
169 84
169 87
169 93
169 105
169 108
169 110
169 126
169 141
169 150
169 151
169 162
169 163
169 174
169 176
169 185
169 186
169 187
169 189
169 190
169 196
169 197
169 206
169 214
169 215
170 4
170 5
170 16
170 19
170 23
170 27
170 30
170 40
170 44
170 49
170 51
170 59
170 60
170 63
170 66
170 67
170 72
170 74
170 75
170 77
170 79
170 81
170 82
170 85
170 86
170 87
170 91
170 102
170 103
170 106
170 109
170 112
170 113
170 115
170 116
170 125
170 130
170 140
170 141
170 144
170 146
170 149
170 154
170 156
170 159
170 162
170 167
170 177
170 180
170 182
170 186
170 196
170 197
170 200
170 203
170 205
170 216
170 218
170 219
171 1
171 10
171 15
171 27
171 34
171 37
171 38
171 42
171 43
171 48
171 50
171 51
171 52
171 55
171 56
171 57
171 65
171 68
171 71
171 93
171 99
171 106
171 110
171 113
171 119
171 120
171 124
171 126
171 131
171 132
171 140
171 151
171 160
171 164
171 168
171 169
171 175
171 178
171 179
171 180
171 187
171 188
171 199
171 200
171 207
171 210
172 7
172 8
172 9
172 13
172 25
172 26
172 33
172 34
172 37
172 38
172 39
172 45
172 47
172 49
172 51
172 52
172 56
172 60
172 64
172 68
172 73
172 74
172 75
172 77
172 81
172 83
172 85
172 87
172 90
172 94
172 96
172 97
172 98
172 101
172 104
172 105
172 108
172 110
172 130
172 136
172 138
172 141
172 150
172 156
172 168
172 176
172 177
172 182
172 189
172 192
172 193
172 206
172 208
172 214
172 219
173 4
173 6
173 10
173 12
173 15
173 17
173 24
173 26
173 31
173 36
173 37
173 42
173 43
173 44
173 52
173 62
173 66
173 74
173 77
173 83
173 87
173 91
173 96
173 97
173 99
173 101
173 103
173 112
173 116
173 117
173 121
173 122
173 128
173 131
173 134
173 136
173 144
173 146
173 159
173 163
173 165
173 166
173 170
173 171
173 179
173 184
173 185
173 191
173 192
173 197
173 198
173 200
173 201
173 203
173 208
173 211
173 213
173 215
173 219
173 220
174 1
174 3
174 7
174 8
174 21
174 24
174 31
174 34
174 42
174 45
174 57
174 60
174 69
174 70
174 76
174 79
174 86
174 89
174 92
174 98
174 99
174 103
174 111
174 112
174 114
174 115
174 126
174 127
174 128
174 135
174 137
174 138
174 139
174 145
174 146
174 148
174 149
174 155
174 157
174 161
174 162
174 163
174 166
174 167
174 172
174 173
174 176
174 181
174 189
174 190
174 195
174 198
174 204
174 205
174 209
174 214
174 216
174 218
175 2
175 6
175 11
175 14
175 15
175 18
175 19
175 26
175 32
175 33
175 49
175 59
175 61
175 69
175 70
175 72
175 73
175 85
175 87
175 100
175 101
175 114
175 115
175 117
175 123
175 125
175 126
175 127
175 129
175 130
175 137
175 145
175 148
175 153
175 154
175 167
175 173
175 183
175 185
175 193
175 201
175 202
175 204
175 205
176 6
176 10
176 11
176 13
176 20
176 22
176 25
176 27
176 28
176 31
176 33
176 46
176 52
176 55
176 59
176 65
176 76
176 90
176 93
176 97
176 101
176 102
176 108
176 113
176 114
176 116
176 118
176 119
176 122
176 124
176 125
176 128
176 129
176 135
176 144
176 145
176 147
176 154
176 155
176 156
176 157
176 159
176 181
176 186
176 190
176 191
176 204
176 205
176 207
176 209
176 211
176 214
176 216
177 2
177 11
177 12
177 16
177 19
177 24
177 25
177 26
177 29
177 44
177 47
177 49
177 50
177 56
177 59
177 64
177 75
177 79
177 81
177 83
177 92
177 93
177 95
177 99
177 101
177 103
177 104
177 107
177 108
177 115
177 116
177 118
177 120
177 122
177 123
177 127
177 134
177 140
177 141
177 148
177 154
177 156
177 160
177 161
177 164
177 167
177 168
177 169
177 171
177 172
177 179
177 183
177 185
177 186
177 190
177 192
177 194
177 196
177 197
177 198
177 201
177 203
177 206
177 207
177 212
177 214
177 217
178 4
178 5
178 9
178 12
178 13
178 14
178 18
178 19
178 35
178 43
178 47
178 50
178 51
178 52
178 54
178 61
178 69
178 70
178 75
178 76
178 79
178 88
178 89
178 92
178 96
178 97
178 107
178 113
178 114
178 119
178 126
178 137
178 139
178 141
178 143
178 144
178 145
178 154
178 157
178 158
178 164
178 165
178 168
178 172
178 175
178 179
178 182
178 183
178 184
178 189
178 194
178 200
178 206
178 208
178 209
178 215
178 219
179 9
179 11
179 23
179 26
179 29
179 30
179 35
179 36
179 37
179 38
179 39
179 40
179 42
179 47
179 55
179 57
179 58
179 59
179 60
179 71
179 79
179 82
179 87
179 89
179 90
179 92
179 95
179 99
179 114
179 118
179 124
179 126
179 131
179 135
179 140
179 144
179 148
179 149
179 164
179 170
179 180
179 186
179 189
179 191
179 200
179 203
179 205
179 208
179 211
179 213
180 1
180 2
180 11
180 12
180 28
180 33
180 37
180 40
180 42
180 43
180 44
180 45
180 50
180 58
180 66
180 67
180 68
180 72
180 73
180 77
180 84
180 85
180 86
180 92
180 93
180 94
180 97
180 114
180 120
180 121
180 122
180 124
180 132
180 133
180 136
180 139
180 144
180 149
180 152
180 153
180 168
180 172
180 173
180 174
180 183
180 186
180 188
180 191
180 197
180 207
180 210
180 219
181 4
181 25
181 35
181 38
181 41
181 43
181 47
181 48
181 49
181 60
181 70
181 71
181 73
181 76
181 83
181 91
181 94
181 96
181 97
181 98
181 106
181 109
181 112
181 119
181 122
181 125
181 133
181 137
181 138
181 146
181 147
181 157
181 159
181 161
181 162
181 172
181 174
181 177
181 178
181 184
181 186
181 190
181 191
181 194
181 199
181 202
181 213
181 218
181 219
181 220
182 1
182 2
182 3
182 6
182 8
182 12
182 14
182 22
182 24
182 25
182 29
182 38
182 39
182 43
182 47
182 55
182 70
182 79
182 80
182 94
182 100
182 104
182 115
182 118
182 120
182 124
182 127
182 128
182 131
182 138
182 142
182 147
182 151
182 160
182 161
182 165
182 166
182 167
182 172
182 176
182 183
182 186
182 191
182 192
182 202
182 208
182 213
182 215
182 216
183 2
183 6
183 8
183 9
183 10
183 15
183 21
183 25
183 31
183 32
183 35
183 41
183 45
183 46
183 48
183 54
183 65
183 67
183 75
183 76
183 77
183 79
183 81
183 83
183 85
183 103
183 106
183 107
183 109
183 113
183 117
183 121
183 128
183 133
183 134
183 137
183 142
183 163
183 170
183 172
183 176
183 179
183 184
183 188
183 191
183 192
183 194
183 195
183 196
183 197
183 198
183 199
183 204
183 207
183 209
183 211
183 213
183 219
184 10
184 11
184 13
184 17
184 19
184 25
184 33
184 47
184 49
184 50
184 52
184 53
184 54
184 58
184 69
184 70
184 82
184 88
184 89
184 90
184 102
184 104
184 108
184 115
184 120
184 121
184 126
184 128
184 129
184 136
184 138
184 145
184 149
184 151
184 152
184 158
184 160
184 164
184 166
184 173
184 177
184 185
184 200
184 202
184 209
184 211
184 212
184 216
184 217
185 9
185 21
185 22
185 24
185 31
185 37
185 40
185 44
185 49
185 51
185 60
185 62
185 63
185 74
185 79
185 80
185 84
185 87
185 91
185 92
185 95
185 96
185 100
185 101
185 102
185 103
185 111
185 113
185 117
185 135
185 136
185 137
185 143
185 144
185 146
185 150
185 155
185 157
185 161
185 162
185 164
185 175
185 182
185 188
185 191
185 194
185 195
185 196
185 201
185 204
185 218
185 219
186 3
186 14
186 22
186 27
186 29
186 32
186 38
186 41
186 43
186 51
186 54
186 58
186 60
186 72
186 76
186 81
186 82
186 83
186 84
186 88
186 91
186 93
186 97
186 100
186 102
186 103
186 110
186 112
186 119
186 120
186 123
186 138
186 141
186 155
186 157
186 165
186 166
186 170
186 172
186 178
186 179
186 181
186 183
186 193
186 194
186 199
186 200
186 203
186 206
186 207
186 210
186 214
186 216
186 220
187 4
187 5
187 8
187 9
187 13
187 25
187 26
187 27
187 33
187 34
187 37
187 40
187 51
187 52
187 53
187 54
187 67
187 73
187 74
187 76
187 78
187 79
187 81
187 84
187 87
187 93
187 94
187 100
187 102
187 103
187 107
187 115
187 117
187 128
187 129
187 131
187 143
187 147
187 151
187 156
187 158
187 167
187 171
187 173
187 180
187 181
187 182
187 188
187 191
187 197
187 200
187 208
187 209
187 210
187 217
187 218
187 220
188 6
188 14
188 21
188 24
188 25
188 26
188 43
188 48
188 49
188 51
188 61
188 63
188 65
188 71
188 73
188 81
188 90
188 94
188 96
188 99
188 101
188 102
188 103
188 105
188 106
188 108
188 110
188 113
188 119
188 123
188 128
188 130
188 131
188 136
188 141
188 146
188 148
188 150
188 152
188 154
188 161
188 164
188 165
188 167
188 172
188 174
188 175
188 178
188 184
188 195
188 199
188 210
189 1
189 13
189 23
189 38
189 40
189 47
189 49
189 50
189 56
189 58
189 62
189 63
189 67
189 68
189 75
189 78
189 83
189 86
189 100
189 107
189 109
189 110
189 112
189 115
189 121
189 122
189 124
189 125
189 126
189 128
189 129
189 137
189 142
189 143
189 147
189 148
189 151
189 153
189 154
189 159
189 160
189 164
189 171
189 174
189 190
189 191
189 199
189 201
189 202
189 204
189 206
189 207
189 209
190 2
190 5
190 7
190 8
190 17
190 18
190 23
190 31
190 40
190 41
190 52
190 57
190 59
190 60
190 61
190 62
190 65
190 73
190 76
190 82
190 86
190 89
190 91
190 101
190 108
190 117
190 118
190 124
190 127
190 128
190 137
190 139
190 140
190 143
190 144
190 146
190 147
190 149
190 152
190 153
190 157
190 165
190 166
190 168
190 181
190 188
190 198
190 199
190 202
190 210
190 214
190 216
191 2
191 4
191 5
191 8
191 14
191 16
191 22
191 26
191 27
191 30
191 34
191 38
191 40
191 41
191 46
191 61
191 71
191 73
191 76
191 77
191 80
191 85
191 88
191 90
191 96
191 104
191 109
191 111
191 122
191 133
191 135
191 136
191 139
191 143
191 147
191 148
191 154
191 155
191 159
191 163
191 168
191 172
191 179
191 181
191 184
191 186
191 188
191 197
191 215
191 216
191 220
192 1
192 5
192 14
192 17
192 18
192 22
192 24
192 31
192 37
192 38
192 39
192 44
192 45
192 51
192 53
192 57
192 58
192 70
192 71
192 72
192 75
192 77
192 81
192 89
192 97
192 106
192 108
192 117
192 120
192 124
192 128
192 133
192 135
192 141
192 143
192 148
192 149
192 154
192 161
192 163
192 170
192 172
192 177
192 185
192 194
192 198
192 199
192 203
192 208
192 212
192 213
192 216
192 218
192 220
193 4
193 5
193 8
193 10
193 21
193 22
193 23
193 28
193 29
193 30
193 35
193 41
193 42
193 44
193 64
193 67
193 68
193 72
193 73
193 74
193 83
193 93
193 96
193 105
193 106
193 107
193 111
193 112
193 120
193 125
193 130
193 136
193 140
193 151
193 153
193 154
193 156
193 165
193 166
193 167
193 168
193 172
193 174
193 184
193 188
193 190
193 191
193 199
193 202
193 203
193 204
193 213
193 214
193 217
194 3
194 5
194 18
194 24
194 31
194 36
194 39
194 40
194 42
194 46
194 57
194 58
194 60
194 61
194 65
194 68
194 72
194 75
194 77
194 80
194 86
194 92
194 95
194 96
194 110
194 112
194 116
194 117
194 123
194 124
194 125
194 130
194 132
194 133
194 138
194 142
194 146
194 150
194 151
194 153
194 156
194 160
194 165
194 185
194 186
194 190
194 200
194 202
194 204
194 209
195 4
195 10
195 15
195 17
195 19
195 22
195 29
195 37
195 51
195 53
195 55
195 59
195 61
195 62
195 67
195 74
195 77
195 78
195 84
195 87
195 92
195 96
195 101
195 113
195 114
195 116
195 120
195 127
195 129
195 133
195 143
195 149
195 161
195 168
195 173
195 174
195 177
195 178
195 183
195 184
195 186
195 193
195 200
195 201
195 204
195 208
195 213
195 218
196 2
196 8
196 13
196 14
196 17
196 19
196 23
196 31
196 33
196 41
196 45
196 49
196 55
196 57
196 61
196 69
196 70
196 84
196 89
196 93
196 95
196 97
196 101
196 103
196 108
196 115
196 133
196 134
196 146
196 149
196 154
196 156
196 169
196 176
196 177
196 181
196 183
196 187
196 190
196 195
196 210
196 211
196 214
196 217
196 220
197 3
197 13
197 14
197 15
197 17
197 22
197 23
197 31
197 41
197 43
197 45
197 52
197 53
197 60
197 66
197 68
197 70
197 78
197 79
197 83
197 86
197 91
197 95
197 102
197 105
197 110
197 114
197 115
197 118
197 121
197 122
197 124
197 129
197 132
197 138
197 148
197 151
197 152
197 153
197 156
197 159
197 163
197 172
197 173
197 175
197 176
197 177
197 180
197 181
197 193
197 200
197 205
197 209
197 216
197 220
198 10
198 13
198 16
198 20
198 23
198 24
198 29
198 40
198 41
198 44
198 47
198 48
198 51
198 53
198 60
198 62
198 64
198 66
198 67
198 68
198 78
198 83
198 84
198 85
198 86
198 106
198 108
198 112
198 114
198 117
198 119
198 122
198 123
198 124
198 127
198 138
198 140
198 143
198 145
198 146
198 149
198 151
198 163
198 165
198 166
198 169
198 170
198 172
198 179
198 183
198 185
198 188
198 190
198 196
198 199
198 201
198 213
199 2
199 4
199 6
199 7
199 12
199 18
199 21
199 23
199 31
199 36
199 41
199 43
199 46
199 52
199 54
199 57
199 58
199 63
199 64
199 66
199 68
199 69
199 80
199 89
199 92
199 94
199 95
199 96
199 102
199 104
199 105
199 119
199 122
199 125
199 129
199 138
199 143
199 153
199 157
199 160
199 174
199 175
199 176
199 183
199 184
199 198
199 203
199 208
199 212
200 3
200 4
200 10
200 13
200 14
200 17
200 18
200 19
200 28
200 32
200 34
200 39
200 41
200 51
200 53
200 55
200 57
200 58
200 60
200 66
200 72
200 84
200 106
200 107
200 115
200 116
200 119
200 126
200 130
200 132
200 137
200 140
200 144
200 155
200 157
200 164
200 169
200 176
200 193
200 205
200 208
200 211
200 213
200 220
201 5
201 8
201 22
201 27
201 29
201 37
201 43
201 44
201 45
201 46
201 47
201 51
201 52
201 53
201 57
201 63
201 66
201 67
201 69
201 72
201 77
201 79
201 80
201 81
201 85
201 86
201 96
201 99
201 101
201 107
201 113
201 116
201 119
201 123
201 126
201 127
201 129
201 140
201 141
201 143
201 145
201 146
201 147
201 149
201 153
201 157
201 179
201 185
201 188
201 195
201 204
201 212
201 217
201 218
202 5
202 7
202 9
202 12
202 17
202 18
202 20
202 22
202 25
202 35
202 44
202 55
202 58
202 63
202 67
202 73
202 75
202 77
202 78
202 80
202 82
202 83
202 84
202 85
202 87
202 89
202 92
202 98
202 103
202 104
202 105
202 112
202 114
202 115
202 119
202 128
202 130
202 134
202 136
202 139
202 151
202 152
202 157
202 160
202 161
202 162
202 166
202 167
202 170
202 174
202 179
202 184
202 188
202 196
202 200
202 201
202 203
202 207
202 208
202 213
202 217
203 2
203 3
203 7
203 8
203 9
203 10
203 11
203 12
203 17
203 19
203 20
203 22
203 23
203 29
203 39
203 44
203 48
203 52
203 63
203 65
203 68
203 70
203 88
203 90
203 95
203 98
203 102
203 104
203 105
203 107
203 112
203 114
203 115
203 116
203 120
203 126
203 128
203 131
203 133
203 134
203 135
203 139
203 143
203 144
203 151
203 155
203 157
203 158
203 160
203 163
203 168
203 176
203 177
203 180
203 184
203 186
203 187
203 188
203 197
203 199
203 204
203 207
203 208
203 213
203 218
204 1
204 2
204 4
204 14
204 17
204 19
204 21
204 27
204 29
204 33
204 46
204 50
204 56
204 62
204 63
204 67
204 70
204 72
204 81
204 84
204 85
204 90
204 109
204 115
204 116
204 120
204 128
204 129
204 132
204 136
204 137
204 139
204 141
204 143
204 146
204 151
204 155
204 163
204 164
204 166
204 170
204 172
204 179
204 184
204 188
204 193
204 200
204 201
204 203
204 208
204 213
204 214
204 218
204 219
205 6
205 12
205 15
205 17
205 18
205 21
205 24
205 35
205 38
205 40
205 41
205 43
205 46
205 52
205 70
205 79
205 84
205 85
205 86
205 92
205 93
205 94
205 97
205 105
205 107
205 109
205 111
205 117
205 119
205 121
205 122
205 127
205 129
205 140
205 142
205 146
205 149
205 163
205 172
205 174
205 178
205 179
205 180
205 183
205 192
205 194
205 198
205 207
205 209
205 210
205 220
206 1
206 5
206 15
206 18
206 19
206 20
206 25
206 28
206 33
206 41
206 42
206 44
206 45
206 50
206 51
206 54
206 57
206 62
206 67
206 68
206 92
206 97
206 98
206 99
206 110
206 112
206 113
206 115
206 123
206 127
206 128
206 129
206 143
206 145
206 146
206 157
206 159
206 169
206 171
206 174
206 177
206 181
206 186
206 196
206 198
206 200
206 202
206 211
206 213
206 218
207 1
207 3
207 7
207 13
207 19
207 22
207 26
207 27
207 29
207 32
207 52
207 53
207 56
207 58
207 60
207 62
207 66
207 67
207 70
207 75
207 76
207 81
207 82
207 85
207 88
207 93
207 94
207 100
207 103
207 107
207 108
207 112
207 114
207 119
207 120
207 121
207 141
207 143
207 151
207 152
207 155
207 158
207 160
207 162
207 163
207 165
207 170
207 171
207 172
207 178
207 184
207 196
207 199
207 204
207 205
207 214
207 219
208 4
208 5
208 7
208 14
208 17
208 18
208 22
208 24
208 31
208 38
208 39
208 52
208 54
208 58
208 62
208 66
208 68
208 69
208 70
208 71
208 72
208 76
208 84
208 86
208 89
208 90
208 91
208 104
208 107
208 108
208 110
208 116
208 125
208 127
208 128
208 132
208 137
208 139
208 141
208 146
208 149
208 150
208 152
208 154
208 156
208 159
208 161
208 162
208 165
208 171
208 176
208 178
208 183
208 191
208 197
208 198
208 207
208 209
208 212
208 217
209 4
209 8
209 9
209 13
209 15
209 23
209 24
209 26
209 27
209 30
209 31
209 37
209 50
209 51
209 57
209 58
209 59
209 63
209 65
209 70
209 71
209 73
209 82
209 86
209 88
209 90
209 93
209 94
209 97
209 112
209 114
209 116
209 117
209 118
209 119
209 120
209 127
209 129
209 134
209 136
209 139
209 142
209 148
209 153
209 154
209 156
209 158
209 161
209 162
209 172
209 173
209 181
209 182
209 183
209 185
209 186
209 187
209 192
209 193
209 201
209 205
209 212
210 9
210 12
210 15
210 23
210 35
210 37
210 41
210 48
210 49
210 51
210 65
210 70
210 73
210 90
210 93
210 94
210 101
210 103
210 104
210 114
210 117
210 121
210 123
210 124
210 125
210 131
210 144
210 146
210 153
210 156
210 163
210 165
210 175
210 178
210 180
210 182
210 184
210 185
210 187
210 189
210 191
210 194
210 197
210 199
210 200
210 201
210 203
210 208
210 216
211 1
211 2
211 8
211 15
211 22
211 25
211 26
211 31
211 32
211 34
211 37
211 41
211 43
211 50
211 53
211 54
211 57
211 61
211 64
211 68
211 70
211 86
211 87
211 89
211 91
211 93
211 96
211 97
211 103
211 113
211 116
211 122
211 127
211 130
211 132
211 134
211 138
211 147
211 148
211 149
211 154
211 155
211 157
211 164
211 165
211 171
211 172
211 188
211 189
211 192
211 197
211 200
211 201
211 207
211 208
211 214
211 215
212 1
212 2
212 3
212 4
212 5
212 7
212 10
212 14
212 17
212 18
212 21
212 26
212 27
212 28
212 37
212 38
212 41
212 42
212 43
212 44
212 48
212 49
212 56
212 57
212 60
212 64
212 69
212 73
212 74
212 80
212 91
212 95
212 100
212 105
212 111
212 118
212 128
212 132
212 136
212 139
212 145
212 147
212 149
212 154
212 155
212 160
212 164
212 165
212 169
212 177
212 178
212 181
212 188
212 191
212 193
212 196
212 200
212 202
212 205
212 206
213 2
213 4
213 10
213 14
213 16
213 18
213 19
213 21
213 24
213 33
213 39
213 41
213 45
213 51
213 54
213 56
213 61
213 62
213 66
213 73
213 75
213 77
213 78
213 86
213 90
213 91
213 95
213 100
213 109
213 110
213 113
213 114
213 116
213 117
213 118
213 120
213 123
213 128
213 136
213 141
213 142
213 149
213 160
213 161
213 166
213 168
213 172
213 187
213 188
213 189
213 197
213 204
213 208
213 219
214 4
214 10
214 12
214 18
214 23
214 27
214 38
214 39
214 51
214 52
214 53
214 55
214 56
214 59
214 64
214 67
214 70
214 72
214 73
214 77
214 79
214 84
214 94
214 96
214 100
214 102
214 104
214 107
214 109
214 112
214 113
214 114
214 115
214 120
214 124
214 125
214 129
214 131
214 135
214 137
214 146
214 148
214 151
214 152
214 154
214 159
214 165
214 166
214 169
214 179
214 180
214 183
214 187
214 203
214 205
214 206
214 218
215 11
215 13
215 27
215 29
215 35
215 38
215 42
215 43
215 48
215 51
215 54
215 55
215 63
215 64
215 65
215 66
215 77
215 79
215 86
215 87
215 93
215 94
215 96
215 98
215 100
215 101
215 104
215 105
215 106
215 114
215 115
215 119
215 122
215 125
215 132
215 136
215 141
215 151
215 153
215 155
215 159
215 160
215 164
215 180
215 183
215 185
215 192
215 198
215 203
215 204
215 205
215 209
215 210
215 216
215 217
215 220
216 3
216 4
216 6
216 9
216 16
216 17
216 18
216 34
216 37
216 40
216 45
216 53
216 55
216 58
216 59
216 60
216 61
216 62
216 82
216 89
216 93
216 100
216 102
216 106
216 107
216 113
216 115
216 117
216 133
216 137
216 144
216 150
216 152
216 153
216 158
216 161
216 165
216 170
216 178
216 183
216 187
216 197
216 198
216 204
216 213
216 219
217 7
217 9
217 18
217 19
217 22
217 23
217 26
217 33
217 37
217 38
217 45
217 50
217 56
217 63
217 65
217 66
217 67
217 68
217 78
217 87
217 89
217 90
217 91
217 98
217 101
217 108
217 111
217 112
217 129
217 130
217 131
217 132
217 134
217 135
217 139
217 142
217 144
217 145
217 151
217 152
217 153
217 156
217 157
217 158
217 159
217 161
217 164
217 166
217 169
217 171
217 172
217 175
217 176
217 177
217 181
217 185
217 186
217 190
217 192
217 198
217 204
217 208
217 213
217 215
217 220
218 2
218 3
218 7
218 12
218 13
218 14
218 20
218 21
218 25
218 26
218 29
218 31
218 33
218 39
218 43
218 45
218 47
218 49
218 55
218 56
218 57
218 58
218 60
218 62
218 69
218 71
218 72
218 84
218 88
218 91
218 98
218 99
218 102
218 107
218 123
218 135
218 140
218 142
218 144
218 151
218 152
218 158
218 167
218 170
218 179
218 188
218 191
218 195
218 203
218 204
218 205
218 206
218 207
218 209
218 219
218 220
219 1
219 5
219 6
219 7
219 17
219 25
219 30
219 36
219 39
219 40
219 42
219 44
219 50
219 53
219 54
219 55
219 57
219 58
219 67
219 69
219 70
219 73
219 88
219 90
219 92
219 93
219 97
219 99
219 104
219 105
219 106
219 107
219 112
219 115
219 117
219 121
219 127
219 131
219 135
219 136
219 143
219 145
219 148
219 151
219 157
219 158
219 159
219 163
219 164
219 166
219 172
219 175
219 176
219 178
219 179
219 184
219 185
219 187
219 192
219 195
219 196
219 202
219 203
219 204
219 214
219 218
220 5
220 10
220 11
220 12
220 13
220 19
220 30
220 34
220 36
220 37
220 38
220 42
220 43
220 52
220 70
220 73
220 82
220 89
220 90
220 95
220 97
220 98
220 101
220 104
220 111
220 115
220 116
220 121
220 124
220 127
220 134
220 136
220 140
220 146
220 149
220 150
220 154
220 162
220 163
220 167
220 169
220 170
220 172
220 177
220 181
220 184
220 185
220 186
220 187
220 188
220 190
220 201
220 209
220 218
