40
396
1 4
1 9
1 10
1 16
1 18
1 19
1 29
1 33
1 36
1 37
1 39
2 4
2 5
2 7
2 10
2 15
2 19
2 28
2 32
2 35
2 36
2 40
3 4
3 8
3 11
3 12
3 13
3 15
3 28
3 29
3 40
4 2
4 5
4 10
4 11
4 12
4 13
4 14
4 18
4 21
4 27
5 2
5 6
5 9
5 10
5 11
5 19
5 21
5 24
5 30
5 32
5 34
5 36
6 7
6 8
6 14
6 16
6 17
6 21
6 23
6 32
6 36
6 39
6 40
7 2
7 4
7 15
7 17
7 19
7 26
7 28
7 29
7 31
8 5
8 9
8 19
8 25
8 27
8 38
9 11
9 13
9 27
9 30
9 31
9 37
9 40
10 14
10 18
10 19
10 26
10 27
10 29
10 34
11 2
11 4
11 7
11 8
11 17
11 26
11 27
11 28
11 32
12 1
12 4
12 6
12 8
12 13
12 19
12 20
12 23
12 27
12 29
12 31
12 32
12 35
12 36
12 39
12 40
13 1
13 3
13 4
13 6
13 11
13 17
13 21
13 22
13 24
13 30
13 33
13 37
13 40
14 1
14 12
14 24
14 26
14 28
14 30
14 33
14 39
15 7
15 11
15 12
15 14
15 23
15 29
15 30
15 31
15 35
15 36
15 37
15 38
15 39
16 7
16 20
16 23
16 29
16 31
16 32
16 35
16 38
17 5
17 18
17 26
17 29
17 30
17 31
17 36
17 39
18 4
18 12
18 23
18 26
19 5
19 17
19 20
19 25
19 26
19 32
19 34
19 35
19 37
19 39
20 2
20 12
20 13
20 23
20 26
20 29
20 30
20 32
20 33
20 34
20 36
21 1
21 4
21 5
21 6
21 12
21 19
21 27
21 29
21 30
21 34
21 35
21 37
21 40
22 1
22 7
22 10
22 12
22 19
22 20
22 30
22 31
22 35
22 39
22 40
23 1
23 5
23 8
23 11
23 16
23 28
23 34
23 37
23 38
24 5
24 10
24 11
24 14
24 16
24 18
24 20
24 23
24 32
24 34
25 2
25 4
25 8
25 14
25 23
25 30
25 36
25 38
25 40
26 5
26 6
26 7
26 13
26 23
26 24
26 29
26 33
26 35
26 37
27 3
27 7
27 8
27 11
27 17
27 20
27 24
27 25
27 30
27 32
27 33
27 34
27 35
28 10
28 11
28 16
28 18
28 26
28 30
28 35
28 36
29 1
29 2
29 8
29 9
29 11
29 18
29 19
29 25
29 27
29 31
29 34
29 36
30 7
30 23
30 28
30 31
30 33
30 35
30 36
31 7
31 12
31 15
31 19
31 20
31 22
31 27
31 36
31 40
32 1
32 5
32 6
32 22
32 25
32 30
32 35
32 36
32 39
33 1
33 22
33 23
33 29
33 30
33 35
34 2
34 4
34 5
34 9
34 10
34 14
34 17
34 18
34 19
34 21
34 30
34 31
34 32
34 35
34 36
34 38
34 40
35 3
35 5
35 19
35 24
35 29
35 34
35 36
35 39
36 1
36 7
36 9
36 18
36 21
36 23
36 26
36 27
36 29
36 30
36 34
36 37
37 8
37 9
37 12
37 16
37 25
37 27
37 29
37 32
37 34
37 35
37 36
37 38
38 3
38 4
38 7
38 16
38 20
38 21
38 27
38 32
39 3
39 10
39 16
39 17
39 18
39 19
39 29
39 32
39 35
40 2
40 5
40 6
40 7
40 9
40 15
40 17
40 18
40 23
40 24
40 34
