40
199
2 1
3 1
4 1
6 4
7 3
8 1
8 3
8 5
8 6
8 7
9 4
9 8
10 1
10 2
10 3
11 10
12 3
12 5
12 9
14 1
14 7
14 8
14 9
14 10
15 1
15 2
15 3
15 4
15 7
15 8
15 12
16 1
16 3
16 8
16 9
17 1
17 3
17 12
17 13
18 2
18 4
18 5
18 6
18 8
18 10
18 11
18 12
19 5
19 13
19 16
20 4
20 10
20 11
20 12
20 17
21 4
21 7
21 13
22 1
22 2
22 9
23 1
23 4
23 5
23 8
23 10
23 18
23 19
23 21
24 3
24 6
24 10
24 14
24 18
25 1
25 3
25 6
25 9
25 11
25 12
25 13
25 17
25 18
26 2
26 4
26 5
26 6
26 14
26 22
27 2
27 10
27 14
27 17
28 2
28 4
28 7
28 9
28 10
28 12
28 13
28 15
29 1
29 3
29 9
29 11
29 16
29 17
29 25
29 28
30 6
30 9
30 12
30 15
30 17
30 23
30 24
30 25
31 10
31 12
31 16
31 19
31 20
31 24
31 25
32 1
32 5
32 8
32 13
32 17
32 19
32 20
32 24
32 25
32 27
32 28
32 31
33 13
33 24
33 27
33 29
33 31
33 32
34 1
34 5
34 8
34 10
34 21
34 26
34 27
35 4
35 6
35 8
35 13
35 16
35 32
36 2
36 4
36 17
36 18
36 20
36 22
36 25
36 34
37 4
37 5
37 20
37 21
37 30
37 31
37 33
37 34
38 1
38 7
38 14
38 16
38 26
39 3
39 6
39 7
39 8
39 9
39 17
39 20
39 25
39 28
39 29
39 32
40 2
40 3
40 10
40 13
40 14
40 17
40 18
40 19
40 21
40 22
40 26
40 39
