60
1756
1 2
1 3
1 4
1 7
1 8
1 10
1 12
1 16
1 18
1 19
1 20
1 25
1 27
1 28
1 31
1 32
1 34
1 36
1 37
1 38
1 40
1 44
1 45
1 47
1 51
1 53
1 54
1 57
1 59
2 1
2 3
2 5
2 7
2 8
2 9
2 10
2 11
2 12
2 15
2 16
2 18
2 19
2 20
2 23
2 24
2 25
2 26
2 30
2 35
2 36
2 37
2 42
2 44
2 45
2 47
2 50
2 52
2 54
2 56
3 1
3 2
3 9
3 12
3 14
3 17
3 18
3 26
3 27
3 28
3 31
3 34
3 35
3 36
3 37
3 38
3 40
3 44
3 46
3 47
3 52
3 53
3 54
3 57
4 6
4 8
4 9
4 10
4 11
4 13
4 15
4 16
4 18
4 19
4 20
4 22
4 23
4 25
4 26
4 29
4 30
4 32
4 33
4 35
4 36
4 37
4 38
4 40
4 41
4 42
4 43
4 44
4 46
4 47
4 49
4 51
4 52
4 55
4 56
4 58
4 59
5 2
5 6
5 7
5 9
5 11
5 15
5 16
5 17
5 18
5 23
5 24
5 25
5 27
5 29
5 30
5 32
5 34
5 35
5 36
5 38
5 40
5 41
5 42
5 51
5 52
5 55
5 56
5 57
5 58
5 59
5 60
6 2
6 5
6 7
6 9
6 10
6 12
6 14
6 15
6 16
6 17
6 24
6 27
6 30
6 33
6 36
6 41
6 43
6 45
6 51
6 54
6 55
6 58
7 1
7 3
7 5
7 6
7 10
7 11
7 14
7 15
7 16
7 17
7 20
7 22
7 27
7 31
7 32
7 35
7 38
7 39
7 40
7 41
7 42
7 43
7 44
7 45
7 46
7 47
7 48
7 53
7 55
7 56
7 57
7 58
8 3
8 4
8 9
8 11
8 12
8 15
8 18
8 21
8 27
8 28
8 29
8 31
8 33
8 36
8 37
8 38
8 39
8 40
8 41
8 42
8 43
8 46
8 47
8 48
8 49
8 51
8 52
8 55
8 57
8 58
8 59
8 60
9 4
9 5
9 6
9 11
9 13
9 14
9 15
9 16
9 17
9 19
9 20
9 22
9 25
9 27
9 28
9 30
9 31
9 32
9 33
9 34
9 35
9 36
9 37
9 38
9 40
9 43
9 44
9 45
9 48
9 53
9 57
9 58
9 59
10 2
10 3
10 4
10 6
10 7
10 9
10 12
10 13
10 14
10 15
10 17
10 18
10 19
10 20
10 21
10 27
10 30
10 32
10 35
10 36
10 37
10 39
10 40
10 42
10 45
10 49
10 50
10 52
10 55
10 59
11 2
11 3
11 4
11 5
11 6
11 8
11 10
11 12
11 13
11 14
11 15
11 17
11 20
11 21
11 22
11 23
11 26
11 27
11 30
11 31
11 33
11 34
11 35
11 36
11 37
11 40
11 41
11 43
11 47
11 52
11 53
11 55
11 57
11 60
12 2
12 3
12 7
12 8
12 11
12 15
12 19
12 20
12 21
12 22
12 23
12 25
12 26
12 29
12 30
12 36
12 37
12 38
12 39
12 40
12 42
12 44
12 45
12 46
12 47
12 53
12 55
12 60
13 3
13 4
13 5
13 7
13 9
13 10
13 11
13 12
13 14
13 15
13 18
13 19
13 25
13 26
13 30
13 32
13 34
13 35
13 37
13 38
13 40
13 42
13 44
13 46
13 47
13 48
13 49
13 51
13 53
13 54
13 57
13 58
13 59
14 2
14 3
14 4
14 6
14 7
14 8
14 16
14 17
14 22
14 24
14 25
14 26
14 29
14 30
14 31
14 38
14 39
14 40
14 41
14 45
14 46
14 48
14 50
14 53
14 54
14 56
14 57
14 58
14 59
15 3
15 4
15 5
15 7
15 8
15 9
15 10
15 13
15 14
15 16
15 17
15 18
15 20
15 25
15 26
15 29
15 34
15 36
15 38
15 39
15 40
15 43
15 48
15 49
15 50
15 51
15 52
15 53
15 54
15 57
15 58
15 59
15 60
16 1
16 2
16 3
16 4
16 7
16 9
16 10
16 12
16 13
16 17
16 22
16 23
16 25
16 26
16 29
16 30
16 33
16 35
16 37
16 41
16 43
16 45
16 47
16 49
16 52
16 55
16 56
16 58
16 59
16 60
17 3
17 4
17 5
17 6
17 8
17 9
17 13
17 15
17 16
17 18
17 19
17 20
17 23
17 26
17 29
17 31
17 32
17 34
17 35
17 36
17 37
17 47
17 48
17 49
17 51
17 53
17 56
17 58
18 1
18 2
18 4
18 5
18 7
18 10
18 11
18 12
18 14
18 16
18 17
18 20
18 21
18 23
18 24
18 25
18 26
18 27
18 29
18 34
18 36
18 38
18 43
18 44
18 45
18 46
18 47
18 52
18 55
18 57
18 60
19 2
19 3
19 5
19 9
19 10
19 12
19 14
19 17
19 20
19 21
19 23
19 25
19 26
19 27
19 29
19 30
19 32
19 33
19 38
19 45
19 46
19 50
19 53
19 54
19 58
20 1
20 2
20 5
20 7
20 8
20 10
20 12
20 13
20 15
20 16
20 17
20 19
20 21
20 22
20 23
20 27
20 28
20 31
20 32
20 33
20 34
20 36
20 38
20 40
20 44
20 47
20 50
20 51
20 55
20 57
20 60
21 1
21 2
21 3
21 4
21 6
21 7
21 8
21 9
21 10
21 14
21 15
21 16
21 19
21 20
21 23
21 27
21 28
21 29
21 31
21 32
21 33
21 37
21 38
21 41
21 42
21 44
21 50
21 52
21 55
21 57
21 58
21 60
22 1
22 2
22 4
22 5
22 7
22 8
22 10
22 13
22 14
22 17
22 20
22 21
22 23
22 26
22 29
22 30
22 32
22 35
22 37
22 38
22 39
22 40
22 43
22 44
22 45
22 46
22 47
22 49
22 50
22 53
22 55
22 57
22 59
23 1
23 2
23 3
23 6
23 8
23 11
23 12
23 13
23 14
23 15
23 25
23 29
23 30
23 32
23 33
23 36
23 37
23 38
23 39
23 40
23 42
23 45
23 50
23 51
23 52
23 56
24 1
24 3
24 4
24 7
24 8
24 10
24 14
24 15
24 20
24 21
24 23
24 25
24 27
24 29
24 32
24 33
24 36
24 37
24 40
24 42
24 43
24 49
24 51
24 52
24 55
24 56
24 57
24 59
25 2
25 3
25 4
25 5
25 6
25 7
25 8
25 10
25 12
25 14
25 16
25 17
25 24
25 27
25 28
25 30
25 32
25 33
25 35
25 36
25 37
25 39
25 41
25 44
25 45
25 46
25 47
25 50
25 55
25 56
25 57
25 59
26 1
26 2
26 3
26 4
26 6
26 7
26 9
26 10
26 12
26 13
26 15
26 16
26 19
26 20
26 21
26 22
26 24
26 29
26 31
26 34
26 36
26 37
26 38
26 39
26 40
26 41
26 42
26 44
26 45
26 46
26 47
26 48
26 49
26 50
26 51
26 53
26 54
27 3
27 5
27 7
27 8
27 12
27 19
27 20
27 24
27 26
27 31
27 33
27 35
27 39
27 44
27 45
27 46
27 48
27 49
27 51
27 52
27 53
27 59
27 60
28 1
28 2
28 6
28 10
28 12
28 13
28 18
28 21
28 22
28 24
28 26
28 27
28 30
28 33
28 34
28 35
28 38
28 40
28 42
28 44
28 45
28 46
28 48
28 49
28 54
28 55
28 57
28 58
28 59
29 1
29 2
29 3
29 4
29 5
29 6
29 7
29 8
29 10
29 11
29 12
29 15
29 16
29 18
29 21
29 22
29 24
29 34
29 35
29 39
29 41
29 46
29 47
29 48
29 54
29 58
29 59
30 4
30 7
30 8
30 9
30 12
30 13
30 14
30 16
30 17
30 20
30 21
30 31
30 32
30 33
30 37
30 39
30 40
30 41
30 46
30 47
30 48
30 51
30 53
30 55
30 57
31 1
31 3
31 5
31 6
31 7
31 10
31 11
31 12
31 14
31 17
31 19
31 21
31 23
31 24
31 25
31 29
31 30
31 32
31 35
31 40
31 43
31 44
31 45
31 46
31 47
31 53
31 54
31 57
31 58
31 59
31 60
32 2
32 3
32 4
32 5
32 11
32 12
32 13
32 15
32 16
32 20
32 22
32 23
32 24
32 25
32 27
32 29
32 31
32 36
32 38
32 40
32 41
32 42
32 45
32 51
32 52
32 56
32 57
32 58
32 59
32 60
33 4
33 5
33 6
33 7
33 10
33 11
33 12
33 13
33 14
33 16
33 17
33 18
33 19
33 20
33 24
33 26
33 27
33 28
33 32
33 37
33 39
33 40
33 42
33 43
33 44
33 45
33 53
33 54
33 59
34 3
34 5
34 6
34 9
34 10
34 12
34 13
34 15
34 16
34 20
34 23
34 25
34 27
34 28
34 29
34 33
34 35
34 38
34 39
34 40
34 42
34 44
34 46
34 50
34 51
34 55
34 57
35 1
35 2
35 5
35 7
35 9
35 12
35 15
35 19
35 21
35 23
35 29
35 30
35 33
35 34
35 36
35 38
35 40
35 41
35 42
35 44
35 45
35 47
35 48
35 49
35 54
35 55
35 56
35 57
35 58
35 59
36 1
36 2
36 3
36 4
36 8
36 9
36 10
36 11
36 12
36 13
36 16
36 17
36 18
36 19
36 21
36 22
36 23
36 25
36 26
36 29
36 30
36 31
36 32
36 35
36 37
36 38
36 39
36 44
36 45
36 48
36 53
36 56
36 60
37 1
37 2
37 4
37 12
37 13
37 14
37 17
37 19
37 29
37 30
37 31
37 36
37 39
37 41
37 42
37 44
37 45
37 46
37 51
37 52
37 53
37 54
37 56
37 57
37 60
38 2
38 11
38 13
38 17
38 19
38 21
38 24
38 27
38 30
38 31
38 33
38 34
38 36
38 37
38 40
38 41
38 42
38 43
38 44
38 48
38 49
38 50
38 51
38 52
38 53
38 54
38 55
38 56
38 59
38 60
39 5
39 8
39 9
39 11
39 13
39 14
39 15
39 17
39 19
39 20
39 21
39 22
39 23
39 24
39 25
39 26
39 30
39 31
39 32
39 33
39 35
39 44
39 45
39 47
39 49
39 50
39 51
39 52
39 53
39 54
39 56
39 57
39 58
39 59
39 60
40 5
40 6
40 7
40 8
40 10
40 15
40 19
40 20
40 24
40 26
40 29
40 30
40 31
40 36
40 38
40 41
40 42
40 43
40 44
40 50
40 53
40 56
40 57
40 59
40 60
41 3
41 4
41 5
41 8
41 9
41 17
41 18
41 19
41 20
41 22
41 27
41 28
41 29
41 31
41 32
41 34
41 39
41 43
41 44
41 45
41 48
41 58
41 59
41 60
42 1
42 5
42 6
42 7
42 9
42 10
42 14
42 20
42 21
42 22
42 26
42 29
42 30
42 38
42 39
42 46
42 48
42 50
42 53
42 54
42 56
42 57
42 60
43 1
43 2
43 3
43 5
43 6
43 8
43 9
43 14
43 22
43 26
43 29
43 31
43 32
43 33
43 34
43 35
43 38
43 39
43 40
43 44
43 46
43 49
43 54
43 56
43 58
44 4
44 6
44 8
44 9
44 12
44 17
44 18
44 19
44 21
44 22
44 25
44 27
44 28
44 29
44 30
44 32
44 33
44 34
44 35
44 37
44 39
44 42
44 43
44 45
44 46
44 50
44 51
44 52
44 53
44 59
44 60
45 2
45 3
45 5
45 8
45 10
45 12
45 15
45 16
45 18
45 19
45 20
45 21
45 24
45 25
45 26
45 28
45 29
45 30
45 32
45 33
45 34
45 35
45 42
45 44
45 46
45 49
45 50
45 51
45 53
45 55
45 56
45 59
46 4
46 7
46 9
46 11
46 12
46 16
46 18
46 22
46 24
46 29
46 31
46 35
46 36
46 37
46 40
46 42
46 43
46 44
46 45
46 47
46 56
46 59
46 60
47 5
47 6
47 7
47 11
47 12
47 14
47 15
47 16
47 17
47 19
47 20
47 21
47 26
47 30
47 33
47 34
47 35
47 36
47 41
47 44
47 45
47 46
47 48
47 50
47 52
47 53
47 58
47 59
48 1
48 2
48 3
48 4
48 5
48 6
48 7
48 8
48 12
48 13
48 19
48 21
48 22
48 25
48 26
48 30
48 31
48 32
48 33
48 34
48 37
48 38
48 39
48 42
48 45
48 46
48 49
48 51
48 52
48 54
48 55
48 57
48 58
49 1
49 2
49 4
49 5
49 7
49 9
49 13
49 14
49 18
49 20
49 22
49 23
49 28
49 30
49 32
49 35
49 37
49 42
49 45
49 46
49 52
49 56
49 59
50 2
50 3
50 4
50 10
50 13
50 14
50 15
50 16
50 17
50 18
50 19
50 21
50 28
50 29
50 36
50 41
50 42
50 44
50 45
50 46
50 48
50 51
50 52
50 53
50 54
50 55
50 56
51 1
51 4
51 5
51 6
51 7
51 9
51 10
51 11
51 13
51 14
51 15
51 18
51 19
51 28
51 34
51 37
51 38
51 42
51 45
51 53
51 55
51 56
51 58
51 59
52 2
52 4
52 5
52 8
52 9
52 11
52 12
52 13
52 15
52 16
52 17
52 18
52 20
52 21
52 24
52 25
52 27
52 28
52 30
52 31
52 33
52 35
52 37
52 38
52 39
52 41
52 46
52 47
52 48
52 49
52 51
52 53
52 57
52 58
52 59
53 2
53 4
53 5
53 6
53 10
53 12
53 14
53 15
53 16
53 18
53 21
53 23
53 25
53 30
53 31
53 32
53 34
53 38
53 40
53 42
53 43
53 47
53 50
53 51
53 56
53 57
53 58
54 1
54 3
54 4
54 5
54 7
54 8
54 9
54 10
54 12
54 13
54 15
54 16
54 17
54 18
54 20
54 21
54 22
54 23
54 29
54 30
54 31
54 32
54 34
54 36
54 41
54 42
54 43
54 44
54 48
54 49
54 53
54 57
54 58
54 60
55 5
55 9
55 10
55 11
55 12
55 17
55 18
55 22
55 23
55 30
55 31
55 32
55 38
55 40
55 42
55 47
55 50
55 52
55 53
55 57
55 59
55 60
56 3
56 4
56 5
56 6
56 8
56 9
56 14
56 15
56 16
56 17
56 18
56 19
56 20
56 21
56 22
56 23
56 26
56 27
56 28
56 31
56 32
56 33
56 35
56 36
56 39
56 41
56 45
56 46
56 48
56 49
56 50
56 58
56 60
57 1
57 3
57 4
57 6
57 9
57 12
57 13
57 18
57 20
57 21
57 24
57 27
57 29
57 35
57 36
57 38
57 40
57 41
57 43
57 46
57 47
57 49
57 50
57 52
58 1
58 2
58 4
58 5
58 6
58 9
58 11
58 12
58 14
58 15
58 16
58 17
58 19
58 20
58 23
58 24
58 28
58 33
58 34
58 36
58 39
58 40
58 41
58 44
58 45
58 46
58 47
58 48
58 49
58 50
58 51
58 52
58 53
58 54
58 57
58 60
59 3
59 4
59 5
59 8
59 9
59 11
59 12
59 13
59 14
59 15
59 16
59 18
59 19
59 26
59 28
59 29
59 30
59 33
59 37
59 39
59 40
59 42
59 43
59 44
59 47
59 49
59 50
59 52
59 54
59 56
59 57
59 60
60 1
60 3
60 5
60 6
60 7
60 8
60 11
60 12
60 13
60 15
60 19
60 20
60 21
60 23
60 27
60 28
60 29
60 31
60 32
60 34
60 39
60 43
60 45
60 49
60 50
60 52
60 53
60 54
60 55
60 57
60 58
