80
3156
1 2
1 3
1 4
1 5
1 6
1 7
1 8
1 12
1 13
1 14
1 15
1 16
1 19
1 20
1 22
1 23
1 27
1 29
1 30
1 31
1 32
1 33
1 34
1 35
1 36
1 37
1 38
1 39
1 40
1 41
1 42
1 43
1 47
1 48
1 49
1 51
1 53
1 56
1 59
1 60
1 61
1 64
1 67
1 69
1 72
1 74
1 75
1 76
1 78
1 80
2 4
2 5
2 6
2 10
2 11
2 14
2 15
2 17
2 18
2 19
2 20
2 21
2 24
2 25
2 26
2 30
2 33
2 34
2 35
2 37
2 38
2 39
2 42
2 43
2 44
2 47
2 48
2 49
2 51
2 53
2 55
2 56
2 57
2 58
2 62
2 63
2 66
2 69
2 71
2 72
2 73
2 74
2 75
2 78
2 79
3 2
3 4
3 5
3 8
3 12
3 14
3 16
3 17
3 20
3 24
3 25
3 27
3 29
3 32
3 33
3 36
3 37
3 39
3 40
3 42
3 44
3 45
3 47
3 52
3 56
3 57
3 59
3 60
3 61
3 63
3 65
3 66
3 67
3 68
3 70
3 73
3 74
3 76
4 1
4 3
4 6
4 7
4 11
4 15
4 17
4 19
4 23
4 25
4 26
4 28
4 29
4 31
4 32
4 34
4 35
4 37
4 40
4 41
4 42
4 44
4 48
4 49
4 50
4 52
4 59
4 60
4 61
4 64
4 70
4 71
4 75
4 78
4 79
4 80
5 4
5 6
5 8
5 9
5 10
5 12
5 14
5 16
5 17
5 18
5 19
5 20
5 23
5 25
5 26
5 29
5 32
5 33
5 38
5 39
5 40
5 41
5 42
5 45
5 46
5 47
5 49
5 50
5 52
5 53
5 54
5 55
5 56
5 58
5 59
5 65
5 66
5 67
5 71
5 72
5 73
5 74
5 75
5 76
5 77
5 80
6 2
6 3
6 4
6 5
6 7
6 8
6 10
6 11
6 12
6 14
6 15
6 18
6 19
6 20
6 24
6 25
6 26
6 27
6 28
6 32
6 33
6 35
6 36
6 37
6 41
6 46
6 47
6 48
6 50
6 52
6 55
6 58
6 60
6 61
6 62
6 63
6 64
6 66
6 70
6 72
6 73
6 74
6 75
6 77
7 2
7 8
7 9
7 11
7 14
7 15
7 18
7 21
7 24
7 27
7 28
7 31
7 32
7 34
7 36
7 37
7 39
7 40
7 41
7 44
7 45
7 46
7 48
7 49
7 53
7 56
7 57
7 60
7 61
7 63
7 64
7 65
7 67
7 69
7 71
7 74
7 75
7 77
7 80
8 1
8 3
8 5
8 6
8 7
8 11
8 12
8 13
8 16
8 17
8 18
8 23
8 26
8 27
8 28
8 29
8 30
8 32
8 35
8 36
8 38
8 40
8 42
8 45
8 46
8 47
8 49
8 54
8 59
8 60
8 62
8 65
8 69
8 70
8 72
8 73
8 74
8 76
8 77
8 78
8 79
9 4
9 7
9 10
9 13
9 14
9 16
9 17
9 18
9 19
9 21
9 23
9 25
9 26
9 27
9 29
9 31
9 32
9 33
9 34
9 35
9 37
9 38
9 41
9 45
9 46
9 51
9 52
9 54
9 56
9 57
9 60
9 62
9 64
9 66
9 72
9 73
9 75
9 76
9 77
9 79
9 80
10 6
10 7
10 8
10 9
10 11
10 15
10 16
10 17
10 19
10 24
10 25
10 26
10 27
10 28
10 29
10 31
10 32
10 34
10 35
10 37
10 39
10 41
10 42
10 43
10 45
10 46
10 47
10 49
10 50
10 51
10 54
10 57
10 60
10 62
10 65
10 68
10 72
10 75
10 76
10 79
11 2
11 4
11 8
11 10
11 15
11 20
11 21
11 22
11 23
11 26
11 27
11 28
11 30
11 31
11 36
11 37
11 40
11 41
11 43
11 45
11 53
11 56
11 59
11 61
11 63
11 65
11 67
11 70
11 74
11 75
11 77
11 79
12 1
12 3
12 5
12 7
12 8
12 10
12 11
12 14
12 16
12 17
12 18
12 20
12 21
12 22
12 26
12 31
12 32
12 33
12 35
12 37
12 40
12 49
12 50
12 51
12 52
12 54
12 56
12 60
12 62
12 64
12 65
12 68
12 72
12 75
12 77
12 78
13 3
13 7
13 8
13 10
13 14
13 19
13 20
13 22
13 23
13 24
13 27
13 29
13 32
13 34
13 35
13 37
13 39
13 41
13 42
13 43
13 45
13 46
13 47
13 48
13 49
13 51
13 52
13 55
13 56
13 57
13 58
13 60
13 62
13 64
13 65
13 66
13 70
13 72
13 74
13 75
13 76
13 80
14 1
14 2
14 3
14 10
14 13
14 16
14 17
14 18
14 20
14 21
14 22
14 23
14 26
14 28
14 29
14 30
14 31
14 33
14 34
14 36
14 38
14 40
14 41
14 43
14 46
14 47
14 48
14 51
14 54
14 59
14 60
14 62
14 63
14 69
14 70
14 72
14 75
14 76
14 78
14 79
14 80
15 2
15 3
15 7
15 9
15 12
15 17
15 21
15 22
15 24
15 25
15 32
15 38
15 41
15 42
15 44
15 45
15 46
15 47
15 49
15 50
15 51
15 54
15 55
15 58
15 59
15 60
15 63
15 64
15 65
15 66
15 67
15 68
15 69
15 70
15 72
15 73
15 75
15 76
15 77
15 78
15 80
16 3
16 4
16 9
16 10
16 11
16 12
16 15
16 17
16 19
16 20
16 24
16 29
16 31
16 33
16 37
16 38
16 40
16 41
16 43
16 53
16 55
16 58
16 59
16 60
16 63
16 64
16 66
16 67
16 70
16 71
16 72
16 75
16 78
16 80
17 2
17 4
17 6
17 7
17 9
17 10
17 13
17 14
17 16
17 18
17 20
17 21
17 23
17 25
17 27
17 30
17 31
17 32
17 33
17 34
17 35
17 38
17 39
17 40
17 43
17 45
17 50
17 51
17 52
17 54
17 55
17 56
17 60
17 63
17 67
17 68
17 75
17 76
17 78
17 79
18 5
18 6
18 7
18 8
18 9
18 11
18 13
18 16
18 17
18 19
18 24
18 25
18 27
18 28
18 30
18 35
18 37
18 38
18 40
18 44
18 46
18 48
18 49
18 50
18 53
18 54
18 55
18 57
18 58
18 62
18 63
18 67
18 68
18 76
18 77
19 1
19 2
19 3
19 5
19 6
19 7
19 10
19 13
19 16
19 18
19 22
19 27
19 28
19 30
19 31
19 34
19 35
19 36
19 37
19 38
19 41
19 42
19 46
19 47
19 48
19 49
19 50
19 54
19 55
19 56
19 58
19 59
19 60
19 61
19 63
19 66
19 67
19 68
19 70
19 77
19 79
20 5
20 6
20 7
20 9
20 14
20 16
20 17
20 18
20 19
20 21
20 22
20 25
20 27
20 28
20 29
20 30
20 31
20 32
20 33
20 34
20 35
20 36
20 42
20 45
20 47
20 50
20 53
20 54
20 55
20 63
20 65
20 68
20 69
20 73
20 77
20 78
20 79
21 1
21 4
21 6
21 10
21 11
21 14
21 17
21 18
21 19
21 22
21 24
21 25
21 26
21 28
21 29
21 30
21 31
21 32
21 33
21 40
21 42
21 43
21 44
21 47
21 48
21 50
21 53
21 54
21 55
21 56
21 57
21 58
21 60
21 63
21 64
21 65
21 66
21 68
21 69
21 72
21 75
21 78
21 79
22 2
22 3
22 7
22 8
22 9
22 10
22 12
22 13
22 14
22 15
22 16
22 17
22 20
22 21
22 23
22 24
22 26
22 27
22 28
22 29
22 30
22 31
22 32
22 34
22 35
22 38
22 39
22 40
22 43
22 44
22 46
22 48
22 49
22 50
22 51
22 57
22 58
22 61
22 63
22 67
22 70
22 72
22 73
22 76
22 78
22 79
22 80
23 1
23 4
23 7
23 9
23 16
23 18
23 19
23 21
23 25
23 27
23 28
23 34
23 35
23 36
23 39
23 40
23 41
23 42
23 43
23 44
23 46
23 50
23 51
23 52
23 53
23 56
23 57
23 61
23 66
23 72
23 76
23 77
23 79
24 2
24 3
24 10
24 11
24 12
24 13
24 14
24 17
24 20
24 21
24 22
24 26
24 33
24 37
24 41
24 45
24 46
24 50
24 51
24 55
24 56
24 57
24 58
24 60
24 64
24 66
24 67
24 70
24 72
24 75
24 76
24 77
24 78
24 79
24 80
25 1
25 2
25 5
25 7
25 8
25 9
25 10
25 15
25 21
25 22
25 30
25 31
25 39
25 41
25 47
25 49
25 51
25 54
25 56
25 57
25 58
25 59
25 61
25 62
25 63
25 64
25 65
25 66
25 68
25 70
25 73
25 75
25 79
25 80
26 4
26 9
26 10
26 11
26 16
26 17
26 19
26 20
26 21
26 23
26 29
26 31
26 32
26 33
26 34
26 38
26 41
26 42
26 43
26 44
26 48
26 50
26 55
26 56
26 57
26 58
26 61
26 65
26 67
26 68
26 70
26 73
26 74
26 76
26 77
26 78
26 79
27 1
27 2
27 5
27 11
27 13
27 14
27 16
27 19
27 20
27 23
27 24
27 28
27 30
27 31
27 32
27 33
27 35
27 38
27 41
27 43
27 44
27 46
27 49
27 51
27 54
27 55
27 56
27 58
27 60
27 62
27 63
27 64
27 66
27 68
27 69
27 70
27 72
27 76
27 77
27 78
27 80
28 1
28 2
28 4
28 6
28 8
28 9
28 11
28 12
28 13
28 14
28 18
28 20
28 21
28 22
28 23
28 29
28 31
28 32
28 33
28 36
28 37
28 38
28 39
28 43
28 45
28 46
28 47
28 48
28 52
28 56
28 61
28 63
28 65
28 66
28 67
28 69
28 71
28 72
28 80
29 2
29 5
29 13
29 14
29 18
29 20
29 24
29 25
29 27
29 28
29 34
29 36
29 39
29 40
29 41
29 42
29 43
29 44
29 45
29 46
29 48
29 53
29 54
29 57
29 62
29 63
29 64
29 71
29 72
29 73
29 74
29 77
29 78
29 79
29 80
30 1
30 7
30 9
30 10
30 12
30 14
30 17
30 18
30 19
30 20
30 21
30 22
30 23
30 25
30 26
30 27
30 29
30 32
30 33
30 35
30 38
30 39
30 42
30 45
30 54
30 55
30 56
30 57
30 60
30 61
30 67
30 68
30 72
30 74
30 76
30 80
31 1
31 2
31 3
31 5
31 6
31 9
31 11
31 13
31 14
31 15
31 17
31 18
31 19
31 20
31 23
31 25
31 26
31 27
31 28
31 30
31 32
31 33
31 34
31 36
31 38
31 39
31 40
31 41
31 42
31 43
31 44
31 45
31 47
31 50
31 52
31 54
31 55
31 56
31 59
31 62
31 63
31 67
31 68
31 70
31 71
31 72
31 73
31 77
31 79
32 1
32 2
32 5
32 6
32 9
32 10
32 11
32 13
32 15
32 19
32 21
32 22
32 23
32 25
32 26
32 28
32 30
32 31
32 33
32 35
32 41
32 49
32 51
32 52
32 53
32 55
32 57
32 58
32 59
32 61
32 62
32 64
32 65
32 66
32 70
32 72
32 73
32 74
32 75
32 76
32 77
32 78
33 1
33 3
33 4
33 7
33 8
33 9
33 10
33 12
33 14
33 16
33 17
33 21
33 22
33 23
33 24
33 25
33 27
33 28
33 29
33 34
33 35
33 37
33 38
33 39
33 40
33 41
33 43
33 44
33 46
33 47
33 48
33 50
33 53
33 55
33 57
33 60
33 61
33 63
33 65
33 67
33 68
33 71
33 72
33 74
33 75
33 76
33 77
33 80
34 1
34 2
34 3
34 4
34 7
34 9
34 10
34 12
34 13
34 16
34 17
34 18
34 19
34 20
34 22
34 24
34 26
34 27
34 28
34 30
34 32
34 35
34 40
34 43
34 45
34 46
34 47
34 49
34 50
34 51
34 52
34 54
34 55
34 57
34 59
34 60
34 61
34 62
34 63
34 65
34 67
34 76
34 77
34 79
35 2
35 3
35 4
35 6
35 7
35 8
35 9
35 14
35 19
35 20
35 23
35 28
35 34
35 37
35 38
35 40
35 41
35 45
35 47
35 49
35 50
35 52
35 53
35 56
35 58
35 60
35 61
35 62
35 63
35 65
35 66
35 67
35 68
35 70
35 71
35 76
35 79
36 1
36 3
36 6
36 7
36 8
36 12
36 17
36 18
36 21
36 22
36 26
36 30
36 32
36 33
36 38
36 39
36 40
36 53
36 54
36 55
36 56
36 58
36 61
36 63
36 65
36 66
36 69
36 71
36 72
36 75
36 76
36 78
36 80
37 1
37 4
37 5
37 6
37 7
37 10
37 11
37 12
37 17
37 18
37 19
37 20
37 23
37 24
37 25
37 27
37 30
37 31
37 32
37 34
37 35
37 36
37 39
37 40
37 42
37 43
37 47
37 49
37 51
37 55
37 56
37 57
37 58
37 59
37 62
37 63
37 64
37 66
37 68
37 69
37 70
37 71
37 73
37 74
37 75
37 78
37 79
38 4
38 5
38 8
38 11
38 13
38 14
38 19
38 21
38 22
38 23
38 27
38 29
38 33
38 34
38 36
38 42
38 43
38 44
38 45
38 47
38 50
38 51
38 52
38 53
38 54
38 59
38 60
38 62
38 67
38 68
38 71
38 74
38 75
38 79
38 80
39 3
39 7
39 8
39 9
39 11
39 14
39 15
39 16
39 17
39 19
39 23
39 24
39 27
39 29
39 31
39 35
39 36
39 38
39 40
39 41
39 42
39 44
39 46
39 47
39 49
39 51
39 54
39 56
39 57
39 59
39 61
39 64
39 67
39 69
39 70
39 76
39 79
39 80
40 2
40 4
40 6
40 7
40 8
40 12
40 17
40 26
40 27
40 30
40 32
40 33
40 34
40 35
40 38
40 44
40 47
40 50
40 51
40 52
40 54
40 55
40 56
40 57
40 58
40 62
40 65
40 67
40 68
40 71
40 76
40 77
40 78
40 79
40 80
41 1
41 2
41 4
41 5
41 13
41 14
41 16
41 18
41 19
41 20
41 22
41 24
41 25
41 27
41 30
41 31
41 32
41 34
41 35
41 36
41 37
41 45
41 53
41 54
41 55
41 56
41 58
41 59
41 60
41 62
41 68
41 70
41 71
41 74
41 75
41 77
42 5
42 6
42 7
42 8
42 12
42 15
42 22
42 23
42 27
42 28
42 29
42 30
42 35
42 36
42 39
42 44
42 45
42 48
42 49
42 50
42 53
42 54
42 57
42 59
42 62
42 63
42 64
42 65
42 66
42 67
42 68
42 69
42 70
42 75
42 80
43 1
43 2
43 5
43 6
43 8
43 9
43 10
43 13
43 16
43 21
43 23
43 26
43 30
43 31
43 32
43 35
43 36
43 41
43 42
43 44
43 47
43 48
43 49
43 51
43 52
43 54
43 56
43 57
43 60
43 65
43 66
43 68
43 71
43 72
43 77
44 1
44 2
44 4
44 6
44 9
44 10
44 16
44 20
44 26
44 27
44 29
44 32
44 35
44 41
44 46
44 52
44 53
44 56
44 57
44 59
44 60
44 61
44 63
44 64
44 66
44 67
44 68
44 70
44 74
44 75
44 77
44 78
45 2
45 3
45 4
45 8
45 9
45 12
45 14
45 15
45 16
45 19
45 22
45 24
45 28
45 31
45 33
45 34
45 40
45 41
45 43
45 48
45 51
45 56
45 58
45 59
45 60
45 61
45 66
45 68
45 69
45 70
45 72
45 76
45 78
46 1
46 2
46 5
46 6
46 8
46 9
46 10
46 11
46 13
46 14
46 15
46 18
46 21
46 23
46 24
46 25
46 26
46 30
46 32
46 33
46 34
46 36
46 38
46 39
46 40
46 42
46 44
46 45
46 49
46 50
46 53
46 54
46 55
46 56
46 58
46 59
46 60
46 61
46 62
46 64
46 75
46 76
46 77
46 79
46 80
47 2
47 4
47 6
47 7
47 11
47 12
47 14
47 18
47 25
47 26
47 32
47 33
47 35
47 37
47 38
47 39
47 40
47 41
47 42
47 44
47 48
47 50
47 58
47 60
47 61
47 62
47 63
47 64
47 72
47 73
47 75
47 76
47 78
47 80
48 2
48 4
48 5
48 7
48 10
48 13
48 14
48 15
48 18
48 22
48 23
48 25
48 26
48 27
48 28
48 29
48 31
48 32
48 33
48 34
48 36
48 38
48 39
48 41
48 46
48 49
48 50
48 51
48 52
48 54
48 55
48 57
48 58
48 60
48 61
48 65
48 68
48 70
48 71
48 72
48 73
48 74
48 75
48 76
48 80
49 1
49 4
49 7
49 8
49 11
49 12
49 13
49 18
49 23
49 26
49 30
49 31
49 32
49 33
49 34
49 35
49 40
49 42
49 43
49 44
49 45
49 48
49 53
49 54
49 55
49 56
49 60
49 62
49 64
49 65
49 71
49 72
49 73
49 74
49 77
49 80
50 1
50 4
50 9
50 12
50 16
50 17
50 19
50 22
50 24
50 26
50 27
50 30
50 32
50 33
50 34
50 35
50 36
50 37
50 38
50 41
50 43
50 44
50 45
50 46
50 47
50 49
50 51
50 52
50 55
50 56
50 58
50 59
50 60
50 62
50 65
50 70
50 71
50 73
50 74
50 77
50 79
50 80
51 2
51 4
51 5
51 6
51 7
51 8
51 9
51 10
51 11
51 12
51 13
51 17
51 21
51 26
51 27
51 28
51 31
51 33
51 35
51 36
51 37
51 41
51 43
51 44
51 45
51 48
51 50
51 52
51 53
51 54
51 55
51 57
51 59
51 63
51 64
51 65
51 66
51 67
51 71
51 73
51 75
51 77
51 78
51 79
52 1
52 3
52 5
52 10
52 11
52 12
52 13
52 15
52 17
52 18
52 20
52 22
52 25
52 28
52 29
52 30
52 31
52 34
52 35
52 36
52 38
52 41
52 44
52 53
52 55
52 56
52 59
52 61
52 62
52 63
52 65
52 66
52 69
52 74
52 75
52 76
52 78
52 79
53 1
53 3
53 4
53 6
53 8
53 9
53 10
53 13
53 14
53 17
53 19
53 24
53 25
53 26
53 28
53 29
53 30
53 31
53 33
53 37
53 38
53 39
53 40
53 41
53 44
53 48
53 49
53 50
53 51
53 56
53 58
53 59
53 60
53 69
53 71
53 72
53 73
53 74
53 75
53 76
53 80
54 1
54 2
54 3
54 4
54 11
54 13
54 14
54 15
54 16
54 17
54 20
54 21
54 22
54 25
54 27
54 28
54 29
54 31
54 33
54 34
54 35
54 36
54 39
54 40
54 45
54 46
54 47
54 49
54 51
54 52
54 55
54 56
54 57
54 58
54 60
54 62
54 63
54 65
54 66
54 67
54 68
54 71
54 72
54 73
54 79
54 80
55 1
55 2
55 3
55 5
55 6
55 7
55 10
55 11
55 12
55 14
55 15
55 17
55 21
55 22
55 24
55 29
55 30
55 35
55 37
55 41
55 43
55 45
55 49
55 50
55 51
55 53
55 54
55 56
55 58
55 61
55 62
55 66
55 67
55 70
55 71
55 72
55 77
55 79
55 80
56 2
56 6
56 10
56 14
56 16
56 21
56 22
56 23
56 27
56 29
56 30
56 31
56 33
56 34
56 38
56 40
56 41
56 43
56 44
56 45
56 47
56 48
56 49
56 52
56 53
56 54
56 55
56 57
56 59
56 65
56 66
56 67
56 68
56 73
56 74
56 75
56 76
56 77
56 80
57 3
57 4
57 6
57 7
57 8
57 9
57 11
57 13
57 16
57 17
57 18
57 19
57 20
57 27
57 30
57 33
57 34
57 35
57 36
57 37
57 39
57 40
57 42
57 46
57 49
57 52
57 55
57 58
57 59
57 60
57 62
57 69
57 70
57 71
57 72
57 77
57 78
57 79
57 80
58 1
58 4
58 5
58 6
58 7
58 10
58 11
58 14
58 15
58 16
58 18
58 20
58 22
58 23
58 26
58 27
58 31
58 32
58 37
58 38
58 39
58 40
58 42
58 45
58 47
58 48
58 51
58 52
58 53
58 54
58 55
58 56
58 57
58 59
58 60
58 62
58 70
58 72
58 73
58 75
58 76
58 79
58 80
59 4
59 5
59 8
59 9
59 10
59 11
59 12
59 14
59 16
59 20
59 21
59 23
59 24
59 26
59 28
59 30
59 32
59 34
59 35
59 36
59 37
59 38
59 39
59 43
59 44
59 45
59 46
59 47
59 51
59 52
59 55
59 58
59 61
59 63
59 65
59 67
59 69
59 70
59 72
59 75
59 76
59 77
59 79
59 80
60 3
60 4
60 5
60 6
60 8
60 10
60 12
60 13
60 17
60 18
60 19
60 25
60 28
60 29
60 30
60 31
60 32
60 34
60 36
60 37
60 38
60 40
60 44
60 45
60 46
60 47
60 49
60 55
60 56
60 58
60 62
60 63
60 65
60 66
60 67
60 69
60 71
60 72
60 73
60 77
60 79
61 2
61 9
61 10
61 13
61 14
61 15
61 18
61 20
61 21
61 23
61 24
61 25
61 26
61 30
61 31
61 33
61 34
61 39
61 40
61 41
61 47
61 48
61 49
61 50
61 51
61 52
61 53
61 54
61 56
61 57
61 59
61 60
61 62
61 63
61 65
61 66
61 67
61 69
61 73
61 75
61 76
61 77
61 78
62 3
62 5
62 7
62 9
62 10
62 12
62 16
62 17
62 18
62 19
62 20
62 21
62 23
62 25
62 28
62 30
62 32
62 34
62 35
62 40
62 41
62 45
62 48
62 49
62 51
62 52
62 53
62 54
62 55
62 61
62 63
62 64
62 65
62 67
62 69
62 70
62 71
62 72
62 73
62 74
62 75
62 77
63 4
63 5
63 11
63 12
63 13
63 14
63 15
63 17
63 18
63 22
63 23
63 24
63 32
63 34
63 35
63 37
63 39
63 42
63 43
63 45
63 46
63 47
63 48
63 50
63 51
63 52
63 54
63 57
63 58
63 59
63 60
63 61
63 62
63 64
63 66
63 67
63 68
63 69
63 79
63 80
64 1
64 4
64 5
64 6
64 7
64 8
64 9
64 11
64 13
64 14
64 15
64 17
64 19
64 20
64 21
64 24
64 25
64 26
64 28
64 29
64 31
64 32
64 34
64 38
64 41
64 43
64 44
64 47
64 51
64 52
64 53
64 56
64 57
64 58
64 59
64 60
64 62
64 63
64 65
64 66
64 68
64 70
64 71
64 72
64 73
64 74
64 75
64 77
64 78
64 80
65 1
65 2
65 3
65 8
65 11
65 12
65 13
65 16
65 19
65 22
65 26
65 29
65 30
65 31
65 32
65 33
65 34
65 36
65 37
65 39
65 40
65 41
65 44
65 46
65 47
65 52
65 54
65 55
65 57
65 60
65 61
65 62
65 66
65 67
65 69
65 70
65 74
65 76
65 77
65 78
66 3
66 10
66 11
66 13
66 14
66 15
66 19
66 20
66 21
66 23
66 25
66 27
66 28
66 32
66 34
66 35
66 36
66 37
66 38
66 40
66 42
66 43
66 44
66 45
66 48
66 50
66 52
66 54
66 56
66 57
66 58
66 60
66 61
66 62
66 64
66 65
66 67
66 70
66 72
66 78
66 80
67 2
67 6
67 8
67 9
67 10
67 13
67 15
67 16
67 17
67 20
67 21
67 22
67 27
67 28
67 31
67 33
67 35
67 37
67 41
67 43
67 44
67 46
67 48
67 50
67 51
67 53
67 56
67 57
67 59
67 62
67 64
67 66
67 69
67 70
67 72
67 73
67 75
67 78
67 79
68 4
68 6
68 7
68 8
68 12
68 15
68 16
68 20
68 23
68 25
68 26
68 29
68 31
68 32
68 35
68 40
68 43
68 45
68 48
68 51
68 53
68 54
68 56
68 57
68 60
68 61
68 64
68 66
68 69
68 73
68 75
68 76
68 79
69 1
69 2
69 3
69 4
69 5
69 7
69 9
69 14
69 15
69 17
69 20
69 23
69 24
69 26
69 27
69 29
69 30
69 31
69 32
69 33
69 35
69 39
69 41
69 44
69 46
69 50
69 53
69 55
69 57
69 61
69 65
69 66
69 67
69 70
69 71
69 73
69 76
69 78
70 2
70 7
70 10
70 12
70 14
70 15
70 25
70 26
70 27
70 33
70 34
70 36
70 40
70 41
70 42
70 44
70 45
70 46
70 47
70 48
70 49
70 52
70 53
70 58
70 59
70 60
70 61
70 65
70 66
70 67
70 69
70 71
70 75
70 78
70 79
70 80
71 6
71 7
71 9
71 14
71 16
71 17
71 18
71 23
71 24
71 25
71 26
71 27
71 29
71 30
71 32
71 33
71 34
71 36
71 37
71 40
71 46
71 47
71 53
71 55
71 63
71 65
71 67
71 68
71 75
71 77
71 79
71 80
72 6
72 9
72 10
72 11
72 16
72 17
72 18
72 19
72 25
72 27
72 28
72 29
72 31
72 32
72 34
72 36
72 37
72 40
72 41
72 44
72 48
72 50
72 53
72 54
72 59
72 64
72 67
72 68
72 70
72 73
72 74
72 77
72 80
73 2
73 8
73 9
73 15
73 17
73 20
73 22
73 23
73 24
73 26
73 27
73 28
73 31
73 33
73 34
73 36
73 39
73 40
73 41
73 43
73 44
73 45
73 47
73 48
73 49
73 50
73 52
73 53
73 55
73 57
73 58
73 60
73 65
73 67
73 70
73 71
73 72
73 74
73 75
73 76
73 79
73 80
74 2
74 4
74 6
74 10
74 17
74 19
74 20
74 23
74 24
74 26
74 27
74 30
74 33
74 34
74 35
74 36
74 37
74 39
74 45
74 46
74 48
74 49
74 52
74 56
74 61
74 62
74 63
74 67
74 71
74 72
74 73
74 75
74 76
74 78
74 79
74 80
75 1
75 2
75 3
75 4
75 5
75 6
75 8
75 10
75 13
75 17
75 18
75 19
75 20
75 22
75 23
75 25
75 27
75 33
75 40
75 42
75 43
75 45
75 48
75 49
75 50
75 51
75 52
75 55
75 57
75 59
75 60
75 61
75 62
75 63
75 66
75 67
75 68
75 69
75 71
75 74
76 1
76 2
76 4
76 7
76 8
76 12
76 13
76 15
76 16
76 17
76 18
76 21
76 22
76 26
76 30
76 36
76 37
76 44
76 46
76 47
76 48
76 49
76 53
76 55
76 56
76 57
76 61
76 65
76 68
76 69
76 73
76 74
76 75
76 78
76 79
77 2
77 6
77 10
77 11
77 13
77 14
77 15
77 17
77 19
77 20
77 21
77 23
77 25
77 28
77 30
77 31
77 32
77 34
77 37
77 38
77 39
77 40
77 44
77 46
77 48
77 50
77 55
77 57
77 58
77 60
77 61
77 62
77 64
77 65
77 66
77 67
77 71
77 74
77 75
77 76
77 78
77 79
77 80
78 1
78 4
78 6
78 7
78 10
78 11
78 14
78 18
78 19
78 21
78 28
78 30
78 31
78 32
78 33
78 34
78 35
78 36
78 37
78 38
78 39
78 40
78 41
78 44
78 48
78 49
78 52
78 53
78 54
78 56
78 58
78 59
78 60
78 62
78 65
78 66
78 67
78 70
78 72
78 74
79 1
79 3
79 6
79 7
79 9
79 14
79 20
79 21
79 22
79 23
79 24
79 25
79 27
79 30
79 31
79 32
79 33
79 35
79 39
79 41
79 42
79 46
79 49
79 52
79 53
79 54
79 58
79 60
79 61
79 62
79 64
79 65
79 69
79 70
79 73
79 74
79 76
79 80
80 2
80 5
80 7
80 8
80 9
80 11
80 13
80 14
80 17
80 18
80 22
80 23
80 24
80 26
80 29
80 30
80 32
80 34
80 35
80 38
80 40
80 42
80 46
80 47
80 49
80 51
80 55
80 56
80 60
80 61
80 63
80 64
80 65
80 68
80 70
80 71
80 72
80 74
80 75
80 77
80 79
