100
2439
2 1
4 1
4 2
5 1
5 2
7 1
7 4
7 5
7 6
8 2
8 4
8 5
8 6
8 7
9 1
9 2
9 4
9 6
9 8
10 4
10 6
10 8
11 1
11 2
11 4
11 5
11 6
11 7
11 10
12 1
12 3
12 4
12 5
12 8
12 10
12 11
13 4
13 5
13 7
13 8
13 11
14 1
14 3
14 7
14 8
14 10
15 1
15 4
15 5
15 7
15 13
16 1
16 3
16 6
16 7
16 9
16 10
16 12
16 14
17 2
17 3
17 5
17 7
17 8
17 10
17 11
17 13
17 15
18 1
18 2
18 3
18 5
18 6
18 7
18 8
18 9
18 11
18 13
18 14
18 15
18 16
19 1
19 2
19 4
19 5
19 6
19 7
19 8
19 9
19 10
19 11
19 14
19 15
19 18
20 2
20 3
20 6
20 8
20 10
20 11
20 13
20 14
20 15
20 18
21 1
21 2
21 3
21 4
21 8
21 9
21 10
21 11
21 12
21 13
21 14
21 15
21 17
21 18
21 19
22 5
22 6
22 9
22 13
22 15
22 16
22 18
23 7
23 14
23 18
23 19
23 20
24 1
24 2
24 3
24 11
24 12
24 13
24 16
24 21
24 22
25 2
25 3
25 4
25 10
25 13
25 15
25 16
25 17
25 18
25 23
25 24
26 2
26 3
26 5
26 7
26 9
26 10
26 12
26 13
26 14
26 15
26 18
26 19
26 20
26 21
26 23
26 24
26 25
27 1
27 2
27 3
27 6
27 13
27 14
27 16
27 17
27 18
27 19
27 20
27 21
27 23
27 24
27 25
28 5
28 7
28 11
28 12
28 19
28 21
28 22
28 25
29 3
29 5
29 7
29 8
29 10
29 12
29 16
29 17
29 18
29 20
29 21
29 23
29 24
29 25
29 27
29 28
30 1
30 3
30 6
30 9
30 10
30 11
30 13
30 18
30 19
30 20
30 22
30 23
30 26
31 4
31 5
31 6
31 7
31 12
31 13
31 14
31 19
31 20
31 24
31 26
31 28
31 29
32 2
32 4
32 5
32 8
32 10
32 13
32 14
32 18
32 22
32 23
32 24
32 26
32 28
32 29
33 1
33 3
33 4
33 8
33 9
33 10
33 11
33 12
33 14
33 16
33 17
33 19
33 20
33 21
33 22
33 23
33 24
33 26
33 27
33 30
33 31
33 32
34 2
34 6
34 7
34 10
34 12
34 14
34 16
34 18
34 19
34 20
34 23
34 25
34 27
35 1
35 2
35 4
35 7
35 11
35 13
35 14
35 15
35 16
35 17
35 19
35 21
35 22
35 25
35 29
35 31
35 32
35 34
36 1
36 4
36 5
36 6
36 7
36 8
36 9
36 11
36 12
36 14
36 15
36 20
36 21
36 23
36 24
36 25
36 26
36 30
36 31
36 33
36 35
37 1
37 5
37 9
37 11
37 12
37 16
37 17
37 19
37 20
37 23
37 25
37 28
37 29
37 31
37 33
37 35
37 36
38 1
38 6
38 14
38 17
38 19
38 22
38 25
38 26
38 28
38 30
38 34
38 35
38 36
39 2
39 3
39 6
39 8
39 11
39 12
39 14
39 15
39 16
39 17
39 20
39 21
39 22
39 23
39 25
39 27
39 30
39 31
39 32
39 33
39 34
39 35
39 36
39 37
39 38
40 2
40 3
40 6
40 9
40 11
40 12
40 16
40 19
40 20
40 21
40 22
40 23
40 24
40 25
40 27
40 28
40 30
40 31
40 32
40 33
40 35
40 36
40 39
41 1
41 4
41 5
41 6
41 7
41 10
41 11
41 12
41 13
41 16
41 18
41 21
41 22
41 25
41 26
41 28
41 31
41 33
41 34
41 35
41 36
41 37
41 40
42 1
42 2
42 3
42 5
42 6
42 7
42 9
42 10
42 13
42 15
42 17
42 18
42 19
42 20
42 22
42 24
42 25
42 28
42 29
42 30
42 31
42 34
42 35
42 36
42 38
43 6
43 7
43 8
43 10
43 11
43 12
43 15
43 16
43 18
43 19
43 20
43 21
43 23
43 25
43 26
43 27
43 31
43 32
43 33
43 36
43 38
43 40
43 41
43 42
44 1
44 3
44 4
44 6
44 7
44 12
44 13
44 15
44 16
44 17
44 18
44 20
44 25
44 26
44 28
44 30
44 32
44 35
44 38
44 39
44 42
45 1
45 4
45 11
45 12
45 15
45 19
45 21
45 23
45 24
45 25
45 26
45 27
45 29
45 30
45 31
45 32
45 34
45 36
45 38
45 39
45 44
46 1
46 2
46 3
46 4
46 5
46 6
46 7
46 9
46 10
46 11
46 13
46 16
46 17
46 18
46 19
46 20
46 21
46 22
46 23
46 25
46 26
46 28
46 29
46 30
46 31
46 32
46 34
46 37
46 38
46 40
46 41
46 45
47 2
47 4
47 5
47 9
47 10
47 12
47 13
47 15
47 20
47 23
47 26
47 28
47 29
47 30
47 31
47 34
47 35
47 36
47 37
47 40
47 44
47 46
48 6
48 9
48 12
48 19
48 22
48 23
48 24
48 25
48 26
48 28
48 29
48 31
48 33
48 34
48 37
48 38
48 40
48 42
48 44
48 47
49 1
49 3
49 5
49 7
49 8
49 10
49 11
49 12
49 14
49 16
49 17
49 18
49 21
49 22
49 24
49 26
49 29
49 31
49 32
49 33
49 34
49 35
49 36
49 37
49 39
49 41
49 42
49 44
49 47
49 48
50 2
50 15
50 16
50 18
50 19
50 24
50 25
50 27
50 28
50 31
50 32
50 37
50 38
50 39
50 42
50 44
50 46
50 48
51 1
51 2
51 3
51 4
51 5
51 8
51 11
51 14
51 15
51 16
51 18
51 22
51 25
51 26
51 29
51 30
51 32
51 35
51 36
51 37
51 38
51 39
51 40
51 42
51 43
51 45
51 47
51 48
51 49
51 50
52 1
52 2
52 3
52 4
52 7
52 8
52 9
52 11
52 12
52 21
52 22
52 23
52 24
52 25
52 26
52 27
52 30
52 34
52 37
52 38
52 39
52 40
52 42
52 44
52 45
52 47
52 48
52 50
52 51
53 1
53 3
53 7
53 10
53 11
53 12
53 13
53 22
53 26
53 27
53 28
53 30
53 32
53 33
53 34
53 35
53 36
53 37
53 39
53 40
53 42
53 43
53 45
53 46
53 47
53 48
53 49
53 50
53 51
53 52
54 1
54 2
54 3
54 4
54 5
54 6
54 7
54 8
54 9
54 10
54 11
54 12
54 14
54 18
54 19
54 21
54 27
54 28
54 33
54 34
54 35
54 37
54 40
54 44
54 45
54 46
54 47
54 49
54 51
54 52
54 53
55 3
55 5
55 6
55 8
55 9
55 11
55 13
55 14
55 17
55 23
55 24
55 26
55 27
55 29
55 30
55 32
55 35
55 38
55 39
55 40
55 44
55 48
55 49
55 52
55 53
55 54
56 1
56 2
56 3
56 7
56 8
56 9
56 10
56 11
56 14
56 15
56 20
56 21
56 24
56 26
56 27
56 32
56 34
56 35
56 36
56 38
56 42
56 47
56 48
56 49
56 51
56 52
56 53
56 55
57 2
57 4
57 5
57 9
57 10
57 12
57 16
57 17
57 20
57 22
57 23
57 25
57 26
57 28
57 30
57 35
57 37
57 39
57 41
57 43
57 44
57 45
57 49
57 54
58 2
58 8
58 10
58 12
58 13
58 18
58 20
58 22
58 23
58 26
58 28
58 31
58 34
58 35
58 38
58 41
58 43
58 44
58 47
58 48
58 50
58 54
58 55
58 57
59 3
59 4
59 6
59 11
59 12
59 14
59 18
59 19
59 20
59 21
59 22
59 24
59 25
59 27
59 31
59 32
59 33
59 34
59 40
59 42
59 43
59 46
59 47
59 49
59 51
59 53
59 57
60 1
60 2
60 3
60 4
60 5
60 9
60 11
60 12
60 14
60 15
60 18
60 19
60 20
60 21
60 22
60 25
60 26
60 32
60 34
60 39
60 40
60 41
60 42
60 44
60 45
60 48
60 53
60 54
60 55
60 56
60 57
61 5
61 6
61 8
61 11
61 12
61 13
61 19
61 25
61 26
61 28
61 29
61 30
61 31
61 32
61 33
61 34
61 35
61 36
61 39
61 40
61 44
61 48
61 52
61 55
61 58
61 60
62 4
62 5
62 6
62 7
62 8
62 11
62 12
62 13
62 16
62 17
62 19
62 20
62 23
62 27
62 28
62 30
62 32
62 36
62 38
62 39
62 44
62 47
62 48
62 50
62 54
62 61
63 1
63 2
63 3
63 4
63 6
63 7
63 10
63 11
63 14
63 16
63 22
63 26
63 27
63 30
63 31
63 32
63 33
63 34
63 36
63 38
63 39
63 43
63 47
63 48
63 57
63 58
63 62
64 2
64 4
64 9
64 13
64 15
64 22
64 23
64 24
64 30
64 33
64 36
64 37
64 38
64 42
64 43
64 44
64 46
64 47
64 48
64 49
64 50
64 51
64 52
64 53
64 55
64 58
64 61
64 62
64 63
65 1
65 5
65 6
65 8
65 9
65 10
65 11
65 12
65 14
65 15
65 17
65 18
65 20
65 22
65 29
65 33
65 34
65 35
65 41
65 44
65 45
65 47
65 48
65 50
65 51
65 53
65 57
65 62
65 63
65 64
66 1
66 2
66 5
66 8
66 15
66 18
66 20
66 28
66 30
66 31
66 32
66 33
66 38
66 40
66 41
66 42
66 43
66 44
66 46
66 47
66 49
66 51
66 52
66 54
66 57
66 58
66 59
66 60
66 62
66 63
66 64
67 1
67 3
67 4
67 5
67 7
67 8
67 9
67 10
67 12
67 13
67 15
67 17
67 20
67 23
67 24
67 28
67 29
67 31
67 35
67 37
67 41
67 42
67 43
67 45
67 46
67 47
67 50
67 52
67 53
67 54
67 55
67 57
67 58
67 60
67 61
67 62
67 64
67 65
68 3
68 6
68 7
68 8
68 11
68 13
68 15
68 16
68 18
68 19
68 20
68 21
68 22
68 24
68 26
68 27
68 28
68 29
68 30
68 31
68 34
68 36
68 37
68 39
68 43
68 45
68 47
68 49
68 50
68 51
68 53
68 56
68 57
68 62
68 65
68 67
69 7
69 14
69 15
69 16
69 18
69 20
69 24
69 29
69 32
69 33
69 35
69 38
69 39
69 44
69 45
69 47
69 48
69 50
69 51
69 55
69 56
69 58
69 60
69 62
69 64
69 65
69 66
70 3
70 8
70 9
70 11
70 13
70 15
70 16
70 21
70 22
70 26
70 30
70 31
70 32
70 33
70 34
70 35
70 37
70 39
70 40
70 42
70 43
70 44
70 45
70 47
70 48
70 49
70 51
70 56
70 58
70 62
70 63
70 65
70 66
70 68
70 69
71 1
71 4
71 9
71 10
71 13
71 14
71 15
71 17
71 18
71 23
71 24
71 31
71 32
71 33
71 35
71 36
71 39
71 40
71 43
71 44
71 45
71 47
71 49
71 51
71 52
71 60
71 63
71 64
71 69
72 1
72 2
72 4
72 5
72 6
72 9
72 11
72 13
72 14
72 16
72 20
72 21
72 22
72 23
72 25
72 29
72 33
72 37
72 38
72 40
72 43
72 44
72 46
72 49
72 55
72 56
72 58
72 62
72 63
72 68
72 71
73 1
73 3
73 4
73 5
73 6
73 7
73 10
73 12
73 17
73 23
73 24
73 28
73 29
73 30
73 31
73 35
73 40
73 41
73 43
73 44
73 46
73 48
73 49
73 53
73 54
73 55
73 56
73 60
73 61
73 62
73 63
73 64
73 67
73 69
73 71
73 72
74 3
74 5
74 10
74 12
74 13
74 14
74 21
74 22
74 23
74 24
74 25
74 27
74 34
74 35
74 37
74 38
74 39
74 41
74 43
74 44
74 45
74 52
74 54
74 55
74 56
74 57
74 58
74 62
74 63
74 66
74 68
74 69
74 70
74 71
74 73
75 2
75 4
75 5
75 6
75 8
75 9
75 11
75 13
75 14
75 15
75 16
75 17
75 20
75 21
75 26
75 27
75 33
75 36
75 38
75 39
75 45
75 46
75 47
75 49
75 53
75 54
75 56
75 57
75 58
75 60
75 61
75 64
75 65
75 66
75 67
75 69
75 71
75 72
75 73
76 1
76 3
76 4
76 7
76 9
76 10
76 12
76 14
76 16
76 19
76 20
76 21
76 23
76 24
76 26
76 30
76 32
76 33
76 34
76 35
76 37
76 38
76 41
76 44
76 46
76 51
76 52
76 53
76 54
76 57
76 58
76 63
76 66
76 67
76 68
77 4
77 6
77 7
77 9
77 11
77 12
77 13
77 15
77 18
77 19
77 21
77 22
77 26
77 28
77 29
77 33
77 34
77 35
77 36
77 41
77 42
77 43
77 44
77 50
77 52
77 53
77 54
77 57
77 60
77 61
77 65
77 66
77 69
77 70
77 71
77 73
77 75
78 1
78 3
78 6
78 7
78 10
78 11
78 12
78 14
78 15
78 16
78 21
78 23
78 25
78 26
78 27
78 29
78 30
78 31
78 33
78 38
78 40
78 41
78 42
78 44
78 45
78 47
78 48
78 51
78 54
78 55
78 58
78 64
78 65
78 67
78 71
78 72
78 73
78 74
78 75
78 77
79 3
79 4
79 5
79 6
79 7
79 13
79 16
79 17
79 18
79 19
79 20
79 21
79 22
79 24
79 26
79 28
79 29
79 32
79 35
79 37
79 40
79 44
79 46
79 47
79 48
79 49
79 50
79 52
79 57
79 59
79 60
79 61
79 62
79 63
79 65
79 67
79 68
79 69
79 70
79 72
79 76
80 6
80 13
80 15
80 17
80 18
80 20
80 21
80 23
80 24
80 25
80 35
80 36
80 37
80 38
80 39
80 42
80 44
80 48
80 49
80 50
80 51
80 52
80 53
80 54
80 56
80 57
80 58
80 61
80 62
80 63
80 64
80 65
80 67
80 68
80 69
80 71
80 74
80 75
81 5
81 6
81 7
81 8
81 10
81 12
81 18
81 19
81 21
81 24
81 25
81 26
81 29
81 30
81 33
81 34
81 38
81 39
81 40
81 41
81 42
81 43
81 44
81 45
81 48
81 49
81 50
81 52
81 54
81 56
81 58
81 60
81 61
81 62
81 63
81 66
81 68
81 71
81 72
81 75
81 78
81 79
82 2
82 3
82 5
82 8
82 11
82 14
82 17
82 22
82 25
82 28
82 30
82 32
82 34
82 37
82 40
82 41
82 42
82 43
82 44
82 46
82 48
82 49
82 50
82 53
82 54
82 57
82 59
82 60
82 61
82 62
82 63
82 65
82 69
82 70
82 72
82 74
82 76
82 79
82 80
82 81
83 1
83 2
83 7
83 9
83 15
83 17
83 18
83 19
83 21
83 22
83 26
83 30
83 34
83 35
83 36
83 39
83 44
83 46
83 47
83 48
83 54
83 61
83 62
83 63
83 65
83 66
83 69
83 70
83 73
83 74
83 75
83 76
83 81
84 1
84 6
84 8
84 9
84 11
84 13
84 15
84 17
84 18
84 19
84 20
84 23
84 24
84 25
84 26
84 27
84 28
84 32
84 33
84 35
84 36
84 40
84 47
84 50
84 51
84 54
84 56
84 60
84 63
84 67
84 68
84 73
84 75
84 77
84 78
84 81
84 83
85 1
85 5
85 6
85 10
85 11
85 12
85 14
85 15
85 16
85 20
85 21
85 23
85 26
85 28
85 30
85 34
85 36
85 37
85 38
85 39
85 41
85 42
85 44
85 47
85 48
85 51
85 54
85 57
85 58
85 61
85 62
85 64
85 66
85 67
85 68
85 69
85 71
85 77
85 78
85 80
85 82
86 1
86 2
86 3
86 4
86 5
86 7
86 10
86 12
86 13
86 17
86 18
86 19
86 20
86 21
86 22
86 23
86 24
86 25
86 26
86 28
86 30
86 32
86 34
86 36
86 37
86 38
86 40
86 41
86 45
86 46
86 47
86 48
86 52
86 58
86 61
86 63
86 64
86 66
86 69
86 70
86 73
86 77
87 7
87 8
87 9
87 10
87 13
87 14
87 17
87 20
87 21
87 24
87 28
87 31
87 32
87 36
87 38
87 43
87 44
87 45
87 47
87 48
87 50
87 51
87 54
87 56
87 57
87 59
87 60
87 61
87 63
87 64
87 67
87 69
87 71
87 72
87 76
87 80
87 82
88 1
88 4
88 5
88 7
88 11
88 12
88 16
88 17
88 19
88 20
88 23
88 24
88 26
88 28
88 29
88 31
88 32
88 34
88 36
88 38
88 42
88 43
88 46
88 47
88 49
88 50
88 51
88 54
88 55
88 56
88 57
88 58
88 59
88 62
88 66
88 72
88 77
88 83
88 84
88 85
88 87
89 1
89 2
89 3
89 4
89 5
89 8
89 10
89 11
89 12
89 15
89 16
89 18
89 19
89 20
89 22
89 24
89 25
89 29
89 31
89 33
89 37
89 38
89 39
89 40
89 41
89 43
89 46
89 49
89 50
89 53
89 54
89 55
89 58
89 59
89 60
89 62
89 64
89 65
89 69
89 73
89 80
89 81
89 83
89 84
89 85
89 86
90 1
90 3
90 7
90 11
90 12
90 14
90 15
90 17
90 18
90 19
90 24
90 26
90 27
90 28
90 29
90 34
90 35
90 39
90 41
90 42
90 47
90 48
90 50
90 52
90 54
90 55
90 56
90 57
90 58
90 59
90 60
90 66
90 68
90 70
90 72
90 73
90 74
90 76
90 77
90 78
90 80
90 81
90 82
90 84
90 86
90 88
90 89
91 1
91 6
91 8
91 9
91 12
91 13
91 16
91 17
91 19
91 20
91 21
91 23
91 24
91 25
91 27
91 31
91 38
91 39
91 40
91 44
91 45
91 46
91 47
91 48
91 51
91 52
91 53
91 54
91 55
91 56
91 60
91 62
91 63
91 67
91 69
91 71
91 74
91 75
91 76
91 77
91 80
91 81
91 85
91 86
91 87
91 88
91 90
92 2
92 5
92 6
92 7
92 9
92 13
92 15
92 20
92 24
92 28
92 31
92 34
92 36
92 37
92 40
92 42
92 43
92 47
92 49
92 50
92 53
92 56
92 59
92 60
92 61
92 65
92 66
92 67
92 68
92 69
92 71
92 75
92 79
92 80
92 82
92 85
92 86
92 88
92 89
92 91
93 5
93 6
93 9
93 10
93 12
93 16
93 20
93 21
93 24
93 25
93 28
93 29
93 30
93 33
93 34
93 35
93 36
93 37
93 38
93 40
93 43
93 49
93 52
93 53
93 55
93 58
93 60
93 62
93 63
93 65
93 66
93 68
93 69
93 71
93 73
93 74
93 75
93 76
93 77
93 80
93 81
93 82
93 85
93 86
93 89
93 90
93 92
94 2
94 3
94 4
94 8
94 10
94 12
94 14
94 16
94 17
94 18
94 19
94 22
94 29
94 30
94 31
94 32
94 33
94 36
94 37
94 40
94 43
94 44
94 46
94 47
94 53
94 54
94 56
94 57
94 62
94 63
94 65
94 66
94 67
94 68
94 70
94 71
94 72
94 73
94 76
94 77
94 78
94 79
94 80
94 83
94 85
94 88
94 91
94 92
94 93
95 2
95 12
95 14
95 15
95 16
95 17
95 22
95 24
95 27
95 29
95 30
95 32
95 38
95 39
95 41
95 44
95 45
95 48
95 50
95 51
95 54
95 59
95 60
95 66
95 67
95 70
95 72
95 76
95 77
95 81
95 87
95 89
96 2
96 6
96 7
96 8
96 11
96 18
96 20
96 24
96 25
96 26
96 28
96 29
96 33
96 35
96 39
96 41
96 42
96 43
96 44
96 50
96 55
96 56
96 57
96 59
96 60
96 62
96 64
96 66
96 68
96 69
96 70
96 71
96 72
96 77
96 79
96 80
96 81
96 82
96 83
96 89
96 91
96 92
96 94
97 2
97 3
97 5
97 7
97 8
97 9
97 13
97 14
97 18
97 19
97 20
97 21
97 24
97 25
97 26
97 28
97 29
97 30
97 32
97 33
97 36
97 39
97 42
97 46
97 48
97 49
97 50
97 53
97 57
97 59
97 61
97 67
97 68
97 69
97 70
97 71
97 73
97 76
97 78
97 79
97 81
97 84
97 86
97 89
97 91
97 93
98 1
98 2
98 3
98 4
98 5
98 7
98 8
98 9
98 11
98 12
98 13
98 14
98 16
98 17
98 18
98 21
98 22
98 23
98 24
98 25
98 26
98 27
98 28
98 29
98 33
98 34
98 35
98 36
98 37
98 39
98 40
98 44
98 45
98 50
98 53
98 55
98 56
98 57
98 60
98 61
98 63
98 66
98 69
98 71
98 72
98 77
98 78
98 79
98 81
98 82
98 85
98 86
98 88
98 90
98 92
98 93
98 94
99 1
99 3
99 4
99 10
99 11
99 13
99 16
99 17
99 19
99 27
99 31
99 33
99 38
99 39
99 41
99 42
99 43
99 51
99 53
99 54
99 55
99 56
99 58
99 59
99 63
99 66
99 67
99 68
99 73
99 74
99 75
99 76
99 79
99 81
99 84
99 85
99 86
99 91
99 95
99 98
100 4
100 5
100 8
100 10
100 11
100 12
100 13
100 14
100 16
100 18
100 19
100 22
100 23
100 25
100 26
100 27
100 28
100 29
100 30
100 33
100 36
100 38
100 42
100 44
100 45
100 46
100 55
100 56
100 57
100 60
100 61
100 62
100 65
100 67
100 68
100 72
100 77
100 80
100 81
100 84
100 88
100 89
100 90
100 91
100 92
100 93
100 95
100 96
100 97
100 98
100 99
