160
12685
1 3
1 4
1 5
1 6
1 7
1 13
1 15
1 19
1 20
1 21
1 22
1 24
1 26
1 28
1 29
1 30
1 31
1 34
1 36
1 38
1 39
1 41
1 43
1 44
1 45
1 46
1 49
1 52
1 55
1 57
1 59
1 60
1 61
1 63
1 65
1 66
1 69
1 75
1 76
1 78
1 79
1 80
1 81
1 84
1 86
1 87
1 88
1 92
1 94
1 98
1 99
1 100
1 103
1 105
1 106
1 108
1 109
1 111
1 112
1 113
1 114
1 115
1 118
1 119
1 120
1 121
1 122
1 123
1 130
1 131
1 133
1 134
1 136
1 145
1 148
1 152
1 154
1 155
1 158
2 6
2 7
2 8
2 9
2 14
2 19
2 20
2 21
2 22
2 23
2 24
2 25
2 28
2 30
2 32
2 33
2 34
2 35
2 37
2 38
2 41
2 44
2 45
2 46
2 47
2 49
2 50
2 53
2 54
2 56
2 57
2 59
2 61
2 64
2 69
2 70
2 71
2 72
2 74
2 80
2 81
2 83
2 84
2 87
2 88
2 90
2 91
2 97
2 102
2 104
2 105
2 108
2 110
2 111
2 113
2 114
2 117
2 118
2 119
2 120
2 121
2 123
2 127
2 128
2 129
2 130
2 133
2 135
2 136
2 138
2 139
2 140
2 142
2 144
2 146
2 152
2 153
2 154
2 156
3 2
3 5
3 7
3 8
3 11
3 12
3 13
3 15
3 16
3 17
3 19
3 21
3 23
3 26
3 30
3 31
3 33
3 34
3 38
3 39
3 41
3 42
3 43
3 45
3 46
3 47
3 48
3 50
3 52
3 54
3 55
3 56
3 58
3 60
3 63
3 66
3 67
3 71
3 73
3 75
3 80
3 81
3 83
3 85
3 88
3 89
3 91
3 93
3 94
3 95
3 96
3 98
3 99
3 102
3 103
3 104
3 105
3 106
3 108
3 111
3 112
3 116
3 117
3 125
3 127
3 130
3 132
3 135
3 136
3 137
3 139
3 141
3 142
3 143
3 147
3 150
3 151
3 156
3 157
3 158
4 1
4 2
4 3
4 7
4 11
4 12
4 13
4 14
4 18
4 19
4 21
4 22
4 26
4 27
4 28
4 30
4 31
4 32
4 33
4 36
4 37
4 38
4 39
4 40
4 42
4 44
4 45
4 46
4 47
4 51
4 52
4 53
4 56
4 57
4 58
4 59
4 61
4 63
4 64
4 68
4 69
4 70
4 72
4 76
4 84
4 86
4 87
4 89
4 91
4 95
4 96
4 100
4 102
4 112
4 116
4 122
4 125
4 127
4 128
4 132
4 133
4 135
4 136
4 137
4 140
4 147
4 151
4 153
4 154
4 155
4 156
4 157
5 1
5 4
5 6
5 9
5 11
5 12
5 13
5 14
5 17
5 24
5 25
5 30
5 31
5 32
5 33
5 39
5 41
5 47
5 49
5 51
5 52
5 53
5 56
5 58
5 61
5 62
5 63
5 65
5 66
5 68
5 69
5 75
5 78
5 79
5 80
5 81
5 84
5 85
5 88
5 89
5 91
5 93
5 94
5 97
5 98
5 99
5 101
5 102
5 105
5 106
5 107
5 108
5 109
5 110
5 111
5 116
5 118
5 119
5 120
5 123
5 124
5 125
5 126
5 128
5 129
5 131
5 132
5 136
5 137
5 138
5 139
5 142
5 144
5 145
5 147
5 148
5 154
5 156
6 1
6 4
6 7
6 9
6 10
6 11
6 12
6 15
6 16
6 18
6 22
6 23
6 25
6 27
6 28
6 29
6 31
6 32
6 33
6 34
6 36
6 37
6 38
6 40
6 46
6 47
6 49
6 50
6 53
6 54
6 57
6 58
6 61
6 63
6 65
6 66
6 69
6 71
6 74
6 75
6 77
6 78
6 80
6 82
6 83
6 92
6 95
6 97
6 98
6 102
6 103
6 105
6 106
6 109
6 110
6 114
6 117
6 120
6 121
6 124
6 127
6 130
6 133
6 135
6 138
6 139
6 140
6 141
6 142
6 143
6 144
6 146
6 147
6 148
6 149
6 150
6 151
6 152
6 155
6 159
6 160
7 6
7 8
7 9
7 10
7 11
7 14
7 20
7 21
7 22
7 24
7 25
7 28
7 29
7 30
7 34
7 38
7 39
7 40
7 43
7 46
7 47
7 48
7 51
7 52
7 55
7 56
7 60
7 62
7 64
7 66
7 68
7 71
7 72
7 73
7 80
7 81
7 83
7 84
7 86
7 87
7 89
7 90
7 91
7 92
7 94
7 95
7 97
7 98
7 101
7 102
7 107
7 111
7 113
7 114
7 115
7 116
7 127
7 129
7 130
7 135
7 136
7 137
7 138
7 140
7 143
7 144
7 145
7 154
7 156
7 157
7 158
7 159
8 5
8 9
8 10
8 11
8 15
8 18
8 19
8 20
8 22
8 24
8 27
8 29
8 30
8 31
8 32
8 35
8 36
8 38
8 39
8 42
8 43
8 46
8 47
8 48
8 49
8 52
8 54
8 55
8 60
8 63
8 65
8 67
8 71
8 72
8 73
8 74
8 76
8 77
8 79
8 81
8 82
8 83
8 84
8 87
8 88
8 89
8 91
8 93
8 95
8 96
8 97
8 98
8 99
8 102
8 104
8 105
8 106
8 109
8 112
8 114
8 116
8 124
8 126
8 128
8 130
8 132
8 133
8 135
8 136
8 138
8 139
8 144
8 145
8 147
8 148
8 149
8 151
8 155
8 156
8 159
8 160
9 1
9 4
9 7
9 18
9 19
9 20
9 21
9 22
9 25
9 26
9 28
9 29
9 31
9 32
9 34
9 36
9 37
9 42
9 47
9 51
9 53
9 55
9 59
9 60
9 64
9 68
9 76
9 78
9 79
9 80
9 81
9 82
9 84
9 85
9 87
9 90
9 92
9 94
9 96
9 98
9 102
9 103
9 104
9 105
9 106
9 108
9 112
9 115
9 117
9 119
9 122
9 123
9 124
9 129
9 133
9 134
9 137
9 138
9 139
9 140
9 141
9 143
9 145
9 146
9 147
9 149
9 151
9 152
9 153
9 159
10 2
10 4
10 5
10 6
10 9
10 12
10 13
10 14
10 15
10 16
10 17
10 19
10 20
10 21
10 24
10 27
10 28
10 30
10 32
10 33
10 35
10 36
10 39
10 40
10 41
10 43
10 44
10 45
10 46
10 47
10 49
10 51
10 52
10 53
10 55
10 56
10 57
10 59
10 60
10 62
10 63
10 64
10 65
10 69
10 70
10 72
10 74
10 75
10 78
10 79
10 80
10 82
10 83
10 86
10 90
10 91
10 95
10 96
10 97
10 98
10 99
10 100
10 102
10 106
10 107
10 110
10 111
10 112
10 113
10 115
10 116
10 117
10 118
10 119
10 120
10 126
10 127
10 128
10 130
10 133
10 135
10 136
10 137
10 138
10 140
10 141
10 143
10 146
10 148
10 150
10 151
10 152
10 153
10 155
10 159
11 3
11 4
11 5
11 7
11 9
11 18
11 19
11 22
11 23
11 24
11 25
11 27
11 32
11 33
11 35
11 37
11 42
11 45
11 46
11 48
11 51
11 52
11 54
11 55
11 57
11 59
11 60
11 61
11 62
11 63
11 64
11 65
11 67
11 69
11 71
11 72
11 73
11 76
11 79
11 80
11 81
11 83
11 84
11 85
11 86
11 89
11 90
11 94
11 98
11 100
11 107
11 109
11 113
11 114
11 115
11 117
11 119
11 122
11 124
11 125
11 126
11 128
11 135
11 136
11 142
11 145
11 149
11 152
11 154
11 155
11 158
12 2
12 5
12 7
12 9
12 10
12 11
12 13
12 15
12 18
12 19
12 20
12 21
12 22
12 24
12 25
12 29
12 30
12 32
12 33
12 37
12 38
12 40
12 43
12 47
12 48
12 49
12 53
12 54
12 58
12 61
12 63
12 65
12 67
12 68
12 69
12 70
12 73
12 76
12 78
12 79
12 80
12 81
12 87
12 88
12 89
12 90
12 91
12 92
12 93
12 97
12 99
12 100
12 104
12 106
12 107
12 110
12 111
12 112
12 113
12 114
12 115
12 116
12 119
12 121
12 122
12 123
12 126
12 129
12 132
12 133
12 139
12 140
12 141
12 142
12 143
12 144
12 145
12 146
12 148
12 149
12 150
12 153
12 154
12 155
12 156
12 159
12 160
13 1
13 3
13 4
13 5
13 7
13 12
13 14
13 17
13 22
13 24
13 26
13 27
13 31
13 32
13 36
13 38
13 40
13 41
13 42
13 43
13 46
13 49
13 51
13 52
13 54
13 57
13 60
13 61
13 63
13 64
13 67
13 69
13 71
13 73
13 74
13 75
13 76
13 77
13 78
13 79
13 80
13 81
13 88
13 89
13 91
13 92
13 95
13 96
13 99
13 101
13 104
13 106
13 108
13 110
13 111
13 112
13 113
13 114
13 115
13 118
13 119
13 123
13 124
13 125
13 126
13 127
13 128
13 129
13 130
13 134
13 135
13 137
13 138
13 141
13 143
13 144
13 147
13 149
13 150
13 151
13 154
13 156
13 157
13 159
14 1
14 3
14 5
14 8
14 9
14 11
14 16
14 17
14 18
14 19
14 20
14 23
14 24
14 25
14 28
14 32
14 33
14 36
14 37
14 38
14 43
14 44
14 45
14 51
14 53
14 54
14 56
14 57
14 60
14 64
14 66
14 71
14 72
14 74
14 75
14 76
14 78
14 80
14 82
14 86
14 87
14 88
14 90
14 91
14 93
14 94
14 96
14 97
14 99
14 100
14 102
14 103
14 108
14 109
14 112
14 116
14 117
14 119
14 121
14 123
14 124
14 126
14 128
14 134
14 135
14 136
14 137
14 138
14 140
14 142
14 143
14 145
14 146
14 147
14 148
14 149
14 153
14 156
14 158
14 159
15 2
15 4
15 5
15 6
15 14
15 26
15 27
15 29
15 32
15 33
15 37
15 39
15 42
15 43
15 44
15 45
15 46
15 47
15 48
15 49
15 50
15 51
15 54
15 55
15 56
15 58
15 59
15 66
15 68
15 70
15 72
15 74
15 78
15 79
15 80
15 82
15 88
15 89
15 91
15 94
15 95
15 97
15 98
15 100
15 107
15 108
15 110
15 111
15 112
15 113
15 114
15 115
15 116
15 123
15 124
15 126
15 133
15 134
15 136
15 137
15 138
15 142
15 143
15 152
15 153
15 154
15 157
15 158
15 159
16 5
16 8
16 10
16 11
16 12
16 13
16 14
16 20
16 22
16 23
16 28
16 29
16 31
16 32
16 33
16 34
16 35
16 36
16 41
16 43
16 44
16 47
16 48
16 49
16 51
16 52
16 55
16 57
16 59
16 60
16 63
16 64
16 68
16 70
16 71
16 72
16 74
16 77
16 78
16 81
16 82
16 84
16 87
16 89
16 90
16 91
16 92
16 98
16 102
16 106
16 108
16 112
16 116
16 118
16 122
16 125
16 128
16 130
16 133
16 134
16 135
16 136
16 137
16 138
16 142
16 144
16 148
16 149
16 150
16 152
16 153
16 154
16 157
16 159
16 160
17 1
17 2
17 6
17 7
17 11
17 14
17 15
17 19
17 20
17 22
17 26
17 27
17 28
17 29
17 30
17 31
17 32
17 33
17 35
17 36
17 39
17 41
17 42
17 45
17 46
17 48
17 49
17 50
17 52
17 56
17 60
17 62
17 65
17 67
17 68
17 69
17 74
17 75
17 76
17 81
17 82
17 83
17 85
17 87
17 90
17 92
17 93
17 94
17 97
17 98
17 99
17 101
17 102
17 104
17 105
17 109
17 110
17 112
17 115
17 118
17 119
17 124
17 125
17 126
17 127
17 130
17 131
17 132
17 133
17 136
17 137
17 139
17 141
17 144
17 146
17 147
17 148
17 150
17 152
17 156
17 157
18 1
18 4
18 5
18 7
18 9
18 10
18 11
18 13
18 15
18 17
18 21
18 22
18 23
18 25
18 28
18 30
18 34
18 35
18 36
18 37
18 39
18 41
18 43
18 44
18 47
18 49
18 51
18 52
18 54
18 55
18 56
18 62
18 63
18 65
18 66
18 71
18 73
18 74
18 75
18 76
18 77
18 85
18 86
18 87
18 91
18 95
18 96
18 98
18 99
18 101
18 102
18 103
18 107
18 108
18 110
18 112
18 114
18 116
18 117
18 119
18 121
18 122
18 123
18 127
18 128
18 129
18 132
18 134
18 137
18 138
18 139
18 140
18 141
18 142
18 143
18 144
18 147
18 150
18 151
18 152
18 154
18 157
18 158
18 160
19 2
19 3
19 6
19 10
19 11
19 12
19 16
19 20
19 21
19 22
19 24
19 25
19 26
19 27
19 30
19 31
19 33
19 34
19 35
19 36
19 38
19 42
19 45
19 48
19 54
19 56
19 57
19 60
19 61
19 62
19 64
19 68
19 69
19 76
19 79
19 81
19 82
19 84
19 85
19 87
19 88
19 89
19 90
19 91
19 93
19 94
19 95
19 98
19 99
19 100
19 101
19 102
19 103
19 104
19 109
19 111
19 113
19 114
19 116
19 117
19 121
19 124
19 126
19 129
19 130
19 131
19 132
19 133
19 134
19 136
19 137
19 140
19 143
19 144
19 145
19 148
19 153
19 154
19 156
19 158
20 2
20 5
20 9
20 12
20 13
20 16
20 18
20 19
20 21
20 24
20 28
20 30
20 31
20 34
20 37
20 40
20 41
20 42
20 46
20 48
20 49
20 50
20 51
20 53
20 54
20 56
20 60
20 61
20 62
20 63
20 65
20 66
20 68
20 73
20 74
20 76
20 79
20 80
20 81
20 82
20 83
20 85
20 86
20 89
20 93
20 94
20 95
20 97
20 100
20 101
20 102
20 103
20 107
20 110
20 111
20 112
20 113
20 116
20 119
20 120
20 122
20 123
20 128
20 129
20 131
20 133
20 134
20 136
20 137
20 140
20 142
20 144
20 150
20 160
21 3
21 6
21 8
21 10
21 11
21 12
21 13
21 14
21 18
21 22
21 24
21 25
21 26
21 27
21 28
21 29
21 30
21 32
21 33
21 35
21 36
21 37
21 39
21 40
21 41
21 42
21 44
21 46
21 50
21 51
21 53
21 57
21 58
21 59
21 62
21 63
21 64
21 65
21 67
21 69
21 72
21 73
21 76
21 77
21 79
21 80
21 82
21 83
21 84
21 86
21 87
21 93
21 94
21 95
21 97
21 99
21 100
21 102
21 104
21 108
21 112
21 115
21 116
21 118
21 120
21 124
21 125
21 126
21 127
21 129
21 130
21 131
21 134
21 136
21 137
21 138
21 142
21 143
21 144
21 145
21 146
21 147
21 148
21 149
21 154
21 156
21 158
21 159
22 2
22 4
22 7
22 9
22 11
22 16
22 19
22 21
22 24
22 28
22 32
22 35
22 37
22 39
22 40
22 42
22 43
22 44
22 46
22 48
22 50
22 52
22 53
22 54
22 56
22 57
22 58
22 59
22 61
22 67
22 68
22 71
22 73
22 79
22 80
22 82
22 85
22 89
22 91
22 92
22 96
22 97
22 98
22 99
22 100
22 101
22 102
22 103
22 105
22 108
22 109
22 111
22 115
22 116
22 119
22 123
22 127
22 129
22 131
22 132
22 133
22 134
22 135
22 138
22 143
22 146
22 148
22 151
22 154
22 159
23 1
23 2
23 3
23 4
23 5
23 7
23 8
23 10
23 11
23 13
23 14
23 15
23 16
23 17
23 19
23 25
23 27
23 28
23 29
23 30
23 31
23 40
23 41
23 44
23 45
23 46
23 47
23 48
23 51
23 53
23 56
23 57
23 58
23 59
23 60
23 61
23 62
23 69
23 70
23 74
23 76
23 78
23 79
23 80
23 83
23 84
23 85
23 87
23 94
23 96
23 97
23 98
23 101
23 105
23 107
23 108
23 110
23 111
23 113
23 114
23 115
23 116
23 118
23 119
23 120
23 121
23 123
23 124
23 126
23 127
23 132
23 142
23 143
23 145
23 148
23 149
23 150
23 152
23 155
23 158
24 2
24 4
24 5
24 7
24 8
24 9
24 12
24 13
24 20
24 25
24 26
24 27
24 29
24 30
24 31
24 32
24 33
24 35
24 37
24 42
24 43
24 46
24 47
24 49
24 50
24 52
24 54
24 55
24 56
24 58
24 60
24 62
24 65
24 66
24 67
24 68
24 69
24 70
24 71
24 72
24 73
24 76
24 77
24 84
24 85
24 87
24 88
24 89
24 91
24 94
24 96
24 97
24 99
24 100
24 102
24 103
24 106
24 116
24 117
24 119
24 120
24 121
24 126
24 128
24 130
24 131
24 132
24 133
24 137
24 138
24 139
24 141
24 146
24 147
24 148
24 156
24 158
24 160
25 4
25 7
25 10
25 12
25 14
25 17
25 18
25 20
25 23
25 27
25 28
25 30
25 31
25 32
25 33
25 36
25 38
25 39
25 41
25 42
25 43
25 46
25 49
25 50
25 52
25 57
25 60
25 61
25 63
25 65
25 66
25 68
25 70
25 71
25 73
25 75
25 76
25 77
25 79
25 82
25 84
25 85
25 86
25 88
25 89
25 90
25 92
25 97
25 99
25 100
25 101
25 108
25 111
25 112
25 114
25 115
25 118
25 119
25 120
25 121
25 123
25 124
25 125
25 128
25 130
25 134
25 139
25 141
25 143
25 144
25 146
25 148
25 151
25 152
25 157
25 159
26 1
26 3
26 5
26 6
26 8
26 9
26 10
26 15
26 16
26 19
26 21
26 24
26 25
26 28
26 29
26 31
26 34
26 35
26 45
26 47
26 49
26 51
26 53
26 54
26 55
26 58
26 61
26 62
26 63
26 67
26 68
26 73
26 77
26 78
26 79
26 80
26 81
26 83
26 84
26 85
26 86
26 87
26 91
26 92
26 94
26 96
26 97
26 98
26 99
26 101
26 103
26 104
26 106
26 107
26 108
26 109
26 110
26 111
26 112
26 118
26 119
26 122
26 124
26 125
26 127
26 129
26 131
26 132
26 133
26 136
26 137
26 141
26 143
26 144
26 147
26 148
26 149
26 150
26 152
26 153
26 154
26 156
26 157
26 160
27 5
27 7
27 14
27 15
27 17
27 18
27 21
27 22
27 23
27 24
27 28
27 31
27 36
27 37
27 38
27 39
27 40
27 41
27 42
27 43
27 44
27 45
27 46
27 47
27 51
27 52
27 54
27 57
27 58
27 59
27 61
27 62
27 63
27 64
27 66
27 67
27 71
27 72
27 74
27 75
27 80
27 82
27 83
27 84
27 86
27 91
27 92
27 94
27 95
27 98
27 100
27 101
27 102
27 105
27 108
27 111
27 114
27 115
27 116
27 118
27 119
27 125
27 126
27 128
27 130
27 131
27 134
27 136
27 137
27 138
27 141
27 143
27 145
27 146
27 148
27 149
27 152
27 154
27 155
27 157
27 160
28 1
28 2
28 4
28 5
28 6
28 8
28 9
28 14
28 15
28 20
28 22
28 23
28 24
28 25
28 26
28 27
28 29
28 34
28 35
28 37
28 38
28 42
28 43
28 44
28 46
28 47
28 49
28 50
28 52
28 54
28 58
28 60
28 63
28 65
28 73
28 79
28 81
28 83
28 84
28 85
28 88
28 89
28 90
28 93
28 94
28 95
28 98
28 101
28 103
28 104
28 105
28 106
28 109
28 112
28 114
28 115
28 116
28 117
28 123
28 124
28 125
28 126
28 129
28 130
28 131
28 133
28 135
28 137
28 140
28 143
28 144
28 146
28 148
28 151
28 155
28 157
28 158
28 159
29 1
29 2
29 5
29 9
29 10
29 11
29 14
29 16
29 18
29 20
29 21
29 24
29 25
29 26
29 27
29 31
29 32
29 35
29 36
29 37
29 38
29 40
29 41
29 44
29 46
29 48
29 49
29 50
29 51
29 52
29 53
29 54
29 58
29 62
29 63
29 64
29 66
29 67
29 70
29 71
29 73
29 75
29 76
29 77
29 79
29 82
29 83
29 85
29 87
29 89
29 91
29 93
29 96
29 97
29 98
29 101
29 103
29 105
29 106
29 108
29 109
29 111
29 114
29 116
29 117
29 123
29 124
29 126
29 127
29 129
29 130
29 131
29 133
29 134
29 137
29 138
29 139
29 141
29 143
29 147
29 149
29 150
29 151
29 153
29 156
29 159
30 5
30 8
30 10
30 13
30 14
30 16
30 18
30 20
30 25
30 26
30 29
30 32
30 33
30 35
30 36
30 38
30 40
30 41
30 46
30 48
30 52
30 53
30 57
30 58
30 60
30 63
30 65
30 67
30 69
30 71
30 72
30 75
30 78
30 80
30 81
30 83
30 87
30 88
30 90
30 93
30 94
30 97
30 107
30 108
30 112
30 114
30 116
30 117
30 119
30 120
30 121
30 125
30 126
30 129
30 130
30 132
30 138
30 141
30 142
30 147
30 151
30 158
30 159
31 1
31 4
31 7
31 10
31 11
31 12
31 15
31 16
31 18
31 19
31 20
31 21
31 22
31 23
31 24
31 25
31 29
31 30
31 32
31 35
31 39
31 41
31 42
31 44
31 45
31 46
31 47
31 48
31 50
31 53
31 55
31 58
31 59
31 67
31 72
31 74
31 75
31 80
31 83
31 84
31 86
31 88
31 89
31 91
31 92
31 93
31 94
31 95
31 97
31 98
31 99
31 100
31 105
31 107
31 111
31 115
31 116
31 117
31 118
31 119
31 120
31 123
31 125
31 126
31 127
31 129
31 131
31 132
31 135
31 138
31 139
31 140
31 143
31 144
31 146
31 147
31 149
31 151
31 155
31 156
31 157
32 1
32 3
32 5
32 7
32 8
32 10
32 13
32 16
32 19
32 20
32 23
32 24
32 26
32 27
32 28
32 31
32 35
32 36
32 37
32 38
32 44
32 45
32 47
32 48
32 52
32 54
32 56
32 59
32 64
32 65
32 68
32 69
32 72
32 73
32 75
32 76
32 77
32 78
32 80
32 82
32 83
32 85
32 86
32 87
32 89
32 90
32 92
32 97
32 100
32 103
32 104
32 107
32 113
32 115
32 116
32 119
32 121
32 122
32 123
32 124
32 125
32 128
32 131
32 134
32 137
32 140
32 141
32 143
32 147
32 149
32 153
32 154
32 156
32 157
32 159
32 160
33 1
33 2
33 3
33 5
33 6
33 7
33 9
33 10
33 11
33 13
33 15
33 17
33 19
33 20
33 24
33 25
33 28
33 29
33 30
33 32
33 34
33 36
33 37
33 38
33 40
33 41
33 47
33 49
33 55
33 65
33 66
33 67
33 69
33 70
33 72
33 73
33 74
33 76
33 78
33 80
33 81
33 82
33 83
33 84
33 85
33 86
33 89
33 90
33 94
33 98
33 100
33 104
33 106
33 109
33 110
33 112
33 115
33 119
33 120
33 121
33 122
33 125
33 126
33 127
33 130
33 134
33 135
33 136
33 141
33 143
33 144
33 150
33 153
33 154
33 158
33 160
34 2
34 3
34 4
34 5
34 6
34 7
34 8
34 9
34 10
34 11
34 12
34 13
34 14
34 15
34 17
34 18
34 19
34 21
34 23
34 24
34 26
34 28
34 29
34 31
34 35
34 37
34 38
34 39
34 40
34 42
34 44
34 45
34 46
34 47
34 48
34 49
34 50
34 51
34 52
34 57
34 58
34 59
34 63
34 67
34 68
34 69
34 70
34 71
34 72
34 76
34 78
34 79
34 86
34 87
34 88
34 90
34 92
34 93
34 95
34 96
34 97
34 99
34 104
34 105
34 111
34 113
34 116
34 117
34 120
34 122
34 125
34 127
34 128
34 129
34 130
34 133
34 135
34 136
34 144
34 147
34 148
34 149
34 150
34 155
34 160
35 7
35 8
35 9
35 11
35 14
35 16
35 17
35 18
35 21
35 25
35 27
35 33
35 37
35 44
35 45
35 47
35 48
35 49
35 51
35 52
35 56
35 58
35 59
35 61
35 62
35 64
35 67
35 68
35 71
35 72
35 75
35 77
35 78
35 80
35 81
35 83
35 84
35 86
35 87
35 89
35 92
35 93
35 95
35 98
35 102
35 107
35 109
35 113
35 120
35 121
35 122
35 125
35 127
35 128
35 130
35 131
35 133
35 135
35 138
35 141
35 142
35 146
35 148
35 149
35 151
35 155
35 156
35 157
35 158
35 159
35 160
36 1
36 2
36 4
36 7
36 9
36 13
36 15
36 17
36 18
36 20
36 22
36 27
36 28
36 31
36 32
36 34
36 37
36 38
36 39
36 41
36 42
36 44
36 46
36 47
36 49
36 54
36 58
36 59
36 60
36 61
36 62
36 64
36 65
36 66
36 67
36 68
36 70
36 72
36 73
36 74
36 77
36 78
36 80
36 82
36 84
36 86
36 87
36 90
36 93
36 94
36 95
36 97
36 101
36 102
36 103
36 106
36 108
36 109
36 111
36 112
36 114
36 115
36 116
36 122
36 126
36 129
36 132
36 137
36 138
36 139
36 140
36 141
36 142
36 146
36 147
36 153
36 154
36 156
36 159
36 160
37 6
37 7
37 8
37 12
37 17
37 19
37 21
37 23
37 26
37 28
37 30
37 32
37 33
37 34
37 36
37 38
37 41
37 43
37 44
37 45
37 48
37 49
37 51
37 52
37 54
37 55
37 60
37 62
37 63
37 67
37 70
37 71
37 75
37 76
37 81
37 82
37 83
37 84
37 87
37 88
37 89
37 90
37 91
37 92
37 94
37 95
37 97
37 103
37 106
37 107
37 108
37 110
37 111
37 119
37 122
37 123
37 124
37 125
37 126
37 127
37 131
37 133
37 134
37 135
37 136
37 137
37 138
37 141
37 144
37 146
37 147
37 151
37 153
37 157
37 158
37 159
38 1
38 3
38 6
38 8
38 11
38 13
38 14
38 17
38 19
38 20
38 21
38 22
38 23
38 24
38 25
38 26
38 27
38 28
38 29
38 30
38 31
38 32
38 36
38 40
38 41
38 42
38 43
38 44
38 45
38 47
38 49
38 54
38 58
38 59
38 60
38 62
38 63
38 64
38 66
38 68
38 69
38 72
38 73
38 74
38 77
38 78
38 79
38 80
38 82
38 83
38 85
38 88
38 90
38 91
38 92
38 93
38 95
38 96
38 100
38 101
38 102
38 107
38 108
38 113
38 116
38 120
38 121
38 122
38 128
38 129
38 132
38 133
38 134
38 135
38 138
38 139
38 140
38 145
38 148
38 150
38 151
38 153
38 159
39 2
39 8
39 10
39 11
39 15
39 17
39 18
39 19
39 20
39 21
39 22
39 24
39 26
39 27
39 29
39 31
39 33
39 37
39 38
39 40
39 42
39 47
39 49
39 50
39 51
39 55
39 56
39 57
39 58
39 59
39 60
39 62
39 63
39 65
39 66
39 68
39 69
39 71
39 72
39 73
39 76
39 77
39 78
39 79
39 82
39 86
39 88
39 93
39 94
39 95
39 96
39 98
39 100
39 102
39 108
39 109
39 110
39 113
39 116
39 121
39 125
39 126
39 127
39 128
39 132
39 134
39 136
39 139
39 143
39 150
39 151
39 153
39 154
39 157
39 160
40 3
40 4
40 5
40 6
40 8
40 11
40 12
40 14
40 16
40 19
40 21
40 24
40 26
40 28
40 29
40 30
40 32
40 35
40 36
40 37
40 38
40 39
40 41
40 42
40 43
40 45
40 46
40 48
40 50
40 51
40 52
40 53
40 54
40 58
40 59
40 62
40 66
40 67
40 69
40 71
40 75
40 78
40 79
40 80
40 84
40 87
40 89
40 93
40 94
40 97
40 100
40 102
40 104
40 107
40 109
40 110
40 112
40 116
40 118
40 119
40 120
40 121
40 126
40 127
40 129
40 132
40 134
40 135
40 137
40 138
40 139
40 140
40 142
40 144
40 149
40 150
40 154
40 155
40 158
40 160
41 1
41 2
41 5
41 6
41 8
41 10
41 11
41 13
41 15
41 19
41 20
41 21
41 22
41 23
41 24
41 26
41 31
41 32
41 35
41 37
41 39
41 40
41 43
41 44
41 49
41 50
41 52
41 53
41 54
41 56
41 58
41 59
41 60
41 61
41 63
41 65
41 66
41 69
41 75
41 76
41 78
41 79
41 80
41 81
41 87
41 88
41 89
41 92
41 94
41 95
41 97
41 99
41 100
41 104
41 105
41 106
41 107
41 112
41 116
41 117
41 119
41 122
41 123
41 124
41 130
41 131
41 132
41 133
41 134
41 138
41 140
41 142
41 147
41 148
41 150
41 152
41 153
41 155
41 156
41 158
41 159
41 160
42 1
42 4
42 8
42 9
42 10
42 11
42 13
42 14
42 15
42 17
42 18
42 21
42 23
42 27
42 30
42 32
42 33
42 34
42 35
42 38
42 39
42 43
42 44
42 45
42 50
42 51
42 52
42 53
42 54
42 59
42 60
42 61
42 66
42 67
42 71
42 72
42 74
42 75
42 77
42 81
42 82
42 83
42 84
42 86
42 89
42 90
42 92
42 93
42 94
42 96
42 97
42 99
42 100
42 102
42 103
42 104
42 105
42 106
42 107
42 108
42 111
42 112
42 114
42 115
42 116
42 117
42 118
42 119
42 120
42 123
42 126
42 127
42 129
42 134
42 135
42 138
42 139
42 140
42 141
42 143
42 144
42 146
42 147
42 148
42 149
42 150
42 152
42 153
42 155
42 156
42 157
42 158
42 159
43 1
43 2
43 3
43 5
43 6
43 8
43 11
43 12
43 13
43 17
43 18
43 19
43 21
43 22
43 24
43 25
43 27
43 28
43 30
43 33
43 34
43 37
43 39
43 40
43 41
43 42
43 44
43 45
43 47
43 49
43 50
43 53
43 55
43 57
43 61
43 62
43 64
43 65
43 66
43 67
43 68
43 70
43 71
43 72
43 73
43 74
43 78
43 79
43 81
43 82
43 83
43 85
43 88
43 89
43 90
43 91
43 92
43 95
43 96
43 97
43 99
43 101
43 104
43 105
43 106
43 109
43 110
43 111
43 112
43 114
43 115
43 116
43 117
43 118
43 119
43 120
43 121
43 123
43 125
43 128
43 131
43 132
43 134
43 138
43 142
43 144
43 145
43 146
43 148
43 149
43 151
43 159
43 160
44 1
44 3
44 4
44 5
44 6
44 9
44 10
44 12
44 13
44 16
44 17
44 21
44 22
44 23
44 25
44 26
44 27
44 28
44 29
44 30
44 31
44 32
44 33
44 36
44 38
44 39
44 43
44 45
44 46
44 51
44 53
44 56
44 59
44 60
44 61
44 67
44 68
44 71
44 72
44 74
44 75
44 76
44 77
44 79
44 82
44 84
44 85
44 87
44 90
44 93
44 96
44 97
44 98
44 99
44 106
44 112
44 113
44 115
44 116
44 121
44 122
44 123
44 125
44 126
44 128
44 131
44 137
44 138
44 140
44 143
44 144
44 147
44 148
44 149
44 151
44 155
44 157
44 160
45 4
45 6
45 7
45 8
45 10
45 13
45 15
45 16
45 17
45 18
45 21
45 22
45 23
45 25
45 27
45 28
45 29
45 30
45 31
45 33
45 34
45 35
45 36
45 39
45 40
45 41
45 42
45 43
45 44
45 46
45 50
45 52
45 53
45 55
45 57
45 60
45 62
45 63
45 65
45 66
45 67
45 70
45 72
45 75
45 79
45 80
45 83
45 84
45 87
45 88
45 89
45 90
45 91
45 92
45 95
45 96
45 99
45 100
45 102
45 103
45 106
45 107
45 111
45 112
45 113
45 114
45 116
45 118
45 119
45 123
45 124
45 126
45 131
45 136
45 137
45 139
45 140
45 142
45 144
45 148
45 150
45 153
45 154
45 155
45 156
45 157
45 158
45 159
46 2
46 3
46 6
46 7
46 10
46 11
46 12
46 13
46 14
46 15
46 16
46 17
46 18
46 19
46 20
46 21
46 22
46 25
46 26
46 27
46 29
46 31
46 34
46 35
46 38
46 40
46 42
46 43
46 44
46 45
46 49
46 51
46 52
46 54
46 55
46 59
46 60
46 61
46 67
46 68
46 70
46 72
46 75
46 76
46 77
46 79
46 80
46 81
46 85
46 86
46 87
46 88
46 91
46 92
46 93
46 96
46 98
46 101
46 102
46 105
46 107
46 108
46 110
46 111
46 113
46 118
46 119
46 121
46 122
46 125
46 126
46 127
46 128
46 130
46 131
46 132
46 133
46 134
46 135
46 139
46 140
46 143
46 144
46 147
46 150
46 152
46 154
46 157
46 159
46 160
47 1
47 4
47 7
47 8
47 9
47 10
47 11
47 13
47 19
47 21
47 22
47 23
47 26
47 27
47 29
47 34
47 39
47 40
47 44
47 45
47 53
47 55
47 57
47 58
47 59
47 61
47 63
47 64
47 65
47 66
47 68
47 69
47 70
47 72
47 73
47 74
47 76
47 77
47 78
47 80
47 82
47 85
47 86
47 91
47 92
47 94
47 95
47 97
47 98
47 100
47 101
47 102
47 110
47 111
47 112
47 114
47 115
47 118
47 120
47 121
47 123
47 124
47 125
47 126
47 131
47 132
47 133
47 138
47 139
47 141
47 151
47 152
47 153
47 154
47 155
47 157
48 1
48 4
48 7
48 8
48 9
48 13
48 14
48 15
48 16
48 18
48 19
48 22
48 23
48 24
48 25
48 27
48 28
48 33
48 34
48 36
48 37
48 39
48 40
48 41
48 42
48 43
48 44
48 46
48 50
48 51
48 55
48 56
48 57
48 58
48 61
48 62
48 63
48 70
48 71
48 74
48 75
48 80
48 83
48 84
48 86
48 87
48 88
48 90
48 92
48 95
48 97
48 98
48 102
48 107
48 108
48 109
48 110
48 111
48 116
48 118
48 120
48 124
48 127
48 129
48 130
48 137
48 138
48 139
48 140
48 143
48 146
48 147
48 149
48 154
48 160
49 1
49 4
49 7
49 9
49 10
49 11
49 13
49 15
49 18
49 19
49 22
49 26
49 27
49 28
49 29
49 30
49 33
49 36
49 37
49 38
49 43
49 46
49 47
49 51
49 52
49 53
49 54
49 55
49 57
49 58
49 59
49 60
49 61
49 62
49 63
49 66
49 67
49 69
49 70
49 71
49 72
49 74
49 77
49 78
49 79
49 81
49 86
49 87
49 88
49 89
49 90
49 92
49 93
49 96
49 98
49 102
49 103
49 104
49 105
49 106
49 107
49 110
49 111
49 115
49 119
49 121
49 124
49 125
49 126
49 127
49 128
49 130
49 131
49 135
49 138
49 139
49 140
49 141
49 142
49 143
49 145
49 147
49 148
49 149
49 150
49 152
49 154
49 160
50 1
50 3
50 5
50 13
50 17
50 18
50 19
50 24
50 26
50 27
50 29
50 30
50 31
50 32
50 34
50 35
50 36
50 37
50 38
50 42
50 43
50 45
50 46
50 47
50 51
50 52
50 54
50 56
50 58
50 59
50 62
50 63
50 64
50 65
50 67
50 68
50 70
50 71
50 73
50 75
50 76
50 77
50 78
50 79
50 81
50 82
50 87
50 88
50 91
50 95
50 97
50 98
50 99
50 103
50 105
50 106
50 108
50 109
50 112
50 113
50 120
50 121
50 123
50 124
50 125
50 126
50 128
50 129
50 130
50 132
50 133
50 134
50 136
50 138
50 140
50 141
50 142
50 144
50 145
50 151
50 152
50 153
50 157
50 158
50 159
50 160
51 1
51 2
51 3
51 5
51 6
51 8
51 9
51 10
51 12
51 13
51 14
51 17
51 18
51 21
51 28
51 31
51 32
51 33
51 34
51 35
51 37
51 42
51 46
51 47
51 49
51 52
51 53
51 54
51 57
51 59
51 62
51 64
51 65
51 66
51 68
51 69
51 73
51 80
51 82
51 83
51 84
51 85
51 88
51 90
51 92
51 93
51 94
51 97
51 102
51 108
51 110
51 111
51 112
51 115
51 116
51 117
51 118
51 121
51 122
51 123
51 124
51 128
51 129
51 130
51 133
51 134
51 137
51 138
51 140
51 141
51 145
51 147
51 149
51 154
51 155
51 156
51 157
51 158
51 159
52 1
52 2
52 3
52 8
52 9
52 11
52 12
52 13
52 19
52 20
52 23
52 25
52 26
52 30
52 31
52 33
52 35
52 36
52 41
52 43
52 44
52 45
52 46
52 47
52 48
52 49
52 53
52 54
52 57
52 58
52 60
52 63
52 67
52 68
52 69
52 70
52 71
52 72
52 73
52 74
52 75
52 76
52 78
52 79
52 80
52 81
52 86
52 87
52 88
52 90
52 92
52 93
52 94
52 95
52 96
52 98
52 99
52 100
52 102
52 103
52 105
52 107
52 108
52 109
52 112
52 115
52 116
52 117
52 119
52 122
52 125
52 126
52 127
52 128
52 129
52 131
52 132
52 133
52 134
52 136
52 140
52 144
52 145
52 148
52 149
52 151
52 152
52 153
52 155
52 156
52 157
52 158
52 160
53 3
53 4
53 8
53 14
53 15
53 17
53 18
53 19
53 22
53 25
53 30
53 31
53 35
53 37
53 38
53 39
53 46
53 47
53 50
53 54
53 56
53 57
53 58
53 59
53 60
53 61
53 62
53 63
53 64
53 66
53 67
53 68
53 74
53 75
53 76
53 77
53 78
53 79
53 82
53 87
53 89
53 90
53 91
53 92
53 93
53 94
53 96
53 104
53 107
53 108
53 109
53 117
53 118
53 120
53 122
53 123
53 124
53 125
53 126
53 127
53 128
53 129
53 133
53 134
53 136
53 138
53 140
53 144
53 147
53 148
53 149
53 150
53 151
53 155
53 156
53 157
53 158
54 1
54 3
54 4
54 6
54 7
54 9
54 10
54 19
54 20
54 21
54 28
54 31
54 32
54 33
54 34
54 36
54 40
54 41
54 42
54 44
54 45
54 46
54 48
54 51
54 52
54 56
54 60
54 62
54 63
54 65
54 66
54 67
54 68
54 71
54 72
54 73
54 74
54 83
54 85
54 86
54 87
54 93
54 103
54 107
54 109
54 110
54 111
54 114
54 115
54 116
54 118
54 119
54 123
54 124
54 125
54 126
54 132
54 137
54 138
54 140
54 142
54 143
54 144
54 145
54 147
54 154
54 155
54 156
54 159
55 1
55 2
55 3
55 5
55 6
55 10
55 13
55 14
55 15
55 20
55 21
55 26
55 28
55 29
55 30
55 32
55 33
55 34
55 36
55 37
55 39
55 41
55 42
55 44
55 45
55 46
55 47
55 48
55 50
55 51
55 63
55 64
55 65
55 66
55 67
55 69
55 70
55 73
55 74
55 75
55 76
55 77
55 78
55 81
55 82
55 83
55 84
55 85
55 86
55 87
55 90
55 91
55 94
55 96
55 97
55 99
55 100
55 101
55 103
55 104
55 107
55 108
55 114
55 117
55 119
55 123
55 126
55 127
55 128
55 129
55 132
55 133
55 134
55 135
55 136
55 139
55 140
55 141
55 143
55 144
55 146
55 147
55 148
55 153
55 155
55 157
55 159
55 160
56 2
56 3
56 4
56 5
56 6
56 8
56 10
56 11
56 13
56 16
56 17
56 18
56 20
56 22
56 23
56 24
56 25
56 31
56 33
56 36
56 37
56 38
56 42
56 45
56 49
56 51
56 53
56 58
56 61
56 63
56 64
56 65
56 66
56 67
56 69
56 74
56 75
56 76
56 79
56 86
56 87
56 91
56 92
56 96
56 102
56 104
56 106
56 109
56 111
56 112
56 114
56 116
56 117
56 118
56 119
56 121
56 122
56 124
56 125
56 126
56 128
56 129
56 134
56 135
56 136
56 138
56 139
56 141
56 142
56 144
56 149
56 152
56 155
56 156
57 5
57 6
57 7
57 9
57 13
57 14
57 15
57 21
57 22
57 23
57 25
57 26
57 32
57 38
57 42
57 43
57 44
57 49
57 50
57 52
57 55
57 61
57 63
57 65
57 66
57 67
57 68
57 69
57 74
57 78
57 79
57 80
57 82
57 83
57 84
57 85
57 88
57 91
57 99
57 100
57 101
57 102
57 103
57 104
57 106
57 109
57 110
57 111
57 116
57 117
57 120
57 123
57 126
57 127
57 128
57 131
57 132
57 133
57 135
57 137
57 138
57 139
57 146
57 147
57 148
57 153
57 155
57 156
57 158
58 1
58 2
58 3
58 4
58 6
58 11
58 13
58 15
58 16
58 21
58 24
58 26
58 27
58 28
58 29
58 30
58 33
58 34
58 36
58 37
58 39
58 40
58 41
58 43
58 49
58 50
58 52
58 53
58 55
58 57
58 59
58 64
58 66
58 67
58 68
58 70
58 72
58 73
58 74
58 77
58 78
58 84
58 85
58 87
58 89
58 91
58 92
58 93
58 94
58 97
58 100
58 101
58 103
58 104
58 105
58 107
58 110
58 112
58 113
58 114
58 115
58 117
58 120
58 121
58 122
58 123
58 124
58 125
58 127
58 128
58 129
58 130
58 131
58 133
58 135
58 137
58 142
58 144
58 147
58 149
58 150
58 151
58 152
58 154
58 155
58 156
58 157
58 159
59 2
59 3
59 4
59 5
59 6
59 9
59 11
59 15
59 16
59 17
59 18
59 20
59 24
59 25
59 27
59 28
59 29
59 31
59 32
59 35
59 37
59 38
59 44
59 47
59 48
59 51
59 53
59 56
59 57
59 60
59 61
59 62
59 63
59 66
59 67
59 69
59 74
59 76
59 77
59 78
59 80
59 83
59 86
59 90
59 93
59 95
59 96
59 98
59 101
59 103
59 105
59 106
59 108
59 109
59 112
59 114
59 116
59 118
59 119
59 121
59 122
59 125
59 127
59 128
59 130
59 134
59 136
59 142
59 143
59 145
59 146
59 148
59 150
59 151
59 154
59 155
59 160
60 2
60 3
60 4
60 5
60 12
60 15
60 17
60 18
60 19
60 20
60 23
60 24
60 25
60 26
60 27
60 29
60 31
60 32
60 34
60 36
60 37
60 39
60 40
60 42
60 43
60 45
60 46
60 47
60 49
60 50
60 52
60 53
60 54
60 59
60 61
60 62
60 65
60 66
60 68
60 70
60 71
60 73
60 77
60 80
60 82
60 83
60 84
60 85
60 90
60 94
60 96
60 101
60 102
60 103
60 104
60 105
60 107
60 109
60 110
60 113
60 114
60 115
60 117
60 118
60 124
60 125
60 126
60 129
60 131
60 132
60 133
60 134
60 135
60 136
60 137
60 138
60 144
60 145
60 148
60 151
60 157
60 158
60 160
61 1
61 3
61 7
61 8
61 10
61 11
61 16
61 19
61 21
61 23
61 24
61 25
61 26
61 29
61 31
61 32
61 34
61 35
61 36
61 37
61 39
61 41
61 42
61 44
61 46
61 47
61 49
61 50
61 52
61 54
61 56
61 57
61 58
61 59
61 60
61 62
61 64
61 65
61 68
61 69
61 74
61 75
61 76
61 77
61 81
61 85
61 86
61 87
61 97
61 98
61 100
61 101
61 104
61 106
61 109
61 111
61 112
61 113
61 114
61 115
61 116
61 120
61 121
61 124
61 126
61 128
61 131
61 132
61 133
61 135
61 141
61 143
61 148
61 149
61 150
61 151
61 153
61 155
61 158
61 160
62 1
62 2
62 9
62 12
62 13
62 15
62 17
62 19
62 22
62 23
62 25
62 30
62 31
62 32
62 35
62 37
62 38
62 39
62 41
62 42
62 43
62 44
62 46
62 47
62 50
62 51
62 52
62 54
62 56
62 60
62 61
62 63
62 64
62 65
62 66
62 68
62 71
62 72
62 76
62 79
62 81
62 82
62 84
62 86
62 87
62 88
62 89
62 92
62 94
62 96
62 99
62 105
62 106
62 107
62 108
62 110
62 111
62 113
62 115
62 116
62 118
62 120
62 124
62 127
62 131
62 132
62 134
62 135
62 136
62 137
62 138
62 140
62 142
62 145
62 147
62 148
62 150
62 151
62 152
62 153
62 155
62 156
62 160
63 1
63 4
63 6
63 9
63 14
63 15
63 16
63 17
63 18
63 19
63 21
63 25
63 26
63 29
63 32
63 34
63 35
63 36
63 37
63 39
63 42
63 43
63 44
63 45
63 46
63 47
63 48
63 51
63 52
63 54
63 55
63 56
63 57
63 58
63 60
63 61
63 62
63 65
63 67
63 68
63 72
63 74
63 77
63 78
63 79
63 80
63 81
63 82
63 84
63 87
63 89
63 90
63 91
63 98
63 99
63 104
63 105
63 106
63 111
63 114
63 115
63 117
63 118
63 120
63 121
63 122
63 126
63 127
63 129
63 132
63 135
63 140
63 141
63 142
63 143
63 145
63 147
63 153
63 156
63 159
64 1
64 2
64 4
64 5
64 7
64 9
64 11
64 13
64 14
64 15
64 19
64 24
64 25
64 27
64 28
64 29
64 30
64 31
64 37
64 41
64 42
64 43
64 45
64 46
64 48
64 50
64 56
64 60
64 61
64 66
64 68
64 69
64 75
64 76
64 78
64 80
64 81
64 83
64 84
64 87
64 88
64 95
64 96
64 97
64 98
64 99
64 100
64 101
64 103
64 104
64 106
64 108
64 109
64 110
64 111
64 113
64 114
64 115
64 116
64 117
64 120
64 121
64 124
64 125
64 127
64 129
64 130
64 133
64 139
64 140
64 141
64 143
64 144
64 145
64 146
64 148
64 149
64 152
64 155
65 2
65 3
65 7
65 8
65 11
65 12
65 13
65 15
65 17
65 18
65 21
65 24
65 26
65 28
65 29
65 30
65 36
65 37
65 40
65 47
65 49
65 54
65 56
65 57
65 58
65 61
65 63
65 69
65 70
65 75
65 76
65 78
65 79
65 80
65 82
65 83
65 84
65 87
65 90
65 93
65 94
65 95
65 96
65 99
65 102
65 104
65 105
65 106
65 107
65 108
65 110
65 111
65 114
65 115
65 116
65 117
65 118
65 120
65 123
65 124
65 126
65 128
65 129
65 131
65 132
65 133
65 135
65 137
65 138
65 141
65 142
65 143
65 145
65 146
65 150
65 151
65 153
65 154
65 155
65 158
65 159
66 2
66 3
66 4
66 6
66 7
66 9
66 12
66 13
66 14
66 15
66 17
66 18
66 20
66 21
66 22
66 24
66 27
66 31
66 33
66 34
66 37
66 38
66 42
66 43
66 50
66 52
66 53
66 59
66 63
66 64
66 65
66 67
66 69
66 72
66 73
66 74
66 76
66 78
66 83
66 85
66 88
66 89
66 90
66 91
66 92
66 95
66 98
66 101
66 102
66 104
66 106
66 107
66 108
66 110
66 111
66 112
66 114
66 119
66 122
66 123
66 125
66 126
66 130
66 133
66 134
66 135
66 136
66 137
66 139
66 141
66 143
66 147
66 148
66 149
66 150
66 151
66 152
66 153
66 154
66 155
66 156
66 157
66 159
66 160
67 2
67 5
67 6
67 7
67 8
67 16
67 19
67 21
67 22
67 23
67 26
67 28
67 32
67 33
67 34
67 36
67 40
67 42
67 44
67 45
67 48
67 51
67 54
67 55
67 56
67 58
67 61
67 62
67 63
67 65
67 68
67 69
67 70
67 71
67 74
67 75
67 78
67 82
67 84
67 90
67 91
67 94
67 96
67 97
67 98
67 102
67 103
67 104
67 106
67 107
67 109
67 111
67 112
67 113
67 114
67 117
67 121
67 124
67 125
67 129
67 130
67 131
67 132
67 134
67 136
67 137
67 143
67 146
67 148
67 149
67 153
67 155
67 157
67 159
68 1
68 5
68 9
68 10
68 11
68 15
68 16
68 18
68 22
68 23
68 27
68 32
68 36
68 37
68 38
68 39
68 41
68 43
68 44
68 46
68 49
68 50
68 56
68 57
68 58
68 59
68 60
68 62
68 63
68 64
68 65
68 67
68 69
68 71
68 73
68 75
68 76
68 77
68 78
68 79
68 81
68 84
68 85
68 86
68 87
68 92
68 93
68 94
68 95
68 98
68 102
68 103
68 104
68 105
68 119
68 122
68 124
68 127
68 128
68 131
68 132
68 133
68 135
68 138
68 139
68 140
68 143
68 145
68 146
68 147
68 148
68 150
68 151
68 152
68 153
68 154
68 155
68 156
68 159
68 160
69 1
69 3
69 5
69 8
69 11
69 12
69 13
69 16
69 17
69 18
69 20
69 21
69 22
69 23
69 25
69 26
69 27
69 30
69 31
69 32
69 34
69 35
69 38
69 39
69 43
69 45
69 48
69 50
69 51
69 52
69 53
69 57
69 62
69 63
69 64
69 65
69 66
69 70
69 74
69 76
69 78
69 82
69 84
69 85
69 87
69 89
69 92
69 93
69 97
69 98
69 99
69 100
69 102
69 103
69 104
69 111
69 112
69 114
69 115
69 117
69 119
69 120
69 121
69 122
69 123
69 124
69 125
69 132
69 133
69 135
69 136
69 139
69 142
69 143
69 144
69 145
69 146
69 147
69 149
69 152
69 153
69 155
69 156
69 159
70 4
70 5
70 9
70 12
70 13
70 14
70 16
70 18
70 20
70 22
70 23
70 26
70 29
70 30
70 31
70 32
70 33
70 34
70 36
70 37
70 38
70 41
70 42
70 45
70 47
70 48
70 50
70 51
70 52
70 53
70 57
70 59
70 60
70 67
70 68
70 73
70 74
70 75
70 76
70 81
70 82
70 85
70 86
70 88
70 91
70 92
70 93
70 98
70 99
70 100
70 101
70 104
70 105
70 106
70 107
70 108
70 109
70 113
70 114
70 116
70 118
70 125
70 126
70 128
70 129
70 130
70 131
70 133
70 134
70 137
70 139
70 140
70 146
70 147
70 149
70 154
70 155
70 159
71 1
71 2
71 3
71 5
71 6
71 7
71 8
71 9
71 11
71 16
71 18
71 19
71 22
71 23
71 26
71 27
71 28
71 29
71 32
71 34
71 36
71 38
71 39
71 40
71 41
71 43
71 44
71 50
71 54
71 55
71 56
71 57
71 59
71 63
71 64
71 66
71 69
71 70
71 72
71 73
71 76
71 81
71 85
71 86
71 88
71 89
71 94
71 95
71 96
71 97
71 101
71 103
71 104
71 105
71 107
71 109
71 110
71 112
71 113
71 116
71 118
71 122
71 123
71 124
71 125
71 126
71 127
71 130
71 132
71 133
71 134
71 141
71 143
71 144
71 150
71 152
71 154
71 157
71 158
71 159
71 160
72 4
72 8
72 10
72 11
72 17
72 19
72 20
72 21
72 22
72 23
72 25
72 29
72 32
72 35
72 36
72 37
72 40
72 42
72 44
72 50
72 51
72 52
72 53
72 54
72 57
72 59
72 60
72 62
72 63
72 67
72 68
72 69
72 71
72 73
72 75
72 78
72 79
72 80
72 86
72 87
72 90
72 91
72 93
72 94
72 96
72 100
72 101
72 102
72 106
72 108
72 117
72 118
72 119
72 120
72 124
72 126
72 130
72 133
72 137
72 138
72 139
72 142
72 146
72 147
72 148
72 149
72 152
72 154
72 158
72 159
72 160
73 1
73 2
73 6
73 7
73 10
73 12
73 16
73 20
73 23
73 24
73 25
73 26
73 27
73 28
73 29
73 30
73 31
73 33
73 34
73 36
73 38
73 40
73 42
73 43
73 45
73 48
73 49
73 51
73 52
73 53
73 54
73 55
73 56
73 58
73 59
73 60
73 61
73 62
73 63
73 65
73 66
73 69
73 75
73 76
73 77
73 79
73 81
73 83
73 86
73 87
73 89
73 90
73 91
73 93
73 95
73 100
73 101
73 107
73 108
73 110
73 113
73 115
73 117
73 119
73 120
73 122
73 123
73 124
73 125
73 129
73 131
73 132
73 140
73 141
73 142
73 144
73 145
73 146
73 147
73 148
73 149
73 150
73 155
73 157
73 159
73 160
74 1
74 3
74 6
74 8
74 9
74 12
74 15
74 16
74 18
74 19
74 20
74 21
74 24
74 25
74 26
74 28
74 29
74 30
74 32
74 36
74 38
74 48
74 49
74 51
74 53
74 54
74 57
74 65
74 66
74 67
74 70
74 76
74 77
74 78
74 79
74 81
74 83
74 84
74 85
74 86
74 88
74 92
74 94
74 95
74 98
74 99
74 110
74 116
74 117
74 118
74 120
74 122
74 123
74 124
74 126
74 128
74 130
74 131
74 132
74 133
74 136
74 140
74 142
74 144
74 145
74 146
74 148
74 149
74 153
74 154
74 155
74 157
74 158
75 1
75 2
75 5
75 8
75 10
75 11
75 12
75 19
75 21
75 24
75 25
75 26
75 29
75 34
75 37
75 41
75 42
75 44
75 46
75 47
75 48
75 51
75 53
75 54
75 57
75 58
75 60
75 61
75 62
75 63
75 66
75 67
75 68
75 70
75 72
75 73
75 74
75 78
75 87
75 91
75 92
75 96
75 99
75 101
75 102
75 104
75 108
75 110
75 112
75 114
75 116
75 118
75 124
75 126
75 127
75 129
75 130
75 132
75 133
75 135
75 137
75 139
75 141
75 142
75 143
75 144
75 145
75 146
75 149
75 150
75 155
75 156
75 158
75 159
75 160
76 1
76 2
76 3
76 7
76 8
76 12
76 13
76 15
76 17
76 18
76 21
76 22
76 23
76 24
76 25
76 27
76 30
76 31
76 37
76 38
76 39
76 41
76 44
76 47
76 48
76 49
76 50
76 53
76 54
76 55
76 59
76 62
76 64
76 65
76 66
76 70
76 73
76 79
76 80
76 81
76 83
76 84
76 85
76 87
76 91
76 95
76 99
76 100
76 101
76 104
76 105
76 106
76 107
76 108
76 109
76 112
76 115
76 116
76 119
76 129
76 130
76 132
76 135
76 137
76 139
76 140
76 141
76 143
76 144
76 145
76 146
76 148
76 149
76 150
76 151
76 154
76 160
77 1
77 2
77 4
77 9
77 10
77 12
77 13
77 14
77 16
77 18
77 19
77 22
77 26
77 27
77 28
77 33
77 34
77 37
77 38
77 39
77 40
77 41
77 42
77 43
77 44
77 46
77 51
77 52
77 54
77 55
77 56
77 58
77 69
77 70
77 71
77 74
77 76
77 78
77 81
77 82
77 83
77 84
77 86
77 88
77 91
77 94
77 95
77 96
77 100
77 101
77 102
77 103
77 108
77 109
77 110
77 115
77 118
77 119
77 123
77 125
77 127
77 130
77 132
77 133
77 134
77 138
77 141
77 142
77 143
77 144
77 145
77 146
77 149
77 150
77 151
77 152
77 153
77 154
77 157
78 5
78 6
78 10
78 11
78 12
78 16
78 17
78 18
78 19
78 20
78 24
78 25
78 26
78 28
78 29
78 33
78 35
78 37
78 38
78 40
78 42
78 43
78 46
78 48
78 49
78 50
78 52
78 55
78 57
78 60
78 61
78 67
78 68
78 69
78 72
78 73
78 75
78 77
78 79
78 81
78 82
78 83
78 87
78 89
78 91
78 92
78 93
78 94
78 95
78 99
78 100
78 101
78 102
78 103
78 104
78 108
78 109
78 111
78 112
78 113
78 114
78 115
78 116
78 118
78 120
78 121
78 122
78 125
78 128
78 129
78 131
78 132
78 134
78 135
78 137
78 138
78 140
78 142
78 144
78 145
78 147
78 148
78 151
78 152
78 154
78 155
78 156
78 157
78 159
78 160
79 4
79 5
79 10
79 11
79 12
79 14
79 18
79 20
79 21
79 22
79 27
79 29
79 30
79 31
79 32
79 35
79 37
79 39
79 40
79 42
79 43
79 45
79 46
79 49
79 50
79 52
79 53
79 56
79 57
79 59
79 60
79 61
79 62
79 63
79 65
79 66
79 68
79 71
79 72
79 73
79 74
79 78
79 81
79 84
79 87
79 89
79 91
79 92
79 93
79 94
79 95
79 97
79 98
79 100
79 102
79 103
79 104
79 105
79 107
79 110
79 111
79 112
79 113
79 114
79 115
79 116
79 117
79 120
79 123
79 124
79 127
79 128
79 131
79 138
79 139
79 140
79 141
79 147
79 151
79 152
79 153
79 154
79 157
79 158
79 160
80 3
80 4
80 5
80 6
80 11
80 14
80 19
80 26
80 27
80 28
80 29
80 30
80 31
80 32
80 33
80 34
80 35
80 36
80 37
80 38
80 39
80 42
80 43
80 50
80 52
80 57
80 58
80 59
80 60
80 64
80 65
80 66
80 67
80 72
80 73
80 75
80 77
80 78
80 81
80 86
80 87
80 88
80 90
80 91
80 92
80 93
80 94
80 95
80 96
80 99
80 100
80 102
80 103
80 105
80 106
80 109
80 110
80 114
80 115
80 116
80 117
80 118
80 120
80 122
80 123
80 124
80 125
80 128
80 134
80 135
80 136
80 137
80 138
80 139
80 142
80 147
80 149
80 153
80 155
80 156
80 159
81 7
81 12
81 16
81 21
81 23
81 24
81 25
81 26
81 27
81 28
81 30
81 31
81 36
81 42
81 44
81 45
81 46
81 47
81 52
81 53
81 54
81 57
81 58
81 61
81 62
81 63
81 65
81 66
81 68
81 69
81 70
81 71
81 72
81 74
81 78
81 79
81 82
81 87
81 88
81 89
81 90
81 91
81 92
81 93
81 94
81 100
81 103
81 105
81 107
81 108
81 111
81 113
81 115
81 123
81 124
81 125
81 126
81 129
81 130
81 131
81 132
81 135
81 136
81 137
81 138
81 144
81 146
81 147
81 148
81 151
81 152
81 153
81 154
81 157
81 158
81 159
81 160
82 1
82 4
82 5
82 6
82 7
82 9
82 10
82 13
82 14
82 16
82 17
82 19
82 20
82 21
82 22
82 25
82 26
82 28
82 29
82 30
82 31
82 32
82 34
82 37
82 38
82 41
82 44
82 45
82 47
82 48
82 49
82 51
82 53
82 54
82 55
82 59
82 62
82 63
82 64
82 65
82 66
82 67
82 68
82 70
82 71
82 74
82 76
82 79
82 81
82 83
82 85
82 87
82 88
82 89
82 90
82 91
82 93
82 96
82 97
82 99
82 101
82 103
82 105
82 108
82 109
82 110
82 111
82 112
82 115
82 120
82 122
82 124
82 126
82 127
82 129
82 131
82 133
82 134
82 135
82 139
82 140
82 145
82 150
82 156
82 158
82 159
82 160
83 1
83 3
83 5
83 6
83 9
83 10
83 13
83 15
83 23
83 24
83 25
83 26
83 28
83 31
83 32
83 34
83 36
83 37
83 38
83 40
83 41
83 42
83 46
83 47
83 48
83 49
83 50
83 52
83 53
83 55
83 58
83 59
83 60
83 61
83 62
83 64
83 67
83 69
83 74
83 77
83 79
83 80
83 82
83 89
83 90
83 92
83 94
83 96
83 99
83 101
83 102
83 103
83 106
83 107
83 108
83 111
83 112
83 116
83 118
83 119
83 120
83 122
83 129
83 130
83 132
83 133
83 134
83 138
83 139
83 140
83 141
83 147
83 148
83 151
83 152
83 153
83 158
83 160
84 1
84 2
84 4
84 9
84 10
84 11
84 13
84 14
84 15
84 21
84 22
84 26
84 27
84 29
84 31
84 32
84 33
84 34
84 38
84 39
84 43
84 46
84 47
84 48
84 49
84 50
84 51
84 52
84 53
84 55
84 56
84 57
84 58
84 61
84 62
84 63
84 65
84 66
84 67
84 68
84 69
84 70
84 71
84 78
84 79
84 80
84 81
84 82
84 83
84 86
84 87
84 88
84 90
84 91
84 94
84 95
84 96
84 102
84 103
84 105
84 106
84 107
84 110
84 112
84 113
84 116
84 119
84 124
84 125
84 126
84 128
84 129
84 132
84 133
84 136
84 137
84 138
84 139
84 140
84 141
84 142
84 145
84 146
84 148
84 149
84 152
84 155
84 156
84 158
84 159
84 160
85 2
85 4
85 5
85 6
85 8
85 11
85 12
85 15
85 16
85 18
85 19
85 21
85 22
85 24
85 25
85 26
85 28
85 31
85 38
85 41
85 42
85 43
85 45
85 46
85 47
85 52
85 53
85 54
85 58
85 59
85 60
85 62
85 63
85 66
85 69
85 71
85 72
85 75
85 80
85 82
85 83
85 91
85 96
85 97
85 99
85 100
85 101
85 104
85 105
85 107
85 108
85 111
85 113
85 115
85 116
85 117
85 120
85 122
85 124
85 125
85 127
85 128
85 129
85 130
85 131
85 136
85 137
85 139
85 142
85 143
85 144
85 146
85 149
85 150
85 151
85 154
85 157
85 160
86 1
86 2
86 3
86 4
86 6
86 9
86 10
86 11
86 12
86 13
86 15
86 17
86 19
86 20
86 23
86 24
86 26
86 28
86 30
86 31
86 35
86 36
86 38
86 42
86 44
86 45
86 46
86 47
86 50
86 51
86 52
86 56
86 58
86 61
86 62
86 64
86 65
86 76
86 78
86 80
86 81
86 89
86 90
86 97
86 98
86 102
86 106
86 112
86 113
86 120
86 121
86 122
86 124
86 126
86 127
86 128
86 130
86 131
86 133
86 135
86 137
86 139
86 141
86 142
86 145
86 146
86 148
86 149
86 154
86 155
86 156
86 157
86 159
86 160
87 2
87 5
87 7
87 8
87 11
87 14
87 17
87 19
87 23
87 28
87 29
87 34
87 37
87 39
87 42
87 43
87 44
87 45
87 46
87 53
87 54
87 55
87 62
87 64
87 68
87 71
87 72
87 74
87 75
87 76
87 77
87 78
87 80
87 81
87 82
87 85
87 89
87 94
87 95
87 98
87 99
87 100
87 102
87 103
87 104
87 105
87 106
87 107
87 108
87 110
87 111
87 113
87 114
87 115
87 124
87 125
87 126
87 127
87 129
87 130
87 132
87 133
87 135
87 136
87 137
87 138
87 140
87 142
87 143
87 144
87 145
87 147
87 148
87 150
87 151
87 154
87 156
87 157
87 159
87 160
88 7
88 9
88 10
88 11
88 12
88 13
88 19
88 24
88 26
88 29
88 31
88 32
88 37
88 38
88 40
88 41
88 50
88 52
88 55
88 58
88 59
88 60
88 61
88 62
88 65
88 66
88 67
88 68
88 72
88 74
88 75
88 77
88 79
88 80
88 83
88 84
88 89
88 90
88 91
88 101
88 102
88 105
88 108
88 112
88 113
88 115
88 117
88 119
88 122
88 123
88 126
88 129
88 131
88 133
88 134
88 136
88 138
88 139
88 141
88 142
88 147
88 151
88 152
88 154
88 155
88 156
88 157
88 158
89 3
89 6
89 10
89 11
89 12
89 15
89 16
89 17
89 19
89 21
89 22
89 25
89 26
89 27
89 30
89 31
89 32
89 33
89 34
89 36
89 37
89 38
89 39
89 44
89 45
89 46
89 47
89 48
89 50
89 51
89 52
89 53
89 54
89 58
89 59
89 60
89 61
89 63
89 65
89 66
89 68
89 69
89 70
89 76
89 78
89 80
89 81
89 82
89 84
89 85
89 88
89 90
89 91
89 93
89 95
89 97
89 100
89 101
89 102
89 104
89 106
89 107
89 110
89 112
89 116
89 117
89 118
89 120
89 121
89 122
89 124
89 129
89 132
89 133
89 134
89 135
89 137
89 140
89 143
89 145
89 147
89 149
89 150
89 151
89 152
89 153
89 158
89 160
90 1
90 2
90 8
90 10
90 13
90 15
90 16
90 17
90 18
90 19
90 21
90 29
90 31
90 37
90 39
90 44
90 46
90 47
90 48
90 51
90 53
90 56
90 57
90 58
90 59
90 63
90 64
90 65
90 67
90 68
90 69
90 71
90 73
90 74
90 75
90 76
90 77
90 81
90 83
90 85
90 86
90 87
90 88
90 89
90 92
90 93
90 94
90 99
90 100
90 101
90 102
90 103
90 113
90 114
90 120
90 124
90 125
90 126
90 127
90 128
90 129
90 130
90 134
90 135
90 137
90 138
90 141
90 143
90 145
90 148
90 149
90 157
90 159
90 160
91 3
91 7
91 9
91 11
91 12
91 14
91 15
91 16
91 17
91 18
91 20
91 23
91 24
91 26
91 32
91 33
91 35
91 36
91 37
91 38
91 39
91 40
91 42
91 43
91 44
91 50
91 51
91 56
91 58
91 60
91 61
91 62
91 65
91 68
91 69
91 70
91 71
91 73
91 80
91 83
91 85
91 86
91 87
91 90
91 92
91 94
91 97
91 98
91 99
91 100
91 101
91 103
91 104
91 106
91 107
91 108
91 109
91 110
91 112
91 114
91 116
91 117
91 118
91 120
91 121
91 123
91 124
91 125
91 128
91 129
91 132
91 133
91 134
91 136
91 137
91 138
91 139
91 144
91 146
91 147
91 148
91 149
91 151
91 152
91 153
91 155
91 157
91 160
92 1
92 5
92 6
92 7
92 12
92 16
92 17
92 18
92 19
92 20
92 22
92 25
92 26
92 29
92 30
92 35
92 38
92 41
92 42
92 43
92 44
92 47
92 50
92 51
92 52
92 55
92 56
92 60
92 61
92 63
92 65
92 66
92 67
92 68
92 70
92 72
92 73
92 74
92 77
92 79
92 80
92 83
92 85
92 86
92 87
92 93
92 95
92 97
92 99
92 104
92 106
92 107
92 108
92 110
92 111
92 116
92 118
92 122
92 127
92 129
92 130
92 131
92 134
92 136
92 137
92 138
92 144
92 147
92 148
92 150
92 151
92 154
92 158
92 159
92 160
93 1
93 3
93 5
93 6
93 10
93 11
93 16
93 17
93 19
93 20
93 21
93 22
93 23
93 25
93 26
93 29
93 30
93 34
93 35
93 37
93 39
93 40
93 45
93 47
93 48
93 51
93 56
93 57
93 58
93 62
93 66
93 67
93 68
93 70
93 71
93 72
93 74
93 75
93 76
93 77
93 79
93 82
93 83
93 84
93 87
93 88
93 89
93 91
93 92
93 97
93 99
93 101
93 104
93 105
93 108
93 110
93 113
93 120
93 122
93 124
93 125
93 126
93 128
93 130
93 132
93 133
93 134
93 138
93 139
93 143
93 144
93 146
93 148
93 150
93 157
93 159
94 3
94 4
94 5
94 6
94 7
94 9
94 12
94 14
94 16
94 17
94 19
94 21
94 24
94 25
94 26
94 28
94 29
94 31
94 35
94 37
94 38
94 40
94 43
94 44
94 46
94 48
94 49
94 50
94 54
94 55
94 56
94 58
94 65
94 66
94 69
94 71
94 75
94 77
94 80
94 82
94 84
94 87
94 92
94 93
94 96
94 97
94 103
94 106
94 108
94 110
94 112
94 116
94 117
94 120
94 122
94 123
94 124
94 125
94 128
94 130
94 132
94 133
94 135
94 136
94 137
94 138
94 141
94 145
94 146
94 147
94 152
94 155
94 156
94 160
95 2
95 3
95 4
95 6
95 7
95 10
95 14
95 21
95 22
95 23
95 24
95 25
95 26
95 27
95 28
95 29
95 30
95 32
95 33
95 34
95 36
95 37
95 38
95 39
95 41
95 42
95 50
95 51
95 55
95 56
95 57
95 58
95 59
95 62
95 64
95 66
95 68
95 70
95 71
95 72
95 73
95 74
95 75
95 77
95 79
95 80
95 82
95 83
95 85
95 87
95 88
95 90
95 91
95 98
95 100
95 101
95 102
95 103
95 106
95 107
95 113
95 114
95 116
95 117
95 118
95 121
95 123
95 124
95 125
95 127
95 131
95 132
95 133
95 135
95 137
95 144
95 146
95 147
95 151
95 152
95 153
95 157
95 158
95 159
95 160
96 1
96 2
96 3
96 5
96 6
96 7
96 8
96 12
96 13
96 14
96 15
96 16
96 17
96 18
96 24
96 29
96 30
96 31
96 33
96 34
96 36
96 37
96 38
96 39
96 41
96 43
96 46
96 49
96 51
96 52
96 53
96 57
96 59
96 62
96 63
96 67
96 70
96 71
96 74
96 75
96 77
96 78
96 80
96 81
96 85
96 86
96 87
96 88
96 89
96 91
96 92
96 97
96 98
96 99
96 105
96 108
96 110
96 111
96 112
96 114
96 115
96 117
96 118
96 120
96 121
96 122
96 123
96 124
96 126
96 130
96 131
96 133
96 135
96 139
96 141
96 143
96 149
96 150
96 152
96 153
96 156
96 157
96 160
97 2
97 5
97 7
97 8
97 12
97 13
97 16
97 17
97 18
97 20
97 22
97 23
97 24
97 25
97 26
97 28
97 30
97 31
97 33
97 34
97 38
97 40
97 41
97 44
97 45
97 46
97 47
97 50
97 51
97 57
97 58
97 60
97 61
97 63
97 65
97 66
97 68
97 69
97 71
97 72
97 73
97 75
97 78
97 79
97 80
97 83
97 84
97 86
97 87
97 88
97 90
97 92
97 93
97 95
97 101
97 104
97 108
97 115
97 117
97 120
97 123
97 124
97 126
97 129
97 130
97 131
97 136
97 137
97 138
97 140
97 144
97 146
97 148
97 149
97 150
97 157
97 158
97 159
98 2
98 4
98 5
98 6
98 8
98 13
98 16
98 17
98 18
98 19
98 22
98 23
98 25
98 26
98 27
98 28
98 29
98 31
98 35
98 37
98 38
98 39
98 44
98 47
98 48
98 49
98 51
98 53
98 55
98 57
98 58
98 59
98 62
98 63
98 65
98 66
98 67
98 68
98 69
98 75
98 76
98 81
98 83
98 84
98 85
98 86
98 87
98 92
98 94
98 96
98 97
98 100
98 101
98 104
98 105
98 106
98 114
98 117
98 118
98 119
98 120
98 122
98 124
98 125
98 127
98 128
98 129
98 130
98 131
98 132
98 133
98 135
98 136
98 137
98 140
98 141
98 144
98 145
98 146
98 148
98 149
98 152
98 154
98 155
98 157
98 158
98 160
99 2
99 7
99 10
99 12
99 13
99 14
99 15
99 16
99 18
99 19
99 20
99 22
99 26
99 27
99 28
99 29
99 31
99 32
99 37
99 38
99 39
99 41
99 42
99 43
99 44
99 46
99 47
99 48
99 49
99 53
99 55
99 56
99 57
99 58
99 59
99 60
99 63
99 64
99 65
99 66
99 69
99 72
99 73
99 78
99 79
99 81
99 87
99 88
99 89
99 91
99 92
99 94
99 95
99 96
99 97
99 98
99 103
99 104
99 105
99 106
99 107
99 111
99 113
99 116
99 117
99 120
99 121
99 123
99 124
99 125
99 128
99 130
99 132
99 134
99 136
99 137
99 138
99 140
99 141
99 142
99 145
99 146
99 147
99 148
99 150
99 154
99 157
99 158
100 1
100 3
100 4
100 5
100 6
100 7
100 8
100 12
100 15
100 16
100 17
100 18
100 22
100 24
100 27
100 31
100 32
100 33
100 35
100 36
100 38
100 39
100 43
100 44
100 45
100 48
100 49
100 50
100 52
100 57
100 64
100 65
100 66
100 67
100 68
100 71
100 73
100 74
100 75
100 78
100 79
100 82
100 84
100 85
100 90
100 95
100 96
100 97
100 99
100 101
100 103
100 105
100 114
100 116
100 120
100 122
100 123
100 124
100 126
100 130
100 131
100 133
100 137
100 138
100 139
100 144
100 148
100 150
100 152
100 155
100 157
100 159
100 160
101 2
101 4
101 5
101 7
101 8
101 12
101 13
101 14
101 16
101 17
101 19
101 20
101 21
101 24
101 25
101 28
101 29
101 31
101 35
101 36
101 37
101 40
101 41
101 42
101 44
101 45
101 46
101 49
101 53
101 55
101 59
101 60
101 62
101 63
101 65
101 67
101 68
101 72
101 73
101 74
101 75
101 77
101 79
101 81
101 82
101 84
101 87
101 89
101 90
101 92
101 93
101 94
101 95
101 99
101 100
101 102
101 103
101 105
101 111
101 113
101 117
101 119
101 120
101 122
101 124
101 129
101 130
101 132
101 133
101 136
101 137
101 141
101 150
101 153
101 154
101 157
101 158
101 159
102 2
102 3
102 5
102 7
102 10
102 11
102 12
102 13
102 16
102 18
102 23
102 25
102 26
102 27
102 28
102 29
102 30
102 33
102 35
102 36
102 38
102 39
102 40
102 41
102 42
102 44
102 47
102 48
102 50
102 51
102 52
102 53
102 55
102 56
102 58
102 60
102 62
102 66
102 67
102 69
102 72
102 75
102 76
102 77
102 78
102 81
102 83
102 91
102 92
102 93
102 94
102 98
102 100
102 101
102 104
102 106
102 107
102 109
102 111
102 113
102 114
102 120
102 121
102 123
102 125
102 126
102 131
102 133
102 134
102 135
102 136
102 141
102 143
102 146
102 148
102 152
102 153
102 155
102 156
102 157
102 158
102 159
102 160
103 5
103 6
103 7
103 8
103 9
103 11
103 12
103 14
103 15
103 16
103 18
103 19
103 23
103 27
103 29
103 34
103 37
103 38
103 39
103 41
103 42
103 43
103 44
103 45
103 46
103 49
103 50
103 51
103 54
103 55
103 56
103 61
103 63
103 66
103 67
103 69
103 71
103 72
103 74
103 76
103 77
103 79
103 80
103 82
103 83
103 84
103 88
103 89
103 90
103 91
103 93
103 95
103 98
103 99
103 100
103 104
103 105
103 110
103 111
103 112
103 114
103 115
103 117
103 118
103 119
103 120
103 121
103 124
103 125
103 128
103 130
103 131
103 133
103 137
103 138
103 139
103 140
103 141
103 143
103 144
103 147
103 148
103 150
103 151
103 152
103 154
103 157
103 159
103 160
104 1
104 5
104 6
104 7
104 9
104 12
104 15
104 19
104 20
104 21
104 22
104 23
104 25
104 26
104 27
104 29
104 30
104 31
104 34
104 37
104 38
104 41
104 42
104 43
104 44
104 50
104 52
104 53
104 57
104 58
104 60
104 62
104 63
104 66
104 67
104 68
104 73
104 75
104 77
104 79
104 80
104 81
104 83
104 90
104 96
104 99
104 101
104 102
104 108
104 110
104 112
104 114
104 120
104 121
104 122
104 126
104 127
104 128
104 133
104 135
104 137
104 138
104 139
104 147
104 149
104 150
104 151
104 152
104 153
104 157
104 159
104 160
105 3
105 4
105 6
105 7
105 8
105 9
105 11
105 14
105 16
105 17
105 22
105 25
105 30
105 32
105 34
105 35
105 36
105 37
105 38
105 41
105 43
105 44
105 45
105 46
105 51
105 52
105 55
105 56
105 58
105 59
105 60
105 61
105 62
105 64
105 66
105 67
105 68
105 69
105 76
105 80
105 81
105 82
105 85
105 87
105 94
105 97
105 98
105 99
105 100
105 102
105 106
105 108
105 110
105 112
105 114
105 117
105 118
105 120
105 122
105 124
105 128
105 132
105 134
105 135
105 137
105 142
105 144
105 146
105 147
105 150
105 151
105 155
105 158
106 3
106 4
106 6
106 8
106 9
106 12
106 13
106 14
106 16
106 17
106 19
106 21
106 22
106 25
106 27
106 28
106 29
106 30
106 32
106 33
106 34
106 35
106 36
106 37
106 39
106 40
106 42
106 46
106 47
106 48
106 49
106 50
106 52
106 54
106 55
106 56
106 59
106 60
106 61
106 62
106 66
106 71
106 78
106 79
106 80
106 81
106 83
106 84
106 85
106 86
106 90
106 91
106 92
106 93
106 94
106 96
106 97
106 99
106 101
106 102
106 103
106 107
106 109
106 110
106 111
106 112
106 113
106 115
106 119
106 120
106 121
106 123
106 124
106 125
106 126
106 128
106 129
106 130
106 133
106 134
106 135
106 137
106 138
106 141
106 142
106 144
106 147
106 148
106 151
106 152
106 156
106 157
106 158
106 159
106 160
107 1
107 3
107 5
107 7
107 10
107 11
107 13
107 15
107 19
107 20
107 22
107 25
107 27
107 29
107 32
107 33
107 36
107 37
107 40
107 44
107 46
107 47
107 48
107 49
107 50
107 52
107 53
107 54
107 55
107 56
107 58
107 59
107 60
107 63
107 65
107 68
107 71
107 72
107 73
107 74
107 76
107 77
107 82
107 83
107 84
107 92
107 93
107 95
107 96
107 99
107 102
107 103
107 108
107 109
107 110
107 111
107 112
107 117
107 118
107 119
107 120
107 122
107 124
107 126
107 127
107 129
107 131
107 132
107 133
107 134
107 135
107 137
107 140
107 142
107 143
107 146
107 151
107 152
107 154
107 156
107 159
108 3
108 7
108 9
108 13
108 14
108 15
108 18
108 19
108 20
108 23
108 25
108 30
108 34
108 35
108 36
108 37
108 39
108 40
108 41
108 42
108 43
108 48
108 49
108 53
108 58
108 60
108 61
108 62
108 64
108 66
108 68
108 73
108 74
108 79
108 80
108 82
108 83
108 86
108 87
108 90
108 93
108 95
108 96
108 99
108 101
108 102
108 104
108 105
108 106
108 107
108 109
108 110
108 112
108 114
108 116
108 121
108 123
108 124
108 126
108 127
108 128
108 129
108 135
108 136
108 137
108 138
108 140
108 143
108 146
108 148
108 153
108 156
108 157
108 160
109 2
109 4
109 6
109 9
109 10
109 14
109 16
109 21
109 22
109 23
109 24
109 25
109 27
109 28
109 29
109 32
109 33
109 34
109 35
109 36
109 37
109 38
109 39
109 41
109 44
109 49
109 50
109 51
109 55
109 57
109 58
109 60
109 62
109 63
109 64
109 70
109 71
109 72
109 73
109 74
109 75
109 77
109 80
109 84
109 87
109 88
109 91
109 92
109 94
109 98
109 99
109 100
109 101
109 102
109 103
109 105
109 106
109 108
109 112
109 116
109 119
109 123
109 125
109 128
109 129
109 130
109 135
109 137
109 139
109 140
109 141
109 145
109 147
109 149
109 151
109 152
109 154
109 156
109 157
109 160
110 2
110 5
110 9
110 10
110 11
110 17
110 18
110 20
110 22
110 24
110 25
110 27
110 28
110 30
110 31
110 32
110 34
110 36
110 37
110 38
110 39
110 40
110 41
110 42
110 46
110 48
110 50
110 52
110 54
110 55
110 57
110 60
110 62
110 66
110 67
110 68
110 69
110 71
110 72
110 73
110 79
110 82
110 84
110 86
110 88
110 92
110 103
110 105
110 107
110 108
110 109
110 113
110 114
110 115
110 116
110 117
110 118
110 120
110 121
110 124
110 127
110 128
110 129
110 130
110 132
110 133
110 134
110 135
110 136
110 139
110 141
110 146
110 152
110 153
110 157
110 160
111 3
111 4
111 6
111 9
111 10
111 13
111 14
111 15
111 16
111 17
111 18
111 19
111 20
111 21
111 24
111 26
111 28
111 29
111 30
111 33
111 34
111 36
111 37
111 39
111 41
111 43
111 44
111 45
111 51
111 52
111 53
111 56
111 57
111 64
111 66
111 67
111 69
111 70
111 73
111 74
111 77
111 81
111 87
111 88
111 93
111 95
111 99
111 100
111 102
111 108
111 109
111 110
111 112
111 113
111 115
111 117
111 119
111 122
111 124
111 125
111 128
111 130
111 131
111 132
111 134
111 135
111 142
111 143
111 144
111 145
111 150
111 151
111 153
111 154
111 155
111 157
111 160
112 1
112 3
112 5
112 7
112 8
112 11
112 13
112 14
112 20
112 22
112 23
112 24
112 27
112 30
112 31
112 33
112 35
112 36
112 42
112 45
112 47
112 49
112 50
112 51
112 52
112 53
112 54
112 55
112 57
112 58
112 59
112 61
112 63
112 64
112 65
112 68
112 73
112 75
112 77
112 80
112 82
112 83
112 85
112 86
112 87
112 88
112 89
112 90
112 91
112 96
112 97
112 98
112 101
112 102
112 103
112 105
112 107
112 110
112 111
112 113
112 116
112 118
112 119
112 120
112 122
112 125
112 126
112 127
112 129
112 131
112 132
112 135
112 136
112 137
112 139
112 140
112 141
112 143
112 145
112 151
112 156
112 160
113 3
113 5
113 7
113 11
113 13
113 14
113 17
113 18
113 19
113 21
113 25
113 28
113 29
113 30
113 31
113 34
113 35
113 39
113 40
113 42
113 44
113 45
113 46
113 49
113 53
113 61
113 63
113 65
113 66
113 67
113 69
113 71
113 72
113 74
113 79
113 80
113 81
113 82
113 84
113 86
113 87
113 88
113 90
113 91
113 92
113 93
113 96
113 97
113 98
113 99
113 101
113 102
113 105
113 108
113 110
113 115
113 117
113 118
113 122
113 123
113 124
113 131
113 132
113 133
113 134
113 137
113 139
113 141
113 142
113 143
113 144
113 148
113 151
113 152
113 153
113 155
114 4
114 6
114 7
114 8
114 10
114 11
114 12
114 13
114 14
114 15
114 16
114 17
114 19
114 20
114 21
114 23
114 26
114 28
114 30
114 35
114 36
114 37
114 38
114 39
114 42
114 43
114 44
114 48
114 50
114 53
114 55
114 58
114 60
114 61
114 66
114 68
114 70
114 74
114 77
114 79
114 80
114 86
114 87
114 90
114 91
114 92
114 93
114 95
114 97
114 98
114 99
114 100
114 105
114 106
114 108
114 109
114 110
114 112
114 119
114 120
114 122
114 123
114 125
114 126
114 129
114 130
114 132
114 133
114 134
114 136
114 138
114 140
114 143
114 145
114 148
114 150
114 152
115 2
115 3
115 6
115 7
115 11
115 12
115 13
115 19
115 21
115 23
115 26
115 27
115 28
115 29
115 30
115 31
115 32
115 36
115 37
115 39
115 43
115 45
115 46
115 47
115 49
115 50
115 51
115 55
115 57
115 59
115 63
115 64
115 68
115 71
115 72
115 74
115 76
115 78
115 79
115 81
115 83
115 90
115 92
115 93
115 94
115 95
115 97
115 98
115 103
115 104
115 106
115 108
115 109
115 113
115 114
115 119
115 121
115 122
115 123
115 124
115 125
115 130
115 132
115 133
115 135
115 139
115 140
115 141
115 147
115 148
115 150
115 152
115 156
115 157
115 159
116 2
116 4
116 5
116 6
116 8
116 9
116 10
116 12
116 13
116 15
116 16
116 17
116 22
116 24
116 25
116 27
116 28
116 30
116 33
116 36
116 37
116 38
116 40
116 41
116 42
116 43
116 46
116 48
116 50
116 54
116 56
116 57
116 60
116 63
116 64
116 67
116 68
116 72
116 74
116 75
116 77
116 78
116 82
116 85
116 86
116 88
116 89
116 91
116 93
116 94
116 95
116 96
116 97
116 98
116 99
116 100
116 102
116 103
116 104
116 106
116 107
116 109
116 110
116 111
116 112
116 113
116 114
116 119
116 120
116 122
116 123
116 125
116 130
116 131
116 132
116 133
116 135
116 138
116 139
116 141
116 143
116 144
116 146
116 147
116 148
116 149
116 153
116 157
116 158
116 159
116 160
117 1
117 3
117 9
117 10
117 14
117 15
117 16
117 19
117 22
117 23
117 25
117 26
117 30
117 36
117 37
117 39
117 43
117 46
117 47
117 48
117 49
117 50
117 52
117 56
117 57
117 58
117 61
117 63
117 64
117 65
117 67
117 68
117 75
117 78
117 79
117 80
117 81
117 82
117 85
117 86
117 87
117 88
117 91
117 92
117 93
117 94
117 99
117 105
117 106
117 107
117 108
117 111
117 113
117 114
117 116
117 121
117 123
117 125
117 128
117 130
117 132
117 133
117 136
117 139
117 140
117 142
117 145
117 147
117 148
117 149
117 152
117 153
117 155
117 157
117 160
118 1
118 2
118 3
118 5
118 10
118 11
118 13
118 15
118 20
118 24
118 25
118 28
118 29
118 30
118 37
118 38
118 39
118 40
118 42
118 45
118 48
118 52
118 55
118 59
118 60
118 62
118 63
118 64
118 66
118 67
118 70
118 74
118 76
118 78
118 81
118 82
118 89
118 90
118 93
118 98
118 99
118 101
118 105
118 106
118 108
118 109
118 110
118 111
118 114
118 127
118 129
118 130
118 132
118 134
118 135
118 136
118 138
118 141
118 142
118 143
118 144
118 145
118 147
118 151
118 153
118 154
118 156
118 158
118 160
119 2
119 3
119 5
119 7
119 8
119 10
119 12
119 14
119 15
119 21
119 26
119 35
119 36
119 37
119 38
119 39
119 45
119 49
119 51
119 53
119 54
119 55
119 57
119 58
119 59
119 62
119 63
119 64
119 65
119 66
119 70
119 71
119 74
119 80
119 81
119 83
119 85
119 90
119 92
119 93
119 95
119 96
119 99
119 104
119 105
119 108
119 109
119 113
119 115
119 116
119 117
119 121
119 122
119 126
119 129
119 131
119 133
119 135
119 138
119 139
119 142
119 143
119 144
119 146
119 152
119 153
119 155
119 156
119 158
119 160
120 3
120 4
120 6
120 7
120 8
120 11
120 12
120 14
120 16
120 17
120 25
120 30
120 32
120 34
120 37
120 40
120 41
120 42
120 46
120 47
120 48
120 49
120 51
120 57
120 58
120 59
120 60
120 61
120 63
120 64
120 66
120 67
120 73
120 74
120 77
120 78
120 79
120 80
120 82
120 83
120 87
120 88
120 89
120 90
120 94
120 95
120 101
120 102
120 104
120 109
120 110
120 111
120 113
120 114
120 115
120 116
120 117
120 119
120 123
120 125
120 127
120 133
120 134
120 135
120 137
120 138
120 139
120 141
120 142
120 147
120 148
120 149
120 153
120 154
120 157
121 2
121 6
121 7
121 8
121 9
121 12
121 15
121 24
121 26
121 27
121 28
121 29
121 30
121 34
121 35
121 36
121 37
121 38
121 39
121 40
121 41
121 44
121 52
121 57
121 58
121 62
121 65
121 68
121 69
121 70
121 71
121 72
121 77
121 79
121 80
121 81
121 83
121 84
121 87
121 88
121 94
121 96
121 98
121 100
121 101
121 102
121 103
121 104
121 106
121 108
121 109
121 110
121 111
121 112
121 113
121 114
121 117
121 118
121 119
121 120
121 122
121 123
121 129
121 130
121 132
121 134
121 135
121 136
121 137
121 138
121 139
121 140
121 142
121 146
121 148
121 150
121 153
121 155
121 156
121 157
121 159
122 2
122 4
122 5
122 8
122 9
122 11
122 16
122 17
122 20
122 25
122 26
122 27
122 28
122 29
122 33
122 34
122 35
122 36
122 41
122 43
122 45
122 46
122 47
122 50
122 51
122 52
122 53
122 54
122 55
122 59
122 70
122 71
122 72
122 74
122 75
122 76
122 77
122 85
122 88
122 92
122 93
122 97
122 99
122 101
122 102
122 103
122 104
122 105
122 109
122 114
122 116
122 123
122 124
122 125
122 126
122 131
122 133
122 137
122 139
122 140
122 141
122 142
122 145
122 150
122 151
122 154
122 155
122 156
122 157
122 159
122 160
123 2
123 4
123 5
123 7
123 10
123 20
123 21
123 26
123 27
123 29
123 30
123 31
123 33
123 34
123 35
123 39
123 40
123 42
123 44
123 45
123 48
123 50
123 51
123 53
123 54
123 56
123 58
123 60
123 61
123 64
123 65
123 69
123 74
123 75
123 76
123 77
123 78
123 82
123 83
123 85
123 86
123 87
123 88
123 89
123 90
123 93
123 94
123 95
123 97
123 107
123 108
123 110
123 113
123 114
123 115
123 117
123 118
123 120
123 121
123 125
123 128
123 129
123 133
123 134
123 135
123 138
123 140
123 146
123 148
123 149
123 150
123 154
123 156
123 158
123 159
123 160
124 3
124 7
124 8
124 13
124 14
124 18
124 19
124 20
124 22
124 23
124 27
124 35
124 36
124 38
124 39
124 41
124 43
124 44
124 45
124 48
124 49
124 50
124 54
124 57
124 58
124 65
124 67
124 69
124 70
124 72
124 74
124 75
124 77
124 78
124 80
124 82
124 83
124 85
124 88
124 90
124 91
124 92
124 93
124 96
124 98
124 100
124 101
124 104
124 106
124 107
124 108
124 111
124 112
124 114
124 115
124 116
124 117
124 118
124 119
124 121
124 125
124 126
124 127
124 130
124 131
124 132
124 134
124 135
124 137
124 138
124 140
124 144
124 145
124 146
124 147
124 149
124 150
124 152
124 153
124 154
124 156
124 158
124 159
125 3
125 5
125 6
125 7
125 8
125 10
125 12
125 15
125 17
125 18
125 24
125 25
125 26
125 28
125 32
125 33
125 35
125 36
125 38
125 39
125 40
125 41
125 42
125 45
125 48
125 50
125 51
125 53
125 55
125 56
125 59
125 60
125 61
125 62
125 64
125 66
125 68
125 69
125 73
125 74
125 77
125 81
125 82
125 83
125 85
125 88
125 90
125 91
125 92
125 93
125 94
125 95
125 97
125 103
125 105
125 106
125 112
125 115
125 116
125 117
125 120
125 121
125 122
125 124
125 126
125 130
125 131
125 132
125 134
125 136
125 138
125 142
125 144
125 147
125 152
125 155
125 159
125 160
126 2
126 3
126 4
126 5
126 6
126 10
126 15
126 16
126 17
126 18
126 21
126 22
126 23
126 24
126 25
126 26
126 27
126 29
126 34
126 35
126 42
126 43
126 44
126 45
126 47
126 50
126 51
126 52
126 54
126 55
126 58
126 60
126 61
126 62
126 63
126 65
126 66
126 67
126 68
126 71
126 72
126 74
126 79
126 87
126 89
126 93
126 95
126 97
126 98
126 99
126 101
126 103
126 106
126 107
126 108
126 109
126 110
126 111
126 113
126 114
126 115
126 121
126 123
126 124
126 125
126 128
126 130
126 132
126 134
126 135
126 137
126 139
126 140
126 142
126 145
126 149
126 150
126 151
126 154
126 157
126 160
127 1
127 2
127 4
127 5
127 6
127 9
127 10
127 12
127 13
127 14
127 16
127 17
127 18
127 19
127 20
127 21
127 22
127 25
127 27
127 30
127 37
127 38
127 40
127 41
127 42
127 44
127 48
127 49
127 50
127 53
127 54
127 55
127 56
127 57
127 62
127 65
127 69
127 71
127 74
127 80
127 81
127 86
127 88
127 89
127 90
127 91
127 93
127 97
127 99
127 102
127 107
127 108
127 110
127 111
127 112
127 113
127 114
127 116
127 117
127 118
127 121
127 122
127 123
127 124
127 126
127 129
127 130
127 133
127 135
127 136
127 137
127 138
127 139
127 140
127 142
127 143
127 145
127 149
127 150
127 153
127 155
127 156
127 158
127 159
127 160
128 3
128 4
128 5
128 7
128 8
128 10
128 11
128 12
128 13
128 15
128 16
128 18
128 19
128 20
128 22
128 23
128 25
128 27
128 31
128 33
128 34
128 35
128 36
128 37
128 38
128 39
128 41
128 43
128 44
128 47
128 51
128 52
128 61
128 63
128 64
128 65
128 69
128 73
128 74
128 75
128 78
128 83
128 84
128 85
128 88
128 89
128 90
128 92
128 94
128 100
128 101
128 102
128 104
128 105
128 106
128 108
128 110
128 111
128 112
128 113
128 114
128 115
128 117
128 119
128 120
128 121
128 122
128 124
128 127
128 129
128 130
128 132
128 133
128 134
128 135
128 137
128 138
128 139
128 140
128 141
128 145
128 146
128 149
128 153
128 156
128 157
128 158
129 2
129 3
129 4
129 8
129 10
129 13
129 14
129 15
129 16
129 17
129 18
129 21
129 23
129 26
129 27
129 28
129 29
129 30
129 31
129 33
129 34
129 38
129 39
129 41
129 42
129 46
129 49
129 50
129 53
129 54
129 55
129 56
129 57
129 58
129 59
129 60
129 62
129 64
129 65
129 66
129 67
129 69
129 70
129 71
129 73
129 78
129 81
129 82
129 83
129 84
129 87
129 88
129 92
129 94
129 95
129 97
129 99
129 100
129 101
129 102
129 106
129 111
129 113
129 115
129 116
129 117
129 120
129 121
129 126
129 130
129 132
129 134
129 135
129 137
129 139
129 142
129 143
129 144
129 145
129 146
129 150
129 152
129 153
129 154
129 155
129 156
129 158
129 159
130 1
130 2
130 3
130 4
130 6
130 10
130 12
130 13
130 14
130 17
130 18
130 19
130 20
130 21
130 22
130 26
130 27
130 28
130 30
130 31
130 34
130 37
130 40
130 42
130 43
130 45
130 49
130 50
130 51
130 52
130 53
130 55
130 57
130 58
130 62
130 64
130 65
130 66
130 67
130 69
130 74
130 75
130 78
130 79
130 82
130 83
130 84
130 85
130 86
130 87
130 88
130 91
130 93
130 95
130 96
130 97
130 98
130 99
130 102
130 108
130 109
130 111
130 120
130 125
130 126
130 127
130 129
130 133
130 134
130 137
130 139
130 140
130 141
130 144
130 146
130 147
130 148
130 150
130 152
130 153
130 157
130 160
131 1
131 2
131 3
131 8
131 10
131 11
131 12
131 17
131 18
131 19
131 20
131 21
131 22
131 28
131 29
131 34
131 37
131 40
131 41
131 45
131 49
131 51
131 52
131 53
131 55
131 59
131 60
131 62
131 63
131 64
131 66
131 67
131 70
131 71
131 73
131 75
131 77
131 82
131 83
131 84
131 86
131 87
131 88
131 89
131 90
131 92
131 97
131 98
131 100
131 101
131 104
131 109
131 111
131 118
131 120
131 122
131 123
131 124
131 126
131 128
131 130
131 132
131 135
131 137
131 142
131 143
131 148
131 150
131 151
131 154
131 155
131 156
131 160
132 1
132 2
132 4
132 5
132 6
132 7
132 9
132 11
132 18
132 19
132 21
132 23
132 25
132 27
132 28
132 29
132 32
132 36
132 38
132 40
132 41
132 42
132 45
132 47
132 48
132 49
132 50
132 53
132 54
132 56
132 57
132 58
132 60
132 61
132 63
132 69
132 70
132 71
132 73
132 74
132 78
132 80
132 82
132 83
132 88
132 89
132 90
132 91
132 93
132 94
132 97
132 98
132 101
132 107
132 108
132 110
132 111
132 112
132 113
132 114
132 115
132 116
132 118
132 119
132 121
132 122
132 124
132 125
132 126
132 127
132 128
132 130
132 131
132 133
132 135
132 137
132 141
132 143
132 147
132 151
132 152
132 153
132 157
132 158
132 160
133 3
133 6
133 8
133 9
133 11
133 14
133 15
133 18
133 19
133 20
133 22
133 26
133 27
133 28
133 29
133 31
133 32
133 33
133 34
133 36
133 42
133 43
133 45
133 47
133 50
133 51
133 54
133 55
133 60
133 62
133 64
133 65
133 67
133 68
133 69
133 71
133 74
133 77
133 79
133 80
133 83
133 84
133 86
133 91
133 94
133 95
133 98
133 102
133 103
133 104
133 105
133 111
133 113
133 115
133 117
133 119
133 121
133 122
133 125
133 130
133 131
133 135
133 137
133 139
133 141
133 143
133 144
133 147
133 148
133 149
133 151
133 152
133 153
134 1
134 3
134 4
134 5
134 7
134 9
134 11
134 12
134 13
134 18
134 22
134 23
134 24
134 25
134 26
134 29
134 30
134 32
134 33
134 34
134 36
134 37
134 39
134 42
134 43
134 44
134 47
134 51
134 52
134 53
134 54
134 55
134 57
134 58
134 59
134 61
134 62
134 67
134 69
134 70
134 71
134 73
134 74
134 75
134 77
134 78
134 79
134 81
134 84
134 86
134 87
134 88
134 90
134 93
134 96
134 99
134 100
134 101
134 104
134 106
134 108
134 115
134 116
134 118
134 119
134 120
134 121
134 122
134 123
134 125
134 126
134 127
134 129
134 130
134 131
134 132
134 137
134 139
134 142
134 143
134 148
134 149
134 150
134 153
134 154
134 155
134 159
134 160
135 1
135 3
135 5
135 11
135 12
135 15
135 18
135 22
135 24
135 25
135 28
135 30
135 31
135 32
135 34
135 37
135 38
135 39
135 41
135 48
135 50
135 52
135 53
135 54
135 55
135 56
135 60
135 61
135 62
135 73
135 75
135 80
135 86
135 90
135 91
135 95
135 96
135 97
135 98
135 99
135 102
135 107
135 109
135 114
135 115
135 116
135 117
135 119
135 120
135 121
135 123
135 124
135 125
135 129
135 130
135 131
135 132
135 133
135 137
135 138
135 139
135 141
135 143
135 144
135 147
135 148
135 151
135 154
135 156
136 1
136 6
136 7
136 9
136 13
136 17
136 18
136 19
136 21
136 22
136 23
136 24
136 26
136 27
136 31
136 33
136 34
136 35
136 36
136 40
136 42
136 43
136 49
136 51
136 54
136 55
136 57
136 58
136 62
136 63
136 65
136 66
136 69
136 70
136 71
136 74
136 76
136 77
136 78
136 79
136 81
136 82
136 86
136 91
136 94
136 96
136 99
136 102
136 104
136 106
136 107
136 108
136 109
136 110
136 111
136 113
136 114
136 115
136 116
136 118
136 122
136 123
136 125
136 126
136 127
136 128
136 130
136 131
136 133
136 134
136 135
136 137
136 142
136 144
136 148
136 150
136 151
136 153
136 157
137 3
137 5
137 7
137 10
137 17
137 18
137 20
137 23
137 24
137 25
137 26
137 31
137 32
137 34
137 35
137 36
137 38
137 39
137 40
137 43
137 47
137 49
137 50
137 51
137 52
137 60
137 61
137 62
137 63
137 64
137 65
137 69
137 76
137 77
137 78
137 82
137 83
137 84
137 89
137 91
137 93
137 94
137 97
137 98
137 99
137 100
137 101
137 105
137 108
137 111
137 112
137 113
137 114
137 115
137 120
137 124
137 125
137 127
137 128
137 130
137 132
137 133
137 135
137 136
137 138
137 139
137 140
137 142
137 144
137 146
137 148
137 150
137 152
137 153
137 154
137 159
138 3
138 4
138 8
138 11
138 12
138 13
138 16
138 19
138 21
138 23
138 25
138 28
138 29
138 32
138 33
138 34
138 38
138 39
138 40
138 41
138 43
138 47
138 48
138 49
138 54
138 55
138 56
138 59
138 61
138 64
138 74
138 77
138 79
138 80
138 84
138 86
138 87
138 89
138 90
138 91
138 94
138 95
138 97
138 98
138 101
138 103
138 104
138 106
138 107
138 110
138 114
138 118
138 121
138 123
138 124
138 128
138 131
138 134
138 136
138 137
138 139
138 140
138 141
138 142
138 147
138 149
138 151
138 153
138 156
138 159
138 160
139 1
139 4
139 5
139 6
139 7
139 8
139 10
139 11
139 12
139 14
139 15
139 16
139 20
139 27
139 35
139 36
139 39
139 40
139 42
139 45
139 46
139 47
139 49
139 50
139 55
139 56
139 58
139 64
139 65
139 67
139 73
139 74
139 75
139 76
139 77
139 79
139 83
139 87
139 90
139 91
139 93
139 95
139 96
139 102
139 104
139 107
139 109
139 112
139 118
139 122
139 124
139 127
139 128
139 131
139 132
139 133
139 136
139 138
139 140
139 141
139 142
139 143
139 146
139 149
139 151
139 154
139 155
139 157
139 160
140 1
140 2
140 4
140 8
140 9
140 10
140 11
140 13
140 14
140 17
140 18
140 22
140 23
140 25
140 26
140 27
140 28
140 30
140 32
140 34
140 35
140 36
140 37
140 38
140 40
140 41
140 42
140 45
140 47
140 48
140 49
140 50
140 52
140 53
140 56
140 58
140 60
140 62
140 63
140 64
140 69
140 70
140 71
140 72
140 73
140 74
140 75
140 76
140 77
140 80
140 81
140 83
140 84
140 85
140 86
140 87
140 90
140 92
140 95
140 97
140 98
140 99
140 103
140 105
140 107
140 109
140 110
140 115
140 116
140 117
140 118
140 119
140 124
140 125
140 127
140 128
140 130
140 131
140 134
140 139
140 141
140 143
140 144
140 147
140 152
140 153
140 154
140 155
140 158
140 159
140 160
141 1
141 2
141 4
141 5
141 6
141 7
141 9
141 10
141 12
141 13
141 14
141 15
141 16
141 18
141 20
141 22
141 23
141 24
141 25
141 28
141 29
141 32
141 33
141 34
141 39
141 42
141 43
141 45
141 48
141 53
141 54
141 55
141 56
141 57
141 59
141 61
141 65
141 66
141 68
141 69
141 70
141 72
141 73
141 75
141 76
141 80
141 83
141 84
141 85
141 86
141 88
141 90
141 92
141 98
141 99
141 103
141 104
141 105
141 107
141 108
141 111
141 113
141 120
141 121
141 122
141 126
141 131
141 132
141 133
141 134
141 135
141 136
141 137
141 138
141 143
141 144
141 145
141 148
141 151
141 153
141 156
141 157
141 159
141 160
142 2
142 5
142 6
142 7
142 8
142 12
142 13
142 14
142 16
142 20
142 21
142 23
142 24
142 25
142 29
142 34
142 35
142 39
142 41
142 42
142 44
142 45
142 46
142 47
142 50
142 51
142 52
142 53
142 55
142 57
142 58
142 61
142 63
142 65
142 69
142 73
142 74
142 78
142 79
142 81
142 84
142 85
142 87
142 92
142 94
142 98
142 100
142 101
142 103
142 105
142 106
142 107
142 108
142 110
142 116
142 117
142 120
142 123
142 125
142 130
142 132
142 133
142 134
142 136
142 137
142 140
142 141
142 145
142 146
142 147
142 149
142 150
142 154
142 156
142 158
142 159
142 160
143 3
143 5
143 7
143 8
143 9
143 11
143 12
143 13
143 16
143 19
143 20
143 21
143 29
143 32
143 33
143 34
143 35
143 36
143 38
143 39
143 41
143 42
143 43
143 47
143 51
143 53
143 54
143 56
143 57
143 58
143 59
143 62
143 63
143 64
143 65
143 66
143 68
143 69
143 74
143 75
143 76
143 77
143 83
143 84
143 87
143 88
143 89
143 90
143 94
143 96
143 100
143 102
143 103
143 104
143 106
143 109
143 110
143 115
143 117
143 118
143 120
143 121
143 124
143 125
143 127
143 128
143 130
143 132
143 133
143 134
143 136
143 142
143 145
143 146
143 147
143 150
143 152
143 154
143 155
144 2
144 3
144 5
144 6
144 8
144 10
144 13
144 15
144 16
144 17
144 19
144 20
144 23
144 25
144 26
144 27
144 28
144 30
144 32
144 36
144 40
144 41
144 43
144 44
144 46
144 48
144 50
144 52
144 55
144 56
144 57
144 58
144 59
144 62
144 63
144 64
144 66
144 67
144 68
144 72
144 74
144 75
144 76
144 77
144 78
144 79
144 83
144 85
144 86
144 90
144 92
144 94
144 95
144 96
144 98
144 99
144 100
144 101
144 104
144 107
144 108
144 109
144 111
144 112
144 113
144 114
144 117
144 118
144 120
144 122
144 124
144 126
144 127
144 130
144 132
144 133
144 136
144 137
144 138
144 139
144 140
144 145
144 147
144 148
144 151
144 153
144 154
144 155
144 156
144 160
145 1
145 2
145 9
145 12
145 13
145 14
145 16
145 17
145 18
145 22
145 25
145 27
145 29
145 30
145 31
145 32
145 33
145 34
145 38
145 40
145 41
145 42
145 44
145 48
145 49
145 50
145 54
145 55
145 56
145 60
145 62
145 64
145 66
145 67
145 72
145 74
145 75
145 77
145 79
145 80
145 83
145 87
145 89
145 91
145 92
145 93
145 97
145 100
145 103
145 105
145 108
145 111
145 114
145 116
145 118
145 119
145 122
145 123
145 125
145 129
145 130
145 131
145 133
145 134
145 137
145 139
145 140
145 142
145 144
145 146
145 149
145 151
145 152
145 155
145 159
146 1
146 5
146 10
146 11
146 16
146 17
146 18
146 20
146 24
146 25
146 29
146 30
146 31
146 32
146 39
146 44
146 45
146 49
146 52
146 58
146 59
146 66
146 68
146 70
146 71
146 73
146 75
146 76
146 77
146 78
146 81
146 82
146 85
146 87
146 89
146 92
146 93
146 94
146 96
146 98
146 100
146 101
146 102
146 103
146 106
146 108
146 109
146 110
146 113
146 116
146 117
146 118
146 120
146 124
146 127
146 129
146 132
146 133
146 134
146 135
146 138
146 139
146 142
146 147
146 149
146 150
146 152
146 158
147 5
147 6
147 8
147 10
147 12
147 13
147 15
147 16
147 18
147 21
147 22
147 23
147 26
147 27
147 28
147 29
147 30
147 31
147 32
147 35
147 37
147 39
147 40
147 41
147 42
147 43
147 53
147 54
147 55
147 57
147 58
147 59
147 60
147 63
147 65
147 66
147 67
147 68
147 70
147 71
147 73
147 76
147 78
147 80
147 81
147 82
147 83
147 84
147 85
147 87
147 88
147 90
147 91
147 95
147 96
147 97
147 98
147 101
147 102
147 105
147 107
147 110
147 113
147 114
147 118
147 121
147 122
147 123
147 126
147 128
147 130
147 131
147 134
147 135
147 136
147 137
147 138
147 139
147 141
147 143
147 146
147 149
147 150
147 153
147 154
147 155
147 156
147 158
147 159
148 1
148 5
148 6
148 7
148 9
148 10
148 13
148 14
148 18
148 19
148 20
148 23
148 24
148 26
148 33
148 36
148 37
148 39
148 41
148 42
148 45
148 47
148 48
148 51
148 53
148 55
148 58
148 59
148 61
148 62
148 67
148 71
148 72
148 75
148 79
148 80
148 82
148 83
148 86
148 89
148 90
148 91
148 92
148 94
148 95
148 96
148 97
148 98
148 101
148 102
148 103
148 104
148 105
148 106
148 107
148 108
148 109
148 111
148 112
148 118
148 119
148 121
148 122
148 123
148 125
148 128
148 129
148 130
148 132
148 134
148 135
148 136
148 139
148 140
148 141
148 142
148 146
148 147
148 149
148 151
148 153
148 159
148 160
149 4
149 5
149 6
149 8
149 9
149 12
149 13
149 17
149 21
149 22
149 25
149 26
149 27
149 28
149 30
149 31
149 32
149 34
149 35
149 36
149 38
149 42
149 45
149 47
149 49
149 50
149 51
149 52
149 53
149 54
149 55
149 56
149 58
149 60
149 61
149 62
149 63
149 64
149 67
149 68
149 74
149 75
149 81
149 82
149 86
149 90
149 91
149 93
149 94
149 97
149 102
149 103
149 104
149 107
149 111
149 113
149 114
149 115
149 116
149 119
149 121
149 122
149 123
149 132
149 133
149 138
149 142
149 145
149 146
149 147
149 148
149 150
149 153
149 154
149 157
149 159
150 3
150 4
150 5
150 11
150 13
150 14
150 19
150 21
150 22
150 25
150 27
150 29
150 30
150 32
150 38
150 45
150 47
150 51
150 54
150 55
150 64
150 66
150 74
150 75
150 80
150 83
150 85
150 87
150 88
150 92
150 94
150 101
150 107
150 111
150 112
150 113
150 115
150 118
150 119
150 122
150 123
150 124
150 125
150 128
150 139
150 144
150 147
150 152
150 156
150 157
150 158
150 159
150 160
151 1
151 2
151 5
151 6
151 7
151 8
151 9
151 10
151 15
151 16
151 20
151 21
151 26
151 28
151 29
151 30
151 31
151 32
151 33
151 36
151 41
151 42
151 43
151 46
151 48
151 52
151 53
151 55
151 57
151 64
151 65
151 69
151 71
151 73
151 74
151 77
151 81
151 82
151 87
151 88
151 89
151 90
151 96
151 97
151 100
151 102
151 106
151 109
151 110
151 112
151 115
151 118
151 119
151 121
151 122
151 123
151 125
151 127
151 130
151 133
151 138
151 139
151 141
151 145
151 146
151 147
151 155
151 157
151 159
152 1
152 2
152 3
152 4
152 7
152 8
152 11
152 13
152 15
152 17
152 18
152 22
152 25
152 28
152 29
152 30
152 32
152 33
152 34
152 39
152 42
152 43
152 49
152 50
152 51
152 52
152 53
152 54
152 55
152 58
152 60
152 61
152 65
152 66
152 67
152 68
152 71
152 75
152 76
152 77
152 78
152 79
152 81
152 82
152 83
152 86
152 88
152 89
152 90
152 91
152 92
152 96
152 98
152 110
152 111
152 114
152 116
152 117
152 123
152 125
152 126
152 128
152 129
152 130
152 131
152 136
152 137
152 138
152 142
152 143
152 149
152 150
152 151
152 153
152 155
152 156
152 158
152 159
152 160
153 1
153 2
153 4
153 7
153 10
153 12
153 13
153 14
153 15
153 16
153 20
153 25
153 27
153 34
153 35
153 37
153 39
153 41
153 43
153 44
153 49
153 51
153 54
153 55
153 56
153 59
153 62
153 64
153 66
153 72
153 75
153 76
153 78
153 81
153 83
153 84
153 85
153 86
153 91
153 92
153 93
153 94
153 96
153 97
153 99
153 101
153 107
153 111
153 112
153 113
153 115
153 118
153 120
153 121
153 125
153 126
153 129
153 131
153 132
153 136
153 138
153 139
153 141
153 142
153 143
153 144
153 145
153 152
153 160
154 1
154 2
154 5
154 7
154 10
154 12
154 13
154 14
154 15
154 18
154 19
154 21
154 23
154 24
154 25
154 26
154 27
154 28
154 29
154 30
154 37
154 40
154 41
154 42
154 43
154 44
154 46
154 48
154 49
154 50
154 52
154 53
154 56
154 57
154 59
154 60
154 62
154 63
154 65
154 67
154 68
154 71
154 73
154 74
154 75
154 77
154 82
154 83
154 84
154 86
154 88
154 89
154 91
154 99
154 100
154 103
154 104
154 105
154 108
154 109
154 112
154 114
154 116
154 124
154 125
154 126
154 127
154 130
154 131
154 134
154 135
154 140
154 141
154 142
154 143
154 144
154 147
154 148
154 149
154 151
154 158
154 159
154 160
155 3
155 4
155 9
155 11
155 12
155 15
155 17
155 20
155 23
155 25
155 26
155 27
155 28
155 30
155 31
155 32
155 33
155 35
155 38
155 40
155 41
155 44
155 45
155 46
155 49
155 53
155 55
155 56
155 57
155 58
155 60
155 64
155 65
155 71
155 74
155 75
155 76
155 77
155 78
155 79
155 82
155 85
155 88
155 90
155 91
155 94
155 96
155 98
155 100
155 101
155 103
155 104
155 105
155 107
155 110
155 111
155 113
155 119
155 120
155 122
155 124
155 126
155 127
155 128
155 129
155 130
155 133
155 134
155 135
155 141
155 142
155 143
155 147
155 150
155 151
155 156
155 157
155 158
155 160
156 2
156 3
156 4
156 6
156 9
156 10
156 11
156 13
156 14
156 15
156 16
156 19
156 23
156 27
156 29
156 32
156 33
156 35
156 37
156 39
156 40
156 43
156 44
156 45
156 49
156 52
156 53
156 56
156 57
156 58
156 59
156 60
156 61
156 62
156 63
156 66
156 67
156 68
156 70
156 73
156 74
156 77
156 80
156 87
156 89
156 91
156 93
156 94
156 96
156 101
156 104
156 110
156 112
156 113
156 116
156 117
156 118
156 119
156 122
156 123
156 125
156 128
156 131
156 133
156 135
156 136
156 137
156 140
156 142
156 146
156 149
156 151
156 152
156 154
156 155
156 159
157 1
157 2
157 5
157 7
157 8
157 9
157 10
157 11
157 12
157 13
157 15
157 17
157 20
157 25
157 26
157 27
157 28
157 31
157 32
157 33
157 34
157 35
157 40
157 41
157 43
157 45
157 48
157 51
157 52
157 53
157 58
157 60
157 65
157 67
157 70
157 73
157 76
157 77
157 81
157 87
157 88
157 91
157 92
157 93
157 95
157 96
157 100
157 101
157 103
157 105
157 107
157 108
157 110
157 119
157 120
157 121
157 122
157 123
157 125
157 126
157 127
157 128
157 129
157 131
157 132
157 133
157 134
157 135
157 136
157 137
157 138
157 139
157 140
157 141
157 143
157 149
157 150
157 152
157 153
157 155
158 4
158 7
158 10
158 11
158 12
158 14
158 15
158 17
158 19
158 29
158 30
158 32
158 33
158 34
158 37
158 38
158 40
158 41
158 42
158 49
158 52
158 54
158 55
158 56
158 57
158 59
158 60
158 63
158 65
158 66
158 67
158 72
158 73
158 74
158 79
158 80
158 83
158 84
158 85
158 87
158 89
158 90
158 91
158 96
158 97
158 98
158 99
158 100
158 103
158 105
158 107
158 109
158 110
158 111
158 112
158 115
158 116
158 117
158 119
158 121
158 122
158 123
158 125
158 126
158 133
158 134
158 135
158 136
158 137
158 138
158 139
158 140
158 141
158 142
158 143
158 146
158 151
158 160
159 2
159 3
159 5
159 9
159 12
159 13
159 14
159 15
159 16
159 17
159 18
159 21
159 28
159 29
159 30
159 31
159 32
159 33
159 37
159 40
159 42
159 43
159 46
159 50
159 51
159 55
159 59
159 60
159 64
159 65
159 68
159 69
159 70
159 71
159 74
159 75
159 79
159 81
159 85
159 87
159 88
159 89
159 93
159 96
159 97
159 99
159 100
159 101
159 103
159 105
159 107
159 108
159 109
159 110
159 114
159 115
159 116
159 117
159 121
159 122
159 123
159 125
159 126
159 129
159 130
159 132
159 133
159 135
159 136
159 137
159 138
159 142
159 143
159 145
159 147
159 151
159 152
159 153
159 158
159 160
160 3
160 4
160 6
160 7
160 9
160 12
160 14
160 15
160 18
160 21
160 22
160 24
160 26
160 31
160 32
160 37
160 38
160 42
160 44
160 45
160 52
160 53
160 54
160 56
160 57
160 59
160 60
160 62
160 64
160 66
160 68
160 69
160 70
160 71
160 73
160 74
160 75
160 83
160 85
160 87
160 89
160 90
160 91
160 92
160 94
160 96
160 97
160 100
160 101
160 104
160 106
160 107
160 108
160 109
160 110
160 112
160 116
160 117
160 120
160 122
160 126
160 128
160 129
160 130
160 133
160 135
160 136
160 137
160 138
160 148
160 149
160 153
160 155
160 156
160 157
160 158
