200
9789
1 4
1 5
1 7
1 8
1 13
1 21
1 24
1 30
1 31
1 39
1 41
1 48
1 52
1 59
1 63
1 68
1 74
1 78
1 80
1 81
1 83
1 90
1 95
1 106
1 109
1 114
1 118
1 120
1 121
1 122
1 123
1 125
1 140
1 144
1 145
1 151
1 155
1 170
1 172
1 173
1 177
1 186
1 190
1 191
1 193
1 199
2 3
2 7
2 10
2 13
2 16
2 24
2 31
2 35
2 50
2 51
2 53
2 55
2 56
2 60
2 64
2 67
2 71
2 72
2 73
2 78
2 83
2 91
2 92
2 96
2 107
2 109
2 115
2 117
2 124
2 125
2 135
2 136
2 137
2 140
2 147
2 150
2 155
2 156
2 167
2 170
2 172
2 175
2 181
2 184
2 185
2 194
3 1
3 6
3 9
3 11
3 12
3 16
3 17
3 20
3 21
3 24
3 33
3 34
3 35
3 38
3 41
3 43
3 44
3 48
3 50
3 55
3 56
3 64
3 67
3 77
3 80
3 92
3 95
3 96
3 107
3 112
3 120
3 126
3 139
3 141
3 148
3 149
3 151
3 153
3 155
3 156
3 158
3 178
3 179
3 180
3 183
3 196
4 9
4 10
4 18
4 23
4 25
4 37
4 38
4 43
4 44
4 46
4 48
4 51
4 56
4 58
4 62
4 65
4 67
4 70
4 71
4 75
4 77
4 82
4 83
4 85
4 97
4 102
4 103
4 110
4 112
4 115
4 119
4 129
4 133
4 142
4 156
4 161
4 166
4 170
4 172
4 178
4 187
4 190
4 196
4 198
5 9
5 12
5 15
5 18
5 22
5 35
5 39
5 40
5 43
5 44
5 46
5 48
5 53
5 54
5 58
5 66
5 68
5 71
5 77
5 82
5 91
5 95
5 102
5 107
5 112
5 113
5 116
5 118
5 119
5 120
5 124
5 127
5 129
5 138
5 139
5 140
5 142
5 144
5 149
5 150
5 151
5 156
5 159
5 161
5 162
5 172
5 177
5 183
5 192
5 199
6 3
6 4
6 10
6 11
6 14
6 26
6 36
6 37
6 39
6 45
6 47
6 51
6 53
6 55
6 62
6 63
6 64
6 68
6 71
6 76
6 77
6 84
6 86
6 90
6 93
6 97
6 99
6 100
6 102
6 111
6 113
6 125
6 129
6 134
6 139
6 144
6 147
6 153
6 155
6 162
6 175
6 181
6 184
6 185
6 193
6 194
7 1
7 3
7 6
7 10
7 11
7 12
7 14
7 16
7 18
7 20
7 27
7 29
7 30
7 33
7 36
7 45
7 46
7 54
7 66
7 69
7 75
7 77
7 81
7 89
7 101
7 103
7 104
7 109
7 112
7 113
7 119
7 121
7 124
7 131
7 133
7 142
7 145
7 147
7 149
7 155
7 157
7 160
7 164
7 165
7 166
7 169
7 171
7 172
7 176
7 177
7 179
7 185
7 187
7 188
7 189
7 194
7 196
8 1
8 5
8 14
8 17
8 18
8 22
8 24
8 27
8 31
8 33
8 36
8 39
8 41
8 42
8 44
8 47
8 48
8 59
8 62
8 65
8 68
8 76
8 78
8 80
8 81
8 82
8 83
8 84
8 86
8 91
8 102
8 104
8 107
8 108
8 110
8 112
8 114
8 118
8 119
8 131
8 134
8 136
8 150
8 153
8 156
8 163
8 170
8 175
8 180
8 181
8 182
8 187
8 193
8 194
8 197
8 199
9 4
9 14
9 16
9 23
9 24
9 25
9 36
9 39
9 49
9 52
9 54
9 70
9 71
9 72
9 81
9 89
9 97
9 100
9 104
9 106
9 107
9 114
9 118
9 120
9 135
9 136
9 145
9 148
9 149
9 151
9 154
9 159
9 160
9 165
9 167
9 170
9 173
9 174
9 179
9 180
9 193
9 195
9 198
10 3
10 11
10 16
10 18
10 19
10 21
10 24
10 26
10 29
10 40
10 41
10 45
10 53
10 58
10 63
10 72
10 74
10 77
10 79
10 80
10 83
10 107
10 108
10 117
10 122
10 133
10 136
10 138
10 141
10 143
10 144
10 151
10 153
10 154
10 155
10 157
10 166
10 168
10 170
10 175
10 178
10 182
10 185
10 189
10 191
10 193
10 194
10 197
10 198
10 200
11 5
11 6
11 15
11 16
11 20
11 22
11 25
11 29
11 31
11 41
11 44
11 75
11 76
11 79
11 80
11 81
11 89
11 93
11 94
11 95
11 97
11 98
11 102
11 105
11 106
11 107
11 120
11 122
11 123
11 128
11 130
11 135
11 136
11 139
11 147
11 150
11 156
11 157
11 159
11 167
11 168
11 172
11 177
11 179
11 183
11 184
11 189
11 199
12 28
12 31
12 32
12 35
12 36
12 37
12 39
12 42
12 46
12 52
12 59
12 71
12 72
12 74
12 77
12 78
12 82
12 92
12 93
12 94
12 95
12 103
12 109
12 112
12 118
12 120
12 123
12 124
12 129
12 134
12 140
12 145
12 147
12 150
12 151
12 154
12 156
12 159
12 165
12 172
12 174
12 176
12 185
12 186
12 193
12 198
12 199
12 200
13 1
13 3
13 10
13 12
13 30
13 35
13 38
13 39
13 43
13 49
13 50
13 51
13 52
13 54
13 55
13 56
13 58
13 59
13 62
13 65
13 67
13 71
13 74
13 75
13 79
13 83
13 85
13 91
13 94
13 100
13 104
13 106
13 114
13 115
13 116
13 117
13 124
13 130
13 135
13 144
13 151
13 152
13 164
13 168
13 176
13 177
13 179
13 188
13 193
13 194
14 1
14 8
14 9
14 10
14 15
14 19
14 29
14 35
14 36
14 40
14 45
14 47
14 49
14 51
14 55
14 56
14 58
14 65
14 67
14 69
14 70
14 71
14 74
14 76
14 77
14 78
14 87
14 89
14 92
14 94
14 95
14 96
14 103
14 106
14 109
14 110
14 111
14 113
14 114
14 116
14 128
14 131
14 140
14 146
14 149
14 151
14 152
14 155
14 159
14 165
14 167
14 168
14 176
14 182
15 4
15 9
15 10
15 12
15 29
15 33
15 38
15 42
15 51
15 53
15 56
15 58
15 60
15 61
15 62
15 63
15 65
15 88
15 91
15 99
15 100
15 107
15 115
15 121
15 122
15 124
15 125
15 127
15 139
15 141
15 149
15 150
15 157
15 158
15 161
15 164
15 166
15 169
15 173
15 179
15 185
15 186
15 193
15 199
16 7
16 8
16 11
16 15
16 23
16 24
16 25
16 31
16 35
16 38
16 39
16 40
16 59
16 60
16 62
16 64
16 67
16 68
16 71
16 77
16 80
16 86
16 89
16 93
16 95
16 100
16 102
16 104
16 108
16 111
16 113
16 119
16 120
16 121
16 123
16 124
16 130
16 132
16 136
16 139
16 141
16 143
16 144
16 149
16 157
16 160
16 163
16 167
16 168
16 169
16 172
16 173
16 177
16 180
16 181
16 187
16 196
17 3
17 8
17 13
17 15
17 22
17 37
17 38
17 40
17 41
17 43
17 46
17 53
17 56
17 62
17 72
17 76
17 82
17 86
17 87
17 88
17 90
17 96
17 100
17 101
17 102
17 103
17 106
17 120
17 123
17 128
17 131
17 141
17 143
17 147
17 148
17 156
17 164
17 181
17 184
17 186
17 190
17 198
18 1
18 7
18 12
18 14
18 22
18 40
18 41
18 44
18 51
18 59
18 70
18 78
18 80
18 81
18 82
18 84
18 90
18 94
18 101
18 106
18 108
18 110
18 111
18 118
18 129
18 135
18 138
18 143
18 150
18 151
18 152
18 154
18 155
18 159
18 162
18 167
18 170
18 176
18 181
18 189
18 193
18 198
19 2
19 8
19 10
19 17
19 20
19 27
19 30
19 31
19 38
19 39
19 45
19 48
19 55
19 58
19 66
19 68
19 69
19 71
19 75
19 85
19 87
19 90
19 96
19 100
19 102
19 106
19 107
19 110
19 111
19 114
19 122
19 123
19 124
19 125
19 128
19 130
19 138
19 141
19 142
19 144
19 145
19 148
19 155
19 158
19 162
19 163
19 167
19 172
19 173
19 175
19 181
19 186
19 188
19 189
19 190
19 191
19 195
19 197
20 3
20 5
20 8
20 15
20 18
20 29
20 41
20 45
20 48
20 54
20 57
20 58
20 59
20 60
20 62
20 63
20 81
20 85
20 87
20 88
20 95
20 98
20 103
20 104
20 107
20 109
20 113
20 117
20 125
20 126
20 132
20 133
20 135
20 142
20 143
20 145
20 146
20 148
20 154
20 157
20 160
20 165
20 169
20 170
20 176
20 178
20 181
20 184
20 190
20 191
20 195
20 196
20 198
20 199
21 2
21 4
21 8
21 9
21 25
21 32
21 33
21 37
21 39
21 44
21 45
21 57
21 62
21 70
21 72
21 75
21 77
21 82
21 88
21 89
21 91
21 92
21 94
21 99
21 102
21 106
21 110
21 111
21 116
21 119
21 121
21 125
21 126
21 136
21 156
21 158
21 160
21 162
21 163
21 182
21 192
21 197
21 199
22 2
22 3
22 5
22 6
22 9
22 12
22 13
22 20
22 26
22 32
22 39
22 40
22 42
22 45
22 48
22 51
22 56
22 59
22 60
22 62
22 66
22 69
22 74
22 77
22 81
22 92
22 98
22 99
22 101
22 104
22 106
22 109
22 110
22 123
22 127
22 130
22 137
22 138
22 140
22 147
22 152
22 160
22 164
22 173
22 174
22 175
22 187
22 189
22 192
22 193
23 4
23 6
23 14
23 17
23 19
23 20
23 29
23 30
23 32
23 34
23 37
23 39
23 41
23 49
23 53
23 55
23 56
23 57
23 63
23 65
23 68
23 84
23 87
23 91
23 93
23 95
23 99
23 103
23 106
23 108
23 109
23 110
23 111
23 112
23 125
23 130
23 134
23 137
23 148
23 152
23 153
23 162
23 164
23 167
23 169
23 184
23 187
23 189
23 194
23 198
24 1
24 3
24 6
24 10
24 13
24 19
24 28
24 29
24 35
24 43
24 51
24 53
24 56
24 62
24 68
24 69
24 71
24 72
24 75
24 86
24 88
24 93
24 102
24 103
24 112
24 118
24 135
24 140
24 143
24 146
24 149
24 150
24 152
24 157
24 164
24 169
24 173
24 185
24 189
24 190
24 196
24 198
24 199
24 200
25 3
25 5
25 7
25 9
25 11
25 13
25 21
25 22
25 26
25 34
25 36
25 38
25 40
25 45
25 48
25 49
25 52
25 90
25 93
25 100
25 103
25 113
25 114
25 118
25 124
25 133
25 134
25 140
25 144
25 146
25 155
25 156
25 157
25 162
25 167
25 168
25 169
25 173
25 174
25 180
25 182
25 185
25 186
25 190
25 196
26 1
26 4
26 6
26 16
26 17
26 18
26 21
26 23
26 24
26 51
26 53
26 60
26 61
26 76
26 82
26 95
26 96
26 98
26 99
26 103
26 104
26 109
26 112
26 119
26 120
26 121
26 125
26 136
26 140
26 151
26 158
26 165
26 166
26 173
26 174
26 176
26 177
26 181
26 182
26 184
26 185
26 186
26 187
26 189
26 198
26 200
27 1
27 11
27 18
27 23
27 24
27 39
27 42
27 43
27 46
27 55
27 56
27 59
27 60
27 62
27 70
27 74
27 76
27 78
27 79
27 80
27 82
27 83
27 84
27 86
27 91
27 103
27 104
27 111
27 114
27 126
27 127
27 132
27 134
27 139
27 140
27 142
27 145
27 146
27 153
27 155
27 157
27 162
27 164
27 171
27 176
27 177
27 179
27 181
27 182
27 183
27 189
27 191
28 4
28 5
28 9
28 10
28 13
28 23
28 37
28 41
28 43
28 51
28 52
28 60
28 61
28 66
28 67
28 87
28 92
28 102
28 106
28 107
28 114
28 117
28 128
28 132
28 134
28 138
28 139
28 140
28 169
28 171
28 174
28 176
28 178
28 182
28 187
28 192
28 197
29 10
29 11
29 12
29 16
29 17
29 18
29 26
29 31
29 33
29 37
29 39
29 40
29 47
29 53
29 56
29 59
29 61
29 65
29 66
29 71
29 72
29 74
29 77
29 82
29 83
29 90
29 100
29 110
29 122
29 124
29 127
29 129
29 133
29 139
29 150
29 153
29 157
29 164
29 174
29 177
29 178
29 185
29 192
29 196
29 198
30 3
30 6
30 11
30 16
30 24
30 25
30 41
30 44
30 46
30 51
30 56
30 61
30 65
30 68
30 75
30 83
30 86
30 87
30 88
30 102
30 105
30 106
30 114
30 115
30 121
30 126
30 132
30 135
30 138
30 143
30 148
30 154
30 155
30 162
30 169
30 174
30 176
30 178
30 180
30 182
30 185
30 186
30 191
30 194
31 7
31 8
31 10
31 15
31 17
31 19
31 23
31 26
31 37
31 38
31 41
31 42
31 53
31 56
31 57
31 58
31 62
31 65
31 84
31 90
31 99
31 101
31 113
31 116
31 118
31 120
31 126
31 128
31 131
31 148
31 149
31 159
31 170
31 175
31 177
31 183
31 190
31 193
31 200
32 3
32 7
32 8
32 12
32 13
32 14
32 15
32 19
32 20
32 23
32 24
32 28
32 35
32 36
32 42
32 43
32 44
32 48
32 59
32 70
32 72
32 74
32 78
32 79
32 80
32 82
32 83
32 86
32 91
32 95
32 104
32 107
32 112
32 122
32 124
32 130
32 131
32 132
32 134
32 135
32 136
32 141
32 146
32 147
32 151
32 152
32 154
32 156
32 163
32 167
32 173
32 177
32 181
32 192
33 1
33 7
33 11
33 12
33 14
33 22
33 24
33 28
33 30
33 32
33 34
33 36
33 38
33 46
33 48
33 52
33 53
33 55
33 57
33 59
33 65
33 71
33 74
33 77
33 79
33 80
33 87
33 92
33 95
33 97
33 100
33 101
33 102
33 105
33 108
33 109
33 112
33 118
33 120
33 123
33 129
33 130
33 134
33 135
33 139
33 142
33 146
33 155
33 166
33 173
33 174
33 176
33 179
33 182
33 190
33 195
33 198
34 23
34 26
34 28
34 29
34 36
34 42
34 53
34 54
34 57
34 66
34 70
34 72
34 73
34 86
34 87
34 92
34 93
34 94
34 95
34 109
34 110
34 119
34 120
34 124
34 131
34 134
34 140
34 142
34 146
34 149
34 157
34 164
34 165
34 167
34 170
34 172
34 175
34 182
34 183
34 185
34 191
34 192
34 200
35 2
35 6
35 12
35 14
35 24
35 25
35 26
35 28
35 32
35 40
35 42
35 46
35 58
35 59
35 61
35 64
35 66
35 71
35 73
35 76
35 79
35 83
35 84
35 85
35 93
35 98
35 100
35 101
35 111
35 112
35 129
35 138
35 142
35 146
35 147
35 152
35 159
35 164
35 165
35 167
35 181
35 185
35 187
35 193
35 197
35 199
36 12
36 25
36 26
36 27
36 28
36 29
36 31
36 34
36 48
36 49
36 51
36 56
36 57
36 60
36 61
36 65
36 66
36 69
36 70
36 72
36 75
36 76
36 78
36 80
36 82
36 85
36 87
36 89
36 92
36 93
36 96
36 98
36 103
36 104
36 109
36 111
36 123
36 129
36 131
36 132
36 133
36 135
36 136
36 140
36 154
36 155
36 156
36 158
36 160
36 166
36 171
36 183
36 186
36 194
36 195
36 197
37 26
37 38
37 39
37 40
37 44
37 54
37 55
37 58
37 59
37 64
37 66
37 70
37 75
37 76
37 78
37 83
37 85
37 93
37 98
37 100
37 104
37 123
37 140
37 141
37 150
37 151
37 155
37 163
37 164
37 166
37 172
37 178
37 182
37 187
37 189
37 190
37 191
38 6
38 9
38 10
38 15
38 19
38 21
38 28
38 32
38 37
38 39
38 44
38 47
38 49
38 55
38 57
38 60
38 65
38 68
38 84
38 85
38 92
38 93
38 99
38 106
38 114
38 115
38 118
38 120
38 127
38 128
38 131
38 133
38 134
38 153
38 161
38 162
38 169
38 173
38 175
38 179
38 181
38 186
38 190
38 193
38 200
39 6
39 10
39 11
39 15
39 23
39 27
39 31
39 32
39 34
39 36
39 41
39 44
39 46
39 49
39 50
39 53
39 68
39 70
39 73
39 80
39 81
39 83
39 84
39 91
39 92
39 107
39 108
39 121
39 127
39 130
39 132
39 133
39 139
39 147
39 149
39 157
39 160
39 165
39 166
39 175
39 180
39 184
39 185
39 186
39 189
39 199
40 1
40 2
40 7
40 8
40 13
40 17
40 20
40 22
40 31
40 34
40 38
40 39
40 43
40 55
40 57
40 69
40 70
40 73
40 75
40 80
40 82
40 96
40 97
40 99
40 108
40 112
40 124
40 130
40 131
40 132
40 135
40 140
40 152
40 155
40 157
40 158
40 166
40 171
40 173
40 176
40 180
40 183
40 184
40 186
40 187
40 188
40 189
40 191
40 193
40 194
40 200
41 1
41 11
41 19
41 23
41 30
41 32
41 38
41 45
41 56
41 58
41 69
41 73
41 74
41 78
41 81
41 96
41 103
41 104
41 107
41 108
41 116
41 118
41 124
41 126
41 136
41 137
41 141
41 142
41 145
41 147
41 154
41 155
41 156
41 162
41 164
41 173
41 174
41 177
41 180
41 181
41 185
42 10
42 15
42 29
42 30
42 32
42 36
42 39
42 41
42 44
42 47
42 49
42 51
42 55
42 66
42 69
42 71
42 88
42 91
42 94
42 97
42 99
42 105
42 107
42 117
42 118
42 124
42 125
42 129
42 131
42 135
42 137
42 144
42 147
42 152
42 154
42 155
42 163
42 167
42 177
42 188
42 192
42 195
42 196
43 2
43 9
43 13
43 19
43 20
43 21
43 22
43 29
43 32
43 34
43 37
43 46
43 53
43 54
43 62
43 66
43 69
43 70
43 74
43 76
43 78
43 81
43 84
43 98
43 99
43 106
43 110
43 112
43 117
43 119
43 121
43 138
43 157
43 159
43 162
43 168
43 169
43 183
43 186
43 190
43 196
44 7
44 20
44 21
44 22
44 31
44 33
44 35
44 38
44 46
44 48
44 53
44 56
44 67
44 69
44 80
44 81
44 86
44 88
44 89
44 90
44 92
44 98
44 100
44 107
44 108
44 110
44 114
44 116
44 117
44 121
44 122
44 124
44 125
44 126
44 128
44 132
44 134
44 135
44 136
44 137
44 142
44 147
44 148
44 150
44 153
44 159
44 162
44 163
44 165
44 169
44 170
44 171
44 174
44 175
44 179
44 188
44 189
44 190
44 192
44 195
44 196
45 6
45 7
45 13
45 15
45 18
45 19
45 21
45 24
45 27
45 28
45 29
45 33
45 35
45 36
45 40
45 46
45 48
45 59
45 66
45 72
45 74
45 78
45 79
45 84
45 89
45 92
45 95
45 99
45 102
45 103
45 106
45 111
45 113
45 114
45 115
45 118
45 122
45 123
45 129
45 143
45 151
45 152
45 162
45 171
45 183
45 184
45 189
45 192
46 5
46 12
46 19
46 20
46 30
46 31
46 34
46 37
46 41
46 43
46 50
46 52
46 54
46 60
46 61
46 66
46 67
46 68
46 69
46 73
46 75
46 78
46 82
46 83
46 87
46 89
46 90
46 91
46 97
46 108
46 118
46 119
46 120
46 121
46 125
46 129
46 131
46 134
46 135
46 138
46 142
46 143
46 145
46 147
46 149
46 150
46 159
46 162
46 164
46 165
46 173
46 174
46 178
46 179
46 180
46 186
46 189
46 194
46 199
46 200
47 3
47 7
47 12
47 41
47 49
47 50
47 56
47 57
47 58
47 67
47 68
47 71
47 73
47 77
47 78
47 82
47 83
47 87
47 89
47 96
47 100
47 102
47 110
47 111
47 120
47 122
47 123
47 127
47 131
47 132
47 143
47 146
47 154
47 156
47 157
47 159
47 160
47 161
47 162
47 168
47 169
47 170
47 172
47 175
47 180
47 183
47 186
47 188
47 195
48 2
48 4
48 5
48 13
48 19
48 23
48 34
48 37
48 39
48 43
48 51
48 52
48 53
48 59
48 62
48 68
48 71
48 72
48 74
48 75
48 76
48 83
48 84
48 94
48 96
48 97
48 98
48 101
48 104
48 108
48 110
48 111
48 118
48 124
48 126
48 128
48 129
48 142
48 144
48 145
48 150
48 159
48 160
48 162
48 163
48 164
48 165
48 167
48 174
48 179
48 180
48 187
48 191
48 198
49 7
49 12
49 14
49 16
49 19
49 21
49 24
49 31
49 32
49 34
49 37
49 51
49 58
49 63
49 68
49 74
49 76
49 91
49 94
49 95
49 96
49 97
49 104
49 108
49 113
49 114
49 117
49 120
49 123
49 130
49 132
49 137
49 150
49 152
49 154
49 161
49 163
49 173
49 184
49 189
49 192
49 194
50 4
50 5
50 10
50 22
50 24
50 25
50 26
50 27
50 30
50 31
50 32
50 34
50 36
50 43
50 64
50 70
50 79
50 89
50 92
50 93
50 95
50 97
50 101
50 102
50 103
50 108
50 109
50 115
50 117
50 118
50 121
50 122
50 127
50 129
50 132
50 140
50 143
50 147
50 157
50 158
50 160
50 161
50 164
50 176
50 180
50 187
50 190
50 192
50 199
50 200
51 2
51 15
51 25
51 34
51 42
51 45
51 49
51 52
51 55
51 61
51 66
51 67
51 70
51 74
51 75
51 77
51 83
51 85
51 86
51 91
51 92
51 98
51 99
51 104
51 107
51 109
51 120
51 123
51 124
51 125
51 126
51 138
51 145
51 160
51 165
51 170
51 185
51 188
51 190
51 193
51 196
51 198
51 199
52 4
52 6
52 8
52 10
52 14
52 16
52 23
52 27
52 34
52 35
52 37
52 39
52 43
52 44
52 48
52 51
52 56
52 58
52 63
52 65
52 66
52 67
52 74
52 75
52 79
52 82
52 85
52 86
52 88
52 89
52 92
52 93
52 95
52 99
52 102
52 108
52 114
52 118
52 119
52 123
52 124
52 125
52 129
52 130
52 131
52 136
52 140
52 143
52 152
52 161
52 163
52 165
52 167
52 172
52 174
52 179
52 183
52 187
52 190
52 192
52 193
52 194
52 197
52 199
53 1
53 7
53 10
53 12
53 18
53 19
53 21
53 25
53 26
53 30
53 31
53 35
53 36
53 38
53 43
53 45
53 46
53 56
53 64
53 76
53 80
53 87
53 88
53 102
53 106
53 108
53 121
53 130
53 131
53 137
53 139
53 149
53 162
53 169
53 176
53 177
53 186
53 191
53 196
54 1
54 4
54 11
54 18
54 30
54 31
54 39
54 48
54 49
54 50
54 57
54 60
54 61
54 71
54 73
54 76
54 77
54 79
54 81
54 84
54 86
54 90
54 92
54 93
54 96
54 97
54 100
54 114
54 117
54 128
54 130
54 136
54 141
54 147
54 153
54 160
54 166
54 169
54 170
54 173
54 175
54 176
54 183
54 187
54 188
54 193
54 194
54 198
54 200
55 1
55 4
55 7
55 11
55 19
55 27
55 29
55 33
55 37
55 39
55 45
55 46
55 48
55 49
55 63
55 66
55 69
55 72
55 77
55 81
55 83
55 86
55 92
55 93
55 94
55 101
55 104
55 105
55 106
55 110
55 113
55 114
55 118
55 119
55 121
55 125
55 129
55 130
55 133
55 134
55 136
55 138
55 139
55 141
55 145
55 146
55 147
55 149
55 150
55 152
55 153
55 160
55 167
55 174
55 184
55 190
55 194
55 195
55 198
55 199
56 3
56 4
56 7
56 11
56 12
56 13
56 16
56 18
56 25
56 28
56 32
56 33
56 38
56 39
56 54
56 60
56 63
56 65
56 66
56 69
56 71
56 72
56 73
56 76
56 83
56 84
56 89
56 97
56 98
56 100
56 102
56 109
56 111
56 114
56 138
56 143
56 145
56 146
56 162
56 164
56 167
56 172
56 175
56 179
56 180
56 184
56 190
56 191
56 199
57 3
57 5
57 9
57 10
57 16
57 27
57 29
57 32
57 36
57 40
57 45
57 47
57 59
57 65
57 67
57 68
57 71
57 78
57 80
57 82
57 84
57 92
57 94
57 95
57 101
57 102
57 109
57 123
57 124
57 129
57 134
57 137
57 138
57 148
57 151
57 158
57 159
57 167
57 173
57 180
57 185
58 4
58 8
58 13
58 16
58 18
58 20
58 21
58 23
58 30
58 31
58 33
58 35
58 37
58 39
58 49
58 51
58 54
58 57
58 61
58 62
58 66
58 70
58 72
58 74
58 78
58 79
58 85
58 98
58 101
58 104
58 105
58 108
58 113
58 124
58 128
58 130
58 132
58 134
58 135
58 146
58 156
58 163
58 168
58 177
58 181
58 182
58 187
58 194
58 195
58 196
58 199
58 200
59 4
59 5
59 6
59 9
59 10
59 13
59 16
59 24
59 27
59 29
59 33
59 35
59 36
59 37
59 38
59 49
59 53
59 55
59 56
59 69
59 70
59 74
59 75
59 76
59 80
59 81
59 82
59 95
59 96
59 97
59 98
59 103
59 109
59 110
59 111
59 113
59 124
59 127
59 128
59 129
59 133
59 141
59 144
59 147
59 160
59 171
59 178
59 182
59 184
59 189
59 195
59 197
59 198
59 199
60 5
60 7
60 15
60 23
60 30
60 34
60 37
60 40
60 42
60 45
60 51
60 56
60 59
60 66
60 67
60 71
60 78
60 82
60 83
60 84
60 86
60 87
60 89
60 101
60 103
60 104
60 109
60 110
60 113
60 118
60 121
60 133
60 139
60 141
60 150
60 151
60 153
60 154
60 163
60 166
60 169
60 172
60 183
60 185
60 199
61 3
61 10
61 13
61 19
61 20
61 21
61 25
61 31
61 38
61 41
61 42
61 43
61 44
61 45
61 49
61 51
61 52
61 54
61 64
61 68
61 70
61 74
61 82
61 84
61 91
61 92
61 96
61 101
61 103
61 106
61 107
61 108
61 114
61 120
61 123
61 130
61 131
61 136
61 137
61 142
61 143
61 145
61 152
61 158
61 163
61 166
61 169
61 174
61 179
61 186
61 193
61 197
61 198
61 200
62 8
62 10
62 12
62 14
62 20
62 32
62 35
62 37
62 41
62 42
62 43
62 45
62 52
62 55
62 64
62 70
62 71
62 77
62 78
62 85
62 88
62 90
62 92
62 94
62 101
62 104
62 115
62 117
62 126
62 130
62 132
62 133
62 136
62 138
62 145
62 149
62 151
62 153
62 155
62 157
62 160
62 164
62 166
62 168
62 172
62 188
62 193
62 195
62 197
62 198
63 2
63 4
63 5
63 11
63 20
63 23
63 33
63 43
63 44
63 46
63 48
63 51
63 52
63 59
63 62
63 66
63 68
63 77
63 83
63 85
63 104
63 110
63 112
63 117
63 119
63 120
63 133
63 137
63 142
63 143
63 153
63 155
63 165
63 166
63 169
63 172
63 174
63 179
63 186
63 188
63 197
64 10
64 18
64 19
64 29
64 35
64 41
64 46
64 48
64 49
64 58
64 60
64 61
64 63
64 66
64 68
64 77
64 82
64 84
64 86
64 87
64 92
64 100
64 103
64 104
64 107
64 113
64 120
64 130
64 132
64 134
64 135
64 139
64 140
64 142
64 153
64 154
64 155
64 161
64 164
64 173
64 176
64 178
64 184
64 185
64 186
64 187
64 195
64 196
64 197
65 11
65 16
65 22
65 26
65 29
65 31
65 32
65 33
65 35
65 41
65 46
65 52
65 54
65 55
65 56
65 64
65 72
65 74
65 75
65 81
65 82
65 92
65 101
65 102
65 106
65 108
65 110
65 114
65 117
65 128
65 129
65 138
65 139
65 140
65 143
65 144
65 147
65 151
65 152
65 155
65 161
65 162
65 169
65 174
65 178
65 179
65 184
65 186
65 189
65 190
65 192
65 199
66 2
66 3
66 6
66 12
66 16
66 25
66 32
66 36
66 38
66 39
66 42
66 43
66 45
66 46
66 49
66 51
66 55
66 60
66 68
66 70
66 74
66 77
66 79
66 82
66 85
66 87
66 101
66 104
66 105
66 112
66 113
66 138
66 148
66 157
66 161
66 165
66 171
66 176
66 185
66 187
66 196
66 200
67 3
67 5
67 7
67 16
67 20
67 24
67 25
67 29
67 35
67 36
67 37
67 47
67 53
67 57
67 66
67 73
67 82
67 85
67 86
67 88
67 90
67 91
67 96
67 98
67 99
67 101
67 108
67 110
67 118
67 119
67 122
67 127
67 132
67 135
67 139
67 141
67 144
67 153
67 156
67 162
67 163
67 167
67 170
67 177
67 188
67 192
67 194
67 198
68 3
68 5
68 7
68 8
68 21
68 26
68 27
68 31
68 35
68 40
68 44
68 48
68 50
68 52
68 53
68 56
68 59
68 60
68 64
68 74
68 79
68 80
68 86
68 87
68 101
68 103
68 110
68 115
68 122
68 127
68 130
68 132
68 136
68 137
68 138
68 139
68 140
68 142
68 143
68 149
68 163
68 164
68 165
68 168
68 170
68 180
68 188
68 189
68 191
68 192
68 195
68 196
68 199
68 200
69 9
69 12
69 19
69 20
69 25
69 26
69 27
69 32
69 35
69 38
69 39
69 42
69 46
69 49
69 52
69 61
69 63
69 64
69 67
69 68
69 71
69 72
69 74
69 90
69 109
69 110
69 123
69 124
69 129
69 131
69 133
69 144
69 146
69 153
69 154
69 156
69 158
69 161
69 163
69 171
69 172
69 175
69 178
69 182
69 183
69 189
69 191
69 197
69 198
70 3
70 4
70 10
70 11
70 12
70 13
70 26
70 32
70 34
70 36
70 43
70 45
70 46
70 59
70 60
70 61
70 64
70 67
70 75
70 78
70 85
70 88
70 90
70 93
70 95
70 99
70 102
70 103
70 108
70 112
70 114
70 115
70 118
70 119
70 120
70 127
70 129
70 131
70 146
70 147
70 148
70 153
70 154
70 164
70 166
70 167
70 171
70 172
70 173
70 179
70 180
70 181
70 183
70 185
70 186
70 188
70 190
70 192
70 194
70 196
70 199
71 1
71 5
71 6
71 7
71 8
71 17
71 18
71 30
71 31
71 36
71 37
71 39
71 41
71 43
71 44
71 49
71 57
71 58
71 59
71 61
71 64
71 74
71 84
71 91
71 96
71 97
71 108
71 113
71 119
71 121
71 127
71 130
71 133
71 136
71 138
71 140
71 141
71 145
71 146
71 149
71 151
71 152
71 153
71 154
71 155
71 156
71 157
71 159
71 165
71 174
71 175
71 179
71 188
71 197
71 199
71 200
72 2
72 6
72 12
72 14
72 19
72 22
72 29
72 30
72 34
72 41
72 45
72 51
72 59
72 60
72 61
72 68
72 70
72 71
72 78
72 84
72 87
72 93
72 94
72 95
72 109
72 110
72 115
72 116
72 117
72 119
72 132
72 135
72 137
72 147
72 155
72 157
72 158
72 161
72 165
72 167
72 172
72 179
72 181
72 185
72 189
72 190
72 195
72 196
73 1
73 6
73 7
73 21
73 22
73 25
73 27
73 28
73 38
73 39
73 40
73 44
73 45
73 81
73 87
73 102
73 104
73 106
73 118
73 121
73 122
73 135
73 144
73 148
73 149
73 156
73 160
73 161
73 163
73 164
73 168
73 169
73 171
73 180
73 184
73 187
73 189
73 191
73 192
73 193
73 198
73 200
74 6
74 8
74 10
74 14
74 20
74 23
74 33
74 36
74 49
74 54
74 56
74 66
74 70
74 73
74 75
74 77
74 79
74 80
74 83
74 84
74 88
74 98
74 99
74 101
74 103
74 104
74 105
74 118
74 122
74 140
74 141
74 143
74 146
74 147
74 158
74 160
74 164
74 168
74 171
74 172
74 173
74 175
74 176
74 177
74 180
74 183
74 186
74 188
74 189
74 190
74 195
74 198
75 2
75 7
75 8
75 11
75 13
75 19
75 20
75 27
75 29
75 35
75 40
75 42
75 49
75 54
75 62
75 66
75 70
75 71
75 77
75 93
75 94
75 97
75 100
75 103
75 104
75 108
75 113
75 114
75 122
75 125
75 126
75 130
75 132
75 133
75 148
75 163
75 166
75 171
75 173
75 175
75 177
75 182
75 185
75 186
75 191
75 195
75 197
75 198
75 200
76 4
76 7
76 9
76 13
76 21
76 28
76 29
76 50
76 58
76 59
76 62
76 66
76 73
76 95
76 97
76 101
76 105
76 108
76 109
76 111
76 121
76 130
76 132
76 134
76 137
76 139
76 144
76 146
76 153
76 154
76 157
76 158
76 160
76 182
76 184
76 186
76 191
77 2
77 5
77 6
77 10
77 13
77 23
77 24
77 31
77 35
77 38
77 42
77 44
77 49
77 65
77 67
77 68
77 70
77 71
77 73
77 75
77 80
77 83
77 91
77 93
77 99
77 105
77 106
77 108
77 115
77 117
77 122
77 123
77 134
77 135
77 137
77 138
77 147
77 152
77 153
77 155
77 157
77 160
77 161
77 162
77 165
77 166
77 175
77 185
77 188
77 190
77 196
78 3
78 5
78 11
78 18
78 19
78 20
78 24
78 28
78 33
78 37
78 38
78 41
78 44
78 46
78 49
78 50
78 67
78 71
78 77
78 80
78 81
78 83
78 91
78 96
78 99
78 100
78 105
78 108
78 116
78 121
78 127
78 130
78 131
78 136
78 139
78 148
78 161
78 166
78 169
78 171
78 173
78 176
78 179
78 180
78 182
78 185
78 188
78 192
78 195
78 199
78 200
79 6
79 8
79 12
79 14
79 24
79 25
79 33
79 39
79 40
79 48
79 53
79 68
79 70
79 72
79 80
79 89
79 90
79 92
79 96
79 98
79 100
79 103
79 105
79 110
79 119
79 123
79 125
79 126
79 137
79 138
79 143
79 144
79 145
79 149
79 151
79 152
79 157
79 161
79 167
79 169
79 171
79 173
79 175
79 178
79 183
79 189
79 195
79 198
80 1
80 9
80 13
80 14
80 19
80 21
80 28
80 29
80 32
80 34
80 39
80 55
80 57
80 59
80 60
80 65
80 66
80 71
80 75
80 77
80 78
80 81
80 82
80 83
80 85
80 92
80 93
80 95
80 97
80 98
80 101
80 105
80 117
80 123
80 125
80 126
80 127
80 148
80 149
80 151
80 155
80 161
80 162
80 168
80 175
80 176
80 177
80 181
80 184
80 191
80 193
80 195
80 197
80 198
81 11
81 19
81 22
81 35
81 37
81 38
81 41
81 43
81 49
81 56
81 57
81 60
81 61
81 64
81 69
81 98
81 101
81 106
81 116
81 119
81 124
81 125
81 127
81 128
81 129
81 132
81 133
81 134
81 139
81 146
81 150
81 158
81 159
81 162
81 182
81 184
81 186
81 189
81 190
81 192
81 196
81 200
82 1
82 4
82 7
82 13
82 19
82 25
82 26
82 27
82 35
82 36
82 37
82 49
82 51
82 53
82 58
82 59
82 61
82 62
82 63
82 64
82 66
82 70
82 77
82 79
82 88
82 89
82 90
82 95
82 102
82 104
82 106
82 109
82 113
82 125
82 135
82 144
82 149
82 162
82 165
82 174
82 179
82 189
82 199
83 1
83 2
83 4
83 12
83 13
83 15
83 17
83 20
83 23
83 27
83 35
83 36
83 38
83 39
83 47
83 50
83 66
83 67
83 68
83 75
83 79
83 84
83 94
83 104
83 110
83 111
83 113
83 121
83 123
83 125
83 126
83 129
83 134
83 139
83 148
83 152
83 154
83 156
83 159
83 162
83 169
83 170
83 176
83 177
83 178
83 180
83 181
83 182
83 186
83 197
83 198
83 200
84 3
84 5
84 11
84 12
84 18
84 21
84 25
84 31
84 33
84 35
84 36
84 53
84 63
84 64
84 66
84 67
84 68
84 69
84 70
84 72
84 78
84 81
84 82
84 85
84 90
84 95
84 97
84 100
84 102
84 106
84 107
84 111
84 114
84 115
84 116
84 121
84 123
84 128
84 131
84 134
84 136
84 140
84 142
84 146
84 157
84 159
84 165
84 172
84 175
84 176
84 178
84 182
84 186
84 191
85 1
85 3
85 4
85 8
85 9
85 15
85 18
85 22
85 34
85 35
85 36
85 40
85 43
85 44
85 46
85 49
85 60
85 62
85 64
85 74
85 75
85 78
85 80
85 89
85 93
85 95
85 96
85 99
85 101
85 105
85 113
85 120
85 126
85 130
85 131
85 134
85 138
85 139
85 143
85 158
85 160
85 162
85 168
85 174
85 175
85 177
85 180
85 182
85 191
85 196
86 2
86 5
86 6
86 11
86 16
86 19
86 23
86 26
86 27
86 34
86 38
86 41
86 47
86 51
86 60
86 63
86 64
86 67
86 72
86 79
86 83
86 85
86 90
86 91
86 93
86 106
86 110
86 117
86 131
86 139
86 140
86 141
86 144
86 150
86 153
86 156
86 159
86 160
86 163
86 165
86 171
86 175
86 182
86 189
86 193
87 3
87 11
87 12
87 14
87 18
87 23
87 28
87 34
87 35
87 37
87 39
87 43
87 54
87 57
87 65
87 73
87 79
87 82
87 88
87 96
87 98
87 106
87 113
87 114
87 115
87 117
87 126
87 127
87 128
87 129
87 132
87 134
87 139
87 143
87 144
87 156
87 158
87 160
87 163
87 167
87 169
87 174
87 177
87 178
87 179
87 181
87 187
87 188
87 193
87 195
87 198
88 6
88 7
88 12
88 17
88 20
88 25
88 26
88 27
88 34
88 38
88 39
88 46
88 49
88 56
88 61
88 62
88 65
88 72
88 76
88 80
88 81
88 86
88 89
88 96
88 97
88 100
88 102
88 105
88 110
88 111
88 112
88 114
88 115
88 116
88 122
88 134
88 137
88 138
88 139
88 144
88 147
88 148
88 149
88 151
88 152
88 155
88 159
88 161
88 162
88 169
88 170
88 173
88 177
88 178
88 180
88 181
88 183
88 190
88 197
88 199
89 6
89 7
89 10
89 12
89 16
89 17
89 18
89 22
89 25
89 35
89 37
89 46
89 47
89 48
89 51
89 55
89 60
89 61
89 69
89 71
89 76
89 79
89 80
89 87
89 92
89 95
89 100
89 110
89 114
89 115
89 116
89 118
89 124
89 125
89 126
89 128
89 136
89 141
89 148
89 163
89 171
89 174
89 177
89 179
89 183
89 185
89 189
89 195
89 196
90 1
90 2
90 3
90 11
90 14
90 19
90 23
90 25
90 26
90 43
90 44
90 45
90 47
90 52
90 56
90 62
90 66
90 67
90 72
90 73
90 79
90 87
90 96
90 103
90 116
90 119
90 120
90 122
90 124
90 126
90 128
90 135
90 139
90 149
90 151
90 153
90 154
90 157
90 161
90 163
90 164
90 170
90 172
90 191
90 194
90 197
90 199
91 1
91 3
91 13
91 14
91 15
91 18
91 20
91 28
91 31
91 34
91 41
91 57
91 62
91 63
91 69
91 72
91 74
91 76
91 82
91 85
91 88
91 89
91 92
91 98
91 99
91 101
91 102
91 106
91 110
91 113
91 118
91 122
91 123
91 127
91 140
91 146
91 152
91 153
91 155
91 164
91 165
91 167
91 169
91 174
91 177
91 182
91 184
91 187
91 198
92 6
92 7
92 11
92 21
92 23
92 27
92 30
92 34
92 39
92 45
92 51
92 58
92 70
92 71
92 73
92 74
92 83
92 88
92 89
92 99
92 101
92 104
92 105
92 108
92 109
92 119
92 127
92 129
92 132
92 137
92 140
92 147
92 148
92 152
92 153
92 168
92 169
92 171
92 172
92 173
92 174
92 176
92 178
92 181
92 191
93 5
93 15
93 19
93 26
93 28
93 30
93 36
93 37
93 39
93 43
93 45
93 47
93 49
93 54
93 57
93 58
93 61
93 63
93 68
93 70
93 77
93 88
93 90
93 95
93 96
93 97
93 99
93 101
93 102
93 107
93 109
93 114
93 119
93 121
93 123
93 130
93 132
93 146
93 151
93 157
93 158
93 162
93 166
93 170
93 178
93 179
93 180
93 181
93 185
93 189
93 193
93 197
93 198
93 200
94 1
94 5
94 7
94 20
94 21
94 23
94 29
94 33
94 34
94 35
94 40
94 45
94 46
94 49
94 64
94 67
94 85
94 92
94 93
94 95
94 101
94 113
94 118
94 120
94 121
94 122
94 132
94 137
94 148
94 150
94 162
94 163
94 179
94 180
94 182
94 183
94 196
94 198
94 199
95 4
95 6
95 17
95 19
95 25
95 30
95 32
95 39
95 40
95 42
95 43
95 44
95 63
95 64
95 68
95 69
95 72
95 78
95 79
95 80
95 82
95 84
95 86
95 98
95 105
95 112
95 119
95 126
95 132
95 134
95 143
95 146
95 147
95 150
95 152
95 153
95 157
95 161
95 162
95 165
95 166
95 167
95 172
95 177
95 181
95 189
95 191
95 192
95 196
95 200
96 1
96 8
96 12
96 13
96 14
96 25
96 34
96 35
96 46
96 55
96 56
96 63
96 64
96 65
96 72
96 73
96 75
96 76
96 78
96 82
96 88
96 89
96 94
96 101
96 102
96 103
96 105
96 107
96 109
96 111
96 116
96 118
96 119
96 121
96 122
96 123
96 124
96 126
96 129
96 130
96 138
96 139
96 142
96 143
96 146
96 148
96 150
96 153
96 160
96 164
96 165
96 182
97 3
97 7
97 14
97 18
97 19
97 33
97 36
97 41
97 42
97 50
97 54
97 58
97 61
97 65
97 66
97 71
97 72
97 89
97 90
97 100
97 101
97 102
97 119
97 120
97 125
97 128
97 129
97 135
97 136
97 139
97 142
97 143
97 155
97 156
97 157
97 166
97 173
97 182
97 185
97 188
97 189
97 190
97 191
97 195
97 198
98 7
98 14
98 22
98 26
98 27
98 36
98 47
98 49
98 54
98 59
98 67
98 72
98 74
98 77
98 78
98 84
98 87
98 89
98 95
98 101
98 102
98 109
98 112
98 117
98 122
98 123
98 127
98 131
98 138
98 140
98 141
98 142
98 144
98 146
98 150
98 153
98 172
98 176
98 178
98 187
98 197
99 4
99 5
99 7
99 12
99 14
99 18
99 19
99 21
99 22
99 25
99 32
99 35
99 41
99 76
99 78
99 89
99 98
99 113
99 114
99 115
99 117
99 121
99 124
99 134
99 136
99 141
99 142
99 145
99 147
99 154
99 160
99 164
99 170
99 176
99 181
99 185
99 188
99 192
99 193
99 194
99 200
100 2
100 3
100 10
100 11
100 12
100 13
100 17
100 22
100 25
100 26
100 28
100 31
100 37
100 47
100 51
100 63
100 65
100 66
100 73
100 78
100 83
100 84
100 99
100 105
100 113
100 115
100 116
100 120
100 123
100 137
100 138
100 139
100 140
100 154
100 155
100 157
100 167
100 175
100 178
100 179
100 181
100 183
100 187
100 190
100 192
100 194
100 199
101 1
101 5
101 13
101 16
101 17
101 21
101 24
101 27
101 29
101 36
101 37
101 41
101 45
101 48
101 52
101 58
101 63
101 70
101 74
101 90
101 100
101 104
101 108
101 113
101 115
101 121
101 124
101 127
101 130
101 138
101 141
101 146
101 152
101 154
101 158
101 160
101 162
101 165
101 166
101 167
101 171
101 175
101 177
101 184
101 191
101 198
102 3
102 9
102 10
102 12
102 16
102 22
102 27
102 34
102 41
102 45
102 58
102 59
102 62
102 63
102 67
102 71
102 78
102 80
102 82
102 85
102 88
102 89
102 90
102 95
102 101
102 103
102 107
102 110
102 112
102 113
102 114
102 115
102 118
102 124
102 127
102 129
102 134
102 137
102 144
102 150
102 155
102 156
102 159
102 161
102 163
102 165
102 170
102 171
102 172
102 179
102 180
102 182
102 192
102 194
102 196
102 198
102 200
103 3
103 5
103 7
103 8
103 16
103 26
103 28
103 30
103 31
103 33
103 34
103 35
103 41
103 43
103 45
103 53
103 60
103 63
103 68
103 69
103 75
103 85
103 86
103 90
103 91
103 97
103 99
103 101
103 102
103 118
103 127
103 131
103 132
103 133
103 135
103 136
103 138
103 145
103 148
103 157
103 159
103 160
103 161
103 173
103 177
103 178
103 193
103 198
104 11
104 24
104 27
104 32
104 34
104 35
104 36
104 37
104 39
104 45
104 46
104 47
104 50
104 53
104 56
104 59
104 60
104 63
104 71
104 72
104 78
104 79
104 80
104 81
104 85
104 87
104 91
104 94
104 96
104 99
104 105
104 107
104 112
104 115
104 118
104 122
104 123
104 127
104 137
104 142
104 143
104 146
104 149
104 159
104 162
104 166
104 169
104 170
104 172
104 176
104 178
104 181
104 185
104 191
104 194
104 196
105 1
105 7
105 12
105 13
105 15
105 16
105 18
105 25
105 29
105 34
105 37
105 45
105 59
105 60
105 61
105 67
105 71
105 76
105 81
105 87
105 89
105 93
105 106
105 114
105 117
105 123
105 139
105 145
105 146
105 147
105 152
105 170
105 174
105 177
105 185
105 187
105 191
105 192
106 3
106 5
106 23
106 24
106 31
106 36
106 39
106 52
106 53
106 57
106 69
106 71
106 72
106 75
106 79
106 82
106 85
106 91
106 98
106 104
106 105
106 107
106 109
106 110
106 114
106 115
106 123
106 124
106 126
106 130
106 133
106 138
106 139
106 140
106 141
106 144
106 154
106 155
106 157
106 164
106 166
106 169
106 172
106 173
106 181
106 186
106 193
107 11
107 12
107 14
107 15
107 24
107 31
107 32
107 33
107 40
107 41
107 43
107 47
107 53
107 72
107 75
107 76
107 78
107 93
107 96
107 97
107 101
107 102
107 111
107 113
107 117
107 119
107 120
107 121
107 130
107 135
107 137
107 138
107 150
107 154
107 162
107 163
107 172
107 173
107 175
107 179
107 186
107 188
107 190
107 192
107 196
107 197
108 4
108 11
108 13
108 21
108 26
108 29
108 32
108 33
108 37
108 40
108 45
108 46
108 47
108 48
108 55
108 62
108 68
108 71
108 72
108 76
108 77
108 78
108 84
108 89
108 91
108 96
108 97
108 98
108 106
108 116
108 117
108 118
108 121
108 122
108 134
108 136
108 142
108 145
108 147
108 148
108 151
108 159
108 160
108 161
108 168
108 170
108 177
108 179
108 180
108 182
108 184
108 190
108 194
108 197
108 200
109 6
109 9
109 10
109 23
109 31
109 36
109 44
109 46
109 47
109 49
109 50
109 51
109 56
109 63
109 65
109 68
109 69
109 72
109 73
109 81
109 89
109 92
109 98
109 110
109 112
109 122
109 130
109 140
109 143
109 147
109 148
109 149
109 157
109 161
109 164
109 179
109 184
109 188
109 193
109 194
109 195
109 197
110 2
110 4
110 8
110 12
110 18
110 19
110 22
110 23
110 24
110 25
110 26
110 27
110 28
110 29
110 30
110 34
110 39
110 44
110 57
110 58
110 60
110 64
110 70
110 73
110 74
110 77
110 79
110 84
110 86
110 91
110 94
110 100
110 111
110 114
110 124
110 132
110 136
110 137
110 144
110 147
110 149
110 155
110 157
110 159
110 165
110 174
110 177
110 187
110 191
110 192
110 194
111 2
111 10
111 11
111 22
111 27
111 28
111 32
111 33
111 37
111 41
111 45
111 56
111 63
111 68
111 71
111 75
111 85
111 86
111 91
111 94
111 101
111 104
111 106
111 109
111 115
111 117
111 120
111 122
111 125
111 127
111 136
111 140
111 145
111 148
111 154
111 155
111 156
111 158
111 163
111 165
111 166
111 177
111 182
111 183
111 186
111 198
111 200
112 3
112 10
112 11
112 19
112 21
112 26
112 30
112 38
112 41
112 42
112 44
112 46
112 49
112 58
112 59
112 65
112 67
112 73
112 87
112 94
112 107
112 116
112 122
112 126
112 131
112 143
112 146
112 152
112 153
112 161
112 170
112 183
112 186
112 188
112 189
112 191
112 192
112 194
112 197
113 1
113 2
113 4
113 7
113 9
113 11
113 14
113 18
113 23
113 27
113 29
113 39
113 40
113 42
113 44
113 46
113 47
113 48
113 60
113 62
113 71
113 81
113 87
113 89
113 94
113 97
113 104
113 105
113 111
113 112
113 118
113 120
113 122
113 126
113 127
113 128
113 139
113 142
113 149
113 153
113 154
113 163
113 166
113 169
113 173
113 175
113 178
113 183
113 184
113 188
113 190
113 194
113 196
113 198
114 6
114 7
114 9
114 15
114 18
114 30
114 31
114 37
114 39
114 40
114 41
114 43
114 45
114 47
114 51
114 53
114 55
114 57
114 69
114 70
114 71
114 74
114 76
114 78
114 79
114 85
114 87
114 94
114 96
114 100
114 110
114 117
114 118
114 123
114 124
114 126
114 127
114 129
114 137
114 142
114 152
114 158
114 159
114 169
114 170
114 173
114 176
114 184
114 185
114 187
114 188
114 192
114 193
114 200
115 2
115 3
115 5
115 7
115 9
115 25
115 29
115 32
115 37
115 38
115 44
115 63
115 64
115 75
115 77
115 79
115 80
115 81
115 82
115 85
115 87
115 88
115 89
115 91
115 92
115 96
115 103
115 121
115 127
115 129
115 130
115 136
115 140
115 148
115 149
115 155
115 156
115 158
115 159
115 165
115 170
115 174
115 181
115 182
115 185
115 196
115 199
115 200
116 4
116 9
116 10
116 13
116 14
116 16
116 24
116 30
116 31
116 33
116 34
116 39
116 42
116 45
116 46
116 50
116 54
116 57
116 60
116 61
116 62
116 64
116 67
116 69
116 75
116 80
116 82
116 95
116 103
116 104
116 111
116 115
116 121
116 122
116 125
116 126
116 134
116 143
116 149
116 151
116 156
116 160
116 161
116 163
116 164
116 169
116 170
116 175
116 178
116 181
116 182
116 184
116 187
116 189
116 200
117 6
117 12
117 13
117 18
117 22
117 25
117 29
117 37
117 39
117 44
117 47
117 53
117 57
117 63
117 66
117 69
117 73
117 86
117 94
117 97
117 102
117 103
117 104
117 107
117 108
117 109
117 110
117 115
117 116
117 119
117 120
117 121
117 122
117 128
117 129
117 132
117 139
117 160
117 167
117 170
117 171
117 172
117 177
117 178
117 185
117 187
117 194
117 196
118 3
118 4
118 7
118 10
118 12
118 13
118 19
118 21
118 26
118 27
118 28
118 38
118 40
118 41
118 48
118 52
118 56
118 59
118 70
118 77
118 86
118 88
118 96
118 101
118 116
118 119
118 120
118 126
118 128
118 130
118 132
118 133
118 135
118 140
118 141
118 148
118 152
118 156
118 159
118 164
118 165
118 166
118 168
118 169
118 174
118 184
118 186
118 187
118 189
118 198
118 200
119 3
119 5
119 6
119 8
119 10
119 23
119 29
119 40
119 41
119 43
119 55
119 57
119 60
119 61
119 63
119 73
119 81
119 83
119 85
119 86
119 88
119 90
119 93
119 94
119 98
119 111
119 115
119 125
119 128
119 129
119 140
119 141
119 146
119 148
119 149
119 152
119 156
119 163
119 164
119 165
119 167
119 168
119 170
119 174
119 179
119 182
119 184
119 186
119 189
119 191
120 10
120 12
120 15
120 21
120 24
120 27
120 29
120 30
120 32
120 34
120 36
120 37
120 42
120 44
120 45
120 49
120 51
120 53
120 55
120 63
120 66
120 68
120 70
120 78
120 80
120 81
120 96
120 97
120 101
120 104
120 106
120 107
120 117
120 121
120 122
120 130
120 132
120 135
120 136
120 138
120 147
120 150
120 156
120 160
120 162
120 163
120 165
120 177
120 178
120 181
120 184
120 185
120 190
120 192
120 194
120 195
121 4
121 8
121 9
121 11
121 14
121 17
121 19
121 22
121 24
121 26
121 28
121 40
121 49
121 54
121 57
121 63
121 67
121 68
121 69
121 70
121 72
121 73
121 76
121 82
121 83
121 90
121 93
121 96
121 97
121 98
121 105
121 110
121 112
121 120
121 124
121 125
121 132
121 136
121 140
121 143
121 150
121 159
121 161
121 163
121 166
121 181
121 185
121 186
121 190
121 193
121 194
121 200
122 1
122 5
122 10
122 16
122 19
122 25
122 26
122 29
122 34
122 35
122 43
122 45
122 52
122 56
122 64
122 71
122 74
122 75
122 76
122 80
122 83
122 86
122 87
122 88
122 96
122 100
122 108
122 118
122 133
122 137
122 141
122 145
122 146
122 148
122 156
122 157
122 162
122 164
122 165
122 166
122 167
122 173
122 174
122 176
122 185
122 188
122 189
122 196
122 198
122 199
122 200
123 1
123 3
123 8
123 9
123 14
123 15
123 16
123 18
123 22
123 27
123 28
123 41
123 49
123 60
123 61
123 62
123 64
123 66
123 67
123 70
123 71
123 74
123 77
123 78
123 80
123 84
123 85
123 87
123 90
123 91
123 94
123 99
123 100
123 118
123 119
123 121
123 126
123 127
123 129
123 130
123 134
123 136
123 145
123 149
123 156
123 163
123 170
123 171
123 182
123 183
123 187
123 188
123 197
124 3
124 4
124 5
124 10
124 11
124 20
124 25
124 32
124 33
124 38
124 41
124 46
124 50
124 57
124 60
124 78
124 79
124 80
124 83
124 84
124 89
124 104
124 108
124 112
124 114
124 118
124 123
124 125
124 140
124 152
124 158
124 162
124 167
124 168
124 170
124 173
124 174
124 187
124 198
125 1
125 7
125 21
125 22
125 25
125 30
125 32
125 38
125 46
125 47
125 48
125 49
125 50
125 51
125 56
125 59
125 64
125 67
125 72
125 75
125 77
125 83
125 88
125 91
125 98
125 112
125 123
125 124
125 127
125 136
125 143
125 156
125 162
125 163
125 166
125 167
125 176
125 177
125 184
125 185
125 190
125 193
125 198
125 199
126 1
126 3
126 13
126 17
126 21
126 22
126 23
126 26
126 27
126 33
126 34
126 35
126 39
126 41
126 43
126 45
126 50
126 52
126 53
126 59
126 61
126 65
126 68
126 69
126 73
126 75
126 77
126 78
126 82
126 87
126 91
126 92
126 101
126 108
126 113
126 119
126 124
126 125
126 130
126 139
126 142
126 146
126 147
126 148
126 153
126 155
126 158
126 159
126 162
126 165
126 169
126 178
126 187
126 194
127 14
127 15
127 18
127 19
127 26
127 28
127 30
127 31
127 35
127 37
127 39
127 42
127 46
127 49
127 52
127 61
127 63
127 65
127 67
127 70
127 71
127 72
127 77
127 78
127 79
127 81
127 84
127 85
127 91
127 92
127 94
127 98
127 110
127 113
127 115
127 118
127 119
127 120
127 121
127 124
127 130
127 131
127 133
127 136
127 138
127 149
127 150
127 153
127 155
127 157
127 162
127 168
127 172
127 175
127 176
127 177
127 179
127 188
127 192
127 194
128 1
128 2
128 3
128 4
128 6
128 8
128 19
128 21
128 28
128 30
128 33
128 42
128 46
128 56
128 60
128 63
128 65
128 66
128 74
128 80
128 82
128 94
128 95
128 103
128 107
128 110
128 115
128 117
128 118
128 129
128 130
128 141
128 143
128 145
128 155
128 157
128 158
128 163
128 170
128 178
128 181
128 183
128 184
128 194
128 198
129 5
129 6
129 11
129 12
129 15
129 17
129 23
129 28
129 33
129 40
129 41
129 44
129 46
129 47
129 49
129 50
129 51
129 58
129 59
129 63
129 66
129 67
129 72
129 73
129 80
129 82
129 83
129 87
129 91
129 93
129 106
129 109
129 111
129 117
129 123
129 124
129 133
129 138
129 139
129 142
129 146
129 148
129 149
129 153
129 169
129 171
129 176
129 178
129 180
129 181
129 185
129 191
129 192
129 196
129 197
129 199
130 1
130 9
130 11
130 12
130 17
130 19
130 20
130 23
130 25
130 29
130 30
130 32
130 35
130 39
130 40
130 42
130 44
130 46
130 51
130 54
130 56
130 62
130 66
130 74
130 82
130 85
130 86
130 87
130 90
130 93
130 94
130 96
130 98
130 100
130 102
130 111
130 112
130 113
130 115
130 118
130 124
130 128
130 132
130 134
130 135
130 138
130 139
130 151
130 154
130 166
130 169
130 171
130 173
130 176
130 192
130 194
130 196
130 197
131 6
131 12
131 17
131 22
131 28
131 35
131 36
131 43
131 51
131 59
131 61
131 67
131 76
131 81
131 86
131 87
131 91
131 92
131 100
131 101
131 110
131 114
131 115
131 119
131 121
131 125
131 126
131 127
131 128
131 132
131 139
131 140
131 143
131 144
131 155
131 156
131 159
131 160
131 161
131 166
131 171
131 177
131 181
131 186
131 190
131 192
131 197
131 200
132 3
132 4
132 13
132 21
132 30
132 34
132 37
132 41
132 42
132 63
132 64
132 65
132 66
132 71
132 79
132 83
132 88
132 91
132 93
132 94
132 96
132 97
132 98
132 101
132 103
132 105
132 108
132 110
132 111
132 124
132 125
132 127
132 128
132 130
132 131
132 133
132 136
132 149
132 150
132 152
132 153
132 160
132 168
132 171
132 173
132 176
132 185
132 186
132 189
132 190
132 191
132 192
133 1
133 3
133 5
133 7
133 8
133 13
133 14
133 15
133 28
133 29
133 30
133 31
133 34
133 35
133 46
133 49
133 50
133 51
133 55
133 56
133 61
133 64
133 69
133 71
133 116
133 122
133 124
133 132
133 134
133 136
133 138
133 139
133 145
133 146
133 153
133 156
133 157
133 165
133 168
133 169
133 173
133 184
133 185
133 195
133 199
134 1
134 2
134 8
134 10
134 15
134 22
134 24
134 39
134 42
134 45
134 66
134 68
134 73
134 75
134 86
134 91
134 97
134 99
134 100
134 101
134 107
134 108
134 113
134 117
134 131
134 140
134 148
134 150
134 151
134 154
134 156
134 157
134 159
134 166
134 169
134 173
134 181
134 185
134 186
134 190
134 192
134 194
134 195
135 4
135 5
135 7
135 8
135 14
135 24
135 27
135 28
135 33
135 36
135 37
135 39
135 40
135 47
135 48
135 49
135 54
135 64
135 65
135 74
135 80
135 85
135 87
135 90
135 93
135 94
135 102
135 108
135 109
135 112
135 115
135 117
135 118
135 122
135 123
135 125
135 126
135 128
135 130
135 136
135 141
135 143
135 152
135 154
135 155
135 157
135 166
135 167
135 172
135 173
135 187
135 193
135 199
136 1
136 7
136 8
136 13
136 18
136 20
136 25
136 29
136 35
136 44
136 46
136 59
136 62
136 63
136 70
136 75
136 80
136 83
136 90
136 98
136 100
136 115
136 116
136 123
136 127
136 128
136 129
136 130
136 131
136 137
136 157
136 159
136 165
136 166
136 177
136 190
136 193
136 194
136 197
137 1
137 6
137 7
137 19
137 31
137 35
137 37
137 41
137 42
137 44
137 46
137 47
137 50
137 55
137 62
137 72
137 74
137 85
137 88
137 91
137 98
137 102
137 106
137 107
137 112
137 115
137 116
137 122
137 126
137 129
137 131
137 143
137 145
137 149
137 153
137 154
137 162
137 167
137 180
137 184
137 188
137 189
137 194
138 4
138 7
138 11
138 15
138 25
138 27
138 30
138 34
138 40
138 42
138 43
138 47
138 48
138 50
138 51
138 52
138 53
138 55
138 58
138 60
138 68
138 72
138 76
138 77
138 80
138 82
138 83
138 84
138 86
138 93
138 94
138 96
138 102
138 104
138 109
138 111
138 113
138 114
138 116
138 117
138 119
138 123
138 126
138 127
138 128
138 133
138 134
138 136
138 137
138 143
138 148
138 154
138 169
138 170
138 174
138 182
138 197
139 1
139 3
139 6
139 8
139 21
139 22
139 23
139 26
139 29
139 33
139 34
139 37
139 39
139 40
139 43
139 45
139 49
139 60
139 61
139 62
139 63
139 65
139 75
139 79
139 87
139 94
139 97
139 107
139 108
139 133
139 136
139 145
139 149
139 150
139 153
139 160
139 161
139 162
139 163
139 164
139 166
139 175
139 177
139 180
139 185
139 186
139 195
140 4
140 5
140 11
140 14
140 15
140 18
140 19
140 20
140 28
140 30
140 33
140 35
140 46
140 47
140 48
140 51
140 53
140 58
140 66
140 69
140 75
140 78
140 79
140 81
140 114
140 121
140 122
140 124
140 128
140 131
140 138
140 139
140 144
140 145
140 146
140 149
140 150
140 151
140 152
140 153
140 164
140 165
140 173
140 179
140 184
140 187
140 189
140 196
141 3
141 6
141 7
141 10
141 15
141 21
141 26
141 37
141 40
141 42
141 43
141 55
141 56
141 60
141 64
141 66
141 74
141 75
141 77
141 78
141 79
141 80
141 88
141 99
141 101
141 108
141 110
141 113
141 115
141 116
141 123
141 135
141 137
141 139
141 144
141 148
141 151
141 153
141 158
141 163
141 168
141 170
141 171
141 176
141 177
141 179
141 181
141 193
141 197
142 1
142 16
142 32
142 42
142 44
142 50
142 52
142 53
142 54
142 56
142 59
142 61
142 62
142 64
142 65
142 72
142 76
142 77
142 82
142 86
142 88
142 90
142 91
142 92
142 95
142 96
142 98
142 100
142 105
142 106
142 117
142 121
142 129
142 132
142 135
142 137
142 138
142 145
142 147
142 149
142 150
142 153
142 159
142 164
142 168
142 169
142 170
142 172
142 175
142 178
142 183
142 184
142 186
142 193
142 195
142 197
143 16
143 17
143 22
143 26
143 34
143 35
143 37
143 41
143 43
143 45
143 47
143 49
143 52
143 57
143 59
143 70
143 71
143 72
143 76
143 84
143 85
143 89
143 91
143 97
143 98
143 99
143 100
143 103
143 111
143 114
143 121
143 125
143 142
143 155
143 161
143 163
143 167
143 170
143 175
143 181
143 182
143 184
143 185
143 186
143 187
143 191
144 2
144 5
144 6
144 11
144 28
144 35
144 36
144 38
144 39
144 41
144 46
144 51
144 52
144 56
144 68
144 69
144 75
144 76
144 78
144 84
144 87
144 88
144 94
144 107
144 114
144 115
144 119
144 126
144 127
144 130
144 134
144 135
144 137
144 142
144 149
144 150
144 154
144 162
144 164
144 166
144 168
144 170
144 173
144 177
144 191
144 192
144 193
144 198
144 200
145 1
145 7
145 8
145 9
145 15
145 26
145 29
145 31
145 33
145 43
145 44
145 45
145 47
145 48
145 49
145 56
145 66
145 67
145 71
145 73
145 86
145 88
145 94
145 96
145 97
145 98
145 100
145 102
145 113
145 115
145 116
145 118
145 124
145 125
145 127
145 131
145 137
145 142
145 144
145 148
145 149
145 158
145 162
145 163
145 165
145 168
145 169
145 170
145 172
145 183
145 190
145 191
145 192
145 198
146 10
146 13
146 14
146 26
146 28
146 36
146 38
146 45
146 63
146 68
146 71
146 81
146 84
146 100
146 113
146 123
146 131
146 132
146 134
146 135
146 144
146 147
146 151
146 152
146 153
146 154
146 156
146 160
146 163
146 167
146 168
146 169
146 170
146 171
146 187
146 189
146 191
146 192
146 196
146 197
147 2
147 3
147 13
147 15
147 17
147 18
147 19
147 20
147 22
147 32
147 39
147 44
147 46
147 50
147 51
147 52
147 54
147 55
147 56
147 64
147 65
147 72
147 77
147 91
147 101
147 102
147 104
147 106
147 107
147 109
147 111
147 113
147 117
147 118
147 131
147 132
147 142
147 143
147 145
147 150
147 158
147 162
147 168
147 171
147 176
147 181
147 182
147 185
147 186
147 194
147 197
148 4
148 5
148 8
148 9
148 19
148 26
148 29
148 36
148 38
148 41
148 46
148 50
148 51
148 54
148 58
148 59
148 60
148 62
148 74
148 78
148 79
148 82
148 87
148 91
148 92
148 93
148 94
148 95
148 103
148 105
148 115
148 120
148 134
148 135
148 139
148 141
148 142
148 146
148 147
148 149
148 153
148 163
148 168
148 175
148 177
148 179
148 180
148 181
148 187
148 188
148 189
148 194
148 198
149 8
149 9
149 23
149 24
149 25
149 26
149 31
149 32
149 33
149 41
149 45
149 46
149 53
149 55
149 56
149 58
149 60
149 62
149 64
149 66
149 69
149 73
149 79
149 83
149 85
149 98
149 99
149 102
149 103
149 108
149 116
149 117
149 119
149 120
149 122
149 125
149 130
149 141
149 146
149 150
149 155
149 157
149 164
149 165
149 168
149 170
149 174
149 178
149 180
149 182
149 183
149 195
150 2
150 7
150 10
150 13
150 14
150 25
150 29
150 32
150 33
150 34
150 37
150 41
150 43
150 47
150 49
150 52
150 53
150 54
150 58
150 60
150 61
150 63
150 64
150 67
150 74
150 75
150 76
150 77
150 79
150 87
150 88
150 89
150 91
150 99
150 102
150 118
150 119
150 137
150 140
150 143
150 146
150 147
150 153
150 157
150 159
150 161
150 164
150 165
150 168
151 1
151 2
151 4
151 5
151 8
151 9
151 12
151 19
151 23
151 26
151 31
151 32
151 36
151 39
151 43
151 51
151 54
151 57
151 62
151 64
151 68
151 78
151 80
151 87
151 92
151 114
151 120
151 121
151 127
151 128
151 135
151 142
151 143
151 145
151 147
151 152
151 156
151 159
151 163
151 164
151 167
151 170
151 176
151 179
151 180
151 181
151 184
151 188
151 196
151 198
151 200
152 1
152 3
152 6
152 8
152 16
152 23
152 24
152 28
152 47
152 49
152 50
152 52
152 53
152 54
152 61
152 65
152 67
152 72
152 75
152 77
152 78
152 79
152 84
152 86
152 93
152 96
152 97
152 98
152 107
152 111
152 112
152 116
152 119
152 127
152 130
152 133
152 141
152 147
152 154
152 157
152 160
152 170
152 173
152 181
152 184
152 185
152 186
152 200
153 5
153 9
153 15
153 19
153 21
153 22
153 25
153 29
153 33
153 34
153 39
153 45
153 53
153 56
153 60
153 69
153 70
153 71
153 78
153 81
153 89
153 91
153 93
153 95
153 99
153 101
153 109
153 111
153 118
153 120
153 121
153 130
153 132
153 134
153 139
153 157
153 159
153 160
153 161
153 164
153 166
153 167
153 168
153 169
153 170
153 174
153 175
153 177
153 179
153 185
153 188
154 2
154 3
154 4
154 5
154 6
154 15
154 20
154 23
154 26
154 28
154 33
154 38
154 50
154 53
154 56
154 63
154 69
154 75
154 77
154 82
154 89
154 90
154 92
154 94
154 98
154 102
154 103
154 104
154 108
154 113
154 119
154 120
154 126
154 128
154 129
154 131
154 133
154 137
154 143
154 144
154 145
154 147
154 148
154 155
154 156
154 161
154 165
154 166
154 167
154 170
154 175
154 176
154 189
154 191
154 192
154 193
154 195
154 196
154 199
155 2
155 3
155 11
155 12
155 21
155 22
155 23
155 26
155 47
155 48
155 52
155 63
155 74
155 76
155 82
155 87
155 88
155 91
155 94
155 100
155 101
155 103
155 114
155 117
155 151
155 158
155 160
155 172
155 175
155 176
155 188
155 200
156 3
156 4
156 9
156 10
156 13
156 20
156 22
156 35
156 37
156 38
156 44
156 46
156 55
156 58
156 59
156 72
156 88
156 89
156 92
156 93
156 97
156 102
156 104
156 105
156 113
156 117
156 118
156 132
156 136
156 137
156 138
156 139
156 141
156 148
156 149
156 150
156 157
156 158
156 164
156 167
156 180
156 182
156 194
156 198
156 200
157 7
157 19
157 21
157 24
157 27
157 40
157 41
157 44
157 46
157 50
157 52
157 55
157 56
157 57
157 66
157 67
157 68
157 81
157 86
157 90
157 93
157 95
157 114
157 121
157 124
157 127
157 131
157 135
157 136
157 143
157 149
157 152
157 161
157 162
157 165
157 167
157 180
157 182
157 185
157 188
157 193
157 194
157 196
157 198
158 6
158 8
158 9
158 34
158 37
158 39
158 40
158 44
158 45
158 46
158 47
158 54
158 71
158 72
158 74
158 82
158 84
158 91
158 106
158 109
158 113
158 120
158 127
158 129
158 130
158 143
158 144
158 148
158 149
158 152
158 153
158 155
158 156
158 159
158 160
158 161
158 162
158 165
158 166
158 171
158 176
158 180
158 182
158 183
158 186
159 3
159 11
159 16
159 17
159 22
159 27
159 31
159 34
159 40
159 45
159 46
159 50
159 51
159 58
159 60
159 65
159 67
159 78
159 80
159 93
159 97
159 101
159 102
159 103
159 115
159 116
159 117
159 122
159 123
159 126
159 127
159 132
159 135
159 138
159 146
159 147
159 154
159 161
159 165
159 170
159 175
159 181
159 183
159 184
159 188
159 191
159 195
159 196
159 197
159 199
159 200
160 1
160 7
160 8
160 19
160 20
160 22
160 26
160 28
160 37
160 45
160 46
160 49
160 51
160 54
160 67
160 77
160 78
160 84
160 86
160 88
160 91
160 94
160 95
160 96
160 98
160 104
160 110
160 112
160 115
160 118
160 119
160 125
160 127
160 129
160 139
160 141
160 142
160 162
160 163
160 170
160 177
160 180
160 182
160 199
160 200
161 1
161 21
161 23
161 24
161 28
161 29
161 37
161 43
161 45
161 53
161 55
161 60
161 65
161 69
161 76
161 84
161 88
161 89
161 99
161 100
161 104
161 106
161 107
161 109
161 110
161 111
161 117
161 126
161 131
161 132
161 135
161 141
161 145
161 148
161 156
161 158
161 159
161 163
161 171
161 174
161 175
161 179
161 185
161 188
161 189
161 199
162 2
162 9
162 12
162 14
162 27
162 29
162 37
162 38
162 39
162 41
162 50
162 52
162 75
162 88
162 99
162 101
162 103
162 111
162 114
162 118
162 119
162 126
162 128
162 129
162 132
162 136
162 156
162 157
162 158
162 160
162 163
162 164
162 165
162 169
162 170
162 173
162 174
162 175
162 180
162 181
162 183
162 192
162 197
162 200
163 2
163 7
163 16
163 19
163 24
163 46
163 47
163 51
163 53
163 56
163 57
163 58
163 59
163 62
163 64
163 68
163 69
163 71
163 79
163 84
163 88
163 91
163 98
163 102
163 108
163 110
163 113
163 118
163 121
163 122
163 123
163 128
163 137
163 138
163 140
163 143
163 145
163 154
163 156
163 161
163 167
163 175
163 178
163 189
163 198
164 3
164 6
164 9
164 15
164 21
164 22
164 23
164 32
164 35
164 38
164 42
164 46
164 52
164 62
164 66
164 68
164 69
164 70
164 71
164 74
164 82
164 83
164 84
164 85
164 87
164 89
164 93
164 101
164 103
164 104
164 107
164 118
164 121
164 122
164 131
164 136
164 142
164 155
164 163
164 165
164 166
164 178
164 180
164 182
164 184
164 186
164 189
164 192
164 197
165 5
165 9
165 10
165 11
165 12
165 13
165 22
165 24
165 28
165 29
165 34
165 38
165 51
165 55
165 61
165 66
165 68
165 72
165 74
165 77
165 80
165 84
165 89
165 93
165 94
165 96
165 98
165 100
165 101
165 102
165 104
165 105
165 106
165 115
165 117
165 121
165 122
165 123
165 125
165 134
165 139
165 150
165 151
165 169
165 170
165 174
165 176
165 177
165 179
165 182
165 186
165 187
165 188
165 190
165 192
165 196
166 4
166 6
166 7
166 9
166 12
166 17
166 22
166 23
166 28
166 30
166 31
166 32
166 41
166 48
166 54
166 56
166 64
166 66
166 69
166 77
166 81
166 82
166 84
166 90
166 94
166 96
166 98
166 111
166 115
166 120
166 121
166 127
166 128
166 133
166 134
166 135
166 136
166 137
166 138
166 140
166 145
166 148
166 154
166 162
166 169
166 177
166 179
166 180
166 181
166 186
166 189
166 191
166 196
166 199
167 4
167 13
167 14
167 16
167 22
167 36
167 45
167 46
167 49
167 54
167 56
167 58
167 67
167 71
167 72
167 82
167 87
167 89
167 90
167 103
167 122
167 126
167 147
167 152
167 153
167 158
167 160
167 163
167 166
167 174
167 176
167 180
167 182
167 186
167 197
168 1
168 5
168 9
168 10
168 13
168 15
168 16
168 22
168 27
168 29
168 32
168 38
168 41
168 43
168 52
168 58
168 59
168 61
168 70
168 74
168 79
168 84
168 85
168 89
168 90
168 100
168 102
168 104
168 105
168 106
168 110
168 125
168 126
168 127
168 129
168 130
168 135
168 140
168 143
168 147
168 162
168 177
168 182
168 184
168 190
168 195
168 196
169 2
169 9
169 10
169 12
169 15
169 16
169 21
169 31
169 39
169 40
169 41
169 48
169 51
169 55
169 66
169 68
169 69
169 71
169 72
169 78
169 79
169 80
169 89
169 90
169 91
169 95
169 97
169 104
169 119
169 121
169 124
169 133
169 135
169 142
169 144
169 145
169 153
169 158
169 160
169 165
169 167
169 168
169 174
169 177
169 181
169 185
169 189
169 192
169 195
170 3
170 6
170 22
170 26
170 28
170 33
170 35
170 36
170 39
170 44
170 45
170 48
170 56
170 57
170 58
170 60
170 61
170 77
170 81
170 88
170 97
170 98
170 104
170 108
170 109
170 115
170 117
170 119
170 120
170 123
170 126
170 128
170 132
170 137
170 146
170 155
170 164
170 174
170 176
170 180
170 183
170 184
170 186
170 187
170 191
170 193
170 194
170 195
171 2
171 7
171 9
171 10
171 14
171 17
171 19
171 20
171 22
171 24
171 27
171 29
171 31
171 37
171 39
171 45
171 56
171 57
171 61
171 62
171 66
171 67
171 72
171 75
171 76
171 77
171 81
171 84
171 95
171 98
171 99
171 101
171 103
171 113
171 114
171 118
171 128
171 133
171 134
171 137
171 148
171 151
171 152
171 164
171 166
171 169
171 178
171 186
171 195
172 1
172 3
172 5
172 9
172 11
172 12
172 14
172 15
172 17
172 19
172 23
172 24
172 27
172 36
172 37
172 41
172 45
172 51
172 62
172 68
172 71
172 76
172 77
172 83
172 84
172 90
172 94
172 103
172 108
172 109
172 113
172 115
172 118
172 119
172 121
172 129
172 133
172 136
172 141
172 142
172 152
172 163
172 167
172 173
172 183
172 185
172 196
172 198
173 3
173 8
173 19
173 20
173 22
173 28
173 38
173 41
173 42
173 43
173 48
173 49
173 52
173 55
173 56
173 61
173 68
173 73
173 74
173 87
173 88
173 92
173 97
173 107
173 111
173 112
173 120
173 121
173 130
173 131
173 135
173 142
173 145
173 146
173 174
173 175
173 177
173 181
173 189
173 193
174 3
174 5
174 8
174 11
174 16
174 22
174 24
174 25
174 26
174 27
174 29
174 35
174 36
174 41
174 42
174 52
174 57
174 60
174 61
174 63
174 64
174 67
174 71
174 77
174 79
174 81
174 82
174 83
174 84
174 89
174 90
174 91
174 108
174 109
174 110
174 111
174 112
174 114
174 115
174 117
174 124
174 125
174 130
174 131
174 132
174 136
174 140
174 149
174 150
174 154
174 162
174 175
174 180
174 182
174 185
174 186
174 188
174 190
174 191
174 193
174 194
174 195
175 3
175 4
175 8
175 12
175 22
175 24
175 25
175 26
175 34
175 36
175 38
175 41
175 43
175 44
175 47
175 50
175 52
175 54
175 56
175 62
175 63
175 67
175 68
175 71
175 78
175 84
175 88
175 96
175 100
175 103
175 105
175 106
175 109
175 111
175 112
175 117
175 121
175 126
175 130
175 134
175 137
175 139
175 141
175 143
175 149
175 155
175 159
175 171
175 173
175 182
175 183
175 188
175 189
175 200
176 3
176 6
176 8
176 16
176 23
176 24
176 32
176 35
176 36
176 44
176 45
176 47
176 48
176 49
176 68
176 71
176 72
176 76
176 80
176 82
176 83
176 88
176 94
176 96
176 99
176 110
176 114
176 117
176 121
176 130
176 131
176 135
176 138
176 142
176 145
176 151
176 152
176 154
176 163
176 169
176 173
176 175
176 182
176 183
176 184
176 186
176 187
176 193
176 195
176 198
177 6
177 7
177 8
177 9
177 15
177 19
177 20
177 21
177 23
177 31
177 36
177 43
177 46
177 54
177 56
177 59
177 61
177 66
177 67
177 71
177 78
177 79
177 80
177 87
177 96
177 105
177 106
177 108
177 111
177 112
177 124
177 128
177 129
177 142
177 144
177 146
177 148
177 154
177 156
177 159
177 166
177 185
177 186
177 193
177 196
177 200
178 2
178 5
178 6
178 10
178 12
178 15
178 16
178 19
178 22
178 32
178 33
178 35
178 40
178 48
178 52
178 58
178 62
178 71
178 72
178 76
178 81
178 85
178 86
178 87
178 90
178 97
178 99
178 100
178 101
178 103
178 107
178 110
178 111
178 113
178 119
178 121
178 124
178 125
178 128
178 131
178 132
178 133
178 135
178 137
178 138
178 141
178 143
178 144
178 146
178 156
178 158
178 159
178 160
178 164
178 180
178 182
178 193
178 197
178 198
178 200
179 6
179 9
179 11
179 12
179 13
179 14
179 15
179 16
179 17
179 21
179 23
179 26
179 27
179 29
179 31
179 32
179 34
179 37
179 39
179 43
179 45
179 48
179 59
179 60
179 61
179 63
179 64
179 67
179 69
179 83
179 86
179 90
179 94
179 98
179 104
179 105
179 106
179 107
179 113
179 116
179 121
179 127
179 130
179 131
179 132
179 135
179 145
179 149
179 155
179 162
179 163
179 164
179 169
179 175
179 184
179 185
179 189
179 195
179 196
179 197
180 9
180 13
180 17
180 23
180 24
180 27
180 35
180 39
180 40
180 54
180 63
180 64
180 65
180 67
180 68
180 75
180 76
180 78
180 80
180 81
180 83
180 85
180 91
180 92
180 95
180 99
180 102
180 108
180 116
180 119
180 120
180 123
180 133
180 138
180 140
180 147
180 165
180 177
180 182
180 183
180 193
180 195
180 198
181 3
181 12
181 13
181 21
181 25
181 27
181 29
181 33
181 34
181 37
181 41
181 42
181 43
181 44
181 48
181 50
181 51
181 61
181 63
181 73
181 80
181 82
181 89
181 100
181 105
181 106
181 116
181 117
181 126
181 127
181 128
181 129
181 132
181 133
181 134
181 135
181 138
181 142
181 143
181 145
181 148
181 149
181 152
181 153
181 159
181 160
181 162
181 166
181 174
181 182
181 184
181 185
181 186
181 188
181 192
181 193
181 194
181 200
182 3
182 8
182 13
182 14
182 18
182 24
182 25
182 28
182 29
182 35
182 36
182 38
182 39
182 44
182 45
182 52
182 53
182 59
182 67
182 71
182 75
182 77
182 78
182 84
182 86
182 87
182 88
182 93
182 104
182 109
182 111
182 118
182 123
182 125
182 139
182 145
182 147
182 149
182 153
182 174
182 177
182 183
182 185
183 2
183 4
183 9
183 10
183 14
183 15
183 17
183 20
183 23
183 27
183 35
183 40
183 42
183 43
183 53
183 68
183 69
183 70
183 73
183 74
183 77
183 89
183 95
183 97
183 104
183 105
183 114
183 115
183 116
183 119
183 128
183 130
183 136
183 137
183 142
183 147
183 151
183 157
183 159
183 161
183 173
183 174
183 177
183 187
183 191
183 193
183 195
183 198
183 199
184 2
184 8
184 12
184 14
184 16
184 18
184 21
184 39
184 42
184 44
184 45
184 49
184 50
184 51
184 52
184 63
184 65
184 67
184 75
184 83
184 85
184 93
184 94
184 96
184 97
184 99
184 103
184 110
184 111
184 112
184 117
184 118
184 119
184 124
184 127
184 129
184 132
184 136
184 137
184 143
184 147
184 152
184 154
184 156
184 157
184 159
184 160
184 162
184 164
184 165
184 168
184 170
184 171
184 175
184 181
184 185
184 189
184 190
184 194
184 198
185 1
185 9
185 10
185 11
185 14
185 16
185 18
185 19
185 23
185 29
185 31
185 40
185 42
185 50
185 58
185 62
185 63
185 65
185 66
185 68
185 72
185 78
185 81
185 86
185 87
185 94
185 95
185 108
185 111
185 112
185 113
185 114
185 122
185 123
185 126
185 127
185 128
185 136
185 140
185 149
185 150
185 154
185 156
185 158
185 168
185 173
185 177
185 178
185 181
185 189
185 193
185 197
185 198
185 199
185 200
186 2
186 4
186 7
186 11
186 13
186 18
186 19
186 23
186 26
186 29
186 31
186 37
186 44
186 46
186 47
186 52
186 53
186 54
186 57
186 58
186 65
186 74
186 76
186 79
186 85
186 91
186 100
186 104
186 107
186 110
186 113
186 119
186 120
186 124
186 125
186 127
186 128
186 129
186 131
186 137
186 138
186 142
186 143
186 151
186 160
186 162
186 167
186 174
186 177
186 189
186 190
187 2
187 16
187 17
187 18
187 19
187 21
187 22
187 36
187 41
187 46
187 47
187 48
187 56
187 59
187 60
187 62
187 65
187 69
187 74
187 76
187 77
187 83
187 84
187 85
187 92
187 95
187 103
187 109
187 110
187 111
187 116
187 117
187 123
187 124
187 127
187 130
187 131
187 135
187 140
187 143
187 152
187 154
187 155
187 157
187 158
187 162
187 163
187 164
187 170
187 178
187 188
187 189
187 194
188 2
188 6
188 19
188 20
188 32
188 35
188 36
188 40
188 46
188 47
188 48
188 49
188 59
188 63
188 64
188 69
188 71
188 72
188 73
188 75
188 76
188 81
188 88
188 92
188 94
188 95
188 97
188 99
188 101
188 103
188 109
188 116
188 120
188 123
188 129
188 131
188 137
188 139
188 142
188 148
188 149
188 154
188 155
188 167
188 169
188 170
188 175
188 179
188 181
188 183
188 186
188 187
188 193
188 199
188 200
189 9
189 12
189 15
189 16
189 17
189 21
189 25
189 30
189 32
189 37
189 40
189 41
189 44
189 51
189 53
189 64
189 69
189 70
189 71
189 75
189 77
189 84
189 92
189 98
189 99
189 104
189 105
189 108
189 113
189 125
189 131
189 132
189 134
189 136
189 139
189 141
189 142
189 147
189 151
189 164
189 169
189 172
189 173
189 176
189 182
189 186
189 187
189 194
190 1
190 5
190 6
190 8
190 10
190 11
190 14
190 15
190 19
190 20
190 23
190 24
190 29
190 31
190 33
190 38
190 40
190 43
190 48
190 53
190 56
190 64
190 65
190 69
190 72
190 78
190 84
190 86
190 90
190 91
190 93
190 95
190 102
190 103
190 112
190 116
190 121
190 123
190 130
190 131
190 133
190 135
190 137
190 139
190 140
190 141
190 143
190 144
190 150
190 154
190 160
190 167
190 168
190 175
190 180
190 184
190 189
191 1
191 5
191 9
191 12
191 14
191 15
191 19
191 24
191 26
191 32
191 34
191 40
191 42
191 48
191 50
191 52
191 53
191 55
191 58
191 59
191 68
191 74
191 103
191 110
191 117
191 129
191 131
191 132
191 139
191 140
191 150
191 154
191 160
191 162
191 164
191 167
191 170
191 171
191 174
191 179
191 182
191 187
191 189
191 193
191 197
191 200
192 2
192 4
192 16
192 17
192 24
192 26
192 28
192 31
192 32
192 36
192 45
192 46
192 47
192 48
192 51
192 70
192 74
192 82
192 83
192 88
192 90
192 92
192 94
192 95
192 100
192 104
192 108
192 115
192 118
192 119
192 120
192 127
192 133
192 138
192 139
192 149
192 154
192 160
192 175
192 176
192 180
192 182
192 183
192 185
192 188
192 193
192 194
192 197
193 1
193 3
193 5
193 7
193 9
193 18
193 28
193 31
193 34
193 37
193 38
193 43
193 45
193 46
193 52
193 54
193 59
193 62
193 63
193 72
193 77
193 84
193 85
193 90
193 91
193 93
193 94
193 96
193 98
193 102
193 105
193 107
193 109
193 113
193 114
193 115
193 123
193 127
193 128
193 146
193 147
193 155
193 157
193 158
193 159
193 164
193 167
193 168
193 171
193 177
193 178
193 182
193 185
193 186
193 187
194 1
194 2
194 4
194 6
194 7
194 13
194 14
194 19
194 28
194 35
194 39
194 42
194 44
194 46
194 48
194 49
194 52
194 66
194 67
194 73
194 76
194 87
194 99
194 101
194 102
194 106
194 110
194 113
194 121
194 122
194 128
194 138
194 141
194 145
194 147
194 150
194 153
194 155
194 169
194 171
194 181
194 186
194 187
194 198
194 199
195 2
195 7
195 16
195 25
195 27
195 31
195 38
195 39
195 42
195 43
195 47
195 48
195 49
195 52
195 53
195 54
195 60
195 62
195 66
195 72
195 80
195 84
195 88
195 91
195 94
195 97
195 98
195 108
195 111
195 113
195 117
195 118
195 120
195 124
195 125
195 129
195 132
195 138
195 144
195 158
195 160
195 163
195 165
195 166
195 168
195 170
195 172
195 175
195 179
195 180
195 183
195 192
196 1
196 8
196 11
196 23
196 25
196 43
196 44
196 46
196 49
196 51
196 52
196 61
196 68
196 81
196 90
196 97
196 99
196 101
196 105
196 107
196 108
196 112
196 114
196 115
196 117
196 119
196 121
196 124
196 126
196 139
196 140
196 148
196 150
196 157
196 159
196 163
196 167
196 168
196 170
196 171
196 172
196 178
196 182
196 183
196 197
197 1
197 6
197 10
197 11
197 13
197 14
197 15
197 16
197 17
197 21
197 24
197 26
197 30
197 37
197 43
197 44
197 55
197 58
197 59
197 62
197 65
197 68
197 69
197 72
197 78
197 80
197 82
197 84
197 86
197 87
197 92
197 94
197 100
197 106
197 110
197 130
197 135
197 136
197 146
197 150
197 156
197 159
197 162
197 165
197 167
197 172
197 175
197 177
197 180
197 188
197 192
197 194
198 20
198 24
198 26
198 32
198 34
198 35
198 50
198 59
198 64
198 65
198 69
198 80
198 81
198 86
198 89
198 93
198 94
198 100
198 103
198 106
198 107
198 111
198 117
198 119
198 122
198 124
198 130
198 140
198 142
198 144
198 147
198 149
198 150
198 151
198 153
198 160
198 166
198 171
198 174
198 182
198 183
198 185
198 189
198 192
198 194
199 3
199 4
199 7
199 8
199 9
199 11
199 16
199 17
199 19
199 27
199 32
199 35
199 40
199 48
199 56
199 58
199 60
199 62
199 65
199 74
199 77
199 79
199 82
199 84
199 87
199 90
199 92
199 97
199 98
199 100
199 104
199 107
199 110
199 113
199 114
199 120
199 124
199 132
199 133
199 136
199 150
199 157
199 160
199 161
199 165
199 171
199 172
199 177
199 178
199 180
199 184
199 185
199 190
200 10
200 11
200 16
200 26
200 34
200 36
200 38
200 46
200 50
200 51
200 55
200 57
200 61
200 62
200 64
200 67
200 68
200 71
200 72
200 75
200 80
200 83
200 90
200 103
200 104
200 105
200 106
200 108
200 111
200 116
200 123
200 131
200 137
200 145
200 148
200 149
200 155
200 165
200 167
200 169
200 176
200 179
200 185
200 188
200 190
200 191
200 193
200 195
200 196
