20
143
2 1
3 1
3 2
4 2
4 3
5 1
5 2
5 3
6 1
6 2
6 3
6 4
6 5
7 1
7 3
7 4
7 5
7 6
8 1
8 2
8 3
8 5
8 6
8 7
9 1
9 2
9 4
9 5
9 6
9 8
10 1
10 2
10 3
10 4
10 5
10 6
10 7
10 8
10 9
11 1
11 4
11 5
11 6
11 7
11 8
11 10
12 2
12 3
12 4
12 6
12 7
12 8
12 9
12 10
12 11
13 1
13 2
13 4
13 5
13 6
13 8
13 9
13 10
13 11
13 12
14 6
14 7
14 8
14 9
14 12
14 13
15 1
15 2
15 4
15 5
15 6
15 8
15 9
15 10
15 12
15 13
15 14
16 1
16 2
16 3
16 4
16 5
16 6
16 7
16 8
16 9
16 10
16 11
16 12
16 13
16 14
17 1
17 2
17 3
17 5
17 7
17 11
17 12
17 13
17 16
18 1
18 2
18 4
18 5
18 6
18 7
18 8
18 9
18 10
18 11
18 12
18 13
18 14
19 2
19 4
19 5
19 6
19 8
19 9
19 13
19 14
19 15
19 16
19 17
20 2
20 4
20 5
20 6
20 7
20 8
20 10
20 11
20 13
20 14
20 15
20 16
20 17
20 18
