240
7268
2 1
4 1
4 2
6 4
10 1
10 3
10 4
10 5
11 2
11 5
11 6
11 10
12 5
12 6
12 8
13 2
13 8
13 10
14 3
14 5
14 8
14 9
14 10
14 11
14 12
14 13
15 1
15 7
15 14
16 1
16 7
16 8
16 9
16 13
16 14
16 15
17 4
17 7
17 14
18 7
18 10
18 15
18 16
19 2
19 3
19 10
19 11
19 12
19 14
20 4
20 11
20 12
20 17
21 6
21 8
21 9
21 10
21 11
21 19
22 3
22 8
22 10
22 14
22 17
22 18
23 1
23 2
23 6
23 15
23 20
23 21
24 6
24 10
24 11
24 23
25 1
25 6
25 8
25 11
25 17
25 20
26 2
26 5
26 6
26 11
26 12
26 14
26 17
26 22
27 1
27 16
27 21
27 24
28 4
28 26
29 2
29 4
29 8
29 16
30 7
30 15
30 26
31 5
31 8
31 12
31 17
31 28
32 2
32 16
32 21
32 26
32 29
33 13
33 15
33 16
33 21
33 24
33 25
33 26
33 32
34 1
34 6
34 19
34 20
34 22
34 28
34 30
35 4
35 5
35 6
35 11
35 15
35 27
35 28
35 30
36 1
36 6
36 12
36 14
36 20
36 22
36 30
36 33
37 2
37 4
37 9
37 10
37 17
37 21
37 30
37 34
37 35
37 36
38 2
38 7
38 9
38 12
38 14
38 17
38 24
38 27
38 32
38 33
39 4
39 12
39 14
39 16
39 19
39 20
39 24
39 27
39 28
39 34
39 36
40 13
40 18
40 25
40 26
40 30
40 32
40 33
40 36
40 39
41 1
41 3
41 4
41 7
41 8
41 9
41 16
41 18
41 20
41 24
41 26
41 36
41 40
42 8
42 10
42 11
42 12
42 28
42 36
43 10
43 15
43 20
43 21
43 30
43 35
43 36
43 39
43 40
44 8
44 14
44 18
44 22
44 23
44 27
44 32
44 33
44 35
44 39
44 40
44 43
45 1
45 5
45 8
45 9
45 12
45 13
45 18
45 22
45 23
45 25
45 28
45 34
45 35
45 40
45 42
46 1
46 4
46 10
46 16
46 20
46 24
46 26
46 31
46 33
46 37
46 40
46 45
47 4
47 5
47 9
47 10
47 14
47 22
47 26
47 32
47 40
48 2
48 6
48 9
48 11
48 17
48 18
48 22
48 24
48 26
48 28
48 29
48 30
48 31
48 32
48 33
48 34
48 35
48 45
48 46
49 11
49 17
49 19
49 22
49 25
49 29
49 31
49 43
49 46
50 3
50 7
50 14
50 18
50 22
50 24
50 25
50 32
50 34
50 38
50 40
51 1
51 2
51 4
51 8
51 13
51 14
51 17
51 20
51 23
51 26
51 32
51 37
51 40
51 43
51 46
51 48
52 5
52 12
52 13
52 17
52 20
52 21
52 24
52 26
52 33
52 39
52 40
52 41
52 45
52 49
53 4
53 6
53 7
53 8
53 14
53 15
53 17
53 18
53 20
53 22
53 23
53 27
53 29
53 30
53 35
53 38
53 42
53 51
54 1
54 3
54 4
54 6
54 12
54 14
54 23
54 24
54 28
54 32
54 40
54 48
54 49
55 16
55 18
55 19
55 26
55 27
55 33
55 35
55 38
55 51
55 52
55 53
55 54
56 4
56 6
56 8
56 11
56 16
56 28
56 34
56 37
56 39
56 40
56 41
56 49
56 51
56 54
57 7
57 8
57 11
57 24
57 32
57 34
57 36
57 43
57 46
57 47
57 48
57 49
57 50
57 52
57 53
57 54
57 56
58 3
58 5
58 15
58 16
58 18
58 19
58 20
58 23
58 24
58 28
58 37
58 38
58 40
58 43
58 47
58 50
59 1
59 4
59 6
59 24
59 33
59 38
59 39
59 43
59 50
59 51
59 54
59 55
59 56
60 1
60 15
60 17
60 21
60 22
60 23
60 25
60 26
60 31
60 37
60 40
60 47
60 49
60 57
61 1
61 5
61 9
61 11
61 14
61 15
61 17
61 23
61 27
61 30
61 34
61 38
61 39
61 51
61 52
61 58
61 59
61 60
62 5
62 8
62 9
62 13
62 17
62 18
62 19
62 20
62 21
62 28
62 29
62 36
62 38
62 39
62 42
62 44
62 46
62 47
62 50
62 52
62 53
62 57
63 2
63 6
63 13
63 14
63 21
63 23
63 27
63 30
63 31
63 34
63 38
63 40
63 47
63 52
63 53
63 57
63 61
63 62
64 1
64 6
64 8
64 10
64 14
64 18
64 22
64 24
64 25
64 27
64 33
64 34
64 35
64 36
64 37
64 38
64 46
64 52
64 54
64 57
64 59
64 60
65 7
65 10
65 11
65 23
65 25
65 28
65 29
65 32
65 33
65 38
65 43
65 50
65 51
65 55
65 56
65 57
65 58
65 59
66 6
66 10
66 18
66 20
66 21
66 25
66 28
66 30
66 37
66 42
66 43
66 47
66 60
67 3
67 4
67 6
67 8
67 9
67 12
67 15
67 19
67 21
67 44
67 45
67 50
67 55
67 56
67 58
67 60
68 1
68 8
68 12
68 15
68 18
68 19
68 21
68 24
68 26
68 27
68 30
68 32
68 34
68 39
68 51
68 53
68 55
68 60
68 67
69 2
69 4
69 6
69 9
69 14
69 32
69 37
69 39
69 44
69 47
69 51
69 52
69 53
69 55
69 56
69 59
69 63
69 64
70 7
70 9
70 12
70 31
70 34
70 41
70 44
70 53
70 57
70 59
70 60
70 65
70 66
71 3
71 8
71 10
71 12
71 21
71 26
71 30
71 34
71 41
71 42
71 47
71 50
71 51
71 53
71 56
71 61
71 64
71 66
71 70
72 4
72 5
72 8
72 9
72 17
72 19
72 21
72 22
72 26
72 36
72 47
72 51
72 56
72 57
72 59
72 61
72 65
72 66
72 68
73 5
73 9
73 19
73 31
73 35
73 43
73 47
73 50
73 57
73 58
73 62
73 68
74 1
74 2
74 4
74 8
74 9
74 10
74 11
74 13
74 17
74 20
74 21
74 24
74 25
74 26
74 29
74 33
74 45
74 46
74 48
74 53
74 61
74 67
74 69
75 4
75 11
75 13
75 15
75 18
75 20
75 22
75 31
75 32
75 36
75 37
75 42
75 45
75 47
75 48
75 63
75 64
75 65
75 69
75 74
76 1
76 2
76 7
76 21
76 35
76 37
76 45
76 48
76 49
76 51
76 52
76 56
76 59
76 60
76 69
76 73
77 1
77 5
77 6
77 7
77 14
77 27
77 34
77 35
77 41
77 49
77 50
77 51
77 54
77 56
77 60
77 65
77 67
78 3
78 4
78 19
78 21
78 22
78 24
78 26
78 30
78 33
78 34
78 36
78 37
78 41
78 42
78 47
78 48
78 53
78 62
78 64
78 66
78 70
78 75
78 77
79 5
79 7
79 8
79 9
79 10
79 15
79 19
79 20
79 28
79 31
79 32
79 49
79 50
79 58
79 59
79 61
79 63
79 64
79 69
79 75
79 78
80 1
80 3
80 5
80 7
80 8
80 10
80 11
80 22
80 26
80 29
80 31
80 37
80 38
80 48
80 50
80 52
80 56
80 59
80 62
80 72
81 1
81 2
81 8
81 10
81 13
81 19
81 20
81 23
81 32
81 37
81 40
81 47
81 56
81 58
81 61
81 62
81 66
82 6
82 7
82 9
82 11
82 14
82 17
82 18
82 20
82 21
82 28
82 30
82 37
82 38
82 43
82 44
82 45
82 48
82 59
82 73
82 80
83 3
83 5
83 14
83 24
83 27
83 30
83 32
83 39
83 45
83 48
83 52
83 60
83 61
83 67
83 70
83 72
83 73
83 75
83 76
83 77
83 80
84 2
84 6
84 10
84 22
84 24
84 29
84 39
84 46
84 47
84 51
84 53
84 55
84 63
84 65
84 67
84 68
84 76
84 78
84 81
85 1
85 2
85 8
85 10
85 12
85 14
85 17
85 19
85 20
85 22
85 24
85 31
85 37
85 42
85 46
85 49
85 55
85 57
85 59
85 66
85 70
85 71
85 77
85 78
85 79
85 80
85 81
85 82
86 5
86 6
86 12
86 22
86 32
86 34
86 36
86 39
86 42
86 43
86 45
86 47
86 51
86 55
86 61
86 73
86 74
86 78
86 79
86 81
87 4
87 5
87 9
87 19
87 23
87 24
87 26
87 28
87 30
87 37
87 40
87 46
87 47
87 50
87 52
87 56
87 62
87 74
87 84
88 3
88 4
88 12
88 18
88 21
88 22
88 31
88 33
88 45
88 47
88 50
88 54
88 55
88 58
88 66
88 67
88 68
88 75
88 79
88 82
89 5
89 8
89 9
89 19
89 20
89 21
89 25
89 27
89 33
89 34
89 39
89 45
89 50
89 51
89 53
89 54
89 59
89 70
89 71
89 74
89 77
89 82
89 88
90 4
90 5
90 7
90 18
90 23
90 30
90 38
90 39
90 53
90 58
90 61
90 62
90 69
90 70
90 72
90 74
90 77
90 81
91 2
91 7
91 8
91 11
91 16
91 20
91 21
91 22
91 23
91 24
91 27
91 30
91 38
91 39
91 40
91 54
91 60
91 69
91 79
91 84
91 86
91 87
92 1
92 7
92 8
92 11
92 13
92 14
92 16
92 17
92 18
92 27
92 32
92 34
92 36
92 37
92 51
92 55
92 58
92 60
92 62
92 65
92 73
92 83
92 84
92 90
92 91
93 1
93 4
93 7
93 11
93 14
93 20
93 21
93 26
93 28
93 44
93 56
93 60
93 71
93 76
93 88
93 90
93 92
94 2
94 3
94 4
94 5
94 8
94 9
94 14
94 27
94 30
94 35
94 39
94 44
94 50
94 51
94 56
94 59
94 67
94 73
94 81
94 84
94 86
95 1
95 4
95 5
95 6
95 7
95 8
95 12
95 13
95 17
95 21
95 26
95 29
95 32
95 35
95 37
95 43
95 49
95 59
95 67
95 71
95 76
95 77
95 79
95 83
95 90
95 91
96 7
96 15
96 16
96 17
96 21
96 23
96 26
96 40
96 43
96 49
96 59
96 60
96 61
96 63
96 70
96 71
96 73
96 78
96 82
96 83
96 85
96 90
96 93
97 9
97 17
97 26
97 27
97 28
97 35
97 41
97 52
97 54
97 67
97 86
98 1
98 3
98 6
98 7
98 10
98 11
98 17
98 19
98 20
98 33
98 39
98 42
98 46
98 50
98 52
98 53
98 54
98 61
98 67
98 73
98 75
98 81
98 82
98 84
98 88
98 89
98 94
98 95
98 97
99 7
99 13
99 15
99 20
99 22
99 23
99 26
99 28
99 33
99 36
99 42
99 43
99 47
99 50
99 58
99 60
99 66
99 69
99 71
99 72
99 78
99 82
99 84
99 87
99 90
99 94
99 95
100 2
100 4
100 5
100 14
100 15
100 16
100 24
100 27
100 28
100 37
100 39
100 43
100 46
100 50
100 51
100 55
100 57
100 59
100 71
100 75
100 77
100 78
100 80
100 82
100 83
100 89
100 92
100 95
100 97
101 1
101 13
101 27
101 31
101 39
101 42
101 43
101 44
101 47
101 50
101 62
101 64
101 77
101 79
101 83
101 86
101 88
101 95
101 100
102 1
102 8
102 9
102 17
102 19
102 24
102 36
102 37
102 39
102 57
102 58
102 59
102 62
102 70
102 74
102 77
102 82
102 87
102 89
102 91
102 95
102 99
103 2
103 4
103 5
103 12
103 20
103 25
103 30
103 38
103 39
103 42
103 43
103 56
103 59
103 63
103 64
103 67
103 70
103 73
103 74
103 77
103 81
103 82
103 85
103 88
103 89
103 90
103 94
103 102
104 1
104 6
104 7
104 26
104 30
104 38
104 43
104 46
104 47
104 50
104 51
104 52
104 57
104 59
104 64
104 66
104 69
104 72
104 79
104 80
104 86
104 87
104 101
105 1
105 13
105 16
105 28
105 29
105 30
105 31
105 32
105 37
105 38
105 39
105 48
105 49
105 50
105 51
105 52
105 57
105 60
105 77
105 80
105 81
105 82
105 83
105 91
105 93
105 95
105 98
105 100
106 3
106 15
106 17
106 20
106 27
106 28
106 33
106 37
106 51
106 67
106 68
106 71
106 74
106 75
106 77
106 81
106 83
106 86
106 89
106 91
106 99
106 102
106 103
107 4
107 17
107 37
107 38
107 42
107 52
107 53
107 54
107 55
107 58
107 59
107 62
107 64
107 67
107 71
107 74
107 79
107 81
107 85
107 90
107 91
107 93
107 96
107 103
107 106
108 7
108 8
108 14
108 24
108 25
108 33
108 34
108 47
108 51
108 56
108 59
108 62
108 65
108 67
108 71
108 74
108 76
108 77
108 82
108 85
108 90
108 94
108 101
108 102
109 4
109 10
109 16
109 19
109 21
109 22
109 27
109 28
109 33
109 36
109 37
109 43
109 46
109 49
109 53
109 59
109 65
109 70
109 75
109 77
109 78
109 81
109 85
109 87
109 89
109 94
109 96
109 97
109 101
110 4
110 5
110 6
110 7
110 16
110 17
110 25
110 26
110 35
110 36
110 46
110 48
110 49
110 56
110 62
110 64
110 67
110 68
110 70
110 77
110 79
110 84
110 98
110 100
110 106
110 109
111 8
111 10
111 15
111 19
111 30
111 40
111 42
111 44
111 46
111 50
111 51
111 55
111 57
111 62
111 70
111 72
111 73
111 82
111 90
111 92
111 98
111 99
111 104
111 108
112 6
112 9
112 11
112 13
112 16
112 18
112 21
112 25
112 31
112 35
112 38
112 48
112 54
112 58
112 59
112 61
112 68
112 75
112 84
112 89
112 90
112 92
112 95
112 101
112 102
112 103
112 105
112 110
113 1
113 3
113 5
113 11
113 15
113 16
113 18
113 34
113 35
113 37
113 39
113 41
113 45
113 46
113 51
113 52
113 60
113 69
113 72
113 74
113 79
113 80
113 82
113 84
113 91
113 98
113 106
113 109
113 111
114 3
114 6
114 7
114 8
114 10
114 13
114 17
114 22
114 33
114 34
114 35
114 36
114 46
114 49
114 50
114 52
114 53
114 60
114 68
114 70
114 73
114 76
114 80
114 82
114 87
114 91
114 92
114 98
114 100
114 101
114 104
114 110
115 3
115 9
115 15
115 21
115 23
115 30
115 31
115 34
115 36
115 37
115 46
115 54
115 60
115 61
115 62
115 63
115 64
115 68
115 73
115 74
115 77
115 82
115 92
115 96
115 98
115 104
115 105
115 107
115 108
115 111
115 114
116 1
116 3
116 4
116 7
116 9
116 10
116 16
116 18
116 19
116 24
116 25
116 38
116 41
116 42
116 47
116 48
116 49
116 50
116 51
116 52
116 53
116 56
116 61
116 64
116 66
116 67
116 69
116 76
116 77
116 84
116 86
116 91
116 93
116 98
116 104
116 105
116 113
116 114
117 1
117 2
117 6
117 8
117 16
117 17
117 19
117 34
117 38
117 39
117 42
117 45
117 47
117 49
117 51
117 52
117 53
117 60
117 61
117 62
117 63
117 64
117 65
117 67
117 78
117 81
117 82
117 83
117 89
117 93
117 99
117 104
117 106
117 107
117 111
117 113
117 114
117 116
118 3
118 5
118 7
118 8
118 9
118 10
118 11
118 19
118 21
118 22
118 24
118 30
118 34
118 37
118 39
118 45
118 47
118 49
118 50
118 51
118 53
118 55
118 56
118 57
118 62
118 65
118 66
118 67
118 69
118 70
118 77
118 90
118 93
118 95
118 96
118 107
118 116
119 3
119 6
119 8
119 14
119 20
119 22
119 29
119 30
119 41
119 46
119 49
119 50
119 56
119 61
119 62
119 66
119 72
119 73
119 75
119 76
119 78
119 80
119 83
119 84
119 85
119 87
119 91
119 96
119 97
119 109
119 115
120 6
120 7
120 11
120 13
120 15
120 19
120 21
120 29
120 31
120 33
120 41
120 42
120 43
120 57
120 58
120 59
120 63
120 67
120 72
120 76
120 78
120 84
120 86
120 90
120 91
120 95
120 102
120 105
120 106
120 109
120 112
120 117
121 2
121 4
121 7
121 12
121 13
121 19
121 20
121 21
121 24
121 29
121 31
121 40
121 43
121 44
121 46
121 48
121 52
121 54
121 55
121 56
121 57
121 58
121 60
121 65
121 66
121 67
121 68
121 70
121 74
121 82
121 93
121 97
121 98
121 102
121 105
121 106
121 107
121 114
121 117
121 118
122 1
122 3
122 15
122 21
122 23
122 28
122 29
122 30
122 32
122 33
122 38
122 40
122 52
122 56
122 57
122 58
122 62
122 64
122 65
122 69
122 71
122 76
122 83
122 84
122 89
122 98
122 99
122 105
122 120
122 121
123 10
123 12
123 24
123 28
123 40
123 41
123 47
123 53
123 58
123 59
123 67
123 70
123 72
123 75
123 77
123 78
123 81
123 82
123 86
123 87
123 89
123 90
123 91
123 96
123 97
123 105
123 117
123 119
123 121
123 122
124 1
124 2
124 13
124 14
124 19
124 26
124 27
124 32
124 38
124 47
124 48
124 50
124 68
124 73
124 75
124 78
124 82
124 85
124 87
124 90
124 98
124 105
124 108
124 111
124 118
125 1
125 3
125 7
125 11
125 12
125 13
125 17
125 21
125 23
125 31
125 32
125 36
125 39
125 41
125 44
125 45
125 50
125 56
125 59
125 64
125 65
125 69
125 73
125 77
125 81
125 83
125 86
125 87
125 101
125 104
125 105
125 112
125 118
125 119
125 122
126 5
126 21
126 31
126 32
126 34
126 41
126 45
126 50
126 53
126 61
126 65
126 67
126 73
126 79
126 91
126 94
126 99
126 105
126 108
126 109
126 123
127 12
127 20
127 22
127 33
127 43
127 48
127 52
127 58
127 63
127 64
127 73
127 77
127 81
127 82
127 83
127 87
127 90
127 92
127 93
127 100
127 101
127 107
127 109
127 113
127 117
127 122
127 123
128 3
128 6
128 7
128 11
128 12
128 14
128 15
128 23
128 28
128 31
128 42
128 43
128 46
128 47
128 54
128 62
128 67
128 71
128 78
128 79
128 81
128 82
128 86
128 92
128 94
128 96
128 98
128 100
128 102
128 105
128 106
128 108
128 110
128 111
128 112
128 115
128 118
128 120
128 122
128 126
129 1
129 5
129 6
129 8
129 10
129 12
129 21
129 26
129 31
129 32
129 35
129 47
129 59
129 68
129 69
129 72
129 76
129 85
129 86
129 93
129 94
129 96
129 97
129 113
129 115
129 117
129 120
129 124
130 3
130 11
130 21
130 27
130 29
130 33
130 34
130 37
130 42
130 50
130 60
130 65
130 66
130 69
130 76
130 78
130 79
130 81
130 84
130 85
130 93
130 100
130 102
130 115
130 118
130 121
130 126
130 127
130 129
131 5
131 17
131 27
131 38
131 42
131 49
131 56
131 57
131 62
131 69
131 70
131 76
131 78
131 79
131 82
131 85
131 87
131 92
131 95
131 99
131 103
131 106
131 107
131 112
131 118
131 119
131 123
131 126
132 4
132 12
132 18
132 20
132 26
132 36
132 40
132 46
132 52
132 61
132 80
132 82
132 87
132 92
132 94
132 102
132 108
132 109
132 112
132 114
132 127
132 131
133 3
133 6
133 9
133 22
133 23
133 33
133 37
133 38
133 40
133 42
133 54
133 57
133 61
133 63
133 67
133 72
133 74
133 75
133 82
133 92
133 94
133 97
133 98
133 99
133 102
133 106
133 110
133 113
133 114
133 120
133 121
133 126
133 128
134 2
134 7
134 14
134 20
134 28
134 32
134 34
134 41
134 43
134 44
134 49
134 53
134 54
134 55
134 56
134 63
134 65
134 69
134 70
134 82
134 85
134 87
134 97
134 99
134 101
134 103
134 104
134 111
134 112
134 116
134 121
134 123
134 133
135 1
135 12
135 14
135 19
135 25
135 29
135 31
135 32
135 41
135 50
135 52
135 55
135 58
135 60
135 64
135 66
135 68
135 70
135 73
135 75
135 76
135 78
135 80
135 90
135 94
135 98
135 103
135 104
135 107
135 123
135 124
135 129
135 131
135 132
136 5
136 6
136 16
136 19
136 27
136 30
136 47
136 55
136 64
136 66
136 72
136 77
136 79
136 84
136 88
136 95
136 98
136 100
136 112
136 113
136 119
136 125
137 14
137 17
137 18
137 23
137 26
137 29
137 34
137 41
137 42
137 44
137 51
137 55
137 56
137 57
137 62
137 76
137 77
137 78
137 83
137 84
137 87
137 95
137 100
137 102
137 106
137 107
137 108
137 109
137 112
137 115
137 117
137 121
137 122
137 123
137 124
137 131
138 1
138 2
138 7
138 17
138 19
138 21
138 25
138 26
138 27
138 28
138 34
138 38
138 39
138 43
138 56
138 57
138 63
138 65
138 66
138 71
138 72
138 73
138 78
138 79
138 82
138 96
138 97
138 103
138 104
138 106
138 107
138 109
138 118
138 121
138 124
138 128
138 129
139 1
139 2
139 3
139 14
139 15
139 16
139 19
139 22
139 26
139 27
139 29
139 37
139 41
139 43
139 45
139 48
139 56
139 63
139 65
139 68
139 69
139 76
139 77
139 78
139 84
139 86
139 90
139 93
139 102
139 107
139 111
139 112
139 118
139 120
139 126
139 127
139 132
139 135
139 137
139 138
140 2
140 3
140 4
140 8
140 10
140 11
140 16
140 17
140 25
140 27
140 28
140 30
140 31
140 32
140 36
140 44
140 45
140 50
140 56
140 61
140 66
140 78
140 79
140 81
140 88
140 90
140 91
140 94
140 97
140 98
140 102
140 107
140 111
140 112
140 122
140 123
140 131
140 133
140 134
140 136
140 137
141 1
141 3
141 7
141 30
141 32
141 36
141 39
141 42
141 50
141 60
141 65
141 77
141 78
141 79
141 89
141 94
141 112
141 114
141 117
141 118
141 119
141 120
141 129
141 131
141 133
141 134
142 6
142 11
142 12
142 13
142 15
142 19
142 22
142 26
142 37
142 46
142 48
142 65
142 67
142 70
142 73
142 80
142 83
142 84
142 86
142 89
142 96
142 97
142 98
142 100
142 108
142 110
142 112
142 119
142 125
142 135
142 136
142 137
142 138
142 140
143 1
143 5
143 14
143 18
143 19
143 21
143 27
143 29
143 32
143 35
143 36
143 46
143 53
143 55
143 57
143 58
143 69
143 80
143 85
143 90
143 92
143 97
143 100
143 105
143 110
143 115
143 117
143 120
143 122
143 124
143 126
143 127
143 128
143 129
143 130
143 134
143 136
143 140
144 3
144 8
144 9
144 11
144 21
144 31
144 35
144 44
144 47
144 53
144 55
144 59
144 60
144 63
144 65
144 74
144 80
144 88
144 92
144 103
144 105
144 108
144 116
144 121
144 127
144 132
144 143
145 8
145 11
145 12
145 16
145 21
145 22
145 24
145 28
145 30
145 33
145 38
145 45
145 52
145 57
145 67
145 70
145 72
145 75
145 87
145 89
145 95
145 98
145 100
145 114
145 121
145 122
145 125
145 127
145 128
145 132
146 1
146 6
146 7
146 8
146 12
146 17
146 18
146 19
146 22
146 29
146 30
146 42
146 43
146 45
146 46
146 47
146 49
146 51
146 55
146 56
146 58
146 59
146 64
146 66
146 68
146 70
146 75
146 81
146 89
146 90
146 99
146 104
146 107
146 116
146 121
146 125
146 129
146 130
146 137
146 138
147 6
147 7
147 15
147 19
147 23
147 24
147 34
147 41
147 42
147 47
147 49
147 56
147 57
147 58
147 60
147 62
147 64
147 65
147 66
147 71
147 80
147 82
147 84
147 85
147 93
147 94
147 95
147 100
147 103
147 104
147 105
147 111
147 119
147 131
147 132
147 139
147 140
147 142
147 146
148 1
148 4
148 6
148 9
148 15
148 18
148 20
148 22
148 26
148 38
148 45
148 46
148 48
148 49
148 56
148 62
148 63
148 70
148 75
148 80
148 81
148 83
148 86
148 87
148 92
148 93
148 94
148 95
148 96
148 98
148 102
148 105
148 109
148 110
148 121
148 126
148 129
148 133
148 134
148 137
148 139
148 141
149 1
149 3
149 10
149 11
149 21
149 25
149 26
149 30
149 33
149 34
149 36
149 37
149 38
149 48
149 51
149 53
149 59
149 64
149 65
149 66
149 70
149 76
149 83
149 87
149 90
149 97
149 102
149 108
149 110
149 116
149 118
149 128
149 131
149 135
149 137
149 140
149 141
149 143
150 5
150 8
150 10
150 11
150 12
150 29
150 33
150 38
150 39
150 50
150 51
150 52
150 58
150 65
150 66
150 67
150 68
150 71
150 72
150 74
150 78
150 79
150 82
150 83
150 85
150 86
150 99
150 106
150 109
150 114
150 119
150 139
150 147
150 149
151 2
151 3
151 5
151 13
151 18
151 21
151 22
151 24
151 29
151 31
151 34
151 37
151 39
151 47
151 58
151 59
151 64
151 67
151 68
151 74
151 75
151 79
151 80
151 83
151 86
151 92
151 93
151 94
151 96
151 101
151 105
151 116
151 128
151 131
151 134
151 137
151 138
151 144
151 147
151 148
152 2
152 5
152 11
152 13
152 17
152 18
152 24
152 28
152 29
152 33
152 34
152 41
152 48
152 56
152 59
152 60
152 61
152 63
152 65
152 68
152 71
152 75
152 76
152 79
152 82
152 92
152 95
152 96
152 99
152 100
152 107
152 111
152 118
152 121
152 122
152 125
152 127
152 132
152 133
152 137
152 138
152 139
152 142
152 143
152 146
152 150
153 1
153 3
153 14
153 19
153 22
153 26
153 31
153 32
153 34
153 35
153 37
153 41
153 43
153 44
153 46
153 48
153 49
153 51
153 52
153 67
153 74
153 76
153 82
153 84
153 87
153 91
153 95
153 96
153 98
153 105
153 109
153 114
153 115
153 116
153 121
153 128
153 130
153 132
153 135
153 136
153 138
153 145
154 7
154 8
154 11
154 13
154 18
154 29
154 39
154 46
154 55
154 60
154 66
154 71
154 75
154 77
154 79
154 81
154 95
154 98
154 102
154 108
154 109
154 115
154 127
154 128
154 131
154 132
154 146
155 5
155 9
155 12
155 17
155 26
155 27
155 29
155 32
155 35
155 38
155 49
155 57
155 58
155 59
155 60
155 64
155 65
155 67
155 68
155 72
155 83
155 84
155 85
155 87
155 89
155 92
155 96
155 103
155 105
155 109
155 111
155 115
155 116
155 122
155 125
155 134
155 135
155 136
155 143
155 148
155 154
156 8
156 11
156 15
156 17
156 26
156 27
156 31
156 35
156 53
156 54
156 55
156 57
156 58
156 59
156 74
156 75
156 78
156 79
156 85
156 89
156 92
156 96
156 97
156 98
156 101
156 106
156 107
156 109
156 110
156 114
156 118
156 124
156 126
156 129
156 132
156 134
156 139
156 142
156 145
156 147
156 155
157 6
157 13
157 16
157 17
157 19
157 23
157 30
157 31
157 34
157 41
157 43
157 46
157 47
157 49
157 50
157 56
157 58
157 67
157 73
157 78
157 81
157 82
157 101
157 105
157 106
157 110
157 115
157 116
157 118
157 126
157 129
157 137
157 139
157 140
157 144
157 146
157 147
157 149
157 151
157 156
158 12
158 17
158 19
158 21
158 26
158 30
158 35
158 39
158 41
158 47
158 48
158 50
158 52
158 55
158 58
158 59
158 60
158 62
158 69
158 71
158 78
158 81
158 87
158 89
158 90
158 99
158 108
158 109
158 110
158 113
158 114
158 115
158 116
158 118
158 120
158 123
158 124
158 130
158 139
158 141
158 143
158 144
158 145
158 153
158 154
159 1
159 2
159 3
159 7
159 12
159 14
159 15
159 17
159 23
159 26
159 34
159 39
159 41
159 43
159 49
159 57
159 61
159 67
159 70
159 71
159 84
159 89
159 93
159 95
159 100
159 102
159 106
159 111
159 112
159 113
159 120
159 123
159 132
159 135
159 138
159 142
159 146
159 147
159 151
160 14
160 15
160 16
160 19
160 20
160 23
160 27
160 29
160 30
160 34
160 39
160 45
160 48
160 49
160 51
160 52
160 55
160 67
160 69
160 71
160 80
160 82
160 83
160 85
160 86
160 89
160 97
160 107
160 117
160 121
160 123
160 124
160 125
160 126
160 127
160 128
160 139
160 150
160 158
161 4
161 7
161 13
161 14
161 15
161 17
161 22
161 26
161 27
161 31
161 34
161 44
161 45
161 49
161 55
161 60
161 61
161 62
161 64
161 66
161 70
161 72
161 73
161 77
161 78
161 85
161 86
161 89
161 90
161 91
161 96
161 97
161 99
161 102
161 105
161 108
161 109
161 114
161 116
161 117
161 123
161 126
161 129
161 130
161 132
161 135
161 145
161 154
161 160
162 6
162 10
162 11
162 14
162 17
162 27
162 29
162 31
162 32
162 35
162 38
162 39
162 43
162 49
162 50
162 52
162 58
162 77
162 80
162 84
162 86
162 100
162 111
162 113
162 117
162 121
162 125
162 130
162 140
162 142
162 143
162 145
162 146
162 148
162 150
162 154
162 156
162 157
162 159
163 2
163 8
163 14
163 15
163 25
163 41
163 42
163 46
163 49
163 56
163 57
163 60
163 61
163 67
163 70
163 72
163 78
163 87
163 96
163 100
163 103
163 104
163 107
163 109
163 110
163 112
163 115
163 120
163 125
163 127
163 130
163 132
163 133
163 134
163 136
163 139
163 140
163 143
163 146
163 149
163 150
163 151
163 153
163 162
164 9
164 10
164 16
164 17
164 21
164 22
164 24
164 32
164 33
164 35
164 37
164 44
164 45
164 50
164 52
164 54
164 56
164 60
164 62
164 64
164 70
164 71
164 72
164 73
164 76
164 80
164 83
164 90
164 91
164 98
164 116
164 118
164 120
164 128
164 129
164 131
164 134
164 136
164 138
164 145
164 154
164 163
165 4
165 6
165 7
165 14
165 15
165 17
165 27
165 29
165 30
165 34
165 35
165 37
165 40
165 44
165 48
165 51
165 53
165 55
165 67
165 70
165 71
165 72
165 75
165 76
165 77
165 78
165 90
165 99
165 107
165 113
165 116
165 121
165 128
165 133
165 134
165 136
165 139
165 140
165 141
165 143
165 146
165 156
165 163
166 1
166 5
166 14
166 17
166 19
166 22
166 25
166 27
166 29
166 31
166 35
166 36
166 37
166 41
166 48
166 52
166 54
166 58
166 65
166 68
166 69
166 72
166 74
166 76
166 78
166 83
166 87
166 91
166 94
166 96
166 100
166 105
166 106
166 122
166 124
166 135
166 138
166 141
166 147
166 148
166 150
166 151
166 157
166 158
166 162
166 163
167 2
167 6
167 9
167 13
167 14
167 15
167 28
167 35
167 37
167 40
167 43
167 56
167 60
167 63
167 73
167 81
167 83
167 84
167 87
167 89
167 95
167 97
167 100
167 102
167 107
167 111
167 118
167 120
167 132
167 134
167 138
167 141
167 145
167 152
167 160
167 161
167 164
168 5
168 11
168 14
168 15
168 30
168 39
168 41
168 42
168 45
168 46
168 52
168 53
168 55
168 61
168 66
168 70
168 76
168 77
168 85
168 86
168 87
168 89
168 92
168 93
168 95
168 96
168 101
168 102
168 106
168 108
168 111
168 112
168 115
168 117
168 123
168 126
168 133
168 134
168 136
168 138
168 141
168 142
168 150
168 152
168 154
168 157
168 159
169 4
169 8
169 9
169 13
169 15
169 19
169 21
169 29
169 33
169 41
169 46
169 47
169 54
169 58
169 63
169 67
169 69
169 73
169 75
169 87
169 89
169 99
169 101
169 103
169 108
169 117
169 119
169 120
169 122
169 124
169 133
169 151
169 152
169 159
169 163
169 164
170 2
170 6
170 7
170 11
170 16
170 20
170 21
170 26
170 31
170 34
170 36
170 45
170 47
170 48
170 50
170 55
170 58
170 60
170 62
170 69
170 84
170 90
170 91
170 95
170 98
170 101
170 104
170 110
170 113
170 121
170 127
170 132
170 138
170 140
170 142
170 144
170 154
170 160
171 3
171 6
171 19
171 22
171 23
171 25
171 28
171 30
171 31
171 33
171 36
171 41
171 42
171 45
171 51
171 52
171 55
171 57
171 58
171 59
171 66
171 67
171 71
171 72
171 73
171 82
171 87
171 89
171 91
171 93
171 98
171 102
171 107
171 122
171 127
171 128
171 130
171 139
171 140
171 147
171 154
171 155
171 157
171 161
171 164
171 165
172 4
172 10
172 11
172 13
172 15
172 20
172 27
172 30
172 36
172 42
172 44
172 46
172 47
172 48
172 49
172 50
172 57
172 59
172 64
172 65
172 67
172 72
172 75
172 77
172 78
172 80
172 82
172 86
172 87
172 94
172 95
172 115
172 118
172 123
172 124
172 127
172 131
172 134
172 137
172 139
172 144
172 146
172 152
172 155
172 156
172 158
172 159
172 166
172 167
172 169
172 171
173 2
173 3
173 12
173 13
173 22
173 27
173 29
173 32
173 34
173 36
173 41
173 48
173 68
173 71
173 72
173 80
173 82
173 85
173 87
173 89
173 90
173 95
173 96
173 100
173 106
173 107
173 118
173 119
173 121
173 133
173 137
173 148
173 152
173 157
173 161
173 162
173 164
174 3
174 9
174 12
174 14
174 17
174 22
174 23
174 25
174 28
174 29
174 33
174 39
174 51
174 57
174 60
174 61
174 68
174 69
174 70
174 78
174 82
174 89
174 101
174 106
174 124
174 127
174 130
174 139
174 147
174 153
174 155
174 172
175 5
175 6
175 7
175 8
175 18
175 25
175 28
175 31
175 33
175 35
175 36
175 43
175 47
175 48
175 55
175 59
175 62
175 68
175 72
175 75
175 79
175 85
175 88
175 89
175 90
175 100
175 101
175 102
175 103
175 104
175 110
175 117
175 118
175 122
175 125
175 129
175 133
175 137
175 145
175 152
175 157
175 158
175 160
175 162
175 166
175 168
175 173
175 174
176 4
176 10
176 20
176 24
176 25
176 27
176 33
176 35
176 43
176 48
176 49
176 52
176 54
176 58
176 61
176 64
176 67
176 70
176 71
176 73
176 75
176 78
176 79
176 91
176 110
176 114
176 115
176 121
176 132
176 136
176 137
176 145
176 146
176 149
176 151
176 154
176 158
176 159
176 170
176 171
176 172
176 173
177 2
177 4
177 6
177 8
177 13
177 23
177 24
177 25
177 35
177 36
177 37
177 42
177 45
177 49
177 50
177 53
177 54
177 55
177 56
177 63
177 70
177 72
177 79
177 82
177 85
177 88
177 89
177 90
177 91
177 99
177 101
177 105
177 126
177 127
177 129
177 131
177 132
177 142
177 145
177 147
177 148
177 150
177 151
177 152
177 154
177 158
177 163
177 174
178 1
178 2
178 4
178 6
178 13
178 16
178 18
178 22
178 26
178 42
178 47
178 59
178 60
178 61
178 63
178 64
178 68
178 72
178 76
178 77
178 82
178 85
178 98
178 105
178 112
178 115
178 117
178 120
178 123
178 124
178 129
178 132
178 139
178 143
178 152
178 156
178 157
178 158
178 161
178 168
178 174
178 177
179 4
179 7
179 8
179 10
179 16
179 17
179 25
179 26
179 27
179 29
179 43
179 48
179 50
179 55
179 58
179 62
179 63
179 65
179 70
179 76
179 80
179 81
179 87
179 89
179 92
179 96
179 98
179 107
179 108
179 112
179 119
179 120
179 140
179 143
179 150
179 152
179 155
179 159
179 160
179 166
179 168
179 174
179 175
179 176
179 177
180 10
180 11
180 14
180 16
180 19
180 21
180 23
180 32
180 33
180 36
180 52
180 53
180 57
180 58
180 59
180 60
180 62
180 63
180 67
180 68
180 69
180 70
180 71
180 76
180 78
180 85
180 86
180 87
180 93
180 97
180 99
180 100
180 103
180 119
180 121
180 125
180 129
180 141
180 143
180 147
180 148
180 149
180 151
180 152
180 153
180 158
180 159
181 5
181 6
181 7
181 8
181 9
181 10
181 17
181 22
181 25
181 27
181 28
181 32
181 34
181 37
181 39
181 40
181 42
181 46
181 47
181 54
181 57
181 61
181 66
181 83
181 86
181 87
181 88
181 92
181 93
181 95
181 96
181 100
181 102
181 117
181 123
181 135
181 138
181 142
181 144
181 150
181 154
181 161
181 164
181 167
181 169
181 175
181 180
182 2
182 3
182 6
182 7
182 14
182 18
182 20
182 22
182 34
182 37
182 39
182 45
182 46
182 47
182 48
182 52
182 53
182 55
182 56
182 58
182 59
182 61
182 63
182 68
182 69
182 71
182 74
182 76
182 77
182 78
182 82
182 85
182 88
182 89
182 92
182 97
182 105
182 110
182 114
182 120
182 125
182 126
182 127
182 132
182 136
182 138
182 141
182 153
182 155
182 156
182 158
182 160
182 165
182 166
182 168
182 169
182 171
182 172
182 174
182 176
182 181
183 11
183 13
183 15
183 18
183 23
183 25
183 29
183 31
183 33
183 34
183 43
183 46
183 49
183 50
183 57
183 63
183 64
183 65
183 67
183 73
183 75
183 80
183 90
183 91
183 92
183 97
183 98
183 116
183 118
183 119
183 125
183 127
183 129
183 131
183 135
183 137
183 139
183 144
183 145
183 146
183 150
183 159
183 166
183 167
183 177
183 181
184 1
184 4
184 6
184 8
184 14
184 16
184 18
184 24
184 29
184 30
184 42
184 43
184 49
184 52
184 55
184 59
184 66
184 71
184 77
184 79
184 88
184 89
184 91
184 97
184 110
184 123
184 129
184 132
184 133
184 134
184 135
184 139
184 141
184 145
184 146
184 155
184 159
184 166
184 174
184 175
184 177
185 3
185 9
185 10
185 23
185 24
185 25
185 30
185 32
185 38
185 40
185 41
185 49
185 52
185 53
185 56
185 61
185 66
185 67
185 70
185 73
185 89
185 99
185 101
185 102
185 104
185 106
185 108
185 110
185 111
185 112
185 117
185 123
185 124
185 125
185 126
185 127
185 131
185 142
185 143
185 149
185 160
185 162
185 164
185 168
185 169
185 170
185 171
185 176
185 179
185 180
185 184
186 1
186 5
186 7
186 8
186 10
186 15
186 17
186 19
186 23
186 34
186 41
186 42
186 48
186 55
186 57
186 58
186 64
186 71
186 73
186 74
186 75
186 78
186 79
186 81
186 88
186 94
186 98
186 103
186 109
186 117
186 119
186 121
186 125
186 136
186 137
186 140
186 141
186 143
186 149
186 151
186 152
186 154
186 164
186 166
186 174
186 175
186 178
186 182
186 184
187 5
187 10
187 13
187 16
187 18
187 31
187 32
187 42
187 46
187 55
187 61
187 70
187 76
187 78
187 80
187 83
187 84
187 85
187 95
187 99
187 103
187 112
187 115
187 119
187 120
187 126
187 130
187 135
187 136
187 144
187 151
187 152
187 155
187 156
187 157
187 166
187 168
187 170
187 171
187 174
187 180
187 182
187 185
187 186
188 2
188 3
188 4
188 6
188 8
188 9
188 17
188 18
188 22
188 23
188 24
188 26
188 33
188 35
188 42
188 46
188 52
188 65
188 75
188 82
188 85
188 89
188 92
188 101
188 104
188 107
188 110
188 111
188 114
188 117
188 118
188 128
188 129
188 153
188 157
188 164
188 171
188 172
188 181
189 7
189 19
189 20
189 21
189 22
189 25
189 40
189 44
189 52
189 55
189 61
189 64
189 66
189 68
189 69
189 76
189 80
189 82
189 84
189 86
189 87
189 96
189 103
189 104
189 107
189 109
189 110
189 112
189 116
189 122
189 124
189 127
189 128
189 132
189 135
189 139
189 140
189 143
189 154
189 159
189 161
189 164
189 166
189 169
189 177
189 178
189 179
189 183
190 1
190 7
190 10
190 11
190 14
190 16
190 17
190 19
190 20
190 28
190 29
190 31
190 37
190 38
190 41
190 42
190 53
190 58
190 61
190 73
190 76
190 79
190 80
190 95
190 98
190 103
190 112
190 117
190 119
190 131
190 135
190 140
190 147
190 148
190 151
190 153
190 164
190 165
190 172
190 175
190 177
190 179
190 180
190 181
190 184
190 188
191 3
191 5
191 6
191 8
191 11
191 12
191 14
191 21
191 22
191 27
191 28
191 29
191 46
191 47
191 49
191 50
191 60
191 65
191 67
191 72
191 78
191 83
191 90
191 92
191 98
191 104
191 106
191 116
191 121
191 128
191 133
191 136
191 137
191 139
191 142
191 151
191 152
191 153
191 162
191 163
191 164
191 176
191 180
191 183
191 184
191 190
192 1
192 4
192 7
192 12
192 13
192 14
192 17
192 18
192 29
192 33
192 34
192 50
192 53
192 62
192 66
192 80
192 84
192 86
192 89
192 90
192 91
192 93
192 97
192 102
192 104
192 106
192 110
192 111
192 112
192 118
192 120
192 123
192 126
192 128
192 136
192 140
192 142
192 145
192 149
192 151
192 166
192 176
192 178
192 180
192 183
192 188
192 190
192 191
193 4
193 5
193 10
193 11
193 17
193 22
193 28
193 30
193 41
193 44
193 49
193 54
193 58
193 63
193 66
193 75
193 78
193 80
193 81
193 82
193 85
193 97
193 101
193 104
193 105
193 111
193 112
193 114
193 115
193 125
193 128
193 129
193 130
193 131
193 132
193 141
193 144
193 152
193 153
193 156
193 165
193 167
193 171
193 172
193 178
193 179
193 186
193 188
193 189
194 2
194 4
194 5
194 9
194 12
194 13
194 17
194 18
194 19
194 28
194 31
194 39
194 42
194 43
194 47
194 49
194 51
194 59
194 60
194 65
194 66
194 67
194 68
194 71
194 73
194 85
194 92
194 94
194 98
194 110
194 111
194 116
194 117
194 121
194 123
194 138
194 150
194 153
194 156
194 162
194 171
194 192
194 193
195 8
195 12
195 17
195 18
195 26
195 30
195 32
195 33
195 34
195 35
195 36
195 40
195 46
195 47
195 52
195 55
195 57
195 58
195 59
195 60
195 64
195 68
195 72
195 75
195 76
195 81
195 83
195 86
195 88
195 101
195 105
195 106
195 107
195 110
195 114
195 124
195 125
195 127
195 130
195 137
195 141
195 142
195 145
195 146
195 149
195 159
195 166
195 167
195 170
195 173
195 179
195 185
195 187
195 188
195 189
195 190
196 5
196 6
196 8
196 12
196 14
196 16
196 27
196 32
196 40
196 41
196 42
196 44
196 55
196 59
196 60
196 62
196 65
196 66
196 68
196 69
196 79
196 81
196 86
196 87
196 89
196 92
196 94
196 101
196 112
196 116
196 117
196 123
196 125
196 128
196 134
196 138
196 139
196 140
196 142
196 143
196 149
196 150
196 156
196 170
196 176
196 179
196 181
196 188
196 191
196 195
197 5
197 7
197 8
197 9
197 12
197 13
197 21
197 22
197 24
197 25
197 26
197 28
197 31
197 33
197 39
197 40
197 45
197 49
197 51
197 55
197 64
197 71
197 80
197 83
197 90
197 91
197 92
197 93
197 99
197 102
197 104
197 105
197 109
197 116
197 119
197 123
197 125
197 127
197 129
197 130
197 131
197 133
197 134
197 135
197 137
197 139
197 147
197 153
197 161
197 167
197 171
197 172
197 173
197 176
197 185
197 186
197 188
197 190
197 191
197 193
197 195
198 1
198 6
198 7
198 14
198 15
198 23
198 25
198 28
198 31
198 36
198 37
198 42
198 48
198 51
198 52
198 55
198 59
198 61
198 65
198 69
198 80
198 82
198 85
198 86
198 94
198 104
198 106
198 108
198 109
198 110
198 117
198 120
198 121
198 124
198 130
198 136
198 149
198 151
198 158
198 160
198 163
198 174
198 178
198 179
198 181
198 191
198 197
199 10
199 12
199 15
199 17
199 18
199 27
199 28
199 37
199 39
199 51
199 52
199 53
199 54
199 59
199 64
199 66
199 67
199 72
199 77
199 81
199 83
199 87
199 95
199 96
199 105
199 115
199 126
199 134
199 139
199 140
199 148
199 151
199 155
199 156
199 157
199 165
199 166
199 169
199 174
199 183
199 185
199 186
199 195
200 3
200 33
200 35
200 45
200 53
200 58
200 60
200 61
200 71
200 73
200 76
200 83
200 97
200 99
200 115
200 116
200 121
200 123
200 127
200 131
200 132
200 134
200 137
200 141
200 143
200 147
200 150
200 151
200 154
200 157
200 160
200 164
200 165
200 167
200 177
200 178
200 182
200 188
200 194
200 195
200 199
201 2
201 10
201 11
201 13
201 18
201 19
201 23
201 27
201 29
201 30
201 46
201 48
201 52
201 53
201 57
201 63
201 67
201 72
201 78
201 79
201 80
201 81
201 91
201 106
201 108
201 114
201 116
201 119
201 128
201 130
201 134
201 138
201 141
201 144
201 150
201 153
201 159
201 160
201 165
201 168
201 178
201 194
201 197
201 199
202 1
202 11
202 23
202 24
202 25
202 26
202 28
202 29
202 32
202 33
202 42
202 48
202 54
202 55
202 56
202 63
202 64
202 68
202 69
202 74
202 78
202 80
202 81
202 84
202 86
202 87
202 88
202 91
202 96
202 102
202 110
202 115
202 116
202 118
202 120
202 131
202 137
202 141
202 142
202 148
202 159
202 161
202 164
202 165
202 167
202 168
202 169
202 171
202 177
202 178
202 179
202 187
202 188
202 189
202 195
202 196
202 200
203 3
203 5
203 8
203 15
203 23
203 24
203 26
203 27
203 28
203 29
203 31
203 32
203 40
203 43
203 45
203 56
203 57
203 58
203 61
203 62
203 66
203 69
203 70
203 71
203 72
203 73
203 75
203 81
203 87
203 94
203 95
203 96
203 98
203 101
203 106
203 108
203 111
203 115
203 125
203 138
203 145
203 147
203 150
203 151
203 163
203 171
203 174
203 179
203 180
203 181
203 187
203 189
203 190
203 195
203 197
203 201
203 202
204 1
204 4
204 8
204 9
204 10
204 11
204 12
204 13
204 25
204 28
204 29
204 34
204 46
204 48
204 52
204 53
204 54
204 62
204 63
204 66
204 67
204 73
204 76
204 77
204 78
204 79
204 84
204 91
204 94
204 96
204 98
204 108
204 114
204 120
204 126
204 134
204 135
204 139
204 144
204 149
204 153
204 157
204 158
204 161
204 165
204 166
204 169
204 173
204 177
204 184
204 189
204 194
204 197
204 198
204 201
205 12
205 16
205 19
205 20
205 21
205 26
205 29
205 32
205 33
205 36
205 38
205 39
205 44
205 49
205 54
205 62
205 63
205 64
205 70
205 72
205 80
205 81
205 83
205 84
205 91
205 94
205 95
205 98
205 100
205 101
205 103
205 108
205 112
205 115
205 120
205 123
205 124
205 127
205 128
205 136
205 139
205 141
205 155
205 157
205 160
205 165
205 172
205 178
205 180
205 182
205 183
205 184
205 187
205 188
205 190
205 192
205 195
205 196
205 200
205 201
206 4
206 10
206 12
206 17
206 19
206 26
206 27
206 28
206 33
206 36
206 43
206 45
206 53
206 54
206 62
206 65
206 67
206 72
206 78
206 79
206 82
206 88
206 89
206 90
206 101
206 106
206 107
206 111
206 114
206 115
206 120
206 128
206 129
206 132
206 135
206 137
206 142
206 149
206 155
206 157
206 158
206 160
206 163
206 166
206 169
206 171
206 176
206 181
206 184
206 186
206 187
206 188
206 191
206 193
206 195
206 197
206 199
207 7
207 10
207 12
207 13
207 14
207 20
207 36
207 41
207 42
207 43
207 50
207 55
207 57
207 61
207 62
207 68
207 69
207 70
207 71
207 73
207 75
207 77
207 79
207 80
207 85
207 87
207 89
207 92
207 93
207 95
207 101
207 105
207 111
207 113
207 115
207 119
207 120
207 128
207 130
207 131
207 141
207 145
207 146
207 164
207 165
207 166
207 168
207 170
207 172
207 180
207 183
207 184
207 185
207 194
207 195
207 196
207 202
208 1
208 3
208 10
208 13
208 21
208 36
208 48
208 51
208 54
208 55
208 60
208 66
208 67
208 72
208 73
208 74
208 78
208 79
208 83
208 88
208 96
208 98
208 101
208 103
208 105
208 107
208 108
208 109
208 116
208 129
208 131
208 132
208 133
208 135
208 136
208 138
208 139
208 145
208 150
208 153
208 154
208 155
208 156
208 165
208 166
208 175
208 181
208 182
208 183
208 184
208 189
208 193
208 200
208 202
209 7
209 10
209 11
209 12
209 13
209 14
209 19
209 26
209 27
209 32
209 35
209 41
209 42
209 44
209 47
209 50
209 51
209 54
209 61
209 63
209 64
209 66
209 69
209 70
209 73
209 78
209 84
209 88
209 93
209 96
209 97
209 100
209 112
209 120
209 139
209 141
209 142
209 146
209 149
209 150
209 156
209 157
209 158
209 164
209 167
209 172
209 174
209 177
209 178
209 180
209 183
209 188
209 190
209 191
209 197
209 206
210 1
210 7
210 22
210 28
210 29
210 34
210 36
210 38
210 44
210 46
210 47
210 48
210 57
210 61
210 64
210 69
210 71
210 73
210 77
210 79
210 80
210 83
210 85
210 87
210 90
210 93
210 94
210 95
210 98
210 99
210 103
210 117
210 118
210 119
210 120
210 121
210 124
210 130
210 132
210 136
210 137
210 139
210 141
210 144
210 145
210 150
210 153
210 156
210 162
210 169
210 170
210 171
210 174
210 175
210 190
210 192
210 196
210 198
210 203
210 206
211 1
211 4
211 10
211 12
211 15
211 16
211 17
211 22
211 28
211 31
211 33
211 40
211 44
211 45
211 48
211 59
211 61
211 62
211 68
211 70
211 75
211 76
211 77
211 78
211 81
211 95
211 105
211 115
211 116
211 117
211 118
211 120
211 126
211 138
211 139
211 147
211 150
211 154
211 155
211 159
211 162
211 163
211 166
211 167
211 178
211 180
211 184
211 187
211 189
211 197
211 201
211 209
212 9
212 10
212 21
212 26
212 27
212 31
212 32
212 34
212 38
212 43
212 44
212 58
212 61
212 64
212 65
212 73
212 77
212 85
212 101
212 106
212 113
212 137
212 138
212 146
212 150
212 151
212 156
212 157
212 167
212 169
212 171
212 172
212 176
212 179
212 182
212 183
212 185
212 191
212 196
212 202
212 204
212 210
212 211
213 1
213 4
213 5
213 6
213 15
213 24
213 26
213 29
213 32
213 34
213 35
213 37
213 42
213 52
213 55
213 57
213 58
213 62
213 63
213 67
213 68
213 70
213 77
213 78
213 79
213 81
213 84
213 85
213 109
213 116
213 123
213 125
213 130
213 134
213 143
213 144
213 148
213 149
213 152
213 172
213 174
213 175
213 177
213 182
213 190
213 203
213 205
213 207
213 210
214 1
214 8
214 9
214 11
214 16
214 17
214 18
214 27
214 31
214 45
214 49
214 52
214 55
214 56
214 60
214 63
214 65
214 69
214 71
214 72
214 75
214 78
214 82
214 83
214 85
214 89
214 92
214 94
214 95
214 96
214 99
214 101
214 106
214 111
214 114
214 119
214 121
214 126
214 130
214 137
214 139
214 141
214 155
214 161
214 168
214 169
214 174
214 175
214 180
214 182
214 193
214 205
214 207
214 209
215 3
215 5
215 10
215 11
215 17
215 20
215 24
215 25
215 32
215 37
215 40
215 46
215 50
215 55
215 58
215 59
215 60
215 63
215 66
215 67
215 68
215 69
215 70
215 77
215 78
215 87
215 88
215 100
215 107
215 113
215 114
215 115
215 127
215 134
215 136
215 137
215 140
215 147
215 148
215 154
215 155
215 157
215 172
215 183
215 185
215 192
215 195
215 198
215 202
215 204
215 213
216 2
216 4
216 7
216 11
216 12
216 16
216 25
216 27
216 28
216 33
216 38
216 39
216 51
216 52
216 53
216 61
216 65
216 71
216 72
216 75
216 79
216 88
216 93
216 99
216 104
216 108
216 110
216 120
216 127
216 129
216 130
216 131
216 133
216 141
216 144
216 148
216 152
216 156
216 158
216 165
216 169
216 177
216 179
216 180
216 182
216 183
216 184
216 186
216 188
216 190
216 191
216 202
216 203
216 204
216 205
216 206
216 215
217 1
217 6
217 9
217 10
217 13
217 16
217 19
217 29
217 30
217 32
217 34
217 41
217 49
217 50
217 55
217 59
217 62
217 64
217 88
217 89
217 91
217 92
217 93
217 95
217 96
217 99
217 101
217 108
217 111
217 115
217 119
217 123
217 128
217 134
217 141
217 142
217 150
217 161
217 174
217 180
217 185
217 188
217 199
217 204
217 206
217 207
217 209
217 215
217 216
218 1
218 7
218 9
218 12
218 13
218 14
218 16
218 19
218 20
218 22
218 23
218 26
218 27
218 28
218 30
218 41
218 42
218 49
218 51
218 58
218 65
218 71
218 73
218 84
218 85
218 91
218 94
218 96
218 98
218 108
218 109
218 118
218 122
218 123
218 146
218 149
218 153
218 158
218 162
218 163
218 164
218 167
218 168
218 174
218 178
218 179
218 185
218 186
218 187
218 193
218 198
218 200
218 209
218 211
218 213
218 215
219 4
219 10
219 11
219 21
219 23
219 24
219 27
219 29
219 33
219 34
219 38
219 39
219 41
219 42
219 43
219 44
219 49
219 52
219 57
219 58
219 59
219 61
219 65
219 66
219 72
219 75
219 76
219 77
219 79
219 82
219 84
219 85
219 89
219 100
219 102
219 108
219 111
219 112
219 113
219 115
219 118
219 121
219 123
219 132
219 137
219 147
219 151
219 157
219 165
219 167
219 172
219 173
219 180
219 185
219 187
219 190
219 197
219 198
219 201
219 208
219 212
219 213
219 214
219 217
219 218
220 4
220 10
220 13
220 14
220 17
220 25
220 30
220 38
220 39
220 41
220 45
220 47
220 60
220 63
220 67
220 74
220 77
220 82
220 84
220 87
220 89
220 93
220 97
220 98
220 99
220 102
220 105
220 110
220 117
220 118
220 119
220 121
220 125
220 128
220 132
220 133
220 137
220 141
220 147
220 149
220 150
220 160
220 163
220 169
220 171
220 176
220 178
220 183
220 186
220 189
220 192
220 194
220 197
220 198
220 200
220 201
220 209
220 210
220 217
221 3
221 6
221 9
221 10
221 11
221 15
221 20
221 24
221 27
221 29
221 32
221 43
221 47
221 52
221 53
221 58
221 62
221 65
221 66
221 74
221 78
221 80
221 84
221 89
221 91
221 92
221 96
221 100
221 104
221 106
221 109
221 113
221 114
221 118
221 126
221 132
221 134
221 135
221 136
221 137
221 147
221 150
221 153
221 154
221 156
221 157
221 158
221 165
221 167
221 168
221 173
221 176
221 186
221 189
221 193
221 200
221 202
221 208
221 217
222 2
222 4
222 9
222 15
222 16
222 18
222 23
222 28
222 30
222 33
222 38
222 54
222 55
222 60
222 63
222 65
222 67
222 71
222 72
222 77
222 81
222 89
222 90
222 93
222 104
222 107
222 110
222 113
222 117
222 122
222 124
222 125
222 126
222 130
222 132
222 136
222 138
222 140
222 141
222 147
222 148
222 161
222 174
222 176
222 180
222 182
222 188
222 197
222 203
222 205
222 209
222 215
222 217
223 7
223 8
223 15
223 30
223 41
223 42
223 46
223 51
223 62
223 63
223 67
223 73
223 74
223 75
223 94
223 95
223 96
223 100
223 103
223 105
223 111
223 118
223 140
223 146
223 150
223 152
223 157
223 158
223 159
223 161
223 170
223 172
223 180
223 182
223 191
223 192
223 198
223 200
223 202
223 214
223 219
223 220
224 10
224 11
224 17
224 18
224 25
224 27
224 29
224 31
224 38
224 42
224 44
224 48
224 50
224 51
224 62
224 63
224 64
224 65
224 76
224 79
224 94
224 97
224 100
224 101
224 102
224 105
224 110
224 111
224 126
224 128
224 133
224 137
224 139
224 144
224 146
224 149
224 153
224 155
224 159
224 160
224 164
224 165
224 166
224 167
224 170
224 173
224 175
224 187
224 188
224 190
224 192
224 195
224 201
224 208
224 210
224 220
224 221
225 5
225 7
225 15
225 19
225 21
225 22
225 25
225 27
225 29
225 31
225 33
225 43
225 45
225 46
225 48
225 49
225 50
225 58
225 59
225 61
225 63
225 68
225 73
225 79
225 85
225 87
225 89
225 94
225 114
225 116
225 124
225 125
225 133
225 137
225 140
225 155
225 160
225 163
225 167
225 170
225 171
225 173
225 174
225 180
225 187
225 188
225 190
225 191
225 193
225 200
225 201
225 205
225 206
225 214
225 219
225 223
226 2
226 5
226 7
226 10
226 16
226 18
226 20
226 23
226 24
226 29
226 34
226 35
226 37
226 45
226 48
226 51
226 52
226 61
226 62
226 63
226 64
226 72
226 74
226 80
226 82
226 86
226 87
226 89
226 91
226 100
226 107
226 115
226 120
226 125
226 127
226 128
226 131
226 132
226 139
226 141
226 144
226 145
226 147
226 148
226 150
226 153
226 158
226 160
226 161
226 164
226 167
226 168
226 176
226 178
226 181
226 185
226 186
226 187
226 193
226 198
226 199
226 201
226 202
226 204
226 206
226 207
226 209
226 210
226 211
226 218
226 222
226 225
227 1
227 7
227 11
227 12
227 13
227 14
227 15
227 16
227 17
227 23
227 26
227 27
227 28
227 31
227 32
227 33
227 35
227 39
227 44
227 46
227 49
227 50
227 54
227 56
227 57
227 60
227 61
227 62
227 78
227 84
227 88
227 91
227 95
227 100
227 104
227 110
227 113
227 114
227 118
227 120
227 121
227 122
227 125
227 126
227 130
227 139
227 141
227 144
227 146
227 148
227 160
227 163
227 166
227 177
227 184
227 187
227 188
227 189
227 191
227 192
227 193
227 201
227 204
227 207
227 217
227 219
227 226
228 13
228 15
228 19
228 24
228 26
228 28
228 34
228 37
228 40
228 42
228 49
228 51
228 53
228 56
228 59
228 60
228 64
228 71
228 72
228 75
228 76
228 81
228 87
228 91
228 93
228 101
228 102
228 107
228 109
228 128
228 136
228 137
228 139
228 147
228 151
228 160
228 164
228 167
228 170
228 175
228 178
228 196
228 198
228 202
228 206
228 211
228 220
228 221
228 222
229 2
229 10
229 13
229 15
229 16
229 18
229 19
229 27
229 28
229 29
229 37
229 39
229 43
229 44
229 49
229 53
229 62
229 65
229 67
229 71
229 75
229 80
229 86
229 89
229 94
229 96
229 99
229 105
229 110
229 113
229 122
229 131
229 136
229 137
229 139
229 140
229 143
229 146
229 147
229 154
229 157
229 164
229 165
229 166
229 168
229 172
229 174
229 178
229 182
229 185
229 188
229 190
229 192
229 193
229 197
229 199
229 202
229 208
229 210
229 213
229 214
229 219
229 220
229 223
229 227
230 11
230 17
230 25
230 27
230 49
230 51
230 56
230 57
230 58
230 59
230 64
230 71
230 73
230 77
230 78
230 86
230 89
230 91
230 104
230 107
230 116
230 119
230 120
230 133
230 134
230 146
230 149
230 150
230 154
230 156
230 157
230 180
230 183
230 186
230 187
230 188
230 191
230 195
230 196
230 201
230 207
230 208
230 209
230 211
230 212
230 213
230 222
230 226
230 228
230 229
231 2
231 5
231 13
231 21
231 26
231 28
231 32
231 33
231 34
231 44
231 46
231 59
231 63
231 71
231 72
231 76
231 78
231 79
231 80
231 81
231 84
231 85
231 87
231 96
231 98
231 100
231 106
231 108
231 111
231 114
231 116
231 119
231 121
231 123
231 126
231 133
231 137
231 139
231 146
231 147
231 151
231 155
231 158
231 169
231 171
231 181
231 184
231 185
231 187
231 188
231 191
231 192
231 196
231 197
231 198
231 204
231 207
231 208
231 210
231 211
231 214
231 217
231 218
231 220
231 221
231 222
231 228
231 230
232 5
232 10
232 12
232 13
232 14
232 18
232 21
232 24
232 25
232 33
232 37
232 39
232 42
232 45
232 46
232 48
232 50
232 51
232 61
232 67
232 73
232 76
232 84
232 88
232 91
232 93
232 95
232 99
232 100
232 102
232 103
232 106
232 109
232 112
232 113
232 118
232 131
232 134
232 139
232 142
232 147
232 151
232 152
232 158
232 159
232 161
232 167
232 169
232 171
232 180
232 184
232 187
232 189
232 191
232 194
232 197
232 205
232 223
232 226
232 227
232 230
233 3
233 6
233 15
233 18
233 20
233 29
233 30
233 38
233 46
233 53
233 55
233 61
233 62
233 63
233 76
233 79
233 84
233 86
233 87
233 89
233 91
233 94
233 103
233 109
233 111
233 112
233 117
233 121
233 122
233 127
233 129
233 136
233 137
233 140
233 141
233 146
233 149
233 158
233 160
233 163
233 165
233 166
233 167
233 169
233 179
233 181
233 188
233 195
233 197
233 218
233 223
233 224
233 231
234 1
234 5
234 13
234 18
234 19
234 23
234 29
234 30
234 33
234 37
234 38
234 39
234 44
234 47
234 51
234 54
234 57
234 67
234 77
234 85
234 90
234 92
234 95
234 96
234 99
234 102
234 106
234 114
234 115
234 126
234 128
234 129
234 132
234 133
234 135
234 144
234 145
234 149
234 151
234 157
234 171
234 172
234 176
234 177
234 181
234 184
234 189
234 191
234 192
234 194
234 212
234 214
234 215
234 219
234 220
234 221
234 223
234 224
234 231
234 232
235 10
235 11
235 12
235 22
235 23
235 24
235 29
235 30
235 31
235 32
235 34
235 35
235 36
235 39
235 40
235 45
235 50
235 51
235 55
235 58
235 63
235 64
235 65
235 68
235 71
235 75
235 78
235 80
235 84
235 93
235 94
235 96
235 98
235 99
235 102
235 104
235 106
235 108
235 111
235 112
235 115
235 117
235 118
235 124
235 129
235 132
235 141
235 142
235 147
235 150
235 152
235 156
235 158
235 159
235 164
235 173
235 177
235 183
235 184
235 187
235 189
235 190
235 208
235 209
235 213
235 216
235 222
235 224
235 226
235 229
235 234
236 8
236 12
236 14
236 15
236 26
236 31
236 35
236 40
236 48
236 56
236 64
236 67
236 69
236 72
236 77
236 87
236 92
236 94
236 99
236 103
236 107
236 108
236 110
236 111
236 113
236 115
236 128
236 129
236 141
236 145
236 149
236 161
236 170
236 173
236 176
236 189
236 191
236 192
236 195
236 203
236 204
236 206
236 211
236 214
236 222
236 229
236 232
236 233
237 2
237 5
237 6
237 8
237 18
237 25
237 29
237 33
237 35
237 39
237 44
237 52
237 62
237 66
237 67
237 68
237 70
237 71
237 73
237 74
237 78
237 81
237 83
237 87
237 97
237 98
237 100
237 101
237 103
237 115
237 122
237 127
237 133
237 141
237 148
237 150
237 158
237 173
237 174
237 175
237 177
237 183
237 184
237 187
237 189
237 196
237 197
237 198
237 200
237 217
237 225
237 228
237 229
237 235
237 236
238 4
238 5
238 8
238 19
238 28
238 33
238 38
238 42
238 43
238 44
238 51
238 52
238 53
238 79
238 82
238 85
238 89
238 90
238 93
238 95
238 99
238 101
238 102
238 108
238 115
238 118
238 122
238 124
238 129
238 142
238 148
238 150
238 161
238 169
238 170
238 172
238 178
238 186
238 192
238 193
238 194
238 199
238 202
238 205
238 207
238 214
238 222
238 223
238 224
238 227
239 1
239 4
239 11
239 12
239 14
239 17
239 19
239 20
239 26
239 32
239 44
239 46
239 50
239 51
239 52
239 59
239 60
239 63
239 64
239 66
239 67
239 72
239 74
239 76
239 79
239 80
239 81
239 88
239 89
239 91
239 99
239 103
239 114
239 115
239 117
239 118
239 120
239 124
239 125
239 126
239 128
239 141
239 153
239 154
239 155
239 160
239 171
239 179
239 187
239 188
239 189
239 194
239 197
239 200
239 202
239 203
239 205
239 213
239 214
239 217
239 219
239 221
239 227
239 230
239 233
239 235
239 236
240 3
240 14
240 29
240 37
240 38
240 43
240 48
240 52
240 60
240 61
240 64
240 65
240 72
240 78
240 84
240 86
240 90
240 91
240 94
240 95
240 97
240 100
240 102
240 106
240 108
240 109
240 111
240 119
240 121
240 123
240 125
240 127
240 130
240 132
240 136
240 138
240 140
240 141
240 142
240 143
240 147
240 148
240 152
240 153
240 154
240 158
240 159
240 163
240 166
240 168
240 170
240 171
240 172
240 175
240 190
240 192
240 196
240 209
240 221
240 225
240 231
240 233
240 234
240 236
240 239
