60
881
3 1
3 2
4 1
4 2
5 2
5 4
6 1
6 3
6 5
7 2
8 3
8 4
8 5
9 2
9 5
9 8
10 1
10 2
10 5
10 7
10 9
11 2
11 4
11 7
11 8
12 2
12 3
12 5
12 6
12 8
12 9
13 5
13 6
13 7
13 9
13 10
14 3
14 6
14 7
14 9
14 11
14 12
15 2
15 3
15 4
15 6
15 7
15 8
15 10
15 11
15 12
15 13
15 14
16 3
16 4
16 6
16 7
16 9
16 10
16 13
16 15
17 1
17 4
17 5
17 6
17 8
17 11
17 12
17 15
18 1
18 4
18 5
18 6
18 7
18 8
18 9
18 12
18 14
19 1
19 3
19 5
19 6
19 8
19 13
19 14
19 16
19 17
20 1
20 2
20 3
20 5
20 6
20 7
20 8
20 9
20 11
20 16
20 17
21 1
21 3
21 5
21 6
21 9
21 10
21 14
21 15
21 18
21 20
22 1
22 2
22 4
22 5
22 6
22 8
22 9
22 12
22 13
22 21
23 2
23 3
23 5
23 6
23 7
23 8
23 9
23 14
23 15
23 17
23 21
24 8
24 10
24 11
24 12
24 15
24 16
24 20
24 23
25 1
25 6
25 7
25 9
25 10
25 11
25 12
25 13
25 16
25 18
25 19
25 20
25 21
25 23
26 2
26 6
26 7
26 8
26 9
26 10
26 15
26 16
26 17
26 19
26 20
26 23
26 24
26 25
27 3
27 4
27 5
27 7
27 8
27 10
27 11
27 12
27 13
27 15
27 16
27 18
27 22
27 24
27 25
27 26
28 7
28 8
28 10
28 12
28 13
28 14
28 15
28 16
28 17
28 18
28 20
28 21
28 23
28 24
28 25
28 26
28 27
29 1
29 2
29 5
29 7
29 11
29 19
29 21
29 22
29 23
29 24
29 25
29 28
30 3
30 5
30 6
30 8
30 9
30 10
30 15
30 16
30 17
30 18
30 19
30 20
30 21
30 22
30 25
30 26
31 1
31 4
31 5
31 6
31 8
31 9
31 11
31 13
31 14
31 16
31 17
31 18
31 21
31 22
31 23
31 24
31 25
31 26
31 27
32 4
32 5
32 6
32 7
32 8
32 10
32 13
32 14
32 15
32 17
32 19
32 21
32 23
32 28
32 30
33 1
33 6
33 10
33 11
33 13
33 14
33 15
33 16
33 17
33 18
33 23
33 25
33 26
33 27
33 28
33 29
33 30
33 32
34 1
34 3
34 7
34 8
34 9
34 11
34 14
34 16
34 17
34 20
34 21
34 22
34 23
34 27
34 29
34 32
35 4
35 5
35 6
35 11
35 12
35 13
35 15
35 18
35 19
35 20
35 22
35 24
35 25
35 26
35 27
35 29
36 1
36 4
36 7
36 9
36 12
36 13
36 17
36 18
36 20
36 21
36 22
36 23
36 24
36 32
36 35
37 1
37 5
37 7
37 9
37 10
37 13
37 15
37 16
37 18
37 19
37 21
37 22
37 25
37 26
37 28
37 29
37 33
37 34
37 36
38 1
38 3
38 10
38 11
38 15
38 17
38 22
38 24
38 25
38 27
38 30
38 31
38 32
38 33
38 34
38 35
38 36
38 37
39 2
39 6
39 11
39 14
39 15
39 16
39 22
39 24
39 25
39 26
39 27
39 34
39 35
39 36
39 37
39 38
40 2
40 3
40 5
40 7
40 8
40 9
40 11
40 12
40 14
40 16
40 19
40 21
40 22
40 23
40 24
40 25
40 27
40 29
40 30
40 32
40 33
40 34
40 37
40 38
41 1
41 4
41 5
41 7
41 11
41 13
41 14
41 15
41 18
41 19
41 23
41 24
41 27
41 29
41 30
41 32
41 35
41 36
41 38
41 39
42 2
42 3
42 4
42 5
42 6
42 15
42 18
42 20
42 27
42 28
42 33
42 34
42 35
42 38
42 40
42 41
43 3
43 6
43 7
43 8
43 9
43 15
43 18
43 20
43 25
43 26
43 28
43 31
43 36
43 37
43 38
44 1
44 3
44 4
44 7
44 10
44 13
44 14
44 15
44 16
44 18
44 24
44 25
44 28
44 30
44 33
44 34
44 35
44 37
44 41
45 5
45 8
45 9
45 12
45 15
45 18
45 20
45 21
45 22
45 23
45 24
45 26
45 27
45 29
45 30
45 31
45 32
45 33
45 34
45 35
45 36
45 37
45 38
45 42
46 4
46 5
46 7
46 8
46 11
46 12
46 13
46 14
46 18
46 20
46 23
46 24
46 26
46 28
46 30
46 32
46 33
46 34
46 35
46 36
46 37
46 42
46 43
46 45
47 3
47 4
47 5
47 6
47 8
47 9
47 10
47 12
47 14
47 20
47 21
47 23
47 24
47 27
47 31
47 32
47 33
47 34
47 36
47 37
47 43
47 46
48 1
48 2
48 3
48 4
48 8
48 11
48 17
48 19
48 22
48 23
48 24
48 25
48 26
48 27
48 29
48 30
48 34
48 35
48 38
48 39
48 41
48 43
48 47
49 8
49 10
49 12
49 14
49 15
49 16
49 17
49 19
49 21
49 22
49 24
49 26
49 31
49 32
49 33
49 34
49 38
49 39
49 40
49 42
49 48
50 10
50 14
50 15
50 21
50 24
50 26
50 27
50 28
50 29
50 32
50 34
50 35
50 37
50 42
50 43
50 44
50 49
51 1
51 2
51 9
51 11
51 13
51 15
51 17
51 19
51 22
51 26
51 27
51 32
51 33
51 35
51 36
51 37
51 38
51 39
51 40
51 43
51 45
51 48
51 49
52 1
52 3
52 6
52 7
52 8
52 9
52 11
52 12
52 16
52 18
52 21
52 22
52 23
52 24
52 25
52 26
52 27
52 30
52 32
52 37
52 40
52 41
52 42
52 44
52 45
52 46
52 47
52 48
52 49
52 51
53 1
53 7
53 8
53 10
53 11
53 15
53 18
53 19
53 24
53 26
53 27
53 28
53 30
53 32
53 34
53 35
53 36
53 38
53 39
53 41
53 43
53 45
53 46
53 47
53 48
53 52
54 1
54 2
54 4
54 5
54 6
54 7
54 9
54 10
54 13
54 14
54 15
54 16
54 19
54 22
54 24
54 26
54 27
54 30
54 31
54 32
54 33
54 34
54 36
54 38
54 39
54 40
54 41
54 43
54 44
54 45
54 46
54 47
54 49
54 52
55 1
55 2
55 4
55 5
55 7
55 9
55 11
55 12
55 14
55 16
55 17
55 19
55 20
55 23
55 25
55 29
55 30
55 31
55 32
55 33
55 37
55 39
55 42
55 44
55 45
55 46
55 47
55 48
55 49
55 50
55 51
56 1
56 3
56 5
56 8
56 9
56 17
56 19
56 21
56 23
56 27
56 30
56 32
56 33
56 34
56 36
56 38
56 40
56 41
56 47
56 51
56 54
56 55
57 1
57 2
57 4
57 5
57 6
57 7
57 8
57 9
57 11
57 15
57 16
57 17
57 21
57 23
57 25
57 27
57 28
57 33
57 34
57 35
57 37
57 43
57 45
57 49
57 50
57 51
57 52
57 53
57 54
58 1
58 3
58 5
58 6
58 7
58 9
58 11
58 12
58 13
58 14
58 19
58 24
58 26
58 28
58 29
58 34
58 35
58 37
58 40
58 42
58 46
58 47
58 48
58 49
58 53
59 3
59 4
59 6
59 7
59 8
59 11
59 13
59 16
59 18
59 22
59 23
59 24
59 25
59 27
59 29
59 32
59 34
59 37
59 38
59 39
59 41
59 42
59 46
59 47
59 48
59 51
59 53
59 55
59 56
59 57
59 58
60 4
60 5
60 9
60 10
60 11
60 14
60 17
60 19
60 20
60 21
60 24
60 29
60 30
60 31
60 32
60 33
60 34
60 35
60 37
60 38
60 40
60 42
60 45
60 46
60 48
60 49
60 51
