60
457
2 1
4 1
4 2
5 1
5 2
6 3
7 1
7 2
7 4
7 6
8 1
8 5
9 5
10 4
10 6
11 2
11 6
11 10
12 1
13 1
13 2
13 9
13 11
14 4
14 5
14 8
14 9
14 11
14 12
14 13
15 2
15 3
15 7
15 9
15 10
15 12
15 14
16 1
16 4
16 11
16 13
16 14
17 12
18 1
18 5
18 6
18 8
18 16
19 2
19 11
19 12
20 2
20 5
20 6
20 9
20 10
20 14
20 15
20 18
21 2
21 10
22 4
22 8
22 12
23 2
23 9
23 10
23 11
23 20
24 8
24 9
24 12
24 14
24 18
24 20
25 2
25 13
25 18
25 22
25 24
26 3
26 6
26 11
26 17
26 20
26 21
26 22
27 10
27 12
27 13
27 17
27 19
27 21
27 22
27 24
28 2
28 10
28 11
28 15
28 20
28 24
29 4
29 9
29 11
29 15
29 18
29 19
29 25
29 28
30 2
30 6
30 9
30 15
30 20
30 21
30 22
30 23
30 25
30 27
31 2
31 7
31 17
31 19
31 22
31 23
31 25
31 26
32 6
32 14
32 16
32 19
32 21
32 22
32 27
32 29
33 4
33 5
33 7
33 9
33 19
33 25
33 30
34 1
34 2
34 8
34 15
34 20
34 24
34 28
34 30
35 14
35 15
35 17
35 21
35 23
35 26
35 30
35 32
36 2
36 5
36 18
36 22
36 25
36 26
36 31
37 1
37 3
37 10
37 14
37 27
37 36
38 6
38 7
38 10
38 11
38 14
38 15
38 16
38 18
38 19
38 21
38 23
38 28
38 32
39 1
39 4
39 5
39 8
39 12
39 13
39 17
39 21
39 26
39 35
40 2
40 8
40 9
40 32
40 37
40 39
41 1
41 3
41 9
41 13
41 15
41 17
41 20
41 21
41 23
41 26
41 35
41 36
41 39
42 2
42 6
42 9
42 13
42 23
42 32
42 38
42 41
43 5
43 8
43 14
43 17
43 20
43 36
43 37
44 5
44 6
44 13
44 20
44 25
44 28
44 30
44 36
44 37
45 1
45 2
45 13
45 17
45 20
45 22
45 24
45 28
45 33
45 35
45 36
45 42
45 44
46 4
46 6
46 11
46 14
46 19
46 20
46 22
46 25
46 26
46 30
46 36
46 43
47 2
47 5
47 10
47 11
47 14
47 15
47 18
47 21
47 26
47 27
47 43
48 5
48 8
48 10
48 12
48 14
48 17
48 19
48 23
48 28
48 29
48 30
48 35
48 39
48 40
48 41
48 42
48 43
48 44
49 5
49 9
49 10
49 13
49 22
49 24
49 27
49 29
49 46
50 1
50 3
50 5
50 9
50 11
50 12
50 22
50 23
50 30
50 33
50 42
50 48
51 2
51 6
51 8
51 10
51 15
51 19
51 21
51 25
51 30
51 36
51 37
51 43
51 44
51 45
51 49
52 9
52 16
52 21
52 22
52 28
52 31
52 35
52 48
53 4
53 6
53 18
53 19
53 23
53 26
53 28
53 29
53 30
53 38
53 39
53 40
53 42
53 50
53 51
53 52
54 12
54 13
54 14
54 17
54 18
54 20
54 33
54 34
54 39
54 43
54 48
54 51
55 5
55 6
55 7
55 12
55 14
55 15
55 23
55 26
55 33
55 40
55 41
55 49
55 52
56 4
56 8
56 12
56 13
56 18
56 22
56 23
56 24
56 28
56 36
56 38
56 39
56 40
56 42
56 47
56 48
56 52
56 55
57 6
57 15
57 17
57 20
57 22
57 24
57 28
57 31
57 36
57 41
57 52
57 56
58 1
58 6
58 19
58 21
58 23
58 24
58 25
58 26
58 29
58 31
58 50
58 51
58 57
59 2
59 5
59 10
59 17
59 18
59 30
59 31
59 33
59 35
59 46
59 51
59 55
59 56
59 57
59 58
60 4
60 7
60 8
60 9
60 10
60 17
60 18
60 20
60 21
60 23
60 27
60 31
60 32
60 33
60 35
60 37
60 40
60 42
60 45
60 46
60 48
60 51
60 58
