80
1613
2 1
3 1
3 2
4 3
5 2
5 4
6 3
6 4
7 1
7 3
7 5
8 1
8 2
8 3
8 4
8 5
8 6
9 5
10 1
10 2
10 3
10 4
10 5
10 8
11 3
11 4
11 5
11 6
11 9
12 1
12 3
12 4
12 6
12 7
12 8
12 9
12 10
13 2
13 3
13 4
13 6
13 8
13 9
13 12
14 1
14 2
14 4
14 5
14 6
14 9
14 11
15 1
15 2
15 3
15 4
15 5
15 6
15 8
15 9
15 13
16 2
16 3
16 5
16 6
16 8
16 10
16 11
16 12
16 13
16 15
17 1
17 2
17 3
17 4
17 5
17 9
17 10
17 12
17 13
17 15
18 1
18 2
18 3
18 4
18 5
18 7
18 8
18 9
18 11
18 14
19 3
19 7
19 8
19 11
19 12
19 13
19 14
20 5
20 6
20 7
20 11
20 12
20 15
20 16
20 18
20 19
21 3
21 4
21 5
21 9
21 11
21 12
21 13
21 15
21 16
21 17
22 1
22 4
22 6
22 7
22 11
22 12
22 13
22 14
22 15
22 16
22 17
22 18
22 19
23 4
23 6
23 9
23 10
23 12
23 14
23 15
23 17
23 18
23 20
23 21
24 2
24 3
24 4
24 7
24 13
24 16
24 17
24 18
24 19
24 20
24 21
24 22
25 1
25 4
25 5
25 7
25 9
25 10
25 11
25 12
25 14
25 17
25 19
25 21
25 22
26 1
26 4
26 5
26 6
26 7
26 10
26 11
26 12
26 14
26 16
26 17
26 18
26 21
26 22
26 24
27 2
27 5
27 6
27 8
27 10
27 13
27 14
27 15
27 16
27 18
27 20
27 21
27 25
27 26
28 1
28 2
28 3
28 4
28 6
28 8
28 16
28 17
28 19
28 20
28 21
28 22
28 23
28 25
28 26
29 1
29 3
29 5
29 6
29 8
29 11
29 14
29 16
29 17
29 18
29 19
29 21
29 22
29 23
29 24
29 26
29 28
30 1
30 2
30 3
30 4
30 9
30 10
30 11
30 12
30 15
30 19
30 20
30 22
30 23
30 25
30 26
30 27
31 3
31 9
31 11
31 12
31 13
31 15
31 16
31 18
31 20
31 21
31 22
31 24
31 25
31 26
31 27
31 28
31 29
32 1
32 4
32 5
32 8
32 10
32 11
32 14
32 15
32 16
32 17
32 18
32 20
32 21
32 23
32 24
32 25
32 26
32 27
32 28
32 29
32 31
33 5
33 7
33 8
33 9
33 10
33 13
33 16
33 18
33 19
33 20
33 21
33 25
33 26
33 27
33 29
33 30
33 32
34 1
34 2
34 3
34 5
34 10
34 11
34 12
34 13
34 14
34 16
34 23
34 26
34 29
34 32
34 33
35 6
35 8
35 10
35 14
35 16
35 17
35 22
35 24
35 25
35 28
35 30
35 31
35 32
35 34
36 5
36 7
36 8
36 9
36 11
36 13
36 14
36 15
36 18
36 20
36 21
36 26
36 27
36 28
36 29
36 30
36 34
36 35
37 1
37 2
37 3
37 5
37 7
37 8
37 9
37 12
37 13
37 15
37 17
37 18
37 19
37 20
37 23
37 24
37 28
37 29
37 30
37 31
37 32
37 34
37 35
38 1
38 3
38 8
38 11
38 15
38 16
38 19
38 20
38 21
38 22
38 23
38 24
38 25
38 27
38 29
38 30
38 33
38 35
38 37
39 2
39 5
39 6
39 8
39 10
39 13
39 14
39 15
39 16
39 18
39 19
39 20
39 21
39 24
39 25
39 27
39 28
39 29
39 30
39 31
39 35
39 36
40 1
40 2
40 6
40 8
40 11
40 15
40 16
40 24
40 30
40 34
40 35
40 37
40 38
41 1
41 3
41 6
41 7
41 8
41 9
41 12
41 13
41 16
41 17
41 18
41 21
41 23
41 26
41 27
41 28
41 31
41 32
41 34
41 36
41 37
41 38
41 39
41 40
42 1
42 3
42 4
42 5
42 6
42 11
42 15
42 17
42 19
42 20
42 21
42 26
42 31
42 35
42 40
42 41
43 7
43 11
43 12
43 13
43 14
43 15
43 18
43 19
43 22
43 23
43 26
43 28
43 29
43 35
43 37
43 39
43 40
43 41
44 1
44 2
44 7
44 14
44 18
44 19
44 20
44 21
44 23
44 24
44 25
44 26
44 29
44 30
44 34
44 37
44 38
44 39
44 42
45 2
45 4
45 5
45 12
45 13
45 16
45 17
45 18
45 19
45 21
45 22
45 23
45 24
45 26
45 27
45 28
45 31
45 32
45 33
45 35
45 36
45 38
45 39
45 43
46 1
46 3
46 5
46 9
46 11
46 12
46 15
46 18
46 21
46 22
46 23
46 24
46 25
46 27
46 28
46 29
46 33
46 41
46 42
46 43
46 45
47 2
47 5
47 6
47 7
47 8
47 10
47 12
47 14
47 15
47 16
47 17
47 21
47 22
47 23
47 25
47 26
47 29
47 30
47 31
47 37
47 38
47 39
47 42
47 44
47 46
48 2
48 6
48 9
48 10
48 14
48 15
48 16
48 17
48 18
48 19
48 23
48 24
48 25
48 27
48 30
48 34
48 39
48 41
48 43
48 44
48 47
49 1
49 2
49 3
49 5
49 6
49 7
49 10
49 14
49 17
49 18
49 21
49 23
49 25
49 27
49 29
49 31
49 33
49 39
49 41
49 42
49 43
49 44
49 45
49 48
50 1
50 2
50 3
50 5
50 7
50 8
50 9
50 16
50 17
50 21
50 22
50 25
50 26
50 27
50 28
50 31
50 33
50 34
50 35
50 37
50 38
50 39
50 41
50 42
50 43
50 46
50 48
50 49
51 1
51 2
51 3
51 6
51 10
51 11
51 13
51 14
51 15
51 18
51 19
51 22
51 23
51 24
51 25
51 26
51 28
51 33
51 34
51 36
51 38
51 40
51 41
51 42
51 43
51 44
51 48
51 50
52 1
52 2
52 5
52 7
52 11
52 14
52 15
52 17
52 18
52 21
52 26
52 28
52 29
52 33
52 34
52 36
52 37
52 38
52 39
52 41
52 42
52 44
52 47
53 2
53 6
53 7
53 9
53 11
53 12
53 13
53 18
53 21
53 24
53 26
53 28
53 29
53 30
53 31
53 32
53 33
53 35
53 37
53 39
53 42
53 44
53 48
53 49
53 51
54 1
54 2
54 5
54 7
54 8
54 10
54 12
54 14
54 15
54 16
54 17
54 18
54 20
54 21
54 23
54 24
54 25
54 29
54 30
54 32
54 39
54 40
54 41
54 48
54 49
54 50
54 51
55 1
55 3
55 4
55 7
55 8
55 9
55 10
55 12
55 17
55 18
55 19
55 20
55 21
55 28
55 29
55 31
55 36
55 38
55 42
55 43
55 47
55 49
55 50
55 52
55 53
56 2
56 3
56 6
56 7
56 9
56 10
56 12
56 15
56 16
56 17
56 19
56 20
56 21
56 23
56 25
56 28
56 29
56 30
56 32
56 37
56 40
56 43
56 44
56 47
56 49
56 50
56 51
56 54
57 1
57 2
57 3
57 4
57 6
57 8
57 9
57 10
57 11
57 13
57 14
57 21
57 22
57 24
57 25
57 26
57 27
57 29
57 30
57 31
57 33
57 40
57 42
57 43
57 44
57 48
57 49
57 53
57 55
57 56
58 1
58 7
58 8
58 10
58 13
58 15
58 16
58 17
58 20
58 21
58 22
58 23
58 26
58 27
58 28
58 30
58 31
58 33
58 34
58 36
58 38
58 39
58 41
58 42
58 44
58 48
58 50
58 51
58 53
58 54
58 55
59 2
59 6
59 7
59 8
59 9
59 11
59 12
59 13
59 14
59 15
59 17
59 19
59 20
59 21
59 25
59 27
59 28
59 35
59 40
59 42
59 44
59 45
59 47
59 48
59 54
59 56
59 58
60 1
60 2
60 3
60 7
60 8
60 11
60 12
60 13
60 18
60 20
60 24
60 25
60 27
60 33
60 34
60 43
60 44
60 45
60 47
60 50
60 51
60 54
60 59
61 1
61 2
61 3
61 4
61 6
61 7
61 8
61 10
61 11
61 12
61 13
61 15
61 17
61 18
61 19
61 20
61 22
61 23
61 24
61 26
61 27
61 28
61 29
61 30
61 31
61 34
61 35
61 36
61 38
61 40
61 42
61 43
61 49
61 51
61 53
61 59
61 60
62 1
62 2
62 4
62 6
62 7
62 9
62 10
62 13
62 14
62 15
62 16
62 18
62 19
62 22
62 23
62 25
62 29
62 31
62 32
62 33
62 34
62 35
62 36
62 37
62 38
62 39
62 41
62 43
62 44
62 46
62 48
62 51
62 52
62 54
62 55
62 57
62 58
62 59
63 2
63 4
63 6
63 7
63 8
63 11
63 13
63 15
63 21
63 23
63 24
63 25
63 26
63 28
63 29
63 30
63 34
63 35
63 41
63 42
63 44
63 45
63 47
63 48
63 49
63 50
63 51
63 56
63 57
64 1
64 2
64 4
64 6
64 11
64 14
64 15
64 16
64 20
64 22
64 24
64 25
64 32
64 38
64 42
64 43
64 45
64 48
64 49
64 50
64 54
64 56
64 58
64 59
64 60
64 62
65 1
65 3
65 5
65 6
65 10
65 12
65 14
65 17
65 20
65 21
65 22
65 26
65 30
65 31
65 32
65 34
65 35
65 36
65 37
65 38
65 40
65 44
65 48
65 51
65 52
65 53
65 54
65 56
65 59
65 60
65 61
65 64
66 3
66 7
66 9
66 11
66 12
66 15
66 17
66 18
66 20
66 24
66 27
66 28
66 30
66 32
66 38
66 39
66 40
66 43
66 45
66 46
66 48
66 55
66 56
66 60
66 64
67 2
67 4
67 5
67 6
67 11
67 12
67 14
67 16
67 17
67 18
67 20
67 21
67 22
67 24
67 27
67 29
67 30
67 32
67 34
67 35
67 36
67 37
67 38
67 39
67 41
67 42
67 43
67 44
67 45
67 51
67 52
67 55
67 59
67 60
67 64
67 65
67 66
68 1
68 2
68 3
68 5
68 6
68 8
68 9
68 10
68 12
68 14
68 16
68 19
68 20
68 21
68 23
68 24
68 25
68 26
68 28
68 31
68 32
68 33
68 34
68 36
68 38
68 39
68 42
68 43
68 45
68 46
68 48
68 49
68 50
68 52
68 63
68 65
68 66
69 3
69 4
69 5
69 6
69 9
69 11
69 13
69 15
69 18
69 19
69 20
69 21
69 22
69 24
69 27
69 28
69 29
69 31
69 32
69 37
69 38
69 39
69 42
69 43
69 44
69 45
69 46
69 47
69 51
69 54
69 56
69 57
69 58
69 61
69 62
69 64
69 65
69 66
70 2
70 4
70 6
70 7
70 8
70 9
70 10
70 12
70 13
70 14
70 19
70 20
70 23
70 26
70 28
70 29
70 32
70 33
70 34
70 35
70 36
70 43
70 44
70 45
70 48
70 49
70 52
70 54
70 56
70 57
70 58
70 63
70 65
70 66
70 67
70 69
71 3
71 4
71 5
71 6
71 7
71 11
71 15
71 16
71 17
71 20
71 21
71 23
71 25
71 26
71 29
71 31
71 32
71 33
71 34
71 35
71 42
71 43
71 44
71 45
71 46
71 47
71 48
71 50
71 54
71 55
71 56
71 57
71 60
71 61
71 63
71 64
71 66
71 68
71 69
71 70
72 1
72 2
72 4
72 6
72 7
72 8
72 12
72 13
72 14
72 15
72 17
72 18
72 20
72 22
72 23
72 25
72 27
72 28
72 32
72 34
72 36
72 39
72 41
72 42
72 43
72 45
72 46
72 47
72 48
72 51
72 54
72 57
72 60
72 61
72 63
72 64
72 66
72 68
72 69
72 71
73 2
73 4
73 7
73 8
73 9
73 14
73 16
73 17
73 18
73 19
73 24
73 25
73 26
73 27
73 28
73 30
73 32
73 33
73 34
73 37
73 38
73 40
73 41
73 42
73 43
73 48
73 52
73 55
73 56
73 57
73 58
73 60
73 61
73 62
73 63
73 64
73 65
73 66
73 67
73 69
74 4
74 5
74 8
74 9
74 11
74 14
74 19
74 21
74 22
74 26
74 29
74 39
74 43
74 45
74 46
74 47
74 53
74 54
74 55
74 57
74 59
74 61
74 62
74 64
74 65
74 66
74 67
74 69
74 71
74 73
75 1
75 2
75 3
75 8
75 10
75 12
75 13
75 14
75 17
75 19
75 23
75 24
75 25
75 26
75 29
75 30
75 31
75 32
75 35
75 40
75 43
75 44
75 45
75 48
75 51
75 54
75 56
75 61
75 62
75 65
75 66
75 68
75 69
76 8
76 13
76 17
76 18
76 19
76 20
76 21
76 26
76 28
76 29
76 32
76 35
76 36
76 39
76 41
76 44
76 50
76 52
76 54
76 59
76 60
76 62
76 63
76 65
76 69
77 4
77 5
77 6
77 7
77 8
77 11
77 13
77 15
77 16
77 22
77 23
77 24
77 30
77 31
77 36
77 37
77 38
77 39
77 40
77 41
77 43
77 44
77 45
77 46
77 49
77 50
77 51
77 52
77 54
77 56
77 57
77 58
77 61
77 62
77 63
77 64
77 66
77 67
77 68
77 73
77 74
78 2
78 3
78 5
78 8
78 11
78 15
78 17
78 19
78 20
78 22
78 23
78 24
78 28
78 31
78 34
78 36
78 37
78 40
78 43
78 44
78 46
78 51
78 52
78 53
78 54
78 55
78 56
78 57
78 58
78 60
78 61
78 63
78 67
78 69
78 70
78 74
78 76
79 1
79 2
79 4
79 5
79 6
79 7
79 8
79 12
79 13
79 17
79 20
79 21
79 26
79 28
79 29
79 32
79 33
79 34
79 35
79 39
79 41
79 42
79 43
79 45
79 49
79 50
79 51
79 52
79 53
79 55
79 57
79 59
79 61
79 62
79 66
79 70
79 71
79 72
79 76
79 77
79 78
80 3
80 4
80 5
80 7
80 8
80 9
80 10
80 11
80 14
80 16
80 17
80 21
80 22
80 24
80 25
80 28
80 30
80 31
80 33
80 35
80 36
80 38
80 40
80 42
80 44
80 45
80 46
80 50
80 51
80 53
80 54
80 55
80 57
80 59
80 61
80 63
80 67
80 68
80 69
80 71
80 74
80 78
80 79
