80
2366
3 1
4 1
5 1
5 3
5 4
6 1
6 2
6 3
6 5
7 1
7 2
7 3
7 4
7 6
8 1
8 2
8 3
8 4
8 5
9 1
9 2
9 3
9 4
9 5
9 6
9 7
9 8
10 3
10 4
10 5
10 6
10 7
10 8
10 9
11 1
11 2
11 3
11 4
11 5
11 7
11 9
11 10
12 1
12 2
12 3
12 5
12 6
12 8
12 9
12 10
12 11
13 2
13 3
13 4
13 5
13 6
13 7
13 10
13 12
14 1
14 2
14 3
14 4
14 5
14 7
14 8
14 9
14 10
14 12
14 13
15 1
15 3
15 4
15 5
15 6
15 7
15 8
15 9
15 10
15 12
15 13
15 14
16 1
16 2
16 4
16 6
16 8
16 9
16 10
16 11
16 13
16 14
16 15
17 1
17 2
17 3
17 4
17 6
17 7
17 8
17 9
17 10
17 13
17 14
17 16
18 2
18 3
18 4
18 5
18 6
18 7
18 8
18 9
18 10
18 11
18 12
18 13
18 14
18 15
18 16
19 1
19 2
19 4
19 6
19 7
19 8
19 9
19 10
19 11
19 12
19 13
19 14
19 15
19 18
20 1
20 2
20 4
20 5
20 6
20 7
20 9
20 11
20 12
20 13
20 14
20 15
20 17
20 18
20 19
21 1
21 3
21 4
21 5
21 7
21 8
21 10
21 11
21 13
21 14
21 15
21 17
21 20
22 1
22 2
22 3
22 4
22 5
22 7
22 9
22 11
22 12
22 13
22 14
22 15
22 16
22 17
22 19
22 20
22 21
23 3
23 4
23 7
23 9
23 10
23 11
23 12
23 13
23 14
23 16
23 17
23 18
23 19
23 20
23 21
23 22
24 2
24 3
24 4
24 5
24 6
24 7
24 8
24 9
24 10
24 11
24 12
24 13
24 14
24 15
24 16
24 17
24 18
24 19
24 21
24 22
24 23
25 1
25 2
25 4
25 5
25 6
25 7
25 8
25 9
25 10
25 11
25 12
25 14
25 15
25 16
25 17
25 18
25 19
25 20
25 21
25 23
25 24
26 1
26 2
26 3
26 4
26 5
26 6
26 7
26 8
26 9
26 10
26 14
26 15
26 16
26 17
26 18
26 19
26 20
26 21
26 22
26 23
26 24
26 25
27 1
27 2
27 3
27 4
27 5
27 6
27 7
27 8
27 10
27 11
27 12
27 13
27 14
27 15
27 16
27 18
27 19
27 20
27 21
27 22
27 23
27 25
27 26
28 1
28 2
28 3
28 4
28 5
28 6
28 7
28 8
28 11
28 14
28 16
28 17
28 18
28 19
28 21
28 22
28 23
28 24
28 25
28 27
29 1
29 3
29 5
29 8
29 9
29 10
29 11
29 12
29 13
29 14
29 15
29 17
29 18
29 19
29 20
29 21
29 22
29 23
29 24
29 25
29 26
29 27
29 28
30 3
30 4
30 5
30 7
30 8
30 9
30 10
30 11
30 12
30 13
30 14
30 16
30 17
30 18
30 19
30 20
30 22
30 23
30 24
30 25
30 26
30 27
30 28
30 29
31 3
31 4
31 5
31 6
31 7
31 8
31 10
31 11
31 13
31 15
31 16
31 17
31 18
31 19
31 21
31 22
31 23
31 24
31 25
31 26
31 27
31 28
31 29
32 1
32 3
32 4
32 5
32 7
32 8
32 9
32 10
32 11
32 12
32 13
32 15
32 16
32 17
32 18
32 19
32 20
32 23
32 24
32 25
32 26
32 27
32 28
32 30
32 31
33 1
33 2
33 4
33 5
33 7
33 8
33 9
33 10
33 11
33 12
33 13
33 14
33 15
33 16
33 18
33 19
33 20
33 22
33 23
33 24
33 25
33 26
33 27
33 28
33 29
33 30
33 32
34 1
34 3
34 5
34 6
34 7
34 8
34 9
34 10
34 11
34 12
34 14
34 15
34 16
34 17
34 18
34 19
34 20
34 21
34 23
34 24
34 25
34 26
34 27
34 28
34 32
34 33
35 1
35 2
35 5
35 6
35 7
35 10
35 11
35 12
35 16
35 17
35 18
35 20
35 22
35 24
35 25
35 26
35 27
35 29
35 30
35 31
35 33
35 34
36 1
36 2
36 3
36 4
36 6
36 7
36 10
36 11
36 13
36 14
36 15
36 16
36 17
36 18
36 19
36 20
36 21
36 22
36 25
36 26
36 27
36 29
36 30
36 32
36 33
36 34
36 35
37 2
37 3
37 4
37 7
37 8
37 10
37 11
37 12
37 13
37 14
37 15
37 16
37 17
37 19
37 20
37 21
37 23
37 24
37 25
37 26
37 30
37 31
37 33
37 34
37 35
37 36
38 1
38 2
38 3
38 4
38 8
38 9
38 10
38 11
38 12
38 13
38 14
38 15
38 16
38 17
38 18
38 19
38 21
38 24
38 25
38 29
38 30
38 31
38 32
38 33
38 34
38 36
38 37
39 2
39 3
39 5
39 6
39 8
39 9
39 10
39 11
39 14
39 15
39 18
39 19
39 20
39 21
39 22
39 23
39 25
39 27
39 28
39 29
39 30
39 31
39 33
39 35
39 36
39 38
40 3
40 4
40 5
40 6
40 8
40 9
40 10
40 11
40 12
40 13
40 14
40 15
40 16
40 17
40 18
40 19
40 20
40 21
40 22
40 23
40 24
40 25
40 26
40 27
40 28
40 29
40 31
40 33
40 35
40 36
40 37
40 38
40 39
41 1
41 2
41 3
41 4
41 5
41 6
41 7
41 8
41 9
41 10
41 11
41 12
41 13
41 14
41 15
41 16
41 17
41 18
41 19
41 20
41 21
41 23
41 24
41 25
41 26
41 27
41 29
41 30
41 31
41 32
41 33
41 34
41 35
41 36
41 38
41 39
42 2
42 3
42 4
42 7
42 8
42 9
42 11
42 12
42 13
42 15
42 16
42 18
42 19
42 21
42 23
42 24
42 25
42 26
42 27
42 28
42 29
42 31
42 32
42 33
42 34
42 35
42 36
42 37
42 39
42 40
42 41
43 1
43 2
43 3
43 5
43 7
43 8
43 9
43 10
43 12
43 13
43 15
43 16
43 17
43 19
43 20
43 21
43 23
43 24
43 25
43 27
43 28
43 29
43 30
43 31
43 32
43 34
43 37
43 38
43 39
44 1
44 2
44 4
44 5
44 6
44 7
44 9
44 10
44 11
44 14
44 15
44 16
44 17
44 18
44 19
44 20
44 21
44 23
44 24
44 25
44 28
44 29
44 30
44 31
44 32
44 33
44 34
44 35
44 36
44 37
44 38
44 39
44 40
44 42
45 1
45 3
45 4
45 5
45 7
45 8
45 9
45 14
45 16
45 18
45 19
45 20
45 21
45 22
45 23
45 24
45 25
45 27
45 28
45 29
45 30
45 31
45 32
45 33
45 34
45 35
45 37
45 38
45 39
45 40
45 41
45 42
45 43
45 44
46 2
46 4
46 5
46 8
46 9
46 10
46 11
46 13
46 15
46 16
46 17
46 18
46 19
46 21
46 22
46 25
46 26
46 28
46 29
46 30
46 32
46 33
46 34
46 35
46 36
46 37
46 38
46 40
46 41
46 42
46 43
46 44
46 45
47 1
47 3
47 5
47 6
47 7
47 8
47 9
47 10
47 11
47 13
47 14
47 15
47 16
47 17
47 18
47 20
47 21
47 22
47 23
47 24
47 25
47 26
47 27
47 30
47 31
47 32
47 34
47 35
47 38
47 39
47 41
47 44
47 45
47 46
48 1
48 2
48 3
48 4
48 5
48 6
48 7
48 8
48 9
48 10
48 11
48 12
48 13
48 14
48 16
48 18
48 19
48 20
48 22
48 23
48 24
48 25
48 28
48 29
48 30
48 31
48 33
48 34
48 36
48 38
48 39
48 40
48 43
48 45
48 46
48 47
49 1
49 2
49 3
49 4
49 6
49 7
49 8
49 9
49 10
49 11
49 12
49 13
49 14
49 15
49 18
49 19
49 20
49 21
49 23
49 24
49 25
49 26
49 27
49 28
49 29
49 30
49 31
49 32
49 33
49 34
49 37
49 38
49 39
49 40
49 41
49 42
49 43
49 44
49 45
49 46
49 47
50 1
50 5
50 6
50 7
50 8
50 11
50 12
50 13
50 14
50 18
50 19
50 20
50 21
50 22
50 23
50 27
50 29
50 30
50 34
50 35
50 36
50 37
50 39
50 40
50 41
50 43
50 44
50 45
50 46
50 47
50 49
51 2
51 3
51 4
51 5
51 10
51 11
51 12
51 14
51 17
51 18
51 20
51 24
51 25
51 26
51 28
51 29
51 30
51 31
51 32
51 33
51 34
51 35
51 36
51 37
51 39
51 40
51 41
51 42
51 43
51 44
51 46
51 49
51 50
52 2
52 3
52 4
52 5
52 6
52 7
52 10
52 12
52 14
52 15
52 16
52 19
52 20
52 21
52 22
52 23
52 24
52 25
52 26
52 27
52 28
52 29
52 30
52 32
52 33
52 34
52 35
52 36
52 37
52 38
52 39
52 43
52 44
52 46
52 47
52 48
52 50
52 51
53 1
53 2
53 3
53 4
53 5
53 8
53 9
53 10
53 11
53 13
53 14
53 15
53 17
53 18
53 19
53 20
53 21
53 22
53 23
53 24
53 25
53 27
53 30
53 31
53 33
53 34
53 35
53 36
53 37
53 38
53 39
53 45
53 47
53 48
53 49
53 50
53 51
53 52
54 2
54 3
54 4
54 5
54 6
54 7
54 8
54 9
54 11
54 12
54 13
54 16
54 17
54 18
54 20
54 21
54 22
54 23
54 25
54 26
54 27
54 29
54 30
54 31
54 32
54 34
54 35
54 37
54 38
54 39
54 40
54 41
54 42
54 43
54 44
54 45
54 46
54 47
54 48
54 50
54 52
54 53
55 1
55 2
55 4
55 5
55 7
55 9
55 15
55 16
55 17
55 18
55 19
55 21
55 22
55 23
55 25
55 26
55 29
55 30
55 32
55 33
55 34
55 36
55 37
55 38
55 41
55 42
55 45
55 46
55 47
55 48
55 50
55 51
55 52
55 54
56 2
56 3
56 4
56 5
56 6
56 8
56 9
56 10
56 11
56 12
56 14
56 15
56 16
56 17
56 18
56 19
56 20
56 21
56 24
56 26
56 27
56 28
56 29
56 30
56 31
56 32
56 33
56 34
56 35
56 36
56 37
56 38
56 39
56 40
56 41
56 43
56 46
56 47
56 48
56 49
56 50
56 51
56 52
56 53
56 55
57 1
57 2
57 3
57 4
57 5
57 6
57 8
57 10
57 16
57 17
57 18
57 21
57 24
57 27
57 28
57 29
57 30
57 31
57 32
57 34
57 35
57 36
57 37
57 38
57 39
57 40
57 42
57 43
57 44
57 45
57 47
57 48
57 49
57 51
57 52
57 53
57 55
58 1
58 2
58 3
58 4
58 5
58 6
58 8
58 11
58 12
58 13
58 14
58 15
58 16
58 18
58 20
58 21
58 22
58 23
58 24
58 25
58 26
58 27
58 28
58 29
58 30
58 32
58 34
58 35
58 36
58 38
58 40
58 41
58 42
58 45
58 47
58 48
58 49
58 51
58 52
58 54
58 55
58 56
59 1
59 2
59 3
59 4
59 5
59 6
59 7
59 8
59 9
59 10
59 11
59 13
59 16
59 17
59 18
59 21
59 22
59 23
59 24
59 25
59 26
59 27
59 28
59 30
59 31
59 32
59 33
59 34
59 35
59 36
59 37
59 38
59 39
59 40
59 41
59 43
59 44
59 45
59 46
59 47
59 49
59 50
59 51
59 52
59 53
59 54
59 58
60 1
60 2
60 3
60 4
60 5
60 6
60 7
60 9
60 10
60 11
60 12
60 13
60 14
60 15
60 17
60 19
60 20
60 22
60 23
60 24
60 25
60 26
60 27
60 28
60 29
60 30
60 31
60 33
60 34
60 35
60 36
60 37
60 38
60 39
60 42
60 43
60 44
60 45
60 46
60 47
60 48
60 49
60 50
60 51
60 52
60 53
60 54
60 55
60 57
60 58
60 59
61 1
61 3
61 4
61 6
61 7
61 9
61 10
61 11
61 12
61 14
61 15
61 16
61 18
61 19
61 22
61 23
61 24
61 25
61 27
61 30
61 31
61 32
61 34
61 37
61 38
61 40
61 44
61 45
61 48
61 49
61 51
61 53
61 54
61 55
61 56
61 58
61 59
61 60
62 3
62 4
62 5
62 7
62 8
62 9
62 12
62 14
62 15
62 16
62 17
62 18
62 19
62 20
62 21
62 22
62 24
62 25
62 26
62 27
62 28
62 29
62 30
62 31
62 32
62 33
62 34
62 36
62 37
62 40
62 42
62 43
62 45
62 47
62 48
62 49
62 50
62 51
62 52
62 53
62 54
62 57
62 59
62 60
63 1
63 2
63 3
63 4
63 6
63 7
63 8
63 9
63 13
63 15
63 16
63 17
63 18
63 19
63 20
63 21
63 23
63 24
63 25
63 26
63 27
63 29
63 30
63 31
63 32
63 33
63 34
63 37
63 40
63 41
63 43
63 44
63 45
63 47
63 49
63 50
63 51
63 52
63 54
63 55
63 56
63 58
63 59
63 60
63 61
64 1
64 2
64 3
64 5
64 6
64 9
64 12
64 14
64 15
64 16
64 17
64 18
64 20
64 21
64 22
64 24
64 25
64 26
64 27
64 28
64 29
64 30
64 32
64 33
64 34
64 35
64 37
64 38
64 40
64 41
64 42
64 43
64 44
64 46
64 48
64 49
64 50
64 51
64 52
64 53
64 54
64 55
64 57
64 58
64 60
64 61
64 62
64 63
65 1
65 2
65 3
65 4
65 5
65 6
65 7
65 8
65 9
65 10
65 11
65 12
65 13
65 14
65 15
65 16
65 17
65 19
65 21
65 22
65 23
65 24
65 25
65 27
65 30
65 32
65 33
65 34
65 35
65 36
65 37
65 38
65 39
65 40
65 42
65 44
65 45
65 46
65 47
65 48
65 50
65 51
65 52
65 53
65 54
65 56
65 57
65 58
65 60
65 61
65 62
65 63
65 64
66 2
66 3
66 4
66 8
66 9
66 10
66 11
66 14
66 16
66 17
66 18
66 20
66 21
66 22
66 23
66 24
66 25
66 26
66 27
66 29
66 31
66 32
66 33
66 34
66 38
66 39
66 40
66 41
66 42
66 43
66 44
66 45
66 46
66 48
66 50
66 51
66 52
66 53
66 54
66 56
66 57
66 58
66 59
66 60
66 61
66 65
67 1
67 2
67 3
67 4
67 5
67 6
67 7
67 8
67 9
67 11
67 12
67 13
67 14
67 15
67 18
67 19
67 20
67 21
67 24
67 27
67 28
67 32
67 33
67 34
67 35
67 36
67 37
67 38
67 39
67 40
67 41
67 42
67 44
67 46
67 47
67 48
67 49
67 51
67 52
67 56
67 57
67 59
67 60
67 62
67 63
67 64
67 65
67 66
68 1
68 2
68 4
68 5
68 7
68 8
68 9
68 10
68 11
68 14
68 17
68 18
68 19
68 21
68 22
68 24
68 25
68 26
68 27
68 28
68 29
68 30
68 32
68 33
68 34
68 36
68 37
68 40
68 41
68 44
68 45
68 46
68 47
68 48
68 49
68 50
68 54
68 55
68 56
68 58
68 59
68 61
68 62
68 63
68 66
68 67
69 1
69 2
69 3
69 4
69 5
69 6
69 7
69 8
69 9
69 11
69 16
69 17
69 19
69 21
69 23
69 24
69 26
69 27
69 28
69 29
69 31
69 32
69 33
69 36
69 37
69 38
69 39
69 42
69 43
69 44
69 45
69 46
69 47
69 49
69 50
69 51
69 52
69 53
69 54
69 55
69 56
69 57
69 58
69 59
69 60
69 62
69 64
69 66
69 67
69 68
70 2
70 5
70 6
70 7
70 8
70 9
70 10
70 11
70 12
70 13
70 14
70 16
70 17
70 18
70 20
70 21
70 23
70 24
70 25
70 26
70 27
70 28
70 31
70 35
70 36
70 37
70 38
70 39
70 40
70 41
70 42
70 43
70 45
70 46
70 47
70 48
70 49
70 50
70 51
70 52
70 54
70 55
70 56
70 57
70 58
70 59
70 60
70 62
70 63
70 64
70 65
70 66
70 67
70 68
71 1
71 2
71 3
71 4
71 5
71 6
71 7
71 8
71 9
71 12
71 13
71 14
71 15
71 17
71 19
71 20
71 23
71 24
71 26
71 27
71 28
71 29
71 30
71 32
71 33
71 34
71 35
71 36
71 37
71 39
71 40
71 42
71 44
71 45
71 46
71 48
71 49
71 50
71 51
71 52
71 53
71 54
71 56
71 57
71 58
71 59
71 60
71 61
71 62
71 63
71 64
71 66
71 67
71 68
71 70
72 1
72 2
72 3
72 4
72 7
72 9
72 11
72 14
72 15
72 17
72 22
72 23
72 24
72 25
72 26
72 28
72 29
72 30
72 33
72 35
72 40
72 41
72 42
72 43
72 44
72 49
72 50
72 51
72 53
72 54
72 56
72 57
72 58
72 60
72 61
72 62
72 63
72 64
72 65
72 66
72 67
72 69
72 71
73 1
73 2
73 3
73 4
73 5
73 6
73 8
73 9
73 11
73 12
73 13
73 14
73 15
73 16
73 17
73 18
73 19
73 20
73 21
73 23
73 25
73 26
73 27
73 30
73 31
73 33
73 34
73 35
73 36
73 37
73 38
73 39
73 40
73 41
73 42
73 43
73 44
73 46
73 47
73 48
73 49
73 50
73 51
73 53
73 56
73 57
73 58
73 59
73 60
73 61
73 62
73 63
73 64
73 65
73 66
73 68
73 69
74 3
74 4
74 5
74 6
74 8
74 9
74 11
74 12
74 13
74 14
74 15
74 16
74 17
74 18
74 21
74 26
74 29
74 32
74 34
74 35
74 36
74 37
74 38
74 39
74 41
74 42
74 43
74 46
74 47
74 48
74 49
74 52
74 53
74 54
74 55
74 56
74 57
74 58
74 59
74 60
74 61
74 62
74 63
74 64
74 65
74 67
74 68
74 69
74 70
74 71
74 73
75 1
75 3
75 4
75 5
75 6
75 7
75 9
75 10
75 11
75 12
75 13
75 14
75 15
75 16
75 19
75 20
75 21
75 22
75 23
75 24
75 25
75 27
75 28
75 30
75 33
75 37
75 38
75 39
75 41
75 42
75 43
75 45
75 46
75 47
75 49
75 50
75 52
75 53
75 55
75 57
75 59
75 60
75 61
75 64
75 67
75 68
75 69
75 70
75 71
75 72
75 73
75 74
76 1
76 2
76 3
76 4
76 5
76 7
76 8
76 9
76 12
76 13
76 14
76 19
76 20
76 22
76 23
76 24
76 27
76 28
76 29
76 30
76 32
76 34
76 35
76 37
76 39
76 40
76 42
76 43
76 44
76 46
76 47
76 52
76 54
76 55
76 56
76 57
76 58
76 59
76 60
76 61
76 62
76 64
76 70
76 72
76 73
76 74
77 1
77 3
77 4
77 6
77 7
77 8
77 9
77 12
77 13
77 14
77 15
77 16
77 17
77 19
77 21
77 24
77 26
77 27
77 29
77 30
77 32
77 34
77 35
77 36
77 37
77 39
77 40
77 41
77 42
77 43
77 44
77 45
77 46
77 47
77 49
77 50
77 52
77 53
77 54
77 57
77 59
77 60
77 62
77 63
77 65
77 66
77 67
77 68
77 69
77 70
77 71
77 72
77 73
77 74
77 75
77 76
78 2
78 4
78 6
78 7
78 8
78 9
78 10
78 11
78 12
78 13
78 14
78 16
78 17
78 18
78 19
78 21
78 22
78 23
78 25
78 26
78 27
78 28
78 29
78 30
78 32
78 34
78 35
78 38
78 41
78 43
78 45
78 47
78 48
78 49
78 51
78 52
78 53
78 54
78 55
78 57
78 58
78 59
78 60
78 63
78 64
78 66
78 67
78 68
78 70
78 73
78 74
78 75
78 76
78 77
79 2
79 5
79 6
79 9
79 10
79 12
79 13
79 14
79 15
79 16
79 17
79 18
79 20
79 21
79 22
79 23
79 24
79 25
79 26
79 27
79 28
79 29
79 30
79 33
79 34
79 35
79 36
79 37
79 38
79 40
79 41
79 42
79 43
79 44
79 46
79 47
79 48
79 50
79 51
79 52
79 53
79 54
79 55
79 56
79 57
79 58
79 59
79 60
79 61
79 62
79 63
79 64
79 65
79 66
79 67
79 68
79 69
79 70
79 71
79 74
79 75
79 76
79 78
80 2
80 3
80 6
80 7
80 8
80 9
80 10
80 11
80 12
80 13
80 14
80 15
80 17
80 18
80 19
80 22
80 23
80 24
80 25
80 26
80 27
80 28
80 29
80 30
80 31
80 33
80 34
80 35
80 36
80 37
80 38
80 39
80 40
80 44
80 45
80 46
80 48
80 49
80 51
80 52
80 53
80 54
80 56
80 57
80 58
80 60
80 61
80 64
80 66
80 67
80 68
80 69
80 71
80 73
80 74
80 75
80 76
80 77
80 78
80 79
